1871	11	305
1871	12	2934
1872	1	1102
1872	2	488
1872	3	15
1872	4	0
1872	5	28
1872	6	0
1872	7	0
1872	8	0
1872	9	0
1872	10	0
1872	11	381
1872	12	1651
1873	1	254
1873	2	574
1873	3	127
1873	4	48
1873	5	0
1873	6	0
1873	7	0
1873	8	0
1873	9	0
1873	10	51
1873	11	69
1873	12	2459
1874	1	861
1874	2	371
1874	3	635
1874	4	140
1874	5	64
1874	6	0
1874	7	0
1874	8	0
1874	9	0
1874	10	406
1874	11	635
1874	12	25
1875	1	1461
1875	2	0
1875	3	97
1875	4	0
1875	5	25
1875	6	191
1875	7	0
1875	8	0
1875	9	0
1875	10	41
1875	11	980
1875	12	660
1876	1	897
1876	2	937
1876	3	932
1876	4	257
1876	5	51
1876	6	0
1876	7	51
1876	8	5
1876	9	0
1876	10	0
1876	11	0
1876	12	0
1877	1	721
1877	2	284
1877	3	127
1877	4	30
1877	5	81
1877	6	0
1877	7	0
1877	8	0
1877	9	0
1877	10	185
1877	11	86
1877	12	254
1878	1	2215
1878	2	1648
1878	3	445
1878	4	168
1878	5	79
1878	6	0
1878	7	0
1878	8	0
1878	9	38
1878	10	86
1878	11	254
1878	12	48
1879	1	605
1879	2	673
1879	3	965
1879	4	264
1879	5	305
1879	6	46
1879	7	0
1879	8	0
1879	9	0
1879	10	91
1879	11	455
1879	12	691
1880	1	457
1880	2	297
1880	3	295
1880	4	1895
1880	5	145
1880	6	0
1880	7	0
1880	8	0
1880	9	0
1880	10	0
1880	11	0
1880	12	2659
1881	1	1001
1881	2	538
1881	3	302
1881	4	287
1881	5	0
1881	6	0
1881	7	0
1881	8	0
1881	9	58
1881	10	71
1881	11	419
1881	12	605
1882	1	325
1882	2	488
1882	3	701
1882	4	287
1882	5	0
1882	6	0
1882	7	0
1882	8	0
1882	9	48
1882	10	452
1882	11	721
1882	12	173
1883	1	559
1883	2	180
1883	3	810
1883	4	254
1883	5	810
1883	6	0
1883	7	0
1883	8	0
1883	9	183
1883	10	229
1883	11	89
1883	12	109
1884	1	780
1884	2	960
1884	3	1293
1884	4	780
1884	5	0
1884	6	353
1884	7	0
1884	8	0
1884	9	71
1884	10	376
1884	11	0
1884	12	1333
1885	1	335
1885	2	36
1885	3	25
1885	4	310
1885	5	0
1885	6	0
1885	7	0
1885	8	0
1885	9	13
1885	10	0
1885	11	1999
1885	12	1158
1886	1	1351
1886	2	51
1886	3	432
1886	4	1207
1886	5	13
1886	6	0
1886	7	0
1886	8	0
1886	9	0
1886	10	122
1886	11	0
1886	12	460
1887	1	251
1887	2	1560
1887	3	198
1887	4	516
1887	5	0
1887	6	0
1887	7	0
1887	8	0
1887	9	13
1887	10	0
1887	11	127
1887	12	640
1888	1	1074
1888	2	279
1888	3	711
1888	4	76
1888	5	127
1888	6	0
1888	7	0
1888	8	0
1888	9	165
1888	10	0
1888	11	1285
1888	12	1067
1889	1	51
1889	2	104
1889	3	1681
1889	4	297
1889	5	376
1889	6	86
1889	7	0
1889	8	0
1889	9	0
1889	10	2068
1889	11	772
1889	12	2291
1890	1	1615
1890	2	937
1890	3	851
1890	4	406
1890	5	561
1890	6	0
1890	7	0
1890	8	157
1890	9	157
1890	10	0
1890	11	0
1890	12	1341
1891	1	279
1891	2	2680
1891	3	368
1891	4	427
1891	5	178
1891	6	0
1891	7	0
1891	8	0
1891	9	0
1891	10	0
1891	11	119
1891	12	638
1892	1	437
1892	2	521
1892	3	678
1892	4	234
1892	5	528
1892	6	0
1892	7	0
1892	8	0
1892	9	0
1892	10	130
1892	11	706
1892	12	1720
1893	1	907
1893	2	720
1893	3	1000
1893	4	214
1893	5	208
1893	6	0
1893	7	0
1893	8	0
1893	9	0
1893	10	10
1893	11	754
1893	12	511
1894	1	1612
1894	2	521
1894	3	153
1894	4	73
1894	5	417
1894	6	500
1894	7	0
1894	8	0
1894	9	249
1894	10	271
1894	11	89
1894	12	2493
1895	1	2151
1895	2	462
1895	3	330
1895	4	165
1895	5	122
1895	6	0
1895	7	5
1895	8	0
1895	9	248
1895	10	8
1895	11	318
1895	12	302
1896	1	2741
1896	2	34
1896	3	564
1896	4	1640
1896	5	186
1896	6	0
1896	7	0
1896	8	120
1896	9	196
1896	10	293
1896	11	1057
1896	12	562
1897	1	892
1897	2	1099
1897	3	756
1897	4	117
1897	5	30
1897	6	8
1897	7	0
1897	8	0
1897	9	0
1897	10	422
1897	11	160
1897	12	269
1898	1	282
1898	2	780
1898	3	10
1898	4	61
1898	5	292
1898	6	0
1898	7	0
1898	8	0
1898	9	64
1898	10	76
1898	11	117
1898	12	401
1899	1	970
1899	2	0
1899	3	1440
1899	4	0
1899	5	79
1899	6	203
1899	7	0
1899	8	5
1899	9	0
1899	10	986
1899	11	478
1899	12	361
1900	1	902
1900	2	51
1900	3	244
1900	4	249
1900	5	102
1900	6	0
1900	7	0
1900	8	0
1900	9	0
1900	10	97
1900	11	1036
1900	12	239
1901	1	886
1901	2	1372
1901	3	112
1901	4	592
1901	5	185
1901	6	0
1901	7	0
1901	8	0
1901	9	28
1901	10	211
1901	11	683
1901	12	239
1902	1	188
1902	2	1783
1902	3	518
1902	4	264
1902	5	79
1902	6	0
1902	7	0
1902	8	0
1902	9	0
1902	10	516
1902	11	495
1902	12	521
1903	1	744
1903	2	554
1903	3	1125
1903	4	157
1903	5	0
1903	6	0
1903	7	0
1903	8	0
1903	9	0
1903	10	13
1903	11	777
1903	12	358
1904	1	135
1904	2	1283
1904	3	1923
1904	4	203
1904	5	0
1904	6	0
1904	7	0
1904	8	28
1904	9	798
1904	10	561
1904	11	384
1904	12	394
1905	1	759
1905	2	820
1905	3	820
1905	4	127
1905	5	1087
1905	6	0
1905	7	0
1905	8	13
1905	9	0
1905	10	0
1905	11	274
1905	12	137
1906	1	2289
1906	2	856
1906	3	1854
1906	4	145
1906	5	577
1906	6	69
1906	7	0
1906	8	0
1906	9	36
1906	10	0
1906	11	310
1906	12	1928
1907	1	1223
1907	2	580
1907	3	1699
1907	4	89
1907	5	64
1907	6	152
1907	7	0
1907	8	0
1907	9	0
1907	10	102
1907	11	102
1907	12	897
1908	1	1167
1908	2	759
1908	3	218
1908	4	25
1908	5	73
1908	6	0
1908	7	0
1908	8	0
1908	9	5
1908	10	16
1908	11	312
1908	12	460
1909	1	2494
1909	2	1828
1909	3	492
1909	4	0
1909	5	0
1909	6	0
1909	7	0
1909	8	0
1909	9	139
1909	10	206
1909	11	199
1909	12	1209
1910	1	446
1910	2	103
1910	3	653
1910	4	33
1910	5	6
1910	6	0
1910	7	0
1910	8	0
1910	9	10
1910	10	30
1910	11	76
1910	12	419
1911	1	3324
1911	2	454
1911	3	1349
1911	4	226
1911	5	0
1911	6	0
1911	7	0
1911	8	0
1911	9	0
1911	10	13
1911	11	30
1911	12	287
1912	1	529
1912	2	51
1912	3	674
1912	4	348
1912	5	284
1912	6	188
1912	7	0
1912	8	0
1912	9	310
1912	10	64
1912	11	275
1912	12	84
1913	1	871
1913	2	38
1913	3	275
1913	4	196
1913	5	92
1913	6	18
1913	7	0
1913	8	0
1913	9	0
1913	10	0
1913	11	1177
1913	12	1890
1914	1	2329
1914	2	1106
1914	3	216
1914	4	255
1914	5	153
1914	6	168
1914	7	0
1914	8	0
1914	9	0
1914	10	180
1914	11	41
1914	12	1205
1915	1	1175
1915	2	1271
1915	3	428
1915	4	232
1915	5	558
1915	6	0
1915	7	0
1915	8	0
1915	9	0
1915	10	8
1915	11	135
1915	12	1531
1916	1	2797
1916	2	491
1916	3	289
1916	4	28
1916	5	26
1916	6	0
1916	7	0
1916	8	5
1916	9	43
1916	10	116
1916	11	90
1916	12	1223
1917	1	43
1917	2	1499
1917	3	155
1917	4	130
1917	5	0
1917	6	0
1917	7	0
1917	8	0
1917	9	124
1917	10	0
1917	11	30
1917	12	150
1918	1	242
1918	2	913
1918	3	787
1918	4	208
1918	5	0
1918	6	0
1918	7	0
1918	8	0
1918	9	1034
1918	10	71
1918	11	557
1918	12	430
1919	1	632
1919	2	1732
1919	3	391
1919	4	5
1919	5	0
1919	6	0
1919	7	0
1919	8	0
1919	9	139
1919	10	0
1919	11	79
1919	12	663
1920	1	94
1920	2	192
1920	3	353
1920	4	211
1920	5	0
1920	6	10
1920	7	0
1920	8	10
1920	9	8
1920	10	370
1920	11	1022
1920	12	1114
1921	1	1297
1921	2	81
1921	3	317
1921	4	76
1921	5	66
1921	6	0
1921	7	0
1921	8	0
1921	9	0
1921	10	53
1921	11	208
1921	12	1115
1922	1	581
1922	2	1487
1922	3	374
1922	4	102
1922	5	31
1922	6	0
1922	7	0
1922	8	0
1922	9	0
1922	10	395
1922	11	835
1922	12	1871
1923	1	664
1923	2	178
1923	3	0
1923	4	564
1923	5	25
1923	6	0
1923	7	0
1923	8	0
1923	9	89
1923	10	102
1923	11	134
1923	12	223
1924	1	625
1924	2	701
1924	3	299
1924	4	97
1924	5	13
1924	6	0
1924	7	0
1924	8	0
1924	9	0
1924	10	522
1924	11	360
1924	12	903
1925	1	266
1925	2	1086
1925	3	787
1925	4	546
1925	5	414
1925	6	6
1925	7	0
1925	8	8
1925	9	25
1925	10	3
1925	11	435
1925	12	328
1926	1	938
1926	2	1398
1926	3	3
1926	4	1459
1926	5	67
1926	6	0
1926	7	0
1926	8	3
1926	9	0
1926	10	511
1926	11	1315
1926	12	147
1927	1	556
1927	2	1186
1927	3	273
1927	4	630
1927	5	79
1927	6	119
1927	7	0
1927	8	0
1927	9	0
1927	10	434
1927	11	740
1927	12	589
1928	1	441
1928	2	411
1928	3	877
1928	4	191
1928	5	68
1928	6	0
1928	7	0
1928	8	0
1928	9	0
1928	10	33
1928	11	811
1928	12	697
1929	1	137
1929	2	397
1929	3	340
1929	4	87
1929	5	3
1929	6	240
1929	7	0
1929	8	0
1929	9	0
1929	10	23
1929	11	0
1929	12	958
1930	1	772
1930	2	421
1930	3	885
1930	4	234
1930	5	46
1930	6	0
1930	7	0
1930	8	0
1930	9	59
1930	10	175
1930	11	234
1930	12	51
1931	1	943
1931	2	261
1931	3	216
1931	4	0
1931	5	203
1931	6	79
1931	7	0
1931	8	0
1931	9	0
1931	10	43
1931	11	345
1931	12	1993
1932	1	342
1932	2	423
1932	3	510
1932	4	168
1932	5	38
1932	6	0
1932	7	0
1932	8	0
1932	9	0
1932	10	0
1932	11	99
1932	12	550
1933	1	958
1933	2	168
1933	3	495
1933	4	13
1933	5	143
1933	6	3
1933	7	0
1933	8	0
1933	9	3
1933	10	178
1933	11	0
1933	12	665
1934	1	295
1934	2	816
1934	3	26
1934	4	90
1934	5	63
1934	6	112
1934	7	0
1934	8	0
1934	9	0
1934	10	166
1934	11	639
1934	12	654
1935	1	1237
1935	2	211
1935	3	732
1935	4	1118
1935	5	0
1935	6	0
1935	7	0
1935	8	0
1935	9	0
1935	10	262
1935	11	267
1935	12	385
1936	1	830
1936	2	1938
1936	3	242
1936	4	335
1936	5	128
1936	6	135
1936	7	0
1936	8	0
1936	9	69
1936	10	69
1936	11	5
1936	12	863
1937	1	607
1937	2	1459
1937	3	1405
1937	4	48
1937	5	0
1937	6	23
1937	7	5
1937	8	0
1937	9	0
1937	10	205
1937	11	741
1937	12	1000
1938	1	886
1938	2	2253
1938	3	1083
1938	4	283
1938	5	97
1938	6	0
1938	7	0
1938	8	0
1938	9	23
1938	10	193
1938	11	152
1938	12	273
1939	1	354
1939	2	220
1939	3	412
1939	4	87
1939	5	61
1939	6	0
1939	7	3
1939	8	0
1939	9	41
1939	10	51
1939	11	20
1939	12	251
1940	1	1673
1940	2	1884
1940	3	909
1940	4	194
1940	5	163
1940	6	0
1940	7	0
1940	8	0
1940	9	10
1940	10	165
1940	11	285
1940	12	2190
1941	1	1495
1941	2	1491
1941	3	919
1941	4	984
1941	5	465
1941	6	3
1941	7	0
1941	8	0
1941	9	0
1941	10	296
1941	11	346
1941	12	1332
1942	1	1048
1942	2	689
1942	3	521
1942	4	995
1942	5	170
1942	6	0
1942	7	0
1942	8	0
1942	9	5
1942	10	150
1942	11	420
1942	12	667
1943	1	1950
1943	2	313
1943	3	585
1943	4	366
1943	5	64
1943	6	16
1943	7	0
1943	8	0
1943	9	0
1943	10	53
1943	11	255
1943	12	370
1944	1	720
1944	2	1532
1944	3	216
1944	4	377
1944	5	243
1944	6	171
1944	7	0
1944	8	0
1944	9	0
1944	10	303
1944	11	826
1944	12	572
1945	1	320
1945	2	1093
1945	3	637
1945	4	10
1945	5	153
1945	6	13
1945	7	0
1945	8	0
1945	9	0
1945	10	753
1945	11	346
1945	12	1476
1946	1	229
1946	2	232
1946	3	364
1946	4	419
1946	5	102
1946	6	0
1946	7	3
1946	8	0
1946	9	25
1946	10	130
1946	11	644
1946	12	614
1947	1	106
1947	2	699
1947	3	721
1947	4	41
1947	5	122
1947	6	110
1947	7	0
1947	8	0
1947	9	0
1947	10	617
1947	11	247
1947	12	216
1948	1	129
1948	2	215
1948	3	754
1948	4	630
1948	5	643
1948	6	130
1948	7	0
1948	8	0
1948	9	89
1948	10	323
1948	11	70
1948	12	1118
1949	1	375
1949	2	348
1949	3	1145
1949	4	0
1949	5	97
1949	6	0
1949	7	0
1949	8	13
1949	9	0
1949	10	10
1949	11	285
1949	12	429
1950	1	1068
1950	2	852
1950	3	297
1950	4	201
1950	5	13
1950	6	0
1950	7	0
1950	8	0
1950	9	13
1950	10	504
1950	11	987
1950	12	1135
1951	1	358
1951	2	269
1951	3	254
1951	4	189
1951	5	173
1951	6	0
1951	7	0
1951	8	0
1951	9	3
1951	10	394
1951	11	506
1951	12	1133
1952	1	1800
1952	2	251
1952	3	818
1952	4	265
1952	5	23
1952	6	58
1952	7	0
1952	8	0
1952	9	0
1952	10	3
1952	11	396
1952	12	1857
1953	1	726
1953	2	9
1953	3	473
1953	4	570
1953	5	90
1953	6	119
1953	7	0
1953	8	20
1953	9	0
1953	10	40
1953	11	451
1953	12	54
1954	1	819
1954	2	901
1954	3	641
1954	4	430
1954	5	41
1954	6	41
1954	7	0
1954	8	20
1954	9	0
1954	10	0
1954	11	756
1954	12	993
1955	1	684
1955	2	315
1955	3	102
1955	4	553
1955	5	162
1955	6	0
1955	7	0
1955	8	0
1955	9	233
1955	10	111
1955	11	295
1955	12	3018
1956	1	1571
1956	2	678
1956	3	20
1956	4	381
1956	5	138
1956	6	0
1956	7	0
1956	8	0
1956	9	127
1956	10	336
1956	11	18
1956	12	44
1957	1	526
1957	2	933
1957	3	321
1957	4	300
1957	5	452
1957	6	0
1957	7	0
1957	8	0
1957	9	153
1957	10	349
1957	11	105
1957	12	756
1958	1	1250
1958	2	2307
1958	3	1141
1958	4	1045
1958	5	195
1958	6	8
1958	7	10
1958	8	3
1958	9	15
1958	10	81
1958	11	13
1958	12	220
1959	1	1182
1959	2	1121
1959	3	64
1959	4	84
1959	5	0
1959	6	0
1959	7	0
1959	8	0
1959	9	465
1959	10	0
1959	11	0
1959	12	371
1960	1	826
1960	2	872
1960	3	289
1960	4	228
1960	5	138
1960	6	0
1960	7	0
1960	8	0
1960	9	0
1960	10	18
1960	11	949
1960	12	264
1961	1	939
1961	2	368
1961	3	547
1961	4	117
1961	5	38
1961	6	8
1961	7	0
1961	8	0
1961	9	30
1961	10	16
1961	11	628
1961	12	635
1962	1	229
1962	2	1803
1962	3	451
1962	4	13
1962	5	10
1962	6	0
1962	7	0
1962	8	0
1962	9	8
1962	10	2015
1962	11	138
1962	12	607
1963	1	1239
1963	2	854
1963	3	851
1963	4	994
1963	5	183
1963	6	5
1963	7	0
1963	8	0
1963	9	33
1963	10	307
1963	11	959
1963	12	108
1964	1	1018
1964	2	5
1964	3	213
1964	4	61
1964	5	24
1964	6	118
1964	7	0
1964	8	13
1964	9	0
1964	10	436
1964	11	723
1964	12	1303
1965	1	1144
1965	2	135
1965	3	226
1965	4	721
1965	5	15
1965	6	0
1965	7	3
1965	8	130
1965	9	0
1965	10	10
1965	11	881
1965	12	697
1966	1	493
1966	2	453
1966	3	29
1966	4	138
1966	5	46
1966	6	23
1966	7	38
1966	8	8
1966	9	18
1966	10	0
1966	11	1555
1966	12	1012
1967	1	2017
1967	2	178
1967	3	952
1967	4	997
1967	5	5
1967	6	243
1967	7	0
1967	8	0
1967	9	10
1967	10	66
1967	11	280
1967	12	243
1968	1	1147
1968	2	515
1968	3	523
1968	4	53
1968	5	74
1968	6	8
1968	7	0
1968	8	46
1968	9	0
1968	10	138
1968	11	618
1968	12	835
1969	1	2438
1969	2	1553
1969	3	370
1969	4	236
1969	5	3
1969	6	33
1969	7	0
1969	8	0
1969	9	13
1969	10	227
1969	11	143
1969	12	1365
1970	1	1725
1970	2	288
1970	3	445
1970	4	10
1970	5	13
1970	6	107
1970	7	0
1970	8	0
1970	9	0
1970	10	234
1970	11	1746
1970	12	1113
1971	1	220
1971	2	36
1971	3	389
1971	4	94
1971	5	324
1971	6	0
1971	7	0
1971	8	0
1971	9	3
1971	10	16
1971	11	251
1971	12	923
1972	1	247
1972	2	355
1972	3	20
1972	4	229
1972	5	77
1972	6	69
1972	7	0
1972	8	0
1972	9	213
1972	10	664
1972	11	1318
1972	12	550
1973	1	2199
1973	2	1439
1973	3	626
1973	4	21
1973	5	10
1973	6	0
1973	7	0
1973	8	0
1973	9	41
1973	10	384
1973	11	1385
1973	12	1035
1974	1	840
1974	2	135
1974	3	1205
1974	4	209
1974	5	0
1974	6	71
1974	7	160
1974	8	0
1974	9	0
1974	10	206
1974	11	270
1974	12	872
1975	1	62
1975	2	1579
1975	3	1039
1975	4	110
1975	5	0
1975	6	0
1975	7	21
1975	8	11
1975	9	0
1975	10	593
1975	11	49
1975	12	99
1976	1	98
1976	2	158
1976	3	285
1976	4	221
1976	5	0
1976	6	33
1976	7	0
1976	8	129
1976	9	64
1976	10	28
1976	11	144
1976	12	272
1977	1	344
1977	2	228
1977	3	466
1977	4	3
1977	5	284
1977	6	0
1977	7	0
1977	8	0
1977	9	181
1977	10	58
1977	11	695
1977	12	1012
1978	1	2463
1978	2	895
1978	3	1199
1978	4	523
1978	5	11
1978	6	3
1978	7	0
1978	8	0
1978	9	0
1978	10	0
1978	11	772
1978	12	222
1979	1	1522
1979	2	1098
1979	3	501
1979	4	217
1979	5	51
1979	6	0
1979	7	0
1979	8	0
1979	9	0
1979	10	487
1979	11	450
1979	12	1220
1980	1	1288
1980	2	1981
1980	3	577
1980	4	287
1980	5	66
1980	6	8
1980	7	28
1980	8	0
1980	9	0
1980	10	10
1980	11	33
1980	12	810
1981	1	1086
1981	2	168
1981	3	790
1981	4	102
1981	5	34
1981	6	0
1981	7	0
1981	8	0
1981	9	81
1981	10	476
1981	11	1293
1981	12	826
1982	1	1476
1982	2	669
1982	3	1750
1982	4	1382
1982	5	0
1982	6	18
1982	7	0
1982	8	0
1982	9	500
1982	10	715
1982	11	1447
1982	12	689
1983	1	1518
1983	2	1600
1983	3	2066
1983	4	713
1983	5	97
1983	6	18
1983	7	0
1983	8	10
1983	9	122
1983	10	115
1983	11	1637
1983	12	1675
1984	1	102
1984	2	322
1984	3	259
1984	4	91
1984	5	0
1984	6	31
1984	7	0
1984	8	53
1984	9	10
1984	10	310
1984	11	1652
1984	12	340
1985	1	263
1985	2	455
1985	3	801
1985	4	86
1985	5	15
1985	6	23
1985	7	0
1985	8	3
1985	9	89
1985	10	127
1985	11	1132
1985	12	793
1986	1	997
1986	2	2465
1986	3	1172
1986	4	187
1986	5	18
1986	6	0
1986	7	0
1986	8	0
1986	9	179
1986	10	3
1986	11	36
1986	12	339
1987	1	524
1987	2	783
1987	3	837
1987	4	45
1987	5	5
1987	6	0
1987	7	0
1987	8	0
1987	9	0
1987	10	183
1987	11	562
1987	12	1128
1988	1	1211
1988	2	193
1988	3	51
1988	4	339
1988	5	252
1988	6	226
1988	7	0
1988	8	0
1988	9	0
1988	10	30
1988	11	397
1988	12	762
1989	1	166
1989	2	158
1989	3	1233
1989	4	74
1989	5	5
1989	6	71
1989	7	0
1989	8	30
1989	9	587
1989	10	331
1989	11	342
1989	12	9
1990	1	1048
1990	2	941
1990	3	194
1990	4	79
1990	5	470
1990	6	0
1990	7	0
1990	8	0
1990	9	5
1990	10	35
1990	11	68
1990	12	341
1991	1	83
1991	2	723
1991	3	2032
1991	4	201
1991	5	31
1991	6	71
1991	7	0
1991	8	0
1991	9	3
1991	10	132
1991	11	54
1991	12	541
1992	1	403
1992	2	2172
1992	3	923
1992	4	139
1992	5	0
1992	6	51
1992	7	0
1992	8	0
1992	9	0
1992	10	438
1992	11	38
1992	12	1566
1993	1	2738
1993	2	1535
1993	3	483
1993	4	160
1993	5	186
1993	6	390
1993	7	0
1993	8	0
1993	9	0
1993	10	93
1993	11	534
1993	12	436
1994	1	581
1994	2	845
1994	3	20
1994	4	191
1994	5	318
1994	6	0
1994	7	0
1994	8	0
1994	9	10
1994	10	155
1994	11	1025
1994	12	710
1995	1	3172
1995	2	59
1995	3	2065
1995	4	186
1995	5	377
1995	6	180
1995	7	0
1995	8	0
1995	9	0
1995	10	0
1995	11	5
1995	12	1689
1996	1	1124
1996	2	1794
1996	3	550
1996	4	453
1996	5	614
1996	6	0
1996	7	0
1996	8	0
1996	9	0
1996	10	333
1996	11	363
1996	12	1709
1997	1	2202
1997	2	69
1997	3	133
1997	4	18
1997	5	81
1997	6	54
1997	7	0
1997	8	41
1997	9	13
1997	10	122
1997	11	1242
1997	12	567
1998	1	1220
1998	2	2892
1998	3	430
1998	4	376
1998	5	630
1998	6	15
1998	7	0
1998	8	0
1998	9	128
1998	10	170
1998	11	888
1998	12	270
1999	1	447
1999	2	1023
1999	3	439
1999	4	308
1999	5	18
1999	6	5
1999	7	0
1999	8	0
1999	9	0
1999	10	51
1999	11	361
1999	12	23
2000	1	1210
2000	2	1897
2000	3	413
2000	4	333
2000	5	195
2000	6	38
2000	7	0
2000	8	0
2000	9	49
2000	10	562
2000	11	177
2000	12	88
2001	1	715
2001	2	1306
2001	3	606
2001	4	226
2001	5	0
2001	6	30
2001	7	0
2001	8	0
2001	9	66
2001	10	115
2001	11	732
2001	12	1705
2002	1	608
2002	2	143
2002	3	416
2002	4	16
2002	5	165
2002	6	0
2002	7	0
2002	8	0
2002	9	0
2002	10	0
2002	11	715
2002	12	2179
2003	1	492
2003	2	349
2003	3	748
2003	4	675
2003	5	214
2003	6	0
2003	7	15
2003	8	213
2003	9	0
2003	10	0
2003	11	360
2003	12	1355
2004	1	601
2004	2	1673
2004	3	119
2004	4	38
2004	5	10
2004	6	0
2004	7	0
2004	8	0
2004	9	0
2004	10	643
2004	11	725
2004	12	1012
2005	1	955
2005	2	862
2005	3	643
2005	4	197
2005	5	20
2005	6	155
2005	7	0
2005	8	0
2005	9	0
2005	10	21
2005	11	361
2005	12	2478
2006	1	657
2006	2	542
2006	3	1387
2006	4	889
2006	5	80
2006	6	0
2006	7	0
2006	8	0
2006	9	0
2006	10	6
2006	11	546
2006	12	607
2007	1	0
2007	2	849
2007	3	41
2007	4	437
2007	5	92
2007	6	0
2007	7	15
2007	8	0
2007	9	51
2007	10	344
2007	11	212
2007	12	723
2008	1	2075
2008	2	659
2008	3	3
2008	4	0
2008	5	5
2008	6	0
2008	7	0
2008	8	0
2008	9	0
2008	10	96
2008	11	575
2008	12	473
2009	1	371
2009	2	1584
2009	3	411
2009	4	163
2009	5	186
2009	6	125
2009	7	0
2009	8	0
2009	9	53
2009	10	1039
2009	11	79
2009	12	573
2010	1	1681
2010	2	731
2010	3	0
2010	4	819
2010	5	153
2010	6	0
2010	7	0
2010	8	0
2010	9	53
2010	10	231
2010	11	537
2010	12	1394
2011	1	482
2011	2	882
2011	3	1613
2011	4	21
2011	5	245
2011	6	440
2011	7	0
2011	8	0
2011	9	3
2011	10	300
2011	11	311
2011	12	103
2012	1	775
2012	2	222
2012	3	1032
2012	4	512
2012	5	0
2012	6	10
2012	7	0
2012	8	0
2012	9	0
2012	10	168
2012	11	901
2012	12	1864
2013	1	216
2013	2	47
2013	3	229
2013	4	201
2013	5	158
2013	6	35
2013	7	0
2013	8	0
2013	9	170
2013	10	0
2013	11	173
2013	12	99
2014	1	41
2014	2	1078
2014	3	397
2014	4	582
2014	5	0
2014	6	0
2014	7	0
2014	8	0
2014	9	109
2014	10	69
2014	11	509
2014	12	2408
2015	1	20
2015	2	767
2015	3	75
2015	4	231
2015	5	3
2015	6	0
2015	7	0
2015	8	0
2015	9	0
2015	10	69
