1893	1	229
1893	2	13
1893	3	380
1893	4	416
1893	5	455
1893	6	676
1893	7	568
1893	8	156
1893	9	76
1893	10	261
1893	11	73
1893	12	123
1894	1	92
1894	2	36
1894	3	399
1894	4	484
1894	5	270
1894	6	583
1894	7	188
1894	8	190
1894	9	326
1894	10	244
1894	11	132
1894	12	16
1895	1	255
1895	2	151
1895	3	89
1895	4	364
1895	5	545
1895	6	914
1895	7	346
1895	8	133
1895	9	53
1895	10	28
1895	11	327
1895	12	75
1896	1	353
1896	2	99
1896	3	402
1896	4	843
1896	5	755
1896	6	767
1896	7	400
1896	8	263
1896	9	351
1896	10	120
1896	11	520
1896	12	41
1897	1	224
1897	2	375
1897	3	162
1897	4	427
1897	5	157
1897	6	1149
1897	7	780
1897	8	297
1897	9	44
1897	10	119
1897	11	131
1897	12	27
1898	1	59
1898	2	122
1898	3	139
1898	4	390
1898	5	624
1898	6	546
1898	7	494
1898	8	287
1898	9	183
1898	10	399
1898	11	69
1898	12	52
1899	1	57
1899	2	70
1899	3	282
1899	4	218
1899	5	1003
1899	6	1027
1899	7	345
1899	8	553
1899	9	46
1899	10	138
1899	11	134
1899	12	39
1900	1	58
1900	2	150
1900	3	361
1900	4	232
1900	5	134
1900	6	427
1900	7	346
1900	8	868
1900	9	795
1900	10	225
1900	11	200
1900	12	32
1901	1	4
1901	2	63
1901	3	264
1901	4	140
1901	5	65
1901	6	1358
1901	7	807
1901	8	234
1901	9	212
1901	10	329
1901	11	76
1901	12	150
1902	1	16
1902	2	269
1902	3	735
1902	4	338
1902	5	780
1902	6	915
1902	7	372
1902	8	511
1902	9	112
1902	10	216
1902	11	25
1902	12	22
1903	1	127
1903	2	44
1903	3	117
1903	4	201
1903	5	411
1903	6	367
1903	7	392
1903	8	909
1903	9	654
1903	10	66
1903	11	36
1903	12	83
1904	1	81
1904	2	176
1904	3	308
1904	4	417
1904	5	421
1904	6	1293
1904	7	405
1904	8	247
1904	9	215
1904	10	114
1904	11	36
1904	12	58
1905	1	77
1905	2	79
1905	3	215
1905	4	130
1905	5	631
1905	6	813
1905	7	824
1905	8	398
1905	9	325
1905	10	39
1905	11	336
1905	12	3
1906	1	213
1906	2	53
1906	3	159
1906	4	265
1906	5	1255
1906	6	1739
1906	7	207
1906	8	409
1906	9	113
1906	10	91
1906	11	243
1906	12	96
1907	1	363
1907	2	55
1907	3	75
1907	4	160
1907	5	340
1907	6	838
1907	7	992
1907	8	368
1907	9	280
1907	10	104
1907	11	23
1907	12	28
1908	1	36
1908	2	88
1908	3	408
1908	4	285
1908	5	785
1908	6	646
1908	7	650
1908	8	365
1908	9	274
1908	10	342
1908	11	165
1908	12	54
1909	1	31
1909	2	59
1909	3	84
1909	4	147
1909	5	1068
1909	6	679
1909	7	765
1909	8	395
1909	9	207
1909	10	181
1909	11	72
1909	12	284
1910	1	53
1910	2	55
1910	3	153
1910	4	252
1910	5	236
1910	6	371
1910	7	364
1910	8	397
1910	9	580
1910	10	180
1910	11	30
1910	12	55
1911	1	86
1911	2	65
1911	3	78
1911	4	243
1911	5	217
1911	6	411
1911	7	317
1911	8	533
1911	9	404
1911	10	234
1911	11	119
1911	12	105
1912	1	60
1912	2	30
1912	3	115
1912	4	489
1912	5	1006
1912	6	571
1912	7	750
1912	8	593
1912	9	520
1912	10	220
1912	11	14
1912	12	88
1913	1	63
1913	2	11
1913	3	253
1913	4	203
1913	5	467
1913	6	599
1913	7	471
1913	8	162
1913	9	429
1913	10	304
1913	11	46
1913	12	66
1914	1	18
1914	2	13
1914	3	481
1914	4	272
1914	5	895
1914	6	2709
1914	7	335
1914	8	335
1914	9	325
1914	10	229
1914	11	79
1914	12	95
1915	1	18
1915	2	0
1915	3	77
1915	4	282
1915	5	1266
1915	6	1606
1915	7	955
1915	8	898
1915	9	361
1915	10	204
1915	11	87
1915	12	37
1916	1	72
1916	2	21
1916	3	480
1916	4	237
1916	5	429
1916	6	574
1916	7	900
1916	8	497
1916	9	233
1916	10	69
1916	11	19
1916	12	270
1917	1	71
1917	2	49
1917	3	89
1917	4	475
1917	5	89
1917	6	650
1917	7	401
1917	8	226
1917	9	501
1917	10	11
1917	11	8
1917	12	49
1918	1	51
1918	2	28
1918	3	115
1918	4	664
1918	5	430
1918	6	366
1918	7	629
1918	8	516
1918	9	161
1918	10	69
1918	11	115
1918	12	0
1919	1	21
1919	2	174
1919	3	242
1919	4	334
1919	5	991
1919	6	297
1919	7	216
1919	8	311
1919	9	124
1919	10	212
1919	11	302
1919	12	64
1920	1	79
1920	2	24
1920	3	274
1920	4	149
1920	5	437
1920	6	416
1920	7	682
1920	8	457
1920	9	331
1920	10	64
1920	11	93
1920	12	33
1921	1	48
1921	2	41
1921	3	200
1921	4	641
1921	5	658
1921	6	344
1921	7	859
1921	8	64
1921	9	401
1921	10	353
1921	11	222
1921	12	60
1922	1	49
1922	2	470
1922	3	131
1922	4	168
1922	5	522
1922	6	873
1922	7	805
1922	8	67
1922	9	591
1922	10	163
1922	11	407
1922	12	208
1923	1	92
1923	2	96
1923	3	41
1923	4	308
1923	5	464
1923	6	494
1923	7	1045
1923	8	292
1923	9	585
1923	10	141
1923	11	72
1923	12	36
1924	1	9
1924	2	48
1924	3	88
1924	4	427
1924	5	104
1924	6	1413
1924	7	525
1924	8	596
1924	9	341
1924	10	494
1924	11	16
1924	12	56
1925	1	50
1925	2	46
1925	3	99
1925	4	239
1925	5	300
1925	6	1864
1925	7	84
1925	8	332
1925	9	246
1925	10	182
1925	11	38
1925	12	97
1926	1	180
1926	2	56
1926	3	10
1926	4	33
1926	5	612
1926	6	307
1926	7	545
1926	8	333
1926	9	457
1926	10	196
1926	11	77
1926	12	111
1927	1	47
1927	2	36
1927	3	299
1927	4	349
1927	5	1692
1927	6	509
1927	7	603
1927	8	804
1927	9	124
1927	10	112
1927	11	398
1927	12	195
1928	1	52
1928	2	18
1928	3	58
1928	4	252
1928	5	140
1928	6	1238
1928	7	1600
1928	8	568
1928	9	226
1928	10	48
1928	11	16
1928	12	44
1929	1	206
1929	2	80
1929	3	373
1929	4	414
1929	5	710
1929	6	254
1929	7	304
1929	8	206
1929	9	397
1929	10	425
1929	11	54
1929	12	197
1930	1	49
1930	2	407
1930	3	20
1930	4	434
1930	5	567
1930	6	383
1930	7	610
1930	8	509
1930	9	551
1930	10	569
1930	11	280
1930	12	41
1931	1	13
1931	2	112
1931	3	412
1931	4	109
1931	5	543
1931	6	420
1931	7	1082
1931	8	272
1931	9	790
1931	10	372
1931	11	120
1931	12	189
1932	1	108
1932	2	54
1932	3	232
1932	4	518
1932	5	673
1932	6	1067
1932	7	479
1932	8	181
1932	9	62
1932	10	506
1932	11	48
1932	12	46
1933	1	312
1933	2	86
1933	3	259
1933	4	218
1933	5	468
1933	6	516
1933	7	494
1933	8	105
1933	9	69
1933	10	140
1933	11	229
1933	12	133
1934	1	16
1934	2	13
1934	3	59
1934	4	249
1934	5	36
1934	6	969
1934	7	279
1934	8	64
1934	9	121
1934	10	185
1934	11	43
1934	12	36
1935	1	36
1935	2	92
1935	3	288
1935	4	660
1935	5	738
1935	6	747
1935	7	1231
1935	8	342
1935	9	56
1935	10	0
1935	11	245
1935	12	218
1936	1	155
1936	2	185
1936	3	286
1936	4	122
1936	5	11
1936	6	109
1936	7	0
1936	8	140
1936	9	372
1936	10	44
1936	11	156
1936	12	62
1937	1	220
1937	2	124
1937	3	122
1937	4	352
1937	5	327
1937	6	1436
1937	7	465
1937	8	341
1937	9	350
1937	10	109
1937	11	86
1937	12	160
1938	1	140
1938	2	269
1938	3	163
1938	4	238
1938	5	623
1938	6	680
1938	7	847
1938	8	184
1938	9	318
1938	10	53
1938	11	265
1938	12	45
1939	1	44
1939	2	285
1939	3	112
1939	4	188
1939	5	487
1939	6	1186
1939	7	429
1939	8	399
1939	9	200
1939	10	137
1939	11	0
1939	12	64
1940	1	18
1940	2	121
1940	3	237
1940	4	1077
1940	5	307
1940	6	496
1940	7	694
1940	8	63
1940	9	326
1940	10	428
1940	11	249
1940	12	30
1941	1	153
1941	2	57
1941	3	255
1941	4	385
1941	5	510
1941	6	1454
1941	7	280
1941	8	600
1941	9	1057
1941	10	228
1941	11	68
1941	12	10
1942	1	30
1942	2	120
1942	3	201
1942	4	663
1942	5	722
1942	6	614
1942	7	670
1942	8	382
1942	9	657
1942	10	175
1942	11	10
1942	12	95
1943	1	321
1943	2	140
1943	3	425
1943	4	221
1943	5	496
1943	6	1888
1943	7	450
1943	8	816
1943	9	41
1943	10	386
1943	11	162
1943	12	48
1944	1	66
1944	2	117
1944	3	77
1944	4	305
1944	5	796
1944	6	1412
1944	7	171
1944	8	813
1944	9	280
1944	10	36
1944	11	875
1944	12	3
1945	1	153
1945	2	63
1945	3	158
1945	4	297
1945	5	394
1945	6	510
1945	7	493
1945	8	884
1945	9	471
1945	10	10
1945	11	134
1945	12	155
1946	1	10
1946	2	159
1946	3	350
1946	4	324
1946	5	461
1946	6	799
1946	7	318
1946	8	325
1946	9	602
1946	10	651
1946	11	61
1946	12	204
1947	1	133
1947	2	43
1947	3	82
1947	4	371
1947	5	185
1947	6	1942
1947	7	834
1947	8	296
1947	9	449
1947	10	547
1947	11	274
1947	12	99
1948	1	119
1948	2	234
1948	3	102
1948	4	716
1948	5	313
1948	6	589
1948	7	580
1948	8	275
1948	9	3
1948	10	341
1948	11	135
1948	12	81
1949	1	191
1949	2	104
1949	3	85
1949	4	261
1949	5	545
1949	6	743
1949	7	1098
1949	8	364
1949	9	118
1949	10	555
1949	11	28
1949	12	46
1950	1	191
1950	2	103
1950	3	717
1950	4	516
1950	5	796
1950	6	678
1950	7	333
1950	8	624
1950	9	419
1950	10	142
1950	11	97
1950	12	183
1951	1	226
1951	2	252
1951	3	103
1951	4	131
1951	5	429
1951	6	841
1951	7	1029
1951	8	1548
1951	9	255
1951	10	128
1951	11	33
1951	12	184
1952	1	243
1952	2	279
1952	3	102
1952	4	0
1952	5	102
1952	6	1113
1952	7	470
1952	8	153
1952	9	60
1952	10	20
1952	11	44
1952	12	33
1953	1	115
1953	2	89
1953	3	516
1953	4	461
1953	5	961
1953	6	1667
1953	7	279
1953	8	751
1953	9	92
1953	10	429
1953	11	99
1953	12	76
1954	1	107
1954	2	33
1954	3	249
1954	4	122
1954	5	544
1954	6	1475
1954	7	1021
1954	8	639
1954	9	792
1954	10	110
1954	11	28
1954	12	5
1955	1	66
1955	2	79
1955	3	31
1955	4	387
1955	5	784
1955	6	794
1955	7	985
1955	8	432
1955	9	745
1955	10	56
1955	11	252
1955	12	21
1956	1	150
1956	2	13
1956	3	261
1956	4	20
1956	5	877
1956	6	917
1956	7	674
1956	8	796
1956	9	117
1956	10	36
1956	11	374
1956	12	25
1957	1	104
1957	2	33
1957	3	56
1957	4	383
1957	5	784
1957	6	696
1957	7	494
1957	8	426
1957	9	235
1957	10	536
1957	11	63
1957	12	84
1958	1	43
1958	2	232
1958	3	41
1958	4	235
1958	5	343
1958	6	1056
1958	7	381
1958	8	229
1958	9	74
1958	10	119
1958	11	412
1958	12	52
1959	1	54
1959	2	60
1959	3	54
1959	4	80
1959	5	485
1959	6	623
1959	7	51
1959	8	550
1959	9	499
1959	10	307
1959	11	181
1959	12	73
1960	1	66
1960	2	3
1960	3	97
1960	4	132
1960	5	812
1960	6	1536
1960	7	179
1960	8	709
1960	9	191
1960	10	3
1960	11	56
1960	12	60
1961	1	8
1961	2	77
1961	3	18
1961	4	427
1961	5	247
1961	6	478
1961	7	479
1961	8	130
1961	9	1003
1961	10	112
1961	11	0
1961	12	102
1962	1	56
1962	2	56
1962	3	153
1962	4	146
1962	5	1225
1962	6	619
1962	7	817
1962	8	328
1962	9	150
1962	10	145
1962	11	71
1962	12	34
1963	1	31
1963	2	91
1963	3	69
1963	4	444
1963	5	723
1963	6	1377
1963	7	913
1963	8	518
1963	9	160
1963	10	259
1963	11	0
1963	12	64
1964	1	142
1964	2	23
1964	3	44
1964	4	680
1964	5	274
1964	6	1439
1964	7	438
1964	8	244
1964	9	243
1964	10	25
1964	11	133
1964	12	83
1965	1	90
1965	2	31
1965	3	76
1965	4	440
1965	5	1178
1965	6	1277
1965	7	1163
1965	8	795
1965	9	705
1965	10	89
1965	11	46
1965	12	44
1966	1	32
1966	2	92
1966	3	0
1966	4	269
1966	5	226
1966	6	959
1966	7	314
1966	8	1291
1966	9	155
1966	10	137
1966	11	43
1966	12	31
1967	1	130
1967	2	102
1967	3	38
1967	4	618
1967	5	345
1967	6	249
1967	7	109
1967	8	353
1967	9	874
1967	10	374
1967	11	22
1967	12	166
1968	1	45
1968	2	8
1968	3	173
1968	4	282
1968	5	615
1968	6	1516
1968	7	61
1968	8	1121
1968	9	483
1968	10	0
1968	11	108
1968	12	166
1969	1	181
1969	2	292
1969	3	21
1969	4	244
1969	5	184
1969	6	645
1969	7	1180
1969	8	272
1969	9	188
1969	10	85
1969	11	0
1969	12	127
1970	1	83
1970	2	31
1970	3	132
1970	4	1144
1970	5	752
1970	6	715
1970	7	541
1970	8	46
1970	9	449
1970	10	193
1970	11	248
1970	12	24
1971	1	125
1971	2	52
1971	3	46
1971	4	383
1971	5	397
1971	6	1171
1971	7	353
1971	8	28
1971	9	419
1971	10	953
1971	11	107
1971	12	53
1972	1	124
1972	2	78
1972	3	264
1972	4	394
1972	5	818
1972	6	477
1972	7	557
1972	8	313
1972	9	110
1972	10	513
1972	11	13
1972	12	158
1973	1	13
1973	2	13
1973	3	28
1973	4	221
1973	5	630
1973	6	180
1973	7	193
1973	8	51
1973	9	561
1973	10	374
1973	11	43
1973	12	169
1974	1	3
1974	2	51
1974	3	37
1974	4	729
1974	5	841
1974	6	509
1974	7	570
1974	8	384
1974	9	48
1974	10	99
1974	11	241
1974	12	105
1975	1	88
1975	2	37
1975	3	364
1975	4	1617
1975	5	555
1975	6	1359
1975	7	155
1975	8	179
1975	9	205
1975	10	175
1975	11	56
1975	12	62
1976	1	176
1976	2	36
1976	3	125
1976	4	807
1976	5	305
1976	6	1174
1976	7	201
1976	8	125
1976	9	122
1976	10	41
1976	11	43
1976	12	94
1977	1	135
1977	2	63
1977	3	115
1977	4	29
1977	5	368
1977	6	574
1977	7	390
1977	8	455
1977	9	1187
1977	10	318
1977	11	180
1977	12	207
1978	1	14
1978	2	49
1978	3	58
1978	4	508
1978	5	1058
1978	6	716
1978	7	458
1978	8	123
1978	9	544
1978	10	91
1978	11	261
1978	12	99
1979	1	130
1979	2	218
1979	3	122
1979	4	265
1979	5	180
1979	6	239
1979	7	1776
1979	8	561
1979	9	211
1979	10	36
1979	11	11
1979	12	44
1980	1	139
1980	2	65
1980	3	64
1980	4	117
1980	5	209
1980	6	380
1980	7	684
1980	8	1482
1980	9	356
1980	10	678
1980	11	33
1980	12	51
1981	1	14
1981	2	76
1981	3	38
1981	4	155
1981	5	338
1981	6	619
1981	7	1243
1981	8	707
1981	9	531
1981	10	193
1981	11	180
1981	12	121
1982	1	171
1982	2	131
1982	3	281
1982	4	178
1982	5	737
1982	6	640
1982	7	863
1982	8	336
1982	9	232
1982	10	1265
1982	11	107
1982	12	127
1983	1	69
1983	2	56
1983	3	389
1983	4	158
1983	5	390
1983	6	668
1983	7	407
1983	8	433
1983	9	233
1983	10	344
1983	11	123
1983	12	113
1984	1	99
1984	2	50
1984	3	307
1984	4	874
1984	5	72
1984	6	1008
1984	7	336
1984	8	143
1984	9	193
1984	10	315
1984	11	138
1984	12	90
1985	1	41
1985	2	6
1985	3	157
1985	4	399
1985	5	1308
1985	6	377
1985	7	165
1985	8	991
1985	9	389
1985	10	276
1985	11	218
1985	12	69
1986	1	90
1986	2	53
1986	3	44
1986	4	799
1986	5	738
1986	6	1036
1986	7	1514
1986	8	511
1986	9	962
1986	10	122
1986	11	217
1986	12	3
1987	1	24
1987	2	295
1987	3	315
1987	4	13
1987	5	1038
1987	6	395
1987	7	1003
1987	8	1270
1987	9	106
1987	10	8
1987	11	0
1987	12	24
1988	1	117
1988	2	59
1988	3	120
1988	4	25
1988	5	338
1988	6	231
1988	7	387
1988	8	820
1988	9	158
1988	10	39
1988	11	99
1988	12	151
1989	1	120
1989	2	26
1989	3	36
1989	4	542
1989	5	488
1989	6	195
1989	7	310
1989	8	328
1989	9	272
1989	10	31
1989	11	91
1989	12	65
1990	1	64
1990	2	33
1990	3	84
1990	4	34
1990	5	551
1990	6	1330
1990	7	257
1990	8	486
1990	9	412
1990	10	58
1990	11	0
1990	12	92
1991	1	22
1991	2	34
1991	3	84
1991	4	476
1991	5	672
1991	6	978
1991	7	212
1991	8	224
1991	9	595
1991	10	780
1991	11	114
1991	12	41
1992	1	47
1992	2	104
1992	3	178
1992	4	79
1992	5	373
1992	6	1103
1992	7	770
1992	8	366
1992	9	267
1992	10	48
1992	11	205
1992	12	85
1993	1	53
1993	2	61
1993	3	36
1993	4	370
1993	5	691
1993	6	1137
1993	7	3412
1993	8	478
1993	9	61
1993	10	0
1993	11	259
1993	12	131
1994	1	97
1994	2	119
1994	3	78
1994	4	293
1994	5	185
1994	6	717
1994	7	487
1994	8	54
1994	9	694
1994	10	1476
1994	11	275
1994	12	79
1995	1	137
1995	2	56
1995	3	287
1995	4	295
1995	5	1731
1995	6	657
1995	7	1525
1995	8	434
1995	9	302
1995	10	285
1995	11	73
1995	12	93
1996	1	222
1996	2	58
1996	3	220
1996	4	96
1996	5	610
1996	6	598
1996	7	1018
1996	8	446
1996	9	830
1996	10	325
1996	11	404
1996	12	123
1997	1	156
1997	2	122
1997	3	151
1997	4	641
1997	5	158
1997	6	438
1997	7	946
1997	8	272
1997	9	279
1997	10	386
1997	11	51
1997	12	10
1998	1	27
1998	2	332
1998	3	116
1998	4	172
1998	5	322
1998	6	716
1998	7	630
1998	8	1507
1998	9	345
1998	10	1034
1998	11	399
1998	12	120
1999	1	245
1999	2	77
1999	3	33
1999	4	425
1999	5	1632
1999	6	1134
1999	7	544
1999	8	1546
1999	9	275
1999	10	90
1999	11	13
1999	12	46
2000	1	125
2000	2	411
2000	3	275
2000	4	357
2000	5	671
2000	6	1446
2000	7	767
2000	8	327
2000	9	281
2000	10	419
2000	11	340
2000	12	102
2001	1	86
2001	2	189
2001	3	49
2001	4	439
2001	5	523
2001	6	1111
2001	7	2250
2001	8	25
2001	9	294
2001	10	221
2001	11	5
2001	12	16
2002	1	53
2002	2	31
2002	3	113
2002	4	327
2002	5	193
2002	6	387
2002	7	897
2002	8	241
2002	9	383
2002	10	197
2002	11	41
2002	12	64
2003	1	71
2003	2	48
2003	3	91
2003	4	210
2003	5	1550
2003	6	554
2003	7	226
2003	8	175
2003	9	450
2003	10	143
2003	11	139
2003	12	135
2004	1	185
2004	2	38
2004	3	287
2004	4	207
2004	5	425
2004	6	708
2004	7	1087
2004	8	887
2004	9	493
2004	10	190
2004	11	0
2004	12	42
2005	1	46
2005	2	18
2005	3	90
2005	4	41
2005	5	667
2005	6	1524
2005	7	1179
2005	8	614
2005	9	89
2005	10	312
2005	11	187
2005	12	133
2006	1	18
2006	2	36
2006	3	92
2006	4	240
2006	5	454
2006	6	237
2006	7	145
2006	8	456
2006	9	413
2006	10	401
2006	11	13
2006	12	173
2007	1	33
2007	2	157
2007	3	269
2007	4	169
2007	5	1318
2007	6	1186
2007	7	361
2007	8	1131
2007	9	409
2007	10	128
2007	11	19
2007	12	42
2008	1	22
2008	2	92
2008	3	115
2008	4	140
2008	5	404
2008	6	1241
2008	7	640
2008	8	230
2008	9	396
2008	10	458
2008	11	935
2008	12	460
2009	1	201
2009	2	144
2009	3	377
2009	4	288
2009	5	543
2009	6	1760
2009	7	882
2009	8	210
2009	9	441
2009	10	646
2009	11	0
2009	12	97
2010	1	151
2010	2	91
2010	3	190
2010	4	662
2010	5	898
2010	6	1061
2010	7	378
2010	8	579
2010	9	1039
2010	10	71
2010	11	21
2010	12	190
2011	1	219
2011	2	31
2011	3	266
2011	4	247
2011	5	1636
2011	6	1034
2011	7	1249
2011	8	493
2011	9	305
2011	10	258
2011	11	0
2011	12	48
2012	1	102
2012	2	71
2012	3	107
2012	4	481
2012	5	442
2012	6	780
2012	7	836
2012	8	673
2012	9	28
2012	10	269
2012	11	206
2012	12	143
2013	1	28
2013	2	28
2013	3	0
2013	4	51
2013	5	1865
2013	6	632
2013	7	253
2013	8	122
2013	9	800
2013	10	1154
2013	11	26
2013	12	186
2014	1	62
2014	2	16
2014	3	30
2014	4	249
2014	5	205
2014	6	753
2014	7	187
2014	8	995
2014	9	204
2014	10	148
2014	11	51
2014	12	13
2015	1	79
2015	2	92
2015	3	23
2015	4	25
2015	5	683
2015	6	518
2015	7	462
2015	8	54
2015	9	245
2015	10	191
