1893	4	364
1893	5	271
1893	10	844
1893	11	316
1893	12	216
1894	1	306
1894	2	46
1894	3	157
1894	4	189
1894	5	207
1894	6	376
1894	7	202
1894	8	202
1894	9	265
1894	10	254
1894	11	131
1894	12	48
1895	1	333
1895	2	88
1895	3	128
1895	4	88
1895	5	224
1895	6	31
1895	7	203
1895	8	30
1895	9	215
1895	10	5
1895	11	41
1895	12	145
1896	1	168
1896	2	107
1896	3	90
1896	4	125
1896	5	334
1896	6	164
1896	7	113
1896	8	307
1896	9	337
1896	10	115
1896	11	358
1896	12	116
1897	1	155
1897	2	215
1897	3	129
1897	4	183
1897	5	160
1897	6	591
1897	7	214
1897	8	85
1897	9	477
1897	10	216
1897	11	547
1897	12	220
1898	1	123
1898	2	204
1898	3	265
1898	4	178
1898	5	558
1898	6	227
1898	7	84
1898	8	66
1898	9	87
1898	10	102
1898	11	79
1898	12	5
1899	1	25
1899	2	408
1899	3	150
1899	4	20
1899	5	36
1899	6	10
1899	7	5
1899	8	31
1899	9	79
1899	10	318
1899	11	35
1899	12	127
1900	1	0
1900	2	112
1900	3	89
1900	4	368
1900	5	585
1900	6	369
1900	7	127
1900	8	330
1900	9	229
1900	10	76
1900	11	178
1900	12	13
1901	1	228
1901	2	160
1901	3	13
1901	4	165
1901	5	940
1901	6	284
1901	7	0
1901	8	0
1901	9	508
1901	10	381
1901	11	104
1901	12	211
1902	1	38
1902	2	170
1902	3	73
1902	4	219
1902	5	648
1902	6	129
1902	7	269
1902	8	75
1902	9	55
1902	10	34
1902	11	279
1902	12	357
1903	1	275
1903	2	15
1903	3	113
1903	4	170
1903	5	178
1903	6	358
1903	7	221
1903	8	183
1903	9	244
1903	10	254
1903	11	160
1903	12	56
1904	1	18
1904	2	104
1904	3	321
1904	4	173
1904	5	334
1904	6	171
1904	7	45
1904	8	61
1904	9	65
1904	10	328
1904	11	102
1904	12	247
1905	1	43
1905	2	75
1905	3	129
1905	4	307
1905	5	214
1905	6	601
1905	7	97
1905	8	69
1905	9	109
1905	10	84
1905	11	134
1905	12	89
1906	1	251
1906	2	167
1906	3	251
1906	4	254
1906	5	693
1906	6	315
1906	7	128
1906	8	369
1906	9	263
1906	10	182
1906	11	752
1906	12	61
1907	1	382
1907	2	235
1907	3	262
1907	4	111
1907	5	117
1907	6	1105
1907	7	158
1907	8	383
1907	9	272
1907	10	93
1907	11	101
1907	12	253
1908	1	110
1908	2	41
1908	3	237
1908	4	229
1908	5	973
1908	6	666
1908	7	225
1908	8	280
1908	9	364
1908	10	280
1908	11	18
1908	12	8
1909	1	835
1909	2	104
1909	3	256
1909	4	381
1909	5	214
1909	6	471
1909	7	622
1909	8	43
1909	9	506
1909	10	123
1909	11	473
1909	12	84
1910	1	235
1910	2	569
1910	3	188
1910	4	51
1910	5	302
1910	6	150
1910	7	266
1910	8	203
1910	9	851
1910	10	320
1910	11	535
1910	12	124
1911	1	255
1911	2	356
1911	3	0
1911	4	294
1911	5	194
1911	6	759
1911	7	221
1911	8	410
1911	9	483
1911	10	506
1911	11	266
1911	12	134
1912	1	130
1912	2	95
1912	3	59
1912	4	857
1912	5	972
1912	6	140
1912	7	326
1912	8	267
1912	9	279
1912	10	162
1912	11	310
1912	12	96
1913	1	133
1913	2	113
1913	3	115
1913	4	278
1913	5	286
1913	6	694
1913	7	150
1913	8	155
1913	9	83
1913	10	234
1913	11	111
1913	12	10
1914	1	278
1914	2	242
1914	3	201
1914	4	560
1914	5	450
1914	6	499
1914	7	0
1914	8	0
1914	9	177
1914	10	257
1914	11	59
1914	12	0
1915	1	41
1915	2	0
1915	3	216
1915	4	113
1915	5	856
1915	6	935
1915	7	127
1915	8	191
1915	9	361
1915	10	103
1915	11	292
1915	12	64
1916	1	276
1916	2	323
1916	3	0
1916	4	14
1916	5	304
1916	6	487
1916	7	334
1916	8	157
1916	9	272
1916	10	381
1916	11	341
1916	12	219
1917	1	111
1917	2	406
1917	3	120
1917	4	0
1917	5	458
1917	6	56
1917	7	0
1917	8	81
1917	9	0
1917	10	176
1917	11	0
1917	12	0
1918	1	386
1918	2	76
1918	3	20
1918	4	58
1918	5	25
1918	6	160
1918	7	203
1918	8	418
1918	9	381
1918	10	151
1918	11	81
1918	12	93
1919	1	78
1919	2	204
1919	3	422
1919	4	113
1919	5	272
1919	6	18
1919	7	0
1919	8	66
1919	9	95
1919	10	226
1919	11	349
1919	12	0
1920	1	0
1920	2	0
1920	3	130
1920	4	348
1920	5	367
1920	6	471
1920	7	150
1920	8	169
1920	9	229
1920	10	362
1920	11	104
1920	12	149
1921	1	161
1921	2	84
1921	3	509
1921	4	385
1921	5	197
1921	6	613
1921	7	300
1921	8	81
1921	9	237
1921	10	0
1921	11	590
1921	12	25
1922	1	0
1922	2	174
1922	3	124
1922	4	0
1922	5	185
1922	6	804
1922	7	213
1922	8	936
1922	9	133
1922	10	70
1922	11	587
1922	12	1
1923	1	255
1923	2	131
1923	3	115
1923	4	198
1923	5	321
1923	6	681
1923	7	222
1923	8	168
1923	9	118
1923	10	0
1923	11	0
1923	12	129
1924	1	0
1924	2	251
1924	3	0
1924	4	132
1924	5	0
1924	6	0
1924	7	0
1924	8	0
1924	9	0
1924	10	148
1924	11	339
1924	12	158
1925	1	121
1925	2	130
1925	3	154
1925	4	305
1925	5	386
1925	6	440
1925	7	171
1925	8	150
1925	9	560
1925	10	329
1925	11	56
1925	12	149
1926	1	106
1926	2	404
1926	3	168
1926	4	107
1926	5	312
1926	6	277
1926	7	133
1926	8	213
1926	9	489
1926	10	195
1926	11	474
1926	12	166
1927	1	194
1927	2	288
1927	3	175
1927	4	113
1927	5	1111
1927	6	240
1927	7	110
1927	8	428
1927	9	431
1927	10	271
1927	11	1057
1927	12	189
1928	1	171
1928	2	23
1928	3	147
1928	4	206
1928	5	87
1928	6	378
1928	7	119
1928	8	145
1928	9	231
1928	10	363
1928	11	49
1928	12	162
1929	1	186
1929	2	213
1929	3	335
1929	4	183
1929	5	110
1929	6	384
1929	7	79
1929	8	97
1929	9	191
1929	10	138
1929	11	3
1929	12	670
1930	1	171
1930	2	188
1930	3	391
1930	4	113
1930	5	82
1930	6	134
1930	7	137
1930	8	256
1930	9	480
1930	10	155
1930	11	150
1930	12	0
1931	1	15
1931	2	18
1931	3	184
1931	4	134
1931	5	64
1931	6	217
1931	7	183
1931	8	79
1931	9	588
1931	10	110
1931	11	269
1931	12	97
1932	1	117
1932	2	114
1932	3	158
1932	4	130
1932	5	376
1932	6	125
1932	7	319
1932	8	194
1932	9	21
1932	10	271
1932	11	401
1932	12	420
1933	1	281
1933	2	192
1933	3	58
1933	4	89
1933	5	285
1933	6	241
1933	7	18
1933	8	158
1933	9	130
1933	10	464
1933	11	89
1933	12	637
1934	1	175
1934	2	201
1934	3	304
1934	4	92
1934	5	48
1934	6	261
1934	7	137
1934	8	23
1934	9	375
1934	10	676
1934	11	127
1934	12	166
1935	1	106
1935	2	0
1935	3	66
1935	4	219
1935	5	164
1935	6	307
1935	7	280
1935	8	102
1935	9	3
1935	10	124
1935	11	42
1935	12	0
1936	1	320
1936	2	615
1936	3	200
1936	4	173
1936	5	246
1936	6	798
1936	7	455
1936	8	111
1936	9	442
1936	10	79
1936	11	36
1936	12	83
1937	1	231
1937	2	193
1937	3	68
1937	4	239
1937	5	130
1937	6	400
1937	7	80
1937	8	50
1937	9	470
1937	10	43
1937	11	158
1937	12	468
1938	1	201
1938	2	460
1938	3	104
1938	4	200
1938	5	1121
1938	6	989
1938	7	404
1938	8	104
1938	9	91
1938	10	497
1938	11	222
1938	12	115
1939	1	87
1939	2	287
1939	3	69
1939	4	183
1939	5	418
1939	6	369
1939	7	133
1939	8	21
1939	9	331
1939	10	184
1939	11	0
1939	12	265
1940	1	258
1940	2	598
1940	3	178
1940	4	286
1940	5	61
1940	6	133
1940	7	130
1940	8	0
1940	9	620
1940	10	399
1940	11	156
1940	12	31
1941	1	18
1941	2	103
1941	3	201
1941	4	275
1941	5	451
1941	6	776
1941	7	296
1941	8	136
1941	9	296
1941	10	130
1941	11	355
1941	12	413
1942	1	143
1942	2	124
1942	3	84
1942	4	153
1942	5	868
1942	6	768
1942	7	97
1942	8	34
1942	9	134
1942	10	208
1942	11	786
1942	12	376
1943	1	466
1943	2	166
1943	3	210
1943	4	311
1943	5	281
1943	6	492
1943	7	211
1943	8	357
1943	9	18
1943	10	156
1943	11	224
1943	12	77
1944	1	64
1944	2	136
1944	3	161
1944	4	253
1944	5	577
1944	6	952
1944	7	81
1944	8	310
1944	9	77
1944	10	56
1944	11	69
1944	12	61
1945	1	212
1945	2	142
1945	3	240
1945	4	338
1945	5	579
1945	6	178
1945	7	63
1945	8	67
1945	9	133
1945	10	85
1945	11	162
1945	12	301
1946	1	141
1946	2	112
1946	3	164
1946	4	83
1946	5	104
1946	6	516
1946	7	471
1946	8	237
1946	9	557
1946	10	722
1946	11	557
1946	12	618
1947	1	112
1947	2	290
1947	3	91
1947	4	162
1947	5	229
1947	6	261
1947	7	151
1947	8	511
1947	9	679
1947	10	346
1947	11	279
1947	12	97
1948	1	484
1948	2	487
1948	3	186
1948	4	63
1948	5	478
1948	6	685
1948	7	300
1948	8	113
1948	9	160
1948	10	113
1948	11	387
1948	12	337
1949	1	55
1949	2	416
1949	3	303
1949	4	25
1949	5	613
1949	6	470
1949	7	16
1949	8	303
1949	9	299
1949	10	221
1949	11	517
1949	12	181
1950	1	568
1950	2	223
1950	3	138
1950	4	166
1950	5	228
1950	6	870
1950	7	102
1950	8	285
1950	9	357
1950	10	451
1950	11	403
1950	12	180
1951	1	307
1951	2	387
1951	3	353
1951	4	92
1951	5	325
1951	6	198
1951	7	230
1951	8	242
1951	9	151
1951	10	520
1951	11	196
1951	12	359
1952	1	80
1952	2	238
1952	3	100
1952	4	16
1952	5	1102
1952	6	500
1952	7	290
1952	8	143
1952	9	58
1952	10	28
1952	11	163
1952	12	69
1953	1	441
1953	2	90
1953	3	108
1953	4	53
1953	5	448
1953	6	236
1953	7	97
1953	8	132
1953	9	127
1953	10	21
1953	11	227
1953	12	166
1954	1	466
1954	2	153
1954	3	59
1954	4	191
1954	5	282
1954	6	604
1954	7	196
1954	8	202
1954	9	503
1954	10	157
1954	11	54
1954	12	222
1955	1	120
1955	2	138
1955	3	381
1955	4	261
1955	5	743
1955	6	800
1955	7	287
1955	8	6
1955	9	145
1955	10	190
1955	11	657
1955	12	859
1956	1	255
1956	2	65
1956	3	189
1956	4	250
1956	5	235
1956	6	495
1956	7	517
1956	8	263
1956	9	19
1956	10	340
1956	11	73
1956	12	308
1957	1	301
1957	2	209
1957	3	160
1957	4	146
1957	5	532
1957	6	96
1957	7	176
1957	8	287
1957	9	269
1957	10	535
1957	11	56
1957	12	465
1958	1	160
1958	2	144
1958	3	82
1958	4	597
1958	5	396
1958	6	835
1958	7	296
1958	8	68
1958	9	234
1958	10	140
1958	11	637
1958	12	316
1959	1	272
1959	2	298
1959	3	166
1959	4	148
1959	5	526
1959	6	384
1959	7	33
1959	8	102
1959	9	576
1959	10	363
1959	11	380
1959	12	28
1960	1	104
1960	2	138
1960	3	315
1960	4	356
1960	5	367
1960	6	119
1960	7	3
1960	8	229
1960	9	97
1960	10	101
1960	11	531
1960	12	136
1961	1	91
1961	2	283
1961	3	234
1961	4	332
1961	5	329
1961	6	99
1961	7	122
1961	8	171
1961	9	529
1961	10	240
1961	11	318
1961	12	177
1962	1	294
1962	2	123
1962	3	67
1962	4	228
1962	5	528
1962	6	404
1962	7	341
1962	8	125
1962	9	259
1962	10	513
1962	11	810
1962	12	194
1963	1	201
1963	2	255
1963	3	81
1963	4	80
1963	5	187
1963	6	1097
1963	7	170
1963	8	142
1963	9	275
1963	10	226
1963	11	169
1963	12	181
1964	1	344
1964	2	41
1964	3	108
1964	4	332
1964	5	171
1964	6	697
1964	7	201
1964	8	320
1964	9	66
1964	10	93
1964	11	217
1964	12	1413
1965	1	252
1965	2	88
1965	3	168
1965	4	195
1965	5	147
1965	6	889
1965	7	414
1965	8	667
1965	9	460
1965	10	77
1965	11	117
1965	12	100
1966	1	336
1966	2	136
1966	3	166
1966	4	36
1966	5	99
1966	6	482
1966	7	69
1966	8	198
1966	9	272
1966	10	175
1966	11	227
1966	12	71
1967	1	415
1967	2	149
1967	3	186
1967	4	516
1967	5	355
1967	6	410
1967	7	123
1967	8	81
1967	9	191
1967	10	877
1967	11	144
1967	12	247
1968	1	132
1968	2	110
1968	3	44
1968	4	189
1968	5	335
1968	6	330
1968	7	85
1968	8	362
1968	9	539
1968	10	222
1968	11	350
1968	12	164
1969	1	829
1969	2	152
1969	3	13
1969	4	163
1969	5	661
1969	6	465
1969	7	43
1969	8	8
1969	9	205
1969	10	193
1969	11	40
1969	12	330
1970	1	706
1970	2	103
1970	3	191
1970	4	100
1970	5	374
1970	6	600
1970	7	453
1970	8	23
1970	9	404
1970	10	163
1970	11	236
1970	12	229
1971	1	506
1971	2	216
1971	3	133
1971	4	495
1971	5	501
1971	6	227
1971	7	14
1971	8	230
1971	9	184
1971	10	97
1971	11	246
1971	12	246
1972	1	698
1972	2	518
1972	3	376
1972	4	348
1972	5	287
1972	6	237
1972	7	146
1972	8	107
1972	9	319
1972	10	87
1972	11	125
1972	12	359
1973	1	111
1973	2	44
1973	3	203
1973	4	107
1973	5	171
1973	6	493
1973	7	35
1973	8	141
1973	9	506
1973	10	320
1973	11	685
1973	12	264
1974	1	895
1974	2	102
1974	3	476
1974	4	77
1974	5	344
1974	6	314
1974	7	258
1974	8	595
1974	9	80
1974	10	122
1974	11	136
1974	12	72
1975	1	446
1975	2	263
1975	3	190
1975	4	579
1975	5	468
1975	6	340
1975	7	203
1975	8	780
1975	9	159
1975	10	947
1975	11	213
1975	12	360
1976	1	108
1976	2	329
1976	3	108
1976	4	358
1976	5	400
1976	6	396
1976	7	246
1976	8	488
1976	9	429
1976	10	22
1976	11	71
1976	12	23
1977	1	180
1977	2	77
1977	3	192
1977	4	69
1977	5	534
1977	6	381
1977	7	353
1977	8	228
1977	9	334
1977	10	190
1977	11	512
1977	12	672
1978	1	189
1978	2	124
1978	3	72
1978	4	326
1978	5	641
1978	6	49
1978	7	135
1978	8	195
1978	9	307
1978	10	18
1978	11	270
1978	12	278
1979	1	172
1979	2	307
1979	3	226
1979	4	267
1979	5	115
1979	6	434
1979	7	23
1979	8	420
1979	9	5
1979	10	210
1979	11	74
1979	12	290
1980	1	572
1980	2	188
1980	3	264
1980	4	157
1980	5	1190
1980	6	624
1980	7	428
1980	8	115
1980	9	397
1980	10	224
1980	11	471
1980	12	490
1981	1	54
1981	2	224
1981	3	266
1981	4	108
1981	5	958
1981	6	520
1981	7	246
1981	8	199
1981	9	259
1981	10	172
1981	11	312
1981	12	649
1982	1	408
1982	2	385
1982	3	334
1982	4	323
1982	5	463
1982	6	422
1982	7	341
1982	8	260
1982	9	414
1982	10	272
1982	11	68
1982	12	314
1983	1	260
1983	2	200
1983	3	174
1983	4	117
1983	5	334
1983	6	354
1983	7	548
1983	8	433
1983	9	553
1983	10	138
1983	11	268
1983	12	262
1984	1	96
1984	2	171
1984	3	408
1984	4	235
1984	5	496
1984	6	454
1984	7	180
1984	8	509
1984	9	488
1984	10	115
1984	11	235
1984	12	160
1985	1	79
1985	2	96
1985	3	65
1985	4	303
1985	5	389
1985	6	69
1985	7	71
1985	8	681
1985	9	817
1985	10	129
1985	11	188
1985	12	100
1986	1	230
1986	2	729
1986	3	255
1986	4	176
1986	5	189
1986	6	296
1986	7	211
1986	8	422
1986	9	431
1986	10	54
1986	11	369
1986	12	51
1987	1	125
1987	2	112
1987	3	257
1987	4	180
1987	5	352
1987	6	528
1987	7	513
1987	8	292
1987	9	5
1987	10	3
1987	11	103
1987	12	304
1988	1	106
1988	2	127
1988	3	203
1988	4	504
1988	5	789
1988	6	423
1988	7	48
1988	8	3
1988	9	178
1988	10	166
1988	11	293
1988	12	66
1989	1	253
1989	2	112
1989	3	547
1989	4	137
1989	5	451
1989	6	330
1989	7	376
1989	8	385
1989	9	234
1989	10	174
1989	11	190
1989	12	89
1990	1	456
1990	2	59
1990	3	124
1990	4	284
1990	5	558
1990	6	92
1990	7	217
1990	8	353
1990	9	59
1990	10	138
1990	11	226
1990	12	156
1991	1	69
1991	2	5
1991	3	370
1991	4	122
1991	5	446
1991	6	592
1991	7	61
1991	8	267
1991	9	163
1991	10	120
1991	11	415
1991	12	173
1992	1	44
1992	2	101
1992	3	305
1992	4	351
1992	5	145
1992	6	387
1992	7	454
1992	8	153
1992	9	204
1992	10	79
1992	11	185
1992	12	285
1993	1	346
1993	2	293
1993	3	322
1993	4	154
1993	5	253
1993	6	1062
1993	7	554
1993	8	443
1993	9	31
1993	10	328
1993	11	103
1993	12	90
1994	1	92
1994	2	205
1994	3	55
1994	4	515
1994	5	497
1994	6	399
1994	7	349
1994	8	59
1994	9	163
1994	10	332
1994	11	170
1994	12	142
1995	1	405
1995	2	257
1995	3	241
1995	4	189
1995	5	476
1995	6	739
1995	7	483
1995	8	259
1995	9	310
1995	10	164
1995	11	727
1995	12	460
1996	1	447
1996	2	343
1996	3	154
1996	4	623
1996	5	435
1996	6	252
1996	7	71
1996	8	135
1996	9	144
1996	10	193
1996	11	576
1996	12	1315
1997	1	318
1997	2	167
1997	3	310
1997	4	475
1997	5	300
1997	6	404
1997	7	216
1997	8	151
1997	9	271
1997	10	439
1997	11	175
1997	12	72
1998	1	382
1998	2	69
1998	3	114
1998	4	255
1998	5	727
1998	6	944
1998	7	639
1998	8	24
1998	9	254
1998	10	91
1998	11	744
1998	12	525
1999	1	146
1999	2	390
1999	3	128
1999	4	77
1999	5	86
1999	6	517
1999	7	66
1999	8	323
1999	9	56
1999	10	254
1999	11	259
1999	12	237
2000	1	330
2000	2	386
2000	3	90
2000	4	99
2000	5	374
2000	6	72
2000	7	168
2000	8	20
2000	9	372
2000	10	394
2000	11	113
2000	12	191
2001	1	51
2001	2	116
2001	3	220
2001	4	285
2001	5	122
2001	6	379
2001	7	389
2001	8	38
2001	9	156
2001	10	424
2001	11	68
2001	12	312
2002	1	211
2002	2	221
2002	3	363
2002	4	188
2002	5	450
2002	6	472
2002	7	256
2002	8	569
2002	9	124
2002	10	34
2002	11	290
2002	12	235
2003	1	483
2003	2	325
2003	3	489
2003	4	440
2003	5	346
2003	6	198
2003	7	81
2003	8	208
2003	9	43
2003	10	192
2003	11	271
2003	12	328
2004	1	110
2004	2	154
2004	3	162
2004	4	204
2004	5	896
2004	6	360
2004	7	213
2004	8	528
2004	9	397
2004	10	62
2004	11	146
2004	12	251
2005	1	149
2005	2	68
2005	3	251
2005	4	238
2005	5	476
2005	6	537
2005	7	34
2005	8	133
2005	9	249
2005	10	213
2005	11	245
2005	12	352
2006	1	268
2006	2	180
2006	3	164
2006	4	314
2006	5	258
2006	6	321
2006	7	104
2006	8	140
2006	9	213
2006	10	197
2006	11	654
2006	12	258
2007	1	148
2007	2	186
2007	3	148
2007	4	336
2007	5	435
2007	6	217
2007	7	26
2007	8	28
2007	9	540
2007	10	200
2007	11	421
2007	12	494
2008	1	185
2008	2	417
2008	3	170
2008	4	109
2008	5	224
2008	6	251
2008	7	139
2008	8	275
2008	9	280
2008	10	148
2008	11	397
2008	12	546
2009	1	275
2009	2	195
2009	3	273
2009	4	81
2009	5	334
2009	6	253
2009	7	221
2009	8	375
2009	9	84
2009	10	281
2009	11	94
2009	12	128
2010	1	190
2010	2	44
2010	3	343
2010	4	176
2010	5	393
2010	6	499
2010	7	149
2010	8	316
2010	9	236
2010	10	232
2010	11	582
2010	12	279
2011	1	319
2011	2	335
2011	3	183
2011	4	186
2011	5	622
2011	6	343
2011	7	484
2011	8	96
2011	9	89
2011	10	544
2011	11	223
2011	12	285
2012	1	440
2012	2	196
2012	3	302
2012	4	140
2012	5	282
2012	6	292
2012	7	102
2012	8	35
2012	9	0
2012	10	403
2012	11	348
2012	12	378
2013	1	240
2013	2	79
2013	3	178
2013	4	197
2013	5	232
2013	6	343
2013	7	23
2013	8	147
2013	9	323
2013	10	130
2013	11	190
2013	12	232
2014	1	267
2014	2	993
2014	3	787
2014	4	148
2014	5	197
2014	6	420
2014	7	123
2014	8	260
2014	9	61
2014	10	261
2014	11	678
2014	12	409
2015	1	210
2015	2	295
2015	3	180
2015	4	213
2015	5	386
2015	6	211
2015	7	336
2015	8	144
2015	9	155
2015	10	59
