1889	5	1295
1889	6	1095
1889	7	2410
1889	8	660
1889	9	1135
1889	10	902
1889	11	1417
1889	12	765
1890	1	643
1890	2	864
1890	3	1488
1890	4	523
1890	5	1201
1890	6	823
1890	7	1633
1890	8	1539
1890	9	1524
1890	10	1372
1890	11	254
1890	12	1130
1891	1	1890
1891	2	942
1891	3	551
1891	4	953
1891	5	439
1891	6	919
1891	7	320
1891	8	856
1891	9	239
1891	10	406
1891	11	790
1891	12	1240
1892	1	1450
1892	2	345
1892	3	701
1892	4	178
1892	5	1633
1892	6	1458
1892	7	1547
1892	8	1557
1892	9	876
1892	10	310
1892	11	955
1892	12	315
1893	1	688
1893	2	1582
1893	3	775
1893	4	673
1893	5	1275
1893	6	632
1893	7	846
1893	8	1397
1893	9	988
1893	10	1013
1893	11	467
1893	12	1057
1894	1	516
1894	2	551
1894	3	414
1894	4	648
1894	5	1415
1894	6	218
1894	7	343
1894	8	145
1894	9	1031
1894	10	1128
1894	11	1054
1894	12	1163
1895	1	782
1895	2	345
1895	3	620
1895	4	1054
1895	5	632
1895	6	704
1895	7	762
1895	8	704
1895	9	569
1895	10	1367
1895	11	965
1895	12	1186
1896	1	282
1896	2	1621
1896	3	1420
1896	4	434
1896	5	861
1896	6	643
1896	7	1694
1896	8	1080
1896	9	1588
1896	10	787
1896	11	711
1896	12	592
1897	1	825
1897	2	610
1897	3	620
1897	4	762
1897	5	947
1897	6	1326
1897	7	2685
1897	8	1212
1897	9	968
1897	10	198
1897	11	1509
1897	12	1176
1898	1	1163
1898	2	777
1898	3	620
1898	4	1105
1898	5	1613
1898	6	759
1898	7	566
1898	8	2088
1898	9	947
1898	10	950
1898	11	1600
1898	12	615
1899	1	813
1899	2	1191
1899	3	1333
1899	4	312
1899	5	681
1899	6	1013
1899	7	1801
1899	8	224
1899	9	1224
1899	10	414
1899	11	373
1899	12	597
1900	1	691
1900	2	1524
1900	3	1143
1900	4	429
1900	5	1417
1900	6	1130
1900	7	1275
1900	8	475
1900	9	470
1900	10	612
1900	11	1410
1900	12	688
1901	1	376
1901	2	213
1901	3	1547
1901	4	1638
1901	5	1542
1901	6	467
1901	7	1115
1901	8	2296
1901	9	1069
1901	10	1008
1901	11	615
1901	12	2073
1902	1	538
1902	2	1113
1902	3	1166
1902	4	963
1902	5	673
1902	6	1227
1902	7	1885
1902	8	823
1902	9	2144
1902	10	1260
1902	11	257
1902	12	1646
1903	1	782
1903	2	1115
1903	3	1138
1903	4	724
1903	5	246
1903	6	2543
1903	7	671
1903	8	1506
1903	9	513
1903	10	1534
1903	11	615
1903	12	1006
1904	1	742
1904	2	582
1904	3	787
1904	4	544
1904	5	1140
1904	6	2230
1904	7	1534
1904	8	757
1904	9	1890
1904	10	757
1904	11	378
1904	12	655
1905	1	1224
1905	2	208
1905	3	945
1905	4	635
1905	5	368
1905	6	841
1905	7	1217
1905	8	963
1905	9	1654
1905	10	790
1905	11	645
1905	12	767
1906	1	521
1906	2	688
1906	3	1008
1906	4	1085
1906	5	1303
1906	6	950
1906	7	1313
1906	8	724
1906	9	808
1906	10	825
1906	11	429
1906	12	742
1907	1	620
1907	2	447
1907	3	320
1907	4	554
1907	5	1026
1907	6	1064
1907	7	815
1907	8	577
1907	9	3157
1907	10	1984
1907	11	1219
1907	12	1156
1908	1	770
1908	2	950
1908	3	678
1908	4	714
1908	5	825
1908	6	770
1908	7	1689
1908	8	1166
1908	9	328
1908	10	386
1908	11	224
1908	12	632
1909	1	1234
1909	2	1562
1909	3	932
1909	4	1339
1909	5	1250
1909	6	627
1909	7	508
1909	8	894
1909	9	1001
1909	10	290
1909	11	630
1909	12	874
1910	1	1570
1910	2	1224
1910	3	269
1910	4	1059
1910	5	815
1910	6	818
1910	7	561
1910	8	1270
1910	9	1102
1910	10	284
1910	11	1283
1910	12	503
1911	1	582
1911	2	457
1911	3	756
1911	4	597
1911	5	795
1911	6	592
1911	7	1300
1911	8	1552
1911	9	884
1911	10	1453
1911	11	998
1911	12	640
1912	1	508
1912	2	521
1912	3	1283
1912	4	1267
1912	5	1458
1912	6	178
1912	7	737
1912	8	1085
1912	9	782
1912	10	1146
1912	11	937
1912	12	1234
1913	1	1021
1913	2	579
1913	3	1537
1913	4	1021
1913	5	1049
1913	6	460
1913	7	368
1913	8	1166
1913	9	950
1913	10	2256
1913	11	820
1913	12	645
1914	1	638
1914	2	597
1914	3	1074
1914	4	937
1914	5	838
1914	6	729
1914	7	787
1914	8	630
1914	9	140
1914	10	566
1914	11	602
1914	12	655
1915	1	1466
1915	2	1407
1915	3	30
1915	4	650
1915	5	737
1915	6	1181
1915	7	2024
1915	8	1882
1915	9	950
1915	10	498
1915	11	526
1915	12	2258
1916	1	376
1916	2	791
1916	3	681
1916	4	668
1916	5	736
1916	6	987
1916	7	1461
1916	8	792
1916	9	1002
1916	10	170
1916	11	669
1916	12	425
1917	1	618
1917	2	639
1917	3	694
1917	4	544
1917	5	799
1917	6	1107
1917	7	474
1917	8	672
1917	9	198
1917	10	1364
1917	11	105
1917	12	753
1918	1	852
1918	2	512
1918	3	696
1918	4	909
1918	5	1184
1918	6	720
1918	7	765
1918	8	582
1918	9	1748
1918	10	505
1918	11	640
1918	12	881
1919	1	621
1919	2	634
1919	3	1250
1919	4	653
1919	5	1215
1919	6	862
1919	7	1572
1919	8	719
1919	9	1292
1919	10	484
1919	11	1657
1919	12	567
1920	1	524
1920	2	1801
1920	3	1654
1920	4	1255
1920	5	589
1920	6	1575
1920	7	955
1920	8	1971
1920	9	1854
1920	10	358
1920	11	790
1920	12	1059
1921	1	497
1921	2	620
1921	3	698
1921	4	1169
1921	5	651
1921	6	1465
1921	7	789
1921	8	1055
1921	9	980
1921	10	417
1921	11	1507
1921	12	422
1922	1	421
1922	2	495
1922	3	1187
1922	4	585
1922	5	1771
1922	6	1476
1922	7	585
1922	8	1477
1922	9	544
1922	10	585
1922	11	261
1922	12	784
1923	1	1284
1923	2	375
1923	3	462
1923	4	808
1923	5	635
1923	6	694
1923	7	809
1923	8	797
1923	9	1170
1923	10	1402
1923	11	695
1923	12	723
1924	1	530
1924	2	437
1924	3	245
1924	4	1343
1924	5	1052
1924	6	549
1924	7	627
1924	8	1110
1924	9	2258
1924	10	221
1924	11	795
1924	12	330
1925	1	595
1925	2	872
1925	3	1232
1925	4	566
1925	5	694
1925	6	805
1925	7	1854
1925	8	427
1925	9	1021
1925	10	772
1925	11	768
1925	12	511
1926	1	440
1926	2	910
1926	3	708
1926	4	709
1926	5	494
1926	6	682
1926	7	615
1926	8	969
1926	9	1177
1926	10	1424
1926	11	1474
1926	12	637
1927	1	603
1927	2	745
1927	3	439
1927	4	559
1927	5	1430
1927	6	616
1927	7	1380
1927	8	2436
1927	9	516
1927	10	1717
1927	11	2083
1927	12	1195
1928	1	615
1928	2	944
1928	3	528
1928	4	1013
1928	5	717
1928	6	1471
1928	7	2021
1928	8	2582
1928	9	501
1928	10	338
1928	11	378
1928	12	448
1929	1	889
1929	2	811
1929	3	936
1929	4	1852
1929	5	852
1929	6	850
1929	7	376
1929	8	736
1929	9	665
1929	10	770
1929	11	811
1929	12	961
1930	1	470
1930	2	476
1930	3	747
1930	4	433
1930	5	810
1930	6	1567
1930	7	790
1930	8	906
1930	9	1018
1930	10	397
1930	11	815
1930	12	700
1931	1	514
1931	2	415
1931	3	724
1931	4	537
1931	5	1475
1931	6	1783
1931	7	1283
1931	8	1039
1931	9	289
1931	10	697
1931	11	346
1931	12	695
1932	1	894
1932	2	413
1932	3	818
1932	4	669
1932	5	663
1932	6	1757
1932	7	1433
1932	8	1197
1932	9	722
1932	10	949
1932	11	1727
1932	12	291
1933	1	442
1933	2	653
1933	3	660
1933	4	1230
1933	5	497
1933	6	417
1933	7	713
1933	8	1918
1933	9	2079
1933	10	678
1933	11	262
1933	12	589
1934	1	852
1934	2	527
1934	3	575
1934	4	941
1934	5	1130
1934	6	882
1934	7	948
1934	8	1105
1934	9	2034
1934	10	557
1934	11	945
1934	12	689
1935	1	892
1935	2	578
1935	3	544
1935	4	382
1935	5	494
1935	6	1234
1935	7	949
1935	8	313
1935	9	734
1935	10	229
1935	11	975
1935	12	238
1936	1	1319
1936	2	483
1936	3	1673
1936	4	929
1936	5	693
1936	6	570
1936	7	810
1936	8	1232
1936	9	666
1936	10	1058
1936	11	480
1936	12	1269
1937	1	1228
1937	2	543
1937	3	717
1937	4	662
1937	5	1034
1937	6	2206
1937	7	886
1937	8	859
1937	9	1400
1937	10	1263
1937	11	787
1937	12	523
1938	1	1087
1938	2	577
1938	3	344
1938	4	748
1938	5	606
1938	6	2278
1938	7	2596
1938	8	1063
1938	9	3466
1938	10	447
1938	11	876
1938	12	742
1939	1	552
1939	2	834
1939	3	775
1939	4	1095
1939	5	507
1939	6	1043
1939	7	228
1939	8	491
1939	9	531
1939	10	1212
1939	11	445
1939	12	466
1940	1	421
1940	2	515
1940	3	1140
1940	4	1400
1940	5	1258
1940	6	961
1940	7	678
1940	8	920
1940	9	1333
1940	10	547
1940	11	1006
1940	12	596
1941	1	443
1941	2	506
1941	3	451
1941	4	236
1941	5	846
1941	6	1724
1941	7	1557
1941	8	369
1941	9	412
1941	10	632
1941	11	490
1941	12	811
1942	1	474
1942	2	584
1942	3	1561
1942	4	201
1942	5	1371
1942	6	1255
1942	7	1433
1942	8	708
1942	9	815
1942	10	849
1942	11	1476
1942	12	1063
1943	1	770
1943	2	302
1943	3	607
1943	4	815
1943	5	1357
1943	6	808
1943	7	986
1943	8	282
1943	9	459
1943	10	1029
1943	11	1485
1943	12	179
1944	1	389
1944	2	451
1944	3	766
1944	4	904
1944	5	686
1944	6	1791
1944	7	638
1944	8	742
1944	9	816
1944	10	475
1944	11	937
1944	12	679
1945	1	944
1945	2	480
1945	3	478
1945	4	1416
1945	5	1695
1945	6	1705
1945	7	2088
1945	8	928
1945	9	1242
1945	10	589
1945	11	968
1945	12	854
1946	1	430
1946	2	641
1946	3	400
1946	4	525
1946	5	1148
1946	6	818
1946	7	1336
1946	8	536
1946	9	927
1946	10	534
1946	11	239
1946	12	547
1947	1	629
1947	2	632
1947	3	827
1947	4	1044
1947	5	1284
1947	6	900
1947	7	917
1947	8	237
1947	9	861
1947	10	419
1947	11	1352
1947	12	518
1948	1	648
1948	2	489
1948	3	952
1948	4	889
1948	5	1347
1948	6	1485
1948	7	712
1948	8	585
1948	9	229
1948	10	447
1948	11	1068
1948	12	1322
1949	1	1763
1949	2	606
1949	3	336
1949	4	900
1949	5	1410
1949	6	237
1949	7	742
1949	8	322
1949	9	519
1949	10	699
1949	11	382
1949	12	1041
1950	1	844
1950	2	711
1950	3	564
1950	4	617
1950	5	1091
1950	6	1325
1950	7	770
1950	8	1198
1950	9	337
1950	10	335
1950	11	1786
1950	12	852
1951	1	665
1951	2	1148
1951	3	1035
1951	4	802
1951	5	779
1951	6	800
1951	7	1053
1951	8	1214
1951	9	1081
1951	10	895
1951	11	1494
1951	12	1026
1952	1	997
1952	2	544
1952	3	704
1952	4	1699
1952	5	930
1952	6	1240
1952	7	763
1952	8	1329
1952	9	1129
1952	10	346
1952	11	625
1952	12	723
1953	1	1590
1953	2	586
1953	3	2035
1953	4	1361
1953	5	1455
1953	6	1008
1953	7	456
1953	8	325
1953	9	1180
1953	10	1168
1953	11	625
1953	12	1279
1954	1	677
1954	2	566
1954	3	925
1954	4	1023
1954	5	1023
1954	6	322
1954	7	1018
1954	8	1048
1954	9	2209
1954	10	536
1954	11	1538
1954	12	982
1955	1	168
1955	2	834
1955	3	726
1955	4	1431
1955	5	449
1955	6	551
1955	7	469
1955	8	4550
1955	9	756
1955	10	2672
1955	11	1453
1955	12	357
1956	1	560
1956	2	840
1956	3	1070
1956	4	1423
1956	5	270
1956	6	572
1956	7	998
1956	8	337
1956	9	1250
1956	10	486
1956	11	1110
1956	12	1087
1957	1	351
1957	2	235
1957	3	327
1957	4	1014
1957	5	669
1957	6	414
1957	7	587
1957	8	752
1957	9	483
1957	10	493
1957	11	965
1957	12	1867
1958	1	1173
1958	2	435
1958	3	717
1958	4	1438
1958	5	949
1958	6	354
1958	7	1997
1958	8	1044
1958	9	1236
1958	10	1299
1958	11	931
1958	12	126
1959	1	592
1959	2	705
1959	3	845
1959	4	902
1959	5	373
1959	6	1365
1959	7	1538
1959	8	769
1959	9	791
1959	10	1850
1959	11	1551
1959	12	983
1960	1	763
1960	2	953
1960	3	580
1960	4	1232
1960	5	589
1960	6	1632
1960	7	1372
1960	8	1272
1960	9	1969
1960	10	847
1960	11	658
1960	12	538
1961	1	650
1961	2	718
1961	3	827
1961	4	1122
1961	5	1246
1961	6	1453
1961	7	393
1961	8	887
1961	9	911
1961	10	574
1961	11	991
1961	12	624
1962	1	850
1962	2	837
1962	3	214
1962	4	977
1962	5	441
1962	6	699
1962	7	376
1962	8	1669
1962	9	449
1962	10	700
1962	11	797
1962	12	694
1963	1	688
1963	2	646
1963	3	700
1963	4	272
1963	5	567
1963	6	1414
1963	7	1037
1963	8	499
1963	9	1070
1963	10	91
1963	11	1497
1963	12	612
1964	1	795
1964	2	587
1964	3	723
1964	4	922
1964	5	368
1964	6	539
1964	7	569
1964	8	835
1964	9	296
1964	10	382
1964	11	453
1964	12	994
1965	1	604
1965	2	558
1965	3	275
1965	4	643
1965	5	585
1965	6	578
1965	7	412
1965	8	1208
1965	9	940
1965	10	764
1965	11	643
1965	12	535
1966	1	545
1966	2	591
1966	3	593
1966	4	341
1966	5	858
1966	6	646
1966	7	490
1966	8	789
1966	9	1320
1966	10	1240
1966	11	1014
1966	12	702
1967	1	287
1967	2	669
1967	3	964
1967	4	883
1967	5	947
1967	6	1283
1967	7	1547
1967	8	887
1967	9	460
1967	10	1132
1967	11	579
1967	12	1494
1968	1	450
1968	2	176
1968	3	1111
1968	4	929
1968	5	1103
1968	6	2245
1968	7	216
1968	8	618
1968	9	850
1968	10	651
1968	11	1139
1968	12	1143
1969	1	380
1969	2	621
1969	3	502
1969	4	1588
1969	5	990
1969	6	1173
1969	7	2107
1969	8	1268
1969	9	731
1969	10	460
1969	11	1447
1969	12	1280
1970	1	203
1970	2	784
1970	3	682
1970	4	966
1970	5	777
1970	6	670
1970	7	776
1970	8	933
1970	9	995
1970	10	498
1970	11	956
1970	12	795
1971	1	433
1971	2	783
1971	3	532
1971	4	604
1971	5	1152
1971	6	312
1971	7	793
1971	8	1920
1971	9	1405
1971	10	845
1971	11	1053
1971	12	802
1972	1	651
1972	2	873
1972	3	989
1972	4	1240
1972	5	1116
1972	6	2499
1972	7	967
1972	8	832
1972	9	498
1972	10	1139
1972	11	1669
1972	12	1462
1973	1	960
1973	2	793
1973	3	832
1973	4	1368
1973	5	1637
1973	6	1130
1973	7	1454
1973	8	1103
1973	9	805
1973	10	667
1973	11	560
1973	12	2431
1974	1	918
1974	2	477
1974	3	967
1974	4	667
1974	5	1147
1974	6	767
1974	7	821
1974	8	984
1974	9	1772
1974	10	662
1974	11	792
1974	12	1093
1975	1	1093
1975	2	786
1975	3	870
1975	4	704
1975	5	938
1975	6	1363
1975	7	2179
1975	8	1076
1975	9	1842
1975	10	902
1975	11	1116
1975	12	854
1976	1	1239
1976	2	700
1976	3	607
1976	4	849
1976	5	1201
1976	6	680
1976	7	1112
1976	8	1985
1976	9	905
1976	10	1480
1976	11	216
1976	12	597
1977	1	398
1977	2	646
1977	3	1881
1977	4	1121
1977	5	784
1977	6	884
1977	7	666
1977	8	1402
1977	9	1870
1977	10	1204
1977	11	800
1977	12	1170
1978	1	1840
1978	2	293
1978	3	695
1978	4	196
1978	5	960
1978	6	1632
1978	7	653
1978	8	819
1978	9	777
1978	10	419
1978	11	373
1978	12	800
1979	1	2503
1979	2	690
1979	3	1040
1979	4	1029
1979	5	1060
1979	6	223
1979	7	354
1979	8	1378
1979	9	1440
1979	10	861
1979	11	1217
1979	12	517
1980	1	356
1980	2	209
1980	3	1598
1980	4	883
1980	5	292
1980	6	1206
1980	7	454
1980	8	598
1980	9	723
1980	10	783
1980	11	832
1980	12	216
1981	1	232
1981	2	2072
1981	3	102
1981	4	898
1981	5	968
1981	6	1360
1981	7	763
1981	8	180
1981	9	677
1981	10	1203
1981	11	537
1981	12	1041
1982	1	852
1982	2	1070
1982	3	582
1982	4	1271
1982	5	582
1982	6	1854
1982	7	825
1982	8	440
1982	9	546
1982	10	1744
1982	11	825
1982	12	494
1983	1	1011
1983	2	813
1983	3	1382
1983	4	2046
1983	5	1198
1983	6	1026
1983	7	354
1983	8	964
1983	9	473
1983	10	839
1983	11	1250
1983	12	1370
1984	1	458
1984	2	915
1984	3	1001
1984	4	988
1984	5	2970
1984	6	410
1984	7	1169
1984	8	852
1984	9	383
1984	10	571
1984	11	708
1984	12	502
1985	1	178
1985	2	614
1985	3	472
1985	4	560
1985	5	984
1985	6	1423
1985	7	1583
1985	8	1547
1985	9	1190
1985	10	629
1985	11	1296
1985	12	440
1986	1	902
1986	2	741
1986	3	847
1986	4	406
1986	5	551
1986	6	2243
1986	7	1633
1986	8	1814
1986	9	247
1986	10	792
1986	11	1127
1986	12	607
1987	1	988
1987	2	43
1987	3	531
1987	4	1953
1987	5	541
1987	6	646
1987	7	542
1987	8	1074
1987	9	1334
1987	10	1335
1987	11	582
1987	12	398
1988	1	550
1988	2	741
1988	3	427
1988	4	433
1988	5	743
1988	6	128
1988	7	2077
1988	8	1375
1988	9	421
1988	10	601
1988	11	1965
1988	12	437
1989	1	392
1989	2	560
1989	3	604
1989	4	885
1989	5	2021
1989	6	1283
1989	7	864
1989	8	1005
1989	9	1387
1989	10	1377
1989	11	796
1989	12	213
1990	1	1075
1990	2	805
1990	3	865
1990	4	1056
1990	5	1749
1990	6	684
1990	7	664
1990	8	2470
1990	9	304
1990	10	1672
1990	11	701
1990	12	1557
1991	1	497
1991	2	412
1991	3	1104
1991	4	534
1991	5	1584
1991	6	967
1991	7	359
1991	8	1567
1991	9	1489
1991	10	979
1991	11	955
1991	12	870
1992	1	428
1992	2	477
1992	3	903
1992	4	967
1992	5	459
1992	6	1364
1992	7	1260
1992	8	1349
1992	9	612
1992	10	602
1992	11	1243
1992	12	1340
1993	1	574
1993	2	574
1993	3	1522
1993	4	1175
1993	5	345
1993	6	664
1993	7	401
1993	8	813
1993	9	1555
1993	10	989
1993	11	1197
1993	12	1078
1994	1	1163
1994	2	620
1994	3	1202
1994	4	1060
1994	5	949
1994	6	777
1994	7	1890
1994	8	1658
1994	9	687
1994	10	412
1994	11	971
1994	12	1281
1995	1	1096
1995	2	487
1995	3	781
1995	4	606
1995	5	623
1995	6	196
1995	7	1305
1995	8	541
1995	9	728
1995	10	2983
1995	11	1283
1995	12	455
1996	1	1946
1996	2	639
1996	3	768
1996	4	1648
1996	5	1214
1996	6	640
1996	7	2548
1996	8	524
1996	9	1592
1996	10	1423
1996	11	867
1996	12	1749
1997	1	806
1997	2	415
1997	3	1037
1997	4	1281
1997	5	992
1997	6	412
1997	7	930
1997	8	1093
1997	9	263
1997	10	414
1997	11	1604
1997	12	933
1998	1	972
1998	2	585
1998	3	1074
1998	4	870
1998	5	918
1998	6	1684
1998	7	1483
1998	8	200
1998	9	851
1998	10	1409
1998	11	567
1998	12	268
1999	1	1602
1999	2	702
1999	3	1350
1999	4	359
1999	5	1531
1999	6	666
1999	7	605
1999	8	1185
1999	9	2476
1999	10	779
1999	11	807
1999	12	495
2000	1	851
2000	2	572
2000	3	996
2000	4	918
2000	5	1270
2000	6	2629
2000	7	2772
2000	8	581
2000	9	1064
2000	10	556
2000	11	633
2000	12	1107
2001	1	456
2001	2	555
2001	3	1429
2001	4	368
2001	5	669
2001	6	1928
2001	7	423
2001	8	1080
2001	9	1096
2001	10	244
2001	11	250
2001	12	659
2002	1	325
2002	2	353
2002	3	697
2002	4	1040
2002	5	1354
2002	6	1274
2002	7	455
2002	8	896
2002	9	1172
2002	10	581
2002	11	1276
2002	12	734
2003	1	630
2003	2	513
2003	3	626
2003	4	259
2003	5	1316
2003	6	1436
2003	7	930
2003	8	832
2003	9	2063
2003	10	1147
2003	11	1066
2003	12	1185
2004	1	321
2004	2	361
2004	3	441
2004	4	946
2004	5	1220
2004	6	771
2004	7	1275
2004	8	1841
2004	9	2530
2004	10	417
2004	11	560
2004	12	753
2005	1	1054
2005	2	476
2005	3	1019
2005	4	749
2005	5	339
2005	6	1180
2005	7	601
2005	8	647
2005	9	387
2005	10	4145
2005	11	1289
2005	12	893
2006	1	1328
2006	2	375
2006	3	191
2006	4	1083
2006	5	1351
2006	6	2116
2006	7	555
2006	8	1108
2006	9	1397
2006	10	1395
2006	11	1234
2006	12	354
2007	1	434
2007	2	381
2007	3	918
2007	4	1495
2007	5	366
2007	6	873
2007	7	1601
2007	8	512
2007	9	605
2007	10	1262
2007	11	877
2007	12	1150
2008	1	358
2008	2	2205
2008	3	1126
2008	4	710
2008	5	608
2008	6	2102
2008	7	1505
2008	8	522
2008	9	2122
2008	10	614
2008	11	560
2008	12	1681
2009	1	449
2009	2	361
2009	3	565
2009	4	559
2009	5	1291
2009	6	2184
2009	7	2602
2009	8	1436
2009	9	532
2009	10	1101
2009	11	660
2009	12	861
2010	1	590
2010	2	819
2010	3	1319
2010	4	412
2010	5	585
2010	6	1160
2010	7	1316
2010	8	707
2010	9	276
2010	10	2669
2010	11	684
2010	12	996
2011	1	638
2011	2	843
2011	3	1420
2011	4	1279
2011	5	923
2011	6	1338
2011	7	446
2011	8	2854
2011	9	2697
2011	10	970
2011	11	574
2011	12	1257
2012	1	594
2012	2	205
2012	3	321
2012	4	669
2012	5	1085
2012	6	655
2012	7	1193
2012	8	1004
2012	9	1760
2012	10	1460
2012	11	233
2012	12	1001
2013	1	212
2013	2	359
2013	3	484
2013	4	437
2013	5	1696
2013	6	2390
2013	7	886
2013	8	1921
2013	9	1044
2013	10	480
2013	11	915
2013	12	675
2014	1	724
2014	2	854
2014	3	360
2014	4	1013
2014	5	914
2014	6	1317
2014	7	1576
2014	8	878
2014	9	361
2014	10	1139
2014	11	822
2014	12	990
2015	1	702
2015	2	439
2015	3	496
2015	4	790
2015	5	436
2015	6	2004
2015	7	601
2015	8	714
2015	9	965
2015	10	219
