1884	5	345
1884	6	2284
1884	7	1458
1884	8	492
1884	9	1
1884	10	73
1885	5	1570
1885	6	1005
1885	7	1023
1885	8	1493
1885	9	1400
1885	10	1488
1886	4	638
1886	5	1984
1886	6	2278
1886	7	895
1886	8	1167
1886	9	366
1886	10	1
1887	5	882
1887	6	865
1887	7	2123
1887	8	2334
1887	9	410
1887	10	660
1888	4	406
1888	5	1745
1888	6	334
1888	7	535
1888	8	891
1888	9	2376
1888	10	1169
1889	5	892
1889	6	978
1889	7	1164
1889	8	1791
1889	9	1259
1889	10	391
1889	11	1204
1890	1	480
1890	2	968
1890	3	1137
1890	4	428
1890	5	2430
1890	6	882
1890	7	1581
1890	8	1332
1890	9	1241
1890	10	1647
1890	11	36
1890	12	733
1891	1	1639
1891	2	1708
1891	3	2644
1891	4	523
1891	5	977
1891	6	1039
1891	7	1500
1891	8	1320
1891	9	301
1891	10	97
1891	11	796
1891	12	737
1892	1	2286
1892	2	935
1892	3	1326
1892	4	813
1892	5	284
1892	6	2507
1892	7	1303
1892	8	363
1892	9	1204
1892	10	79
1892	11	668
1892	12	777
1893	1	569
1893	2	1770
1893	3	434
1893	4	503
1893	5	757
1893	6	1204
1893	7	1184
1893	8	1844
1893	9	1252
1893	10	825
1893	11	445
1893	12	485
1894	1	874
1894	2	978
1894	3	386
1894	4	452
1894	5	699
1894	6	1049
1894	7	2240
1894	8	1976
1894	9	907
1894	10	1349
1894	11	792
1894	12	1115
1895	1	1735
1895	2	503
1895	3	1783
1895	4	1237
1895	5	1120
1895	6	429
1895	7	800
1895	8	2878
1895	9	89
1895	10	188
1895	11	536
1895	12	1120
1896	1	968
1896	2	1471
1896	3	610
1896	4	625
1896	5	648
1896	6	531
1896	7	2609
1896	8	1082
1896	9	643
1896	10	602
1896	11	2075
1896	12	1176
1897	1	998
1897	2	2014
1897	3	1115
1897	4	1397
1897	5	754
1897	6	462
1897	7	1234
1897	8	1621
1897	9	706
1897	10	475
1897	11	617
1897	12	396
1898	1	645
1898	2	109
1898	3	1072
1898	4	1283
1898	5	249
1898	6	704
1898	7	2268
1898	8	2108
1898	9	2703
1898	10	1557
1898	11	960
1898	12	866
1899	1	1481
1899	2	2497
1899	3	1008
1899	4	271
1899	5	607
1899	6	699
1899	7	1072
1899	8	1690
1899	9	792
1899	10	1074
1899	11	426
1899	12	836
1900	1	641
1900	2	1984
1900	3	1623
1900	4	1807
1900	5	772
1900	6	2741
1900	7	795
1900	8	219
1900	9	901
1900	10	1679
1900	11	902
1900	12	1410
1901	1	1408
1901	2	841
1901	3	1493
1901	4	1810
1901	5	2329
1901	6	1484
1901	7	531
1901	8	3425
1901	9	1311
1901	10	290
1901	11	251
1901	12	1818
1902	1	886
1902	2	1830
1902	3	1574
1902	4	378
1902	5	261
1902	6	1079
1902	7	470
1902	8	772
1902	9	1606
1902	10	859
1902	11	431
1902	12	1478
1903	1	643
1903	2	2355
1903	3	1753
1903	4	464
1903	5	442
1903	6	1962
1903	7	917
1903	8	280
1903	9	556
1903	10	219
1903	11	117
1903	12	358
1904	1	404
1904	2	945
1904	3	633
1904	4	367
1904	5	861
1904	6	328
1904	7	996
1904	8	1461
1904	9	178
1904	10	132
1904	11	632
1904	12	645
1905	1	913
1905	2	1084
1905	3	376
1905	4	483
1905	5	2064
1905	6	167
1905	7	3631
1905	8	745
1905	9	447
1905	10	389
1905	11	320
1905	12	1384
1906	1	2132
1906	2	642
1906	3	2269
1906	4	721
1906	5	1398
1906	6	1953
1906	7	1774
1906	8	2051
1906	9	2298
1906	10	778
1906	11	357
1906	12	648
1907	1	140
1907	2	982
1907	3	684
1907	4	790
1907	5	906
1907	6	1041
1907	7	948
1907	8	835
1907	9	1080
1907	10	147
1907	11	1515
1907	12	1992
1908	1	1271
1908	2	1598
1908	3	807
1908	4	2006
1908	5	552
1908	6	1392
1908	7	1194
1908	8	3201
1908	9	1048
1908	10	1228
1908	11	341
1908	12	783
1909	1	557
1909	2	1884
1909	3	1473
1909	4	480
1909	5	1412
1909	6	1875
1909	7	977
1909	8	950
1909	9	907
1909	10	772
1909	11	269
1909	12	747
1910	1	648
1910	2	1489
1910	3	1326
1910	4	669
1910	5	674
1910	6	1562
1910	7	1409
1910	8	587
1910	9	825
1910	10	597
1910	11	89
1910	12	648
1911	1	391
1911	2	812
1911	3	487
1911	4	1217
1911	5	214
1911	6	336
1911	7	1141
1911	8	518
1911	9	528
1911	10	1235
1911	11	988
1911	12	1581
1912	1	935
1912	2	1189
1912	3	1866
1912	4	1303
1912	5	1107
1912	6	1774
1912	7	1746
1912	8	795
1912	9	1756
1912	10	721
1912	11	988
1912	12	1032
1913	1	1493
1913	2	856
1913	3	2001
1913	4	531
1913	5	515
1913	6	658
1913	7	993
1913	8	1510
1913	9	1522
1913	10	609
1913	11	475
1913	12	1531
1914	1	449
1914	2	1157
1914	3	203
1914	4	955
1914	5	234
1914	6	714
1914	7	680
1914	8	719
1914	9	531
1914	10	873
1914	11	1279
1914	12	1085
1915	1	1329
1915	2	757
1915	3	549
1915	4	119
1915	5	1403
1915	6	725
1915	7	997
1915	8	1383
1915	9	402
1915	10	935
1915	11	511
1915	12	1189
1916	1	345
1916	2	1604
1916	3	376
1916	4	559
1916	5	668
1916	6	447
1916	7	3842
1916	8	1151
1916	9	639
1916	10	1189
1916	11	272
1916	12	726
1917	1	1019
1917	2	1449
1917	3	1995
1917	4	751
1917	5	1286
1917	6	459
1917	7	1075
1917	8	1491
1917	9	1486
1917	10	495
1917	11	105
1917	12	340
1918	1	1491
1918	2	493
1918	3	528
1918	4	1461
1918	5	579
1918	6	1305
1918	7	1793
1918	8	1522
1918	9	964
1918	10	1184
1918	11	1101
1918	12	1994
1919	1	1486
1919	2	1145
1919	3	754
1919	4	630
1919	5	1472
1919	6	1278
1919	7	1406
1919	8	739
1919	9	139
1919	10	850
1919	11	249
1919	12	2267
1920	1	1438
1920	2	980
1920	3	2475
1920	4	1015
1920	5	1211
1920	6	696
1920	7	1032
1920	8	1756
1920	9	927
1920	10	81
1920	11	1247
1920	12	1128
1921	1	1297
1921	2	1476
1921	3	510
1921	4	561
1921	5	915
1921	6	622
1921	7	1448
1921	8	970
1921	9	1011
1921	10	681
1921	11	749
1921	12	312
1922	1	915
1922	2	2677
1922	3	2131
1922	4	1407
1922	5	1515
1922	6	821
1922	7	1572
1922	8	340
1922	9	335
1922	10	1205
1922	11	152
1922	12	1149
1923	1	838
1923	2	1588
1923	3	1965
1923	4	1054
1923	5	2466
1923	6	388
1923	7	292
1923	8	1234
1923	9	161
1923	10	30
1923	11	867
1923	12	1602
1924	1	1270
1924	2	773
1924	3	663
1924	4	1395
1924	5	1100
1924	6	264
1924	7	2136
1924	8	673
1924	9	3167
1924	10	142
1924	11	298
1924	12	1531
1925	1	2355
1925	2	338
1925	3	564
1925	4	365
1925	5	312
1925	6	0
1925	7	516
1925	8	249
1925	9	157
1925	10	820
1925	11	979
1925	12	736
1926	1	1668
1926	2	775
1926	3	1311
1926	4	665
1926	5	51
1926	6	597
1926	7	1516
1926	8	679
1926	9	267
1926	10	806
1926	11	1079
1926	12	1442
1927	1	279
1927	2	1133
1927	3	1135
1927	4	546
1927	5	607
1927	6	1382
1927	7	1763
1927	8	317
1927	9	58
1927	10	460
1927	11	274
1927	12	2499
1928	1	348
1928	2	851
1928	3	1151
1928	4	1765
1928	5	1371
1928	6	934
1928	7	1882
1928	8	3192
1928	9	1177
1928	10	611
1928	11	271
1928	12	226
1929	1	1164
1929	2	2901
1929	3	2964
1929	4	1088
1929	5	1514
1929	6	1088
1929	7	835
1929	8	216
1929	9	3533
1929	10	3092
1929	11	1209
1929	12	645
1930	1	833
1930	2	259
1930	3	818
1930	4	466
1930	5	867
1930	6	586
1930	7	1199
1930	8	264
1930	9	670
1930	10	306
1930	11	1154
1930	12	854
1931	1	554
1931	2	641
1931	3	665
1931	4	750
1931	5	967
1931	6	607
1931	7	1722
1931	8	1102
1931	9	325
1931	10	257
1931	11	20
1931	12	2960
1932	1	1416
1932	2	1240
1932	3	851
1932	4	528
1932	5	922
1932	6	1813
1932	7	687
1932	8	1840
1932	9	831
1932	10	2202
1932	11	523
1932	12	2818
1933	1	612
1933	2	1416
1933	3	567
1933	4	617
1933	5	535
1933	6	572
1933	7	1102
1933	8	543
1933	9	1222
1933	10	364
1933	11	122
1933	12	703
1934	1	675
1934	2	618
1934	3	1489
1934	4	977
1934	5	1361
1934	6	1578
1934	7	1318
1934	8	489
1934	9	557
1934	10	1138
1934	11	456
1934	12	656
1935	1	529
1935	2	621
1935	3	899
1935	4	1336
1935	5	652
1935	6	216
1935	7	1389
1935	8	1029
1935	9	910
1935	10	589
1935	11	785
1935	12	1303
1936	1	3560
1936	2	1507
1936	3	1161
1936	4	2621
1936	5	79
1936	6	1216
1936	7	932
1936	8	1158
1936	9	711
1936	10	1209
1936	11	607
1936	12	1507
1937	1	1556
1937	2	1217
1937	3	615
1937	4	1464
1937	5	839
1937	6	682
1937	7	150
1937	8	1187
1937	9	185
1937	10	1646
1937	11	228
1937	12	602
1938	1	431
1938	2	0
1938	3	798
1938	4	1660
1938	5	1107
1938	6	1341
1938	7	2628
1938	8	281
1938	9	686
1938	10	104
1938	11	946
1938	12	830
1939	1	1053
1939	2	2000
1939	3	1271
1939	4	642
1939	5	962
1939	6	354
1939	7	1036
1939	8	1514
1939	9	539
1939	10	92
1939	11	40
1939	12	980
1940	1	1062
1940	2	1414
1940	3	951
1940	4	576
1940	5	457
1940	6	1000
1940	7	663
1940	8	2883
1940	9	48
1940	10	394
1940	11	1527
1940	12	899
1941	1	367
1941	2	401
1941	3	1064
1941	4	214
1941	5	117
1941	6	1406
1941	7	2987
1941	8	773
1941	9	558
1941	10	279
1941	11	254
1941	12	1417
1942	1	530
1942	2	703
1942	3	2270
1942	4	462
1942	5	1135
1942	6	1112
1942	7	2002
1942	8	664
1942	9	832
1942	10	1049
1942	11	378
1942	12	1384
1943	1	1452
1943	2	404
1943	3	1505
1943	4	1031
1943	5	562
1943	6	968
1943	7	996
1943	8	409
1943	9	1503
1943	10	35
1943	11	566
1943	12	795
1944	1	823
1944	2	1564
1944	3	2268
1944	4	1222
1944	5	450
1944	6	679
1944	7	734
1944	8	815
1944	9	536
1944	10	648
1944	11	456
1944	12	315
1945	1	820
1945	2	1499
1945	3	555
1945	4	1233
1945	5	694
1945	6	821
1945	7	1264
1945	8	552
1945	9	2515
1945	10	269
1945	11	473
1945	12	1969
1946	1	1483
1946	2	962
1946	3	1163
1946	4	1379
1946	5	995
1946	6	793
1946	7	1286
1946	8	1562
1946	9	1351
1946	10	1258
1946	11	460
1946	12	752
1947	1	2240
1947	2	422
1947	3	1511
1947	4	857
1947	5	868
1947	6	1222
1947	7	978
1947	8	781
1947	9	1033
1947	10	1092
1947	11	2556
1947	12	741
1948	1	1059
1948	2	1921
1948	3	2187
1948	4	354
1948	5	1367
1948	6	1147
1948	7	1264
1948	8	530
1948	9	911
1948	10	383
1948	11	2702
1948	12	609
1949	1	855
1949	2	1697
1949	3	637
1949	4	1750
1949	5	1594
1949	6	961
1949	7	666
1949	8	1764
1949	9	559
1949	10	792
1949	11	434
1949	12	431
1950	1	661
1950	2	470
1950	3	981
1950	4	0
1950	5	1064
1950	6	1005
1950	7	1227
1950	8	802
1950	9	1532
1950	10	1100
1950	11	214
1950	12	1100
1951	1	439
1951	2	519
1951	3	1033
1951	4	991
1951	5	271
1951	6	1074
1951	7	476
1951	8	999
1951	9	437
1951	10	322
1951	11	561
1951	12	1694
1952	1	613
1952	2	754
1952	3	3212
1952	4	1311
1952	5	1052
1952	6	508
1952	7	521
1952	8	1493
1952	9	284
1952	10	368
1952	11	238
1952	12	1084
1953	1	1171
1953	2	1338
1953	3	1118
1953	4	438
1953	5	1600
1953	6	1407
1953	7	780
1953	8	318
1953	9	1695
1953	10	175
1953	11	125
1953	12	2207
1954	1	804
1954	2	378
1954	3	949
1954	4	924
1954	5	554
1954	6	841
1954	7	888
1954	8	383
1954	9	46
1954	10	56
1954	11	865
1954	12	578
1955	1	1319
1955	2	981
1955	3	576
1955	4	749
1955	5	1355
1955	6	315
1955	7	1883
1955	8	1029
1955	9	369
1955	10	748
1955	11	858
1955	12	215
1956	1	561
1956	2	1979
1956	3	1263
1956	4	1414
1956	5	246
1956	6	922
1956	7	532
1956	8	472
1956	9	1186
1956	10	631
1956	11	280
1956	12	918
1957	1	995
1957	2	598
1957	3	1261
1957	4	938
1957	5	1215
1957	6	1143
1957	7	511
1957	8	727
1957	9	1318
1957	10	778
1957	11	1866
1957	12	836
1958	1	986
1958	2	1102
1958	3	1322
1958	4	1365
1958	5	967
1958	6	660
1958	7	1226
1958	8	829
1958	9	490
1958	10	388
1958	11	303
1958	12	863
1959	1	1004
1959	2	967
1959	3	1359
1959	4	757
1959	5	1519
1959	6	1387
1959	7	839
1959	8	805
1959	9	2424
1959	10	2263
1959	11	310
1959	12	507
1960	1	2287
1960	2	1654
1960	3	1127
1960	4	503
1960	5	546
1960	6	495
1960	7	1751
1960	8	553
1960	9	1050
1960	10	272
1960	11	335
1960	12	555
1961	1	951
1961	2	1853
1961	3	1174
1961	4	1620
1961	5	740
1961	6	1374
1961	7	1037
1961	8	1361
1961	9	370
1961	10	132
1961	11	470
1961	12	1664
1962	1	1415
1962	2	991
1962	3	1372
1962	4	1140
1962	5	61
1962	6	1056
1962	7	1403
1962	8	732
1962	9	1360
1962	10	1110
1962	11	1504
1962	12	652
1963	1	1606
1963	2	860
1963	3	1373
1963	4	1703
1963	5	727
1963	6	1587
1963	7	1132
1963	8	571
1963	9	1790
1963	10	36
1963	11	1172
1963	12	994
1964	1	1828
1964	2	1276
1964	3	2530
1964	4	1698
1964	5	767
1964	6	1475
1964	7	2977
1964	8	1714
1964	9	183
1964	10	1781
1964	11	681
1964	12	1318
1965	1	429
1965	2	1181
1965	3	1607
1965	4	1075
1965	5	853
1965	6	1397
1965	7	764
1965	8	763
1965	9	559
1965	10	940
1965	11	467
1965	12	232
1966	1	1662
1966	2	1113
1966	3	977
1966	4	1170
1966	5	1220
1966	6	553
1966	7	693
1966	8	803
1966	9	999
1966	10	678
1966	11	846
1966	12	1123
1967	1	1032
1967	2	987
1967	3	682
1967	4	834
1967	5	1218
1967	6	1663
1967	7	628
1967	8	1195
1967	9	514
1967	10	619
1967	11	1177
1967	12	1283
1968	1	1252
1968	2	419
1968	3	892
1968	4	950
1968	5	1055
1968	6	1542
1968	7	1744
1968	8	146
1968	9	1224
1968	10	693
1968	11	1170
1968	12	954
1969	1	1257
1969	2	566
1969	3	1109
1969	4	1905
1969	5	1534
1969	6	913
1969	7	844
1969	8	1190
1969	9	516
1969	10	209
1969	11	455
1969	12	1106
1970	1	712
1970	2	711
1970	3	1679
1970	4	672
1970	5	714
1970	6	731
1970	7	1888
1970	8	971
1970	9	257
1970	10	1825
1970	11	493
1970	12	790
1971	1	1750
1971	2	1638
1971	3	2111
1971	4	963
1971	5	1223
1971	6	1043
1971	7	2651
1971	8	1668
1971	9	1779
1971	10	531
1971	11	1103
1971	12	667
1972	1	1833
1972	2	980
1972	3	959
1972	4	312
1972	5	1704
1972	6	1507
1972	7	1287
1972	8	903
1972	9	808
1972	10	447
1972	11	1288
1972	12	1462
1973	1	1050
1973	2	1053
1973	3	1694
1973	4	1170
1973	5	1708
1973	6	1778
1973	7	1356
1973	8	764
1973	9	1423
1973	10	425
1973	11	515
1973	12	1141
1974	1	1804
1974	2	1411
1974	3	512
1974	4	1056
1974	5	1151
1974	6	353
1974	7	1140
1974	8	1010
1974	9	516
1974	10	114
1974	11	652
1974	12	1923
1975	1	1881
1975	2	1597
1975	3	2033
1975	4	793
1975	5	1522
1975	6	937
1975	7	1384
1975	8	228
1975	9	3117
1975	10	725
1975	11	865
1975	12	594
1976	1	823
1976	2	487
1976	3	1818
1976	4	109
1976	5	2380
1976	6	983
1976	7	1210
1976	8	484
1976	9	1232
1976	10	1121
1976	11	1235
1976	12	1128
1977	1	1086
1977	2	439
1977	3	1868
1977	4	520
1977	5	274
1977	6	907
1977	7	473
1977	8	1309
1977	9	1256
1977	10	1564
1977	11	884
1977	12	721
1978	1	1877
1978	2	160
1978	3	973
1978	4	669
1978	5	965
1978	6	711
1978	7	1608
1978	8	978
1978	9	259
1978	10	325
1978	11	436
1978	12	625
1979	1	1453
1979	2	2151
1979	3	834
1979	4	1990
1979	5	1575
1979	6	810
1979	7	1273
1979	8	710
1979	9	989
1979	10	389
1979	11	925
1979	12	410
1980	1	1597
1980	2	228
1980	3	2896
1980	4	557
1980	5	1142
1980	6	667
1980	7	358
1980	8	190
1980	9	1604
1980	10	764
1980	11	698
1980	12	589
1981	1	216
1981	2	1542
1981	3	670
1981	4	287
1981	5	392
1981	6	1142
1981	7	1453
1981	8	960
1981	9	173
1981	10	617
1981	11	254
1981	12	1817
1982	1	1559
1982	2	1697
1982	3	634
1982	4	1424
1982	5	435
1982	6	1109
1982	7	1033
1982	8	1449
1982	9	418
1982	10	663
1982	11	848
1982	12	1489
1983	1	786
1983	2	1401
1983	3	1126
1983	4	1806
1983	5	913
1983	6	379
1983	7	460
1983	8	546
1983	9	622
1983	10	610
1983	11	1755
1983	12	2109
1984	1	1303
1984	2	1285
1984	3	1265
1984	4	1280
1984	5	1241
1984	6	163
1984	7	2431
1984	8	654
1984	9	85
1984	10	658
1984	11	579
1984	12	577
1985	1	1269
1985	2	1256
1985	3	224
1985	4	315
1985	5	412
1985	6	506
1985	7	1558
1985	8	844
1985	9	99
1985	10	1268
1985	11	1754
1985	12	403
1986	1	381
1986	2	442
1986	3	738
1986	4	325
1986	5	803
1986	6	226
1986	7	301
1986	8	669
1986	9	181
1986	10	983
1986	11	1549
1986	12	985
1987	1	1650
1987	2	1034
1987	3	1599
1987	4	199
1987	5	575
1987	6	560
1987	7	754
1987	8	495
1987	9	305
1987	10	18
1987	11	388
1987	12	575
1988	1	1210
1988	2	562
1988	3	465
1988	4	912
1988	5	314
1988	6	449
1988	7	278
1988	8	395
1988	9	1013
1988	10	897
1988	11	1128
1988	12	178
1989	1	590
1989	2	823
1989	3	1259
1989	4	959
1989	5	1286
1989	6	1990
1989	7	1739
1989	8	612
1989	9	1229
1989	10	1477
1989	11	607
1989	12	1082
1990	1	1193
1990	2	2022
1990	3	1505
1990	4	513
1990	5	662
1990	6	752
1990	7	443
1990	8	1030
1990	9	770
1990	10	1671
1990	11	473
1990	12	937
1991	1	1620
1991	2	1089
1991	3	1712
1991	4	1152
1991	5	839
1991	6	1276
1991	7	2777
1991	8	865
1991	9	314
1991	10	3
1991	11	426
1991	12	872
1992	1	591
1992	2	1187
1992	3	1423
1992	4	337
1992	5	464
1992	6	1323
1992	7	700
1992	8	2483
1992	9	1036
1992	10	1166
1992	11	1729
1992	12	1188
1993	1	1589
1993	2	1463
1993	3	2189
1993	4	629
1993	5	1059
1993	6	388
1993	7	226
1993	8	406
1993	9	573
1993	10	1002
1993	11	821
1993	12	853
1994	1	877
1994	2	674
1994	3	1017
1994	4	322
1994	5	430
1994	6	3527
1994	7	1322
1994	8	1431
1994	9	993
1994	10	1482
1994	11	808
1994	12	781
1995	1	1135
1995	2	1355
1995	3	541
1995	4	280
1995	5	491
1995	6	973
1995	7	603
1995	8	3801
1995	9	890
1995	10	1416
1995	11	1620
1995	12	762
1996	1	1292
1996	2	921
1996	3	1846
1996	4	1005
1996	5	579
1996	6	493
1996	7	642
1996	8	725
1996	9	1126
1996	10	1142
1996	11	1129
1996	12	1188
1997	1	1125
1997	2	1487
1997	3	1491
1997	4	1276
1997	5	726
1997	6	776
1997	7	1276
1997	8	178
1997	9	1458
1997	10	1116
1997	11	1028
1997	12	1590
1998	1	1530
1998	2	1659
1998	3	981
1998	4	1780
1998	5	2101
1998	6	862
1998	7	914
1998	8	699
1998	9	846
1998	10	326
1998	11	528
1998	12	592
1999	1	1021
1999	2	1068
1999	3	563
1999	4	947
1999	5	581
1999	6	1622
1999	7	714
1999	8	361
1999	9	477
1999	10	443
1999	11	479
1999	12	574
2000	1	1518
2000	2	567
2000	3	1279
2000	4	291
2000	5	259
2000	6	352
2000	7	1280
2000	8	1083
2000	9	1342
2000	10	3
2000	11	1018
2000	12	523
2001	1	544
2001	2	927
2001	3	2224
2001	4	405
2001	5	505
2001	6	2049
2001	7	1173
2001	8	193
2001	9	224
2001	10	140
2001	11	259
2001	12	593
2002	1	1270
2002	2	669
2002	3	1406
2002	4	279
2002	5	890
2002	6	444
2002	7	795
2002	8	516
2002	9	1685
2002	10	892
2002	11	1134
2002	12	1458
2003	1	545
2003	2	1329
2003	3	1713
2003	4	1311
2003	5	1510
2003	6	982
2003	7	2488
2003	8	1503
2003	9	301
2003	10	725
2003	11	563
2003	12	595
2004	1	543
2004	2	1398
2004	3	287
2004	4	266
2004	5	289
2004	6	1730
2004	7	390
2004	8	301
2004	9	3477
2004	10	170
2004	11	1340
2004	12	353
2005	1	577
2005	2	1108
2005	3	1194
2005	4	1044
2005	5	902
2005	6	2024
2005	7	1660
2005	8	1294
2005	9	13
2005	10	892
2005	11	577
2005	12	1406
2006	1	1119
2006	2	1005
2006	3	515
2006	4	297
2006	5	403
2006	6	558
2006	7	826
2006	8	518
2006	9	1064
2006	10	1054
2006	11	786
2006	12	884
2007	1	1194
2007	2	605
2007	3	808
2007	4	409
2007	5	533
2007	6	618
2007	7	1693
2007	8	76
2007	9	133
2007	10	273
2007	11	433
2007	12	1312
2008	1	612
2008	2	1016
2008	3	1152
2008	4	887
2008	5	463
2008	6	898
2008	7	1523
2008	8	879
2008	9	288
2008	10	1005
2008	11	837
2008	12	1001
2009	1	656
2009	2	622
2009	3	1938
2009	4	880
2009	5	1591
2009	6	1081
2009	7	475
2009	8	1025
2009	9	1491
2009	10	2380
2009	11	1417
2009	12	1809
2010	1	1554
2010	2	1062
2010	3	530
2010	4	340
2010	5	647
2010	6	828
2010	7	472
2010	8	1805
2010	9	920
2010	10	417
2010	11	373
2010	12	802
2011	1	740
2011	2	793
2011	3	1592
2011	4	679
2011	5	644
2011	6	1067
2011	7	500
2011	8	532
2011	9	355
2011	10	622
2011	11	857
2011	12	853
2012	1	695
2012	2	538
2012	3	456
2012	4	351
2012	5	594
2012	6	1000
2012	7	1245
2012	8	1564
2012	9	257
2012	10	338
2012	11	307
2012	12	1311
2013	1	878
2013	2	1285
2013	3	998
2013	4	951
2013	5	1059
2013	6	1132
2013	7	2597
2013	8	1074
2013	9	528
2013	10	91
2013	11	878
2013	12	2507
2014	1	834
2014	2	814
2014	3	1252
2014	4	953
2014	5	538
2014	6	637
2014	7	623
2014	8	634
2014	9	1426
2014	10	877
2014	11	1010
2014	12	1168
2015	1	853
2015	2	1003
2015	3	1051
2015	4	1084
2015	5	178
2015	6	1351
2015	7	723
2015	8	1622
2015	9	1492
2015	10	2124
