1894	6	232
1894	7	296
1894	8	279
1894	9	176
1894	10	29
1894	11	71
1895	5	721
1895	6	608
1895	7	642
1895	8	637
1895	9	66
1895	10	289
1895	11	109
1895	12	106
1896	1	105
1896	2	153
1896	3	298
1896	4	339
1896	5	309
1896	6	55
1896	7	720
1896	9	518
1896	10	396
1896	11	76
1896	12	108
1897	1	109
1897	2	321
1897	3	360
1897	4	294
1897	5	424
1897	6	451
1897	7	607
1897	8	1312
1897	9	210
1897	10	662
1897	11	110
1897	12	185
1898	3	155
1898	4	333
1898	5	1073
1898	6	439
1898	7	738
1898	8	384
1898	9	201
1898	10	226
1898	11	144
1898	12	224
1899	1	99
1899	2	103
1899	4	214
1899	5	113
1899	6	168
1899	7	715
1899	8	312
1899	9	183
1899	10	385
1899	11	68
1899	12	219
1900	1	23
1900	2	129
1900	3	108
1900	4	2277
1900	5	152
1900	6	299
1900	8	176
1900	9	84
1900	10	198
1900	11	182
1900	12	67
1901	1	59
1901	2	35
1901	3	270
1901	4	326
1901	5	583
1901	6	367
1901	7	510
1901	8	475
1901	9	152
1901	10	109
1901	11	43
1901	12	104
1902	1	27
1902	2	68
1902	4	190
1902	5	637
1902	7	310
1902	8	519
1902	9	526
1902	10	61
1902	11	382
1902	12	161
1903	1	36
1903	2	292
1903	3	117
1903	4	234
1903	5	195
1903	6	789
1903	7	353
1903	8	772
1903	9	129
1903	10	597
1903	11	43
1903	12	147
1904	1	15
1904	2	76
1904	3	150
1904	4	234
1904	5	478
1904	6	793
1904	7	542
1904	8	776
1904	9	475
1904	10	135
1904	11	0
1904	12	73
1905	1	195
1905	2	119
1905	3	481
1905	4	912
1905	5	516
1905	6	41
1905	7	549
1905	8	190
1905	9	370
1905	10	158
1905	11	16
1905	12	26
1906	1	23
1906	2	10
1906	3	489
1906	4	837
1906	5	269
1906	6	150
1906	7	563
1906	8	559
1906	9	661
1906	10	550
1906	11	155
1906	12	5
1907	1	0
1907	2	0
1907	3	76
1907	4	483
1907	5	340
1907	6	132
1907	7	501
1907	8	694
1907	9	156
1907	10	224
1907	11	30
1907	12	153
1908	1	36
1908	2	29
1908	3	38
1908	4	81
1908	5	524
1908	6	125
1908	7	410
1908	8	650
1908	9	188
1908	10	267
1908	11	316
1908	12	102
1909	1	56
1909	2	206
1909	3	221
1909	4	516
1909	5	390
1909	6	137
1909	7	342
1909	8	818
1909	9	889
1909	10	104
1909	11	424
1909	12	170
1910	1	0
1910	2	280
1910	3	102
1910	4	446
1910	5	795
1910	6	389
1910	7	1923
1910	8	382
1910	9	382
1910	10	382
1910	11	128
1910	12	228
1911	1	63
1911	2	319
1911	3	126
1911	4	229
1911	5	266
1911	6	470
1911	7	1652
1911	8	541
1911	9	279
1911	10	355
1911	11	206
1911	12	100
1912	1	38
1912	2	458
1912	3	275
1912	4	324
1912	5	965
1912	6	640
1912	7	1155
1912	8	367
1912	9	444
1912	10	116
1912	11	0
1912	12	104
1913	1	128
1913	2	196
1913	3	66
1913	4	462
1913	5	86
1913	6	305
1913	7	465
1913	8	696
1913	9	506
1913	10	322
1913	11	76
1913	12	1225
1914	1	0
1914	2	20
1914	3	261
1914	4	716
1914	5	623
1914	6	455
1914	7	1723
1914	8	394
1914	9	97
1914	10	257
1914	11	0
1914	12	41
1915	1	122
1915	2	94
1915	3	259
1915	4	554
1915	5	633
1915	6	365
1915	7	256
1915	8	950
1915	9	429
1915	10	201
1915	11	51
1915	12	134
1916	1	99
1916	2	3
1916	3	100
1916	4	561
1916	5	470
1916	6	0
1916	7	684
1916	8	1237
1916	9	307
1916	10	415
1916	11	137
1916	12	137
1917	1	47
1917	2	100
1917	3	345
1917	4	367
1917	5	856
1917	6	213
1917	7	695
1917	8	641
1917	9	251
1917	10	123
1917	11	85
1917	12	26
1918	1	210
1918	2	214
1918	3	531
1918	4	696
1918	5	262
1918	6	394
1918	7	740
1918	8	341
1918	9	513
1918	10	141
1918	11	262
1918	12	249
1919	1	20
1919	2	174
1919	3	291
1919	4	790
1919	5	35
1919	6	451
1919	7	753
1919	8	486
1919	9	586
1919	10	218
1919	11	292
1919	12	89
1920	1	153
1920	2	153
1920	3	203
1920	4	906
1920	5	194
1920	6	173
1920	7	695
1920	8	587
1920	9	68
1920	10	378
1920	11	38
1920	12	211
1921	1	127
1921	2	36
1921	3	228
1921	4	1394
1921	5	56
1921	6	1334
1921	7	669
1921	8	422
1921	9	90
1921	10	276
1921	11	368
1921	12	249
1922	1	99
1922	2	46
1922	3	323
1922	4	569
1922	5	351
1922	6	243
1922	7	687
1922	8	1090
1922	9	18
1922	10	267
1922	11	341
1922	12	66
1923	1	13
1923	2	192
1923	3	239
1923	4	125
1923	5	318
1923	6	617
1923	7	782
1923	8	943
1923	9	443
1923	10	1096
1923	11	56
1923	12	262
1924	1	31
1924	2	0
1924	3	183
1924	4	411
1924	5	722
1924	6	26
1924	7	227
1924	8	130
1924	9	188
1924	10	354
1924	11	5
1924	12	232
1925	1	30
1925	2	91
1925	3	127
1925	4	16
1925	5	613
1925	6	279
1925	7	959
1925	8	799
1925	9	351
1925	10	435
1925	11	117
1925	12	157
1926	1	117
1926	2	61
1926	3	353
1926	4	877
1926	5	480
1926	6	301
1926	7	648
1926	8	417
1926	9	217
1926	10	117
1926	11	61
1926	12	175
1927	1	10
1927	2	95
1927	3	605
1927	4	283
1927	5	302
1927	6	794
1927	7	357
1927	8	691
1927	9	319
1927	10	10
1927	11	118
1927	12	68
1928	1	10
1928	2	105
1928	3	373
1928	4	191
1928	5	1013
1928	6	302
1928	7	622
1928	8	189
1928	9	117
1928	10	236
1928	11	391
1928	12	33
1929	1	21
1929	2	105
1929	3	347
1929	4	102
1929	5	332
1929	6	79
1929	7	1471
1929	8	1349
1929	9	420
1929	10	220
1929	11	197
1929	12	66
1930	1	104
1930	2	62
1930	3	146
1930	4	289
1930	5	663
1930	6	205
1930	7	1233
1930	8	1477
1930	9	308
1930	10	137
1930	11	176
1930	12	89
1931	1	84
1931	2	164
1931	3	220
1931	4	327
1931	5	487
1931	6	379
1931	7	116
1931	8	353
1931	9	213
1931	10	155
1931	11	143
1931	12	0
1932	1	48
1932	2	84
1932	3	105
1932	4	369
1932	5	251
1932	6	159
1932	7	1197
1932	8	337
1932	9	172
1932	10	337
1932	11	41
1932	12	62
1933	1	0
1933	2	18
1933	3	320
1933	4	1361
1933	5	351
1933	6	422
1933	7	696
1933	8	614
1933	9	774
1933	10	0
1933	11	69
1933	12	450
1934	1	18
1934	2	341
1934	3	74
1934	4	401
1934	5	248
1934	6	403
1934	7	203
1934	8	694
1934	9	76
1934	10	5
1934	11	198
1934	12	36
1935	1	0
1935	2	181
1935	3	0
1935	4	409
1935	5	1035
1935	6	233
1935	7	820
1935	8	679
1935	9	348
1935	10	203
1935	11	45
1935	12	13
1936	1	21
1936	2	117
1936	3	272
1936	4	85
1936	5	866
1936	6	185
1936	7	462
1936	8	505
1936	9	603
1936	10	162
1936	11	46
1936	12	33
1937	1	28
1937	2	181
1937	3	99
1937	4	219
1937	5	250
1937	6	822
1937	7	314
1937	8	213
1937	9	271
1937	10	304
1937	11	105
1937	12	66
1938	1	25
1938	2	97
1938	3	286
1938	4	990
1938	5	605
1938	6	373
1938	7	196
1938	8	1075
1938	9	704
1938	10	51
1938	11	181
1938	12	218
1939	1	127
1939	2	142
1939	3	119
1939	4	170
1939	5	203
1939	6	10
1939	7	589
1939	8	195
1939	9	125
1939	10	61
1939	11	53
1939	12	64
1940	1	234
1940	2	124
1940	3	416
1940	4	336
1940	5	440
1940	6	124
1940	7	876
1940	8	346
1940	9	1057
1940	10	46
1940	11	71
1940	12	82
1941	1	130
1941	2	38
1941	3	344
1941	4	355
1941	5	279
1941	6	307
1941	7	490
1941	8	496
1941	9	592
1941	10	876
1941	11	89
1941	12	224
1942	1	152
1942	2	140
1942	3	330
1942	4	1614
1942	5	231
1942	6	429
1942	7	358
1942	8	660
1942	9	226
1942	10	429
1942	11	64
1942	12	119
1943	1	64
1943	2	48
1943	3	237
1943	4	204
1943	5	545
1943	6	239
1943	7	317
1943	8	398
1943	9	13
1943	10	56
1943	11	205
1943	12	104
1944	1	170
1944	2	72
1944	3	381
1944	4	857
1944	5	480
1944	6	56
1944	7	705
1944	8	332
1944	9	15
1944	10	23
1944	11	114
1944	12	64
1945	1	149
1945	2	104
1945	3	119
1945	4	626
1945	5	118
1945	6	141
1945	7	683
1945	8	997
1945	9	164
1945	10	384
1945	11	46
1945	12	72
1946	1	191
1946	2	142
1946	3	147
1946	4	381
1946	5	325
1946	6	252
1946	7	537
1946	8	861
1946	9	191
1946	10	167
1946	11	843
1946	12	15
1947	1	120
1947	2	103
1947	3	152
1947	4	450
1947	5	699
1947	6	485
1947	7	933
1947	8	633
1947	9	141
1947	10	842
1947	11	242
1947	12	38
1948	1	290
1948	2	239
1948	3	276
1948	4	590
1948	5	272
1948	6	414
1948	7	357
1948	8	170
1948	9	160
1948	10	53
1948	11	106
1948	12	66
1949	1	131
1949	2	91
1949	3	307
1949	4	579
1949	5	769
1949	6	715
1949	7	997
1949	8	183
1949	9	25
1949	10	185
1949	11	10
1949	12	25
1950	1	224
1950	2	215
1950	3	150
1950	4	465
1950	5	494
1950	6	399
1950	7	878
1950	8	230
1950	9	352
1950	10	41
1950	11	177
1950	12	10
1951	1	205
1951	2	178
1951	3	339
1951	4	294
1951	5	389
1951	6	481
1951	7	618
1951	8	706
1951	9	143
1951	10	207
1951	11	147
1951	12	190
1952	1	5
1952	2	84
1952	3	236
1952	4	728
1952	5	737
1952	6	0
1952	7	424
1952	8	716
1952	9	13
1952	10	0
1952	11	219
1952	12	102
1953	1	96
1953	2	173
1953	3	233
1953	4	620
1953	5	520
1953	6	280
1953	7	858
1953	8	542
1953	9	0
1953	10	99
1953	11	97
1953	12	183
1954	1	63
1954	2	163
1954	3	202
1954	4	104
1954	5	496
1954	6	91
1954	7	991
1954	8	449
1954	9	410
1954	10	48
1954	11	193
1954	12	114
1955	1	68
1955	2	200
1955	3	340
1955	4	165
1955	5	1000
1955	6	180
1955	7	568
1955	8	1469
1955	9	297
1955	10	43
1955	11	89
1955	12	63
1956	1	91
1956	2	116
1956	3	263
1956	4	422
1956	5	481
1956	6	94
1956	7	473
1956	8	487
1956	9	0
1956	10	71
1956	11	232
1956	12	153
1957	1	243
1957	2	145
1957	3	214
1957	4	770
1957	5	1275
1957	6	460
1957	7	860
1957	8	401
1957	9	254
1957	10	429
1957	11	324
1957	12	69
1958	1	121
1958	2	28
1958	3	405
1958	4	330
1958	5	744
1958	6	164
1958	7	516
1958	8	370
1958	9	353
1958	10	115
1958	11	104
1958	12	109
1959	1	188
1959	2	128
1959	3	444
1959	4	416
1959	5	526
1959	6	203
1959	7	257
1959	8	480
1959	9	551
1959	10	569
1959	11	140
1959	12	69
1960	1	136
1960	2	483
1960	3	229
1960	4	374
1960	5	531
1960	6	74
1960	7	471
1960	8	78
1960	9	315
1960	10	488
1960	11	127
1960	12	236
1961	1	15
1961	2	235
1961	3	243
1961	4	412
1961	5	364
1961	6	483
1961	7	642
1961	8	1088
1961	9	934
1961	10	158
1961	11	242
1961	12	81
1962	1	357
1962	2	145
1962	3	97
1962	4	317
1962	5	135
1962	6	294
1962	7	587
1962	8	110
1962	9	80
1962	10	94
1962	11	183
1962	12	63
1963	1	92
1963	2	59
1963	3	239
1963	4	0
1963	5	46
1963	6	486
1963	7	472
1963	8	1635
1963	9	614
1963	10	198
1963	11	130
1963	12	172
1964	1	43
1964	2	310
1964	3	408
1964	4	173
1964	5	351
1964	6	483
1964	7	255
1964	8	473
1964	9	155
1964	10	15
1964	11	313
1964	12	84
1965	1	76
1965	2	251
1965	3	285
1965	4	370
1965	5	258
1965	6	734
1965	7	1196
1965	8	416
1965	9	643
1965	10	63
1965	11	53
1965	12	120
1966	1	150
1966	2	176
1966	3	142
1966	4	374
1966	5	253
1966	6	634
1966	7	934
1966	8	423
1966	9	271
1966	10	196
1966	11	117
1966	12	25
1967	1	92
1967	2	115
1967	3	59
1967	4	691
1967	5	669
1967	6	360
1967	7	1034
1967	8	738
1967	9	241
1967	10	384
1967	11	139
1967	12	254
1968	1	38
1968	2	240
1968	3	185
1968	4	360
1968	5	153
1968	6	188
1968	7	808
1968	8	410
1968	9	358
1968	10	594
1968	11	241
1968	12	163
1969	1	33
1969	2	18
1969	3	389
1969	4	196
1969	5	1158
1969	6	689
1969	7	569
1969	8	991
1969	9	148
1969	10	1547
1969	11	147
1969	12	290
1970	1	23
1970	2	138
1970	3	674
1970	4	237
1970	5	288
1970	6	516
1970	7	771
1970	8	916
1970	9	590
1970	10	220
1970	11	408
1970	12	10
1971	1	53
1971	2	255
1971	3	153
1971	4	491
1971	5	307
1971	6	36
1971	7	1450
1971	8	485
1971	9	602
1971	10	335
1971	11	64
1971	12	85
1972	1	188
1972	2	171
1972	3	338
1972	4	297
1972	5	278
1972	6	274
1972	7	599
1972	8	809
1972	9	278
1972	10	219
1972	11	666
1972	12	281
1973	1	191
1973	2	0
1973	3	336
1973	4	1103
1973	5	1362
1973	6	189
1973	7	443
1973	8	97
1973	9	333
1973	10	167
1973	11	103
1973	12	757
1974	1	222
1974	2	196
1974	3	241
1974	4	625
1974	5	39
1974	6	393
1974	7	839
1974	8	393
1974	9	145
1974	10	453
1974	11	128
1974	12	119
1975	1	155
1975	2	143
1975	3	319
1975	4	396
1975	5	528
1975	6	467
1975	7	472
1975	8	533
1975	9	94
1975	10	223
1975	11	551
1975	12	61
1976	1	79
1976	2	44
1976	3	280
1976	4	506
1976	5	591
1976	6	403
1976	7	605
1976	8	617
1976	9	482
1976	10	478
1976	11	61
1976	12	76
1977	1	28
1977	2	143
1977	3	552
1977	4	466
1977	5	73
1977	6	435
1977	7	829
1977	8	973
1977	9	122
1977	10	41
1977	11	394
1977	12	23
1978	1	38
1978	2	91
1978	3	489
1978	4	279
1978	5	442
1978	6	421
1978	7	579
1978	8	115
1978	9	129
1978	10	323
1978	11	77
1978	12	257
1979	1	128
1979	2	117
1979	3	564
1979	4	475
1979	5	847
1979	6	615
1979	7	698
1979	8	485
1979	9	167
1979	10	302
1979	11	317
1979	12	297
1980	1	117
1980	2	74
1980	3	218
1980	4	798
1980	5	819
1980	6	69
1980	7	614
1980	8	406
1980	9	93
1980	10	49
1980	11	219
1980	12	0
1981	1	18
1981	2	161
1981	3	470
1981	4	83
1981	5	511
1981	6	555
1981	7	855
1981	8	930
1981	9	217
1981	10	337
1981	11	58
1981	12	160
1982	1	92
1982	2	55
1982	3	112
1982	4	99
1982	5	902
1982	6	1124
1982	7	785
1982	8	1136
1982	9	741
1982	10	251
1982	11	54
1982	12	643
1983	1	28
1983	2	175
1983	3	904
1983	4	328
1983	5	649
1983	6	730
1983	7	537
1983	8	567
1983	9	78
1983	10	10
1983	11	630
1983	12	158
1984	1	55
1984	2	236
1984	3	502
1984	4	526
1984	5	51
1984	6	304
1984	7	1285
1984	8	1234
1984	9	135
1984	10	976
1984	11	36
1984	12	84
1985	1	64
1985	2	245
1985	3	224
1985	4	448
1985	5	431
1985	6	278
1985	7	968
1985	8	409
1985	9	607
1985	10	164
1985	11	228
1985	12	201
1986	1	51
1986	2	152
1986	3	183
1986	4	508
1986	5	197
1986	6	579
1986	7	518
1986	8	715
1986	9	204
1986	10	435
1986	11	293
1986	12	142
1987	1	162
1987	2	417
1987	3	318
1987	4	132
1987	5	1147
1987	6	660
1987	7	265
1987	8	791
1987	9	161
1987	10	366
1987	11	281
1987	12	346
1988	1	97
1988	2	109
1988	3	388
1988	4	206
1988	5	602
1988	6	689
1988	7	215
1988	8	914
1988	9	284
1988	10	41
1988	11	93
1988	12	138
1989	1	232
1989	2	224
1989	3	53
1989	4	317
1989	5	381
1989	6	741
1989	7	481
1989	8	247
1989	9	294
1989	10	142
1989	11	79
1989	12	211
1990	1	54
1990	2	138
1990	3	1067
1990	4	488
1990	5	545
1990	6	64
1990	7	884
1990	8	631
1990	9	781
1990	10	396
1990	11	254
1990	12	77
1991	1	100
1991	2	48
1991	3	158
1991	4	308
1991	5	661
1991	6	785
1991	7	926
1991	8	991
1991	9	61
1991	10	167
1991	11	582
1991	12	28
1992	1	106
1992	2	30
1992	3	625
1992	4	149
1992	5	265
1992	6	1202
1992	7	701
1992	8	863
1992	9	15
1992	10	273
1992	11	242
1992	12	79
1993	1	59
1993	2	165
1993	3	196
1993	4	342
1993	5	421
1993	6	364
1993	7	174
1993	8	623
1993	9	456
1993	10	437
1993	11	101
1993	12	129
1994	1	148
1994	2	86
1994	3	265
1994	4	601
1994	5	607
1994	6	474
1994	7	273
1994	8	1043
1994	9	249
1994	10	334
1994	11	114
1994	12	112
1995	1	38
1995	2	237
1995	3	474
1995	4	836
1995	5	801
1995	6	894
1995	7	651
1995	8	503
1995	9	335
1995	10	53
1995	11	69
1995	12	15
1996	1	239
1996	2	30
1996	3	229
1996	4	417
1996	5	475
1996	6	316
1996	7	487
1996	8	441
1996	9	682
1996	10	104
1996	11	131
1996	12	53
1997	1	53
1997	2	217
1997	3	189
1997	4	582
1997	5	319
1997	6	548
1997	7	361
1997	8	1512
1997	9	257
1997	10	770
1997	11	264
1997	12	127
1998	1	53
1998	2	49
1998	3	353
1998	4	460
1998	5	324
1998	6	336
1998	7	1268
1998	8	418
1998	9	327
1998	10	105
1998	11	139
1998	12	109
1999	1	71
1999	2	68
1999	3	120
1999	4	920
1999	5	735
1999	6	484
1999	7	276
1999	8	1000
1999	9	175
1999	10	182
1999	11	132
1999	12	172
2000	1	270
2000	2	51
2000	3	427
2000	4	386
2000	5	262
2000	6	199
2000	7	546
2000	8	1078
2000	9	625
2000	10	76
2000	11	138
2000	12	85
2001	1	92
2001	2	155
2001	3	390
2001	4	392
2001	5	509
2001	6	470
2001	7	432
2001	8	576
2001	9	248
2001	10	0
2001	11	137
2001	12	36
2002	1	127
2002	2	62
2002	3	191
2002	4	0
2002	5	252
2002	6	287
2002	7	349
2002	8	217
2002	9	497
2002	10	364
2002	11	41
2002	12	5
2003	1	51
2003	2	237
2003	3	1032
2003	4	165
2003	5	173
2003	6	370
2003	7	77
2003	8	639
2003	9	45
2003	10	40
2003	11	91
2003	12	111
2004	1	114
2004	2	237
2004	3	127
2004	4	794
2004	5	207
2004	6	751
2004	7	629
2004	8	767
2004	9	354
2004	10	232
2004	11	438
2004	12	38
2005	1	340
2005	2	18
2005	3	446
2005	4	793
2005	5	289
2005	6	253
2005	7	178
2005	8	610
2005	9	302
2005	10	288
2005	11	89
2005	12	116
2006	1	115
2006	2	59
2006	3	185
2006	4	125
2006	5	173
2006	6	264
2006	7	900
2006	8	1106
2006	9	441
2006	10	721
2006	11	139
2006	12	663
2007	1	293
2007	2	95
2007	3	333
2007	4	310
2007	5	671
2007	6	485
2007	7	527
2007	8	1163
2007	9	157
2007	10	124
2007	11	71
2007	12	292
2008	1	158
2008	2	237
2008	3	310
2008	4	326
2008	5	188
2008	6	85
2008	7	115
2008	8	985
2008	9	389
2008	10	165
2008	11	89
2008	12	95
2009	1	115
2009	2	23
2009	3	145
2009	4	717
2009	5	457
2009	6	778
2009	7	1412
2009	8	197
2009	9	477
2009	10	471
2009	11	211
2009	12	143
2010	1	61
2010	2	161
2010	3	352
2010	4	275
2010	5	100
2010	6	285
2010	7	585
2010	8	821
2010	9	10
2010	10	210
2010	11	64
2010	12	122
2011	1	102
2011	2	215
2011	3	80
2011	4	231
2011	5	361
2011	6	58
2011	7	589
2011	8	663
2011	9	365
2011	10	99
2011	11	0
2011	12	183
2012	1	36
2012	2	149
2012	3	13
2012	4	357
2012	5	511
2012	6	59
2012	7	739
2012	8	198
2012	9	514
2012	10	174
2012	11	0
2012	12	234
2013	1	43
2013	2	232
2013	3	183
2013	4	199
2013	5	563
2013	6	120
2013	7	696
2013	8	414
2013	9	993
2013	10	46
2013	11	43
2013	12	199
2014	1	316
2014	2	93
2014	3	320
2014	4	305
2014	5	737
2014	6	328
2014	7	1269
2014	8	539
2014	9	583
2014	10	323
2014	11	62
2014	12	112
2015	1	128
2015	2	262
2015	3	165
2015	4	448
2015	5	1367
2015	6	628
2015	7	858
2015	8	447
2015	9	170
2015	10	323
