1868	12	38
1869	1	20
1869	2	127
1869	3	15
1869	4	244
1869	5	790
1869	6	889
1869	7	229
1869	8	1260
1869	9	269
1869	10	0
1869	11	157
1869	12	102
1870	1	178
1870	2	140
1870	3	610
1870	4	533
1870	5	701
1870	6	417
1870	7	635
1870	8	343
1870	9	579
1870	10	279
1870	11	25
1870	12	0
1871	1	229
1871	2	381
1871	3	427
1871	4	668
1871	5	572
1871	6	381
1871	7	1143
1871	8	64
1871	9	0
1871	10	51
1871	11	76
1871	12	28
1872	1	0
1872	2	25
1872	3	64
1872	4	930
1872	5	757
1872	6	594
1872	7	1646
1872	8	389
1872	9	53
1872	10	5
1872	11	325
1872	12	145
1873	1	254
1873	2	74
1873	3	124
1873	4	269
1873	5	805
1873	6	820
1873	7	472
1873	8	676
1873	9	18
1873	10	142
1873	11	38
1873	12	20
1874	1	23
1874	2	43
1874	3	234
1874	4	53
1874	5	1283
1874	6	1585
1874	7	170
1874	8	145
1874	9	46
1874	10	384
1874	11	140
1874	12	20
1875	1	135
1875	2	231
1875	3	147
1875	4	406
1875	5	665
1875	6	599
1875	7	130
1875	8	828
1875	9	226
1875	10	97
1875	11	51
1875	12	38
1876	1	23
1876	2	25
1876	3	231
1876	4	272
1876	5	348
1876	6	1080
1876	7	505
1876	8	1052
1876	9	1039
1876	10	114
1876	11	132
1876	12	142
1877	1	257
1877	2	8
1877	3	640
1877	4	1052
1877	5	1021
1877	6	447
1877	7	937
1877	8	213
1877	9	112
1877	10	282
1877	11	224
1877	12	630
1878	1	5
1878	2	64
1878	3	36
1878	4	993
1878	5	881
1878	6	439
1878	7	1892
1878	8	203
1878	9	246
1878	10	127
1878	11	99
1878	12	142
1879	1	38
1879	2	58
1879	3	61
1879	4	305
1879	5	1194
1879	6	1560
1879	7	1613
1879	8	612
1879	9	140
1879	10	239
1879	11	8
1879	12	142
1880	1	224
1880	2	165
1880	3	259
1880	4	434
1880	5	478
1880	6	597
1880	7	490
1880	8	1336
1880	9	30
1880	10	36
1880	11	41
1880	12	142
1881	1	84
1881	2	345
1881	3	137
1881	4	254
1881	5	752
1881	6	767
1881	7	465
1881	8	127
1881	9	635
1881	10	127
1881	11	79
1881	12	0
1882	1	58
1882	2	23
1882	3	107
1882	4	650
1882	5	460
1882	6	810
1882	7	538
1882	8	51
1882	9	272
1882	10	36
1882	11	79
1882	12	15
1883	1	43
1883	2	112
1883	3	170
1883	4	681
1883	5	909
1883	6	859
1883	7	833
1883	8	782
1883	9	20
1883	10	348
1883	11	0
1883	12	300
1884	1	224
1884	2	89
1884	3	221
1884	4	36
1884	5	91
1884	6	762
1884	7	653
1884	8	183
1884	9	193
1884	10	264
1884	11	43
1884	12	160
1885	1	94
1885	2	76
1885	3	15
1885	4	605
1885	5	686
1885	6	1300
1885	7	688
1885	8	1143
1885	9	450
1885	10	30
1885	11	165
1885	12	36
1886	1	46
1886	2	25
1886	3	168
1886	4	919
1886	5	218
1886	6	823
1886	7	620
1886	8	358
1886	9	112
1886	10	124
1886	11	406
1886	12	244
1887	1	262
1887	2	46
1887	3	0
1887	4	229
1887	5	325
1887	6	732
1887	7	772
1887	8	792
1887	9	89
1887	10	216
1887	11	33
1887	12	127
1888	1	94
1888	2	89
1888	3	124
1888	4	135
1888	5	668
1888	6	947
1888	7	881
1888	8	635
1888	9	30
1888	10	53
1888	11	28
1888	12	66
1889	1	178
1889	2	117
1889	3	150
1889	4	726
1889	5	752
1889	6	417
1889	7	851
1889	8	257
1889	9	277
1889	10	20
1889	11	48
1889	12	91
1890	1	38
1890	2	51
1890	3	71
1890	4	147
1890	5	323
1890	6	1628
1890	7	64
1890	8	155
1890	9	391
1890	10	137
1890	11	257
1890	12	112
1891	1	71
1891	2	198
1891	3	165
1891	4	671
1891	5	503
1891	6	541
1891	7	198
1891	8	358
1891	9	348
1891	10	135
1891	11	84
1891	12	76
1892	1	76
1892	2	127
1892	3	254
1892	4	1224
1892	5	673
1892	6	919
1892	7	262
1892	8	376
1892	9	135
1892	10	188
1892	11	79
1892	12	183
1893	1	196
1893	2	117
1893	3	371
1893	4	535
1893	5	512
1893	6	440
1893	7	581
1893	8	87
1893	9	0
1893	10	398
1893	11	101
1893	12	160
1894	1	392
1894	2	10
1894	3	407
1894	4	315
1894	5	117
1894	6	290
1894	7	206
1894	8	53
1894	9	185
1894	10	147
1894	11	38
1894	12	20
1895	1	180
1895	2	135
1895	3	470
1895	4	729
1895	5	305
1895	6	1547
1895	7	229
1895	8	478
1895	9	91
1895	10	0
1895	11	114
1895	12	3
1896	1	157
1896	2	94
1896	3	216
1896	4	940
1896	5	76
1896	6	701
1896	7	861
1896	8	216
1896	9	447
1896	10	140
1896	11	488
1896	12	71
1897	1	422
1897	2	74
1897	3	632
1897	4	892
1897	5	114
1897	6	791
1897	7	962
1897	8	538
1897	9	36
1897	10	102
1897	11	104
1897	12	119
1898	1	3
1898	2	34
1898	3	152
1898	4	202
1898	5	932
1898	6	157
1898	7	816
1898	8	199
1898	9	66
1898	10	39
1898	11	43
1898	12	64
1899	1	88
1899	2	181
1899	3	521
1899	4	110
1899	5	1369
1899	6	808
1899	7	732
1899	8	508
1899	9	384
1899	10	192
1899	11	81
1899	12	105
1900	1	12
1900	2	91
1900	3	430
1900	4	503
1900	5	42
1900	6	881
1900	7	858
1900	8	485
1900	9	684
1900	10	128
1900	11	85
1900	12	80
1901	1	20
1901	2	137
1901	3	277
1901	4	320
1901	5	159
1901	6	1127
1901	7	448
1901	8	821
1901	9	305
1901	10	450
1901	11	46
1901	12	218
1902	1	92
1902	2	181
1902	3	382
1902	4	368
1902	5	211
1902	6	1399
1902	7	326
1902	8	1225
1902	9	179
1902	10	127
1902	11	44
1902	12	563
1903	1	66
1903	2	92
1903	3	263
1903	4	418
1903	5	438
1903	6	545
1903	7	1185
1903	8	1075
1903	9	501
1903	10	88
1903	11	109
1903	12	189
1904	1	160
1904	2	211
1904	3	84
1904	4	222
1904	5	156
1904	6	632
1904	7	371
1904	8	279
1904	9	51
1904	10	41
1904	11	35
1904	12	87
1905	1	89
1905	2	43
1905	3	336
1905	4	361
1905	5	1102
1905	6	854
1905	7	1223
1905	8	530
1905	9	72
1905	10	416
1905	11	158
1905	12	0
1906	1	94
1906	2	25
1906	3	132
1906	4	589
1906	5	1162
1906	6	422
1906	7	259
1906	8	1309
1906	9	507
1906	10	775
1906	11	115
1906	12	213
1907	1	218
1907	2	108
1907	3	35
1907	4	158
1907	5	870
1907	6	314
1907	7	697
1907	8	449
1907	9	419
1907	10	211
1907	11	0
1907	12	87
1908	1	41
1908	2	114
1908	3	312
1908	4	358
1908	5	1012
1908	6	478
1908	7	771
1908	8	589
1908	9	66
1908	10	816
1908	11	125
1908	12	152
1909	1	68
1909	2	107
1909	3	5
1909	4	173
1909	5	702
1909	6	354
1909	7	186
1909	8	770
1909	9	303
1909	10	43
1909	11	316
1909	12	281
1910	1	239
1910	2	36
1910	3	389
1910	4	151
1910	5	207
1910	6	640
1910	7	478
1910	8	152
1910	9	288
1910	10	64
1910	11	58
1910	12	23
1911	1	15
1911	2	140
1911	3	34
1911	4	344
1911	5	424
1911	6	220
1911	7	380
1911	8	558
1911	9	691
1911	10	120
1911	11	120
1911	12	138
1912	1	51
1912	2	77
1912	3	115
1912	4	227
1912	5	426
1912	6	233
1912	7	819
1912	8	978
1912	9	472
1912	10	26
1912	11	0
1912	12	3
1913	1	0
1913	2	64
1913	3	213
1913	4	296
1913	5	951
1913	6	82
1913	7	538
1913	8	348
1913	9	142
1913	10	135
1913	11	28
1913	12	109
1914	1	109
1914	2	343
1914	3	201
1914	4	453
1914	5	901
1914	6	1454
1914	7	389
1914	8	556
1914	9	201
1914	10	495
1914	11	0
1914	12	56
1915	1	185
1915	2	460
1915	3	148
1915	4	667
1915	5	652
1915	6	996
1915	7	1554
1915	8	140
1915	9	554
1915	10	305
1915	11	213
1915	12	64
1916	1	269
1916	2	64
1916	3	112
1916	4	269
1916	5	1476
1916	6	592
1916	7	635
1916	8	1181
1916	9	269
1916	10	170
1916	11	20
1916	12	155
1917	1	213
1917	2	94
1917	3	135
1917	4	607
1917	5	691
1917	6	213
1917	7	681
1917	8	490
1917	9	465
1917	10	5
1917	11	0
1917	12	183
1918	1	274
1918	2	160
1918	3	5
1918	4	655
1918	5	712
1918	6	402
1918	7	518
1918	8	584
1918	9	163
1918	10	104
1918	11	114
1918	12	368
1919	1	10
1919	2	328
1919	3	330
1919	4	738
1919	5	676
1919	6	676
1919	7	711
1919	8	569
1919	9	404
1919	10	556
1919	11	323
1919	12	30
1920	1	41
1920	2	66
1920	3	452
1920	4	855
1920	5	1282
1920	6	1051
1920	7	714
1920	8	526
1920	9	249
1920	10	318
1920	11	180
1920	12	53
1921	1	53
1921	2	13
1921	3	126
1921	4	315
1921	5	1190
1921	6	184
1921	7	1249
1921	8	404
1921	9	815
1921	10	325
1921	11	125
1921	12	68
1922	1	148
1922	2	155
1922	3	142
1922	4	150
1922	5	890
1922	6	1168
1922	7	722
1922	8	516
1922	9	48
1922	10	112
1922	11	679
1922	12	79
1923	1	36
1923	2	11
1923	3	174
1923	4	341
1923	5	411
1923	6	1441
1923	7	678
1923	8	956
1923	9	229
1923	10	155
1923	11	51
1923	12	61
1924	1	38
1924	2	185
1924	3	384
1924	4	250
1924	5	62
1924	6	1317
1924	7	282
1924	8	697
1924	9	483
1924	10	350
1924	11	114
1924	12	180
1925	1	155
1925	2	86
1925	3	13
1925	4	242
1925	5	138
1925	6	922
1925	7	705
1925	8	290
1925	9	166
1925	10	65
1925	11	109
1925	12	166
1926	1	334
1926	2	26
1926	3	8
1926	4	38
1926	5	844
1926	6	469
1926	7	1001
1926	8	158
1926	9	223
1926	10	664
1926	11	97
1926	12	58
1927	1	78
1927	2	24
1927	3	110
1927	4	899
1927	5	1310
1927	6	656
1927	7	256
1927	8	734
1927	9	153
1927	10	303
1927	11	95
1927	12	283
1928	1	36
1928	2	21
1928	3	247
1928	4	252
1928	5	331
1928	6	554
1928	7	816
1928	8	410
1928	9	125
1928	10	552
1928	11	172
1928	12	48
1929	1	242
1929	2	127
1929	3	313
1929	4	836
1929	5	421
1929	6	467
1929	7	202
1929	8	173
1929	9	326
1929	10	678
1929	11	136
1929	12	22
1930	1	73
1930	2	292
1930	3	168
1930	4	862
1930	5	455
1930	6	340
1930	7	176
1930	8	636
1930	9	91
1930	10	595
1930	11	257
1930	12	6
1931	1	61
1931	2	34
1931	3	564
1931	4	102
1931	5	535
1931	6	348
1931	7	166
1931	8	145
1931	9	363
1931	10	104
1931	11	138
1931	12	221
1932	1	41
1932	2	30
1932	3	250
1932	4	596
1932	5	1230
1932	6	740
1932	7	274
1932	8	532
1932	9	201
1932	10	316
1932	11	6
1932	12	73
1933	1	8
1933	2	64
1933	3	570
1933	4	317
1933	5	550
1933	6	590
1933	7	354
1933	8	1089
1933	9	208
1933	10	13
1933	11	112
1933	12	222
1934	1	3
1934	2	46
1934	3	247
1934	4	204
1934	5	97
1934	6	460
1934	7	205
1934	8	159
1934	9	474
1934	10	312
1934	11	51
1934	12	106
1935	1	45
1935	2	208
1935	3	190
1935	4	1196
1935	5	460
1935	6	382
1935	7	87
1935	8	88
1935	9	41
1935	10	46
1935	11	10
1935	12	89
1936	1	139
1936	2	155
1936	3	230
1936	4	233
1936	5	462
1936	6	140
1936	7	26
1936	8	483
1936	9	170
1936	10	91
1936	11	229
1936	12	47
1937	1	164
1937	2	72
1937	3	482
1937	4	130
1937	5	713
1937	6	661
1937	7	724
1937	8	123
1937	9	16
1937	10	5
1937	11	54
1937	12	128
1938	1	107
1938	2	147
1938	3	336
1938	4	859
1938	5	578
1938	6	651
1938	7	531
1938	8	79
1938	9	545
1938	10	20
1938	11	125
1938	12	33
1939	1	297
1939	2	186
1939	3	43
1939	4	147
1939	5	775
1939	6	840
1939	7	387
1939	8	178
1939	9	303
1939	10	264
1939	11	0
1939	12	116
1940	1	53
1940	2	114
1940	3	425
1940	4	298
1940	5	13
1940	6	511
1940	7	173
1940	8	210
1940	9	113
1940	10	135
1940	11	127
1940	12	84
1941	1	168
1941	2	116
1941	3	105
1941	4	894
1941	5	1104
1941	6	976
1941	7	503
1941	8	562
1941	9	562
1941	10	518
1941	11	11
1941	12	42
1942	1	5
1942	2	84
1942	3	353
1942	4	848
1942	5	1395
1942	6	349
1942	7	594
1942	8	547
1942	9	699
1942	10	71
1942	11	106
1942	12	45
1943	1	191
1943	2	264
1943	3	185
1943	4	44
1943	5	440
1943	6	1519
1943	7	729
1943	8	292
1943	9	84
1943	10	304
1943	11	86
1943	12	15
1944	1	244
1944	2	273
1944	3	173
1944	4	262
1944	5	1021
1944	6	857
1944	7	1243
1944	8	1150
1944	9	143
1944	10	73
1944	11	504
1944	12	21
1945	1	128
1945	2	82
1945	3	317
1945	4	77
1945	5	422
1945	6	701
1945	7	360
1945	8	923
1945	9	526
1945	10	3
1945	11	0
1945	12	73
1946	1	8
1946	2	67
1946	3	285
1946	4	269
1946	5	883
1946	6	1158
1946	7	588
1946	8	958
1946	9	787
1946	10	605
1946	11	249
1946	12	82
1947	1	55
1947	2	34
1947	3	282
1947	4	312
1947	5	202
1947	6	1284
1947	7	98
1947	8	54
1947	9	95
1947	10	115
1947	11	235
1947	12	3
1948	1	16
1948	2	82
1948	3	44
1948	4	550
1948	5	669
1948	6	1220
1948	7	836
1948	8	658
1948	9	202
1948	10	163
1948	11	93
1948	12	30
1949	1	292
1949	2	11
1949	3	144
1949	4	420
1949	5	945
1949	6	186
1949	7	392
1949	8	532
1949	9	338
1949	10	910
1949	11	20
1949	12	160
1950	1	157
1950	2	282
1950	3	668
1950	4	66
1950	5	616
1950	6	199
1950	7	807
1950	8	446
1950	9	567
1950	10	125
1950	11	123
1950	12	48
1951	1	24
1951	2	168
1951	3	201
1951	4	265
1951	5	741
1951	6	973
1951	7	560
1951	8	1381
1951	9	167
1951	10	624
1951	11	14
1951	12	739
1952	1	247
1952	2	675
1952	3	275
1952	4	0
1952	5	355
1952	6	975
1952	7	204
1952	8	311
1952	9	89
1952	10	0
1952	11	165
1952	12	33
1953	1	236
1953	2	267
1953	3	445
1953	4	826
1953	5	363
1953	6	1414
1953	7	391
1953	8	1181
1953	9	39
1953	10	309
1953	11	81
1953	12	158
1954	1	35
1954	2	45
1954	3	486
1954	4	181
1954	5	318
1954	6	1842
1954	7	114
1954	8	478
1954	9	142
1954	10	527
1954	11	115
1954	12	33
1955	1	34
1955	2	491
1955	3	51
1955	4	367
1955	5	712
1955	6	1051
1955	7	390
1955	8	411
1955	9	284
1955	10	66
1955	11	262
1955	12	367
1956	1	172
1956	2	125
1956	3	253
1956	4	256
1956	5	706
1956	6	295
1956	7	848
1956	8	1165
1956	9	157
1956	10	376
1956	11	570
1956	12	82
1957	1	72
1957	2	184
1957	3	147
1957	4	758
1957	5	1088
1957	6	1090
1957	7	249
1957	8	448
1957	9	208
1957	10	324
1957	11	169
1957	12	16
1958	1	92
1958	2	377
1958	3	143
1958	4	556
1958	5	541
1958	6	856
1958	7	367
1958	8	178
1958	9	28
1958	10	51
1958	11	113
1958	12	54
1959	1	64
1959	2	160
1959	3	43
1959	4	161
1959	5	1143
1959	6	581
1959	7	609
1959	8	342
1959	9	943
1959	10	76
1959	11	183
1959	12	143
1960	1	168
1960	2	295
1960	3	222
1960	4	305
1960	5	977
1960	6	1298
1960	7	60
1960	8	840
1960	9	247
1960	10	59
1960	11	204
1960	12	199
1961	1	15
1961	2	36
1961	3	87
1961	4	212
1961	5	822
1961	6	337
1961	7	396
1961	8	119
1961	9	531
1961	10	76
1961	11	18
1961	12	142
1962	1	136
1962	2	352
1962	3	234
1962	4	130
1962	5	1643
1962	6	1573
1962	7	737
1962	8	153
1962	9	121
1962	10	261
1962	11	31
1962	12	48
1963	1	159
1963	2	79
1963	3	116
1963	4	520
1963	5	736
1963	6	950
1963	7	884
1963	8	190
1963	9	673
1963	10	534
1963	11	3
1963	12	67
1964	1	39
1964	2	43
1964	3	155
1964	4	1508
1964	5	786
1964	6	882
1964	7	810
1964	8	217
1964	9	33
1964	10	0
1964	11	21
1964	12	179
1965	1	70
1965	2	63
1965	3	303
1965	4	693
1965	5	832
1965	6	660
1965	7	267
1965	8	121
1965	9	853
1965	10	137
1965	11	71
1965	12	129
1966	1	98
1966	2	109
1966	3	372
1966	4	389
1966	5	214
1966	6	326
1966	7	985
1966	8	591
1966	9	491
1966	10	210
1966	11	219
1966	12	74
1967	1	118
1967	2	250
1967	3	86
1967	4	443
1967	5	612
1967	6	1801
1967	7	51
1967	8	95
1967	9	539
1967	10	194
1967	11	0
1967	12	217
1968	1	102
1968	2	58
1968	3	116
1968	4	911
1968	5	572
1968	6	1851
1968	7	945
1968	8	584
1968	9	198
1968	10	20
1968	11	54
1968	12	230
1969	1	157
1969	2	206
1969	3	101
1969	4	117
1969	5	482
1969	6	965
1969	7	1035
1969	8	242
1969	9	546
1969	10	250
1969	11	18
1969	12	211
1970	1	114
1970	2	98
1970	3	174
1970	4	624
1970	5	322
1970	6	987
1970	7	597
1970	8	1324
1970	9	617
1970	10	248
1970	11	183
1970	12	189
1971	1	92
1971	2	82
1971	3	51
1971	4	1142
1971	5	399
1971	6	1455
1971	7	124
1971	8	401
1971	9	313
1971	10	582
1971	11	237
1971	12	79
1972	1	111
1972	2	127
1972	3	241
1972	4	516
1972	5	1466
1972	6	619
1972	7	1217
1972	8	162
1972	9	3
1972	10	420
1972	11	117
1972	12	286
1973	1	119
1973	2	40
1973	3	417
1973	4	259
1973	5	625
1973	6	337
1973	7	229
1973	8	206
1973	9	607
1973	10	592
1973	11	113
1973	12	99
1974	1	13
1974	2	46
1974	3	197
1974	4	577
1974	5	1335
1974	6	145
1974	7	341
1974	8	206
1974	9	74
1974	10	188
1974	11	11
1974	12	14
1975	1	350
1975	2	72
1975	3	790
1975	4	848
1975	5	762
1975	6	1500
1975	7	427
1975	8	579
1975	9	1128
1975	10	447
1975	11	26
1975	12	118
1976	1	165
1976	2	213
1976	3	54
1976	4	305
1976	5	193
1976	6	116
1976	7	195
1976	8	290
1976	9	125
1976	10	20
1976	11	10
1976	12	122
1977	1	166
1977	2	120
1977	3	948
1977	4	343
1977	5	513
1977	6	1009
1977	7	715
1977	8	717
1977	9	697
1977	10	447
1977	11	396
1977	12	253
1978	1	159
1978	2	288
1978	3	70
1978	4	1103
1978	5	683
1978	6	597
1978	7	1002
1978	8	724
1978	9	152
1978	10	28
1978	11	82
1978	12	72
1979	1	146
1979	2	56
1979	3	318
1979	4	320
1979	5	346
1979	6	1443
1979	7	1319
1979	8	897
1979	9	21
1979	10	343
1979	11	43
1979	12	35
1980	1	83
1980	2	69
1980	3	140
1980	4	190
1980	5	365
1980	6	728
1980	7	313
1980	8	740
1980	9	20
1980	10	1080
1980	11	58
1980	12	139
1981	1	16
1981	2	21
1981	3	700
1981	4	89
1981	5	1015
1981	6	778
1981	7	1275
1981	8	548
1981	9	71
1981	10	336
1981	11	223
1981	12	82
1982	1	280
1982	2	11
1982	3	636
1982	4	211
1982	5	1839
1982	6	1127
1982	7	1317
1982	8	330
1982	9	274
1982	10	1370
1982	11	97
1982	12	33
1983	1	3
1983	2	5
1983	3	369
1983	4	263
1983	5	756
1983	6	1583
1983	7	79
1983	8	275
1983	9	340
1983	10	223
1983	11	394
1983	12	202
1984	1	18
1984	2	77
1984	3	219
1984	4	790
1984	5	827
1984	6	1413
1984	7	1318
1984	8	345
1984	9	297
1984	10	250
1984	11	91
1984	12	182
1985	1	316
1985	2	5
1985	3	442
1985	4	189
1985	5	359
1985	6	644
1985	7	707
1985	8	572
1985	9	652
1985	10	300
1985	11	655
1985	12	219
1986	1	111
1986	2	252
1986	3	346
1986	4	1621
1986	5	851
1986	6	810
1986	7	698
1986	8	366
1986	9	538
1986	10	217
1986	11	287
1986	12	0
1987	1	8
1987	2	594
1987	3	585
1987	4	46
1987	5	1102
1987	6	303
1987	7	397
1987	8	689
1987	9	168
1987	10	18
1987	11	54
1987	12	249
1988	1	57
1988	2	46
1988	3	13
1988	4	320
1988	5	702
1988	6	923
1988	7	168
1988	8	419
1988	9	363
1988	10	97
1988	11	196
1988	12	205
1989	1	57
1989	2	142
1989	3	396
1989	4	445
1989	5	316
1989	6	127
1989	7	468
1989	8	438
1989	9	1161
1989	10	346
1989	11	216
1989	12	153
1990	1	11
1990	2	105
1990	3	349
1990	4	729
1990	5	438
1990	6	814
1990	7	956
1990	8	356
1990	9	247
1990	10	109
1990	11	33
1990	12	216
1991	1	77
1991	2	365
1991	3	114
1991	4	678
1991	5	1296
1991	6	1600
1991	7	314
1991	8	134
1991	9	310
1991	10	706
1991	11	101
1991	12	28
1992	1	143
1992	2	142
1992	3	159
1992	4	120
1992	5	137
1992	6	1196
1992	7	1328
1992	8	437
1992	9	236
1992	10	140
1992	11	198
1992	12	62
1993	1	123
1993	2	146
1993	3	364
1993	4	634
1993	5	508
1993	6	760
1993	7	1269
1993	8	132
1993	9	416
1993	10	106
1993	11	539
1993	12	163
1994	1	168
1994	2	302
1994	3	23
1994	4	327
1994	5	562
1994	6	690
1994	7	1087
1994	8	582
1994	9	309
1994	10	847
1994	11	184
1994	12	117
1995	1	127
1995	2	169
1995	3	331
1995	4	842
1995	5	1145
1995	6	1492
1995	7	470
1995	8	1162
1995	9	164
1995	10	830
1995	11	146
1995	12	82
1996	1	194
1996	2	180
1996	3	96
1996	4	120
1996	5	1436
1996	6	151
1996	7	419
1996	8	264
1996	9	1767
1996	10	376
1996	11	251
1996	12	305
1997	1	580
1997	2	227
1997	3	178
1997	4	923
1997	5	1343
1997	6	1359
1997	7	1634
1997	8	846
1997	9	191
1997	10	728
1997	11	73
1997	12	14
1998	1	116
1998	2	156
1998	3	632
1998	4	285
1998	5	707
1998	6	1137
1998	7	479
1998	8	386
1998	9	5
1998	10	961
1998	11	383
1998	12	41
1999	1	103
1999	2	41
1999	3	112
1999	4	844
1999	5	1185
1999	6	1047
1999	7	260
1999	8	911
1999	9	1145
1999	10	188
1999	11	30
1999	12	64
2000	1	71
2000	2	28
2000	3	208
2000	4	310
2000	5	737
2000	6	671
2000	7	409
2000	8	90
2000	9	19
2000	10	220
2000	11	85
2000	12	17
2001	1	68
2001	2	21
2001	3	62
2001	4	643
2001	5	638
2001	6	645
2001	7	1015
2001	8	11
2001	9	514
2001	10	338
2001	11	384
2001	12	0
2002	1	82
2002	2	0
2002	3	59
2002	4	180
2002	5	165
2002	6	965
2002	7	650
2002	8	849
2002	9	550
2002	10	92
2002	11	11
2002	12	62
2003	1	101
2003	2	126
2003	3	129
2003	4	627
2003	5	960
2003	6	402
2003	7	352
2003	8	46
2003	9	310
2003	10	201
2003	11	167
2003	12	39
2004	1	54
2004	2	102
2004	3	593
2004	4	79
2004	5	712
2004	6	598
2004	7	511
2004	8	482
2004	9	1206
2004	10	334
2004	11	79
2004	12	11
2005	1	45
2005	2	25
2005	3	155
2005	4	557
2005	5	833
2005	6	914
2005	7	99
2005	8	100
2005	9	343
2005	10	93
2005	11	115
2005	12	114
2006	1	120
2006	2	34
2006	3	306
2006	4	181
2006	5	217
2006	6	231
2006	7	268
2006	8	703
2006	9	725
2006	10	32
2006	11	74
2006	12	16
2007	1	45
2007	2	142
2007	3	802
2007	4	370
2007	5	1136
2007	6	1195
2007	7	66
2007	8	853
2007	9	378
2007	10	1445
2007	11	8
2007	12	153
2008	1	59
2008	2	232
2008	3	218
2008	4	204
2008	5	943
2008	6	1947
2008	7	634
2008	8	249
2008	9	649
2008	10	344
2008	11	246
2008	12	291
2009	1	86
2009	2	391
2009	3	251
2009	4	498
2009	5	204
2009	6	568
2009	7	529
2009	8	960
2009	9	176
2009	10	1064
2009	11	35
2009	12	406
2010	1	146
2010	2	197
2010	3	361
2010	4	646
2010	5	947
2010	6	1098
2010	7	746
2010	8	211
2010	9	736
2010	10	249
2010	11	38
2010	12	498
2011	1	238
2011	2	494
2011	3	206
2011	4	576
2011	5	825
2011	6	2108
2011	7	866
2011	8	493
2011	9	268
2011	10	336
2011	11	155
2011	12	23
2012	1	150
2012	2	305
2012	3	23
2012	4	802
2012	5	518
2012	6	514
2012	7	173
2012	8	84
2012	9	0
2012	10	88
2012	11	117
2012	12	166
2013	1	221
2013	2	200
2013	3	38
2013	4	732
2013	5	1060
2013	6	753
2013	7	656
2013	8	641
2013	9	296
2013	10	1209
2013	11	61
2013	12	377
2014	1	37
2014	2	109
2014	3	252
2014	4	500
2014	5	1119
2014	6	1119
2014	7	223
2014	8	768
2014	9	156
2014	10	77
2014	11	209
2014	12	208
2015	1	33
2015	2	57
2015	3	84
2015	4	125
2015	5	1573
2015	6	1565
2015	7	545
2015	8	634
2015	9	301
2015	10	275
