1888	3	13
1888	4	785
1888	5	508
1888	6	3
1888	7	638
1888	8	577
1888	9	0
1888	10	25
1888	11	23
1888	12	23
1889	1	422
1889	2	259
1889	3	336
1889	8	330
1889	9	127
1889	10	64
1889	11	193
1889	12	0
1890	1	57
1890	2	0
1890	3	6
1890	4	215
1890	5	29
1890	6	59
1890	7	470
1890	8	66
1890	9	0
1893	3	27
1893	4	42
1893	5	245
1893	7	188
1893	8	1375
1893	9	725
1893	10	0
1893	11	106
1894	1	102
1894	2	184
1894	3	75
1894	4	672
1894	5	748
1894	6	694
1894	7	256
1894	8	340
1894	9	651
1894	10	232
1894	11	23
1895	3	13
1895	10	389
1895	11	388
1895	12	228
1896	1	185
1896	2	9
1896	3	79
1896	4	442
1896	5	290
1896	7	793
1896	8	249
1896	10	446
1896	12	258
1897	1	199
1897	2	138
1897	3	172
1897	4	701
1897	5	1561
1897	6	539
1897	7	772
1897	8	827
1897	9	465
1897	10	176
1898	1	125
1898	2	474
1898	3	202
1898	4	168
1898	5	756
1898	6	1021
1898	7	2027
1898	8	597
1898	10	194
1898	11	130
1899	1	25
1899	2	17
1899	3	82
1899	4	196
1899	5	790
1899	6	1002
1899	7	1528
1899	8	193
1899	9	1087
1899	10	519
1899	11	558
1899	12	101
1900	1	68
1900	2	98
1900	3	127
1900	4	1022
1900	5	515
1900	7	948
1900	8	271
1900	9	1493
1900	10	477
1900	11	6
1900	12	17
1901	1	30
1901	2	23
1901	3	79
1901	4	731
1901	5	1453
1901	6	291
1901	7	442
1901	8	240
1901	9	404
1901	10	239
1901	11	17
1901	12	7
1902	1	42
1902	3	346
1902	4	491
1902	5	2816
1902	6	307
1902	7	959
1902	8	359
1902	9	1154
1902	10	318
1903	1	28
1903	3	183
1903	4	270
1903	5	930
1903	6	468
1903	7	258
1903	8	295
1903	9	137
1903	10	278
1903	11	32
1903	12	0
1904	1	2
1904	2	1
1904	3	52
1904	4	274
1904	5	1075
1904	6	1210
1904	7	1312
1904	8	592
1904	9	166
1904	10	177
1904	11	30
1904	12	147
1905	1	230
1905	2	165
1905	3	666
1905	4	1230
1905	5	847
1905	6	1209
1905	7	783
1905	8	962
1905	9	389
1905	10	172
1905	11	1081
1905	12	149
1906	1	92
1906	2	139
1906	3	253
1906	4	853
1906	5	1012
1906	6	1101
1906	7	1377
1906	8	1166
1906	9	466
1906	10	1065
1906	11	815
1906	12	0
1907	1	337
1907	2	0
1907	3	0
1907	4	697
1907	5	444
1907	6	1315
1907	7	1828
1907	8	925
1907	9	457
1907	10	519
1907	11	148
1907	12	282
1908	1	96
1908	2	272
1908	3	101
1908	4	410
1908	5	963
1908	6	1756
1908	7	300
1908	8	962
1908	9	415
1908	10	297
1908	11	460
1908	12	0
1909	1	25
1909	2	127
1909	3	304
1909	4	13
1909	5	383
1909	6	959
1909	7	960
1909	8	335
1909	9	479
1909	10	635
1909	11	1164
1909	12	111
1910	1	165
1910	2	25
1910	3	118
1910	4	473
1910	5	550
1910	6	249
1910	7	552
1910	8	740
1910	9	84
1910	10	539
1910	11	3
1910	12	5
1911	1	28
1911	2	1272
1911	3	135
1911	4	452
1911	5	1288
1911	6	0
1911	7	1345
1911	8	587
1911	9	771
1911	10	260
1911	11	264
1911	12	643
1912	1	13
1912	2	433
1912	3	229
1912	4	206
1912	5	266
1912	6	995
1912	7	1064
1912	8	679
1912	9	491
1912	10	94
1912	11	51
1912	12	160
1913	1	81
1913	2	252
1913	3	112
1913	4	509
1913	5	429
1913	6	1001
1913	7	585
1913	8	269
1913	9	812
1913	10	152
1913	11	850
1913	12	552
1914	1	13
1914	2	0
1914	3	0
1914	4	366
1914	5	1296
1914	6	437
1914	7	427
1914	8	657
1914	9	567
1914	10	1169
1914	11	0
1914	12	184
1915	1	80
1915	2	566
1915	3	150
1915	4	1177
1915	5	643
1915	6	906
1915	7	544
1915	8	651
1915	9	1761
1915	10	826
1915	11	13
1915	12	0
1916	1	26
1916	2	0
1916	3	152
1916	4	486
1916	5	89
1916	6	943
1916	7	125
1916	8	505
1916	9	892
1916	10	673
1916	11	132
1916	12	216
1917	1	77
1917	2	76
1917	3	5
1917	4	511
1917	5	337
1917	6	214
1917	7	919
1917	8	1364
1917	9	536
1917	10	69
1917	11	343
1917	12	13
1918	1	106
1918	2	127
1918	3	242
1918	4	201
1918	5	1847
1918	6	455
1918	7	762
1918	8	107
1918	9	335
1918	10	1019
1918	11	220
1918	12	1111
1919	1	0
1919	2	280
1919	3	617
1919	4	881
1919	5	1650
1919	6	551
1919	7	425
1919	8	831
1919	9	551
1919	10	587
1919	11	543
1919	12	63
1920	1	356
1920	2	38
1920	3	228
1920	4	145
1920	5	1209
1920	6	465
1920	7	703
1920	8	1133
1920	9	1384
1920	10	400
1920	11	168
1920	12	497
1921	1	483
1921	2	305
1921	3	406
1921	4	627
1921	5	371
1921	6	2358
1921	7	503
1921	8	1253
1921	9	560
1921	10	69
1921	11	0
1921	12	63
1922	1	333
1922	2	191
1922	3	1029
1922	4	764
1922	5	386
1922	6	900
1922	7	301
1922	8	174
1922	9	530
1922	10	515
1922	11	406
1922	12	25
1923	1	0
1923	2	266
1923	3	638
1923	4	623
1923	5	799
1923	6	2108
1923	7	484
1923	8	554
1923	9	1847
1923	10	2297
1923	11	242
1923	12	151
1924	1	25
1924	2	87
1924	3	641
1924	4	474
1924	5	279
1924	6	285
1924	7	276
1924	8	833
1924	9	287
1924	10	680
1924	11	432
1924	12	76
1925	1	56
1925	2	13
1925	3	13
1925	4	353
1925	5	779
1925	6	331
1925	7	898
1925	8	792
1925	9	932
1925	10	292
1925	11	317
1925	12	0
1926	1	199
1926	2	38
1926	3	431
1926	4	950
1926	5	775
1926	6	1372
1926	7	562
1926	8	1585
1926	9	2014
1926	10	635
1926	11	92
1926	12	292
1927	1	94
1927	2	76
1927	3	230
1927	4	658
1927	5	135
1927	6	1167
1927	7	749
1927	8	1865
1927	9	918
1927	10	13
1927	11	0
1927	12	173
1928	1	0
1928	2	242
1928	3	117
1928	4	368
1928	5	1841
1928	6	464
1928	7	1751
1928	8	462
1928	9	313
1928	10	935
1928	11	1489
1928	12	64
1929	1	148
1929	2	178
1929	3	500
1929	4	64
1929	5	1253
1929	6	685
1929	7	374
1929	8	1368
1929	9	945
1929	10	654
1929	11	623
1929	12	25
1930	1	431
1930	2	71
1930	3	482
1930	4	641
1930	5	357
1930	6	731
1930	7	520
1930	8	387
1930	9	277
1930	10	1203
1930	11	362
1930	12	266
1931	1	41
1931	2	305
1931	3	640
1931	4	500
1931	5	420
1931	6	242
1931	7	506
1931	8	851
1931	9	701
1931	10	464
1931	11	525
1931	12	155
1932	1	410
1932	2	126
1932	3	239
1932	4	567
1932	5	61
1932	6	1516
1932	7	64
1932	8	645
1932	9	828
1932	10	257
1932	11	51
1932	12	493
1933	1	8
1933	2	56
1933	3	183
1933	4	282
1933	5	862
1933	6	115
1933	7	211
1933	8	1339
1933	9	94
1933	10	264
1933	11	358
1933	12	25
1934	1	0
1934	2	96
1934	3	338
1934	4	178
1934	5	1094
1934	6	401
1934	7	8
1934	8	454
1934	9	200
1934	10	64
1934	11	203
1934	12	71
1935	1	102
1935	2	123
1935	3	323
1935	4	46
1935	5	858
1935	6	967
1935	7	0
1935	8	701
1935	9	189
1935	10	347
1935	11	353
1935	12	56
1936	1	219
1936	2	0
1936	3	18
1936	4	374
1936	5	1303
1936	6	259
1936	7	49
1936	8	348
1936	9	1480
1936	10	366
1936	11	0
1936	12	208
1937	1	51
1937	2	38
1937	3	327
1937	4	242
1937	5	729
1937	6	861
1937	7	304
1937	8	988
1937	9	503
1937	10	255
1937	11	13
1937	12	28
1938	1	38
1938	2	353
1938	3	415
1938	4	545
1938	5	1269
1938	6	762
1938	7	686
1938	8	234
1938	9	230
1938	10	272
1938	11	51
1938	12	178
1939	1	617
1939	2	33
1939	3	157
1939	4	678
1939	5	442
1939	6	1143
1939	7	801
1939	8	266
1939	9	0
1939	10	56
1939	11	26
1939	12	216
1940	1	254
1940	2	306
1940	3	33
1940	4	391
1940	5	567
1940	6	222
1940	7	102
1940	8	511
1940	9	933
1940	10	299
1940	11	572
1940	12	166
1941	1	372
1941	2	424
1941	3	527
1941	4	621
1941	5	1791
1941	6	1578
1941	7	993
1941	8	1114
1941	9	375
1941	10	1715
1941	11	116
1941	12	224
1942	1	106
1942	2	85
1942	3	508
1942	4	1177
1942	5	473
1942	6	2368
1942	7	442
1942	8	921
1942	9	681
1942	10	1806
1942	11	20
1942	12	373
1943	1	0
1943	2	13
1943	3	0
1943	4	269
1943	5	1034
1943	6	46
1943	7	564
1943	8	106
1943	9	551
1943	10	257
1943	11	117
1943	12	899
1944	1	460
1944	2	244
1944	3	121
1944	4	461
1944	5	1519
1944	6	461
1944	7	664
1944	8	563
1944	9	459
1944	10	1129
1944	11	261
1944	12	881
1945	1	320
1945	2	127
1945	3	229
1945	4	513
1945	5	80
1945	6	423
1945	7	282
1945	8	323
1945	9	741
1945	10	102
1945	11	0
1945	12	51
1946	1	101
1946	2	150
1946	3	323
1946	4	139
1946	5	1065
1946	6	496
1946	7	651
1946	8	544
1946	9	463
1946	10	1233
1946	11	697
1946	12	195
1947	1	112
1947	2	0
1947	3	166
1947	4	633
1947	5	1283
1947	6	755
1947	7	460
1947	8	200
1947	9	23
1947	10	260
1947	11	216
1947	12	381
1948	1	74
1948	2	401
1948	3	322
1948	4	218
1948	5	880
1948	6	1109
1948	7	759
1948	8	1405
1948	9	193
1948	10	74
1948	11	810
1948	12	3
1949	1	712
1949	2	117
1949	3	306
1949	4	157
1949	5	1919
1949	6	1522
1949	7	749
1949	8	1165
1949	9	323
1949	10	614
1949	11	3
1949	12	179
1950	1	0
1950	2	102
1950	3	13
1950	4	120
1950	5	722
1950	6	893
1950	7	2225
1950	8	1162
1950	9	1432
1950	10	10
1950	11	8
1950	12	0
1951	1	165
1951	2	319
1951	3	60
1951	4	325
1951	5	2180
1951	6	1710
1951	7	580
1951	8	252
1951	9	849
1951	10	523
1951	11	100
1951	12	36
1952	1	81
1952	2	120
1952	3	108
1952	4	694
1952	5	250
1952	6	234
1952	7	516
1952	8	413
1952	9	204
1952	10	0
1952	11	199
1952	12	95
1953	1	191
1953	2	323
1953	3	132
1953	4	199
1953	5	346
1953	6	420
1953	7	793
1953	8	432
1953	9	18
1953	10	1119
1953	11	90
1953	12	92
1954	1	13
1954	2	0
1954	3	3
1954	4	281
1954	5	2096
1954	6	142
1954	7	150
1954	8	646
1954	9	160
1954	10	183
1954	11	0
1954	12	79
1955	1	58
1955	2	68
1955	3	0
1955	4	165
1955	5	1657
1955	6	1233
1955	7	508
1955	8	695
1955	9	300
1955	10	127
1955	11	13
1955	12	0
1956	1	48
1956	2	201
1956	3	0
1956	4	305
1956	5	1120
1956	6	649
1956	7	844
1956	8	210
1956	9	0
1956	10	208
1956	11	0
1956	12	6
1957	1	142
1957	2	288
1957	3	903
1957	4	567
1957	5	1192
1957	6	398
1957	7	48
1957	8	214
1957	9	213
1957	10	551
1957	11	272
1957	12	3
1958	1	207
1958	2	41
1958	3	557
1958	4	623
1958	5	970
1958	6	770
1958	7	1966
1958	8	468
1958	9	2020
1958	10	0
1958	11	18
1958	12	38
1959	1	91
1959	2	86
1959	3	145
1959	4	652
1959	5	1112
1959	6	201
1959	7	1139
1959	8	489
1959	9	460
1959	10	596
1959	11	10
1959	12	1199
1960	1	368
1960	2	535
1960	3	278
1960	4	198
1960	5	383
1960	6	1199
1960	7	1116
1960	8	977
1960	9	605
1960	10	1263
1960	11	0
1960	12	404
1961	1	25
1961	2	270
1961	3	856
1961	4	101
1961	5	669
1961	6	1767
1961	7	1542
1961	8	854
1961	9	264
1961	10	485
1961	11	598
1961	12	42
1962	1	204
1962	2	43
1962	3	25
1962	4	575
1962	5	76
1962	6	917
1962	7	1009
1962	8	945
1962	9	660
1962	10	191
1962	11	102
1962	12	79
1963	1	0
1963	2	185
1963	3	51
1963	4	358
1963	5	371
1963	6	552
1963	7	573
1963	8	472
1963	9	204
1963	10	135
1963	11	114
1963	12	142
1964	1	18
1964	2	623
1964	3	31
1964	4	68
1964	5	775
1964	6	920
1964	7	148
1964	8	800
1964	9	973
1964	10	102
1964	11	703
1964	12	272
1965	1	148
1965	2	123
1965	3	265
1965	4	129
1965	5	766
1965	6	1469
1965	7	328
1965	8	480
1965	9	918
1965	10	635
1965	11	26
1965	12	164
1966	1	162
1966	2	109
1966	3	6
1966	4	270
1966	5	161
1966	6	382
1966	7	1067
1966	8	1034
1966	9	972
1966	10	168
1966	11	0
1966	12	71
1967	1	0
1967	2	102
1967	3	135
1967	4	364
1967	5	422
1967	6	1111
1967	7	894
1967	8	815
1967	9	509
1967	10	666
1967	11	150
1967	12	88
1968	1	191
1968	2	279
1968	3	256
1968	4	257
1968	5	1271
1968	6	817
1968	7	351
1968	8	746
1968	9	365
1968	10	637
1968	11	259
1968	12	26
1969	1	18
1969	2	428
1969	3	425
1969	4	31
1969	5	1260
1969	6	912
1969	7	497
1969	8	1100
1969	9	591
1969	10	424
1969	11	56
1969	12	132
1970	1	0
1970	2	0
1970	3	298
1970	4	602
1970	5	28
1970	6	119
1970	7	267
1970	8	363
1970	9	553
1970	10	293
1970	11	239
1970	12	0
1971	1	30
1971	2	604
1971	3	5
1971	4	195
1971	5	246
1971	6	563
1971	7	691
1971	8	1231
1971	9	1343
1971	10	890
1971	11	1036
1971	12	204
1972	1	49
1972	2	15
1972	3	18
1972	4	458
1972	5	1031
1972	6	696
1972	7	647
1972	8	734
1972	9	200
1972	10	277
1972	11	854
1972	12	186
1973	1	201
1973	2	177
1973	3	1243
1973	4	2042
1973	5	503
1973	6	145
1973	7	892
1973	8	169
1973	9	629
1973	10	257
1973	11	61
1973	12	233
1974	1	76
1974	2	108
1974	3	463
1974	4	51
1974	5	221
1974	6	578
1974	7	186
1974	8	1156
1974	9	695
1974	10	754
1974	11	198
1974	12	76
1975	1	129
1975	2	358
1975	3	209
1975	4	381
1975	5	1584
1975	6	529
1975	7	960
1975	8	101
1975	9	247
1975	10	0
1975	11	587
1975	12	177
1976	1	0
1976	2	38
1976	3	277
1976	4	925
1976	5	655
1976	6	422
1976	7	419
1976	8	331
1976	9	779
1976	10	134
1976	11	76
1976	12	0
1977	1	84
1977	2	432
1977	3	101
1977	4	1369
1977	5	2640
1977	6	445
1977	7	46
1977	8	1658
1977	9	470
1977	10	38
1977	11	241
1977	12	28
1978	1	102
1978	2	348
1978	3	20
1978	4	115
1978	5	1830
1978	6	1068
1978	7	223
1978	8	284
1978	9	534
1978	10	38
1978	11	112
1978	12	0
1979	1	257
1979	2	190
1979	3	442
1979	4	199
1979	5	1121
1979	6	978
1979	7	880
1979	8	379
1979	9	140
1979	10	376
1979	11	228
1979	12	84
1980	1	359
1980	2	127
1980	3	831
1980	4	722
1980	5	1348
1980	6	125
1980	7	610
1980	8	216
1980	9	203
1980	10	38
1980	11	114
1980	12	305
1981	1	25
1981	2	64
1981	3	832
1981	4	331
1981	5	534
1981	6	918
1981	7	990
1981	8	602
1981	9	599
1981	10	1032
1981	11	672
1981	12	44
1982	1	18
1982	2	175
1982	3	249
1982	4	65
1982	5	1981
1982	6	1863
1982	7	1105
1982	8	255
1982	9	424
1982	10	35
1982	11	191
1982	12	221
1983	1	143
1983	2	498
1983	3	239
1983	4	169
1983	5	1017
1983	6	1014
1983	7	46
1983	8	33
1983	9	501
1983	10	494
1983	11	247
1983	12	106
1984	1	97
1984	2	183
1984	3	318
1984	4	460
1984	5	115
1984	6	1573
1984	7	218
1984	8	424
1984	9	173
1984	10	584
1984	11	212
1984	12	688
1985	1	99
1985	2	327
1985	3	827
1985	4	722
1985	5	256
1985	6	1254
1985	7	191
1985	8	475
1985	9	1388
1985	10	1590
1985	11	156
1985	12	64
1986	1	0
1986	2	199
1986	3	153
1986	4	117
1986	5	964
1986	6	1002
1986	7	470
1986	8	574
1986	9	1137
1986	10	819
1986	11	752
1986	12	84
1987	1	363
1987	2	382
1987	3	1128
1987	4	117
1987	5	1233
1987	6	786
1987	7	320
1987	8	476
1987	9	852
1987	10	269
1987	11	117
1987	12	440
1988	1	259
1988	2	0
1988	3	1532
1988	4	782
1988	5	381
1988	6	1093
1988	7	635
1988	8	421
1988	9	979
1988	10	72
1988	11	47
1988	12	3
1989	1	142
1989	2	126
1989	3	422
1989	4	89
1989	5	773
1989	6	1348
1989	7	511
1989	8	1144
1989	9	378
1989	10	401
1989	11	0
1989	12	69
1990	1	490
1990	2	712
1990	3	432
1990	4	452
1990	5	596
1990	6	218
1990	7	600
1990	8	266
1990	9	905
1990	10	180
1990	11	104
1990	12	30
1991	1	132
1991	2	0
1991	3	129
1991	4	38
1991	5	1028
1991	6	777
1991	7	958
1991	8	853
1991	9	390
1991	10	228
1991	11	464
1991	12	642
1992	1	188
1992	2	48
1992	3	371
1992	4	427
1992	5	732
1992	6	816
1992	7	328
1992	8	578
1992	9	10
1992	10	25
1992	11	648
1992	12	337
1993	1	279
1993	2	237
1993	3	483
1993	4	174
1993	5	551
1993	6	1268
1993	7	1062
1993	8	594
1993	9	379
1993	10	282
1993	11	110
1993	12	33
1994	1	191
1994	2	53
1994	3	323
1994	4	802
1994	5	326
1994	6	444
1994	7	1201
1994	8	829
1994	9	689
1994	10	927
1994	11	274
1994	12	79
1995	1	425
1995	2	13
1995	3	396
1995	4	245
1995	5	1255
1995	6	1122
1995	7	933
1995	8	895
1995	9	924
1995	10	165
1995	11	13
1995	12	483
1996	1	5
1996	2	28
1996	3	128
1996	4	0
1996	5	766
1996	6	548
1996	7	1571
1996	8	1995
1996	9	1434
1996	10	132
1996	11	138
1996	12	425
1997	1	165
1997	2	506
1997	3	0
1997	4	2899
1997	5	2579
1997	6	501
1997	7	770
1997	8	518
1997	9	717
1997	10	531
1997	11	211
1997	12	572
1998	1	119
1998	2	191
1998	3	989
1998	4	421
1998	5	647
1998	6	89
1998	7	342
1998	8	824
1998	9	173
1998	10	1227
1998	11	445
1998	12	145
1999	1	665
1999	2	0
1999	3	723
1999	4	1204
1999	5	975
1999	6	375
1999	7	173
1999	8	280
1999	9	799
1999	10	20
1999	11	0
1999	12	668
2000	1	15
2000	2	170
2000	3	1123
2000	4	752
2000	5	866
2000	6	2316
2000	7	243
2000	8	25
2000	9	25
2000	10	686
2000	11	173
2000	12	396
2001	1	389
2001	2	572
2001	3	363
2001	4	178
2001	5	1846
2001	6	385
2001	7	305
2001	8	945
2001	9	409
2001	10	15
2001	11	844
2001	12	41
2002	1	366
2002	2	101
2002	3	15
2002	4	260
2002	5	597
2002	6	290
2002	7	608
2002	8	594
2002	9	632
2002	10	2484
2002	11	101
2002	12	460
2003	1	0
2003	2	127
2003	3	193
2003	4	132
2003	5	589
2003	6	1664
2003	7	69
2003	8	806
2003	9	643
2003	10	429
2003	11	94
2003	12	89
2004	1	340
2004	2	229
2004	3	520
2004	4	653
2004	5	0
2004	6	942
2004	7	72
2004	8	768
2004	9	516
2004	10	699
2004	11	824
2004	12	90
2005	1	568
2005	2	145
2005	3	239
2005	4	139
2005	5	716
2005	6	1199
2005	7	429
2005	8	1533
2005	9	20
2005	10	366
2005	11	58
2005	12	15
2006	1	61
2006	2	0
2006	3	377
2006	4	98
2006	5	430
2006	6	557
2006	7	425
2006	8	1198
2006	9	560
2006	10	822
2006	11	23
2006	12	951
2007	1	346
2007	2	177
2007	3	975
2007	4	412
2007	5	1219
2007	6	825
2007	7	309
2007	8	720
2007	9	632
2007	10	263
2007	11	27
2007	12	521
2008	1	19
2008	2	227
2008	3	164
2008	4	275
2008	5	711
2008	6	650
2008	7	492
2008	8	1773
2008	9	890
2008	10	1219
2008	11	51
2008	12	28
2009	1	23
2009	2	62
2009	3	250
2009	4	471
2009	5	346
2009	6	464
2009	7	666
2009	8	1391
2009	9	439
2009	10	549
2009	11	44
2009	12	89
2010	1	391
2010	2	234
2010	3	264
2010	4	375
2010	5	1021
2010	6	428
2010	7	799
2010	8	792
2010	9	479
2010	10	531
2010	11	502
2010	12	90
2011	1	29
2011	2	143
2011	3	55
2011	4	135
2011	5	51
2011	6	243
2011	7	153
2011	8	655
2011	9	261
2011	10	449
2011	11	335
2011	12	635
2012	1	123
2012	2	265
2012	3	603
2012	4	538
2012	5	54
2012	6	448
2012	7	208
2012	8	586
2012	9	643
2012	10	136
2012	11	35
2012	12	170
2013	1	288
2013	2	629
2013	3	150
2013	4	242
2013	5	228
2013	6	920
2013	7	555
2013	8	1381
2013	9	1223
2013	10	191
2013	11	106
2013	12	73
2014	1	11
2014	2	78
2014	3	78
2014	4	119
2014	5	251
2014	6	1508
2014	7	762
2014	8	706
2014	9	365
2014	10	329
2014	11	89
2014	12	113
2015	1	257
2015	2	202
2015	3	107
2015	4	977
2015	5	1817
2015	6	1116
2015	7	806
2015	8	1219
2015	9	182
2015	10	599
