1890	5	1524
1890	6	1522
1890	11	757
1891	5	724
1891	6	331
1891	7	1294
1891	8	836
1891	9	486
1891	10	63
1891	11	827
1892	1	978
1892	2	914
1892	3	660
1892	4	2286
1892	5	584
1892	6	1930
1892	7	759
1892	8	1575
1892	9	422
1892	10	1252
1892	11	1651
1892	12	3391
1893	1	0
1893	2	557
1893	3	825
1893	4	1791
1893	5	1600
1893	6	1880
1893	7	594
1893	8	668
1893	9	127
1893	10	152
1893	11	1346
1893	12	457
1894	1	956
1894	2	879
1894	3	1996
1894	4	1341
1894	5	397
1894	6	264
1894	7	1275
1894	8	911
1894	9	437
1894	10	180
1894	11	312
1894	12	699
1895	1	1268
1895	2	420
1895	3	1554
1895	4	191
1895	5	1744
1895	6	1397
1895	7	2377
1895	8	527
1895	9	485
1895	10	572
1895	11	1137
1895	12	834
1896	1	1979
1896	2	1242
1896	3	1260
1896	4	945
1896	5	914
1896	6	620
1896	7	168
1896	8	800
1896	9	1288
1896	10	1234
1896	11	483
1896	12	274
1897	1	1973
1897	2	224
1897	3	1704
1897	4	1095
1897	5	598
1897	6	894
1897	7	622
1897	8	599
1897	9	850
1897	10	707
1897	11	444
1897	12	1666
1898	1	2056
1898	2	695
1898	3	881
1898	4	431
1898	5	577
1898	6	3696
1898	7	747
1898	8	876
1898	9	876
1898	10	1465
1898	11	1468
1898	12	781
1899	1	933
1899	2	531
1899	3	601
1899	4	536
1899	5	1484
1899	6	1038
1899	7	643
1899	8	175
1899	9	254
1899	10	371
1899	11	438
1899	12	1037
1900	1	683
1900	2	1240
1900	3	1282
1900	4	1246
1900	5	793
1900	6	967
1900	7	952
1900	8	622
1900	9	914
1900	10	1009
1900	11	718
1900	12	491
1901	1	907
1901	2	623
1901	3	709
1901	4	990
1901	5	1336
1901	6	68
1901	7	1262
1901	8	1074
1901	9	940
1901	10	1163
1901	11	785
1901	12	635
1902	1	1120
1902	2	660
1902	3	1458
1902	4	1265
1902	5	1790
1902	6	3180
1902	7	3919
1902	8	150
1902	9	2332
1902	10	971
1902	11	1854
1902	12	1346
1903	1	848
1903	2	2305
1903	3	1072
1903	4	176
1903	5	1039
1903	6	512
1903	7	1683
1903	8	683
1903	9	167
1903	10	547
1903	11	13
1903	12	979
1904	1	706
1904	2	348
1904	3	880
1904	4	1560
1904	5	1066
1904	6	1102
1904	7	1362
1904	8	461
1904	9	790
1904	10	140
1904	11	387
1904	12	2661
1905	1	1181
1905	2	1150
1905	3	1494
1905	4	2178
1905	5	2108
1905	6	2893
1905	7	2011
1905	8	1030
1905	9	342
1905	10	636
1905	11	1038
1905	12	2553
1906	1	1326
1906	2	453
1906	3	1098
1906	4	615
1906	5	531
1906	6	853
1906	7	2035
1906	8	208
1906	9	1400
1906	10	811
1906	11	894
1906	12	1357
1907	1	1024
1907	2	602
1907	3	835
1907	4	2136
1907	5	1591
1907	6	430
1907	7	656
1907	8	620
1907	9	86
1907	10	563
1907	11	2189
1907	12	1027
1908	1	681
1908	2	1128
1908	3	709
1908	4	1056
1908	5	3335
1908	6	490
1908	7	974
1908	8	554
1908	9	582
1908	10	53
1908	11	860
1908	12	1093
1909	1	266
1909	2	1348
1909	3	414
1909	4	1082
1909	5	2359
1909	6	748
1909	7	1227
1909	8	1079
1909	9	411
1909	10	344
1909	11	360
1909	12	2563
1910	1	416
1910	2	1367
1910	3	493
1910	4	1446
1910	5	1484
1910	6	1283
1910	7	285
1910	8	1852
1910	9	279
1910	10	525
1910	11	225
1910	12	957
1911	1	297
1911	2	729
1911	3	557
1911	4	2720
1911	5	401
1911	6	320
1911	7	1127
1911	8	861
1911	9	444
1911	10	284
1911	11	850
1911	12	2747
1912	1	605
1912	2	430
1912	3	3058
1912	4	1435
1912	5	2204
1912	6	1865
1912	7	286
1912	8	1024
1912	9	461
1912	10	201
1912	11	185
1912	12	772
1913	1	1350
1913	2	1074
1913	3	1189
1913	4	1077
1913	5	985
1913	6	779
1913	7	641
1913	8	582
1913	9	3692
1913	10	753
1913	11	425
1913	12	950
1914	1	348
1914	2	1171
1914	3	2342
1914	4	1647
1914	5	1230
1914	6	173
1914	7	238
1914	8	1404
1914	9	213
1914	10	55
1914	11	863
1914	12	2231
1915	1	1386
1915	2	1073
1915	3	722
1915	4	1103
1915	5	716
1915	6	1261
1915	7	1300
1915	8	2793
1915	9	262
1915	10	625
1915	11	2080
1915	12	806
1916	1	2040
1916	2	62
1916	3	272
1916	4	1109
1916	5	1257
1916	6	884
1916	7	1504
1916	8	147
1916	9	322
1916	10	356
1916	11	677
1916	12	911
1917	1	750
1917	2	866
1917	3	1077
1917	4	878
1917	5	390
1917	6	310
1917	7	1213
1917	8	895
1917	9	642
1917	10	463
1917	11	1323
1917	12	508
1918	1	743
1918	2	341
1918	3	724
1918	4	1568
1918	5	363
1918	6	785
1918	7	82
1918	8	975
1918	9	750
1918	10	767
1918	11	1308
1918	12	893
1919	1	838
1919	2	1018
1919	3	996
1919	4	1443
1919	5	1078
1919	6	1660
1919	7	506
1919	8	2445
1919	9	450
1919	10	3759
1919	11	987
1919	12	732
1920	1	2204
1920	2	441
1920	3	1207
1920	4	1863
1920	5	1464
1920	6	613
1920	7	3549
1920	8	732
1920	9	679
1920	10	666
1920	11	1366
1920	12	1130
1921	1	820
1921	2	492
1921	3	1557
1921	4	2805
1921	5	269
1921	6	1445
1921	7	1584
1921	8	333
1921	9	350
1921	10	111
1921	11	201
1921	12	532
1922	1	1398
1922	2	1612
1922	3	2917
1922	4	2365
1922	5	965
1922	6	1377
1922	7	874
1922	8	1051
1922	9	264
1922	10	371
1922	11	1402
1922	12	551
1923	1	994
1923	2	1472
1923	3	1240
1923	4	1716
1923	5	896
1923	6	1662
1923	7	1019
1923	8	52
1923	9	1358
1923	10	823
1923	11	716
1923	12	2316
1924	1	1440
1924	2	778
1924	3	869
1924	4	1279
1924	5	1878
1924	6	256
1924	7	10
1924	8	264
1924	9	415
1924	10	23
1924	11	444
1924	12	1204
1925	1	1195
1925	2	378
1925	3	1351
1925	4	336
1925	5	445
1925	6	236
1925	7	2417
1925	8	72
1925	9	851
1925	10	1289
1925	11	2449
1925	12	1279
1926	1	1438
1926	2	358
1926	3	2184
1926	4	1162
1926	5	1059
1926	6	1294
1926	7	1048
1926	8	341
1926	9	294
1926	10	1005
1926	11	472
1926	12	2129
1927	1	753
1927	2	937
1927	3	1091
1927	4	1728
1927	5	1185
1927	6	658
1927	7	1888
1927	8	316
1927	9	949
1927	10	975
1927	11	369
1927	12	1191
1928	1	333
1928	2	884
1928	3	1252
1928	4	1930
1928	5	737
1928	6	1725
1928	7	1477
1928	8	68
1928	9	130
1928	10	1288
1928	11	724
1928	12	1524
1929	1	1593
1929	2	916
1929	3	760
1929	4	1455
1929	5	1106
1929	6	165
1929	7	1749
1929	8	109
1929	9	153
1929	10	477
1929	11	678
1929	12	1311
1930	1	2478
1930	2	1228
1930	3	766
1930	4	138
1930	5	2744
1930	6	371
1930	7	0
1930	8	511
1930	9	1241
1930	10	1314
1930	11	1292
1930	12	1257
1931	1	802
1931	2	1121
1931	3	724
1931	4	1043
1931	5	628
1931	6	288
1931	7	1413
1931	8	671
1931	9	300
1931	10	625
1931	11	1734
1931	12	4159
1932	1	3107
1932	2	1487
1932	3	1126
1932	4	495
1932	5	409
1932	6	633
1932	7	447
1932	8	211
1932	9	189
1932	10	397
1932	11	603
1932	12	2400
1933	1	1282
1933	2	1306
1933	3	1532
1933	4	1306
1933	5	927
1933	6	223
1933	7	4783
1933	8	873
1933	9	420
1933	10	362
1933	11	246
1933	12	1878
1934	1	1355
1934	2	583
1934	3	1831
1934	4	1081
1934	5	1123
1934	6	157
1934	7	201
1934	8	89
1934	9	437
1934	10	0
1934	11	2122
1934	12	946
1935	1	808
1935	2	1105
1935	3	1011
1935	4	1431
1935	5	1992
1935	6	1031
1935	7	536
1935	8	806
1935	9	777
1935	10	620
1935	11	1124
1935	12	898
1936	1	313
1936	2	412
1936	3	994
1936	4	606
1936	5	1572
1936	6	0
1936	7	1114
1936	8	256
1936	9	156
1936	10	608
1936	11	683
1936	12	969
1937	1	2513
1937	2	645
1937	3	1418
1937	4	943
1937	5	261
1937	6	1093
1937	7	893
1937	8	852
1937	9	226
1937	10	1354
1937	11	1705
1937	12	2325
1938	1	808
1938	2	659
1938	3	940
1938	4	1447
1938	5	789
1938	6	938
1938	7	990
1938	8	265
1938	9	364
1938	10	135
1938	11	2100
1938	12	814
1939	1	1485
1939	2	2286
1939	3	502
1939	4	640
1939	5	420
1939	6	409
1939	7	913
1939	8	882
1939	9	236
1939	10	229
1939	11	1198
1939	12	1416
1940	1	313
1940	2	630
1940	3	364
1940	4	2011
1940	5	1003
1940	6	1390
1940	7	2528
1940	8	1190
1940	9	107
1940	10	266
1940	11	2770
1940	12	1664
1941	1	844
1941	2	807
1941	3	1225
1941	4	1439
1941	5	1093
1941	6	1009
1941	7	1195
1941	8	696
1941	9	1077
1941	10	1505
1941	11	1108
1941	12	723
1942	1	602
1942	2	399
1942	3	1047
1942	4	2336
1942	5	1550
1942	6	1518
1942	7	462
1942	8	2304
1942	9	506
1942	10	477
1942	11	538
1942	12	781
1943	1	806
1943	2	101
1943	3	1406
1943	4	988
1943	5	875
1943	6	726
1943	7	538
1943	8	165
1943	9	752
1943	10	899
1943	11	279
1943	12	1259
1944	1	1453
1944	2	2570
1944	3	1867
1944	4	1941
1944	5	2997
1944	6	659
1944	7	392
1944	8	950
1944	9	499
1944	10	28
1944	11	1162
1944	12	2969
1945	1	873
1945	2	1669
1945	3	2485
1945	4	1669
1945	5	697
1945	6	958
1945	7	739
1945	8	422
1945	9	1623
1945	10	782
1945	11	836
1945	12	843
1946	1	2795
1946	2	1323
1946	3	1602
1946	4	1392
1946	5	3145
1946	6	404
1946	7	1092
1946	8	2208
1946	9	839
1946	10	288
1946	11	2066
1946	12	644
1947	1	995
1947	2	600
1947	3	1511
1947	4	1279
1947	5	1227
1947	6	762
1947	7	272
1947	8	361
1947	9	719
1947	10	1016
1947	11	1117
1947	12	1017
1948	1	1727
1948	2	1392
1948	3	1235
1948	4	910
1948	5	2498
1948	6	158
1948	7	650
1948	8	218
1948	9	265
1948	10	506
1948	11	1773
1948	12	410
1949	1	1232
1949	2	622
1949	3	933
1949	4	980
1949	5	330
1949	6	743
1949	7	931
1949	8	769
1949	9	785
1949	10	2443
1949	11	114
1949	12	824
1950	1	2025
1950	2	1327
1950	3	1235
1950	4	910
1950	5	1511
1950	6	758
1950	7	1829
1950	8	952
1950	9	1833
1950	10	559
1950	11	365
1950	12	55
1951	1	1522
1951	2	798
1951	3	755
1951	4	516
1951	5	422
1951	6	1191
1951	7	1648
1951	8	231
1951	9	1735
1951	10	198
1951	11	926
1951	12	1486
1952	1	957
1952	2	1612
1952	3	1187
1952	4	1570
1952	5	1417
1952	6	170
1952	7	432
1952	8	1092
1952	9	23
1952	10	66
1952	11	1549
1952	12	1413
1953	1	935
1953	2	1158
1953	3	1588
1953	4	2997
1953	5	2185
1953	6	240
1953	7	1103
1953	8	742
1953	9	320
1953	10	247
1953	11	608
1953	12	1366
1954	1	1193
1954	2	828
1954	3	345
1954	4	679
1954	5	1867
1954	6	367
1954	7	460
1954	8	389
1954	9	396
1954	10	862
1954	11	968
1954	12	844
1955	1	749
1955	2	1346
1955	3	1104
1955	4	839
1955	5	2288
1955	6	934
1955	7	1190
1955	8	1232
1955	9	584
1955	10	511
1955	11	283
1955	12	566
1956	1	643
1956	2	1622
1956	3	768
1956	4	468
1956	5	860
1956	6	899
1956	7	180
1956	8	838
1956	9	208
1956	10	501
1956	11	1547
1956	12	501
1957	1	1017
1957	2	1296
1957	3	1244
1957	4	3811
1957	5	1925
1957	6	1813
1957	7	425
1957	8	490
1957	9	599
1957	10	1496
1957	11	2585
1957	12	817
1958	1	1016
1958	2	566
1958	3	686
1958	4	3458
1958	5	1310
1958	6	1742
1958	7	1110
1958	8	513
1958	9	2116
1958	10	370
1958	11	785
1958	12	140
1959	1	412
1959	2	1275
1959	3	872
1959	4	1207
1959	5	1136
1959	6	1091
1959	7	1448
1959	8	1141
1959	9	333
1959	10	813
1959	11	626
1959	12	1737
1960	1	892
1960	2	1218
1960	3	855
1960	4	384
1960	5	731
1960	6	1031
1960	7	381
1960	8	1191
1960	9	641
1960	10	1204
1960	11	981
1960	12	2398
1961	1	627
1961	2	806
1961	3	1636
1961	4	521
1961	5	590
1961	6	1999
1961	7	1972
1961	8	547
1961	9	891
1961	10	1552
1961	11	1352
1961	12	1916
1962	1	1773
1962	2	580
1962	3	895
1962	4	739
1962	5	769
1962	6	1236
1962	7	668
1962	8	475
1962	9	1567
1962	10	773
1962	11	912
1962	12	571
1963	1	529
1963	2	419
1963	3	847
1963	4	1529
1963	5	262
1963	6	434
1963	7	2778
1963	8	432
1963	9	592
1963	10	33
1963	11	1239
1963	12	1031
1964	1	332
1964	2	788
1964	3	1017
1964	4	2816
1964	5	839
1964	6	176
1964	7	120
1964	8	831
1964	9	1567
1964	10	246
1964	11	440
1964	12	1430
1965	1	1120
1965	2	1719
1965	3	1052
1965	4	331
1965	5	1201
1965	6	984
1965	7	549
1965	8	386
1965	9	1306
1965	10	78
1965	11	182
1965	12	731
1966	1	965
1966	2	907
1966	3	439
1966	4	2878
1966	5	1112
1966	6	115
1966	7	731
1966	8	1379
1966	9	870
1966	10	922
1966	11	378
1966	12	1310
1967	1	365
1967	2	363
1967	3	234
1967	4	818
1967	5	1910
1967	6	477
1967	7	991
1967	8	900
1967	9	723
1967	10	405
1967	11	461
1967	12	1389
1968	1	2107
1968	2	605
1968	3	565
1968	4	2129
1968	5	1709
1968	6	1180
1968	7	1221
1968	8	356
1968	9	201
1968	10	554
1968	11	1294
1968	12	1494
1969	1	638
1969	2	1424
1969	3	2719
1969	4	1626
1969	5	849
1969	6	264
1969	7	486
1969	8	290
1969	9	262
1969	10	971
1969	11	1868
1969	12	1522
1970	1	292
1970	2	1001
1970	3	783
1970	4	1000
1970	5	1057
1970	6	937
1970	7	872
1970	8	829
1970	9	417
1970	10	1238
1970	11	874
1970	12	892
1971	1	515
1971	2	944
1971	3	789
1971	4	644
1971	5	597
1971	6	203
1971	7	3273
1971	8	989
1971	9	692
1971	10	443
1971	11	778
1971	12	1291
1972	1	1654
1972	2	187
1972	3	585
1972	4	349
1972	5	1103
1972	6	960
1972	7	1211
1972	8	825
1972	9	863
1972	10	2389
1972	11	1727
1972	12	1585
1973	1	1157
1973	2	981
1973	3	2215
1973	4	2067
1973	5	491
1973	6	2222
1973	7	1340
1973	8	1322
1973	9	1443
1973	10	2082
1973	11	1664
1973	12	1621
1974	1	2177
1974	2	774
1974	3	635
1974	4	1410
1974	5	965
1974	6	1758
1974	7	1406
1974	8	1785
1974	9	3056
1974	10	940
1974	11	1990
1974	12	892
1975	1	1178
1975	2	2049
1975	3	1542
1975	4	1432
1975	5	1792
1975	6	1505
1975	7	1540
1975	8	1316
1975	9	58
1975	10	502
1975	11	1041
1975	12	704
1976	1	894
1976	2	610
1976	3	2300
1976	4	380
1976	5	1079
1976	6	1373
1976	7	741
1976	8	294
1976	9	944
1976	10	743
1976	11	468
1976	12	621
1977	1	1155
1977	2	766
1977	3	1569
1977	4	621
1977	5	917
1977	6	694
1977	7	706
1977	8	1538
1977	9	647
1977	10	79
1977	11	864
1977	12	624
1978	1	1432
1978	2	638
1978	3	870
1978	4	538
1978	5	1383
1978	6	209
1978	7	748
1978	8	1048
1978	9	256
1978	10	671
1978	11	1484
1978	12	1172
1979	1	2803
1979	2	1155
1979	3	1235
1979	4	1705
1979	5	2013
1979	6	1511
1979	7	1200
1979	8	1230
1979	9	909
1979	10	941
1979	11	1400
1979	12	1010
1980	1	1581
1980	2	838
1980	3	1133
1980	4	1238
1980	5	1273
1980	6	653
1980	7	193
1980	8	762
1980	9	824
1980	10	996
1980	11	1042
1980	12	270
1981	1	337
1981	2	705
1981	3	1106
1981	4	442
1981	5	2195
1981	6	1415
1981	7	1192
1981	8	1141
1981	9	229
1981	10	1436
1981	11	776
1981	12	415
1982	1	1273
1982	2	851
1982	3	342
1982	4	1156
1982	5	752
1982	6	1611
1982	7	342
1982	8	744
1982	9	94
1982	10	1549
1982	11	1956
1982	12	2620
1983	1	199
1983	2	2230
1983	3	942
1983	4	303
1983	5	1232
1983	6	1119
1983	7	277
1983	8	1105
1983	9	162
1983	10	261
1983	11	1692
1983	12	1969
1984	1	541
1984	2	1486
1984	3	1009
1984	4	867
1984	5	687
1984	6	535
1984	7	1163
1984	8	1120
1984	9	1471
1984	10	3361
1984	11	1183
1984	12	803
1985	1	834
1985	2	690
1985	3	1150
1985	4	1271
1985	5	646
1985	6	1070
1985	7	1141
1985	8	462
1985	9	817
1985	10	1656
1985	11	940
1985	12	1133
1986	1	254
1986	2	648
1986	3	394
1986	4	1233
1986	5	807
1986	6	4063
1986	7	616
1986	8	555
1986	9	1119
1986	10	2003
1986	11	1921
1986	12	1346
1987	1	740
1987	2	1947
1987	3	503
1987	4	193
1987	5	993
1987	6	558
1987	7	289
1987	8	354
1987	9	508
1987	10	1082
1987	11	3231
1987	12	2568
1988	1	512
1988	2	952
1988	3	1366
1988	4	1027
1988	5	160
1988	6	233
1988	7	303
1988	8	1474
1988	9	203
1988	10	851
1988	11	1824
1988	12	1077
1989	1	1083
1989	2	1665
1989	3	1778
1989	4	335
1989	5	2208
1989	6	2617
1989	7	1929
1989	8	714
1989	9	613
1989	10	300
1989	11	346
1989	12	722
1990	1	1944
1990	2	1618
1990	3	2361
1990	4	1354
1990	5	1252
1990	6	1092
1990	7	303
1990	8	514
1990	9	818
1990	10	1472
1990	11	1697
1990	12	1383
1991	1	1670
1991	2	1257
1991	3	1161
1991	4	3231
1991	5	3311
1991	6	523
1991	7	1018
1991	8	1763
1991	9	1166
1991	10	1259
1991	11	1387
1991	12	1609
1992	1	1019
1992	2	1689
1992	3	1311
1992	4	664
1992	5	365
1992	6	2226
1992	7	623
1992	8	557
1992	9	1375
1992	10	621
1992	11	1268
1992	12	1135
1993	1	1605
1993	2	675
1993	3	1414
1993	4	962
1993	5	608
1993	6	1572
1993	7	23
1993	8	835
1993	9	1021
1993	10	1694
1993	11	1241
1993	12	356
1994	1	715
1994	2	1135
1994	3	1288
1994	4	571
1994	5	1422
1994	6	575
1994	7	882
1994	8	1137
1994	9	77
1994	10	2239
1994	11	679
1994	12	1868
1995	1	1621
1995	2	584
1995	3	883
1995	4	1268
1995	5	1026
1995	6	675
1995	7	1006
1995	8	253
1995	9	858
1995	10	298
1995	11	295
1995	12	1481
1996	1	639
1996	2	259
1996	3	773
1996	4	1264
1996	5	632
1996	6	3431
1996	7	2880
1996	8	1780
1996	9	1253
1996	10	1535
1996	11	1552
1996	12	975
1997	1	1260
1997	2	1954
1997	3	1283
1997	4	2570
1997	5	537
1997	6	1724
1997	7	333
1997	8	1083
1997	9	794
1997	10	1738
1997	11	1083
1997	12	1341
1998	1	1673
1998	2	1591
1998	3	1203
1998	4	346
1998	5	227
1998	6	378
1998	7	836
1998	8	1034
1998	9	1887
1998	10	1486
1998	11	1347
1998	12	1569
1999	1	2119
1999	2	25
1999	3	1184
1999	4	2731
1999	5	1113
1999	6	1565
1999	7	107
1999	8	3
1999	9	529
1999	10	894
1999	11	191
1999	12	1013
2000	1	813
2000	2	691
2000	3	2083
2000	4	943
2000	5	2072
2000	6	1802
2000	7	127
2000	8	0
2000	9	820
2000	10	487
2000	11	2940
2000	12	1587
2001	1	1605
2001	2	2241
2001	3	2010
2001	4	696
2001	5	1422
2001	6	1677
2001	7	590
2001	8	1257
2001	9	1604
2001	10	2000
2001	11	1293
2001	12	2006
2002	1	1135
2002	2	625
2002	3	1903
2002	4	666
2002	5	1047
2002	6	888
2002	7	750
2002	8	904
2002	9	425
2002	10	1541
2002	11	874
2002	12	2309
2003	1	66
2003	2	1859
2003	3	456
2003	4	436
2003	5	1620
2003	6	1446
2003	7	525
2003	8	525
2003	9	835
2003	10	573
2003	11	772
2003	12	801
2004	1	833
2004	2	1621
2004	3	1286
2004	4	730
2004	5	1230
2004	6	2556
2004	7	646
2004	8	1074
2004	9	273
2004	10	1532
2004	11	2185
2004	12	1006
2005	1	893
2005	2	720
2005	3	481
2005	4	974
2005	5	133
2005	6	416
2005	7	1763
2005	8	269
2005	9	1195
2005	10	5
2005	11	769
2005	12	0
2006	1	511
2006	2	1159
2006	3	1883
2006	4	443
2006	5	507
2006	6	493
2006	7	1064
2006	8	658
2006	9	707
2006	10	872
2006	11	797
2006	12	1687
2007	1	2354
2007	2	664
2007	3	919
2007	4	1059
2007	5	1083
2007	6	1850
2007	7	2308
2007	8	142
2007	9	408
2007	10	676
2007	11	725
2007	12	906
2008	1	735
2008	2	993
2008	3	1247
2008	4	544
2008	5	1871
2008	6	1507
2008	7	97
2008	8	1634
2008	9	1019
2008	10	489
2008	11	955
2008	12	675
2009	1	356
2009	2	389
2009	3	1941
2009	4	1376
2009	5	1951
2009	6	234
2009	7	2977
2009	8	775
2009	9	2273
2009	10	6146
2009	11	505
2009	12	1136
2010	1	1152
2010	2	1010
2010	3	709
2010	4	308
2010	5	497
2010	6	1186
2010	7	559
2010	8	412
2010	9	294
2010	10	358
2010	11	2049
2010	12	132
2011	1	726
2011	2	551
2011	3	146
2011	4	883
2011	5	861
2011	6	359
2011	7	381
2011	8	305
2011	9	307
2011	10	387
2011	11	718
2011	12	1791
2012	1	847
2012	2	944
2012	3	2071
2012	4	821
2012	5	327
2012	6	860
2012	7	913
2012	8	877
2012	9	1406
2012	10	657
2012	11	283
2012	12	1225
2013	1	1147
2013	2	814
2013	3	795
2013	4	936
2013	5	802
2013	6	1319
2013	7	1042
2013	8	182
2013	9	1567
2013	10	1824
2013	11	1189
2013	12	1339
2014	1	326
2014	2	495
2014	3	1105
2014	4	381
2014	5	1461
2014	6	1147
2014	7	1086
2014	8	793
2014	9	488
2014	10	1474
2014	11	1307
2014	12	690
2015	1	1925
2015	2	1127
2015	3	2615
2015	4	920
2015	5	2340
2015	6	810
2015	7	514
2015	8	358
2015	9	72
2015	10	1408
