1889	5	0
1889	6	229
1889	7	0
1889	8	300
1889	9	234
1889	10	630
1889	11	340
1889	12	1067
1890	1	559
1890	2	292
1890	3	368
1890	4	64
1890	5	122
1890	6	25
1890	7	102
1890	8	114
1890	9	71
1890	10	267
1890	11	0
1890	12	234
1891	1	439
1891	2	732
1891	3	371
1891	4	351
1891	5	279
1891	6	323
1891	7	81
1891	8	36
1891	9	912
1891	10	0
1891	11	18
1891	12	711
1892	1	328
1892	2	140
1892	3	737
1892	4	427
1892	5	470
1892	6	119
1892	7	51
1892	8	5
1892	9	0
1892	10	457
1892	11	152
1892	12	605
1893	1	0
1893	2	661
1893	3	119
1893	4	683
1893	5	284
1893	6	0
1893	7	102
1893	8	427
1893	9	297
1893	10	50
1893	11	244
1893	12	470
1894	1	432
1894	2	394
1894	3	305
1894	4	584
1894	5	244
1894	6	434
1894	7	242
1894	8	226
1894	9	729
1894	10	216
1894	11	0
1894	12	699
1895	1	407
1895	2	559
1895	3	1283
1895	4	1321
1895	5	1824
1895	6	71
1895	7	213
1895	8	264
1895	9	231
1895	10	226
1895	11	414
1895	12	242
1896	1	296
1896	2	152
1896	3	379
1896	4	313
1896	5	401
1896	6	92
1896	7	575
1896	8	180
1896	9	137
1896	10	126
1896	11	401
1896	12	91
1897	1	497
1897	2	477
1897	3	564
1897	4	267
1897	5	216
1897	6	104
1897	7	71
1897	8	35
1897	9	467
1897	10	813
1897	11	313
1897	12	419
1898	1	204
1898	2	63
1898	3	371
1898	4	269
1898	5	1415
1898	6	228
1898	7	411
1898	8	186
1898	9	0
1898	10	252
1898	11	240
1898	12	346
1899	1	365
1899	2	572
1899	3	1006
1899	4	180
1899	5	444
1899	6	241
1899	7	63
1899	8	269
1899	9	0
1899	10	524
1899	11	277
1899	12	486
1900	1	221
1900	2	178
1900	3	30
1900	4	941
1900	5	146
1900	6	11
1900	7	8
1900	8	71
1900	9	432
1900	10	175
1900	11	368
1900	12	48
1901	1	236
1901	2	567
1901	3	478
1901	4	260
1901	5	442
1901	6	74
1901	7	64
1901	8	396
1901	9	45
1901	10	333
1901	11	135
1901	12	357
1902	1	135
1902	2	358
1902	3	614
1902	4	305
1902	5	41
1902	6	8
1902	7	81
1902	8	51
1902	9	232
1902	10	411
1902	11	503
1902	12	437
1903	1	417
1903	2	249
1903	3	338
1903	4	432
1903	5	574
1903	6	122
1903	7	119
1903	8	38
1903	9	233
1903	10	397
1903	11	61
1903	12	133
1904	1	434
1904	2	491
1904	3	826
1904	4	255
1904	5	795
1904	6	112
1904	7	201
1904	8	314
1904	9	69
1904	10	248
1904	11	0
1904	12	386
1905	1	232
1905	2	643
1905	3	533
1905	4	262
1905	5	660
1905	6	76
1905	7	87
1905	8	118
1905	9	934
1905	10	30
1905	11	310
1905	12	239
1906	1	417
1906	2	349
1906	3	1446
1906	4	958
1906	5	837
1906	6	145
1906	7	200
1906	8	333
1906	9	442
1906	10	97
1906	11	398
1906	12	434
1907	1	772
1907	2	686
1907	3	308
1907	4	302
1907	5	594
1907	6	344
1907	7	109
1907	8	906
1907	9	231
1907	10	281
1907	11	92
1907	12	480
1908	1	209
1908	2	301
1908	3	254
1908	4	79
1908	5	1105
1908	6	291
1908	7	269
1908	8	393
1908	9	734
1908	10	475
1908	11	160
1908	12	356
1909	1	642
1909	2	480
1909	3	303
1909	4	542
1909	5	106
1909	6	15
1909	7	290
1909	8	554
1909	9	206
1909	10	133
1909	11	482
1909	12	806
1910	1	241
1910	2	227
1910	3	185
1910	4	132
1910	5	268
1910	6	0
1910	7	67
1910	8	46
1910	9	579
1910	10	393
1910	11	198
1910	12	342
1911	1	420
1911	2	351
1911	3	326
1911	4	296
1911	5	115
1911	6	86
1911	7	177
1911	8	26
1911	9	284
1911	10	190
1911	11	241
1911	12	437
1912	1	117
1912	2	174
1912	3	1056
1912	4	337
1912	5	289
1912	6	46
1912	7	101
1912	8	66
1912	9	239
1912	10	856
1912	11	365
1912	12	214
1913	1	274
1913	2	551
1913	3	269
1913	4	310
1913	5	69
1913	6	300
1913	7	102
1913	8	416
1913	9	358
1913	10	366
1913	11	529
1913	12	426
1914	1	844
1914	2	213
1914	3	277
1914	4	1051
1914	5	141
1914	6	467
1914	7	484
1914	8	198
1914	9	5
1914	10	460
1914	11	20
1914	12	102
1915	1	316
1915	2	594
1915	3	335
1915	4	699
1915	5	655
1915	6	188
1915	7	38
1915	8	63
1915	9	490
1915	10	91
1915	11	282
1915	12	289
1916	1	1273
1916	2	254
1916	3	892
1916	4	114
1916	5	114
1916	6	0
1916	7	313
1916	8	305
1916	9	115
1916	10	605
1916	11	224
1916	12	568
1917	1	274
1917	2	386
1917	3	106
1917	4	464
1917	5	906
1917	6	3
1917	7	117
1917	8	164
1917	9	238
1917	10	23
1917	11	450
1917	12	127
1918	1	642
1918	2	299
1918	3	270
1918	4	305
1918	5	295
1918	6	113
1918	7	280
1918	8	76
1918	9	336
1918	10	271
1918	11	473
1918	12	229
1919	1	0
1919	2	283
1919	3	344
1919	4	307
1919	5	248
1919	6	0
1919	7	107
1919	8	383
1919	9	759
1919	10	300
1919	11	551
1919	12	187
1920	1	288
1920	2	427
1920	3	784
1920	4	405
1920	5	320
1920	6	114
1920	7	152
1920	8	915
1920	9	241
1920	10	923
1920	11	193
1920	12	404
1921	1	381
1921	2	235
1921	3	174
1921	4	658
1921	5	683
1921	6	196
1921	7	498
1921	8	319
1921	9	84
1921	10	239
1921	11	79
1921	12	515
1922	1	403
1922	2	282
1922	3	299
1922	4	323
1922	5	260
1922	6	142
1922	7	152
1922	8	354
1922	9	0
1922	10	261
1922	11	307
1922	12	606
1923	1	214
1923	2	300
1923	3	293
1923	4	646
1923	5	412
1923	6	130
1923	7	573
1923	8	236
1923	9	455
1923	10	361
1923	11	64
1923	12	206
1924	1	77
1924	2	83
1924	3	538
1924	4	38
1924	5	680
1924	6	18
1924	7	89
1924	8	168
1924	9	332
1924	10	394
1924	11	183
1924	12	605
1925	1	101
1925	2	379
1925	3	419
1925	4	390
1925	5	140
1925	6	333
1925	7	249
1925	8	274
1925	9	243
1925	10	365
1925	11	198
1925	12	254
1926	1	129
1926	2	348
1926	3	255
1926	4	361
1926	5	442
1926	6	0
1926	7	348
1926	8	168
1926	9	201
1926	10	58
1926	11	336
1926	12	381
1927	1	292
1927	2	546
1927	3	490
1927	4	300
1927	5	163
1927	6	92
1927	7	244
1927	8	165
1927	9	195
1927	10	432
1927	11	304
1927	12	139
1928	1	99
1928	2	179
1928	3	425
1928	4	153
1928	5	400
1928	6	120
1928	7	336
1928	8	41
1928	9	68
1928	10	217
1928	11	541
1928	12	112
1929	1	124
1929	2	307
1929	3	431
1929	4	653
1929	5	180
1929	6	188
1929	7	630
1929	8	303
1929	9	336
1929	10	203
1929	11	13
1929	12	130
1930	1	631
1930	2	316
1930	3	521
1930	4	218
1930	5	695
1930	6	0
1930	7	355
1930	8	995
1930	9	630
1930	10	313
1930	11	325
1930	12	25
1931	1	61
1931	2	193
1931	3	201
1931	4	252
1931	5	132
1931	6	0
1931	7	76
1931	8	94
1931	9	38
1931	10	0
1931	11	511
1931	12	272
1932	1	316
1932	2	308
1932	3	452
1932	4	234
1932	5	157
1932	6	253
1932	7	234
1932	8	342
1932	9	0
1932	10	348
1932	11	102
1932	12	412
1933	1	200
1933	2	117
1933	3	274
1933	4	424
1933	5	733
1933	6	28
1933	7	152
1933	8	193
1933	9	40
1933	10	76
1933	11	181
1933	12	249
1934	1	207
1934	2	433
1934	3	46
1934	4	135
1934	5	13
1934	6	97
1934	7	38
1934	8	104
1934	9	43
1934	10	166
1934	11	551
1934	12	264
1935	1	163
1935	2	166
1935	3	378
1935	4	475
1935	5	717
1935	6	0
1935	7	170
1935	8	247
1935	9	0
1935	10	8
1935	11	122
1935	12	280
1936	1	364
1936	2	891
1936	3	457
1936	4	181
1936	5	66
1936	6	589
1936	7	837
1936	8	245
1936	9	88
1936	10	392
1936	11	0
1936	12	520
1937	1	226
1937	2	282
1937	3	371
1937	4	312
1937	5	412
1937	6	10
1937	7	267
1937	8	83
1937	9	236
1937	10	321
1937	11	84
1937	12	469
1938	1	112
1938	2	414
1938	3	887
1938	4	340
1938	5	512
1938	6	180
1938	7	38
1938	8	71
1938	9	363
1938	10	362
1938	11	383
1938	12	234
1939	1	273
1939	2	270
1939	3	178
1939	4	219
1939	5	300
1939	6	135
1939	7	87
1939	8	66
1939	9	701
1939	10	569
1939	11	18
1939	12	61
1940	1	689
1940	2	604
1940	3	447
1940	4	503
1940	5	0
1940	6	56
1940	7	43
1940	8	46
1940	9	400
1940	10	320
1940	11	246
1940	12	234
1941	1	483
1941	2	419
1941	3	633
1941	4	671
1941	5	414
1941	6	552
1941	7	267
1941	8	346
1941	9	176
1941	10	987
1941	11	198
1941	12	586
1942	1	98
1942	2	250
1942	3	455
1942	4	248
1942	5	460
1942	6	0
1942	7	133
1942	8	0
1942	9	43
1942	10	279
1942	11	366
1942	12	114
1943	1	129
1943	2	201
1943	3	298
1943	4	84
1943	5	346
1943	6	718
1943	7	203
1943	8	206
1943	9	79
1943	10	524
1943	11	106
1943	12	262
1944	1	530
1944	2	294
1944	3	799
1944	4	926
1944	5	277
1944	6	488
1944	7	16
1944	8	0
1944	9	18
1944	10	89
1944	11	519
1944	12	135
1945	1	109
1945	2	455
1945	3	720
1945	4	350
1945	5	266
1945	6	508
1945	7	223
1945	8	558
1945	9	150
1945	10	270
1945	11	224
1945	12	418
1946	1	261
1946	2	81
1946	3	258
1946	4	394
1946	5	568
1946	6	0
1946	7	157
1946	8	724
1946	9	20
1946	10	1269
1946	11	623
1946	12	431
1947	1	346
1947	2	287
1947	3	209
1947	4	483
1947	5	178
1947	6	413
1947	7	102
1947	8	404
1947	9	152
1947	10	586
1947	11	440
1947	12	234
1948	1	48
1948	2	246
1948	3	627
1948	4	193
1948	5	46
1948	6	387
1948	7	51
1948	8	189
1948	9	41
1948	10	127
1948	11	213
1948	12	656
1949	1	471
1949	2	86
1949	3	361
1949	4	112
1949	5	732
1949	6	212
1949	7	89
1949	8	123
1949	9	358
1949	10	406
1949	11	78
1949	12	450
1950	1	519
1950	2	170
1950	3	178
1950	4	231
1950	5	210
1950	6	69
1950	7	378
1950	8	94
1950	9	81
1950	10	150
1950	11	213
1950	12	308
1951	1	231
1951	2	189
1951	3	159
1951	4	584
1951	5	306
1951	6	201
1951	7	13
1951	8	269
1951	9	38
1951	10	368
1951	11	503
1951	12	1061
1952	1	477
1952	2	306
1952	3	929
1952	4	310
1952	5	224
1952	6	145
1952	7	162
1952	8	451
1952	9	53
1952	10	0
1952	11	89
1952	12	266
1953	1	356
1953	2	168
1953	3	372
1953	4	655
1953	5	452
1953	6	56
1953	7	594
1953	8	577
1953	9	0
1953	10	228
1953	11	294
1953	12	442
1954	1	300
1954	2	78
1954	3	572
1954	4	193
1954	5	181
1954	6	134
1954	7	236
1954	8	135
1954	9	450
1954	10	198
1954	11	292
1954	12	165
1955	1	384
1955	2	589
1955	3	58
1955	4	59
1955	5	282
1955	6	354
1955	7	154
1955	8	248
1955	9	269
1955	10	150
1955	11	364
1955	12	264
1956	1	427
1956	2	312
1956	3	30
1956	4	600
1956	5	303
1956	6	5
1956	7	88
1956	8	21
1956	9	38
1956	10	239
1956	11	56
1956	12	64
1957	1	564
1957	2	341
1957	3	685
1957	4	921
1957	5	908
1957	6	175
1957	7	65
1957	8	95
1957	9	0
1957	10	336
1957	11	378
1957	12	287
1958	1	351
1958	2	508
1958	3	601
1958	4	261
1958	5	190
1958	6	28
1958	7	92
1958	8	27
1958	9	393
1958	10	0
1958	11	117
1958	12	201
1959	1	234
1959	2	497
1959	3	181
1959	4	310
1959	5	151
1959	6	51
1959	7	35
1959	8	252
1959	9	242
1959	10	132
1959	11	24
1959	12	333
1960	1	195
1960	2	494
1960	3	445
1960	4	212
1960	5	234
1960	6	74
1960	7	49
1960	8	53
1960	9	343
1960	10	488
1960	11	485
1960	12	38
1961	1	3
1961	2	259
1961	3	743
1961	4	388
1961	5	275
1961	6	5
1961	7	85
1961	8	412
1961	9	653
1961	10	383
1961	11	419
1961	12	339
1962	1	570
1962	2	1059
1962	3	452
1962	4	286
1962	5	730
1962	6	266
1962	7	331
1962	8	61
1962	9	216
1962	10	142
1962	11	76
1962	12	145
1963	1	232
1963	2	210
1963	3	407
1963	4	948
1963	5	48
1963	6	273
1963	7	112
1963	8	644
1963	9	489
1963	10	192
1963	11	536
1963	12	292
1964	1	187
1964	2	116
1964	3	384
1964	4	660
1964	5	497
1964	6	417
1964	7	13
1964	8	97
1964	9	217
1964	10	51
1964	11	670
1964	12	576
1965	1	339
1965	2	114
1965	3	311
1965	4	221
1965	5	713
1965	6	168
1965	7	248
1965	8	453
1965	9	919
1965	10	51
1965	11	285
1965	12	388
1966	1	235
1966	2	371
1966	3	279
1966	4	183
1966	5	232
1966	6	0
1966	7	57
1966	8	343
1966	9	268
1966	10	419
1966	11	294
1966	12	1050
1967	1	493
1967	2	59
1967	3	275
1967	4	389
1967	5	562
1967	6	461
1967	7	641
1967	8	37
1967	9	313
1967	10	124
1967	11	183
1967	12	569
1968	1	132
1968	2	498
1968	3	364
1968	4	1082
1968	5	239
1968	6	318
1968	7	282
1968	8	639
1968	9	210
1968	10	145
1968	11	194
1968	12	322
1969	1	715
1969	2	719
1969	3	207
1969	4	330
1969	5	21
1969	6	490
1969	7	38
1969	8	253
1969	9	383
1969	10	475
1969	11	165
1969	12	339
1970	1	278
1970	2	112
1970	3	535
1970	4	535
1970	5	119
1970	6	717
1970	7	271
1970	8	156
1970	9	379
1970	10	237
1970	11	582
1970	12	371
1971	1	308
1971	2	352
1971	3	150
1971	4	605
1971	5	238
1971	6	176
1971	7	345
1971	8	294
1971	9	178
1971	10	856
1971	11	255
1971	12	415
1972	1	97
1972	2	190
1972	3	26
1972	4	671
1972	5	79
1972	6	211
1972	7	38
1972	8	289
1972	9	320
1972	10	966
1972	11	440
1972	12	831
1973	1	367
1973	2	172
1973	3	455
1973	4	653
1973	5	396
1973	6	224
1973	7	211
1973	8	82
1973	9	221
1973	10	213
1973	11	357
1973	12	309
1974	1	470
1974	2	137
1974	3	122
1974	4	305
1974	5	69
1974	6	46
1974	7	169
1974	8	79
1974	9	8
1974	10	287
1974	11	259
1974	12	214
1975	1	232
1975	2	130
1975	3	532
1975	4	117
1975	5	689
1975	6	508
1975	7	38
1975	8	78
1975	9	10
1975	10	289
1975	11	355
1975	12	314
1976	1	106
1976	2	179
1976	3	188
1976	4	211
1976	5	61
1976	6	46
1976	7	300
1976	8	72
1976	9	140
1976	10	168
1976	11	99
1976	12	43
1977	1	136
1977	2	164
1977	3	211
1977	4	43
1977	5	483
1977	6	209
1977	7	316
1977	8	267
1977	9	273
1977	10	252
1977	11	140
1977	12	205
1978	1	584
1978	2	405
1978	3	779
1978	4	470
1978	5	328
1978	6	10
1978	7	5
1978	8	150
1978	9	522
1978	10	91
1978	11	684
1978	12	259
1979	1	313
1979	2	297
1979	3	401
1979	4	163
1979	5	363
1979	6	0
1979	7	66
1979	8	297
1979	9	0
1979	10	394
1979	11	384
1979	12	244
1980	1	689
1980	2	971
1980	3	755
1980	4	259
1980	5	773
1980	6	33
1980	7	99
1980	8	80
1980	9	474
1980	10	397
1980	11	350
1980	12	92
1981	1	99
1981	2	107
1981	3	516
1981	4	477
1981	5	1108
1981	6	35
1981	7	363
1981	8	227
1981	9	237
1981	10	988
1981	11	142
1981	12	306
1982	1	341
1982	2	141
1982	3	561
1982	4	69
1982	5	405
1982	6	107
1982	7	287
1982	8	305
1982	9	1587
1982	10	590
1982	11	241
1982	12	395
1983	1	572
1983	2	612
1983	3	786
1983	4	324
1983	5	675
1983	6	107
1983	7	217
1983	8	485
1983	9	450
1983	10	216
1983	11	639
1983	12	711
1984	1	132
1984	2	293
1984	3	485
1984	4	518
1984	5	196
1984	6	735
1984	7	455
1984	8	407
1984	9	351
1984	10	702
1984	11	243
1984	12	308
1985	1	379
1985	2	188
1985	3	432
1985	4	241
1985	5	318
1985	6	351
1985	7	400
1985	8	18
1985	9	276
1985	10	369
1985	11	658
1985	12	403
1986	1	142
1986	2	530
1986	3	382
1986	4	591
1986	5	348
1986	6	117
1986	7	211
1986	8	251
1986	9	593
1986	10	203
1986	11	148
1986	12	102
1987	1	119
1987	2	290
1987	3	646
1987	4	120
1987	5	396
1987	6	112
1987	7	232
1987	8	601
1987	9	62
1987	10	256
1987	11	301
1987	12	312
1988	1	503
1988	2	104
1988	3	433
1988	4	358
1988	5	471
1988	6	64
1988	7	110
1988	8	154
1988	9	160
1988	10	135
1988	11	384
1988	12	247
1989	1	231
1989	2	239
1989	3	378
1989	4	158
1989	5	80
1989	6	112
1989	7	130
1989	8	122
1989	9	396
1989	10	431
1989	11	209
1989	12	99
1990	1	239
1990	2	372
1990	3	412
1990	4	215
1990	5	148
1990	6	310
1990	7	223
1990	8	30
1990	9	243
1990	10	348
1990	11	196
1990	12	276
1991	1	140
1991	2	110
1991	3	331
1991	4	549
1991	5	637
1991	6	20
1991	7	23
1991	8	198
1991	9	324
1991	10	474
1991	11	402
1991	12	107
1992	1	206
1992	2	268
1992	3	521
1992	4	29
1992	5	314
1992	6	119
1992	7	138
1992	8	147
1992	9	183
1992	10	342
1992	11	285
1992	12	367
1993	1	763
1993	2	740
1993	3	665
1993	4	151
1993	5	441
1993	6	198
1993	7	102
1993	8	379
1993	9	201
1993	10	334
1993	11	140
1993	12	199
1994	1	188
1994	2	597
1994	3	147
1994	4	576
1994	5	256
1994	6	23
1994	7	99
1994	8	231
1994	9	254
1994	10	847
1994	11	407
1994	12	312
1995	1	398
1995	2	256
1995	3	430
1995	4	842
1995	5	931
1995	6	385
1995	7	354
1995	8	159
1995	9	247
1995	10	15
1995	11	110
1995	12	338
1996	1	332
1996	2	588
1996	3	675
1996	4	258
1996	5	287
1996	6	100
1996	7	158
1996	8	25
1996	9	228
1996	10	567
1996	11	674
1996	12	271
1997	1	909
1997	2	313
1997	3	30
1997	4	575
1997	5	461
1997	6	278
1997	7	81
1997	8	400
1997	9	676
1997	10	268
1997	11	367
1997	12	261
1998	1	419
1998	2	705
1998	3	586
1998	4	614
1998	5	204
1998	6	721
1998	7	469
1998	8	157
1998	9	234
1998	10	762
1998	11	268
1998	12	173
1999	1	355
1999	2	284
1999	3	123
1999	4	931
1999	5	647
1999	6	243
1999	7	269
1999	8	252
1999	9	124
1999	10	64
1999	11	74
1999	12	257
2000	1	504
2000	2	682
2000	3	450
2000	4	275
2000	5	599
2000	6	273
2000	7	44
2000	8	130
2000	9	300
2000	10	637
2000	11	202
2000	12	273
2001	1	157
2001	2	208
2001	3	432
2001	4	545
2001	5	127
2001	6	8
2001	7	228
2001	8	56
2001	9	15
2001	10	204
2001	11	505
2001	12	307
2002	1	109
2002	2	94
2002	3	346
2002	4	470
2002	5	112
2002	6	21
2002	7	108
2002	8	16
2002	9	223
2002	10	533
2002	11	382
2002	12	284
2003	1	117
2003	2	486
2003	3	476
2003	4	371
2003	5	389
2003	6	153
2003	7	21
2003	8	306
2003	9	94
2003	10	96
2003	11	404
2003	12	566
2004	1	140
2004	2	547
2004	3	109
2004	4	571
2004	5	201
2004	6	450
2004	7	21
2004	8	207
2004	9	8
2004	10	919
2004	11	370
2004	12	198
2005	1	693
2005	2	221
2005	3	608
2005	4	373
2005	5	768
2005	6	213
2005	7	20
2005	8	191
2005	9	562
2005	10	709
2005	11	77
2005	12	362
2006	1	422
2006	2	158
2006	3	751
2006	4	538
2006	5	184
2006	6	25
2006	7	201
2006	8	277
2006	9	493
2006	10	506
2006	11	255
2006	12	201
2007	1	64
2007	2	325
2007	3	191
2007	4	225
2007	5	282
2007	6	188
2007	7	61
2007	8	194
2007	9	465
2007	10	330
2007	11	254
2007	12	515
2008	1	101
2008	2	458
2008	3	190
2008	4	104
2008	5	479
2008	6	156
2008	7	159
2008	8	128
2008	9	183
2008	10	262
2008	11	267
2008	12	382
2009	1	422
2009	2	70
2009	3	166
2009	4	558
2009	5	283
2009	6	328
2009	7	80
2009	8	3
2009	9	178
2009	10	86
2009	11	74
2009	12	293
2010	1	118
2010	2	208
2010	3	397
2010	4	568
2010	5	523
2010	6	364
2010	7	12
2010	8	117
2010	9	0
2010	10	640
2010	11	467
2010	12	1107
2011	1	49
2011	2	267
2011	3	358
2011	4	488
2011	5	782
2011	6	486
2011	7	469
2011	8	82
2011	9	112
2011	10	374
2011	11	315
2011	12	38
2012	1	267
2012	2	615
2012	3	325
2012	4	211
2012	5	15
2012	6	0
2012	7	365
2012	8	76
2012	9	158
2012	10	302
2012	11	295
2012	12	606
2013	1	290
2013	2	157
2013	3	80
2013	4	526
2013	5	176
2013	6	0
2013	7	331
2013	8	112
2013	9	378
2013	10	216
2013	11	150
2013	12	286
2014	1	224
2014	2	342
2014	3	321
2014	4	273
2014	5	161
2014	6	63
2014	7	413
2014	8	311
2014	9	617
2014	10	64
2014	11	109
2014	12	575
2015	1	229
2015	2	31
2015	3	160
2015	4	305
2015	5	550
2015	6	109
2015	7	170
2015	8	174
2015	9	76
2015	10	130
