1892	12	29
1893	1	29
1893	2	122
1893	3	2
1893	4	0
1893	5	240
1893	6	102
1893	10	4
1893	11	0
1894	3	1
1894	4	103
1894	5	388
1894	6	401
1894	7	280
1894	8	481
1894	9	170
1894	10	70
1894	11	6
1894	12	84
1895	1	97
1895	2	140
1895	3	20
1895	4	56
1895	5	536
1895	6	70
1895	7	685
1895	8	566
1895	9	9
1895	10	241
1895	11	117
1895	12	70
1896	1	14
1896	2	11
1896	3	29
1896	4	103
1896	5	12
1896	6	280
1896	7	780
1896	8	357
1896	9	620
1896	10	688
1896	11	3
1896	12	92
1897	1	88
1897	2	21
1897	3	78
1897	4	66
1897	5	489
1897	6	87
1897	7	212
1897	8	489
1897	9	288
1897	10	605
1897	11	8
1897	12	63
1898	1	98
1898	2	17
1898	3	19
1898	4	168
1898	5	55
1898	6	253
1898	7	599
1898	8	434
1898	9	196
1898	10	90
1898	11	109
1898	12	160
1899	1	23
1899	2	39
1899	3	96
1899	4	21
1899	5	26
1899	6	307
1899	7	705
1899	8	45
1899	9	425
1899	10	105
1899	11	150
1899	12	90
1900	1	79
1900	2	41
1900	3	73
1900	4	180
1900	5	512
1900	6	289
1900	7	362
1900	8	489
1900	9	620
1900	10	343
1900	11	57
1900	12	75
1901	1	81
1901	2	2
1901	3	54
1901	4	239
1901	5	628
1901	6	57
1901	7	440
1901	8	461
1901	9	222
1901	10	268
1901	11	342
1901	12	24
1902	1	54
1902	2	11
1902	3	24
1902	4	15
1902	5	134
1902	6	101
1902	7	182
1902	8	391
1902	9	179
1902	10	100
1902	11	95
1902	12	149
1903	1	4
1903	2	198
1903	3	37
1903	4	171
1903	5	81
1903	6	783
1903	7	170
1903	8	391
1903	9	104
1903	10	44
1903	11	0
1903	12	12
1904	1	27
1904	2	1
1904	3	14
1904	4	38
1904	5	183
1904	6	329
1904	7	356
1904	8	360
1904	9	1052
1904	10	209
1904	11	23
1904	12	82
1905	1	152
1905	2	57
1905	3	286
1905	4	619
1905	5	187
1905	6	323
1905	7	424
1905	8	267
1905	9	424
1905	10	59
1905	11	551
1905	12	166
1906	1	46
1906	2	78
1906	3	36
1906	4	339
1906	5	115
1906	6	135
1906	7	976
1906	8	341
1906	9	385
1906	10	360
1906	11	150
1906	12	177
1907	1	149
1907	2	39
1907	3	7
1907	4	365
1907	5	308
1907	6	273
1907	7	490
1907	8	729
1907	9	68
1907	10	181
1907	11	85
1907	12	84
1908	1	23
1908	2	137
1908	3	0
1908	4	378
1908	5	25
1908	6	259
1908	7	1085
1908	8	892
1908	9	109
1908	10	122
1908	11	236
1908	12	33
1909	1	38
1909	2	28
1909	3	363
1909	4	18
1909	5	97
1909	6	38
1909	7	991
1909	8	630
1909	9	152
1909	10	264
1909	11	56
1909	12	61
1910	1	160
1910	2	0
1910	3	69
1910	4	142
1910	5	20
1910	6	279
1910	7	160
1910	8	798
1910	9	338
1910	10	173
1910	11	117
1910	12	8
1911	1	69
1911	2	478
1911	3	43
1911	4	523
1911	5	107
1911	6	74
1911	7	752
1911	8	528
1911	9	358
1911	10	381
1911	11	104
1911	12	157
1912	1	0
1912	2	373
1912	3	91
1912	4	119
1912	5	239
1912	6	673
1912	7	605
1912	8	264
1912	9	206
1912	10	69
1912	11	0
1912	12	51
1913	1	94
1913	2	64
1913	3	36
1913	4	335
1913	5	224
1913	6	102
1913	7	81
1913	8	168
1913	9	373
1913	10	81
1913	11	262
1913	12	394
1914	1	13
1914	2	30
1914	3	86
1914	4	541
1914	5	1547
1914	6	443
1914	7	1252
1914	8	900
1914	9	96
1914	10	884
1914	11	0
1914	12	272
1915	1	196
1915	2	218
1915	3	443
1915	4	1221
1915	5	198
1915	6	30
1915	7	861
1915	8	392
1915	9	216
1915	10	206
1915	11	15
1915	12	77
1916	1	61
1916	2	0
1916	3	50
1916	4	358
1916	5	20
1916	6	64
1916	7	271
1916	8	623
1916	9	30
1916	10	340
1916	11	46
1916	12	20
1917	1	165
1917	2	0
1917	3	0
1917	4	0
1917	5	470
1917	6	23
1917	7	0
1917	8	728
1917	9	653
1917	10	10
1917	11	0
1917	12	0
1918	1	51
1918	2	0
1918	3	0
1918	4	46
1918	5	0
1918	6	0
1918	7	609
1918	8	731
1918	9	160
1918	10	457
1918	11	176
1918	12	344
1919	1	0
1919	2	0
1919	3	953
1919	4	856
1919	5	552
1919	6	305
1919	7	127
1919	8	126
1919	9	1270
1919	10	279
1919	11	46
1919	12	305
1920	1	41
1920	2	76
1920	3	0
1920	4	61
1920	5	515
1920	6	594
1920	7	152
1920	8	114
1920	9	152
1920	10	601
1920	11	0
1920	12	0
1921	1	203
1921	2	0
1921	3	41
1921	4	0
1921	5	661
1921	6	1004
1921	7	757
1921	8	1141
1921	9	0
1921	10	0
1921	11	0
1921	12	0
1922	1	23
1922	2	40
1922	3	150
1922	4	233
1922	5	496
1922	6	640
1922	7	341
1922	8	76
1922	9	282
1922	10	0
1922	11	177
1922	12	0
1923	1	0
1923	2	482
1923	3	348
1923	4	318
1923	5	61
1923	6	407
1923	7	241
1923	8	660
1923	9	114
1923	10	1444
1923	11	562
1923	12	348
1924	1	15
1924	2	68
1924	3	122
1924	4	262
1924	5	622
1924	6	346
1924	7	402
1924	8	646
1924	9	94
1924	10	260
1924	11	30
1924	12	79
1925	1	93
1925	2	61
1925	3	0
1925	4	25
1925	5	271
1925	6	445
1925	7	723
1925	8	546
1925	9	843
1925	10	480
1925	11	48
1925	12	90
1926	1	79
1926	2	0
1926	3	270
1926	4	468
1926	5	1246
1926	6	754
1926	7	747
1926	8	213
1926	9	670
1926	10	310
1926	11	0
1926	12	727
1927	1	0
1927	2	69
1927	3	0
1927	4	18
1927	5	0
1927	6	1107
1927	7	579
1927	8	2196
1927	9	332
1927	10	50
1927	11	0
1927	12	5
1928	1	0
1928	2	180
1928	3	94
1928	4	248
1928	5	1327
1928	6	348
1928	7	340
1928	8	700
1928	9	465
1928	10	748
1928	11	216
1928	12	172
1929	1	0
1929	2	295
1929	3	191
1929	4	0
1929	5	825
1929	6	0
1929	7	851
1929	8	838
1929	9	197
1929	10	25
1929	11	191
1929	12	13
1930	1	173
1930	2	20
1930	3	292
1930	4	33
1930	5	940
1930	6	541
1930	7	922
1930	8	503
1930	9	204
1930	10	1221
1930	11	203
1930	12	142
1931	1	97
1931	2	198
1931	3	261
1931	4	536
1931	5	404
1931	6	173
1931	7	972
1931	8	625
1931	9	373
1931	10	576
1931	11	183
1931	12	115
1932	1	272
1932	2	66
1932	3	152
1932	4	97
1932	5	876
1932	6	214
1932	7	597
1932	8	671
1932	9	1040
1932	10	280
1932	11	0
1932	12	227
1933	1	0
1933	2	127
1933	3	0
1933	4	13
1933	5	0
1933	6	470
1933	7	233
1933	8	864
1933	9	170
1933	10	216
1933	11	122
1933	12	76
1934	1	86
1934	2	0
1934	3	0
1934	4	262
1934	5	305
1934	6	351
1934	7	338
1934	8	584
1934	9	0
1934	10	0
1934	11	203
1934	12	0
1935	1	86
1935	2	13
1935	3	0
1935	4	279
1935	5	711
1935	6	102
1935	7	437
1935	8	872
1935	9	373
1935	10	348
1935	11	335
1935	12	152
1936	1	152
1936	2	51
1936	3	0
1936	4	51
1936	5	491
1936	6	376
1936	7	325
1936	8	216
1936	9	414
1936	10	94
1936	11	0
1936	12	0
1937	1	51
1937	2	25
1937	3	203
1937	4	305
1937	5	1448
1937	6	889
1937	7	401
1937	8	94
1937	9	200
1937	10	140
1937	11	0
1937	12	0
1938	1	77
1938	2	487
1938	3	51
1938	4	0
1938	5	171
1938	6	224
1938	7	937
1938	8	0
1938	9	935
1938	10	297
1938	11	0
1938	12	282
1939	1	678
1939	2	206
1939	3	175
1939	4	265
1939	5	584
1939	6	893
1939	7	1150
1939	8	102
1939	9	346
1939	10	102
1939	11	0
1939	12	69
1940	1	82
1940	2	239
1940	3	320
1940	4	149
1940	5	544
1940	6	86
1940	7	569
1940	8	719
1940	9	51
1940	10	38
1940	11	305
1940	12	137
1941	1	61
1941	2	211
1941	3	835
1941	4	316
1941	5	1842
1941	6	764
1941	7	1361
1941	8	1138
1941	9	1711
1941	10	624
1941	11	0
1941	12	23
1942	1	20
1942	2	66
1942	3	246
1942	4	998
1942	5	127
1942	6	622
1942	7	754
1942	8	1343
1942	9	985
1942	10	580
1942	11	0
1942	12	303
1943	1	51
1943	2	0
1943	3	0
1943	4	0
1943	5	228
1943	6	488
1943	7	457
1943	8	577
1943	9	107
1943	10	81
1943	11	91
1943	12	384
1944	1	25
1944	2	89
1944	3	66
1944	4	119
1944	5	509
1944	6	254
1944	7	154
1944	8	622
1944	9	208
1944	10	226
1944	11	196
1944	12	194
1945	1	216
1945	2	23
1945	3	0
1945	4	58
1945	5	72
1945	6	318
1945	7	322
1945	8	1342
1945	9	261
1945	10	143
1945	11	0
1945	12	0
1946	1	35
1946	2	0
1946	3	203
1946	4	183
1946	5	81
1946	6	122
1946	7	519
1946	8	778
1946	9	709
1946	10	963
1946	11	73
1946	12	0
1947	1	124
1947	2	0
1947	3	117
1947	4	145
1947	5	718
1947	6	5
1947	7	231
1947	8	622
1947	9	74
1947	10	284
1947	11	94
1947	12	231
1948	1	145
1948	2	328
1948	3	177
1948	4	117
1948	5	397
1948	6	255
1948	7	480
1948	8	174
1948	9	0
1948	10	255
1948	11	111
1948	12	13
1949	1	206
1949	2	320
1949	3	98
1949	4	316
1949	5	432
1949	6	663
1949	7	878
1949	8	368
1949	9	1053
1949	10	26
1949	11	51
1949	12	50
1950	1	0
1950	2	23
1950	3	0
1950	4	25
1950	5	157
1950	6	618
1950	7	1192
1950	8	103
1950	9	567
1950	10	0
1950	11	15
1950	12	0
1951	1	113
1951	2	35
1951	3	74
1951	4	87
1951	5	399
1951	6	325
1951	7	272
1951	8	355
1951	9	261
1951	10	104
1951	11	86
1951	12	97
1952	1	36
1952	2	69
1952	3	158
1952	4	151
1952	5	54
1952	6	310
1952	7	614
1952	8	747
1952	9	252
1952	10	0
1952	11	258
1952	12	104
1953	1	46
1953	2	92
1953	3	91
1953	4	5
1953	5	162
1953	6	147
1953	7	524
1953	8	430
1953	9	0
1953	10	152
1953	11	157
1953	12	89
1954	1	84
1954	2	10
1954	3	8
1954	4	33
1954	5	265
1954	6	41
1954	7	475
1954	8	407
1954	9	583
1954	10	622
1954	11	25
1954	12	25
1955	1	86
1955	2	66
1955	3	11
1955	4	57
1955	5	310
1955	6	79
1955	7	445
1955	8	324
1955	9	243
1955	10	3
1955	11	5
1955	12	61
1956	1	31
1956	2	166
1956	3	0
1956	4	150
1956	5	370
1956	6	205
1956	7	1346
1956	8	180
1956	9	0
1956	10	102
1956	11	8
1956	12	8
1957	1	38
1957	2	117
1957	3	399
1957	4	216
1957	5	302
1957	6	117
1957	7	586
1957	8	1313
1957	9	10
1957	10	677
1957	11	147
1957	12	30
1958	1	186
1958	2	19
1958	3	820
1958	4	346
1958	5	490
1958	6	89
1958	7	592
1958	8	911
1958	9	1268
1958	10	383
1958	11	58
1958	12	191
1959	1	58
1959	2	25
1959	3	58
1959	4	218
1959	5	859
1959	6	234
1959	7	477
1959	8	1367
1959	9	8
1959	10	474
1959	11	0
1959	12	526
1960	1	168
1960	2	94
1960	3	239
1960	4	0
1960	5	161
1960	6	937
1960	7	1009
1960	8	687
1960	9	196
1960	10	1105
1960	11	0
1960	12	464
1961	1	102
1961	2	84
1961	3	221
1961	4	309
1961	5	48
1961	6	346
1961	7	581
1961	8	842
1961	9	415
1961	10	177
1961	11	178
1961	12	294
1962	1	69
1962	2	21
1962	3	125
1962	4	125
1962	5	251
1962	6	310
1962	7	1076
1962	8	84
1962	9	508
1962	10	117
1962	11	160
1962	12	188
1963	1	69
1963	2	226
1963	3	63
1963	4	58
1963	5	223
1963	6	303
1963	7	394
1963	8	960
1963	9	53
1963	10	94
1963	11	40
1963	12	58
1964	1	18
1964	2	390
1964	3	99
1964	4	123
1964	5	424
1964	6	117
1964	7	69
1964	8	317
1964	9	212
1964	10	0
1964	11	79
1964	12	33
1965	1	0
1965	2	84
1965	3	287
1965	4	472
1965	5	242
1965	6	279
1965	7	670
1965	8	574
1965	9	478
1965	10	160
1965	11	0
1965	12	199
1966	1	179
1966	2	33
1966	3	0
1966	4	15
1966	5	190
1966	6	662
1966	7	266
1966	8	1886
1966	9	26
1966	10	20
1966	11	0
1966	12	224
1967	1	0
1967	2	44
1967	3	53
1967	4	0
1967	5	18
1967	6	556
1967	7	712
1967	8	487
1967	9	332
1967	10	33
1967	11	38
1967	12	191
1968	1	201
1968	2	103
1968	3	235
1968	4	117
1968	5	35
1968	6	76
1968	7	1223
1968	8	1264
1968	9	8
1968	10	261
1968	11	168
1968	12	3
1969	1	51
1969	2	236
1969	3	149
1969	4	149
1969	5	504
1969	6	933
1969	7	792
1969	8	885
1969	9	717
1969	10	892
1969	11	23
1969	12	231
1970	1	0
1970	2	53
1970	3	66
1970	4	97
1970	5	51
1970	6	320
1970	7	678
1970	8	476
1970	9	221
1970	10	310
1970	11	23
1970	12	8
1971	1	81
1971	2	81
1971	3	91
1971	4	23
1971	5	13
1971	6	127
1971	7	828
1971	8	1084
1971	9	340
1971	10	107
1971	11	173
1971	12	318
1972	1	8
1972	2	25
1972	3	0
1972	4	0
1972	5	236
1972	6	643
1972	7	944
1972	8	1105
1972	9	432
1972	10	760
1972	11	320
1972	12	61
1973	1	135
1973	2	135
1973	3	285
1973	4	581
1973	5	386
1973	6	127
1973	7	379
1973	8	309
1973	9	303
1973	10	277
1973	11	0
1973	12	143
1974	1	132
1974	2	30
1974	3	71
1974	4	46
1974	5	0
1974	6	305
1974	7	717
1974	8	804
1974	9	499
1974	10	1082
1974	11	138
1974	12	160
1975	1	175
1975	2	130
1975	3	130
1975	4	137
1975	5	193
1975	6	87
1975	7	707
1975	8	354
1975	9	1030
1975	10	0
1975	11	69
1975	12	54
1976	1	33
1976	2	135
1976	3	25
1976	4	197
1976	5	409
1976	6	403
1976	7	1316
1976	8	250
1976	9	502
1976	10	74
1976	11	117
1976	12	0
1977	1	89
1977	2	108
1977	3	102
1977	4	452
1977	5	280
1977	6	359
1977	7	607
1977	8	1398
1977	9	932
1977	10	196
1977	11	308
1977	12	0
1978	1	161
1978	2	163
1978	3	235
1978	4	13
1978	5	534
1978	6	1399
1978	7	290
1978	8	407
1978	9	439
1978	10	269
1978	11	966
1978	12	286
1979	1	188
1979	2	68
1979	3	86
1979	4	119
1979	5	643
1979	6	614
1979	7	449
1979	8	620
1979	9	295
1979	10	191
1979	11	63
1979	12	167
1980	1	13
1980	2	137
1980	3	178
1980	4	182
1980	5	521
1980	6	13
1980	7	326
1980	8	1398
1980	9	758
1980	10	73
1980	11	140
1980	12	18
1981	1	38
1981	2	25
1981	3	102
1981	4	157
1981	5	226
1981	6	378
1981	7	706
1981	8	721
1981	9	262
1981	10	362
1981	11	56
1981	12	0
1982	1	41
1982	2	44
1982	3	5
1982	4	0
1982	5	298
1982	6	254
1982	7	766
1982	8	949
1982	9	1063
1982	10	183
1982	11	351
1982	12	335
1983	1	287
1983	2	208
1983	3	145
1983	4	143
1983	5	56
1983	6	262
1983	7	266
1983	8	196
1983	9	213
1983	10	557
1983	11	436
1983	12	147
1984	1	105
1984	2	5
1984	3	132
1984	4	193
1984	5	523
1984	6	676
1984	7	495
1984	8	564
1984	9	496
1984	10	672
1984	11	384
1984	12	440
1985	1	94
1985	2	41
1985	3	482
1985	4	479
1985	5	474
1985	6	532
1985	7	651
1985	8	383
1985	9	483
1985	10	794
1985	11	165
1985	12	8
1986	1	5
1986	2	658
1986	3	71
1986	4	273
1986	5	558
1986	6	792
1986	7	119
1986	8	661
1986	9	269
1986	10	498
1986	11	823
1986	12	251
1987	1	226
1987	2	304
1987	3	81
1987	4	183
1987	5	888
1987	6	614
1987	7	0
1987	8	1635
1987	9	287
1987	10	0
1987	11	92
1987	12	215
1988	1	58
1988	2	15
1988	3	33
1988	4	590
1988	5	397
1988	6	638
1988	7	699
1988	8	208
1988	9	717
1988	10	97
1988	11	41
1988	12	91
1989	1	19
1989	2	46
1989	3	153
1989	4	71
1989	5	323
1989	6	564
1989	7	373
1989	8	1949
1989	9	254
1989	10	130
1989	11	0
1989	12	74
1990	1	249
1990	2	181
1990	3	127
1990	4	104
1990	5	127
1990	6	5
1990	7	595
1990	8	570
1990	9	378
1990	10	206
1990	11	269
1990	12	140
1991	1	143
1991	2	20
1991	3	172
1991	4	0
1991	5	381
1991	6	200
1991	7	1140
1991	8	734
1991	9	916
1991	10	138
1991	11	430
1991	12	535
1992	1	56
1992	2	30
1992	3	117
1992	4	114
1992	5	602
1992	6	763
1992	7	683
1992	8	492
1992	9	239
1992	10	18
1992	11	318
1992	12	196
1993	1	178
1993	2	158
1993	3	347
1993	4	21
1993	5	234
1993	6	762
1993	7	524
1993	8	696
1993	9	124
1993	10	23
1993	11	97
1993	12	0
1994	1	23
1994	2	0
1994	3	511
1994	4	71
1994	5	873
1994	6	287
1994	7	495
1994	8	320
1994	9	308
1994	10	256
1994	11	99
1994	12	153
1995	1	84
1995	2	3
1995	3	221
1995	4	198
1995	5	474
1995	6	249
1995	7	394
1995	8	476
1995	9	580
1995	10	54
1995	11	48
1995	12	33
1996	1	13
1996	2	127
1996	3	0
1996	4	0
1996	5	0
1996	6	462
1996	7	680
1996	8	856
1996	9	673
1996	10	204
1996	11	66
1996	12	15
1997	1	257
1997	2	313
1997	3	30
1997	4	1066
1997	5	546
1997	6	903
1997	7	899
1997	8	701
1997	9	1040
1997	10	76
1997	11	231
1997	12	1050
1998	1	15
1998	2	126
1998	3	295
1998	4	345
1998	5	0
1998	6	5
1998	7	793
1998	8	1041
1998	9	185
1998	10	876
1998	11	130
1998	12	168
1999	1	292
1999	2	0
1999	3	302
1999	4	1006
1999	5	620
1999	6	232
1999	7	709
1999	8	734
1999	9	416
1999	10	139
1999	11	0
1999	12	317
2000	1	0
2000	2	0
2000	3	557
2000	4	97
2000	5	135
2000	6	1358
2000	7	415
2000	8	374
2000	9	31
2000	10	1051
2000	11	252
2000	12	195
2001	1	277
2001	2	226
2001	3	576
2001	4	72
2001	5	310
2001	6	784
2001	7	167
2001	8	322
2001	9	295
2001	10	89
2001	11	56
2001	12	64
2002	1	216
2002	2	0
2002	3	25
2002	4	76
2002	5	79
2002	6	244
2002	7	477
2002	8	159
2002	9	1110
2002	10	599
2002	11	61
2002	12	269
2003	1	0
2003	2	173
2003	3	141
2003	4	10
2003	5	211
2003	6	589
2003	7	223
2003	8	406
2003	9	74
2003	10	574
2003	11	155
2003	12	34
2004	1	81
2004	2	522
2004	3	117
2004	4	908
2004	5	0
2004	6	244
2004	7	714
2004	8	440
2004	9	930
2004	10	877
2004	11	417
2004	12	110
2005	1	428
2005	2	168
2005	3	437
2005	4	312
2005	5	495
2005	6	542
2005	7	218
2005	8	663
2005	9	581
2005	10	132
2005	11	0
2005	12	0
2006	1	41
2006	2	0
2006	3	15
2006	4	124
2006	5	233
2006	6	234
2006	7	298
2006	8	1037
2006	9	499
2006	10	433
2006	11	36
2006	12	289
2007	1	186
2007	2	43
2007	3	195
2007	4	101
2007	5	402
2007	6	488
2007	7	270
2007	8	418
2007	9	204
2007	10	41
2007	11	81
2007	12	238
2008	1	15
2008	2	165
2008	3	201
2008	4	122
2008	5	41
2008	6	178
2008	7	510
2008	8	790
2008	9	359
2008	10	170
2008	11	3
2008	12	84
2009	1	0
2009	2	0
2009	3	115
2009	4	73
2009	5	249
2009	6	328
2009	7	666
2009	8	205
2009	9	189
2009	10	160
2009	11	43
2009	12	176
2010	1	163
2010	2	186
2010	3	251
2010	4	66
2010	5	61
2010	6	450
2010	7	363
2010	8	498
2010	9	394
2010	10	332
2010	11	24
2010	12	107
2011	1	7
2011	2	92
2011	3	39
2011	4	62
2011	5	40
2011	6	56
2011	7	364
2011	8	460
2011	9	344
2011	10	265
2011	11	39
2011	12	359
2012	1	0
2012	2	53
2012	3	33
2012	4	13
2012	5	386
2012	6	38
2012	7	434
2012	8	377
2012	9	499
2012	10	62
2012	11	22
2012	12	112
2013	1	77
2013	2	142
2013	3	32
2013	4	36
2013	5	49
2013	6	343
2013	7	758
2013	8	353
2013	9	1413
2013	10	105
2013	11	130
2013	12	50
2014	1	0
2014	2	22
2014	3	76
2014	4	59
2014	5	350
2014	6	388
2014	7	828
2014	8	406
2014	9	649
2014	10	143
2014	11	87
2014	12	109
2015	1	275
2015	2	209
2015	3	138
2015	4	103
2015	5	878
2015	6	530
2015	7	815
2015	8	379
2015	9	162
2015	10	782
