1893	1	266
1893	2	1430
1893	3	850
1893	4	1999
1893	5	1339
1893	6	1018
1893	7	366
1893	8	254
1893	9	1469
1893	10	1570
1893	11	485
1893	12	483
1894	1	615
1894	2	914
1894	3	610
1894	4	800
1894	5	1174
1894	6	660
1894	7	254
1894	8	444
1894	9	469
1894	10	419
1894	11	89
1894	12	1371
1895	1	1127
1895	2	164
1895	3	124
1895	4	775
1895	5	369
1895	6	838
1895	7	1264
1895	8	327
1895	9	584
1895	10	51
1895	11	1815
1895	12	712
1896	1	280
1896	2	182
1896	3	773
1896	4	90
1896	5	1439
1896	6	915
1896	7	1955
1896	8	1141
1896	9	1131
1896	10	0
1896	11	1155
1896	12	298
1897	1	625
1897	2	1024
1897	3	2169
1897	4	1426
1897	5	977
1897	6	1051
1897	7	1464
1897	8	210
1897	9	188
1897	10	588
1897	11	1763
1897	12	929
1898	1	1755
1898	2	575
1898	3	2063
1898	4	126
1898	5	1285
1898	6	788
1898	7	0
1898	8	698
1898	9	218
1898	10	231
1898	11	178
1898	12	440
1899	1	633
1899	2	523
1899	3	496
1899	4	543
1899	5	577
1899	6	1210
1899	7	247
1899	8	434
1899	9	303
1899	10	749
1899	11	361
1899	12	556
1900	1	795
1900	2	1022
1900	3	243
1900	4	33
1900	5	970
1900	6	1529
1900	7	1299
1900	8	775
1900	9	163
1900	10	482
1900	11	456
1900	12	394
1901	1	254
1901	2	510
1901	3	1091
1901	4	544
1901	5	483
1901	6	729
1901	7	513
1901	8	520
1901	9	379
1901	10	768
1901	11	335
1901	12	774
1902	1	122
1902	2	131
1902	3	393
1902	4	625
1902	5	1506
1902	6	1290
1902	7	587
1902	8	447
1902	9	988
1902	10	833
1902	11	937
1902	12	317
1903	1	724
1903	2	1466
1903	3	1097
1903	4	818
1903	5	15
1903	6	1120
1903	7	491
1903	8	892
1903	9	390
1903	10	743
1903	11	456
1903	12	398
1904	1	1009
1904	2	749
1904	3	2738
1904	4	554
1904	5	628
1904	6	911
1904	7	407
1904	8	399
1904	9	949
1904	10	199
1904	11	158
1904	12	988
1905	1	523
1905	2	516
1905	3	595
1905	4	888
1905	5	900
1905	6	935
1905	7	952
1905	8	1715
1905	9	564
1905	10	1805
1905	11	458
1905	12	864
1906	1	742
1906	2	227
1906	3	1719
1906	4	288
1906	5	275
1906	6	1029
1906	7	533
1906	8	940
1906	9	1204
1906	10	432
1906	11	1372
1906	12	762
1907	1	1702
1907	2	126
1907	3	1587
1907	4	572
1907	5	1164
1907	6	974
1907	7	924
1907	8	1011
1907	9	537
1907	10	818
1907	11	850
1907	12	858
1908	1	357
1908	2	1961
1908	3	1281
1908	4	1393
1908	5	1535
1908	6	584
1908	7	551
1908	8	664
1908	9	284
1908	10	36
1908	11	553
1908	12	491
1909	1	585
1909	2	1775
1909	3	1029
1909	4	1487
1909	5	1186
1909	6	1016
1909	7	1173
1909	8	359
1909	9	575
1909	10	1270
1909	11	737
1909	12	1114
1910	1	870
1910	2	1103
1910	3	64
1910	4	1066
1910	5	869
1910	6	782
1910	7	1930
1910	8	466
1910	9	1375
1910	10	1946
1910	11	495
1910	12	570
1911	1	967
1911	2	554
1911	3	715
1911	4	1782
1911	5	509
1911	6	799
1911	7	219
1911	8	520
1911	9	2244
1911	10	935
1911	11	833
1911	12	870
1912	1	678
1912	2	933
1912	3	1658
1912	4	1747
1912	5	1048
1912	6	684
1912	7	1625
1912	8	1292
1912	9	1171
1912	10	422
1912	11	379
1912	12	614
1913	1	2256
1913	2	499
1913	3	2862
1913	4	1135
1913	5	568
1913	6	461
1913	7	541
1913	8	519
1913	9	1026
1913	10	736
1913	11	1256
1913	12	508
1914	1	562
1914	2	1163
1914	3	762
1914	4	925
1914	5	352
1914	6	393
1914	7	543
1914	8	1504
1914	9	682
1914	10	388
1914	11	252
1914	12	872
1915	1	933
1915	2	506
1915	3	419
1915	4	359
1915	5	1800
1915	6	1079
1915	7	1115
1915	8	1399
1915	9	961
1915	10	292
1915	11	1007
1915	12	1837
1916	1	2116
1916	2	534
1916	3	644
1916	4	726
1916	5	1399
1916	6	1724
1916	7	1083
1916	8	1119
1916	9	820
1916	10	488
1916	11	415
1916	12	918
1917	1	1208
1917	2	414
1917	3	1303
1917	4	1327
1917	5	1138
1917	6	1348
1917	7	879
1917	8	557
1917	9	651
1917	10	961
1917	11	222
1917	12	425
1918	1	862
1918	2	450
1918	3	437
1918	4	942
1918	5	1601
1918	6	576
1918	7	1001
1918	8	755
1918	9	1233
1918	10	702
1918	11	657
1918	12	1748
1919	1	367
1919	2	484
1919	3	1355
1919	4	861
1919	5	1166
1919	6	1794
1919	7	338
1919	8	1105
1919	9	483
1919	10	2648
1919	11	1006
1919	12	439
1920	1	788
1920	2	339
1920	3	1655
1920	4	1487
1920	5	1326
1920	6	560
1920	7	457
1920	8	1344
1920	9	440
1920	10	343
1920	11	444
1920	12	1034
1921	1	685
1921	2	780
1921	3	1422
1921	4	1113
1921	5	596
1921	6	910
1921	7	402
1921	8	2024
1921	9	2191
1921	10	421
1921	11	1999
1921	12	1488
1922	1	367
1922	2	587
1922	3	2461
1922	4	1738
1922	5	1354
1922	6	729
1922	7	873
1922	8	281
1922	9	455
1922	10	688
1922	11	846
1922	12	1801
1923	1	1161
1923	2	823
1923	3	911
1923	4	967
1923	5	1197
1923	6	989
1923	7	1004
1923	8	1736
1923	9	594
1923	10	1239
1923	11	961
1923	12	2264
1924	1	815
1924	2	591
1924	3	784
1924	4	1291
1924	5	1240
1924	6	1171
1924	7	313
1924	8	783
1924	9	1070
1924	10	58
1924	11	457
1924	12	1043
1925	1	171
1925	2	635
1925	3	723
1925	4	620
1925	5	418
1925	6	1771
1925	7	416
1925	8	1405
1925	9	1516
1925	10	1712
1925	11	1486
1925	12	398
1926	1	688
1926	2	987
1926	3	1169
1926	4	993
1926	5	350
1926	6	651
1926	7	932
1926	8	1268
1926	9	1583
1926	10	1681
1926	11	589
1926	12	576
1927	1	1430
1927	2	456
1927	3	1248
1927	4	1951
1927	5	2467
1927	6	1266
1927	7	624
1927	8	1109
1927	9	1752
1927	10	407
1927	11	1670
1927	12	990
1928	1	570
1928	2	1184
1928	3	352
1928	4	1092
1928	5	775
1928	6	1447
1928	7	505
1928	8	1221
1928	9	275
1928	10	1282
1928	11	966
1928	12	675
1929	1	1891
1929	2	1004
1929	3	776
1929	4	964
1929	5	2069
1929	6	930
1929	7	1358
1929	8	411
1929	9	869
1929	10	1125
1929	11	745
1929	12	1009
1930	1	1901
1930	2	1084
1930	3	409
1930	4	642
1930	5	152
1930	6	515
1930	7	165
1930	8	470
1930	9	545
1930	10	333
1930	11	450
1930	12	406
1931	1	168
1931	2	430
1931	3	1024
1931	4	805
1931	5	830
1931	6	603
1931	7	924
1931	8	1263
1931	9	1705
1931	10	836
1931	11	1213
1931	12	1263
1932	1	2134
1932	2	536
1932	3	971
1932	4	720
1932	5	234
1932	6	1885
1932	7	390
1932	8	633
1932	9	2581
1932	10	960
1932	11	704
1932	12	1438
1933	1	1271
1933	2	587
1933	3	1760
1933	4	1327
1933	5	2947
1933	6	173
1933	7	183
1933	8	808
1933	9	976
1933	10	752
1933	11	224
1933	12	968
1934	1	389
1934	2	340
1934	3	985
1934	4	181
1934	5	437
1934	6	996
1934	7	1024
1934	8	1408
1934	9	1661
1934	10	203
1934	11	623
1934	12	771
1935	1	768
1935	2	168
1935	3	2276
1935	4	598
1935	5	1953
1935	6	1390
1935	7	766
1935	8	768
1935	9	534
1935	10	652
1935	11	763
1935	12	523
1936	1	560
1936	2	625
1936	3	877
1936	4	691
1936	5	643
1936	6	516
1936	7	602
1936	8	287
1936	9	1400
1936	10	1239
1936	11	1143
1936	12	750
1937	1	3711
1937	2	604
1937	3	478
1937	4	1255
1937	5	1142
1937	6	727
1937	7	351
1937	8	1028
1937	9	1422
1937	10	1827
1937	11	500
1937	12	943
1938	1	588
1938	2	691
1938	3	1680
1938	4	363
1938	5	1616
1938	6	840
1938	7	977
1938	8	629
1938	9	362
1938	10	216
1938	11	886
1938	12	549
1939	1	1530
1939	2	1061
1939	3	1453
1939	4	1666
1939	5	335
1939	6	1729
1939	7	696
1939	8	368
1939	9	285
1939	10	473
1939	11	389
1939	12	433
1940	1	452
1940	2	1071
1940	3	434
1940	4	2405
1940	5	980
1940	6	312
1940	7	376
1940	8	762
1940	9	430
1940	10	381
1940	11	1388
1940	12	724
1941	1	447
1941	2	357
1941	3	200
1941	4	714
1941	5	456
1941	6	1364
1941	7	620
1941	8	574
1941	9	687
1941	10	1925
1941	11	582
1941	12	635
1942	1	519
1942	2	967
1942	3	1171
1942	4	1046
1942	5	1269
1942	6	1989
1942	7	1322
1942	8	421
1942	9	651
1942	10	370
1942	11	1578
1942	12	739
1943	1	377
1943	2	437
1943	3	1837
1943	4	973
1943	5	2294
1943	6	731
1943	7	826
1943	8	46
1943	9	765
1943	10	400
1943	11	338
1943	12	513
1944	1	191
1944	2	1137
1944	3	983
1944	4	1712
1944	5	835
1944	6	109
1944	7	567
1944	8	1814
1944	9	729
1944	10	61
1944	11	711
1944	12	491
1945	1	435
1945	2	1550
1945	3	2906
1945	4	1361
1945	5	1183
1945	6	2663
1945	7	498
1945	8	655
1945	9	1979
1945	10	253
1945	11	1456
1945	12	728
1946	1	389
1946	2	1106
1946	3	694
1946	4	518
1946	5	1433
1946	6	1136
1946	7	950
1946	8	948
1946	9	266
1946	10	612
1946	11	1283
1946	12	940
1947	1	1181
1947	2	60
1947	3	715
1947	4	2305
1947	5	1647
1947	6	1394
1947	7	1205
1947	8	646
1947	9	539
1947	10	604
1947	11	599
1947	12	282
1948	1	906
1948	2	879
1948	3	1041
1948	4	1187
1948	5	1027
1948	6	1559
1948	7	1764
1948	8	441
1948	9	916
1948	10	876
1948	11	1692
1948	12	1320
1949	1	3617
1949	2	780
1949	3	1662
1949	4	596
1949	5	923
1949	6	1356
1949	7	942
1949	8	1561
1949	9	626
1949	10	1112
1949	11	226
1949	12	1210
1950	1	3408
1950	2	1463
1950	3	1075
1950	4	1376
1950	5	788
1950	6	1392
1950	7	680
1950	8	2424
1950	9	964
1950	10	282
1950	11	2112
1950	12	767
1951	1	1711
1951	2	1220
1951	3	1483
1951	4	937
1951	5	877
1951	6	1783
1951	7	1109
1951	8	456
1951	9	706
1951	10	334
1951	11	1300
1951	12	2072
1952	1	1087
1952	2	920
1952	3	1718
1952	4	1009
1952	5	637
1952	6	1680
1952	7	452
1952	8	451
1952	9	1003
1952	10	255
1952	11	471
1952	12	887
1953	1	1411
1953	2	306
1953	3	1559
1953	4	953
1953	5	1113
1953	6	683
1953	7	2143
1953	8	142
1953	9	131
1953	10	406
1953	11	452
1953	12	811
1954	1	659
1954	2	593
1954	3	580
1954	4	913
1954	5	499
1954	6	1329
1954	7	430
1954	8	1013
1954	9	481
1954	10	1113
1954	11	446
1954	12	1067
1955	1	758
1955	2	1395
1955	3	1737
1955	4	1247
1955	5	1167
1955	6	904
1955	7	1304
1955	8	446
1955	9	1651
1955	10	1072
1955	11	1493
1955	12	176
1956	1	600
1956	2	1588
1956	3	909
1956	4	1205
1956	5	1514
1956	6	801
1956	7	906
1956	8	1349
1956	9	553
1956	10	200
1956	11	710
1956	12	1025
1957	1	897
1957	2	631
1957	3	579
1957	4	1546
1957	5	1772
1957	6	2507
1957	7	786
1957	8	280
1957	9	1011
1957	10	630
1957	11	1681
1957	12	2117
1958	1	577
1958	2	169
1958	3	616
1958	4	822
1958	5	2248
1958	6	1384
1958	7	3229
1958	8	1108
1958	9	975
1958	10	272
1958	11	1144
1958	12	204
1959	1	1637
1959	2	868
1959	3	706
1959	4	324
1959	5	1556
1959	6	780
1959	7	1708
1959	8	1335
1959	9	1516
1959	10	597
1959	11	739
1959	12	969
1960	1	642
1960	2	913
1960	3	570
1960	4	497
1960	5	1232
1960	6	2007
1960	7	990
1960	8	435
1960	9	124
1960	10	1091
1960	11	853
1960	12	725
1961	1	375
1961	2	1042
1961	3	1461
1961	4	889
1961	5	2514
1961	6	1336
1961	7	1205
1961	8	497
1961	9	203
1961	10	699
1961	11	768
1961	12	1244
1962	1	1243
1962	2	1132
1962	3	930
1962	4	358
1962	5	940
1962	6	1391
1962	7	1063
1962	8	1207
1962	9	787
1962	10	678
1962	11	563
1962	12	547
1963	1	379
1963	2	171
1963	3	2453
1963	4	670
1963	5	965
1963	6	494
1963	7	1145
1963	8	905
1963	9	526
1963	10	107
1963	11	459
1963	12	377
1964	1	775
1964	2	489
1964	3	2925
1964	4	1266
1964	5	508
1964	6	1340
1964	7	788
1964	8	561
1964	9	309
1964	10	125
1964	11	698
1964	12	993
1965	1	817
1965	2	1256
1965	3	554
1965	4	1171
1965	5	616
1965	6	1171
1965	7	791
1965	8	1326
1965	9	1532
1965	10	548
1965	11	270
1965	12	295
1966	1	639
1966	2	887
1966	3	445
1966	4	1235
1966	5	738
1966	6	1120
1966	7	1392
1966	8	890
1966	9	919
1966	10	367
1966	11	664
1966	12	1249
1967	1	333
1967	2	361
1967	3	1171
1967	4	1101
1967	5	1591
1967	6	717
1967	7	938
1967	8	658
1967	9	221
1967	10	1053
1967	11	958
1967	12	1566
1968	1	591
1968	2	399
1968	3	790
1968	4	1244
1968	5	2542
1968	6	370
1968	7	922
1968	8	1515
1968	9	929
1968	10	370
1968	11	1234
1968	12	1161
1969	1	2017
1969	2	255
1969	3	391
1969	4	1161
1969	5	651
1969	6	1075
1969	7	1548
1969	8	459
1969	9	472
1969	10	1124
1969	11	1123
1969	12	742
1970	1	305
1970	2	385
1970	3	831
1970	4	1725
1970	5	927
1970	6	1329
1970	7	592
1970	8	834
1970	9	457
1970	10	1206
1970	11	530
1970	12	635
1971	1	703
1971	2	1253
1971	3	379
1971	4	280
1971	5	1029
1971	6	603
1971	7	1121
1971	8	313
1971	9	1013
1971	10	625
1971	11	439
1971	12	1194
1972	1	441
1972	2	326
1972	3	1055
1972	4	2452
1972	5	951
1972	6	892
1972	7	831
1972	8	1071
1972	9	1248
1972	10	391
1972	11	1656
1972	12	958
1973	1	652
1973	2	445
1973	3	1606
1973	4	1785
1973	5	733
1973	6	1607
1973	7	2212
1973	8	434
1973	9	256
1973	10	836
1973	11	1599
1973	12	805
1974	1	818
1974	2	578
1974	3	1034
1974	4	978
1974	5	1764
1974	6	813
1974	7	223
1974	8	1844
1974	9	1907
1974	10	409
1974	11	1064
1974	12	790
1975	1	985
1975	2	1177
1975	3	1742
1975	4	777
1975	5	1067
1975	6	1759
1975	7	519
1975	8	1509
1975	9	767
1975	10	946
1975	11	873
1975	12	1057
1976	1	635
1976	2	527
1976	3	867
1976	4	397
1976	5	850
1976	6	988
1976	7	943
1976	8	496
1976	9	1076
1976	10	974
1976	11	282
1976	12	137
1977	1	369
1977	2	523
1977	3	1454
1977	4	854
1977	5	671
1977	6	1518
1977	7	808
1977	8	1616
1977	9	1091
1977	10	1135
1977	11	902
1977	12	1224
1978	1	600
1978	2	46
1978	3	1014
1978	4	982
1978	5	1178
1978	6	496
1978	7	1862
1978	8	1835
1978	9	160
1978	10	1635
1978	11	926
1978	12	1225
1979	1	1341
1979	2	930
1979	3	848
1979	4	1153
1979	5	1504
1979	6	1136
1979	7	2697
1979	8	2145
1979	9	635
1979	10	465
1979	11	1818
1979	12	940
1980	1	382
1980	2	256
1980	3	1525
1980	4	895
1980	5	1281
1980	6	1162
1980	7	468
1980	8	963
1980	9	569
1980	10	683
1980	11	443
1980	12	224
1981	1	92
1981	2	813
1981	3	399
1981	4	1557
1981	5	1909
1981	6	750
1981	7	1738
1981	8	1054
1981	9	406
1981	10	483
1981	11	698
1981	12	856
1982	1	1940
1982	2	402
1982	3	1138
1982	4	495
1982	5	973
1982	6	1151
1982	7	1004
1982	8	1920
1982	9	1094
1982	10	449
1982	11	1162
1982	12	1564
1983	1	404
1983	2	269
1983	3	701
1983	4	1458
1983	5	2208
1983	6	706
1983	7	394
1983	8	1204
1983	9	309
1983	10	2684
1983	11	1249
1983	12	674
1984	1	227
1984	2	510
1984	3	992
1984	4	1789
1984	5	920
1984	6	367
1984	7	1387
1984	8	453
1984	9	1100
1984	10	1346
1984	11	1160
1984	12	1223
1985	1	506
1985	2	818
1985	3	1584
1985	4	452
1985	5	1254
1985	6	1025
1985	7	996
1985	8	1556
1985	9	363
1985	10	1835
1985	11	2193
1985	12	563
1986	1	261
1986	2	921
1986	3	747
1986	4	432
1986	5	1451
1986	6	875
1986	7	1626
1986	8	891
1986	9	737
1986	10	1217
1986	11	642
1986	12	569
1987	1	236
1987	2	212
1987	3	751
1987	4	665
1987	5	643
1987	6	1272
1987	7	1444
1987	8	79
1987	9	475
1987	10	417
1987	11	599
1987	12	1256
1988	1	424
1988	2	1528
1988	3	690
1988	4	608
1988	5	582
1988	6	94
1988	7	922
1988	8	383
1988	9	366
1988	10	759
1988	11	1530
1988	12	620
1989	1	734
1989	2	1039
1989	3	2420
1989	4	983
1989	5	1291
1989	6	774
1989	7	2069
1989	8	953
1989	9	856
1989	10	619
1989	11	850
1989	12	401
1990	1	744
1990	2	1104
1990	3	456
1990	4	693
1990	5	2481
1990	6	1491
1990	7	946
1990	8	244
1990	9	728
1990	10	1185
1990	11	751
1990	12	1748
1991	1	497
1991	2	798
1991	3	1041
1991	4	963
1991	5	1075
1991	6	280
1991	7	399
1991	8	909
1991	9	594
1991	10	640
1991	11	812
1991	12	738
1992	1	330
1992	2	241
1992	3	717
1992	4	851
1992	5	523
1992	6	975
1992	7	2240
1992	8	1723
1992	9	679
1992	10	414
1992	11	912
1992	12	344
1993	1	882
1993	2	558
1993	3	752
1993	4	1578
1993	5	1062
1993	6	981
1993	7	1363
1993	8	1324
1993	9	1717
1993	10	899
1993	11	1624
1993	12	567
1994	1	1008
1994	2	506
1994	3	250
1994	4	1214
1994	5	1129
1994	6	520
1994	7	831
1994	8	826
1994	9	1017
1994	10	285
1994	11	1596
1994	12	668
1995	1	865
1995	2	481
1995	3	452
1995	4	1697
1995	5	2375
1995	6	925
1995	7	765
1995	8	1147
1995	9	437
1995	10	572
1995	11	608
1995	12	836
1996	1	1119
1996	2	375
1996	3	587
1996	4	2106
1996	5	1682
1996	6	1185
1996	7	965
1996	8	175
1996	9	1708
1996	10	437
1996	11	1194
1996	12	922
1997	1	1110
1997	2	679
1997	3	1552
1997	4	907
1997	5	1842
1997	6	1677
1997	7	725
1997	8	1608
1997	9	293
1997	10	372
1997	11	552
1997	12	426
1998	1	630
1998	2	646
1998	3	752
1998	4	3293
1998	5	1516
1998	6	2306
1998	7	709
1998	8	570
1998	9	89
1998	10	622
1998	11	536
1998	12	929
1999	1	1324
1999	2	1523
1999	3	654
1999	4	961
1999	5	1151
1999	6	661
1999	7	624
1999	8	1121
1999	9	204
1999	10	691
1999	11	322
1999	12	862
2000	1	671
2000	2	1095
2000	3	603
2000	4	810
2000	5	1287
2000	6	2578
2000	7	1700
2000	8	1649
2000	9	1711
2000	10	627
2000	11	1009
2000	12	842
2001	1	415
2001	2	597
2001	3	260
2001	4	517
2001	5	1066
2001	6	1337
2001	7	1223
2001	8	590
2001	9	1162
2001	10	1840
2001	11	1164
2001	12	1416
2002	1	463
2002	2	466
2002	3	1463
2002	4	1352
2002	5	2811
2002	6	1271
2002	7	166
2002	8	294
2002	9	995
2002	10	1207
2002	11	562
2002	12	1038
2003	1	386
2003	2	1077
2003	3	780
2003	4	894
2003	5	1592
2003	6	1231
2003	7	2214
2003	8	569
2003	9	930
2003	10	800
2003	11	1563
2003	12	649
2004	1	1344
2004	2	310
2004	3	812
2004	4	650
2004	5	2256
2004	6	858
2004	7	1882
2004	8	959
2004	9	19
2004	10	1935
2004	11	1213
2004	12	671
2005	1	1665
2005	2	668
2005	3	691
2005	4	867
2005	5	1161
2005	6	783
2005	7	900
2005	8	1548
2005	9	1005
2005	10	179
2005	11	978
2005	12	537
2006	1	1011
2006	2	478
2006	3	1940
2006	4	1582
2006	5	1367
2006	6	780
2006	7	950
2006	8	1253
2006	9	1342
2006	10	1538
2006	11	923
2006	12	1756
2007	1	1227
2007	2	767
2007	3	707
2007	4	1217
2007	5	412
2007	6	926
2007	7	716
2007	8	142
2007	9	861
2007	10	821
2007	11	390
2007	12	1627
2008	1	744
2008	2	1311
2008	3	3084
2008	4	937
2008	5	2678
2008	6	1035
2008	7	1130
2008	8	462
2008	9	509
2008	10	756
2008	11	694
2008	12	1476
2009	1	612
2009	2	506
2009	3	724
2009	4	1359
2009	5	1957
2009	6	1264
2009	7	2007
2009	8	463
2009	9	1868
2009	10	1854
2009	11	247
2009	12	774
2010	1	533
2010	2	374
2010	3	813
2010	4	950
2010	5	1641
2010	6	2566
2010	7	547
2010	8	340
2010	9	152
2010	10	323
2010	11	1827
2010	12	374
2011	1	364
2011	2	920
2011	3	1011
2011	4	3250
2011	5	1795
2011	6	1654
2011	7	1486
2011	8	745
2011	9	1277
2011	10	715
2011	11	1818
2011	12	1339
2012	1	1011
2012	2	274
2012	3	386
2012	4	1075
2012	5	947
2012	6	92
2012	7	471
2012	8	723
2012	9	1877
2012	10	876
2012	11	260
2012	12	851
2013	1	1350
2013	2	550
2013	3	734
2013	4	1062
2013	5	915
2013	6	1964
2013	7	598
2013	8	99
2013	9	623
2013	10	1124
2013	11	723
2013	12	1712
2014	1	589
2014	2	335
2014	3	501
2014	4	2142
2014	5	1673
2014	6	1240
2014	7	1492
2014	8	1108
2014	9	796
2014	10	1335
2014	11	673
2014	12	904
2015	1	675
2015	2	376
2015	3	1381
2015	4	1225
2015	5	612
2015	6	2095
2015	7	824
2015	8	517
2015	9	371
2015	10	176
