1877	7	191
1877	8	64
1877	9	356
1877	10	701
1877	11	2225
1877	12	1260
1878	1	2210
1878	2	1854
1878	3	1615
1878	4	201
1878	5	411
1878	6	99
1878	7	300
1878	8	117
1878	9	328
1878	10	648
1878	11	902
1878	12	693
1879	1	1204
1879	2	1069
1879	3	2184
1879	4	932
1879	5	1176
1879	6	142
1879	7	38
1879	8	373
1879	9	292
1879	10	559
1879	11	1471
1879	12	1996
1880	1	2380
1880	2	632
1880	3	714
1880	4	1011
1880	5	353
1880	6	173
1880	7	3
1880	8	104
1880	9	119
1880	10	196
1880	11	196
1880	12	2106
1881	1	2946
1881	2	2080
1881	3	495
1881	4	272
1881	5	185
1881	6	742
1881	7	201
1881	8	117
1881	9	183
1881	10	1514
1881	11	1054
1881	12	1306
1882	1	1069
1882	2	1577
1882	3	719
1882	4	1306
1882	5	216
1882	6	155
1882	7	216
1882	8	0
1882	9	345
1882	10	1275
1882	11	292
1882	12	1661
1883	1	757
1883	2	297
1883	3	439
1883	4	729
1883	5	582
1883	6	3
1883	7	3
1883	8	8
1883	9	157
1883	10	721
1883	11	559
1883	12	1455
1884	1	930
1884	2	942
1884	3	856
1884	4	884
1884	5	216
1884	6	483
1884	7	13
1884	8	8
1884	9	345
1884	10	292
1884	11	201
1884	12	2337
1885	1	759
1885	2	1341
1885	3	71
1885	4	307
1885	5	739
1885	6	389
1885	7	18
1885	8	0
1885	9	91
1885	10	422
1885	11	2057
1885	12	1656
1886	1	1928
1886	2	620
1886	3	770
1886	4	1265
1886	5	282
1886	6	33
1886	7	559
1886	8	0
1886	9	84
1886	10	871
1886	11	668
1886	12	1854
1887	1	2195
1887	2	1585
1887	3	605
1887	4	963
1887	5	389
1887	6	226
1887	7	18
1887	8	20
1887	9	130
1887	10	287
1887	11	810
1887	12	2258
1888	1	1681
1888	2	714
1888	3	607
1888	4	160
1888	5	292
1888	6	1509
1888	7	267
1888	8	18
1888	9	160
1888	10	716
1888	11	899
1888	12	899
1889	1	752
1889	2	178
1889	3	569
1889	4	399
1889	5	678
1889	6	36
1889	7	0
1889	8	114
1889	9	61
1889	10	1341
1889	11	1336
1889	12	1679
1890	1	3106
1890	2	2347
1890	3	1189
1890	4	249
1890	5	282
1890	6	373
1890	7	3
1890	8	25
1890	9	135
1890	10	282
1890	11	48
1890	12	762
1891	1	912
1891	2	2921
1891	3	1049
1891	4	373
1891	5	1008
1891	6	475
1891	7	213
1891	8	102
1891	9	241
1891	10	770
1891	11	795
1891	12	3053
1892	1	1125
1892	2	401
1892	3	716
1892	4	935
1892	5	554
1892	6	163
1892	7	109
1892	8	0
1892	9	251
1892	10	480
1892	11	1450
1892	12	1151
1893	1	798
1893	2	1781
1893	3	513
1893	4	1044
1893	5	612
1893	6	175
1893	7	13
1893	8	3
1893	9	965
1893	10	1270
1893	11	1544
1893	12	899
1894	1	2301
1894	2	1631
1894	3	2187
1894	4	305
1894	5	439
1894	6	724
1894	7	0
1894	8	0
1894	9	310
1894	10	1003
1894	11	505
1894	12	1844
1895	1	1283
1895	2	386
1895	3	909
1895	4	599
1895	5	544
1895	6	56
1895	7	69
1895	8	3
1895	9	696
1895	10	0
1895	11	808
1895	12	2248
1896	1	2116
1896	2	765
1896	3	1054
1896	4	1062
1896	5	1148
1896	6	69
1896	7	0
1896	8	251
1896	9	170
1896	10	523
1896	11	2517
1896	12	1422
1897	1	422
1897	2	1534
1897	3	1758
1897	4	282
1897	5	226
1897	6	351
1897	7	58
1897	8	48
1897	9	406
1897	10	676
1897	11	1608
1897	12	1478
1898	1	991
1898	2	485
1898	3	546
1898	4	272
1898	5	472
1898	6	264
1898	7	8
1898	8	226
1898	9	414
1898	10	389
1898	11	1577
1898	12	942
1899	1	1161
1899	2	1593
1899	3	1857
1899	4	577
1899	5	676
1899	6	114
1899	7	0
1899	8	356
1899	9	94
1899	10	988
1899	11	1374
1899	12	1492
1900	1	1067
1900	2	613
1900	3	624
1900	4	448
1900	5	597
1900	6	200
1900	7	0
1900	8	0
1900	9	424
1900	10	1427
1900	11	465
1900	12	1010
1901	1	1496
1901	2	841
1901	3	747
1901	4	580
1901	5	176
1901	6	8
1901	7	0
1901	8	147
1901	9	968
1901	10	155
1901	11	513
1901	12	1295
1902	1	66
1902	2	1940
1902	3	58
1902	4	818
1902	5	550
1902	6	11
1902	7	25
1902	8	0
1902	9	86
1902	10	269
1902	11	2410
1902	12	2052
1903	1	2433
1903	2	439
1903	3	864
1903	4	203
1903	5	165
1903	6	188
1903	7	102
1903	8	76
1903	9	137
1903	10	201
1903	11	2314
1903	12	371
1904	1	968
1904	2	3096
1904	3	2123
1904	4	683
1904	5	251
1904	6	8
1904	7	79
1904	8	3
1904	9	107
1904	10	838
1904	11	658
1904	12	2215
1905	1	701
1905	2	239
1905	3	917
1905	4	132
1905	5	356
1905	6	236
1905	7	0
1905	8	0
1905	9	191
1905	10	747
1905	11	663
1905	12	1179
1906	1	1222
1906	2	1290
1906	3	648
1906	4	414
1906	5	1011
1906	6	396
1906	7	0
1906	8	3
1906	9	279
1906	10	264
1906	11	1161
1906	12	986
1907	1	1499
1907	2	1260
1907	3	1311
1907	4	937
1907	5	320
1907	6	224
1907	7	81
1907	8	277
1907	9	211
1907	10	226
1907	11	1097
1907	12	3256
1908	1	841
1908	2	897
1908	3	503
1908	4	112
1908	5	373
1908	6	358
1908	7	10
1908	8	74
1908	9	109
1908	10	1344
1908	11	759
1908	12	762
1909	1	2637
1909	2	1834
1909	3	411
1909	4	94
1909	5	287
1909	6	178
1909	7	122
1909	8	0
1909	9	183
1909	10	1034
1909	11	2210
1909	12	935
1910	1	960
1910	2	620
1910	3	508
1910	4	508
1910	5	511
1910	6	277
1910	7	8
1910	8	0
1910	9	226
1910	10	688
1910	11	2334
1910	12	787
1911	1	1222
1911	2	663
1911	3	193
1911	4	617
1911	5	445
1911	6	150
1911	7	8
1911	8	0
1911	9	721
1911	10	307
1911	11	808
1911	12	1110
1912	1	1514
1912	2	914
1912	3	1029
1912	4	980
1912	5	790
1912	6	780
1912	7	51
1912	8	150
1912	9	505
1912	10	564
1912	11	1311
1912	12	1057
1913	1	1463
1913	2	145
1913	3	566
1913	4	521
1913	5	381
1913	6	831
1913	7	155
1913	8	48
1913	9	366
1913	10	447
1913	11	1217
1913	12	599
1914	1	1826
1914	2	561
1914	3	447
1914	4	635
1914	5	269
1914	6	447
1914	7	3
1914	8	0
1914	9	711
1914	10	904
1914	11	683
1914	12	389
1915	1	744
1915	2	846
1915	3	447
1915	4	351
1915	5	856
1915	6	180
1915	7	163
1915	8	8
1915	9	145
1915	10	239
1915	11	2169
1915	12	1397
1916	1	1562
1916	2	1273
1916	3	1257
1916	4	579
1916	5	521
1916	6	231
1916	7	564
1916	8	91
1916	9	150
1916	10	109
1916	11	1173
1916	12	986
1917	1	572
1917	2	1245
1917	3	950
1917	4	856
1917	5	699
1917	6	66
1917	7	3
1917	8	0
1917	9	185
1917	10	5
1917	11	1593
1917	12	942
1918	1	904
1918	2	1260
1918	3	653
1918	4	180
1918	5	340
1918	6	84
1918	7	145
1918	8	267
1918	9	147
1918	10	300
1918	11	1201
1918	12	828
1919	1	1862
1919	2	2045
1919	3	1143
1919	4	643
1919	5	312
1919	6	173
1919	7	15
1919	8	5
1919	9	853
1919	10	579
1919	11	991
1919	12	1146
1920	1	384
1920	2	43
1920	3	754
1920	4	678
1920	5	61
1920	6	244
1920	7	107
1920	8	56
1920	9	577
1920	10	960
1920	11	1593
1920	12	1821
1921	1	1046
1921	2	1095
1921	3	434
1921	4	351
1921	5	445
1921	6	193
1921	7	0
1921	8	10
1921	9	368
1921	10	541
1921	11	1641
1921	12	386
1922	1	935
1922	2	940
1922	3	1039
1922	4	681
1922	5	262
1922	6	257
1922	7	0
1922	8	81
1922	9	396
1922	10	889
1922	11	658
1922	12	1488
1923	1	1445
1923	2	358
1923	3	335
1923	4	566
1923	5	396
1923	6	310
1923	7	150
1923	8	76
1923	9	414
1923	10	864
1923	11	495
1923	12	1095
1924	1	363
1924	2	480
1924	3	467
1924	4	114
1924	5	152
1924	6	142
1924	7	0
1924	8	193
1924	9	338
1924	10	2657
1924	11	1748
1924	12	1333
1925	1	1082
1925	2	1283
1925	3	292
1925	4	1148
1925	5	612
1925	6	152
1925	7	0
1925	8	216
1925	9	650
1925	10	13
1925	11	828
1925	12	930
1926	1	983
1926	2	1725
1926	3	15
1926	4	328
1926	5	442
1926	6	114
1926	7	0
1926	8	427
1926	9	173
1926	10	706
1926	11	2182
1926	12	1059
1927	1	1527
1927	2	1844
1927	3	538
1927	4	457
1927	5	457
1927	6	175
1927	7	0
1927	8	8
1927	9	437
1927	10	348
1927	11	1349
1927	12	988
1928	1	737
1928	2	511
1928	3	1450
1928	4	907
1928	5	107
1928	6	178
1928	7	30
1928	8	0
1928	9	213
1928	10	381
1928	11	645
1928	12	1133
1929	1	1003
1929	2	282
1929	3	513
1929	4	800
1929	5	165
1929	6	678
1929	7	3
1929	8	3
1929	9	8
1929	10	307
1929	11	64
1929	12	2017
1930	1	1001
1930	2	752
1930	3	229
1930	4	678
1930	5	622
1930	6	119
1930	7	0
1930	8	0
1930	9	300
1930	10	203
1930	11	960
1930	12	513
1931	1	860
1931	2	460
1931	3	910
1931	4	349
1931	5	142
1931	6	1275
1931	7	0
1931	8	0
1931	9	145
1931	10	850
1931	11	1146
1931	12	1677
1932	1	1087
1932	2	267
1932	3	963
1932	4	678
1932	5	797
1932	6	116
1932	7	21
1932	8	0
1932	9	15
1932	10	424
1932	11	1181
1932	12	1206
1933	1	2076
1933	2	564
1933	3	547
1933	4	217
1933	5	802
1933	6	183
1933	7	0
1933	8	61
1933	9	201
1933	10	310
1933	11	259
1933	12	1194
1934	1	1121
1934	2	305
1934	3	421
1934	4	508
1934	5	309
1934	6	364
1934	7	15
1934	8	23
1934	9	144
1934	10	1027
1934	11	1896
1934	12	1369
1935	1	1107
1935	2	721
1935	3	805
1935	4	726
1935	5	29
1935	6	87
1935	7	28
1935	8	91
1935	9	102
1935	10	1029
1935	11	653
1935	12	1194
1936	1	2330
1936	2	1265
1936	3	448
1936	4	572
1936	5	708
1936	6	515
1936	7	130
1936	8	0
1936	9	234
1936	10	13
1936	11	64
1936	12	803
1937	1	1334
1937	2	1290
1937	3	915
1937	4	1055
1937	5	442
1937	6	1026
1937	7	18
1937	8	35
1937	9	495
1937	10	553
1937	11	2136
1937	12	1228
1938	1	1098
1938	2	2297
1938	3	1975
1938	4	484
1938	5	59
1938	6	31
1938	7	13
1938	8	0
1938	9	416
1938	10	539
1938	11	1120
1938	12	580
1939	1	831
1939	2	1102
1939	3	813
1939	4	40
1939	5	392
1939	6	388
1939	7	150
1939	8	188
1939	9	140
1939	10	704
1939	11	87
1939	12	1866
1940	1	829
1940	2	2467
1940	3	1118
1940	4	417
1940	5	366
1940	6	76
1940	7	18
1940	8	0
1940	9	718
1940	10	890
1940	11	824
1940	12	1662
1941	1	911
1941	2	668
1941	3	275
1941	4	531
1941	5	684
1941	6	658
1941	7	24
1941	8	115
1941	9	579
1941	10	493
1941	11	1549
1941	12	2230
1942	1	1067
1942	2	616
1942	3	247
1942	4	492
1942	5	859
1942	6	327
1942	7	40
1942	8	0
1942	9	23
1942	10	252
1942	11	2714
1942	12	3037
1943	1	1782
1943	2	431
1943	3	852
1943	4	810
1943	5	523
1943	6	567
1943	7	85
1943	8	297
1943	9	59
1943	10	993
1943	11	1001
1943	12	477
1944	1	710
1944	2	789
1944	3	503
1944	4	990
1944	5	424
1944	6	300
1944	7	3
1944	8	0
1944	9	191
1944	10	366
1944	11	1131
1944	12	501
1945	1	797
1945	2	1091
1945	3	1233
1945	4	637
1945	5	677
1945	6	28
1945	7	37
1945	8	38
1945	9	272
1945	10	414
1945	11	2363
1945	12	2117
1946	1	1467
1946	2	770
1946	3	1193
1946	4	126
1946	5	671
1946	6	151
1946	7	10
1946	8	156
1946	9	244
1946	10	900
1946	11	1543
1946	12	703
1947	1	739
1947	2	710
1947	3	1053
1947	4	433
1947	5	414
1947	6	953
1947	7	709
1947	8	239
1947	9	130
1947	10	1629
1947	11	716
1947	12	857
1948	1	1675
1948	2	1211
1948	3	902
1948	4	680
1948	5	584
1948	6	455
1948	7	74
1948	8	137
1948	9	436
1948	10	247
1948	11	1130
1948	12	1736
1949	1	345
1949	2	1634
1949	3	634
1949	4	202
1949	5	499
1949	6	8
1949	7	0
1949	8	8
1949	9	499
1949	10	616
1949	11	822
1949	12	970
1950	1	2823
1950	2	724
1950	3	1213
1950	4	296
1950	5	180
1950	6	489
1950	7	3
1950	8	28
1950	9	143
1950	10	3182
1950	11	1503
1950	12	1223
1951	1	1738
1951	2	1153
1951	3	827
1951	4	236
1951	5	331
1951	6	0
1951	7	0
1951	8	16
1951	9	262
1951	10	1370
1951	11	1352
1951	12	2254
1952	1	1480
1952	2	906
1952	3	786
1952	4	281
1952	5	196
1952	6	836
1952	7	3
1952	8	0
1952	9	147
1952	10	104
1952	11	492
1952	12	2375
1953	1	2585
1953	2	1083
1953	3	835
1953	4	553
1953	5	819
1953	6	298
1953	7	0
1953	8	329
1953	9	303
1953	10	752
1953	11	2144
1953	12	1273
1954	1	2482
1954	2	818
1954	3	567
1954	4	584
1954	5	77
1954	6	268
1954	7	3
1954	8	302
1954	9	269
1954	10	340
1954	11	610
1954	12	1269
1955	1	845
1955	2	456
1955	3	894
1955	4	868
1955	5	118
1955	6	115
1955	7	39
1955	8	0
1955	9	255
1955	10	934
1955	11	1148
1955	12	3999
1956	1	2514
1956	2	1796
1956	3	774
1956	4	182
1956	5	763
1956	6	377
1956	7	0
1956	8	67
1956	9	117
1956	10	1778
1956	11	260
1956	12	837
1957	1	614
1957	2	1376
1957	3	1475
1957	4	549
1957	5	423
1957	6	58
1957	7	81
1957	8	76
1957	9	504
1957	10	933
1957	11	701
1957	12	2345
1958	1	1757
1958	2	2403
1958	3	627
1958	4	464
1958	5	336
1958	6	1262
1958	7	122
1958	8	15
1958	9	143
1958	10	491
1958	11	1125
1958	12	924
1959	1	2051
1959	2	1164
1959	3	602
1959	4	151
1959	5	554
1959	6	137
1959	7	0
1959	8	0
1959	9	314
1959	10	534
1959	11	205
1959	12	897
1960	1	929
1960	2	1588
1960	3	1642
1960	4	623
1960	5	965
1960	6	0
1960	7	0
1960	8	171
1960	9	165
1960	10	389
1960	11	2128
1960	12	576
1961	1	562
1961	2	2266
1961	3	1641
1961	4	231
1961	5	634
1961	6	117
1961	7	89
1961	8	5
1961	9	180
1961	10	1072
1961	11	2567
1961	12	1135
1962	1	348
1962	2	851
1962	3	1136
1962	4	413
1962	5	324
1962	6	124
1962	7	0
1962	8	135
1962	9	130
1962	10	1413
1962	11	1375
1962	12	929
1963	1	375
1963	2	1002
1963	3	901
1963	4	1342
1963	5	950
1963	6	466
1963	7	46
1963	8	0
1963	9	361
1963	10	522
1963	11	1616
1963	12	509
1964	1	2788
1964	2	265
1964	3	951
1964	4	241
1964	5	248
1964	6	382
1964	7	79
1964	8	36
1964	9	112
1964	10	235
1964	11	2048
1964	12	3574
1965	1	1508
1965	2	334
1965	3	120
1965	4	624
1965	5	133
1965	6	69
1965	7	25
1965	8	209
1965	9	0
1965	10	424
1965	11	1156
1965	12	1868
1966	1	1720
1966	2	334
1966	3	877
1966	4	149
1966	5	166
1966	6	196
1966	7	322
1966	8	0
1966	9	370
1966	10	441
1966	11	1876
1966	12	866
1967	1	1445
1967	2	346
1967	3	442
1967	4	409
1967	5	369
1967	6	56
1967	7	0
1967	8	0
1967	9	170
1967	10	549
1967	11	503
1967	12	1502
1968	1	1404
1968	2	882
1968	3	277
1968	4	236
1968	5	386
1968	6	74
1968	7	41
1968	8	626
1968	9	339
1968	10	824
1968	11	1419
1968	12	1692
1969	1	2868
1969	2	708
1969	3	258
1969	4	477
1969	5	354
1969	6	463
1969	7	10
1969	8	0
1969	9	325
1969	10	844
1969	11	290
1969	12	2224
1970	1	2677
1970	2	517
1970	3	696
1970	4	456
1970	5	242
1970	6	77
1970	7	20
1970	8	0
1970	9	219
1970	10	755
1970	11	1571
1970	12	1607
1971	1	1788
1971	2	1052
1971	3	1577
1971	4	669
1971	5	381
1971	6	374
1971	7	0
1971	8	44
1971	9	584
1971	10	363
1971	11	1855
1971	12	1596
1972	1	1700
1972	2	843
1972	3	932
1972	4	960
1972	5	429
1972	6	312
1972	7	0
1972	8	221
1972	9	321
1972	10	699
1972	11	715
1972	12	971
1973	1	1018
1973	2	259
1973	3	624
1973	4	441
1973	5	231
1973	6	71
1973	7	0
1973	8	41
1973	9	372
1973	10	643
1973	11	4040
1973	12	1731
1974	1	1756
1974	2	1136
1974	3	1691
1974	4	660
1974	5	323
1974	6	33
1974	7	82
1974	8	13
1974	9	3
1974	10	377
1974	11	983
1974	12	1591
1975	1	1327
1975	2	1346
1975	3	1416
1975	4	601
1975	5	232
1975	6	39
1975	7	188
1975	8	283
1975	9	33
1975	10	1057
1975	11	1143
1975	12	1548
1976	1	1474
1976	2	691
1976	3	969
1976	4	388
1976	5	173
1976	6	67
1976	7	127
1976	8	838
1976	9	226
1976	10	77
1976	11	279
1976	12	215
1977	1	402
1977	2	618
1977	3	843
1977	4	223
1977	5	678
1977	6	130
1977	7	0
1977	8	439
1977	9	800
1977	10	372
1977	11	1221
1977	12	1426
1978	1	909
1978	2	932
1978	3	361
1978	4	686
1978	5	192
1978	6	87
1978	7	143
1978	8	315
1978	9	740
1978	10	36
1978	11	594
1978	12	595
1979	1	918
1979	2	1419
1979	3	617
1979	4	1178
1979	5	405
1979	6	191
1979	7	41
1979	8	208
1979	9	295
1979	10	1184
1979	11	1340
1979	12	1246
1980	1	1261
1980	2	718
1980	3	953
1980	4	883
1980	5	200
1980	6	511
1980	7	3
1980	8	8
1980	9	188
1980	10	140
1980	11	930
1980	12	2157
1981	1	506
1981	2	656
1981	3	1105
1981	4	766
1981	5	825
1981	6	295
1981	7	18
1981	8	0
1981	9	702
1981	10	988
1981	11	1553
1981	12	3463
1982	1	1390
1982	2	850
1982	3	615
1982	4	896
1982	5	68
1982	6	431
1982	7	78
1982	8	178
1982	9	471
1982	10	1131
1982	11	1441
1982	12	1824
1983	1	992
1983	2	2224
1983	3	1774
1983	4	824
1983	5	599
1983	6	168
1983	7	429
1983	8	492
1983	9	197
1983	10	156
1983	11	2315
1983	12	1859
1984	1	171
1984	2	1771
1984	3	983
1984	4	810
1984	5	409
1984	6	427
1984	7	10
1984	8	18
1984	9	38
1984	10	885
1984	11	3029
1984	12	868
1985	1	148
1985	2	639
1985	3	895
1985	4	318
1985	5	276
1985	6	346
1985	7	265
1985	8	77
1985	9	248
1985	10	667
1985	11	1106
1985	12	658
1986	1	1325
1986	2	2477
1986	3	784
1986	4	414
1986	5	597
1986	6	51
1986	7	20
1986	8	0
1986	9	941
1986	10	533
1986	11	1484
1986	12	480
1987	1	1299
1987	2	1054
1987	3	793
1987	4	230
1987	5	118
1987	6	46
1987	7	757
1987	8	5
1987	9	0
1987	10	16
1987	11	1001
1987	12	2143
1988	1	1492
1988	2	273
1988	3	767
1988	4	640
1988	5	570
1988	6	515
1988	7	0
1988	8	0
1988	9	177
1988	10	39
1988	11	2362
1988	12	740
1989	1	1118
1989	2	495
1989	3	1565
1989	4	530
1989	5	336
1989	6	110
1989	7	43
1989	8	409
1989	9	104
1989	10	529
1989	11	396
1989	12	235
1990	1	1463
1990	2	1178
1990	3	538
1990	4	263
1990	5	512
1990	6	188
1990	7	106
1990	8	436
1990	9	28
1990	10	899
1990	11	805
1990	12	681
1991	1	450
1991	2	663
1991	3	1415
1991	4	605
1991	5	755
1991	6	102
1991	7	188
1991	8	115
1991	9	10
1991	10	446
1991	11	1340
1991	12	876
1992	1	742
1992	2	496
1992	3	375
1992	4	947
1992	5	97
1992	6	678
1992	7	211
1992	8	0
1992	9	55
1992	10	815
1992	11	1055
1992	12	2246
1993	1	1237
1993	2	813
1993	3	805
1993	4	1425
1993	5	989
1993	6	443
1993	7	279
1993	8	303
1993	9	0
1993	10	254
1993	11	515
1993	12	1311
1994	1	745
1994	2	847
1994	3	751
1994	4	346
1994	5	178
1994	6	179
1994	7	13
1994	8	0
1994	9	366
1994	10	474
1994	11	1769
1994	12	997
1995	1	2519
1995	2	541
1995	3	965
1995	4	1068
1995	5	262
1995	6	455
1995	7	117
1995	8	26
1995	9	201
1995	10	440
1995	11	964
1995	12	2262
1996	1	2488
1996	2	1740
1996	3	880
1996	4	1206
1996	5	1130
1996	6	132
1996	7	30
1996	8	3
1996	9	291
1996	10	1027
1996	11	2364
1996	12	4005
1997	1	1482
1997	2	718
1997	3	376
1997	4	672
1997	5	529
1997	6	321
1997	7	155
1997	8	305
1997	9	451
1997	10	850
1997	11	813
1997	12	533
1998	1	1659
1998	2	1367
1998	3	1423
1998	4	732
1998	5	1607
1998	6	148
1998	7	41
1998	8	3
1998	9	94
1998	10	535
1998	11	1799
1998	12	1505
1999	1	1470
1999	2	2121
1999	3	778
1999	4	278
1999	5	329
1999	6	53
1999	7	0
1999	8	316
1999	9	0
1999	10	772
1999	11	1004
1999	12	612
2000	1	2423
2000	2	1212
2000	3	317
2000	4	1178
2000	5	414
2000	6	102
2000	7	30
2000	8	0
2000	9	193
2000	10	823
2000	11	509
2000	12	906
2001	1	390
2001	2	420
2001	3	587
2001	4	468
2001	5	290
2001	6	206
2001	7	74
2001	8	0
2001	9	196
2001	10	488
2001	11	1652
2001	12	1480
2002	1	855
2002	2	541
2002	3	545
2002	4	392
2002	5	266
2002	6	51
2002	7	0
2002	8	0
2002	9	82
2002	10	140
2002	11	1386
2002	12	2872
2003	1	1234
2003	2	656
2003	3	854
2003	4	1792
2003	5	155
2003	6	0
2003	7	0
2003	8	26
2003	9	278
2003	10	127
2003	11	1333
2003	12	2239
2004	1	1568
2004	2	1026
2004	3	737
2004	4	421
2004	5	462
2004	6	356
2004	7	0
2004	8	152
2004	9	428
2004	10	669
2004	11	367
2004	12	1574
2005	1	470
2005	2	280
2005	3	1130
2005	4	297
2005	5	1599
2005	6	227
2005	7	0
2005	8	0
2005	9	191
2005	10	394
2005	11	1312
2005	12	2453
2006	1	2878
2006	2	828
2006	3	988
2006	4	417
2006	5	719
2006	6	299
2006	7	13
2006	8	0
2006	9	112
2006	10	38
2006	11	2535
2006	12	1207
2007	1	821
2007	2	511
2007	3	287
2007	4	288
2007	5	21
2007	6	162
2007	7	149
2007	8	259
2007	9	331
2007	10	864
2007	11	1079
2007	12	1801
2008	1	2159
2008	2	606
2008	3	1152
2008	4	458
2008	5	361
2008	6	77
2008	7	0
2008	8	34
2008	9	0
2008	10	396
2008	11	1034
2008	12	1991
2009	1	427
2009	2	775
2009	3	903
2009	4	306
2009	5	442
2009	6	286
2009	7	25
2009	8	46
2009	9	209
2009	10	776
2009	11	1232
2009	12	904
2010	1	1431
2010	2	666
2010	3	1214
2010	4	1362
2010	5	1044
2010	6	521
2010	7	0
2010	8	68
2010	9	471
2010	10	864
2010	11	1331
2010	12	1988
2011	1	586
2011	2	1084
2011	3	1805
2011	4	1172
2011	5	817
2011	6	218
2011	7	500
2011	8	0
2011	9	13
2011	10	478
2011	11	1038
2011	12	520
2012	1	1524
2012	2	923
2012	3	2612
2012	4	746
2012	5	245
2012	6	645
2012	7	115
2012	8	0
2012	9	0
2012	10	653
2012	11	1884
2012	12	2330
2013	1	775
2013	2	275
2013	3	438
2013	4	356
2013	5	391
2013	6	84
2013	7	13
2013	8	177
2013	9	1091
2013	10	136
2013	11	791
2013	12	284
2014	1	522
2014	2	1653
2014	3	1280
2014	4	503
2014	5	409
2014	6	303
2014	7	59
2014	8	10
2014	9	386
2014	10	1054
2014	11	1141
2014	12	1337
2015	1	208
2015	2	1210
2015	3	690
2015	4	387
2015	5	29
2015	6	30
2015	7	0
2015	8	49
2015	9	135
2015	10	179
