1871	2	122
1871	3	500
1871	4	373
1871	11	76
1871	12	363
1872	1	368
1872	2	201
1872	3	51
1872	4	117
1872	5	452
1872	6	188
1872	7	693
1872	8	152
1872	9	71
1872	10	30
1872	11	132
1872	12	41
1873	1	33
1873	2	48
1873	6	180
1873	7	513
1873	8	610
1873	10	33
1873	11	23
1873	12	15
1874	1	28
1874	2	15
1874	3	36
1874	4	25
1874	5	1062
1874	6	909
1874	7	279
1874	8	790
1874	9	371
1874	10	284
1874	11	264
1874	12	41
1875	1	328
1875	2	348
1875	3	381
1875	4	76
1875	5	1171
1875	6	391
1875	7	185
1875	8	747
1875	9	318
1875	10	206
1875	11	231
1875	12	56
1876	1	150
1876	2	124
1876	3	269
1876	4	213
1876	5	1417
1876	6	673
1876	7	498
1876	8	396
1876	9	224
1876	10	231
1876	11	51
1876	12	231
1877	1	142
1877	2	185
1877	3	343
1877	4	351
1877	5	998
1877	6	528
1877	7	455
1877	8	58
1877	9	686
1877	10	353
1877	11	302
1877	12	36
1878	1	114
1878	2	157
1878	3	231
1878	4	465
1878	5	1303
1878	6	960
1878	7	224
1878	8	549
1878	9	345
1878	10	249
1878	11	79
1878	12	165
1879	1	244
1879	2	269
1879	3	384
1879	4	368
1879	5	549
1879	6	942
1879	7	71
1879	8	58
1879	9	130
1879	10	312
1879	11	231
1879	12	973
1880	1	292
1880	2	287
1880	3	493
1880	4	983
1880	5	1019
1880	6	683
1880	7	523
1880	8	208
1880	9	36
1880	10	625
1880	11	328
1880	12	196
1888	1	8
1888	4	211
1888	5	389
1888	6	838
1888	7	140
1888	8	224
1888	9	145
1888	10	58
1888	11	325
1888	12	8
1889	1	15
1889	2	28
1889	3	234
1889	4	160
1889	5	503
1889	6	58
1889	7	15
1889	8	312
1889	9	74
1889	10	122
1889	11	102
1889	12	175
1890	1	221
1890	2	231
1890	3	130
1890	4	66
1890	5	226
1890	6	597
1890	7	61
1890	8	310
1890	9	178
1890	10	269
1890	11	15
1890	12	178
1891	1	86
1891	2	198
1891	3	160
1891	4	254
1891	5	348
1891	6	1280
1891	7	800
1891	8	99
1891	9	348
1891	10	74
1891	11	30
1891	12	165
1892	1	69
1892	2	10
1892	3	79
1892	4	356
1892	5	137
1892	6	719
1892	7	295
1892	8	155
1892	9	208
1892	10	254
1892	11	531
1892	12	495
1893	1	79
1893	2	134
1893	3	86
1893	4	212
1893	5	284
1893	6	238
1893	7	189
1893	8	178
1893	9	994
1893	10	270
1893	11	73
1893	12	176
1894	1	114
1894	2	71
1894	3	287
1894	4	492
1894	5	256
1894	6	887
1894	7	714
1894	8	334
1894	9	694
1894	10	216
1894	11	0
1894	12	148
1895	1	251
1895	2	16
1895	3	261
1895	4	239
1895	5	361
1895	6	539
1895	7	255
1895	8	212
1895	9	518
1895	10	49
1895	11	193
1895	12	325
1896	1	169
1896	2	165
1896	3	249
1896	4	546
1896	5	1086
1896	6	317
1896	7	301
1896	8	219
1896	9	439
1896	10	182
1896	11	468
1896	12	63
1897	1	53
1897	2	326
1897	3	594
1897	4	328
1897	5	739
1897	6	817
1897	7	363
1897	8	133
1897	9	416
1897	10	444
1897	11	450
1897	12	280
1898	1	187
1898	2	83
1898	3	530
1898	4	188
1898	5	1002
1898	6	820
1898	7	221
1898	8	292
1898	9	253
1898	10	250
1898	11	231
1898	12	82
1899	1	585
1899	2	316
1899	3	428
1899	4	343
1899	5	478
1899	6	417
1899	8	242
1899	9	106
1899	10	455
1899	11	34
1899	12	255
1900	1	68
1900	2	135
1900	3	506
1900	4	692
1900	5	507
1900	6	149
1900	7	132
1900	8	90
1900	9	229
1900	10	348
1900	11	201
1900	12	91
1901	1	221
1901	2	58
1901	3	224
1901	4	538
1901	5	991
1901	6	311
1901	7	109
1901	8	66
1901	9	344
1901	10	50
1901	11	177
1901	12	248
1902	1	116
1902	2	85
1902	3	403
1902	4	384
1902	5	942
1902	6	386
1902	7	213
1902	8	119
1902	9	189
1902	10	30
1902	11	394
1902	12	180
1903	1	169
1903	2	29
1903	3	199
1903	4	582
1903	5	394
1903	6	445
1903	7	327
1903	8	99
1903	9	177
1903	10	96
1903	11	343
1903	12	230
1904	1	125
1904	2	397
1904	3	325
1904	4	157
1904	5	348
1904	6	261
1904	7	307
1904	8	124
1904	9	6
1904	10	62
1904	11	7
1904	12	146
1905	1	51
1905	2	39
1905	3	176
1905	4	198
1905	5	541
1905	6	386
1905	7	393
1905	8	280
1905	9	215
1905	10	332
1905	11	136
1905	12	72
1906	1	305
1906	2	161
1906	3	165
1906	4	460
1906	5	1348
1906	6	864
1906	7	172
1906	8	557
1906	9	187
1906	10	119
1906	11	256
1906	12	150
1907	1	98
1907	2	73
1907	3	288
1907	4	145
1907	5	430
1907	6	644
1907	7	708
1907	8	385
1907	9	228
1907	10	92
1907	11	48
1907	12	59
1908	1	87
1908	2	121
1908	3	235
1908	4	189
1908	5	1655
1908	6	803
1908	7	142
1908	8	189
1908	9	379
1908	10	390
1908	11	29
1908	12	55
1909	1	236
1909	2	132
1909	3	954
1909	4	720
1909	5	704
1909	6	145
1909	7	459
1909	8	164
1909	9	806
1909	10	148
1909	11	886
1909	12	94
1910	1	46
1910	2	26
1910	3	76
1910	4	386
1910	5	907
1910	6	232
1910	7	419
1910	8	157
1910	9	304
1910	10	269
1910	11	537
1910	12	76
1911	1	246
1911	2	127
1911	3	38
1911	4	68
1911	5	552
1911	6	879
1911	7	210
1911	8	307
1911	9	414
1911	10	267
1911	11	338
1911	12	255
1912	1	35
1912	2	110
1912	3	212
1912	4	396
1912	5	976
1912	6	269
1912	7	538
1912	8	547
1912	9	400
1912	10	211
1912	11	131
1912	12	126
1913	1	182
1913	2	46
1913	3	224
1913	4	227
1913	5	427
1913	6	1288
1913	7	494
1913	8	147
1913	9	256
1913	10	293
1913	11	114
1913	12	28
1914	1	162
1914	2	81
1914	3	68
1914	4	272
1914	5	560
1914	6	1025
1914	7	321
1914	8	51
1914	9	394
1914	10	238
1914	11	14
1914	12	56
1915	1	147
1915	2	66
1915	3	141
1915	4	329
1915	5	911
1915	6	1010
1915	7	771
1915	8	290
1915	9	420
1915	10	52
1915	11	187
1915	12	227
1916	1	89
1916	2	25
1916	3	261
1916	4	193
1916	5	332
1916	6	515
1916	7	441
1916	8	277
1916	9	216
1916	10	280
1916	11	192
1916	12	205
1917	1	119
1917	2	142
1917	3	0
1917	4	268
1917	5	537
1917	6	522
1917	7	126
1917	8	41
1917	9	491
1917	10	25
1917	11	145
1917	12	236
1918	1	402
1918	2	132
1918	3	165
1918	4	280
1918	5	316
1918	6	618
1918	7	519
1918	8	165
1918	9	235
1918	10	334
1918	11	89
1918	12	130
1919	1	53
1919	2	284
1919	3	135
1919	4	223
1919	5	521
1919	6	18
1919	7	0
1919	8	0
1919	9	89
1919	10	208
1919	11	146
1919	12	449
1920	1	40
1920	2	73
1920	3	343
1920	4	369
1920	5	676
1920	6	638
1920	7	155
1920	8	157
1920	9	353
1920	10	363
1920	11	117
1920	12	254
1921	1	196
1921	2	76
1921	3	166
1921	4	212
1921	5	688
1921	6	236
1921	7	224
1921	8	208
1921	9	545
1921	10	51
1921	11	277
1921	12	137
1922	1	126
1922	2	114
1922	3	132
1922	4	399
1922	5	584
1922	6	412
1922	7	346
1922	8	787
1922	9	180
1922	10	165
1922	11	88
1922	12	90
1923	1	65
1923	2	79
1923	3	47
1923	4	438
1923	5	512
1923	6	569
1923	7	390
1923	8	463
1923	9	145
1923	10	188
1923	11	96
1923	12	152
1924	1	126
1924	2	104
1924	3	303
1924	4	229
1924	5	160
1924	6	183
1924	7	396
1924	8	114
1924	9	540
1924	10	366
1924	11	54
1924	12	51
1925	1	152
1925	2	35
1925	3	137
1925	4	121
1925	5	126
1925	6	645
1925	7	202
1925	8	472
1925	9	906
1925	10	213
1925	11	49
1925	12	274
1926	1	26
1926	2	33
1926	3	265
1926	4	86
1926	5	315
1926	6	265
1926	7	455
1926	8	670
1926	9	361
1926	10	148
1926	11	289
1926	12	212
1927	1	51
1927	2	76
1927	3	141
1927	4	311
1927	5	420
1927	6	166
1927	7	350
1927	8	352
1927	9	214
1927	10	241
1927	11	332
1927	12	130
1928	1	411
1928	2	155
1928	3	147
1928	4	162
1928	5	384
1928	6	666
1928	7	396
1928	8	313
1928	9	51
1928	10	338
1928	11	218
1928	12	251
1929	1	151
1929	2	192
1929	3	209
1929	4	276
1929	5	358
1929	6	419
1929	7	429
1929	8	94
1929	9	505
1929	10	287
1929	11	184
1929	12	188
1930	1	101
1930	2	142
1930	3	170
1930	4	208
1930	5	200
1930	6	245
1930	7	396
1930	8	493
1930	9	369
1930	10	606
1930	11	79
1930	12	209
1931	1	273
1931	2	281
1931	3	165
1931	4	373
1931	5	423
1931	6	284
1931	7	317
1931	8	206
1931	9	433
1931	10	169
1931	11	257
1931	12	142
1932	1	127
1932	2	18
1932	3	244
1932	4	562
1932	5	225
1932	6	612
1932	7	499
1932	8	532
1932	9	25
1932	10	201
1932	11	150
1932	12	25
1933	1	84
1933	2	152
1933	3	173
1933	4	359
1933	5	366
1933	6	376
1933	7	64
1933	8	658
1933	9	327
1933	10	253
1933	11	107
1933	12	97
1934	1	69
1934	2	64
1934	3	49
1934	4	33
1934	5	184
1934	6	868
1934	7	269
1934	8	124
1934	9	240
1934	10	157
1934	11	86
1934	12	157
1935	1	71
1935	2	96
1935	3	260
1935	4	389
1935	5	374
1935	6	469
1935	7	82
1935	8	105
1935	9	18
1935	10	476
1935	11	103
1935	12	57
1936	1	183
1936	2	136
1936	3	100
1936	4	426
1936	5	227
1936	6	507
1936	7	186
1936	8	402
1936	9	217
1936	10	29
1936	11	67
1936	12	188
1937	1	119
1937	2	181
1937	3	377
1937	4	329
1937	5	120
1937	6	571
1937	7	762
1937	8	48
1937	9	411
1937	10	145
1937	11	129
1937	12	185
1938	1	188
1938	2	36
1938	3	595
1938	4	236
1938	5	819
1938	6	393
1938	7	330
1938	8	168
1938	9	29
1938	10	547
1938	11	216
1938	12	29
1939	1	149
1939	2	96
1939	3	69
1939	4	200
1939	5	409
1939	6	608
1939	7	278
1939	8	211
1939	9	391
1939	10	137
1939	11	20
1939	12	166
1940	1	490
1940	2	231
1940	3	327
1940	4	543
1940	5	232
1940	6	779
1940	7	560
1940	8	94
1940	9	584
1940	10	125
1940	11	242
1940	12	96
1941	1	59
1941	2	114
1941	3	102
1941	4	563
1941	5	597
1941	6	627
1941	7	204
1941	8	480
1941	9	730
1941	10	105
1941	11	320
1941	12	302
1942	1	224
1942	2	196
1942	3	129
1942	4	363
1942	5	686
1942	6	630
1942	7	239
1942	8	50
1942	9	322
1942	10	188
1942	11	260
1942	12	170
1943	1	318
1943	2	53
1943	3	182
1943	4	793
1943	5	723
1943	6	588
1943	7	473
1943	8	493
1943	9	155
1943	10	452
1943	11	132
1943	12	120
1944	1	25
1944	2	165
1944	3	353
1944	4	251
1944	5	775
1944	6	1320
1944	7	284
1944	8	61
1944	9	226
1944	10	127
1944	11	206
1944	12	150
1945	1	64
1945	2	74
1945	3	348
1945	4	76
1945	5	656
1945	6	766
1945	7	476
1945	8	515
1945	9	398
1945	10	233
1945	11	271
1945	12	250
1946	1	228
1946	2	231
1946	3	363
1946	4	290
1946	5	380
1946	6	474
1946	7	518
1946	8	208
1946	9	435
1946	10	364
1946	11	168
1946	12	94
1947	1	126
1947	2	79
1947	3	403
1947	4	327
1947	5	341
1947	6	2044
1947	7	176
1947	8	208
1947	9	569
1947	10	288
1947	11	559
1947	12	148
1948	1	124
1948	2	117
1948	3	267
1948	4	473
1948	5	571
1948	6	520
1948	7	300
1948	8	231
1948	9	144
1948	10	91
1948	11	247
1948	12	420
1949	1	142
1949	2	89
1949	3	150
1949	4	366
1949	5	246
1949	6	463
1949	7	264
1949	8	181
1949	9	483
1949	10	251
1949	11	112
1949	12	203
1950	1	84
1950	2	63
1950	3	555
1950	4	124
1950	5	101
1950	6	498
1950	7	758
1950	8	256
1950	9	365
1950	10	112
1950	11	281
1950	12	122
1951	1	214
1951	2	152
1951	3	386
1951	4	194
1951	5	465
1951	6	195
1951	7	229
1951	8	691
1951	9	223
1951	10	520
1951	11	39
1951	12	256
1952	1	271
1952	2	263
1952	3	153
1952	4	323
1952	5	600
1952	6	746
1952	7	425
1952	8	147
1952	9	148
1952	10	0
1952	11	404
1952	12	181
1953	1	173
1953	2	148
1953	3	187
1953	4	467
1953	5	332
1953	6	495
1953	7	83
1953	8	123
1953	9	285
1953	10	66
1953	11	137
1953	12	91
1954	1	209
1954	2	43
1954	3	219
1954	4	46
1954	5	381
1954	6	808
1954	7	205
1954	8	689
1954	9	176
1954	10	132
1954	11	8
1954	12	25
1955	1	250
1955	2	127
1955	3	168
1955	4	665
1955	5	648
1955	6	714
1955	7	457
1955	8	8
1955	9	231
1955	10	110
1955	11	123
1955	12	448
1956	1	230
1956	2	10
1956	3	100
1956	4	322
1956	5	775
1956	6	158
1956	7	381
1956	8	238
1956	9	267
1956	10	178
1956	11	73
1956	12	38
1957	1	216
1957	2	71
1957	3	396
1957	4	493
1957	5	785
1957	6	837
1957	7	319
1957	8	168
1957	9	99
1957	10	424
1957	11	74
1957	12	136
1958	1	41
1958	2	148
1958	3	304
1958	4	410
1958	5	263
1958	6	854
1958	7	633
1958	8	368
1958	9	551
1958	10	38
1958	11	201
1958	12	145
1959	1	18
1959	2	182
1959	3	188
1959	4	202
1959	5	1041
1959	6	1047
1959	7	577
1959	8	198
1959	9	661
1959	10	450
1959	11	107
1959	12	0
1960	1	137
1960	2	270
1960	3	378
1960	4	342
1960	5	445
1960	6	328
1960	7	119
1960	8	488
1960	9	122
1960	10	51
1960	11	191
1960	12	239
1961	1	33
1961	2	46
1961	3	243
1961	4	294
1961	5	732
1961	6	253
1961	7	221
1961	8	462
1961	9	1019
1961	10	755
1961	11	106
1961	12	38
1962	1	404
1962	2	257
1962	3	154
1962	4	249
1962	5	897
1962	6	572
1962	7	716
1962	8	727
1962	9	321
1962	10	421
1962	11	660
1962	12	20
1963	1	142
1963	2	48
1963	3	305
1963	4	447
1963	5	543
1963	6	1322
1963	7	113
1963	8	258
1963	9	459
1963	10	251
1963	11	201
1963	12	296
1964	1	82
1964	2	114
1964	3	127
1964	4	457
1964	5	830
1964	6	1359
1964	7	424
1964	8	493
1964	9	45
1964	10	216
1964	11	374
1964	12	270
1965	1	138
1965	2	38
1965	3	84
1965	4	428
1965	5	860
1965	6	731
1965	7	440
1965	8	836
1965	9	332
1965	10	168
1965	11	114
1965	12	133
1966	1	132
1966	2	167
1966	3	175
1966	4	124
1966	5	707
1966	6	793
1966	7	181
1966	8	224
1966	9	464
1966	10	165
1966	11	284
1966	12	132
1967	1	142
1967	2	122
1967	3	630
1967	4	253
1967	5	481
1967	6	963
1967	7	685
1967	8	120
1967	9	206
1967	10	663
1967	11	191
1967	12	281
1968	1	226
1968	2	102
1968	3	302
1968	4	298
1968	5	793
1968	6	720
1968	7	570
1968	8	609
1968	9	381
1968	10	239
1968	11	406
1968	12	152
1969	1	382
1969	2	234
1969	3	89
1969	4	666
1969	5	603
1969	6	1143
1969	7	404
1969	8	383
1969	9	379
1969	10	446
1969	11	254
1969	12	130
1970	1	125
1970	2	33
1970	3	290
1970	4	320
1970	5	624
1970	6	625
1970	7	1043
1970	8	350
1970	9	508
1970	10	206
1970	11	427
1970	12	218
1971	1	311
1971	2	150
1971	3	97
1971	4	322
1971	5	277
1971	6	950
1971	7	20
1971	8	442
1971	9	503
1971	10	211
1971	11	237
1971	12	217
1972	1	164
1972	2	115
1972	3	308
1972	4	301
1972	5	285
1972	6	779
1972	7	511
1972	8	423
1972	9	455
1972	10	401
1972	11	104
1972	12	135
1973	1	141
1973	2	13
1973	3	257
1973	4	525
1973	5	282
1973	6	858
1973	7	280
1973	8	601
1973	9	568
1973	10	229
1973	11	565
1973	12	206
1974	1	215
1974	2	135
1974	3	402
1974	4	125
1974	5	393
1974	6	155
1974	7	377
1974	8	112
1974	9	66
1974	10	327
1974	11	193
1974	12	280
1975	1	219
1975	2	107
1975	3	104
1975	4	648
1975	5	749
1975	6	703
1975	7	930
1975	8	415
1975	9	132
1975	10	681
1975	11	331
1975	12	264
1976	1	175
1976	2	99
1976	3	170
1976	4	679
1976	5	477
1976	6	795
1976	7	538
1976	8	196
1976	9	587
1976	10	322
1976	11	81
1976	12	15
1977	1	158
1977	2	8
1977	3	582
1977	4	312
1977	5	794
1977	6	579
1977	7	487
1977	8	313
1977	9	832
1977	10	219
1977	11	119
1977	12	188
1978	1	272
1978	2	264
1978	3	3
1978	4	154
1978	5	819
1978	6	422
1978	7	515
1978	8	196
1978	9	844
1978	10	25
1978	11	198
1978	12	249
1979	1	259
1979	2	224
1979	3	193
1979	4	628
1979	5	602
1979	6	331
1979	7	228
1979	8	341
1979	9	0
1979	10	404
1979	11	265
1979	12	94
1980	1	128
1980	2	303
1980	3	454
1980	4	297
1980	5	1557
1980	6	615
1980	7	354
1980	8	228
1980	9	846
1980	10	168
1980	11	249
1980	12	36
1981	1	42
1981	2	288
1981	3	540
1981	4	345
1981	5	1116
1981	6	867
1981	7	158
1981	8	40
1981	9	226
1981	10	339
1981	11	208
1981	12	180
1982	1	137
1982	2	132
1982	3	445
1982	4	478
1982	5	638
1982	6	798
1982	7	309
1982	8	506
1982	9	391
1982	10	178
1982	11	138
1982	12	394
1983	1	11
1983	2	145
1983	3	304
1983	4	55
1983	5	140
1983	6	887
1983	7	389
1983	8	555
1983	9	450
1983	10	379
1983	11	689
1983	12	326
1984	1	43
1984	2	248
1984	3	287
1984	4	462
1984	5	437
1984	6	380
1984	7	627
1984	8	482
1984	9	231
1984	10	199
1984	11	322
1984	12	162
1985	1	76
1985	2	83
1985	3	388
1985	4	132
1985	5	503
1985	6	443
1985	7	346
1985	8	271
1985	9	346
1985	10	132
1985	11	165
1985	12	47
1986	1	135
1986	2	223
1986	3	211
1986	4	376
1986	5	292
1986	6	665
1986	7	435
1986	8	486
1986	9	476
1986	10	111
1986	11	206
1986	12	46
1987	1	120
1987	2	37
1987	3	99
1987	4	56
1987	5	1186
1987	6	383
1987	7	1088
1987	8	645
1987	9	152
1987	10	0
1987	11	56
1987	12	151
1988	1	109
1988	2	135
1988	3	212
1988	4	522
1988	5	672
1988	6	439
1988	7	55
1988	8	317
1988	9	391
1988	10	43
1988	11	411
1988	12	114
1989	1	326
1989	2	127
1989	3	304
1989	4	213
1989	5	543
1989	6	155
1989	7	249
1989	8	463
1989	9	56
1989	10	613
1989	11	104
1989	12	90
1990	1	185
1990	2	41
1990	3	413
1990	4	252
1990	5	384
1990	6	572
1990	7	394
1990	8	408
1990	9	13
1990	10	267
1990	11	302
1990	12	169
1991	1	8
1991	2	51
1991	3	221
1991	4	323
1991	5	557
1991	6	398
1991	7	51
1991	8	371
1991	9	423
1991	10	233
1991	11	282
1991	12	94
1992	1	98
1992	2	74
1992	3	9
1992	4	515
1992	5	536
1992	6	640
1992	7	383
1992	8	78
1992	9	291
1992	10	58
1992	11	166
1992	12	89
1993	1	163
1993	2	79
1993	3	84
1993	4	647
1993	5	608
1993	6	931
1993	7	875
1993	8	1039
1993	9	41
1993	10	97
1993	11	86
1993	12	58
1994	1	66
1994	2	196
1994	3	178
1994	4	344
1994	5	353
1994	6	607
1994	7	318
1994	8	165
1994	9	43
1994	10	384
1994	11	301
1994	12	316
1995	1	480
1995	2	73
1995	3	516
1995	4	696
1995	5	615
1995	6	736
1995	7	860
1995	8	377
1995	9	140
1995	10	472
1995	11	118
1995	12	155
1996	1	269
1996	2	165
1996	3	152
1996	4	542
1996	5	1314
1996	6	447
1996	7	56
1996	8	191
1996	9	224
1996	10	166
1996	11	353
1996	12	212
1997	1	399
1997	2	148
1997	3	215
1997	4	258
1997	5	810
1997	6	891
1997	7	926
1997	8	572
1997	9	460
1997	10	386
1997	11	101
1997	12	203
1998	1	436
1998	2	142
1998	3	268
1998	4	319
1998	5	614
1998	6	1175
1998	7	570
1998	8	213
1998	9	138
1998	10	283
1998	11	300
1998	12	314
1999	1	217
1999	2	212
1999	3	179
1999	4	228
1999	5	1145
1999	6	877
1999	7	13
1999	8	424
1999	9	119
1999	10	201
1999	11	45
1999	12	243
2000	1	224
2000	2	233
2000	3	165
2000	4	204
2000	5	934
2000	6	426
2000	7	151
2000	8	168
2000	9	186
2000	10	685
2000	11	192
2000	12	133
2001	1	74
2001	2	54
2001	3	127
2001	4	357
2001	5	92
2001	6	565
2001	7	483
2001	8	3
2001	9	378
2001	10	244
2001	11	75
2001	12	104
2002	1	175
2002	2	143
2002	3	86
2002	4	225
2002	5	713
2002	6	820
2002	7	270
2002	8	186
2002	9	384
2002	10	56
2002	11	68
2002	12	183
2003	1	194
2003	2	273
2003	3	242
2003	4	782
2003	5	441
2003	6	299
2003	7	202
2003	8	244
2003	9	36
2003	10	190
2003	11	53
2003	12	374
2004	1	151
2004	2	171
2004	3	137
2004	4	419
2004	5	919
2004	6	498
2004	7	401
2004	8	321
2004	9	466
2004	10	379
2004	11	50
2004	12	68
2005	1	35
2005	2	28
2005	3	169
2005	4	408
2005	5	518
2005	6	1327
2005	7	112
2005	8	373
2005	9	254
2005	10	625
2005	11	394
2005	12	185
2006	1	436
2006	2	89
2006	3	197
2006	4	449
2006	5	436
2006	6	650
2006	7	364
2006	8	167
2006	9	282
2006	10	790
2006	11	155
2006	12	104
2007	1	56
2007	2	285
2007	3	282
2007	4	475
2007	5	560
2007	6	592
2007	7	122
2007	8	277
2007	9	495
2007	10	561
2007	11	221
2007	12	297
2008	1	129
2008	2	166
2008	3	181
2008	4	387
2008	5	737
2008	6	560
2008	7	280
2008	8	236
2008	9	132
2008	10	71
2008	11	152
2008	12	404
2009	1	89
2009	2	82
2009	3	711
2009	4	449
2009	5	158
2009	6	892
2009	7	502
2009	8	481
2009	9	292
2009	10	340
2009	11	249
2009	12	49
2010	1	158
2010	2	74
2010	3	281
2010	4	707
2010	5	774
2010	6	963
2010	7	280
2010	8	621
2010	9	299
2010	10	295
2010	11	504
2010	12	202
2011	1	193
2011	2	134
2011	3	247
2011	4	495
2011	5	891
2011	6	683
2011	7	172
2011	8	146
2011	9	120
2011	10	308
2011	11	142
2011	12	112
2012	1	132
2012	2	159
2012	3	254
2012	4	468
2012	5	827
2012	6	335
2012	7	451
2012	8	171
2012	9	85
2012	10	244
2012	11	325
2012	12	251
2013	1	201
2013	2	115
2013	3	84
2013	4	57
2013	5	781
2013	6	688
2013	7	137
2013	8	187
2013	9	1002
2013	10	302
2013	11	88
2013	12	132
2014	1	51
2014	2	278
2014	3	223
2014	4	362
2014	5	472
2014	6	788
2014	7	269
2014	8	576
2014	9	349
2014	10	206
2014	11	225
2014	12	256
2015	1	8
2015	2	45
2015	3	154
2015	4	368
2015	5	602
2015	6	293
2015	7	532
2015	8	197
2015	9	385
2015	10	205
