1894	3	980
1894	4	411
1894	5	141
1894	6	470
1894	7	332
1894	8	246
1894	9	113
1894	10	203
1895	1	1454
1895	2	728
1895	3	695
1895	11	604
1895	12	431
1896	1	651
1896	2	388
1896	3	927
1897	2	901
1897	3	529
1897	7	533
1897	9	181
1897	10	610
1897	11	706
1897	12	641
1898	1	501
1898	2	597
1898	3	487
1898	4	154
1898	5	681
1898	6	524
1898	8	376
1898	9	171
1898	10	491
1898	11	273
1898	12	352
1899	1	1002
1899	2	585
1899	3	736
1899	4	250
1899	5	431
1899	6	371
1899	7	446
1899	8	452
1899	10	237
1899	11	40
1899	12	210
1900	1	481
1900	2	426
1900	3	621
1900	4	1015
1900	5	310
1900	6	113
1900	7	114
1900	8	37
1900	9	120
1900	12	431
1901	5	548
1901	6	388
1901	7	196
1901	8	500
1901	9	581
1901	10	269
1901	11	252
1901	12	341
1902	1	210
1902	2	203
1902	3	683
1902	4	451
1902	5	342
1902	6	310
1902	7	752
1902	8	110
1902	10	81
1902	11	584
1902	12	301
1903	1	314
1903	2	219
1903	3	263
1903	4	329
1903	5	350
1903	6	271
1903	7	302
1903	8	130
1903	9	395
1903	10	191
1903	11	328
1903	12	381
1904	1	152
1904	2	628
1904	3	921
1904	4	238
1904	5	183
1904	6	122
1904	7	653
1904	8	391
1904	9	66
1904	10	241
1904	11	16
1904	12	405
1905	1	163
1905	2	130
1905	3	500
1905	4	290
1905	5	550
1905	6	851
1905	7	258
1905	8	504
1905	9	173
1905	10	345
1905	11	356
1905	12	328
1906	1	1267
1906	2	720
1906	3	683
1906	4	416
1906	5	577
1906	6	393
1906	7	69
1906	8	314
1906	9	211
1906	10	201
1906	11	495
1906	12	1219
1907	1	1039
1907	2	383
1907	3	1902
1907	4	784
1907	5	421
1907	6	779
1907	7	693
1907	8	246
1907	9	381
1907	10	217
1907	11	169
1907	12	984
1908	1	389
1908	2	922
1908	3	750
1908	4	369
1908	5	2197
1908	6	1458
1908	7	366
1908	8	798
1908	9	425
1908	10	1656
1908	11	214
1908	12	447
1909	1	1369
1909	2	978
1909	3	518
1909	4	447
1909	5	397
1909	6	388
1909	7	669
1909	8	229
1909	9	446
1909	10	314
1909	11	828
1909	12	378
1910	1	788
1910	2	637
1910	3	302
1910	4	433
1910	5	909
1910	6	110
1910	7	519
1910	8	168
1910	9	269
1910	10	415
1910	11	422
1910	12	277
1911	1	782
1911	2	244
1911	3	304
1911	4	456
1911	5	371
1911	6	723
1911	7	231
1911	8	54
1911	9	360
1911	10	268
1911	11	483
1911	12	215
1912	1	261
1912	2	319
1912	3	660
1912	4	533
1912	5	734
1912	6	559
1912	7	109
1912	8	324
1912	9	340
1912	10	1074
1912	11	681
1912	12	648
1913	1	957
1913	2	176
1913	3	1188
1913	4	630
1913	5	682
1913	6	272
1913	7	1671
1913	8	225
1913	9	147
1913	10	465
1913	11	503
1913	12	178
1914	1	598
1914	2	338
1914	3	537
1914	4	559
1914	5	213
1914	6	727
1914	7	366
1914	8	39
1914	9	823
1914	10	715
1914	11	156
1914	12	143
1915	1	320
1915	2	381
1915	3	207
1915	4	241
1915	5	827
1915	6	484
1915	7	497
1915	8	347
1915	9	767
1915	10	138
1915	11	508
1915	12	407
1916	1	1438
1916	2	703
1916	3	838
1916	4	412
1916	5	659
1916	6	610
1916	7	315
1916	8	193
1916	9	363
1916	10	456
1916	11	253
1916	12	511
1917	1	394
1917	2	481
1917	3	467
1917	4	480
1917	5	601
1917	6	185
1917	7	130
1917	8	212
1917	9	743
1917	10	232
1917	11	256
1917	12	538
1918	1	804
1918	2	527
1918	3	364
1918	4	132
1918	5	438
1918	6	823
1918	7	673
1918	8	236
1918	9	848
1918	10	348
1918	11	373
1918	12	111
1919	1	203
1919	2	476
1919	3	266
1919	4	177
1919	5	218
1919	6	38
1919	7	251
1919	8	109
1919	9	785
1919	10	715
1919	11	228
1919	12	662
1920	1	182
1920	2	168
1920	3	605
1920	4	365
1920	5	560
1920	6	309
1920	7	314
1920	8	597
1920	9	450
1920	10	394
1920	11	437
1920	12	521
1921	1	565
1921	2	213
1921	3	948
1921	4	365
1921	5	266
1921	6	68
1921	7	47
1921	8	41
1921	9	169
1921	10	101
1921	11	649
1921	12	434
1922	1	296
1922	2	500
1922	3	201
1922	4	259
1922	5	396
1922	6	295
1922	7	462
1922	8	691
1922	9	125
1922	10	13
1922	11	175
1922	12	622
1923	1	772
1923	2	326
1923	3	165
1923	4	460
1923	5	562
1923	6	582
1923	7	387
1923	8	116
1923	9	296
1923	10	239
1923	11	102
1923	12	590
1924	1	258
1924	2	346
1924	3	411
1924	4	102
1924	5	36
1924	6	121
1924	7	460
1924	8	148
1924	9	501
1924	10	522
1924	11	394
1924	12	543
1925	1	603
1925	2	882
1925	3	437
1925	4	416
1925	5	867
1925	6	780
1925	7	434
1925	8	755
1925	9	514
1925	10	420
1925	11	477
1925	12	182
1926	1	115
1926	2	342
1926	3	53
1926	4	463
1926	5	488
1926	6	282
1926	7	254
1926	8	691
1926	9	193
1926	10	28
1926	11	428
1926	12	256
1927	1	482
1927	2	196
1927	3	287
1927	4	221
1927	5	436
1927	6	460
1927	7	380
1927	8	606
1927	9	724
1927	10	367
1927	11	854
1927	12	295
1928	1	282
1928	2	241
1928	3	386
1928	4	411
1928	5	130
1928	6	1133
1928	7	627
1928	8	204
1928	9	83
1928	10	157
1928	11	236
1928	12	201
1929	1	438
1929	2	168
1929	3	320
1929	4	335
1929	5	331
1929	6	430
1929	7	274
1929	8	546
1929	9	357
1929	10	472
1929	11	238
1929	12	479
1930	1	222
1930	2	170
1930	3	191
1930	4	165
1930	5	432
1930	6	473
1930	7	238
1930	8	981
1930	9	269
1930	10	465
1930	11	238
1930	12	81
1931	1	51
1931	2	113
1931	3	277
1931	4	216
1931	5	305
1931	6	401
1931	7	168
1931	8	286
1931	9	142
1931	10	244
1931	11	223
1931	12	256
1932	1	333
1932	2	172
1932	3	381
1932	4	170
1932	5	561
1932	6	683
1932	7	577
1932	8	195
1932	9	148
1932	10	165
1932	11	347
1932	12	240
1933	1	492
1933	2	258
1933	3	121
1933	4	230
1933	5	315
1933	6	150
1933	7	123
1933	8	544
1933	9	347
1933	10	5
1933	11	97
1933	12	412
1934	1	192
1934	2	173
1934	3	307
1934	4	210
1934	5	190
1934	6	1074
1934	7	488
1934	8	378
1934	9	325
1934	10	124
1934	11	232
1934	12	378
1935	1	188
1935	2	145
1935	3	566
1935	4	600
1935	5	295
1935	6	71
1935	7	93
1935	8	125
1935	9	145
1935	10	177
1935	11	132
1935	12	79
1936	1	412
1936	2	435
1936	3	415
1936	4	407
1936	5	241
1936	6	427
1936	7	361
1936	8	454
1936	9	169
1936	10	157
1936	11	114
1936	12	248
1937	1	427
1937	2	512
1937	3	262
1937	4	527
1937	5	162
1937	6	528
1937	7	664
1937	8	82
1937	9	652
1937	10	253
1937	11	374
1937	12	434
1938	1	668
1938	2	492
1938	3	911
1938	4	331
1938	5	487
1938	6	605
1938	7	989
1938	8	272
1938	9	209
1938	10	869
1938	11	407
1938	12	242
1939	1	517
1939	2	534
1939	3	300
1939	4	364
1939	5	251
1939	6	940
1939	7	93
1939	8	178
1939	9	365
1939	10	285
1939	11	0
1939	12	130
1940	1	686
1940	2	932
1940	3	648
1940	4	617
1940	5	95
1940	6	301
1940	7	84
1940	8	111
1940	9	428
1940	10	117
1940	11	394
1940	12	152
1941	1	198
1941	2	391
1941	3	105
1941	4	386
1941	5	526
1941	6	400
1941	7	275
1941	8	962
1941	9	370
1941	10	152
1941	11	569
1941	12	752
1942	1	296
1942	2	342
1942	3	207
1942	4	399
1942	5	738
1942	6	167
1942	7	195
1942	8	58
1942	9	160
1942	10	187
1942	11	1009
1942	12	440
1943	1	1646
1943	2	391
1943	3	457
1943	4	705
1943	5	632
1943	6	396
1943	7	222
1943	8	362
1943	9	224
1943	10	455
1943	11	207
1943	12	152
1944	1	179
1944	2	384
1944	3	442
1944	4	199
1944	5	401
1944	6	1087
1944	7	673
1944	8	50
1944	9	501
1944	10	228
1944	11	400
1944	12	225
1945	1	190
1945	2	441
1945	3	396
1945	4	329
1945	5	714
1945	6	1084
1945	7	329
1945	8	1001
1945	9	715
1945	10	299
1945	11	514
1945	12	543
1946	1	362
1946	2	229
1946	3	563
1946	4	220
1946	5	341
1946	6	143
1946	7	438
1946	8	386
1946	9	514
1946	10	751
1946	11	313
1946	12	540
1947	1	300
1947	2	234
1947	3	498
1947	4	344
1947	5	175
1947	6	692
1947	7	308
1947	8	488
1947	9	696
1947	10	269
1947	11	800
1947	12	228
1948	1	459
1948	2	417
1948	3	433
1948	4	514
1948	5	373
1948	6	399
1948	7	343
1948	8	318
1948	9	476
1948	10	239
1948	11	696
1948	12	809
1949	1	289
1949	2	743
1949	3	483
1949	4	227
1949	5	292
1949	6	750
1949	7	148
1949	8	241
1949	9	589
1949	10	569
1949	11	362
1949	12	468
1950	1	1102
1950	2	426
1950	3	603
1950	4	424
1950	5	418
1950	6	638
1950	7	641
1950	8	135
1950	9	683
1950	10	537
1950	11	476
1950	12	286
1951	1	557
1951	2	329
1951	3	545
1951	4	207
1951	5	527
1951	6	586
1951	7	647
1951	8	1000
1951	9	81
1951	10	665
1951	11	181
1951	12	615
1952	1	585
1952	2	462
1952	3	429
1952	4	196
1952	5	482
1952	6	500
1952	7	701
1952	8	504
1952	9	90
1952	10	0
1952	11	63
1952	12	454
1953	1	603
1953	2	351
1953	3	379
1953	4	439
1953	5	561
1953	6	346
1953	7	65
1953	8	176
1953	9	323
1953	10	117
1953	11	200
1953	12	383
1954	1	700
1954	2	328
1954	3	468
1954	4	567
1954	5	247
1954	6	973
1954	7	414
1954	8	262
1954	9	174
1954	10	202
1954	11	143
1954	12	320
1955	1	275
1955	2	402
1955	3	564
1955	4	278
1955	5	572
1955	6	493
1955	7	407
1955	8	189
1955	9	337
1955	10	597
1955	11	772
1955	12	1335
1956	1	913
1956	2	320
1956	3	421
1956	4	699
1956	5	178
1956	6	282
1956	7	220
1956	8	217
1956	9	168
1956	10	372
1956	11	306
1956	12	265
1957	1	402
1957	2	396
1957	3	439
1957	4	265
1957	5	396
1957	6	0
1957	7	41
1957	8	145
1957	9	144
1957	10	213
1957	11	260
1957	12	549
1958	1	222
1958	2	402
1958	3	467
1958	4	446
1958	5	326
1958	6	742
1958	7	414
1958	8	361
1958	9	312
1958	10	137
1958	11	711
1958	12	312
1959	1	463
1959	2	402
1959	3	318
1959	4	300
1959	5	674
1959	6	386
1959	7	170
1959	8	308
1959	9	423
1959	10	320
1959	11	261
1959	12	123
1960	1	338
1960	2	373
1960	3	321
1960	4	489
1960	5	536
1960	6	521
1960	7	239
1960	8	541
1960	9	96
1960	10	300
1960	11	501
1960	12	267
1961	1	72
1961	2	681
1961	3	330
1961	4	262
1961	5	560
1961	6	124
1961	7	222
1961	8	1139
1961	9	1040
1961	10	614
1961	11	173
1961	12	569
1962	1	414
1962	2	1018
1962	3	410
1962	4	335
1962	5	727
1962	6	526
1962	7	704
1962	8	703
1962	9	316
1962	10	163
1962	11	444
1962	12	176
1963	1	344
1963	2	364
1963	3	184
1963	4	694
1963	5	572
1963	6	714
1963	7	272
1963	8	303
1963	9	718
1963	10	290
1963	11	385
1963	12	258
1964	1	572
1964	2	192
1964	3	363
1964	4	301
1964	5	568
1964	6	1115
1964	7	226
1964	8	273
1964	9	71
1964	10	328
1964	11	462
1964	12	1180
1965	1	1016
1965	2	195
1965	3	148
1965	4	669
1965	5	483
1965	6	507
1965	7	205
1965	8	516
1965	9	557
1965	10	213
1965	11	394
1965	12	451
1966	1	310
1966	2	233
1966	3	333
1966	4	323
1966	5	469
1966	6	529
1966	7	94
1966	8	262
1966	9	1014
1966	10	173
1966	11	421
1966	12	548
1967	1	922
1967	2	368
1967	3	541
1967	4	342
1967	5	299
1967	6	693
1967	7	583
1967	8	259
1967	9	361
1967	10	833
1967	11	305
1967	12	433
1968	1	482
1968	2	237
1968	3	203
1968	4	244
1968	5	262
1968	6	865
1968	7	199
1968	8	1269
1968	9	348
1968	10	259
1968	11	265
1968	12	311
1969	1	1428
1969	2	225
1969	3	122
1969	4	159
1969	5	133
1969	6	1616
1969	7	359
1969	8	130
1969	9	422
1969	10	131
1969	11	142
1969	12	364
1970	1	563
1970	2	208
1970	3	598
1970	4	508
1970	5	488
1970	6	683
1970	7	528
1970	8	247
1970	9	744
1970	10	551
1970	11	709
1970	12	822
1971	1	781
1971	2	427
1971	3	672
1971	4	379
1971	5	240
1971	6	399
1971	7	265
1971	8	258
1971	9	442
1971	10	429
1971	11	344
1971	12	680
1972	1	524
1972	2	480
1972	3	314
1972	4	256
1972	5	260
1972	6	510
1972	7	269
1972	8	493
1972	9	901
1972	10	410
1972	11	273
1972	12	282
1973	1	305
1973	2	198
1973	3	271
1973	4	221
1973	5	221
1973	6	311
1973	7	229
1973	8	363
1973	9	498
1973	10	246
1973	11	728
1973	12	434
1974	1	494
1974	2	255
1974	3	1031
1974	4	163
1974	5	414
1974	6	212
1974	7	155
1974	8	284
1974	9	59
1974	10	345
1974	11	208
1974	12	404
1975	1	570
1975	2	368
1975	3	456
1975	4	345
1975	5	465
1975	6	556
1975	7	676
1975	8	309
1975	9	151
1975	10	1368
1975	11	339
1975	12	534
1976	1	641
1976	2	208
1976	3	422
1976	4	298
1976	5	290
1976	6	313
1976	7	87
1976	8	299
1976	9	315
1976	10	99
1976	11	93
1976	12	144
1977	1	232
1977	2	89
1977	3	242
1977	4	130
1977	5	475
1977	6	246
1977	7	184
1977	8	500
1977	9	302
1977	10	129
1977	11	417
1977	12	904
1978	1	909
1978	2	551
1978	3	268
1978	4	241
1978	5	555
1978	6	299
1978	7	332
1978	8	520
1978	9	381
1978	10	92
1978	11	565
1978	12	661
1979	1	315
1979	2	402
1979	3	459
1979	4	165
1979	5	156
1979	6	378
1979	7	150
1979	8	625
1979	9	48
1979	10	342
1979	11	211
1979	12	171
1980	1	791
1980	2	405
1980	3	687
1980	4	181
1980	5	728
1980	6	351
1980	7	527
1980	8	517
1980	9	746
1980	10	31
1980	11	298
1980	12	522
1981	1	143
1981	2	357
1981	3	223
1981	4	423
1981	5	1196
1981	6	1034
1981	7	168
1981	8	189
1981	9	411
1981	10	374
1981	11	681
1981	12	651
1982	1	554
1982	2	340
1982	3	578
1982	4	706
1982	5	335
1982	6	508
1982	7	515
1982	8	439
1982	9	545
1982	10	379
1982	11	478
1982	12	480
1983	1	308
1983	2	784
1983	3	474
1983	4	160
1983	5	191
1983	6	400
1983	7	390
1983	8	206
1983	9	678
1983	10	718
1983	11	502
1983	12	568
1984	1	239
1984	2	166
1984	3	127
1984	4	257
1984	5	236
1984	6	353
1984	7	502
1984	8	835
1984	9	575
1984	10	294
1984	11	208
1984	12	283
1985	1	96
1985	2	308
1985	3	430
1985	4	370
1985	5	658
1985	6	416
1985	7	1049
1985	8	613
1985	9	642
1985	10	211
1985	11	836
1985	12	221
1986	1	666
1986	2	1348
1986	3	532
1986	4	593
1986	5	242
1986	6	368
1986	7	914
1986	8	598
1986	9	864
1986	10	15
1986	11	919
1986	12	16
1987	1	376
1987	2	270
1987	3	358
1987	4	108
1987	5	794
1987	6	438
1987	7	934
1987	8	348
1987	9	29
1987	10	25
1987	11	192
1987	12	280
1988	1	407
1988	2	140
1988	3	332
1988	4	661
1988	5	323
1988	6	402
1988	7	135
1988	8	87
1988	9	202
1988	10	153
1988	11	764
1988	12	177
1989	1	419
1989	2	401
1989	3	892
1989	4	369
1989	5	471
1989	6	408
1989	7	200
1989	8	618
1989	9	267
1989	10	370
1989	11	382
1989	12	254
1990	1	467
1990	2	229
1990	3	153
1990	4	274
1990	5	317
1990	6	549
1990	7	580
1990	8	533
1990	9	276
1990	10	436
1990	11	226
1990	12	392
1991	1	225
1991	2	112
1991	3	672
1991	4	380
1991	5	1110
1991	6	320
1991	7	178
1991	8	375
1991	9	531
1991	10	471
1991	11	422
1991	12	174
1992	1	92
1992	2	310
1992	3	262
1992	4	569
1992	5	437
1992	6	602
1992	7	589
1992	8	66
1992	9	456
1992	10	403
1992	11	247
1992	12	402
1993	1	355
1993	2	394
1993	3	251
1993	4	623
1993	5	568
1993	6	960
1993	7	732
1993	8	307
1993	9	92
1993	10	209
1993	11	75
1993	12	240
1994	1	373
1994	2	624
1994	3	142
1994	4	287
1994	5	626
1994	6	579
1994	7	237
1994	8	459
1994	9	171
1994	10	448
1994	11	423
1994	12	567
1995	1	506
1995	2	246
1995	3	805
1995	4	705
1995	5	353
1995	6	563
1995	7	569
1995	8	468
1995	9	209
1995	10	438
1995	11	691
1995	12	546
1996	1	737
1996	2	348
1996	3	557
1996	4	456
1996	5	1109
1996	6	344
1996	7	409
1996	8	233
1996	9	317
1996	10	231
1996	11	839
1996	12	1214
1997	1	779
1997	2	424
1997	3	286
1997	4	304
1997	5	401
1997	6	607
1997	7	776
1997	8	559
1997	9	484
1997	10	560
1997	11	356
1997	12	94
1998	1	655
1998	2	236
1998	3	441
1998	4	326
1998	5	410
1998	6	1339
1998	7	241
1998	8	254
1998	9	354
1998	10	97
1998	11	643
1998	12	321
1999	1	774
1999	2	731
1999	3	332
1999	4	361
1999	5	727
1999	6	1022
1999	7	160
1999	8	772
1999	9	411
1999	10	102
1999	11	300
1999	12	632
2000	1	707
2000	2	590
2000	3	552
2000	4	412
2000	5	717
2000	6	391
2000	7	0
2000	8	210
2000	9	226
2000	10	521
2000	11	189
2000	12	377
2001	1	120
2001	2	379
2001	3	420
2001	4	712
2001	5	371
2001	6	527
2001	7	468
2001	8	99
2001	9	298
2001	10	427
2001	11	486
2001	12	494
2002	1	502
2002	2	265
2002	3	483
2002	4	700
2002	5	476
2002	6	342
2002	7	487
2002	8	251
2002	9	697
2002	10	215
2002	11	414
2002	12	266
2003	1	556
2003	2	437
2003	3	344
2003	4	601
2003	5	540
2003	6	456
2003	7	105
2003	8	257
2003	9	213
2003	10	317
2003	11	361
2003	12	406
2004	1	558
2004	2	246
2004	3	337
2004	4	264
2004	5	625
2004	6	440
2004	7	309
2004	8	932
2004	9	507
2004	10	481
2004	11	74
2004	12	300
2005	1	635
2005	2	189
2005	3	353
2005	4	231
2005	5	474
2005	6	874
2005	7	324
2005	8	606
2005	9	487
2005	10	379
2005	11	632
2005	12	529
2006	1	668
2006	2	208
2006	3	345
2006	4	405
2006	5	362
2006	6	663
2006	7	304
2006	8	302
2006	9	37
2006	10	422
2006	11	434
2006	12	333
2007	1	239
2007	2	345
2007	3	213
2007	4	651
2007	5	194
2007	6	51
2007	7	503
2007	8	466
2007	9	220
2007	10	91
2007	11	286
2007	12	283
2008	1	746
2008	2	766
2008	3	745
2008	4	268
2008	5	698
2008	6	673
2008	7	217
2008	8	105
2008	9	133
2008	10	47
2008	11	341
2008	12	475
2009	1	547
2009	2	320
2009	3	916
2009	4	514
2009	5	327
2009	6	1051
2009	7	372
2009	8	326
2009	9	115
2009	10	522
2009	11	335
2009	12	235
2010	1	423
2010	2	220
2010	3	506
2010	4	605
2010	5	478
2010	6	1088
2010	7	121
2010	8	351
2010	9	160
2010	10	326
2010	11	940
2010	12	853
2011	1	555
2011	2	513
2011	3	705
2011	4	794
2011	5	716
2011	6	434
2011	7	267
2011	8	162
2011	9	209
2011	10	509
2011	11	537
2011	12	444
2012	1	339
2012	2	575
2012	3	722
2012	4	477
2012	5	463
2012	6	334
2012	7	423
2012	8	46
2012	9	295
2012	10	458
2012	11	325
2012	12	840
2013	1	348
2013	2	222
2013	3	485
2013	4	532
2013	5	542
2013	6	239
2013	7	308
2013	8	239
2013	9	954
2013	10	504
2013	11	347
2013	12	340
2014	1	425
2014	2	519
2014	3	981
2014	4	728
2014	5	414
2014	6	541
2014	7	251
2014	8	1210
2014	9	561
2014	10	317
2014	11	399
2014	12	577
2015	1	458
2015	2	201
2015	3	177
2015	4	265
2015	5	842
2015	6	368
2015	7	407
2015	8	398
2015	9	516
2015	10	293
