1843	1	523
1843	2	607
1843	3	1661
1843	4	782
1843	5	706
1843	6	1935
1843	7	2083
1843	8	653
1843	9	2327
1843	10	655
1843	11	1087
1843	12	2492
1844	1	1372
1844	2	1184
1844	3	787
1844	4	127
1844	5	838
1844	6	889
1844	7	940
1844	8	1422
1844	9	279
1844	10	914
1844	11	1793
1844	12	559
1845	1	1245
1845	2	457
1845	3	1499
1845	4	1219
1845	5	787
1845	6	1118
1845	7	1626
1845	8	584
1845	9	914
1845	10	787
1845	11	1270
1845	12	1346
1846	1	1219
1846	2	1448
1846	3	3124
1846	4	4369
1846	5	3353
1846	6	4064
1846	7	3658
1846	8	4039
1846	9	1321
1846	10	203
1846	11	1575
1846	12	1194
1847	1	2946
1847	6	584
1847	7	838
1847	8	1067
1848	6	2184
1848	7	2997
1848	8	3073
1848	9	127
1848	10	351
1848	11	1727
1848	12	1930
1849	1	813
1849	2	1575
1849	3	330
1849	4	635
1849	5	1214
1849	6	1252
1849	7	2774
1849	8	1367
1849	9	569
1849	10	1524
1849	11	1278
1849	12	635
1850	1	4069
1850	2	1892
1850	3	795
1850	4	2388
1850	5	1064
1850	6	2289
1850	7	1087
1850	8	953
1850	9	909
1850	10	262
1850	11	1570
1850	12	2357
1851	1	246
1851	2	1339
1851	3	391
1851	4	574
1851	5	361
1851	6	523
1851	7	681
1851	8	2022
1851	9	150
1851	10	589
1851	11	2263
1851	12	1361
1852	1	396
1852	2	1709
1852	3	556
1852	4	2106
1852	5	1544
1852	6	338
1852	7	1433
1852	8	574
1852	9	838
1852	10	714
1852	11	2367
1852	12	1003
1853	1	1138
1853	2	1064
1853	3	1186
1853	4	145
1853	5	1156
1853	6	521
1853	7	2840
1853	8	1252
1853	9	1166
1853	10	343
1853	11	1570
1853	12	1270
1854	1	724
1854	2	1397
1854	3	1562
1854	4	909
1854	5	2045
1854	6	1016
1854	7	1664
1854	8	1882
1854	9	2510
1854	10	1113
1854	11	114
1854	12	462
1855	1	191
1855	2	521
1855	3	272
1855	4	102
1855	5	152
1855	6	1125
1855	7	917
1855	8	1687
1855	9	1140
1855	10	1303
1855	11	2477
1855	12	2565
1856	1	1715
1856	2	940
1856	3	897
1856	4	787
1856	5	1392
1856	6	648
1856	7	1829
1856	8	3569
1856	9	518
1856	10	1125
1856	11	2319
1856	12	1468
1857	1	724
1857	2	356
1857	3	1537
1857	4	554
1857	5	2289
1857	6	643
1857	7	1318
1857	8	1646
1857	9	229
1857	10	610
1857	11	622
1857	12	2172
1858	1	2024
1858	2	523
1858	3	800
1858	4	424
1858	5	1676
1858	6	1669
1858	7	1438
1858	8	1537
1858	9	1166
1858	10	1092
1858	11	978
1858	12	2979
1859	1	1316
1859	2	1105
1859	3	1295
1859	4	1118
1859	5	493
1859	6	1120
1859	7	1003
1859	8	1532
1859	9	597
1859	10	241
1859	11	1570
1859	12	1481
1860	6	660
1860	8	648
1860	9	1092
1860	10	2083
1860	11	2362
1860	12	1488
1873	6	1463
1873	7	1885
1873	8	1275
1873	9	1504
1873	10	356
1873	11	1689
1873	12	777
1874	1	986
1874	2	1252
1874	3	1745
1874	4	3602
1874	5	58
1874	6	1603
1874	7	2375
1874	8	1074
1874	9	1367
1874	10	5
1874	11	1737
1874	12	1501
1875	1	1483
1875	2	2946
1875	3	2085
1875	4	1666
1875	5	292
1875	6	1595
1875	7	932
1875	8	2400
1875	9	2050
1875	10	409
1875	11	1331
1875	12	734
1876	1	737
1876	2	2311
1876	3	3353
1876	4	508
1876	5	1567
1876	6	648
1876	7	1102
1876	8	602
1876	9	206
1876	10	102
1876	11	744
1876	12	1852
1877	1	1326
1877	2	358
1877	3	1288
1877	4	2057
1877	5	998
1877	6	356
1877	7	665
1877	8	483
1877	9	4679
1877	10	4255
1877	11	2108
1877	12	978
1878	1	1448
1878	2	953
1878	3	269
1878	4	584
1878	5	2311
1878	6	1791
1878	7	973
1879	1	2286
1879	2	922
1879	3	503
1879	4	993
1884	6	1575
1884	7	660
1884	8	203
1884	10	686
1884	11	686
1884	12	2108
1888	1	1361
1888	2	1247
1888	3	917
1888	4	353
1888	5	1760
1888	6	1074
1888	7	945
1888	8	3124
1888	9	919
1888	10	1092
1888	11	485
1888	12	1392
1889	1	1585
1889	2	526
1889	3	914
1889	4	930
1889	5	15
1889	6	1288
1889	7	1524
1889	8	2042
1889	9	394
1889	10	58
1889	11	711
1889	12	546
1890	1	424
1890	2	930
1890	3	848
1890	4	2504
1890	5	1623
1890	6	932
1890	7	1547
1890	8	1295
1890	9	762
1890	10	1547
1890	11	173
1890	12	640
1891	1	2375
1891	2	1905
1891	3	820
1891	4	168
1891	5	216
1891	6	1260
1891	7	2906
1891	8	782
1891	9	165
1891	10	599
1891	11	1821
1891	12	1262
1892	1	1760
1892	2	338
1892	3	1570
1892	4	2502
1892	5	701
1892	6	2192
1892	7	2012
1892	8	1877
1892	9	394
1892	10	173
1892	11	1229
1892	12	1316
1893	1	594
1893	2	452
1893	3	1435
1893	4	505
1893	5	2713
1893	6	1737
1893	7	729
1893	8	1229
1893	9	1786
1893	10	351
1893	11	1775
1893	12	958
1894	1	917
1894	2	2217
1894	3	1951
1894	4	996
1894	5	381
1894	6	531
1894	7	2223
1894	8	1412
1894	9	1143
1894	10	211
1894	11	630
1894	12	653
1895	1	947
1895	2	1471
1895	3	2322
1895	4	711
1895	5	1044
1895	6	876
1895	7	673
1895	8	851
1895	9	254
1895	10	1252
1895	11	889
1895	12	1427
1896	1	406
1896	2	1300
1896	3	1156
1896	4	1257
1896	5	300
1896	6	1656
1896	7	671
1896	8	1003
1896	9	290
1896	10	1791
1896	11	1082
1896	12	429
1897	1	1227
1897	2	1285
1897	3	1496
1897	4	1847
1897	5	1161
1897	6	1232
1897	7	1367
1897	8	2718
1897	9	485
1897	10	1488
1897	11	1036
1897	12	1793
1898	1	1539
1898	2	1900
1898	3	683
1898	4	790
1898	5	10
1898	6	2139
1898	7	2733
1898	8	1415
1898	9	2367
1898	10	1242
1898	11	1623
1898	12	1049
1899	1	1803
1899	2	706
1899	3	772
1899	4	569
1899	5	409
1899	6	2426
1899	7	556
1899	8	721
1899	9	287
1899	10	450
1899	11	475
1899	12	973
1900	1	1788
1900	2	1781
1900	3	1544
1900	4	2756
1900	5	665
1900	6	1915
1900	7	1476
1900	8	1234
1900	9	970
1900	10	561
1900	11	290
1900	12	1674
1901	1	1166
1901	2	1483
1901	3	996
1901	4	1603
1901	5	500
1901	6	1664
1901	7	1621
1901	8	968
1901	9	729
1901	10	462
1901	11	579
1901	12	2294
1902	1	610
1902	2	1003
1902	3	1107
1902	4	795
1902	5	660
1902	6	434
1902	7	587
1902	8	963
1902	9	1654
1902	10	714
1902	11	1245
1902	12	1717
1903	1	2088
1903	2	1915
1903	3	2741
1903	4	152
1903	5	643
1903	6	1064
1903	7	1529
1903	8	993
1903	9	693
1903	10	864
1903	11	343
1903	12	749
1904	1	838
1904	2	818
1904	3	1331
1904	4	559
1904	5	833
1904	6	980
1904	7	1946
1904	8	1897
1904	9	1364
1904	10	231
1904	11	406
1904	12	1161
1905	1	1763
1905	2	3145
1905	3	2824
1905	4	1339
1905	5	1788
1905	6	1333
1905	7	1542
1905	8	1059
1905	9	1207
1905	10	1031
1905	11	1072
1905	12	1041
1906	1	1069
1906	2	843
1906	3	1928
1906	4	762
1906	5	229
1906	6	135
1906	7	2550
1906	8	274
1906	9	843
1906	10	815
1906	11	465
1906	12	1562
1907	1	536
1907	2	500
1907	3	185
1907	4	1803
1907	5	6027
1907	6	381
1907	7	1257
1907	8	1313
1907	9	823
1907	10	1930
1907	11	1011
1907	12	1156
1908	1	1166
1908	2	1664
1908	3	269
1908	4	1544
1908	5	3967
1908	6	714
1908	7	3614
1908	8	2543
1908	9	1257
1908	10	119
1908	11	254
1908	12	434
1909	1	805
1909	2	1146
1909	3	1369
1909	4	1394
1909	5	991
1909	6	1110
1909	7	1486
1909	8	2286
1909	9	1565
1909	10	356
1909	11	1016
1909	12	1963
1910	1	734
1910	2	1115
1910	3	130
1910	4	279
1910	5	1049
1910	6	1237
1910	7	2395
1910	8	424
1910	9	836
1910	10	640
1910	11	544
1910	12	1059
1911	1	645
1911	2	183
1911	3	665
1911	4	2347
1911	5	777
1911	6	1450
1911	7	4044
1911	8	1781
1911	9	660
1911	10	630
1911	11	917
1911	12	1753
1912	1	1270
1912	2	902
1912	3	1471
1912	4	2154
1912	5	2487
1912	6	1445
1912	7	2408
1912	8	1323
1912	9	1684
1912	10	295
1912	11	173
1912	12	4468
1913	1	1415
1913	2	986
1913	3	1681
1913	4	1049
1913	5	1501
1913	6	930
1913	7	1527
1913	8	1092
1913	9	2245
1913	10	1506
1913	11	561
1913	12	892
1914	1	241
1914	2	884
1914	3	1702
1914	4	1229
1914	5	437
1914	6	701
1914	7	3691
1914	8	1367
1914	9	744
1914	10	775
1914	11	1372
1914	12	1102
1915	1	2390
1915	2	1981
1915	3	1044
1915	4	48
1915	5	1339
1915	6	1567
1915	7	1877
1915	8	1600
1915	9	825
1915	10	1412
1915	11	424
1915	12	777
1916	1	1577
1916	2	691
1916	3	483
1916	4	648
1916	5	2169
1916	6	521
1916	7	1819
1916	8	1133
1916	9	1369
1916	10	912
1916	11	84
1916	12	1186
1917	1	1956
1917	2	1092
1917	3	805
1917	4	914
1917	5	312
1917	6	279
1917	7	795
1917	8	1303
1917	9	1219
1917	10	505
1917	11	277
1917	12	699
1918	1	1171
1918	2	673
1918	3	277
1918	4	2225
1918	5	328
1918	6	1288
1918	7	823
1918	8	1527
1918	9	376
1918	10	1364
1918	11	1440
1918	12	1328
1919	1	2037
1919	2	2484
1919	3	1067
1919	4	1359
1919	5	1763
1919	6	1420
1919	7	1844
1919	8	650
1919	9	632
1919	10	1750
1919	11	1372
1919	12	942
1920	1	1519
1920	2	1252
1920	3	696
1920	4	1491
1920	5	960
1920	6	1140
1920	7	1295
1920	8	1933
1920	9	856
1920	10	467
1920	11	569
1920	12	2197
1921	1	980
1921	2	478
1921	3	1069
1921	4	1260
1921	5	1013
1921	6	1552
1921	7	1816
1921	8	602
1921	9	1179
1921	10	881
1921	11	500
1921	12	1118
1922	1	1295
1922	2	1394
1922	3	2522
1922	4	478
1922	5	1354
1922	6	1918
1922	7	1826
1922	8	2029
1922	9	1194
1922	10	696
1922	11	577
1922	12	2050
1923	1	876
1923	2	1341
1923	3	1775
1923	4	970
1923	5	1588
1923	6	1892
1923	7	1102
1923	8	1123
1923	9	795
1923	10	836
1923	11	1275
1923	12	2512
1924	1	2281
1924	2	1270
1924	3	955
1924	4	1189
1924	5	739
1924	6	851
1924	7	140
1924	8	825
1924	9	0
1924	10	18
1924	11	152
1924	12	1176
1925	1	2680
1925	2	892
1925	3	691
1925	4	518
1925	5	813
1925	6	1323
1925	7	1869
1925	8	485
1925	9	861
1925	10	1844
1925	11	810
1925	12	973
1926	1	2050
1926	2	749
1926	3	3259
1926	4	2438
1926	5	1862
1926	6	1031
1926	7	1316
1926	8	4133
1926	9	1968
1926	10	1046
1926	11	1336
1926	12	1176
1927	1	564
1927	2	1494
1927	3	1831
1927	4	287
1927	5	1455
1927	6	1204
1927	7	1976
1927	8	1750
1927	9	1176
1927	10	803
1927	11	1113
1927	12	2261
1928	1	152
1928	2	1585
1928	3	1547
1928	4	1148
1928	5	1049
1928	6	3688
1928	7	1582
1928	8	1897
1928	9	1372
1928	10	124
1928	11	450
1928	12	968
1929	1	1400
1929	2	1862
1929	3	1372
1929	4	447
1929	5	2362
1929	6	1499
1929	7	953
1929	8	1577
1929	9	2451
1929	10	1572
1929	11	5141
1929	12	1349
1930	1	2296
1930	2	650
1930	3	1249
1930	4	510
1930	5	1583
1930	6	0
1930	7	1251
1930	8	1232
1930	9	2356
1930	10	883
1930	11	1627
1930	12	569
1931	1	1841
1931	2	803
1931	3	1099
1931	4	580
1931	5	1375
1931	6	466
1931	7	1630
1931	8	2089
1931	9	509
1931	10	1209
1931	11	958
1931	12	1423
1932	1	1910
1932	2	1076
1932	3	815
1932	4	1394
1932	5	2131
1932	6	712
1932	7	1861
1932	8	1405
1932	9	1384
1932	10	1748
1932	11	1494
1932	12	1896
1933	1	765
1933	2	1647
1933	3	1286
1933	4	2012
1933	5	1121
1933	6	973
1933	7	1623
1933	8	1455
1933	9	775
1933	10	164
1933	11	1195
1933	12	1192
1934	1	1368
1934	2	1405
1934	3	759
1934	4	1386
1934	5	1339
1934	6	2307
1934	7	2799
1934	8	1518
1934	9	529
1934	10	1361
1934	11	2208
1934	12	677
1935	1	1281
1935	2	1192
1935	3	1296
1935	4	1507
1935	5	1102
1935	6	1160
1935	7	2309
1935	8	1367
1935	9	768
1935	10	126
1935	11	434
1935	12	2096
1936	1	1336
1936	2	1078
1936	3	333
1936	4	965
1936	5	1354
1936	6	16
1936	7	1684
1936	8	1459
1936	9	1430
1936	10	330
1936	11	552
1936	12	999
1937	1	2502
1937	2	569
1937	3	959
1937	4	757
1937	5	900
1937	6	281
1937	7	1040
1937	8	1618
1937	9	1047
1937	10	1357
1937	11	357
1937	12	842
1938	1	1142
1938	2	1068
1938	3	612
1938	4	1176
1938	5	261
1938	6	752
1938	7	1219
1938	8	1389
1938	9	320
1938	10	391
1938	11	638
1938	12	738
1939	1	964
1939	2	1002
1939	3	546
1939	4	803
1939	5	2336
1939	6	1190
1939	7	1141
1939	8	1931
1939	9	605
1939	10	346
1939	11	507
1939	12	767
1940	1	503
1940	2	1448
1940	3	1218
1940	4	1807
1940	5	176
1940	6	2374
1940	7	1310
1940	8	3140
1940	9	652
1940	10	0
1940	11	2103
1940	12	2263
1941	1	974
1941	2	519
1941	3	1345
1941	4	760
1941	5	1214
1941	6	1037
1941	7	2003
1941	8	709
1941	9	836
1941	10	830
1941	11	433
1941	12	1070
1942	1	1420
1942	2	1557
1942	3	1271
1942	4	2580
1942	5	447
1942	6	2649
1942	7	1036
1942	8	2471
1942	9	1493
1942	10	1128
1942	11	120
1942	12	1765
1943	1	697
1943	2	752
1943	3	3125
1943	4	604
1943	5	823
1943	6	808
1943	7	1274
1943	8	476
1943	9	3183
1943	10	393
1943	11	1125
1943	12	1875
1944	1	1709
1944	2	661
1944	3	1257
1944	4	1090
1944	5	1072
1944	6	1249
1944	7	625
1944	8	2522
1944	9	884
1944	10	366
1944	11	1931
1944	12	950
1945	1	1920
1945	2	1745
1945	3	1062
1945	4	1618
1945	5	895
1945	6	1231
1945	7	1325
1945	8	1598
1945	9	1379
1945	10	1069
1945	11	686
1945	12	1204
1946	1	1645
1946	2	1362
1946	3	2061
1946	4	615
1946	5	3135
1946	6	1854
1946	7	2597
1946	8	1194
1946	9	351
1946	10	270
1946	11	2047
1946	12	470
1947	1	1000
1947	2	356
1947	3	3717
1947	4	1596
1947	5	1008
1947	6	1329
1947	7	240
1947	8	561
1947	9	1233
1947	10	856
1947	11	2560
1947	12	1484
1948	1	1302
1948	2	899
1948	3	1681
1948	4	849
1948	5	976
1948	6	434
1948	7	665
1948	8	1214
1948	9	1380
1948	10	307
1948	11	3296
1948	12	1469
1949	1	650
1949	2	987
1949	3	2216
1949	4	1529
1949	5	650
1949	6	466
1949	7	2940
1949	8	1065
1949	9	676
1949	10	1395
1949	11	20
1949	12	699
1950	1	1830
1950	2	1090
1950	3	1668
1950	4	1664
1950	5	844
1950	6	2267
1950	7	1424
1950	8	243
1950	9	147
1950	10	337
1950	11	363
1950	12	1649
1951	1	1396
1951	2	282
1951	3	1524
1951	4	566
1951	5	272
1951	6	589
1951	7	1891
1951	8	362
1951	9	1164
1951	10	96
1951	11	704
1951	12	1236
1952	1	372
1952	2	1183
1952	3	776
1952	4	1484
1952	5	1884
1952	6	402
1952	7	1595
1952	8	615
1952	9	239
1952	10	30
1952	11	1237
1952	12	1433
1953	1	759
1953	2	1707
1953	3	1313
1953	4	1684
1953	5	2717
1953	6	688
1953	7	1387
1953	8	1536
1953	9	23
1953	10	109
1953	11	1478
1953	12	3360
1954	1	1191
1954	2	453
1954	3	511
1954	4	493
1954	5	1476
1954	6	745
1954	7	1716
1954	8	394
1954	9	814
1954	10	1415
1954	11	488
1954	12	890
1955	1	1180
1955	2	1403
1955	3	137
1955	4	2122
1955	5	1068
1955	6	894
1955	7	1571
1955	8	924
1955	9	906
1955	10	559
1955	11	1222
1955	12	841
1956	1	508
1956	2	2007
1956	3	858
1956	4	986
1956	5	686
1956	6	961
1956	7	1588
1956	8	666
1956	9	500
1956	10	114
1956	11	435
1956	12	1163
1957	1	478
1957	2	1061
1957	3	1515
1957	4	1545
1957	5	678
1957	6	1156
1957	7	1856
1957	8	915
1957	9	1646
1957	10	835
1957	11	1579
1957	12	797
1958	1	1263
1958	2	1034
1958	3	1891
1958	4	1052
1958	5	770
1958	6	1164
1958	7	1291
1958	8	1151
1958	9	843
1958	10	268
1958	11	280
1958	12	561
1959	1	1199
1959	2	2165
1959	3	566
1959	4	829
1959	5	2263
1959	6	1053
1959	7	2567
1959	8	1367
1959	9	816
1959	10	989
1959	11	333
1959	12	1491
1960	1	854
1960	2	828
1960	3	241
1960	4	554
1960	5	1088
1960	6	208
1960	7	1399
1960	8	2378
1960	9	298
1960	10	297
1960	11	392
1960	12	1196
1961	1	1321
1961	2	2877
1961	3	1434
1961	4	1181
1961	5	965
1961	6	932
1961	7	2781
1961	8	645
1961	9	2456
1961	10	219
1961	11	1888
1961	12	2081
1962	1	1630
1962	2	177
1962	3	830
1962	4	2463
1962	5	418
1962	6	2886
1962	7	521
1962	8	1154
1962	9	1090
1962	10	1329
1962	11	232
1962	12	739
1963	1	925
1963	2	982
1963	3	155
1963	4	205
1963	5	160
1963	6	1045
1963	7	2789
1963	8	928
1963	9	482
1963	10	51
1963	11	1606
1963	12	1317
1964	1	1570
1964	2	1322
1964	3	2218
1964	4	1209
1964	5	712
1964	6	358
1964	7	2383
1964	8	1131
1964	9	895
1964	10	2402
1964	11	1194
1964	12	824
1965	1	663
1965	2	1505
1965	3	1143
1965	4	373
1965	5	989
1965	6	465
1965	7	1146
1965	8	1786
1965	9	1321
1965	10	233
1965	11	611
1965	12	1197
1966	1	2525
1966	2	3686
1966	3	495
1966	4	2025
1966	5	1139
1966	6	549
1966	7	1609
1966	8	1504
1966	9	666
1966	10	617
1966	11	710
1966	12	643
1967	1	698
1967	2	1224
1967	3	482
1967	4	3210
1967	5	1963
1967	6	701
1967	7	2367
1967	8	1045
1967	9	884
1967	10	552
1967	11	64
1967	12	1512
1968	1	912
1968	2	692
1968	3	850
1968	4	678
1968	5	669
1968	6	485
1968	7	894
1968	8	2335
1968	9	426
1968	10	16
1968	11	1731
1968	12	1789
1969	1	340
1969	2	1382
1969	3	1378
1969	4	2602
1969	5	743
1969	6	194
1969	7	2500
1969	8	949
1969	9	760
1969	10	1535
1969	11	132
1969	12	963
1970	1	561
1970	2	559
1970	3	1783
1970	4	894
1970	5	1324
1970	6	936
1970	7	1514
1970	8	1577
1970	9	1102
1970	10	1573
1970	11	340
1970	12	1699
1971	1	294
1971	2	1115
1971	3	1327
1971	4	193
1971	5	943
1971	6	589
1971	7	2436
1971	8	1303
1971	9	2780
1971	10	673
1971	11	807
1971	12	2550
1972	1	2095
1972	2	870
1972	3	1517
1972	4	366
1972	5	2323
1972	6	619
1972	7	1611
1972	8	504
1972	9	1049
1972	10	937
1972	11	1205
1972	12	2088
1973	1	1018
1973	2	925
1973	3	3235
1973	4	2566
1973	5	1424
1973	6	761
1973	7	1104
1973	8	1248
1973	9	3324
1973	10	481
1973	11	1891
1973	12	2106
1974	1	2114
1974	2	1693
1974	3	1439
1974	4	1419
1974	5	1328
1974	6	282
1974	7	1495
1974	8	1638
1974	9	556
1974	10	409
1974	11	1156
1974	12	939
1975	1	1975
1975	2	361
1975	3	1141
1975	4	2586
1975	5	1396
1975	6	1300
1975	7	2363
1975	8	2972
1975	9	900
1975	10	655
1975	11	548
1975	12	602
1976	1	945
1976	2	1186
1976	3	1318
1976	4	96
1976	5	1250
1976	6	1244
1976	7	1938
1976	8	586
1976	9	370
1976	10	788
1976	11	1269
1976	12	1474
1977	1	1651
1977	2	988
1977	3	1232
1977	4	1805
1977	5	1009
1977	6	371
1977	7	1612
1977	8	3382
1977	9	3544
1977	10	775
1977	11	2628
1977	12	742
1978	1	1665
1978	2	570
1978	3	473
1978	4	741
1978	5	1888
1978	6	747
1978	7	1812
1978	8	1915
1978	9	973
1978	10	0
1978	11	1256
1978	12	493
1979	1	1588
1979	2	2752
1979	3	1082
1979	4	2915
1979	5	1364
1979	6	30
1979	7	2225
1979	8	1254
1979	9	900
1979	10	628
1979	11	1286
1979	12	717
1980	1	1187
1980	2	905
1980	3	2095
1980	4	3769
1980	5	1851
1980	6	1359
1980	7	1950
1980	8	336
1980	9	1967
1980	10	1437
1980	11	1416
1980	12	606
1981	1	306
1981	2	1798
1981	3	443
1981	4	785
1981	5	1136
1981	6	1195
1981	7	1081
1981	8	1134
1981	9	1004
1981	10	361
1981	11	384
1981	12	1360
1982	1	851
1982	2	1647
1982	3	715
1982	4	1169
1982	5	1030
1982	6	741
1982	7	1317
1982	8	998
1982	9	628
1982	10	615
1982	11	776
1982	12	4051
1983	1	1588
1983	2	1177
1983	3	1370
1983	4	3239
1983	5	1569
1983	6	3112
1983	7	861
1983	8	2131
1983	9	1135
1983	10	394
1983	11	1099
1983	12	2048
1984	1	704
1984	2	1684
1984	3	305
1984	4	455
1984	5	971
1984	6	762
1984	7	1257
1984	8	997
1984	9	602
1984	10	3679
1984	11	696
1984	12	955
1985	1	1158
1985	2	1511
1985	3	1054
1985	4	410
1985	5	692
1985	6	1051
1985	7	2247
1985	8	1759
1985	9	1603
1985	10	2562
1985	11	107
1985	12	1189
1986	1	389
1986	2	889
1986	3	688
1986	4	748
1986	5	2086
1986	6	1549
1986	7	842
1986	8	1621
1986	9	486
1986	10	1120
1986	11	2166
1986	12	1574
1987	1	1788
1987	2	2022
1987	3	1528
1987	4	356
1987	5	1077
1987	6	1139
1987	7	1633
1987	8	3678
1987	9	198
1987	10	391
1987	11	961
1987	12	989
1988	1	1012
1988	2	3172
1988	3	2286
1988	4	1185
1988	5	242
1988	6	1059
1988	7	1639
1988	8	2798
1988	9	2408
1988	10	711
1988	11	733
1988	12	2076
1989	1	1022
1989	2	384
1989	3	1179
1989	4	596
1989	5	3726
1989	6	5891
1989	7	1586
1989	8	1312
1989	9	1147
1989	10	553
1989	11	3441
1989	12	1603
1990	1	2899
1990	2	2007
1990	3	1482
1990	4	689
1990	5	917
1990	6	1817
1990	7	1871
1990	8	1105
1990	9	1287
1990	10	799
1990	11	539
1990	12	1210
1991	1	2461
1991	2	1993
1991	3	815
1991	4	2334
1991	5	2699
1991	6	1324
1991	7	1345
1991	8	2710
1991	9	1603
1991	10	1179
1991	11	686
1991	12	600
1992	1	2466
1992	2	1911
1992	3	1134
1992	4	580
1992	5	549
1992	6	3669
1992	7	1656
1992	8	1941
1992	9	382
1992	10	307
1992	11	2054
1992	12	1195
1993	1	3391
1993	2	715
1993	3	1362
1993	4	2941
1993	5	553
1993	6	797
1993	7	1137
1993	8	1059
1993	9	376
1993	10	1387
1993	11	960
1993	12	834
1994	1	1694
1994	2	758
1994	3	1014
1994	4	2224
1994	5	1478
1994	6	1775
1994	7	2623
1994	8	774
1994	9	1049
1994	10	1304
1994	11	315
1994	12	781
1995	1	1846
1995	2	905
1995	3	2720
1995	4	2426
1995	5	2748
1995	6	594
1995	7	600
1995	8	1355
1995	9	686
1995	10	787
1995	11	2063
1995	12	2285
1996	1	1629
1996	2	831
1996	3	1578
1996	4	1504
1996	5	798
1996	6	1281
1996	7	639
1996	8	1509
1996	9	1669
1996	10	2584
1996	11	585
1996	12	465
1997	1	1536
1997	2	2028
1997	3	872
1997	4	2417
1997	5	1897
1997	6	1990
1997	7	1196
1997	8	1084
1997	9	300
1997	10	887
1997	11	1540
1997	12	1607
1998	1	3794
1998	2	1424
1998	3	1024
1998	4	1284
1998	5	89
1998	6	637
1998	7	905
1998	8	774
1998	9	2171
1998	10	567
1998	11	776
1998	12	909
1999	1	1394
1999	2	452
1999	3	1369
1999	4	163
1999	5	1393
1999	6	1693
1999	7	1518
1999	8	96
1999	9	1036
1999	10	1788
1999	11	222
1999	12	1340
2000	1	707
2000	2	163
2000	3	854
2000	4	395
2000	5	292
2000	6	1216
2000	7	918
2000	8	683
2000	9	773
2000	10	273
2000	11	2721
2000	12	694
2001	1	1017
2001	2	466
2001	3	1870
2001	4	140
2001	5	211
2001	6	5426
2001	7	815
2001	8	1468
2001	9	1805
2001	10	1396
2001	11	148
2001	12	1078
2002	1	1088
2002	2	367
2002	3	2396
2002	4	1178
2002	5	465
2002	6	1002
2002	7	860
2002	8	1177
2002	9	1575
2002	10	2364
2002	11	953
2002	12	1815
2003	1	133
2003	2	1846
2003	3	544
2003	4	808
2003	5	114
2003	6	1873
2003	7	1232
2003	8	822
2003	9	1136
2003	10	414
2003	11	1395
2003	12	665
2004	1	956
2004	2	2907
2004	3	616
2004	4	1701
2004	5	2702
2004	6	2645
2004	7	516
2004	8	779
2004	9	373
2004	10	2292
2004	11	1676
2004	12	799
2005	1	1497
2005	2	1006
2005	3	524
2005	4	524
2005	5	858
2005	6	502
2005	7	494
2005	8	1606
2005	9	2969
2005	10	298
2005	11	732
2005	12	1066
2006	1	450
2006	2	1103
2006	3	79
2006	4	765
2006	5	321
2006	6	322
2006	7	1817
2006	8	1514
2006	9	1146
2006	10	2301
2006	11	727
2006	12	2067
2007	1	1976
2007	2	467
2007	3	588
2007	4	983
2007	5	2092
2007	6	1132
2007	7	2255
2007	8	526
2007	9	923
2007	10	745
2007	11	838
2007	12	888
2008	1	2384
2008	2	580
2008	3	950
2008	4	677
2008	5	2239
2008	6	896
2008	7	856
2008	8	1997
2008	9	2228
2008	10	66
2008	11	276
2008	12	1615
2009	1	846
2009	2	526
2009	3	1565
2009	4	1027
2009	5	558
2009	6	150
2009	7	1180
2009	8	1661
2009	9	1410
2009	10	3257
2009	11	388
2009	12	3775
2010	1	606
2010	2	1656
2010	3	646
2010	4	245
2010	5	1758
2010	6	1626
2010	7	874
2010	8	3300
2010	9	483
2010	10	423
2010	11	1260
2010	12	1166
2011	1	1341
2011	2	483
2011	3	1762
2011	4	252
2011	5	150
2011	6	1167
2011	7	1581
2011	8	551
2011	9	2516
2011	10	124
2011	11	1890
2011	12	716
2012	1	1462
2012	2	1920
2012	3	1632
2012	4	831
2012	5	704
2012	6	1398
2012	7	1678
2012	8	2750
2012	9	1374
2012	10	102
2012	11	308
2012	12	2059
2013	1	3727
2013	2	1873
2013	3	741
2013	4	1576
2013	5	1787
2013	6	1645
2013	7	1183
2013	8	854
2013	9	1751
2013	10	983
2013	11	434
2013	12	946
2014	1	531
2014	2	1826
2014	3	818
2014	4	897
2014	5	2114
2014	6	2886
2014	7	1471
2014	8	1434
2014	9	777
2014	10	597
2014	11	890
2014	12	1442
2015	1	1617
2015	2	858
2015	3	861
2015	4	2051
2015	5	2836
2015	6	1519
2015	7	948
2015	8	1347
2015	9	560
2015	10	538
