1893	1	49
1893	2	57
1893	3	46
1893	4	140
1893	5	393
1894	1	55
1894	2	42
1894	3	173
1894	4	350
1894	5	261
1894	6	757
1894	7	496
1894	8	261
1894	9	357
1894	10	156
1894	11	9
1894	12	53
1895	1	107
1895	2	49
1895	3	203
1895	4	134
1895	5	271
1895	6	379
1895	7	176
1895	8	155
1895	9	244
1895	10	45
1895	11	129
1895	12	123
1896	1	53
1896	2	34
1896	3	138
1896	4	193
1896	5	598
1896	6	223
1896	7	360
1896	8	104
1896	9	504
1896	10	109
1896	11	412
1896	12	46
1897	1	69
1897	2	120
1897	3	136
1897	4	170
1897	5	373
1897	6	701
1897	7	414
1897	8	67
1897	9	224
1897	10	320
1897	11	307
1897	12	99
1898	1	40
1898	2	43
1898	3	179
1898	4	121
1898	5	675
1898	6	766
1898	7	216
1898	8	207
1898	9	204
1898	10	335
1898	11	165
1898	12	24
1899	1	144
1899	2	208
1899	3	233
1899	4	198
1899	5	241
1899	6	340
1899	7	147
1899	8	225
1899	9	166
1899	10	371
1899	11	27
1899	12	52
1900	1	12
1900	2	136
1900	3	214
1900	4	453
1900	5	311
1900	6	115
1900	7	193
1900	8	108
1900	9	174
1900	10	347
1900	11	132
1900	12	44
1901	1	38
1901	2	77
1901	3	159
1901	4	293
1901	5	564
1901	6	330
1901	7	105
1901	8	181
1901	9	380
1901	10	50
1901	11	94
1901	12	247
1902	1	37
1902	2	82
1902	3	158
1902	4	272
1902	5	509
1902	6	309
1902	7	339
1902	8	150
1902	9	201
1902	10	26
1902	11	227
1902	12	52
1903	1	41
1903	2	9
1903	3	105
1903	4	345
1903	5	281
1903	6	493
1903	7	486
1903	8	143
1903	9	215
1903	10	84
1903	11	204
1903	12	82
1904	1	68
1904	2	243
1904	3	209
1904	4	158
1904	5	389
1904	6	359
1904	7	183
1904	8	173
1904	9	65
1904	10	66
1904	11	25
1904	12	73
1905	1	30
1905	2	21
1905	3	99
1905	4	202
1905	5	628
1905	6	800
1905	7	234
1905	8	294
1905	9	210
1905	10	168
1905	11	68
1905	12	23
1906	1	98
1906	2	38
1906	3	97
1906	4	298
1906	5	676
1906	6	627
1906	7	134
1906	8	476
1906	9	174
1906	10	106
1906	11	57
1906	12	77
1907	1	119
1907	2	62
1907	3	410
1907	4	119
1907	5	462
1907	6	893
1907	7	344
1907	8	277
1907	9	218
1907	10	94
1907	11	32
1907	12	31
1908	1	89
1908	2	109
1908	3	230
1908	4	140
1908	5	1437
1908	6	936
1908	7	116
1908	8	245
1908	9	306
1908	10	259
1908	11	25
1908	12	42
1909	1	106
1909	2	101
1909	3	262
1909	4	215
1909	5	648
1909	6	256
1909	7	408
1909	8	215
1909	9	770
1909	10	95
1909	11	182
1909	12	80
1910	1	94
1910	2	106
1910	3	76
1910	4	201
1910	5	529
1910	6	247
1910	7	173
1910	8	95
1910	9	522
1910	10	280
1910	11	208
1910	12	40
1911	1	84
1911	2	70
1911	3	58
1911	4	94
1911	5	582
1911	6	704
1911	7	122
1911	8	203
1911	9	299
1911	10	266
1911	11	131
1911	12	64
1912	1	45
1912	2	56
1912	3	321
1912	4	273
1912	5	563
1912	6	333
1912	7	340
1912	8	540
1912	9	177
1912	10	269
1912	11	25
1912	12	41
1913	1	124
1913	2	87
1913	3	128
1913	4	206
1913	5	441
1913	6	1122
1913	7	554
1913	8	176
1913	9	296
1913	10	322
1913	11	117
1913	12	20
1914	1	48
1914	2	81
1914	3	21
1914	4	279
1914	5	417
1914	6	744
1914	7	290
1914	8	12
1914	9	370
1914	10	253
1914	11	39
1914	12	40
1915	1	109
1915	2	90
1915	3	149
1915	4	364
1915	5	818
1915	6	870
1915	7	620
1915	8	234
1915	9	555
1915	10	55
1915	11	187
1915	12	116
1916	1	133
1916	2	131
1916	3	216
1916	4	184
1916	5	436
1916	6	658
1916	7	407
1916	8	200
1916	9	231
1916	10	295
1916	11	184
1916	12	112
1917	1	86
1917	2	59
1917	3	100
1917	4	390
1917	5	476
1917	6	357
1917	7	100
1917	8	51
1917	9	463
1917	10	59
1917	11	72
1917	12	78
1918	1	541
1918	2	203
1918	3	81
1918	4	427
1918	5	546
1918	6	610
1918	7	384
1918	8	165
1918	9	437
1918	10	329
1918	11	211
1918	12	123
1919	1	41
1919	2	203
1919	3	65
1919	4	202
1919	5	127
1919	6	36
1919	7	25
1919	8	68
1919	9	91
1919	10	287
1919	11	203
1919	12	569
1920	1	20
1920	2	223
1920	3	488
1920	4	417
1920	5	356
1920	6	700
1920	7	140
1920	8	76
1920	9	281
1920	10	275
1920	11	81
1920	12	122
1921	1	163
1921	2	30
1921	3	110
1921	4	224
1921	5	559
1921	6	267
1921	7	114
1921	8	179
1921	9	254
1921	10	0
1921	11	85
1921	12	101
1922	1	183
1922	2	30
1922	3	143
1922	4	310
1922	5	524
1922	6	382
1922	7	523
1922	8	764
1922	9	128
1922	10	85
1922	11	91
1922	12	112
1923	1	72
1923	2	37
1923	3	66
1923	4	209
1923	5	259
1923	6	511
1923	7	521
1923	8	356
1923	9	64
1923	10	102
1923	11	122
1923	12	182
1924	1	71
1924	2	61
1924	3	160
1924	4	356
1924	5	142
1924	6	153
1924	7	584
1924	8	137
1924	9	484
1924	10	306
1924	11	94
1924	12	75
1925	1	89
1925	2	41
1925	3	356
1925	4	280
1925	5	853
1925	6	508
1925	7	520
1925	8	356
1925	9	953
1925	10	295
1925	11	31
1925	12	82
1926	1	20
1926	2	224
1926	3	34
1926	4	61
1926	5	719
1926	6	272
1926	7	143
1926	8	551
1926	9	223
1926	10	25
1926	11	442
1926	12	173
1927	1	122
1927	2	30
1927	3	10
1927	4	127
1927	5	487
1927	6	241
1927	7	407
1927	8	240
1927	9	25
1927	10	151
1927	11	239
1927	12	142
1928	1	284
1928	2	75
1928	3	66
1928	4	116
1928	5	220
1928	6	506
1928	7	150
1928	8	141
1928	9	0
1928	10	143
1928	11	0
1928	12	94
1929	1	88
1929	2	108
1929	3	130
1929	4	102
1929	5	66
1929	6	273
1929	7	174
1929	8	242
1929	9	301
1929	10	191
1929	11	18
1929	12	51
1930	1	249
1930	2	97
1930	3	126
1930	4	191
1930	5	158
1930	6	225
1930	7	541
1930	8	302
1930	9	275
1930	10	554
1930	11	75
1930	12	0
1931	1	58
1931	2	21
1931	3	36
1931	4	386
1931	5	251
1931	6	147
1931	7	340
1931	8	137
1931	9	401
1931	10	135
1931	11	73
1931	12	66
1932	1	66
1932	2	13
1932	3	144
1932	4	297
1932	5	323
1932	6	528
1932	7	318
1932	8	399
1932	9	0
1932	10	87
1932	11	5
1932	12	36
1933	1	99
1933	2	152
1933	3	117
1933	4	140
1933	5	321
1933	6	167
1933	7	54
1933	8	406
1933	9	393
1933	10	206
1933	11	36
1933	12	18
1934	1	8
1934	2	64
1934	3	54
1934	4	84
1934	5	160
1934	6	935
1934	7	143
1934	8	175
1934	9	151
1934	10	178
1934	11	15
1934	12	46
1935	1	5
1935	2	71
1935	3	35
1935	4	309
1935	5	274
1935	6	389
1935	7	91
1935	8	168
1935	9	0
1935	10	571
1935	11	13
1935	12	0
1936	1	23
1936	2	274
1936	3	71
1936	4	226
1936	5	240
1936	6	744
1936	7	117
1936	8	255
1936	9	130
1936	10	10
1936	11	15
1936	12	41
1937	1	100
1937	2	95
1937	3	318
1937	4	302
1937	5	59
1937	6	564
1937	7	583
1937	8	76
1937	9	415
1937	10	86
1937	11	96
1937	12	119
1938	1	30
1938	2	13
1938	3	308
1938	4	284
1938	5	754
1938	6	574
1938	7	354
1938	8	167
1938	9	35
1938	10	627
1938	11	84
1938	12	5
1939	1	96
1939	2	56
1939	3	28
1939	4	163
1939	5	411
1939	6	636
1939	7	173
1939	8	155
1939	9	350
1939	10	178
1939	11	0
1939	12	110
1940	1	140
1940	2	124
1940	3	97
1940	4	497
1940	5	356
1940	6	603
1940	7	391
1940	8	109
1940	9	644
1940	10	188
1940	11	36
1940	12	115
1941	1	3
1941	2	11
1941	3	0
1941	4	231
1941	5	493
1941	6	536
1941	7	87
1941	8	653
1941	9	671
1941	10	196
1941	11	97
1941	12	101
1942	1	127
1942	2	76
1942	3	43
1942	4	155
1942	5	632
1942	6	776
1942	7	292
1942	8	94
1942	9	186
1942	10	276
1942	11	274
1942	12	93
1943	1	60
1943	2	18
1943	3	107
1943	4	677
1943	5	446
1943	6	1022
1943	7	457
1943	8	76
1943	9	139
1943	10	163
1943	11	100
1943	12	43
1944	1	21
1944	2	51
1944	3	62
1944	4	132
1944	5	806
1944	6	1547
1944	7	270
1944	8	76
1944	9	262
1944	10	112
1944	11	51
1944	12	46
1945	1	0
1945	2	0
1945	3	122
1945	4	147
1945	5	643
1945	6	828
1945	7	330
1945	8	333
1945	9	353
1945	10	72
1945	11	156
1945	12	84
1946	1	26
1946	2	23
1946	3	100
1946	4	203
1946	5	463
1946	6	524
1946	7	598
1946	8	231
1946	9	356
1946	10	342
1946	11	58
1946	12	56
1947	1	102
1947	2	16
1947	3	123
1947	4	269
1947	5	153
1947	6	1270
1947	7	333
1947	8	208
1947	9	594
1947	10	157
1947	11	145
1947	12	87
1948	1	73
1948	2	15
1948	3	38
1948	4	134
1948	5	599
1948	6	767
1948	7	304
1948	8	277
1948	9	178
1948	10	48
1948	11	162
1948	12	102
1949	1	100
1949	2	0
1949	3	76
1949	4	287
1949	5	399
1949	6	477
1949	7	195
1949	8	386
1949	9	559
1949	10	188
1949	11	94
1949	12	18
1950	1	13
1950	2	41
1950	3	331
1950	4	160
1950	5	190
1950	6	725
1950	7	498
1950	8	523
1950	9	411
1950	10	13
1950	11	56
1950	12	58
1951	1	13
1951	2	0
1951	3	104
1951	4	160
1951	5	317
1951	6	314
1951	7	255
1951	8	418
1951	9	303
1951	10	427
1951	11	0
1951	12	114
1952	1	160
1952	2	61
1952	3	84
1952	4	61
1952	5	640
1952	6	653
1952	7	539
1952	8	150
1952	9	114
1952	10	0
1952	11	147
1952	12	50
1953	1	5
1953	2	163
1953	3	18
1953	4	218
1953	5	298
1953	6	576
1953	7	236
1953	8	66
1953	9	124
1953	10	252
1953	11	124
1953	12	26
1954	1	25
1954	2	36
1954	3	280
1954	4	45
1954	5	305
1954	6	538
1954	7	83
1954	8	402
1954	9	105
1954	10	38
1954	11	13
1954	12	43
1955	1	117
1955	2	115
1955	3	97
1955	4	393
1955	5	408
1955	6	515
1955	7	285
1955	8	60
1955	9	162
1955	10	294
1955	11	136
1955	12	318
1956	1	154
1956	2	0
1956	3	31
1956	4	330
1956	5	686
1956	6	167
1956	7	171
1956	8	245
1956	9	371
1956	10	147
1956	11	117
1956	12	86
1957	1	66
1957	2	36
1957	3	121
1957	4	284
1957	5	532
1957	6	656
1957	7	277
1957	8	155
1957	9	13
1957	10	256
1957	11	48
1957	12	48
1958	1	55
1958	2	41
1958	3	177
1958	4	256
1958	5	227
1958	6	565
1958	7	644
1958	8	275
1958	9	542
1958	10	54
1958	11	51
1958	12	158
1959	1	5
1959	2	142
1959	3	178
1959	4	267
1959	5	694
1959	6	880
1959	7	294
1959	8	97
1959	9	651
1959	10	209
1959	11	163
1959	12	38
1960	1	21
1960	2	117
1960	3	172
1960	4	107
1960	5	386
1960	6	216
1960	7	8
1960	8	384
1960	9	178
1960	10	0
1960	11	0
1960	12	53
1961	1	0
1961	2	69
1961	3	98
1961	4	167
1961	5	491
1961	6	182
1961	7	353
1961	8	165
1961	9	657
1961	10	402
1961	11	35
1961	12	0
1962	1	107
1962	2	262
1962	3	114
1962	4	152
1962	5	532
1962	6	553
1962	7	649
1962	8	447
1962	9	190
1962	10	128
1962	11	320
1962	12	25
1963	1	49
1963	2	56
1963	3	119
1963	4	193
1963	5	500
1963	6	852
1963	7	163
1963	8	115
1963	9	503
1963	10	135
1963	11	43
1963	12	126
1964	1	15
1964	2	48
1964	3	61
1964	4	183
1964	5	438
1964	6	1111
1964	7	162
1964	8	488
1964	9	18
1964	10	145
1964	11	287
1964	12	188
1965	1	124
1965	2	31
1965	3	63
1965	4	195
1965	5	521
1965	6	625
1965	7	233
1965	8	255
1965	9	346
1965	10	112
1965	11	119
1965	12	75
1966	1	94
1966	2	68
1966	3	71
1966	4	322
1966	5	549
1966	6	655
1966	7	132
1966	8	113
1966	9	312
1966	10	223
1966	11	155
1966	12	49
1967	1	103
1967	2	51
1967	3	526
1967	4	193
1967	5	458
1967	6	605
1967	7	356
1967	8	40
1967	9	181
1967	10	411
1967	11	224
1967	12	166
1968	1	122
1968	2	77
1968	3	155
1968	4	272
1968	5	640
1968	6	477
1968	7	104
1968	8	500
1968	9	267
1968	10	178
1968	11	269
1968	12	62
1969	1	216
1969	2	74
1969	3	53
1969	4	460
1969	5	380
1969	6	1089
1969	7	320
1969	8	813
1969	9	354
1969	10	469
1969	11	242
1969	12	72
1970	1	54
1970	2	25
1970	3	153
1970	4	205
1970	5	719
1970	6	320
1970	7	510
1970	8	140
1970	9	415
1970	10	238
1970	11	276
1970	12	139
1971	1	73
1971	2	153
1971	3	121
1971	4	256
1971	5	290
1971	6	824
1971	7	64
1971	8	470
1971	9	297
1971	10	110
1971	11	112
1971	12	138
1972	1	108
1972	2	105
1972	3	192
1972	4	346
1972	5	184
1972	6	790
1972	7	379
1972	8	574
1972	9	494
1972	10	391
1972	11	90
1972	12	74
1973	1	51
1973	2	59
1973	3	320
1973	4	363
1973	5	140
1973	6	846
1973	7	122
1973	8	553
1973	9	631
1973	10	215
1973	11	232
1973	12	283
1974	1	86
1974	2	48
1974	3	191
1974	4	289
1974	5	336
1974	6	170
1974	7	195
1974	8	245
1974	9	68
1974	10	237
1974	11	74
1974	12	137
1975	1	211
1975	2	118
1975	3	244
1975	4	399
1975	5	743
1975	6	485
1975	7	464
1975	8	219
1975	9	130
1975	10	626
1975	11	136
1975	12	137
1976	1	42
1976	2	43
1976	3	198
1976	4	762
1976	5	472
1976	6	901
1976	7	614
1976	8	647
1976	9	371
1976	10	277
1976	11	18
1976	12	13
1977	1	130
1977	2	18
1977	3	307
1977	4	30
1977	5	610
1977	6	742
1977	7	401
1977	8	291
1977	9	785
1977	10	237
1977	11	131
1977	12	174
1978	1	91
1978	2	186
1978	3	79
1978	4	187
1978	5	550
1978	6	434
1978	7	373
1978	8	130
1978	9	680
1978	10	79
1978	11	142
1978	12	120
1979	1	108
1979	2	132
1979	3	236
1979	4	424
1979	5	350
1979	6	548
1979	7	100
1979	8	308
1979	9	13
1979	10	422
1979	11	69
1979	12	78
1980	1	104
1980	2	283
1980	3	396
1980	4	193
1980	5	1147
1980	6	453
1980	7	242
1980	8	160
1980	9	604
1980	10	116
1980	11	208
1980	12	18
1981	1	8
1981	2	233
1981	3	254
1981	4	327
1981	5	1133
1981	6	753
1981	7	120
1981	8	103
1981	9	303
1981	10	378
1981	11	232
1981	12	80
1982	1	105
1982	2	74
1982	3	331
1982	4	327
1982	5	505
1982	6	1006
1982	7	387
1982	8	197
1982	9	522
1982	10	264
1982	11	121
1982	12	187
1983	1	18
1983	2	107
1983	3	119
1983	4	443
1983	5	294
1983	6	1041
1983	7	481
1983	8	381
1983	9	598
1983	10	249
1983	11	322
1983	12	200
1984	1	56
1984	2	115
1984	3	394
1984	4	403
1984	5	385
1984	6	512
1984	7	728
1984	8	597
1984	9	290
1984	10	226
1984	11	135
1984	12	79
1985	1	89
1985	2	56
1985	3	281
1985	4	94
1985	5	448
1985	6	228
1985	7	193
1985	8	347
1985	9	524
1985	10	147
1985	11	217
1985	12	18
1986	1	123
1986	2	179
1986	3	93
1986	4	403
1986	5	135
1986	6	640
1986	7	455
1986	8	426
1986	9	329
1986	10	18
1986	11	121
1986	12	77
1987	1	74
1987	2	126
1987	3	63
1987	4	104
1987	5	923
1987	6	554
1987	7	905
1987	8	633
1987	9	162
1987	10	0
1987	11	131
1987	12	111
1988	1	45
1988	2	59
1988	3	251
1988	4	534
1988	5	882
1988	6	275
1988	7	128
1988	8	150
1988	9	224
1988	10	66
1988	11	238
1988	12	64
1989	1	219
1989	2	69
1989	3	229
1989	4	249
1989	5	596
1989	6	354
1989	7	243
1989	8	532
1989	9	94
1989	10	430
1989	11	107
1989	12	92
1990	1	133
1990	2	3
1990	3	195
1990	4	439
1990	5	496
1990	6	361
1990	7	318
1990	8	327
1990	9	191
1990	10	273
1990	11	181
1990	12	73
1991	1	34
1991	2	76
1991	3	280
1991	4	498
1991	5	633
1991	6	448
1991	7	38
1991	8	454
1991	9	328
1991	10	304
1991	11	213
1991	12	8
1992	1	33
1992	2	143
1992	3	159
1992	4	534
1992	5	514
1992	6	754
1992	7	191
1992	8	113
1992	9	257
1992	10	221
1992	11	126
1992	12	101
1993	1	76
1993	2	212
1993	3	74
1993	4	431
1993	5	823
1993	6	775
1993	7	888
1993	8	812
1993	9	91
1993	10	91
1993	11	74
1993	12	58
1994	1	23
1994	2	147
1994	3	61
1994	4	203
1994	5	292
1994	6	403
1994	7	480
1994	8	8
1994	9	33
1994	10	371
1994	11	221
1994	12	226
1995	1	328
1995	2	21
1995	3	417
1995	4	421
1995	5	524
1995	6	470
1995	7	372
1995	8	295
1995	9	175
1995	10	488
1995	11	190
1995	12	81
1996	1	172
1996	2	122
1996	3	195
1996	4	290
1996	5	907
1996	6	153
1996	7	68
1996	8	48
1996	9	237
1996	10	211
1996	11	397
1996	12	356
1997	1	348
1997	2	94
1997	3	238
1997	4	289
1997	5	583
1997	6	499
1997	7	842
1997	8	485
1997	9	255
1997	10	302
1997	11	89
1997	12	180
1998	1	349
1998	2	94
1998	3	257
1998	4	356
1998	5	415
1998	6	1178
1998	7	449
1998	8	207
1998	9	173
1998	10	142
1998	11	100
1998	12	191
1999	1	100
1999	2	231
1999	3	140
1999	4	92
1999	5	658
1999	6	380
1999	7	41
1999	8	440
1999	9	79
1999	10	148
1999	11	68
1999	12	175
2000	1	84
2000	2	181
2000	3	395
2000	4	163
2000	5	696
2000	6	396
2000	7	107
2000	8	190
2000	9	161
2000	10	717
2000	11	186
2000	12	70
2001	1	97
2001	2	135
2001	3	91
2001	4	214
2001	5	69
2001	6	990
2001	7	371
2001	8	5
2001	9	178
2001	10	304
2001	11	61
2001	12	53
2002	1	114
2002	2	161
2002	3	136
2002	4	122
2002	5	697
2002	6	897
2002	7	223
2002	8	114
2002	9	442
2002	10	67
2002	11	31
2002	12	126
2003	1	141
2003	2	246
2003	3	169
2003	4	523
2003	5	336
2003	6	486
2003	7	237
2003	8	355
2003	9	54
2003	10	134
2003	11	110
2003	12	176
2004	1	120
2004	2	229
2004	3	110
2004	4	198
2004	5	520
2004	6	351
2004	7	155
2004	8	222
2004	9	195
2004	10	368
2004	11	64
2004	12	82
2005	1	43
2005	2	0
2005	3	163
2005	4	103
2005	5	267
2005	6	1120
2005	7	99
2005	8	230
2005	9	140
2005	10	462
2005	11	352
2005	12	214
2006	1	104
2006	2	16
2006	3	107
2006	4	399
2006	5	121
2006	6	646
2006	7	242
2006	8	190
2006	9	325
2006	10	785
2006	11	73
2006	12	50
2007	1	31
2007	2	265
2007	3	170
2007	4	349
2007	5	822
2007	6	562
2007	7	235
2007	8	154
2007	9	457
2007	10	565
2007	11	196
2007	12	173
2008	1	182
2008	2	52
2008	3	142
2008	4	734
2008	5	606
2008	6	327
2008	7	137
2008	8	270
2008	9	191
2008	10	39
2008	11	114
2008	12	291
2009	1	51
2009	2	91
2009	3	541
2009	4	464
2009	5	159
2009	6	507
2009	7	261
2009	8	428
2009	9	168
2009	10	284
2009	11	229
2009	12	41
2010	1	51
2010	2	27
2010	3	151
2010	4	787
2010	5	715
2010	6	1002
2010	7	241
2010	8	637
2010	9	219
2010	10	165
2010	11	426
2010	12	127
2011	1	128
2011	2	48
2011	3	214
2011	4	384
2011	5	409
2011	6	854
2011	7	361
2011	8	230
2011	9	79
2011	10	222
2011	11	177
2011	12	139
2012	1	64
2012	2	95
2012	3	317
2012	4	326
2012	5	312
2012	6	199
2012	7	251
2012	8	107
2012	9	115
2012	10	155
2012	11	326
2012	12	147
2013	1	133
2013	2	91
2013	3	62
2013	4	101
2013	5	701
2013	6	440
2013	7	253
2013	8	128
2013	9	566
2013	10	152
2013	11	36
2013	12	81
2014	1	55
2014	2	284
2014	3	202
2014	4	473
2014	5	264
2014	6	558
2014	7	252
2014	8	589
2014	9	382
2014	10	154
2014	11	259
2014	12	156
2015	1	36
2015	2	66
2015	3	101
2015	4	469
2015	5	830
2015	6	435
2015	7	505
2015	8	153
2015	9	532
2015	10	168
