1870	6	1110
1870	7	709
1870	8	640
1870	9	953
1870	10	607
1870	11	645
1870	12	828
1871	1	432
1871	2	584
1871	3	780
1871	4	574
1871	5	419
1871	6	780
1871	7	724
1871	8	973
1871	9	356
1871	10	292
1871	11	1359
1871	12	851
1872	1	264
1872	2	292
1872	3	292
1872	4	295
1872	5	422
1872	6	843
1872	7	457
1872	8	180
1872	9	912
1872	10	988
1872	11	465
1872	12	655
1873	1	825
1873	2	152
1873	3	762
1873	4	732
1873	5	287
1873	6	521
1873	7	1306
1873	8	696
1873	9	549
1873	10	1090
1873	11	693
1873	12	851
1874	1	1369
1874	2	932
1874	3	445
1874	4	889
1874	5	445
1874	6	58
1874	7	1029
1874	8	216
1874	9	452
1874	10	470
1874	11	394
1874	12	216
1875	1	330
1875	2	185
1875	3	876
1875	4	241
1875	5	681
1875	6	889
1875	7	637
1875	8	570
1875	9	1041
1875	10	719
1875	11	394
1875	12	635
1876	1	762
1876	2	1321
1876	3	1016
1876	4	582
1876	5	497
1876	6	321
1876	7	825
1876	8	32
1876	9	627
1876	10	553
1876	11	663
1876	12	586
1877	1	379
1877	2	89
1877	3	1018
1877	4	528
1877	5	199
1877	6	706
1877	7	707
1877	8	852
1877	9	298
1877	10	1027
1877	11	891
1877	12	223
1878	1	776
1878	2	373
1878	3	928
1878	4	687
1878	5	789
1878	6	611
1878	7	1008
1878	8	719
1878	9	1138
1878	10	893
1878	11	809
1878	12	982
1879	1	339
1879	2	364
1879	3	380
1879	4	213
1879	5	381
1879	6	640
1879	7	785
1879	8	691
1879	9	700
1879	10	218
1879	11	993
1879	12	842
1880	1	367
1880	2	651
1880	3	469
1880	4	697
1880	5	748
1880	6	807
1880	7	1017
1880	8	1311
1880	9	593
1880	10	980
1880	11	654
1880	12	348
1881	1	417
1881	2	481
1881	3	693
1881	4	110
1881	5	510
1881	6	829
1881	7	557
1881	8	288
1881	9	236
1881	10	1221
1881	11	727
1881	12	911
1882	1	563
1882	2	452
1882	3	439
1882	4	385
1882	5	1478
1882	6	783
1882	7	272
1882	8	591
1882	9	475
1882	10	281
1882	11	765
1882	12	702
1883	1	405
1883	2	743
1883	3	388
1883	4	738
1883	5	1221
1883	6	1551
1883	7	1880
1883	8	549
1883	9	512
1883	10	562
1883	11	620
1883	12	376
1884	1	737
1884	2	768
1884	3	628
1884	4	251
1884	5	637
1884	6	656
1884	7	1043
1884	8	645
1884	9	488
1884	10	465
1884	11	581
1884	12	677
1885	1	625
1885	2	407
1885	3	266
1885	4	1121
1885	5	629
1885	6	1003
1885	7	798
1885	8	1473
1885	9	1028
1885	10	1110
1885	11	541
1885	12	642
1886	1	1008
1886	2	787
1886	3	750
1886	4	955
1886	5	685
1886	6	635
1886	7	490
1886	8	635
1886	9	1319
1886	10	512
1886	11	886
1886	12	540
1887	1	697
1887	2	1142
1887	3	428
1887	4	502
1887	5	374
1887	6	559
1887	7	360
1887	8	596
1887	9	461
1887	10	499
1887	11	625
1887	12	685
1888	1	492
1888	2	346
1888	3	574
1888	4	486
1888	5	299
1888	6	903
1888	7	395
1888	8	594
1888	9	942
1888	10	904
1888	11	795
1888	12	315
1889	1	832
1889	2	530
1889	3	230
1889	4	815
1889	5	706
1889	6	989
1889	7	1051
1889	8	187
1889	9	801
1889	10	515
1889	11	989
1889	12	996
1890	1	803
1890	2	781
1890	3	432
1890	4	828
1890	5	910
1890	6	1127
1890	7	973
1890	8	820
1890	9	783
1890	10	1320
1890	11	882
1890	12	433
1891	1	544
1891	2	874
1891	3	632
1891	4	414
1891	5	343
1891	6	356
1891	7	866
1891	8	1242
1891	9	726
1891	10	399
1891	11	810
1891	12	1006
1892	1	673
1892	2	541
1892	3	249
1892	4	295
1892	5	1092
1892	6	1148
1892	7	1361
1892	8	912
1892	9	980
1892	10	587
1892	11	899
1892	12	297
1893	1	523
1893	2	981
1893	3	666
1893	4	1019
1893	5	1825
1893	6	646
1893	7	1215
1893	8	1323
1893	9	871
1893	10	681
1893	11	848
1893	12	1211
1894	1	796
1894	2	637
1894	3	612
1894	4	572
1894	5	2028
1894	6	988
1894	7	812
1894	8	167
1894	9	1301
1894	10	851
1894	11	341
1894	12	542
1895	1	891
1895	2	553
1895	3	396
1895	4	362
1895	5	507
1895	6	416
1895	7	607
1895	8	815
1895	9	508
1895	10	313
1895	11	1089
1895	12	928
1896	1	510
1896	2	1297
1896	3	650
1896	4	102
1896	5	292
1896	6	362
1896	7	1652
1896	8	346
1896	9	1130
1896	10	322
1896	11	539
1896	12	343
1897	1	474
1897	2	687
1897	3	594
1897	4	503
1897	5	585
1897	6	388
1897	7	838
1897	8	582
1897	9	228
1897	10	206
1897	11	1134
1897	12	940
1898	1	889
1898	2	929
1898	3	348
1898	4	458
1898	5	589
1898	6	731
1898	7	418
1898	8	1039
1898	9	1108
1898	10	1112
1898	11	307
1898	12	432
1899	1	430
1899	2	340
1899	3	284
1899	4	122
1899	5	331
1899	6	64
1899	7	323
1899	8	122
1899	9	1099
1899	10	435
1899	11	124
1899	12	789
1900	1	457
1900	2	692
1900	3	596
1900	4	320
1900	5	615
1900	6	272
1900	7	1054
1900	8	852
1900	9	635
1900	10	660
1900	11	761
1900	12	329
1901	1	433
1901	2	647
1901	3	458
1901	4	1644
1901	5	832
1901	6	370
1901	7	1017
1901	8	407
1901	9	627
1901	10	598
1901	11	855
1901	12	813
1902	1	825
1902	2	356
1902	3	307
1902	4	689
1902	5	394
1902	6	1024
1902	7	1457
1902	8	488
1902	9	701
1902	10	662
1902	11	396
1902	12	502
1903	1	676
1903	2	608
1903	3	717
1903	4	1017
1903	5	387
1903	6	814
1903	7	957
1903	8	1410
1903	9	152
1903	10	634
1903	11	364
1903	12	424
1904	1	930
1904	2	701
1904	3	814
1904	4	618
1904	5	728
1904	6	418
1904	7	1032
1904	8	770
1904	9	523
1904	10	460
1904	11	53
1904	12	337
1905	1	785
1905	2	356
1905	3	417
1905	4	441
1905	5	817
1905	6	1118
1905	7	1121
1905	8	671
1905	9	309
1905	10	595
1905	11	560
1905	12	673
1906	1	287
1906	2	213
1906	3	676
1906	4	419
1906	5	498
1906	6	768
1906	7	582
1906	8	504
1906	9	661
1906	10	1981
1906	11	664
1906	12	714
1907	1	661
1907	2	198
1907	3	577
1907	4	401
1907	5	1020
1907	6	937
1907	7	680
1907	8	424
1907	9	876
1907	10	795
1907	11	802
1907	12	1005
1908	1	372
1908	2	766
1908	3	646
1908	4	570
1908	5	719
1908	6	485
1908	7	1251
1908	8	782
1908	9	239
1908	10	274
1908	11	342
1908	12	258
1909	1	583
1909	2	756
1909	3	641
1909	4	702
1909	5	1264
1909	6	216
1909	7	1292
1909	8	229
1909	9	700
1909	10	749
1909	11	700
1909	12	652
1910	1	791
1910	2	1017
1910	3	188
1910	4	1073
1910	5	721
1910	6	288
1910	7	861
1910	8	775
1910	9	708
1910	10	1147
1910	11	600
1910	12	766
1911	1	626
1911	2	433
1911	3	484
1911	4	192
1911	5	529
1911	6	549
1911	7	715
1911	8	727
1911	9	508
1911	10	746
1911	11	530
1911	12	545
1912	1	686
1912	2	335
1912	3	452
1912	4	754
1912	5	1245
1912	6	380
1912	7	336
1912	8	960
1912	9	562
1912	10	922
1912	11	580
1912	12	365
1913	1	1088
1913	2	132
1913	3	1071
1913	4	1019
1913	5	673
1913	6	803
1913	7	366
1913	8	1022
1913	9	409
1913	10	679
1913	11	656
1913	12	378
1914	1	598
1914	2	180
1914	3	718
1914	4	745
1914	5	716
1914	6	909
1914	7	336
1914	8	1449
1914	9	361
1914	10	686
1914	11	425
1914	12	318
1915	1	589
1915	2	582
1915	3	203
1915	4	218
1915	5	548
1915	6	498
1915	7	1235
1915	8	1372
1915	9	660
1915	10	666
1915	11	454
1915	12	600
1916	1	624
1916	2	394
1916	3	446
1916	4	747
1916	5	908
1916	6	1619
1916	7	188
1916	8	227
1916	9	419
1916	10	742
1916	11	429
1916	12	556
1917	1	634
1917	2	364
1917	3	486
1917	4	919
1917	5	1074
1917	6	1535
1917	7	1580
1917	8	617
1917	9	519
1917	10	1849
1917	11	188
1917	12	325
1918	1	174
1918	2	686
1918	3	536
1918	4	490
1918	5	550
1918	6	761
1918	7	668
1918	8	577
1918	9	982
1918	10	530
1918	11	320
1918	12	496
1919	1	165
1919	2	364
1919	3	728
1919	4	889
1919	5	1636
1919	6	685
1919	7	369
1919	8	561
1919	9	349
1919	10	1061
1919	11	377
1919	12	260
1920	1	344
1920	2	237
1920	3	368
1920	4	541
1920	5	152
1920	6	557
1920	7	962
1920	8	611
1920	9	886
1920	10	642
1920	11	1040
1920	12	529
1921	1	33
1921	2	415
1921	3	611
1921	4	843
1921	5	437
1921	6	332
1921	7	365
1921	8	519
1921	9	426
1921	10	809
1921	11	637
1921	12	423
1922	1	371
1922	2	544
1922	3	530
1922	4	613
1922	5	386
1922	6	1821
1922	7	554
1922	8	949
1922	9	460
1922	10	933
1922	11	301
1922	12	389
1923	1	528
1923	2	181
1923	3	304
1923	4	382
1923	5	1147
1923	6	1548
1923	7	1005
1923	8	422
1923	9	349
1923	10	489
1923	11	611
1923	12	917
1924	1	649
1924	2	586
1924	3	187
1924	4	881
1924	5	1164
1924	6	532
1924	7	999
1924	8	967
1924	9	1723
1924	10	47
1924	11	247
1924	12	393
1925	1	415
1925	2	625
1925	3	410
1925	4	405
1925	5	546
1925	6	674
1925	7	1076
1925	8	848
1925	9	1344
1925	10	957
1925	11	822
1925	12	308
1926	1	339
1926	2	463
1926	3	198
1926	4	684
1926	5	297
1926	6	582
1926	7	575
1926	8	987
1926	9	1390
1926	10	1288
1926	11	1032
1926	12	374
1927	1	292
1927	2	498
1927	3	546
1927	4	333
1927	5	1058
1927	6	828
1927	7	1139
1927	8	524
1927	9	254
1927	10	731
1927	11	1830
1927	12	844
1928	1	496
1928	2	547
1928	3	410
1928	4	610
1928	5	239
1928	6	2497
1928	7	1336
1928	8	282
1928	9	783
1928	10	772
1928	11	993
1928	12	433
1929	1	774
1929	2	239
1929	3	868
1929	4	1294
1929	5	785
1929	6	818
1929	7	749
1929	8	212
1929	9	633
1929	10	731
1929	11	629
1929	12	900
1930	1	1116
1930	2	469
1930	3	1040
1930	4	353
1930	5	511
1930	6	1090
1930	7	634
1930	8	193
1930	9	364
1930	10	551
1930	11	219
1930	12	351
1931	1	549
1931	2	171
1931	3	791
1931	4	535
1931	5	887
1931	6	519
1931	7	603
1931	8	719
1931	9	948
1931	10	536
1931	11	491
1931	12	581
1932	1	1401
1932	2	583
1932	3	720
1932	4	663
1932	5	595
1932	6	203
1932	7	1338
1932	8	820
1932	9	677
1932	10	644
1932	11	1044
1932	12	483
1933	1	462
1933	2	455
1933	3	640
1933	4	438
1933	5	969
1933	6	570
1933	7	209
1933	8	996
1933	9	450
1933	10	631
1933	11	655
1933	12	753
1934	1	434
1934	2	285
1934	3	578
1934	4	459
1934	5	255
1934	6	581
1934	7	244
1934	8	874
1934	9	1132
1934	10	354
1934	11	872
1934	12	733
1935	1	642
1935	2	612
1935	3	374
1935	4	351
1935	5	877
1935	6	916
1935	7	365
1935	8	768
1935	9	600
1935	10	542
1935	11	597
1935	12	525
1936	1	381
1936	2	535
1936	3	1466
1936	4	501
1936	5	226
1936	6	543
1936	7	475
1936	8	245
1936	9	1040
1936	10	955
1936	11	490
1936	12	558
1937	1	1238
1937	2	386
1937	3	383
1937	4	981
1937	5	916
1937	6	973
1937	7	546
1937	8	262
1937	9	736
1937	10	1002
1937	11	650
1937	12	745
1938	1	339
1938	2	1008
1938	3	424
1938	4	414
1938	5	597
1938	6	625
1938	7	736
1938	8	747
1938	9	1123
1938	10	153
1938	11	664
1938	12	418
1939	1	438
1939	2	682
1939	3	616
1939	4	727
1939	5	330
1939	6	318
1939	7	893
1939	8	1278
1939	9	934
1939	10	698
1939	11	163
1939	12	560
1940	1	434
1940	2	660
1940	3	431
1940	4	689
1940	5	1145
1940	6	817
1940	7	570
1940	8	633
1940	9	904
1940	10	431
1940	11	1002
1940	12	806
1941	1	453
1941	2	290
1941	3	416
1941	4	406
1941	5	349
1941	6	368
1941	7	765
1941	8	238
1941	9	36
1941	10	868
1941	11	501
1941	12	330
1942	1	416
1942	2	1012
1942	3	809
1942	4	601
1942	5	1375
1942	6	394
1942	7	1136
1942	8	334
1942	9	688
1942	10	857
1942	11	932
1942	12	1098
1943	1	386
1943	2	366
1943	3	548
1943	4	1181
1943	5	1178
1943	6	901
1943	7	1334
1943	8	704
1943	9	697
1943	10	837
1943	11	308
1943	12	180
1944	1	280
1944	2	585
1944	3	648
1944	4	1117
1944	5	554
1944	6	1051
1944	7	343
1944	8	771
1944	9	563
1944	10	249
1944	11	445
1944	12	590
1945	1	417
1945	2	512
1945	3	1033
1945	4	899
1945	5	1164
1945	6	686
1945	7	1069
1945	8	541
1945	9	1573
1945	10	1324
1945	11	856
1945	12	436
1946	1	170
1946	2	592
1946	3	231
1946	4	231
1946	5	1286
1946	6	320
1946	7	526
1946	8	722
1946	9	486
1946	10	1049
1946	11	690
1946	12	758
1947	1	1233
1947	2	215
1947	3	538
1947	4	939
1947	5	1153
1947	6	1239
1947	7	819
1947	8	237
1947	9	742
1947	10	220
1947	11	483
1947	12	523
1948	1	456
1948	2	533
1948	3	609
1948	4	557
1948	5	869
1948	6	936
1948	7	477
1948	8	92
1948	9	539
1948	10	1015
1948	11	832
1948	12	490
1949	1	715
1949	2	589
1949	3	493
1949	4	575
1949	5	705
1949	6	549
1949	7	610
1949	8	699
1949	9	703
1949	10	230
1949	11	890
1949	12	831
1950	1	977
1950	2	925
1950	3	557
1950	4	451
1950	5	604
1950	6	408
1950	7	622
1950	8	1177
1950	9	696
1950	10	629
1950	11	1133
1950	12	413
1951	1	569
1951	2	671
1951	3	865
1951	4	1000
1951	5	445
1951	6	811
1951	7	1042
1951	8	465
1951	9	638
1951	10	437
1951	11	1209
1951	12	772
1952	1	685
1952	2	473
1952	3	585
1952	4	555
1952	5	803
1952	6	226
1952	7	587
1952	8	868
1952	9	835
1952	10	207
1952	11	684
1952	12	417
1953	1	527
1953	2	358
1953	3	1034
1953	4	408
1953	5	1311
1953	6	84
1953	7	959
1953	8	1079
1953	9	696
1953	10	156
1953	11	619
1953	12	648
1954	1	632
1954	2	922
1954	3	1039
1954	4	867
1954	5	357
1954	6	703
1954	7	229
1954	8	1447
1954	9	581
1954	10	1661
1954	11	879
1954	12	965
1955	1	452
1955	2	507
1955	3	1033
1955	4	677
1955	5	783
1955	6	264
1955	7	544
1955	8	2079
1955	9	496
1955	10	1963
1955	11	422
1955	12	507
1956	1	439
1956	2	693
1956	3	872
1956	4	909
1956	5	1572
1956	6	301
1956	7	799
1956	8	1460
1956	9	904
1956	10	216
1956	11	362
1956	12	610
1957	1	766
1957	2	435
1957	3	361
1957	4	970
1957	5	886
1957	6	961
1957	7	603
1957	8	292
1957	9	788
1957	10	302
1957	11	630
1957	12	730
1958	1	706
1958	2	805
1958	3	180
1958	4	735
1958	5	480
1958	6	491
1958	7	505
1958	8	1010
1958	9	1410
1958	10	676
1958	11	723
1958	12	222
1959	1	1198
1959	2	726
1959	3	614
1959	4	811
1959	5	340
1959	6	669
1959	7	524
1959	8	582
1959	9	517
1959	10	1356
1959	11	691
1959	12	1265
1960	1	783
1960	2	1362
1960	3	441
1960	4	611
1960	5	1244
1960	6	674
1960	7	392
1960	8	894
1960	9	222
1960	10	620
1960	11	417
1960	12	311
1961	1	223
1961	2	993
1961	3	613
1961	4	1495
1961	5	611
1961	6	954
1961	7	879
1961	8	1137
1961	9	102
1961	10	566
1961	11	884
1961	12	570
1962	1	637
1962	2	696
1962	3	236
1962	4	611
1962	5	339
1962	6	942
1962	7	731
1962	8	559
1962	9	913
1962	10	787
1962	11	541
1962	12	729
1963	1	444
1963	2	263
1963	3	537
1963	4	719
1963	5	687
1963	6	131
1963	7	900
1963	8	1291
1963	9	302
1963	10	26
1963	11	1331
1963	12	469
1964	1	530
1964	2	371
1964	3	982
1964	4	918
1964	5	951
1964	6	506
1964	7	1528
1964	8	1021
1964	9	117
1964	10	221
1964	11	520
1964	12	762
1965	1	1151
1965	2	823
1965	3	542
1965	4	768
1965	5	188
1965	6	221
1965	7	593
1965	8	1134
1965	9	839
1965	10	1100
1965	11	886
1965	12	570
1966	1	1016
1966	2	634
1966	3	782
1966	4	789
1966	5	334
1966	6	615
1966	7	621
1966	8	676
1966	9	971
1966	10	332
1966	11	1112
1966	12	702
1967	1	413
1967	2	455
1967	3	326
1967	4	703
1967	5	890
1967	6	669
1967	7	391
1967	8	1463
1967	9	1594
1967	10	936
1967	11	676
1967	12	807
1968	1	815
1968	2	320
1968	3	497
1968	4	323
1968	5	867
1968	6	1147
1968	7	204
1968	8	1138
1968	9	1643
1968	10	620
1968	11	1212
1968	12	1034
1969	1	915
1969	2	208
1969	3	529
1969	4	1115
1969	5	987
1969	6	796
1969	7	694
1969	8	1327
1969	9	407
1969	10	631
1969	11	958
1969	12	852
1970	1	555
1970	2	648
1970	3	474
1970	4	691
1970	5	900
1970	6	1129
1970	7	847
1970	8	969
1970	9	881
1970	10	1029
1970	11	899
1970	12	1028
1971	1	437
1971	2	952
1971	3	651
1971	4	402
1971	5	373
1971	6	1075
1971	7	1218
1971	8	1224
1971	9	587
1971	10	518
1971	11	617
1971	12	987
1972	1	467
1972	2	1086
1972	3	1055
1972	4	694
1972	5	676
1972	6	1261
1972	7	504
1972	8	862
1972	9	886
1972	10	920
1972	11	1146
1972	12	1023
1973	1	405
1973	2	584
1973	3	1126
1973	4	1287
1973	5	917
1973	6	806
1973	7	293
1973	8	417
1973	9	559
1973	10	1089
1973	11	1213
1973	12	1084
1974	1	554
1974	2	491
1974	3	924
1974	4	821
1974	5	1044
1974	6	798
1974	7	465
1974	8	319
1974	9	804
1974	10	335
1974	11	1173
1974	12	609
1975	1	465
1975	2	601
1975	3	698
1975	4	379
1975	5	562
1975	6	1307
1975	7	1074
1975	8	1676
1975	9	714
1975	10	443
1975	11	763
1975	12	1054
1976	1	718
1976	2	698
1976	3	1300
1976	4	1098
1976	5	1837
1976	6	1471
1976	7	869
1976	8	329
1976	9	1001
1976	10	825
1976	11	264
1976	12	602
1977	1	752
1977	2	399
1977	3	657
1977	4	951
1977	5	155
1977	6	573
1977	7	960
1977	8	1398
1977	9	2503
1977	10	597
1977	11	1190
1977	12	1512
1978	1	1089
1978	2	324
1978	3	512
1978	4	597
1978	5	632
1978	6	619
1978	7	521
1978	8	883
1978	9	1217
1978	10	1132
1978	11	438
1978	12	823
1979	1	1360
1979	2	413
1979	3	462
1979	4	1099
1979	5	610
1979	6	510
1979	7	554
1979	8	993
1979	9	1664
1979	10	902
1979	11	703
1979	12	867
1980	1	405
1980	2	266
1980	3	1195
1980	4	822
1980	5	331
1980	6	1118
1980	7	1021
1980	8	558
1980	9	925
1980	10	990
1980	11	644
1980	12	591
1981	1	399
1981	2	984
1981	3	255
1981	4	884
1981	5	828
1981	6	1360
1981	7	1629
1981	8	1370
1981	9	1045
1981	10	904
1981	11	947
1981	12	756
1982	1	891
1982	2	340
1982	3	694
1982	4	445
1982	5	736
1982	6	1049
1982	7	420
1982	8	829
1982	9	327
1982	10	288
1982	11	1270
1982	12	822
1983	1	333
1983	2	345
1983	3	813
1983	4	853
1983	5	874
1983	6	499
1983	7	409
1983	8	913
1983	9	645
1983	10	1229
1983	11	1351
1983	12	1227
1984	1	399
1984	2	712
1984	3	454
1984	4	850
1984	5	1068
1984	6	863
1984	7	398
1984	8	1056
1984	9	1418
1984	10	249
1984	11	569
1984	12	820
1985	1	792
1985	2	722
1985	3	1104
1985	4	422
1985	5	585
1985	6	788
1985	7	497
1985	8	766
1985	9	427
1985	10	1015
1985	11	2424
1985	12	756
1986	1	513
1986	2	704
1986	3	597
1986	4	1150
1986	5	1173
1986	6	800
1986	7	747
1986	8	1269
1986	9	1489
1986	10	702
1986	11	658
1986	12	962
1987	1	623
1987	2	136
1987	3	704
1987	4	929
1987	5	387
1987	6	678
1987	7	992
1987	8	1586
1987	9	1766
1987	10	499
1987	11	1066
1987	12	646
1988	1	215
1988	2	745
1988	3	430
1988	4	547
1988	5	336
1988	6	251
1988	7	725
1988	8	695
1988	9	434
1988	10	1144
1988	11	638
1988	12	452
1989	1	334
1989	2	342
1989	3	849
1989	4	519
1989	5	1405
1989	6	2045
1989	7	218
1989	8	647
1989	9	775
1989	10	629
1989	11	1125
1989	12	479
1990	1	589
1990	2	1342
1990	3	345
1990	4	1114
1990	5	1293
1990	6	750
1990	7	783
1990	8	967
1990	9	889
1990	10	942
1990	11	494
1990	12	1786
1991	1	446
1991	2	451
1991	3	1290
1991	4	1295
1991	5	718
1991	6	264
1991	7	598
1991	8	530
1991	9	568
1991	10	552
1991	11	700
1991	12	819
1992	1	492
1992	2	538
1992	3	808
1992	4	1380
1992	5	712
1992	6	431
1992	7	1730
1992	8	1283
1992	9	756
1992	10	735
1992	11	1141
1992	12	861
1993	1	860
1993	2	569
1993	3	424
1993	4	592
1993	5	518
1993	6	1255
1993	7	1320
1993	8	740
1993	9	705
1993	10	852
1993	11	790
1993	12	572
1994	1	619
1994	2	367
1994	3	671
1994	4	905
1994	5	946
1994	6	876
1994	7	769
1994	8	1240
1994	9	1379
1994	10	318
1994	11	975
1994	12	637
1995	1	1263
1995	2	420
1995	3	311
1995	4	363
1995	5	620
1995	6	986
1995	7	594
1995	8	225
1995	9	905
1995	10	1713
1995	11	832
1995	12	579
1996	1	662
1996	2	412
1996	3	376
1996	4	1492
1996	5	554
1996	6	358
1996	7	511
1996	8	0
1996	9	727
1996	10	934
1996	11	530
1996	12	276
1997	1	138
1997	2	701
1997	3	1002
1997	4	472
1997	5	784
1997	6	924
1997	7	620
1997	8	838
1997	9	1128
1997	10	600
1997	11	732
1997	12	813
1998	1	888
1998	2	603
1998	3	446
1998	4	432
1998	5	795
1998	6	913
1998	7	674
1998	8	121
1998	9	505
1998	10	330
1998	11	212
1998	12	492
1999	1	1269
1999	2	192
1999	3	497
1999	4	650
1999	5	734
1999	6	757
1999	7	998
1999	8	964
1999	9	603
1999	10	716
1999	11	860
1999	12	607
2000	1	621
2000	2	485
2000	3	247
2000	4	1176
2000	5	1083
2000	6	1243
2000	7	752
2000	8	1016
2000	9	902
2000	10	390
2000	11	740
2000	12	699
2001	1	435
2001	2	527
2001	3	761
2001	4	340
2001	5	943
2001	6	509
2001	7	399
2001	8	796
2001	9	881
2001	10	1024
2001	11	654
2001	12	1000
2002	1	595
2002	2	482
2002	3	583
2002	4	1167
2002	5	1136
2002	6	774
2002	7	607
2002	8	422
2002	9	772
2002	10	687
2002	11	733
2002	12	935
2003	1	426
2003	2	479
2003	3	517
2003	4	423
2003	5	1294
2003	6	618
2003	7	827
2003	8	898
2003	9	867
2003	10	682
2003	11	1242
2003	12	683
2004	1	562
2004	2	176
2004	3	764
2004	4	1106
2004	5	1307
2004	6	552
2004	7	1339
2004	8	881
2004	9	1109
2004	10	601
2004	11	692
2004	12	852
2005	1	784
2005	2	384
2005	3	324
2005	4	1084
2005	5	253
2005	6	678
2005	7	573
2005	8	1234
2005	9	1397
2005	10	895
2005	11	1006
2005	12	478
2006	1	770
2006	2	371
2006	3	524
2006	4	615
2006	5	455
2006	6	936
2006	7	1316
2006	8	810
2006	9	1364
2006	10	1556
2006	11	623
2006	12	862
2007	1	926
2007	2	428
2007	3	448
2007	4	1023
2007	5	227
2007	6	357
2007	7	667
2007	8	432
2007	9	720
2007	10	754
2007	11	1087
2007	12	1126
2008	1	445
2008	2	808
2008	3	832
2008	4	471
2008	5	573
2008	6	938
2008	7	1169
2008	8	1233
2008	9	615
2008	10	863
2008	11	629
2008	12	1225
2009	1	523
2009	2	489
2009	3	703
2009	4	568
2009	5	688
2009	6	862
2009	7	1089
2009	8	1079
2009	9	467
2009	10	833
2009	11	420
2009	12	967
2010	1	555
2010	2	387
2010	3	569
2010	4	517
2010	5	744
2010	6	1324
2010	7	746
2010	8	667
2010	9	762
2010	10	958
2010	11	691
2010	12	675
2011	1	436
2011	2	716
2011	3	957
2011	4	1456
2011	5	1588
2011	6	605
2011	7	299
2011	8	1372
2011	9	997
2011	10	1267
2011	11	723
2011	12	748
2012	1	828
2012	2	476
2012	3	379
2012	4	764
2012	5	454
2012	6	813
2012	7	511
2012	8	578
2012	9	1163
2012	10	1398
2012	11	201
2012	12	980
2013	1	574
2013	2	735
2013	3	171
2013	4	977
2013	5	863
2013	6	1347
2013	7	812
2013	8	927
2013	9	677
2013	10	1134
2013	11	770
2013	12	1039
2014	1	430
2014	2	604
2014	3	534
2014	4	815
2014	5	827
2014	6	789
2014	7	1462
2014	8	611
2014	9	568
2014	10	687
2014	11	657
2014	12	469
2015	1	519
2015	2	547
2015	3	321
2015	4	794
2015	5	776
2015	6	1215
2015	7	546
2015	8	892
2015	9	1120
2015	10	532
