1885	9	569
1885	10	368
1886	4	787
1886	5	0
1886	6	622
1886	7	686
1886	8	1064
1886	9	1847
1886	10	241
1887	5	825
1887	6	1008
1887	7	193
1887	8	724
1887	9	815
1887	10	950
1888	4	1046
1888	5	1770
1888	6	1402
1888	7	569
1888	8	1184
1888	9	963
1888	10	704
1889	1	2174
1889	2	648
1889	3	996
1889	4	744
1889	5	582
1889	6	1336
1889	7	632
1889	8	340
1889	9	1481
1889	10	53
1889	11	1267
1889	12	183
1890	2	876
1890	3	866
1890	4	1948
1890	5	897
1890	6	1407
1890	7	170
1890	8	775
1890	9	1354
1890	10	808
1890	11	465
1890	12	467
1891	1	2469
1891	2	752
1891	3	290
1891	4	1275
1891	5	165
1891	6	828
1891	7	109
1891	8	478
1891	9	831
1891	10	20
1891	11	912
1891	12	1844
1892	1	693
1892	2	620
1892	3	615
1892	4	163
1892	5	503
1892	6	1438
1892	7	406
1892	8	693
1892	9	307
1892	10	759
1892	11	1290
1892	12	2360
1893	1	127
1893	2	254
1893	3	523
1893	4	442
1893	5	838
1893	6	1283
1893	7	28
1893	8	409
1893	9	89
1893	10	48
1893	11	2659
1893	12	488
1894	1	1234
1894	2	391
1894	3	1003
1894	4	1041
1894	5	330
1894	6	615
1894	7	368
1894	8	2189
1894	9	460
1894	10	445
1894	11	104
1894	12	208
1895	1	508
1895	2	574
1895	3	772
1895	4	569
1895	5	3185
1895	6	1796
1895	7	759
1895	8	224
1895	9	46
1895	10	904
1895	11	627
1895	12	434
1896	1	1689
1896	2	1146
1896	3	836
1896	4	932
1896	5	244
1896	6	229
1896	7	526
1896	8	371
1896	9	1181
1896	10	483
1896	11	1046
1896	12	493
1897	4	503
1897	5	411
1897	6	513
1897	7	747
1897	8	958
1897	9	726
1897	10	1316
1897	11	338
1897	12	833
1898	1	780
1898	2	1689
1898	3	1184
1898	4	734
1898	5	752
1898	6	1029
1898	7	848
1898	8	950
1898	9	417
1898	10	668
1898	11	881
1898	12	1036
1899	1	876
1899	2	297
1899	3	572
1899	4	587
1899	5	325
1899	6	5591
1899	7	701
1899	8	142
1899	9	168
1899	10	754
1899	11	785
1899	12	1212
1900	1	1245
1900	2	688
1900	3	1331
1900	4	1712
1900	5	1608
1900	6	620
1900	7	1684
1900	8	1171
1900	9	1478
1900	10	734
1900	11	1704
1900	12	394
1901	1	254
1901	2	417
1901	3	620
1901	4	584
1901	5	902
1901	6	188
1901	7	409
1901	8	193
1901	9	739
1901	10	282
1901	11	483
1901	12	384
1902	1	329
1902	2	443
1902	3	453
1902	4	785
1902	5	514
1902	6	642
1902	7	2984
1902	8	0
1902	9	1790
1902	10	2847
1902	11	2115
1902	12	432
1903	1	1231
1903	2	1698
1903	3	825
1903	4	486
1903	5	606
1903	6	1283
1903	7	2187
1903	8	335
1903	9	478
1903	10	841
1903	11	228
1903	12	1220
1904	1	105
1904	2	1402
1904	3	57
1904	4	2054
1904	5	1548
1904	6	211
1904	7	1235
1904	8	1037
1904	9	705
1904	10	509
1904	11	327
1904	12	1537
1905	1	406
1905	2	1048
1905	3	1898
1905	4	2483
1905	5	1457
1905	6	1665
1905	7	501
1905	8	143
1905	9	181
1905	10	303
1905	11	1892
1905	12	1192
1906	1	445
1906	2	750
1906	3	301
1906	4	533
1906	5	821
1906	6	689
1906	7	2267
1906	8	719
1906	9	809
1906	10	325
1906	11	485
1906	12	655
1907	1	394
1907	2	1330
1907	3	659
1907	4	714
1907	5	2877
1907	6	295
1907	7	552
1907	8	698
1907	9	490
1907	10	1857
1907	11	2447
1907	12	807
1908	1	386
1908	2	880
1908	3	289
1908	4	933
1908	5	1856
1908	6	1015
1908	7	780
1908	8	1199
1908	9	1422
1908	10	702
1908	11	446
1908	12	343
1909	1	18
1909	2	366
1909	3	208
1909	4	1113
1909	5	1126
1909	6	751
1909	7	440
1909	8	718
1909	9	251
1909	10	459
1909	11	1044
1909	12	1233
1910	1	284
1910	2	394
1910	3	177
1910	4	927
1910	5	1279
1910	6	272
1910	7	321
1910	8	31
1910	9	428
1910	10	297
1910	11	815
1910	12	1282
1911	1	160
1911	2	643
1911	3	838
1911	4	1535
1911	5	1147
1911	6	290
1911	7	1094
1911	8	224
1911	9	56
1911	10	734
1911	11	577
1911	12	1940
1912	1	187
1912	2	826
1912	3	811
1912	4	1079
1912	5	696
1912	6	577
1912	7	182
1912	8	84
1912	9	205
1912	10	1007
1912	11	305
1912	12	1773
1913	1	489
1913	2	1063
1913	3	1357
1913	4	838
1913	5	711
1913	6	701
1913	7	267
1913	8	744
1913	9	1016
1913	10	1811
1913	11	2412
1913	12	2053
1914	1	76
1914	2	1039
1914	3	1824
1914	4	993
1914	5	2061
1914	6	335
1914	7	183
1914	8	2088
1914	9	531
1914	10	406
1914	11	1629
1914	12	2102
1915	1	1119
1915	2	499
1915	3	732
1915	4	1968
1915	5	748
1915	6	84
1915	7	363
1915	8	1734
1915	9	939
1915	10	241
1915	11	348
1915	12	1594
1916	1	660
1916	2	51
1916	3	23
1916	4	337
1916	5	1466
1916	6	560
1916	7	827
1916	8	562
1916	9	371
1916	10	543
1916	11	727
1916	12	178
1917	1	575
1917	2	628
1917	3	285
1917	4	537
1917	5	875
1917	6	183
1917	7	381
1917	8	196
1917	9	711
1917	10	115
1917	11	284
1917	12	64
1918	1	142
1918	2	1141
1918	3	447
1918	4	1482
1918	5	252
1918	6	260
1918	7	411
1918	8	336
1918	9	613
1918	10	1037
1918	11	1854
1918	12	1120
1919	1	1105
1919	2	643
1919	3	811
1919	4	429
1919	5	3188
1919	6	3072
1919	7	1384
1919	8	1829
1919	9	952
1919	10	2523
1919	11	431
1919	12	503
1920	1	2059
1920	2	276
1920	3	243
1920	4	534
1920	5	1004
1920	6	1024
1920	7	1464
1920	8	2055
1920	9	767
1920	10	1224
1920	11	767
1920	12	887
1921	1	534
1921	2	454
1921	3	1034
1921	4	1680
1921	5	285
1921	6	2968
1921	7	522
1921	8	5
1921	9	1136
1921	10	28
1921	11	435
1921	12	1021
1922	1	1727
1922	2	772
1922	3	1785
1922	4	1242
1922	5	2083
1922	6	645
1922	7	186
1922	8	531
1922	9	293
1922	10	564
1922	11	737
1922	12	145
1923	1	472
1923	2	1759
1923	3	1211
1923	4	1211
1923	5	1192
1923	6	301
1923	7	452
1923	8	1710
1923	9	1048
1923	10	1311
1923	11	1667
1923	12	2246
1924	1	1036
1924	2	1610
1924	3	691
1924	4	1645
1924	5	2019
1924	6	489
1924	7	157
1924	8	13
1924	9	372
1924	10	30
1924	11	283
1924	12	540
1925	1	442
1925	2	100
1925	3	96
1925	4	333
1925	5	197
1925	6	336
1925	7	144
1925	8	309
1925	9	869
1925	10	3735
1925	11	714
1925	12	447
1926	1	1258
1926	2	89
1926	3	1940
1926	4	1609
1926	5	873
1926	6	868
1926	7	828
1926	8	391
1926	9	283
1926	10	1576
1926	11	865
1926	12	1964
1927	1	305
1927	2	135
1927	3	1272
1927	4	1098
1927	5	501
1927	6	1820
1927	7	1073
1927	8	0
1927	9	323
1927	10	2362
1927	11	201
1927	12	915
1928	1	105
1928	2	924
1928	3	707
1928	4	596
1928	5	254
1928	6	1052
1928	7	647
1928	8	321
1928	9	1103
1928	10	724
1928	11	1288
1928	12	1075
1929	1	837
1929	2	499
1929	3	810
1929	4	2129
1929	5	2075
1929	6	617
1929	7	1230
1929	8	92
1929	9	152
1929	10	732
1929	11	2189
1929	12	433
1930	1	1369
1930	2	525
1930	3	671
1930	4	285
1930	5	967
1930	6	104
1930	7	351
1930	8	633
1930	9	1245
1930	10	1493
1930	11	1261
1930	12	1365
1931	1	871
1931	2	1484
1931	3	880
1931	4	364
1931	5	620
1931	6	103
1931	7	1039
1931	8	219
1931	9	71
1931	10	777
1931	11	377
1931	12	1799
1932	1	2787
1932	2	1217
1932	3	677
1932	4	328
1932	5	203
1932	6	922
1932	7	295
1932	8	599
1932	9	1423
1932	10	81
1932	11	198
1932	12	1348
1933	1	905
1933	2	687
1933	3	776
1933	4	333
1933	5	1001
1933	6	479
1933	7	879
1933	8	794
1933	9	763
1933	10	266
1933	11	151
1933	12	892
1934	1	1685
1934	2	923
1934	3	888
1934	4	958
1934	5	408
1934	6	84
1934	7	466
1934	8	130
1934	9	1207
1934	10	166
1934	11	1523
1934	12	1105
1935	1	367
1935	2	856
1935	3	1047
1935	4	861
1935	5	3126
1935	6	696
1935	7	292
1935	8	841
1935	9	1436
1935	10	356
1935	11	1024
1935	12	1771
1936	1	178
1936	2	368
1936	3	214
1936	4	856
1936	5	2914
1936	6	237
1936	7	2436
1936	8	171
1936	9	904
1936	10	475
1936	11	664
1936	12	387
1937	1	1135
1937	2	85
1937	3	876
1937	4	328
1937	5	46
1937	6	554
1937	7	102
1937	8	602
1937	9	602
1937	10	1582
1937	11	718
1937	12	819
1938	1	694
1938	2	590
1938	3	531
1938	4	1371
1938	5	1005
1938	6	1045
1938	7	619
1938	8	10
1938	9	493
1938	10	264
1938	11	501
1938	12	1288
1939	1	921
1939	2	1003
1939	3	245
1939	4	217
1939	5	1040
1939	6	697
1939	7	785
1939	8	692
1939	9	272
1939	10	249
1939	11	562
1939	12	529
1940	1	274
1940	2	715
1940	3	182
1940	4	468
1940	5	1332
1940	6	1575
1940	7	894
1940	8	500
1940	9	743
1940	10	884
1940	11	3611
1940	12	2106
1941	1	376
1941	2	1079
1941	3	1636
1941	4	1765
1941	5	1128
1941	6	2155
1941	7	1857
1941	8	926
1941	9	376
1941	10	1775
1941	11	380
1941	12	446
1942	1	230
1942	2	267
1942	3	379
1942	4	1720
1942	5	308
1942	6	1379
1942	7	1666
1942	8	502
1942	9	637
1942	10	716
1942	11	1046
1942	12	521
1943	1	781
1943	2	130
1943	3	628
1943	4	64
1943	5	1678
1943	6	226
1943	7	2093
1943	8	181
1943	9	735
1943	10	399
1943	11	923
1943	12	716
1944	1	1768
1944	2	928
1944	3	1113
1944	4	144
1944	5	1811
1944	6	302
1944	7	201
1944	8	1757
1944	9	439
1944	10	84
1944	11	2523
1944	12	1143
1945	1	758
1945	2	1169
1945	3	2075
1945	4	869
1945	5	1387
1945	6	1330
1945	7	449
1945	8	2710
1945	9	426
1945	10	935
1945	11	328
1945	12	718
1946	1	1502
1946	2	719
1946	3	2451
1946	4	746
1946	5	1465
1946	6	1162
1946	7	344
1946	8	973
1946	9	882
1946	10	848
1946	11	2016
1946	12	556
1947	1	1078
1947	2	257
1947	3	576
1947	4	443
1947	5	1125
1947	6	985
1947	7	622
1947	8	2682
1947	9	94
1947	10	79
1947	11	1440
1947	12	1085
1948	1	798
1948	2	666
1948	3	570
1948	4	460
1948	5	836
1948	6	127
1948	7	427
1948	8	137
1948	9	363
1948	10	41
1948	11	516
1948	12	227
1949	1	1892
1949	2	1409
1949	3	819
1949	4	1627
1949	5	86
1949	6	1636
1949	7	415
1949	8	266
1949	9	1286
1949	10	2054
1949	11	74
1949	12	1600
1950	1	728
1950	2	866
1950	3	338
1950	4	1950
1950	5	675
1950	6	1793
1950	7	272
1950	8	889
1950	9	1343
1950	10	107
1950	11	148
1950	12	485
1951	1	238
1951	2	534
1951	3	751
1951	4	216
1951	5	889
1951	6	666
1951	7	792
1951	8	358
1951	9	1321
1951	10	516
1951	11	952
1951	12	391
1952	1	386
1952	2	730
1952	3	509
1952	4	1242
1952	5	1732
1952	6	110
1952	7	764
1952	8	224
1952	9	691
1952	10	5
1952	11	1992
1952	12	1245
1953	1	407
1953	2	1089
1953	3	115
1953	4	1046
1953	5	1336
1953	6	561
1953	7	382
1953	8	1616
1953	9	544
1953	10	975
1953	11	1010
1953	12	1003
1954	1	348
1954	2	104
1954	3	92
1954	4	597
1954	5	843
1954	6	130
1954	7	381
1954	8	324
1954	9	62
1954	10	730
1954	11	663
1954	12	501
1955	1	575
1955	2	1244
1955	3	107
1955	4	710
1955	5	1002
1955	6	1073
1955	7	8
1955	8	1263
1955	9	222
1955	10	86
1955	11	234
1955	12	586
1956	1	521
1956	2	648
1956	3	332
1956	4	548
1956	5	635
1956	6	437
1956	7	60
1956	8	234
1956	9	176
1956	10	493
1956	11	490
1956	12	1291
1957	1	483
1957	2	510
1957	3	1273
1957	4	2342
1957	5	602
1957	6	1126
1957	7	206
1957	8	109
1957	9	1943
1957	10	1705
1957	11	1330
1957	12	572
1958	1	1141
1958	2	640
1958	3	357
1958	4	743
1958	5	869
1958	6	222
1958	7	787
1958	8	256
1958	9	1470
1958	10	1033
1958	11	994
1958	12	579
1959	1	51
1959	2	933
1959	3	290
1959	4	2118
1959	5	1589
1959	6	823
1959	7	269
1959	8	894
1959	9	571
1959	10	1791
1959	11	848
1959	12	1071
1960	1	673
1960	2	1490
1960	3	181
1960	4	1824
1960	5	145
1960	6	2417
1960	7	1422
1960	8	1100
1960	9	67
1960	10	2341
1960	11	1798
1960	12	1315
1961	1	803
1961	2	1713
1961	3	377
1961	4	704
1961	5	305
1961	6	2354
1961	7	1196
1961	8	364
1961	9	2755
1961	10	352
1961	11	1862
1961	12	594
1962	1	640
1962	2	185
1962	3	260
1962	4	727
1962	5	210
1962	6	1202
1962	7	254
1962	8	97
1962	9	1169
1962	10	982
1962	11	1110
1962	12	1540
1963	1	368
1963	2	566
1963	3	241
1963	4	673
1963	5	611
1963	6	958
1963	7	201
1963	8	122
1963	9	386
1963	10	97
1963	11	1117
1963	12	766
1964	1	895
1964	2	813
1964	3	1083
1964	4	559
1964	5	951
1964	6	640
1964	7	345
1964	8	290
1964	9	1231
1964	10	564
1964	11	1038
1964	12	541
1965	1	1132
1965	2	1533
1965	3	275
1965	4	596
1965	5	3752
1965	6	348
1965	7	104
1965	8	912
1965	9	873
1965	10	716
1965	11	1567
1965	12	1836
1966	1	766
1966	2	1194
1966	3	348
1966	4	808
1966	5	1398
1966	6	84
1966	7	198
1966	8	735
1966	9	1811
1966	10	290
1966	11	262
1966	12	569
1967	1	289
1967	2	347
1967	3	348
1967	4	603
1967	5	1339
1967	6	8
1967	7	286
1967	8	1177
1967	9	1105
1967	10	984
1967	11	209
1967	12	699
1968	1	1322
1968	2	382
1968	3	609
1968	4	1492
1968	5	2164
1968	6	2282
1968	7	1149
1968	8	343
1968	9	1905
1968	10	691
1968	11	1547
1968	12	943
1969	1	259
1969	2	1433
1969	3	1197
1969	4	1310
1969	5	714
1969	6	389
1969	7	309
1969	8	945
1969	9	1576
1969	10	1030
1969	11	563
1969	12	806
1970	1	462
1970	2	660
1970	3	1232
1970	4	884
1970	5	2023
1970	6	5
1970	7	145
1970	8	160
1970	9	2463
1970	10	1961
1970	11	142
1970	12	187
1971	1	48
1971	2	481
1971	3	65
1971	4	280
1971	5	702
1971	6	447
1971	7	412
1971	8	1085
1971	9	929
1971	10	815
1971	11	487
1971	12	1456
1972	1	559
1972	2	224
1972	3	142
1972	4	2118
1972	5	1690
1972	6	1117
1972	7	692
1972	8	996
1972	9	528
1972	10	1571
1972	11	1490
1972	12	534
1973	1	1194
1973	2	1069
1973	3	1781
1973	4	1542
1973	5	540
1973	6	2312
1973	7	592
1973	8	1076
1973	9	1264
1973	10	1930
1973	11	412
1973	12	577
1974	1	1689
1974	2	251
1974	3	733
1974	4	545
1974	5	757
1974	6	276
1974	7	346
1974	8	2846
1974	9	1598
1974	10	705
1974	11	1598
1974	12	554
1975	1	554
1975	2	610
1975	3	305
1975	4	1480
1975	5	1719
1975	6	1415
1975	7	411
1975	8	1394
1975	9	1217
1975	10	831
1975	11	288
1975	12	430
1976	1	229
1976	2	145
1976	3	585
1976	4	1867
1976	5	963
1976	6	1123
1976	7	1144
1976	8	50
1976	9	1501
1976	10	1731
1976	11	699
1976	12	1695
1977	1	574
1977	2	917
1977	3	605
1977	4	1501
1977	5	968
1977	6	1402
1977	7	211
1977	8	153
1977	9	495
1977	10	199
1977	11	1122
1977	12	339
1978	1	1350
1978	2	960
1978	3	138
1978	4	114
1978	5	1131
1978	6	1240
1978	7	413
1978	8	375
1978	9	2764
1978	10	124
1978	11	1849
1978	12	596
1979	1	1447
1979	2	882
1979	3	904
1979	4	1126
1979	5	2028
1979	6	1824
1979	7	496
1979	8	343
1979	9	1613
1979	10	577
1979	11	532
1979	12	1123
1980	1	1218
1980	2	501
1980	3	669
1980	4	319
1980	5	1252
1980	6	640
1980	7	23
1980	8	13
1980	9	1759
1980	10	975
1980	11	811
1980	12	218
1981	1	663
1981	2	491
1981	3	427
1981	4	806
1981	5	1669
1981	6	2197
1981	7	977
1981	8	716
1981	9	655
1981	10	1073
1981	11	2132
1981	12	209
1982	1	269
1982	2	488
1982	3	734
1982	4	1017
1982	5	1877
1982	6	893
1982	7	38
1982	8	155
1982	9	483
1982	10	1794
1982	11	1031
1982	12	1348
1983	1	738
1983	2	990
1983	3	1871
1983	4	54
1983	5	2231
1983	6	332
1983	7	810
1983	8	1133
1983	9	688
1983	10	612
1983	11	851
1983	12	816
1984	1	501
1984	2	613
1984	3	1053
1984	4	104
1984	5	1153
1984	6	519
1984	7	619
1984	8	295
1984	9	482
1984	10	2401
1984	11	671
1984	12	1320
1985	1	1294
1985	2	977
1985	3	962
1985	4	734
1985	5	980
1985	6	790
1985	7	282
1985	8	56
1985	9	1225
1985	10	1089
1985	11	2180
1985	12	485
1986	1	416
1986	2	546
1986	3	247
1986	4	530
1986	5	2404
1986	6	3031
1986	7	38
1986	8	1007
1986	9	1072
1986	10	936
1986	11	1140
1986	12	1595
1987	1	376
1987	2	1197
1987	3	462
1987	4	195
1987	5	1125
1987	6	3209
1987	7	636
1987	8	246
1987	9	1477
1987	10	94
1987	11	1389
1987	12	942
1988	1	117
1988	2	487
1988	3	1106
1988	4	759
1988	5	1100
1988	6	294
1988	7	1992
1988	8	708
1988	9	220
1988	10	501
1988	11	237
1988	12	527
1989	1	2014
1989	2	194
1989	3	1177
1989	4	335
1989	5	1150
1989	6	1509
1989	7	492
1989	8	1077
1989	9	399
1989	10	972
1989	11	511
1989	12	139
1990	1	1056
1990	2	959
1990	3	1038
1990	4	967
1990	5	476
1990	6	150
1990	7	703
1990	8	24
1990	9	1245
1990	10	1027
1990	11	739
1990	12	734
1991	1	1982
1991	2	855
1991	3	777
1991	4	1743
1991	5	1897
1991	6	1104
1991	7	301
1991	8	1435
1991	9	2741
1991	10	180
1991	11	615
1991	12	1998
1992	1	1537
1992	2	2343
1992	3	1003
1992	4	1080
1992	5	2032
1992	6	1823
1992	7	823
1992	8	636
1992	9	400
1992	10	384
1992	11	1512
1992	12	1242
1993	1	1468
1993	2	496
1993	3	699
1993	4	996
1993	5	801
1993	6	1272
1993	7	48
1993	8	13
1993	9	308
1993	10	1877
1993	11	1203
1993	12	632
1994	1	486
1994	2	866
1994	3	676
1994	4	704
1994	5	741
1994	6	395
1994	7	46
1994	8	2116
1994	9	1194
1994	10	4448
1994	11	246
1994	12	1154
1995	1	1087
1995	2	478
1995	3	1153
1995	4	762
1995	5	1750
1995	6	841
1995	7	545
1995	8	581
1995	9	1484
1995	10	717
1995	11	610
1995	12	730
1996	1	52
1996	2	78
1996	3	340
1996	4	955
1996	5	142
1996	6	884
1996	7	455
1996	8	2094
1996	9	2035
1996	10	302
1996	11	841
1996	12	772
1997	1	1133
1997	2	1410
1997	3	883
1997	4	1844
1997	5	617
1997	6	1027
1997	7	269
1997	8	1612
1997	9	1366
1997	10	1394
1997	11	1340
1997	12	918
1998	1	375
1998	2	1506
1998	3	379
1998	4	510
1998	5	23
1998	6	1000
1998	7	239
1998	8	1095
1998	9	3948
1998	10	3868
1998	11	2544
1998	12	918
1999	1	660
1999	2	56
1999	3	743
1999	4	291
1999	5	1329
1999	6	1296
1999	7	615
1999	8	107
1999	9	137
1999	10	244
1999	11	191
1999	12	404
2000	1	920
2000	2	382
2000	3	645
2000	4	553
2000	5	2674
2000	6	1147
2000	7	89
2000	8	501
2000	9	1126
2000	10	800
2000	11	2518
2000	12	642
2001	1	1087
2001	2	374
2001	3	2211
2001	4	161
2001	5	859
2001	6	1841
2001	7	632
2001	8	942
2001	9	1918
2001	10	1369
2001	11	698
2001	12	914
2002	1	325
2002	2	328
2002	3	237
2002	4	960
2002	5	254
2002	6	1343
2002	7	1682
2002	8	723
2002	9	883
2002	10	4333
2002	11	2034
2002	12	2847
2003	1	479
2003	2	1604
2003	3	442
2003	4	275
2003	5	290
2003	6	1659
2003	7	1113
2003	8	973
2003	9	1664
2003	10	571
2003	11	580
2003	12	304
2004	1	1280
2004	2	1547
2004	3	575
2004	4	1057
2004	5	1018
2004	6	3986
2004	7	1010
2004	8	420
2004	9	354
2004	10	905
2004	11	2700
2004	12	278
2005	1	1125
2005	2	1195
2005	3	591
2005	4	176
2005	5	1243
2005	6	623
2005	7	1740
2005	8	119
2005	9	284
2005	10	993
2005	11	601
2005	12	559
2006	1	430
2006	2	716
2006	3	1028
2006	4	568
2006	5	528
2006	6	1148
2006	7	394
2006	8	239
2006	9	1348
2006	10	1826
2006	11	69
2006	12	1310
2007	1	2915
2007	2	50
2007	3	2090
2007	4	688
2007	5	1276
2007	6	1466
2007	7	2130
2007	8	803
2007	9	604
2007	10	569
2007	11	1081
2007	12	721
2008	1	737
2008	2	620
2008	3	833
2008	4	540
2008	5	1155
2008	6	129
2008	7	368
2008	8	1146
2008	9	734
2008	10	509
2008	11	1260
2008	12	329
2009	1	201
2009	2	304
2009	3	846
2009	4	2421
2009	5	185
2009	6	0
2009	7	253
2009	8	713
2009	9	1493
2009	10	3020
2009	11	706
2009	12	984
2010	1	756
2010	2	1370
2010	3	612
2010	4	255
2010	5	694
2010	6	1266
2010	7	757
2010	8	150
2010	9	1585
2010	10	8
2010	11	361
2010	12	325
2011	1	1054
2011	2	206
2011	3	204
2011	4	5
2011	5	555
2011	6	730
2011	7	114
2011	8	160
2011	9	383
2011	10	437
2011	11	980
2011	12	963
2012	1	763
2012	2	2066
2012	3	1613
2012	4	175
2012	5	692
2012	6	641
2012	7	2247
2012	8	739
2012	9	693
2012	10	317
2012	11	188
2012	12	370
2013	1	1120
2013	2	518
2013	3	378
2013	4	922
2013	5	442
2013	6	667
2013	7	811
2013	8	843
2013	9	1714
2013	10	2616
2013	11	1027
2013	12	338
2014	1	635
2014	2	549
2014	3	869
2014	4	238
2014	5	3193
2014	6	558
2014	7	369
2014	8	473
2014	9	580
2014	10	528
2014	11	2210
2014	12	593
2015	1	1055
2015	2	568
2015	3	3054
2015	4	1756
2015	5	3833
2015	6	2107
2015	7	757
2015	8	775
2015	9	593
2015	10	2203
