1893	1	19
1893	2	63
1893	4	0
1893	5	127
1893	6	9
1893	7	349
1893	8	821
1893	9	750
1893	10	8
1893	11	4
1893	12	30
1894	1	16
1894	2	31
1894	3	86
1894	4	0
1894	5	4
1894	6	13
1894	7	217
1894	8	492
1894	10	128
1894	11	0
1894	12	78
1895	1	92
1895	2	116
1895	3	0
1895	4	0
1895	5	163
1895	6	280
1895	7	479
1895	8	600
1895	9	104
1895	10	200
1895	11	87
1895	12	24
1896	1	59
1896	2	30
1896	3	1
1896	4	0
1896	5	0
1896	6	190
1896	7	495
1896	8	265
1896	9	188
1896	10	843
1896	11	16
1896	12	48
1897	1	274
1897	2	0
1897	3	24
1897	4	1
1897	5	184
1897	6	104
1897	7	401
1897	8	536
1897	9	564
1897	10	157
1897	11	27
1897	12	22
1898	1	120
1898	2	23
1898	3	53
1898	4	79
1898	5	0
1898	6	543
1898	7	680
1898	8	751
1898	9	276
1898	10	15
1898	11	202
1898	12	205
1899	1	113
1899	2	19
1899	3	30
1899	4	1
1899	5	0
1899	6	69
1899	7	789
1899	8	235
1899	9	235
1899	10	63
1899	11	98
1899	12	99
1900	1	18
1900	2	77
1900	3	15
1900	4	33
1900	5	163
1900	6	95
1900	7	407
1900	8	373
1900	9	630
1900	10	171
1900	11	64
1900	12	5
1901	1	63
1901	2	221
1901	3	34
1901	4	37
1901	5	15
1901	6	141
1901	7	479
1901	8	250
1901	9	206
1901	10	544
1901	11	403
1901	12	68
1902	1	6
1902	2	20
1902	3	10
1902	4	0
1902	5	16
1902	6	44
1902	7	333
1902	8	709
1902	9	182
1902	10	102
1902	11	75
1902	12	197
1903	1	65
1903	2	17
1903	3	68
1903	4	17
1903	5	110
1903	6	398
1903	7	59
1903	8	223
1903	9	244
1903	10	29
1903	11	0
1903	12	14
1904	1	36
1904	2	11
1904	3	0
1904	4	1
1904	5	2
1904	6	213
1904	7	289
1904	8	398
1904	9	715
1904	10	392
1904	11	61
1904	12	120
1905	1	246
1905	2	415
1905	3	855
1905	4	466
1905	5	0
1905	6	610
1905	7	942
1905	8	330
1905	9	681
1905	10	246
1905	11	650
1905	12	285
1906	1	181
1906	2	289
1906	3	46
1906	4	114
1906	5	50
1906	6	0
1906	7	461
1906	8	459
1906	9	356
1906	10	173
1906	11	270
1906	12	437
1907	1	133
1907	2	13
1907	3	2
1907	4	11
1907	5	48
1907	6	230
1907	7	397
1907	8	508
1907	9	251
1907	10	433
1907	11	236
1907	12	8
1908	1	81
1908	2	27
1908	3	26
1908	4	87
1908	5	9
1908	6	13
1908	7	793
1908	8	781
1908	9	107
1908	10	19
1908	11	109
1908	12	3
1909	1	5
1909	2	30
1909	3	165
1909	4	0
1909	5	3
1909	6	99
1909	7	43
1909	8	30
1909	9	20
1909	10	10
1909	11	0
1909	12	208
1910	1	0
1910	2	0
1910	3	3
1910	4	0
1910	5	0
1910	6	428
1910	7	76
1910	8	281
1910	9	64
1910	10	50
1910	11	152
1910	12	13
1911	1	81
1911	2	412
1911	3	314
1911	4	140
1911	5	137
1911	6	248
1911	7	942
1911	8	157
1911	9	280
1911	10	189
1911	11	18
1911	12	114
1912	1	15
1912	2	35
1912	3	66
1912	4	132
1912	5	0
1912	6	371
1912	7	250
1912	8	1100
1912	9	490
1912	10	495
1912	11	46
1912	12	107
1913	1	99
1913	2	153
1913	3	25
1913	4	112
1913	5	0
1913	6	458
1913	7	254
1913	8	293
1913	9	350
1913	10	0
1913	11	362
1913	12	216
1914	1	0
1914	2	53
1914	3	13
1914	4	102
1914	5	390
1914	6	627
1914	7	671
1914	8	533
1914	9	194
1914	10	313
1914	11	277
1914	12	964
1915	1	188
1915	2	178
1915	3	558
1915	4	294
1915	5	5
1915	6	0
1915	7	818
1915	8	253
1915	9	642
1915	10	10
1915	11	0
1915	12	112
1916	1	188
1916	2	0
1916	3	135
1916	4	10
1916	5	130
1916	6	0
1916	7	282
1916	8	845
1916	9	20
1916	10	402
1916	11	99
1916	12	0
1917	1	41
1917	2	0
1917	3	64
1917	4	0
1917	5	33
1917	6	0
1917	7	218
1917	8	722
1917	9	0
1917	10	0
1917	11	0
1917	12	0
1918	1	23
1918	2	0
1918	3	0
1918	4	0
1918	5	0
1918	6	487
1918	7	216
1918	8	168
1918	9	203
1918	10	203
1918	11	109
1918	12	134
1919	1	15
1919	2	0
1919	3	197
1919	4	248
1919	5	51
1919	6	216
1919	7	369
1919	8	331
1919	9	947
1919	10	252
1919	11	77
1919	12	59
1920	1	124
1920	2	176
1920	3	101
1920	4	0
1920	5	13
1920	6	691
1920	7	102
1920	8	308
1920	9	38
1920	10	356
1920	11	10
1920	12	0
1921	1	0
1921	2	56
1921	3	0
1921	4	0
1921	5	228
1921	6	300
1921	7	389
1921	8	203
1921	9	364
1921	10	86
1921	11	76
1921	12	89
1922	1	165
1922	2	0
1922	3	0
1922	4	64
1922	5	140
1922	6	56
1922	7	295
1922	8	211
1922	9	229
1922	10	237
1922	11	64
1922	12	28
1923	1	23
1923	2	368
1923	3	175
1923	4	61
1923	5	0
1923	6	51
1923	7	432
1923	8	500
1923	9	132
1923	10	104
1923	11	145
1923	12	223
1924	1	61
1924	2	0
1924	3	120
1924	4	64
1924	5	0
1924	6	0
1924	7	177
1924	8	201
1924	9	241
1924	10	74
1924	11	20
1924	12	0
1925	1	74
1925	2	33
1925	3	0
1925	4	0
1925	5	166
1925	6	38
1925	7	900
1925	8	547
1925	9	241
1925	10	470
1925	11	0
1925	12	140
1926	1	233
1926	2	0
1926	3	579
1926	4	38
1926	5	536
1926	6	0
1926	7	1329
1926	8	420
1926	9	721
1926	10	332
1926	11	0
1926	12	320
1927	1	0
1927	2	81
1927	3	203
1927	4	0
1927	5	0
1927	6	384
1927	7	41
1927	8	940
1927	9	559
1927	10	0
1927	11	0
1927	12	147
1928	1	0
1928	2	242
1928	3	0
1928	4	13
1928	5	332
1928	6	0
1928	7	104
1928	8	958
1928	9	152
1928	10	178
1928	11	178
1928	12	101
1929	1	0
1929	2	183
1929	3	217
1929	4	13
1929	5	333
1929	6	0
1929	7	535
1929	8	856
1929	9	25
1929	10	897
1929	11	224
1929	12	64
1930	1	114
1930	2	0
1930	3	0
1930	4	173
1930	5	64
1930	6	56
1930	7	374
1930	8	191
1930	9	0
1930	10	256
1930	11	255
1930	12	140
1931	1	318
1931	2	264
1931	3	25
1931	4	454
1931	5	30
1931	6	0
1931	7	788
1931	8	1053
1931	9	166
1931	10	76
1931	11	405
1931	12	173
1932	1	145
1932	2	102
1932	3	71
1932	4	0
1932	5	152
1932	6	76
1932	7	532
1932	8	355
1932	9	737
1932	10	228
1932	11	0
1932	12	76
1933	1	152
1933	2	127
1933	3	0
1933	4	25
1933	5	61
1933	6	600
1933	7	699
1933	8	280
1933	9	51
1933	10	102
1933	11	38
1933	12	0
1934	1	20
1934	2	0
1934	3	16
1934	4	0
1934	5	18
1934	6	0
1934	7	18
1934	8	475
1934	9	0
1934	10	84
1934	11	25
1934	12	89
1935	1	51
1935	2	112
1935	3	0
1935	4	0
1935	5	56
1935	6	432
1935	7	181
1935	8	1024
1935	9	256
1935	10	102
1935	11	216
1935	12	236
1936	1	119
1936	2	76
1936	3	0
1936	4	26
1936	5	432
1936	6	25
1936	7	279
1936	8	223
1936	9	924
1936	10	101
1936	11	152
1936	12	191
1937	1	0
1937	2	177
1937	3	216
1937	4	0
1937	5	426
1937	6	254
1937	7	38
1937	8	503
1937	9	393
1937	10	255
1937	11	0
1937	12	132
1938	1	457
1938	2	117
1938	3	84
1938	4	0
1938	5	21
1938	6	367
1938	7	145
1938	8	173
1938	9	836
1938	10	106
1938	11	5
1938	12	39
1939	1	265
1939	2	5
1939	3	135
1939	4	356
1939	5	5
1939	6	28
1939	7	239
1939	8	112
1939	9	509
1939	10	304
1939	11	191
1939	12	102
1940	1	204
1940	2	356
1940	3	0
1940	4	0
1940	5	152
1940	6	239
1940	7	511
1940	8	223
1940	9	323
1940	10	386
1940	11	212
1940	12	56
1941	1	120
1941	2	99
1941	3	302
1941	4	315
1941	5	486
1941	6	431
1941	7	331
1941	8	343
1941	9	1663
1941	10	521
1941	11	0
1941	12	69
1942	1	0
1942	2	109
1942	3	79
1942	4	487
1942	5	0
1942	6	0
1942	7	338
1942	8	426
1942	9	308
1942	10	493
1942	11	0
1942	12	305
1943	1	0
1943	2	0
1943	3	89
1943	4	0
1943	5	208
1943	6	1004
1943	7	355
1943	8	344
1943	9	178
1943	10	0
1943	11	203
1943	12	342
1944	1	236
1944	2	191
1944	3	20
1944	4	0
1944	5	302
1944	6	74
1944	7	481
1944	8	507
1944	9	290
1944	10	189
1944	11	112
1944	12	137
1945	1	74
1945	2	56
1945	3	0
1945	4	0
1945	5	0
1945	6	5
1945	7	84
1945	8	313
1945	9	46
1945	10	585
1945	11	0
1945	12	46
1946	1	229
1946	2	0
1946	3	0
1946	4	0
1946	5	36
1946	6	475
1946	7	176
1946	8	363
1946	9	563
1946	10	274
1946	11	30
1946	12	165
1947	1	114
1947	2	0
1947	3	56
1947	4	15
1947	5	112
1947	6	191
1947	7	25
1947	8	522
1947	9	5
1947	10	378
1947	11	178
1947	12	196
1948	1	81
1948	2	221
1948	3	0
1948	4	8
1948	5	262
1948	6	379
1948	7	117
1948	8	623
1948	9	132
1948	10	95
1948	11	23
1948	12	58
1949	1	398
1949	2	140
1949	3	0
1949	4	99
1949	5	82
1949	6	76
1949	7	468
1949	8	150
1949	9	657
1949	10	297
1949	11	0
1949	12	172
1950	1	41
1950	2	71
1950	3	0
1950	4	0
1950	5	0
1950	6	178
1950	7	967
1950	8	122
1950	9	238
1950	10	236
1950	11	0
1950	12	0
1951	1	41
1951	2	112
1951	3	97
1951	4	15
1951	5	30
1951	6	36
1951	7	195
1951	8	128
1951	9	54
1951	10	116
1951	11	6
1951	12	105
1952	1	13
1952	2	135
1952	3	43
1952	4	272
1952	5	84
1952	6	419
1952	7	455
1952	8	415
1952	9	92
1952	10	23
1952	11	168
1952	12	139
1953	1	0
1953	2	88
1953	3	328
1953	4	200
1953	5	0
1953	6	239
1953	7	145
1953	8	303
1953	9	0
1953	10	224
1953	11	0
1953	12	0
1954	1	10
1954	2	0
1954	3	0
1954	4	0
1954	5	43
1954	6	109
1954	7	134
1954	8	678
1954	9	132
1954	10	144
1954	11	0
1954	12	13
1955	1	184
1955	2	0
1955	3	38
1955	4	0
1955	5	0
1955	6	30
1955	7	1827
1955	8	102
1955	9	178
1955	10	493
1955	11	0
1955	12	0
1956	1	0
1956	2	0
1956	3	0
1956	4	0
1956	5	0
1956	6	51
1956	7	87
1956	8	515
1956	9	0
1956	10	0
1956	11	0
1956	12	0
1957	1	178
1957	2	242
1957	3	114
1957	4	0
1957	5	0
1957	6	0
1957	7	286
1957	8	500
1957	9	0
1957	10	546
1957	11	183
1957	12	0
1958	1	221
1958	2	51
1958	3	89
1958	4	97
1958	5	140
1958	6	199
1958	7	368
1958	8	320
1958	9	757
1958	10	229
1958	11	0
1958	12	0
1959	1	0
1959	2	0
1959	3	0
1959	4	0
1959	5	156
1959	6	147
1959	7	53
1959	8	520
1959	9	0
1959	10	56
1959	11	0
1959	12	106
1960	1	203
1960	2	0
1960	3	0
1960	4	13
1960	5	0
1960	6	77
1960	7	775
1960	8	178
1960	9	89
1960	10	175
1960	11	25
1960	12	333
1961	1	155
1961	2	13
1961	3	103
1961	4	0
1961	5	0
1961	6	163
1961	7	97
1961	8	367
1961	9	310
1961	10	86
1961	11	387
1961	12	142
1962	1	173
1962	2	193
1962	3	10
1962	4	137
1962	5	0
1962	6	83
1962	7	1028
1962	8	8
1962	9	1510
1962	10	195
1962	11	84
1962	12	99
1963	1	61
1963	2	91
1963	3	0
1963	4	0
1963	5	10
1963	6	66
1963	7	193
1963	8	811
1963	9	677
1963	10	330
1963	11	147
1963	12	0
1964	1	33
1964	2	58
1964	3	142
1964	4	0
1964	5	224
1964	6	28
1964	7	236
1964	8	387
1964	9	134
1964	10	25
1964	11	0
1964	12	132
1965	1	50
1965	2	86
1965	3	43
1965	4	41
1965	5	76
1965	6	423
1965	7	236
1965	8	591
1965	9	297
1965	10	61
1965	11	28
1965	12	212
1966	1	130
1966	2	66
1966	3	28
1966	4	322
1966	5	28
1966	6	1538
1966	7	129
1966	8	492
1966	9	161
1966	10	0
1966	11	44
1966	12	43
1967	1	0
1967	2	28
1967	3	0
1967	4	5
1967	5	28
1967	6	932
1967	7	28
1967	8	968
1967	9	501
1967	10	38
1967	11	101
1967	12	281
1968	1	142
1968	2	178
1968	3	292
1968	4	10
1968	5	0
1968	6	10
1968	7	523
1968	8	1086
1968	9	10
1968	10	87
1968	11	262
1968	12	91
1969	1	30
1969	2	33
1969	3	18
1969	4	0
1969	5	181
1969	6	58
1969	7	740
1969	8	656
1969	9	170
1969	10	287
1969	11	36
1969	12	238
1970	1	0
1970	2	0
1970	3	43
1970	4	0
1970	5	31
1970	6	140
1970	7	1001
1970	8	244
1970	9	382
1970	10	110
1970	11	0
1970	12	28
1971	1	5
1971	2	0
1971	3	0
1971	4	201
1971	5	0
1971	6	61
1971	7	549
1971	8	666
1971	9	76
1971	10	0
1971	11	0
1971	12	0
1972	1	254
1972	2	0
1972	3	0
1972	4	0
1972	5	0
1972	6	245
1972	7	358
1972	8	572
1972	9	1432
1972	10	676
1972	11	130
1972	12	0
1973	1	64
1973	2	142
1973	3	125
1973	4	0
1973	5	82
1973	6	205
1973	7	732
1973	8	566
1973	9	0
1973	10	0
1973	11	13
1973	12	0
1974	1	0
1974	2	0
1974	3	15
1974	4	0
1974	5	25
1974	6	21
1974	7	1647
1974	8	357
1974	9	615
1974	10	897
1974	11	76
1974	12	150
1975	1	114
1975	2	102
1975	3	59
1975	4	0
1975	5	200
1975	6	0
1975	7	375
1975	8	306
1975	9	677
1975	10	46
1975	11	16
1975	12	145
1976	1	43
1976	2	216
1976	3	3
1976	4	109
1976	5	315
1976	6	104
1976	7	445
1976	8	90
1976	9	234
1976	10	348
1976	11	229
1976	12	0
1977	1	150
1977	2	25
1977	3	56
1977	4	186
1977	5	13
1977	6	88
1977	7	600
1977	8	432
1977	9	83
1977	10	66
1977	11	21
1977	12	63
1978	1	171
1978	2	87
1978	3	26
1978	4	3
1978	5	457
1978	6	310
1978	7	61
1978	8	647
1978	9	938
1978	10	813
1978	11	559
1978	12	169
1979	1	307
1979	2	120
1979	3	0
1979	4	8
1979	5	441
1979	6	61
1979	7	560
1979	8	719
1979	9	257
1979	10	0
1979	11	3
1979	12	237
1980	1	168
1980	2	233
1980	3	53
1980	4	56
1980	5	142
1980	6	0
1980	7	89
1980	8	486
1980	9	1336
1980	10	225
1980	11	36
1980	12	0
1981	1	84
1981	2	53
1981	3	92
1981	4	173
1981	5	145
1981	6	114
1981	7	550
1981	8	891
1981	9	426
1981	10	256
1981	11	109
1981	12	15
1982	1	90
1982	2	41
1982	3	0
1982	4	10
1982	5	104
1982	6	33
1982	7	196
1982	8	137
1982	9	701
1982	10	735
1982	11	190
1982	12	732
1983	1	28
1983	2	117
1983	3	68
1983	4	257
1983	5	8
1983	6	326
1983	7	323
1983	8	322
1983	9	226
1983	10	898
1983	11	213
1983	12	41
1984	1	191
1984	2	0
1984	3	0
1984	4	0
1984	5	333
1984	6	1200
1984	7	275
1984	8	1619
1984	9	122
1984	10	787
1984	11	221
1984	12	550
1985	1	287
1985	2	87
1985	3	74
1985	4	107
1985	5	21
1985	6	211
1985	7	208
1985	8	698
1985	9	879
1985	10	876
1985	11	13
1985	12	18
1986	1	13
1986	2	89
1986	3	84
1986	4	0
1986	5	67
1986	6	528
1986	7	739
1986	8	622
1986	9	221
1986	10	198
1986	11	704
1986	12	587
1987	1	76
1987	2	58
1987	3	23
1987	4	23
1987	5	157
1987	6	819
1987	7	500
1987	8	875
1987	9	171
1987	10	38
1987	11	161
1987	12	396
1988	1	79
1988	2	76
1988	3	0
1988	4	82
1988	5	546
1988	6	21
1988	7	986
1988	8	1121
1988	9	591
1988	10	71
1988	11	30
1988	12	241
1989	1	76
1989	2	175
1989	3	102
1989	4	0
1989	5	262
1989	6	30
1989	7	421
1989	8	864
1989	9	170
1989	10	0
1989	11	0
1989	12	220
1990	1	191
1990	2	38
1990	3	152
1990	4	178
1990	5	107
1990	6	3
1990	7	297
1990	8	558
1990	9	1193
1990	10	216
1990	11	259
1990	12	79
1991	1	143
1991	2	153
1991	3	0
1991	4	0
1991	5	114
1991	6	140
1991	7	817
1991	8	1451
1991	9	936
1991	10	102
1991	11	211
1991	12	1497
1992	1	191
1992	2	16
1992	3	147
1992	4	308
1992	5	519
1992	6	761
1992	7	63
1992	8	372
1992	9	437
1992	10	69
1992	11	0
1992	12	267
1993	1	422
1993	2	155
1993	3	0
1993	4	0
1993	5	105
1993	6	25
1993	7	483
1993	8	805
1993	9	25
1993	10	68
1993	11	148
1993	12	180
1994	1	33
1994	2	97
1994	3	68
1994	4	81
1994	5	234
1994	6	23
1994	7	679
1994	8	656
1994	9	257
1994	10	195
1994	11	201
1994	12	279
1995	1	193
1995	2	176
1995	3	65
1995	4	0
1995	5	0
1995	6	1415
1995	7	370
1995	8	222
1995	9	712
1995	10	0
1995	11	0
1995	12	74
1996	1	125
1996	2	33
1996	3	0
1996	4	38
1996	5	0
1996	6	653
1996	7	841
1996	8	495
1996	9	1008
1996	10	13
1996	11	0
1996	12	0
1997	1	208
1997	2	71
1997	3	51
1997	4	147
1997	5	115
1997	6	226
1997	7	1273
1997	8	216
1997	9	287
1997	10	300
1997	11	204
1997	12	783
1998	1	10
1998	2	198
1998	3	158
1998	4	23
1998	5	0
1998	6	104
1998	7	588
1998	8	570
1998	9	112
1998	10	1467
1998	11	152
1998	12	132
1999	1	152
1999	2	0
1999	3	155
1999	4	13
1999	5	20
1999	6	203
1999	7	533
1999	8	1112
1999	9	470
1999	10	140
1999	11	0
1999	12	114
2000	1	0
2000	2	84
2000	3	13
2000	4	0
2000	5	3
2000	6	660
2000	7	323
2000	8	657
2000	9	5
2000	10	240
2000	11	272
2000	12	92
2001	1	74
2001	2	61
2001	3	122
2001	4	0
2001	5	218
2001	6	51
2001	7	268
2001	8	219
2001	9	33
2001	10	0
2001	11	171
2001	12	46
2002	1	19
2002	2	216
2002	3	0
2002	4	0
2002	5	10
2002	6	71
2002	7	535
2002	8	106
2002	9	224
2002	10	245
2002	11	0
2002	12	504
2003	1	0
2003	2	321
2003	3	69
2003	4	0
2003	5	0
2003	6	73
2003	7	74
2003	8	203
2003	9	137
2003	10	146
2003	11	133
2003	12	0
2004	1	44
2004	2	23
2004	3	211
2004	4	173
2004	5	3
2004	6	197
2004	7	173
2004	8	416
2004	9	386
2004	10	335
2004	11	691
2004	12	160
2005	1	132
2005	2	338
2005	3	62
2005	4	54
2005	5	133
2005	6	15
2005	7	151
2005	8	764
2005	9	556
2005	10	418
2005	11	5
2005	12	19
2006	1	2
2006	2	21
2006	3	0
2006	4	28
2006	5	25
2006	6	73
2006	7	710
2006	8	1462
2006	9	965
2006	10	573
2006	11	10
2006	12	108
2007	1	12
2007	2	95
2007	3	0
2007	4	86
2007	5	305
2007	6	79
2007	7	663
2007	8	338
2007	9	493
2007	10	29
2007	11	46
2007	12	279
2008	1	0
2008	2	21
2008	3	0
2008	4	0
2008	5	121
2008	6	113
2008	7	1281
2008	8	637
2008	9	499
2008	10	190
2008	11	23
2008	12	118
2009	1	15
2009	2	23
2009	3	30
2009	4	8
2009	5	193
2009	6	115
2009	7	611
2009	8	342
2009	9	436
2009	10	181
2009	11	99
2009	12	255
2010	1	240
2010	2	58
2010	3	51
2010	4	78
2010	5	48
2010	6	94
2010	7	1194
2010	8	796
2010	9	447
2010	10	66
2010	11	0
2010	12	3
2011	1	0
2011	2	0
2011	3	0
2011	4	0
2011	5	0
2011	6	23
2011	7	1044
2011	8	429
2011	9	204
2011	10	33
2011	11	58
2011	12	238
2012	1	417
2012	2	0
2012	3	152
2012	4	0
2012	5	167
2012	6	5
2012	7	365
2012	8	577
2012	9	424
2012	10	117
2012	11	0
2012	12	140
2013	1	76
2013	2	0
2013	3	0
2013	4	0
2013	5	18
2013	6	132
2013	7	404
2013	8	526
2013	9	1145
2013	10	0
2013	11	0
2013	12	58
2014	1	0
2014	2	0
2014	3	61
2014	4	30
2014	5	8
2014	6	0
2014	7	1551
2014	8	689
2014	9	1191
2014	10	89
2014	11	125
2014	12	114
2015	1	189
2015	2	54
2015	3	111
2015	4	13
2015	5	268
2015	6	158
2015	7	680
2015	8	517
2015	9	187
2015	10	572
