1873	1	1440
1873	2	681
1873	3	572
1873	4	754
1873	5	1120
1873	6	66
1873	7	909
1873	8	1717
1873	9	592
1873	10	1384
1873	11	1582
1873	12	1212
1874	1	544
1874	2	381
1874	3	411
1874	4	1885
1874	5	1013
1874	6	815
1874	7	691
1874	8	1796
1874	9	434
1874	10	262
1874	11	569
1874	12	472
1875	1	894
1875	2	879
1875	3	1153
1875	4	937
1875	5	996
1875	6	1803
1875	7	805
1875	8	1613
1875	9	856
1875	10	1044
1875	11	1326
1875	12	183
1876	1	439
1876	2	1168
1876	3	1847
1876	4	1021
1876	5	711
1876	6	452
1876	7	1737
1876	8	447
1876	9	1072
1876	10	465
1876	11	2106
1876	12	841
1877	1	861
1877	2	211
1877	3	2230
1877	4	856
1877	5	861
1877	6	612
1877	7	566
1877	8	1412
1877	9	124
1877	10	2047
1877	11	2103
1877	12	251
1878	1	2278
1878	2	1006
1878	3	1252
1878	4	1511
1878	5	201
1878	6	561
1878	7	848
1878	8	1278
1878	9	643
1878	10	1344
1878	11	1852
1878	12	1209
1879	1	533
1879	2	767
1879	3	904
1879	4	1529
1879	5	216
1879	6	1212
1879	7	770
1879	8	1816
1879	9	478
1879	10	196
1879	11	688
1879	12	998
1880	1	749
1880	2	792
1880	3	716
1880	4	612
1880	5	434
1880	6	183
1880	7	1560
1880	8	640
1880	9	445
1880	10	782
1880	11	566
1880	12	521
1881	1	1303
1881	2	1133
1881	3	1466
1881	4	434
1881	5	696
1881	6	1557
1881	7	759
1881	8	196
1881	9	825
1881	10	706
1881	11	889
1881	12	869
1882	1	1046
1882	2	1054
1882	3	711
1882	4	610
1882	5	1356
1882	6	358
1882	7	734
1882	8	325
1882	9	2332
1882	10	475
1882	11	297
1882	12	478
1883	1	792
1883	2	843
1883	3	432
1883	4	574
1883	5	1080
1883	6	650
1883	7	612
1883	8	71
1883	9	333
1883	10	1354
1883	11	511
1883	12	823
1884	1	1229
1884	2	1621
1884	3	1074
1884	4	1133
1884	5	734
1884	6	1201
1884	7	1389
1884	8	1214
1884	9	107
1884	10	866
1884	11	767
1884	12	1250
1885	1	1354
1885	2	818
1885	3	318
1885	4	879
1885	5	1021
1885	6	1052
1885	7	406
1885	8	1532
1885	9	445
1885	10	1491
1885	11	1631
1885	12	594
1886	1	1821
1886	2	2004
1886	3	902
1886	4	688
1886	5	866
1886	6	351
1886	7	658
1886	8	894
1886	9	770
1886	10	815
1886	11	1024
1886	12	1478
1887	1	1415
1887	2	1128
1887	3	1321
1887	4	1204
1887	5	429
1887	6	528
1887	7	937
1887	8	897
1887	9	343
1887	10	815
1887	11	699
1887	12	930
1888	1	986
1888	2	848
1888	3	1405
1888	4	620
1888	5	1499
1888	6	655
1888	7	503
1888	8	1803
1888	9	2400
1888	10	1153
1888	11	2075
1888	12	1361
1889	1	1651
1889	2	490
1889	3	551
1889	4	1021
1889	5	1214
1889	6	841
1889	7	2344
1889	8	1222
1889	9	1346
1889	10	973
1889	11	1588
1889	12	676
1890	1	640
1890	2	792
1890	3	1941
1890	4	744
1890	5	1473
1890	6	660
1890	7	617
1890	8	856
1890	9	1242
1890	10	2230
1890	11	348
1890	12	1209
1891	1	1773
1891	2	1344
1891	3	1430
1891	4	757
1891	5	521
1891	6	1026
1891	7	874
1891	8	1021
1891	9	780
1891	10	1448
1891	11	686
1891	12	947
1892	1	1130
1892	2	706
1892	3	1003
1892	4	191
1892	5	1544
1892	6	988
1892	7	851
1892	8	1504
1892	9	549
1892	10	607
1892	11	1336
1892	12	328
1893	1	695
1893	2	2055
1893	3	856
1893	4	843
1893	5	1466
1893	6	592
1893	7	533
1893	8	1658
1893	9	469
1893	10	940
1893	11	507
1893	12	1247
1894	1	990
1894	2	967
1894	3	289
1894	4	822
1894	5	1084
1894	6	51
1894	7	846
1894	8	577
1894	9	634
1894	10	1534
1894	11	864
1894	12	1031
1895	1	993
1895	2	225
1895	3	740
1895	4	1169
1895	5	655
1895	6	561
1895	7	903
1895	8	994
1895	9	547
1895	10	2348
1895	11	1953
1895	12	591
1896	1	712
1896	2	1383
1896	3	1405
1896	4	437
1896	5	471
1896	6	757
1896	7	761
1896	8	697
1896	9	1819
1896	10	888
1896	11	917
1896	12	479
1897	1	1039
1897	2	709
1897	3	783
1897	4	820
1897	5	1119
1897	6	1150
1897	7	1113
1897	8	1189
1897	9	817
1897	10	134
1897	11	1713
1897	12	1144
1898	1	1422
1898	2	1417
1898	3	559
1898	4	1568
1898	5	1129
1898	6	600
1898	7	1417
1898	8	1539
1898	9	451
1898	10	1876
1898	11	1885
1898	12	720
1899	1	1165
1899	2	1277
1899	3	1792
1899	4	374
1899	5	232
1899	6	693
1899	7	941
1899	8	967
1899	9	1367
1899	10	715
1899	11	718
1899	12	445
1900	1	1112
1900	2	2220
1900	3	1277
1900	4	570
1900	5	1374
1900	6	736
1900	7	681
1900	8	546
1900	9	1046
1900	10	962
1900	11	1346
1900	12	724
1901	1	438
1901	2	195
1901	3	1842
1901	4	2086
1901	5	1794
1901	6	338
1901	7	1626
1901	8	1045
1901	9	834
1901	10	764
1901	11	718
1901	12	2095
1902	1	502
1902	2	1971
1902	3	1338
1902	4	986
1902	5	306
1902	6	684
1902	7	908
1902	8	753
1902	9	803
1902	10	1216
1902	11	371
1902	12	1404
1903	1	1003
1903	2	1168
1903	3	1682
1903	4	1100
1903	5	200
1903	6	2067
1903	7	900
1903	8	1019
1903	9	753
1903	10	1237
1903	11	389
1903	12	764
1904	1	1432
1904	2	737
1904	3	692
1904	4	2332
1904	5	835
1904	6	700
1904	7	375
1904	8	696
1904	9	1460
1904	10	562
1904	11	460
1904	12	712
1905	1	1394
1905	2	576
1905	3	849
1905	4	782
1905	5	419
1905	6	1367
1905	7	492
1905	8	976
1905	9	1507
1905	10	389
1905	11	638
1905	12	1084
1906	1	927
1906	2	806
1906	3	1885
1906	4	666
1906	5	1379
1906	6	904
1906	7	1051
1906	8	463
1906	9	742
1906	10	943
1906	11	856
1906	12	1363
1907	1	967
1907	2	841
1907	3	619
1907	4	932
1907	5	1031
1907	6	861
1907	7	379
1907	8	455
1907	9	2544
1907	10	926
1907	11	2009
1907	12	1587
1908	1	1143
1908	2	1581
1908	3	1063
1908	4	672
1908	5	1157
1908	6	326
1908	7	1063
1908	8	1412
1908	9	310
1908	10	1103
1908	11	296
1908	12	879
1909	1	1217
1909	2	1678
1909	3	1085
1909	4	1151
1909	5	620
1909	6	1047
1909	7	279
1909	8	1045
1909	9	1469
1909	10	401
1909	11	1244
1909	12	1116
1910	1	1553
1910	2	1445
1910	3	294
1910	4	908
1910	5	516
1910	6	1361
1910	7	490
1910	8	300
1910	9	673
1910	10	428
1910	11	1466
1910	12	738
1911	1	775
1911	2	872
1911	3	831
1911	4	647
1911	5	147
1911	6	976
1911	7	1191
1911	8	1274
1911	9	913
1911	10	818
1911	11	1119
1911	12	927
1912	1	925
1912	2	630
1912	3	1362
1912	4	996
1912	5	1032
1912	6	86
1912	7	1623
1912	8	570
1912	9	436
1912	10	409
1912	11	761
1912	12	1322
1913	1	861
1913	2	688
1913	3	1377
1913	4	1245
1913	5	879
1913	6	264
1913	7	571
1913	8	1158
1913	9	780
1913	10	1644
1913	11	683
1913	12	846
1914	1	1005
1914	2	1101
1914	3	1123
1914	4	1572
1914	5	703
1914	6	438
1914	7	703
1914	8	972
1914	9	89
1914	10	436
1914	11	746
1914	12	1011
1915	1	1751
1915	2	873
1915	3	0
1915	4	743
1915	5	377
1915	6	1377
1915	7	1713
1915	8	1623
1915	9	260
1915	10	737
1915	11	605
1915	12	1354
1916	1	475
1916	2	1436
1916	3	1062
1916	4	1204
1916	5	906
1916	6	1531
1916	7	1316
1916	8	706
1916	9	367
1916	10	323
1916	11	478
1916	12	840
1917	1	936
1917	2	681
1917	3	1222
1917	4	764
1917	5	1351
1917	6	970
1917	7	253
1917	8	1904
1917	9	503
1917	10	1622
1917	11	274
1917	12	597
1918	1	880
1918	2	1026
1918	3	503
1918	4	1143
1918	5	296
1918	6	612
1918	7	998
1918	8	426
1918	9	2372
1918	10	318
1918	11	476
1918	12	959
1919	1	803
1919	2	989
1919	3	1279
1919	4	784
1919	5	1270
1919	6	384
1919	7	1290
1919	8	1206
1919	9	1769
1919	10	648
1919	11	1305
1919	12	508
1920	1	933
1920	2	1816
1920	3	1055
1920	4	1549
1920	5	1218
1920	6	1590
1920	7	447
1920	8	444
1920	9	792
1920	10	313
1920	11	1546
1920	12	1138
1921	1	707
1921	2	967
1921	3	695
1921	4	1651
1921	5	613
1921	6	1185
1921	7	2249
1921	8	375
1921	9	439
1921	10	276
1921	11	1705
1921	12	674
1922	1	418
1922	2	947
1922	3	1383
1922	4	401
1922	5	1354
1922	6	2491
1922	7	868
1922	8	1506
1922	9	1047
1922	10	588
1922	11	303
1922	12	1172
1923	1	2014
1923	2	796
1923	3	874
1923	4	1378
1923	5	252
1923	6	628
1923	7	819
1923	8	396
1923	9	143
1923	10	1037
1923	11	849
1923	12	1356
1924	1	914
1924	2	759
1924	3	599
1924	4	1337
1924	5	765
1924	6	324
1924	7	479
1924	8	1576
1924	9	2228
1924	10	30
1924	11	437
1924	12	414
1925	1	1258
1925	2	502
1925	3	1538
1925	4	681
1925	5	597
1925	6	1153
1925	7	1000
1925	8	378
1925	9	852
1925	10	1039
1925	11	901
1925	12	1532
1926	1	712
1926	2	1610
1926	3	724
1926	4	557
1926	5	719
1926	6	400
1926	7	1069
1926	8	966
1926	9	297
1926	10	958
1926	11	1147
1926	12	964
1927	1	725
1927	2	935
1927	3	363
1927	4	400
1927	5	778
1927	6	558
1927	7	1297
1927	8	1986
1927	9	688
1927	10	1040
1927	11	1399
1927	12	1394
1928	1	669
1928	2	922
1928	3	475
1928	4	1413
1928	5	857
1928	6	1672
1928	7	1153
1928	8	739
1928	9	1082
1928	10	963
1928	11	531
1928	12	668
1929	1	1063
1929	2	1145
1929	3	738
1929	4	2336
1929	5	832
1929	6	843
1929	7	402
1929	8	399
1929	9	356
1929	10	681
1929	11	758
1929	12	985
1930	1	770
1930	2	585
1930	3	856
1930	4	550
1930	5	816
1930	6	505
1930	7	942
1930	8	727
1930	9	130
1930	10	1529
1930	11	1054
1930	12	788
1931	1	961
1931	2	882
1931	3	1252
1931	4	777
1931	5	1123
1931	6	2321
1931	7	481
1931	8	1466
1931	9	482
1931	10	593
1931	11	234
1931	12	803
1932	1	1310
1932	2	742
1932	3	1417
1932	4	450
1932	5	374
1932	6	576
1932	7	415
1932	8	1233
1932	9	1309
1932	10	2067
1932	11	1430
1932	12	523
1933	1	602
1933	2	1121
1933	3	1681
1933	4	1593
1933	5	739
1933	6	465
1933	7	519
1933	8	831
1933	9	2775
1933	10	918
1933	11	243
1933	12	885
1934	1	974
1934	2	1010
1934	3	1356
1934	4	747
1934	5	655
1934	6	1134
1934	7	475
1934	8	543
1934	9	1697
1934	10	842
1934	11	768
1934	12	687
1935	1	1985
1935	2	767
1935	3	414
1935	4	1427
1935	5	420
1935	6	1631
1935	7	426
1935	8	628
1935	9	878
1935	10	162
1935	11	1265
1935	12	240
1936	1	1816
1936	2	870
1936	3	1803
1936	4	863
1936	5	464
1936	6	521
1936	7	394
1936	8	1528
1936	9	1085
1936	10	816
1936	11	411
1936	12	2110
1937	1	1035
1937	2	394
1937	3	932
1937	4	1228
1937	5	763
1937	6	827
1937	7	269
1937	8	1169
1937	9	942
1937	10	1139
1937	11	1331
1937	12	1054
1938	1	1050
1938	2	614
1938	3	624
1938	4	719
1938	5	1177
1938	6	1846
1938	7	2470
1938	8	1014
1938	9	1731
1938	10	719
1938	11	721
1938	12	725
1939	1	567
1939	2	986
1939	3	1327
1939	4	1209
1939	5	339
1939	6	952
1939	7	201
1939	8	888
1939	9	315
1939	10	1281
1939	11	308
1939	12	832
1940	1	548
1940	2	1155
1940	3	934
1940	4	1269
1940	5	889
1940	6	456
1940	7	978
1940	8	460
1940	9	693
1940	10	220
1940	11	1616
1940	12	656
1941	1	770
1941	2	421
1941	3	534
1941	4	417
1941	5	578
1941	6	1007
1941	7	851
1941	8	764
1941	9	119
1941	10	508
1941	11	684
1941	12	828
1942	1	924
1942	2	927
1942	3	1773
1942	4	401
1942	5	532
1942	6	985
1942	7	1296
1942	8	597
1942	9	561
1942	10	821
1942	11	1295
1942	12	1228
1943	1	870
1943	2	357
1943	3	1037
1943	4	890
1943	5	1312
1943	6	607
1943	7	906
1943	8	329
1943	9	566
1943	10	1316
1943	11	757
1943	12	347
1944	1	450
1944	2	684
1944	3	1113
1944	4	959
1944	5	110
1944	6	1174
1944	7	664
1944	8	482
1944	9	1574
1944	10	846
1944	11	1642
1944	12	833
1945	1	1081
1945	2	999
1945	3	568
1945	4	676
1945	5	1308
1945	6	2022
1945	7	608
1945	8	798
1945	9	307
1945	10	825
1945	11	1719
1945	12	1593
1946	1	929
1946	2	894
1946	3	433
1946	4	672
1946	5	1401
1946	6	799
1946	7	757
1946	8	2451
1946	9	644
1946	10	99
1946	11	311
1946	12	990
1947	1	663
1947	2	297
1947	3	778
1947	4	1207
1947	5	1145
1947	6	721
1947	7	1487
1947	8	454
1947	9	1098
1947	10	376
1947	11	1537
1947	12	857
1948	1	1435
1948	2	634
1948	3	873
1948	4	682
1948	5	1402
1948	6	1048
1948	7	1409
1948	8	376
1948	9	101
1948	10	1062
1948	11	1341
1948	12	327
1949	1	650
1949	2	846
1949	3	440
1949	4	1190
1949	5	862
1949	6	411
1949	7	311
1949	8	430
1949	9	2199
1949	10	373
1949	11	857
1949	12	572
1950	1	862
1950	2	971
1950	3	952
1950	4	813
1950	5	505
1950	6	375
1950	7	557
1950	8	762
1950	9	346
1950	10	529
1950	11	1831
1950	12	840
1951	1	655
1951	2	1157
1951	3	667
1951	4	885
1951	5	1129
1951	6	728
1951	7	518
1951	8	961
1951	9	526
1951	10	1116
1951	11	1833
1951	12	1226
1952	1	1054
1952	2	740
1952	3	922
1952	4	1017
1952	5	807
1952	6	1020
1952	7	89
1952	8	1907
1952	9	387
1952	10	388
1952	11	425
1952	12	843
1953	1	1459
1953	2	815
1953	3	2120
1953	4	1412
1953	5	1024
1953	6	247
1953	7	1054
1953	8	383
1953	9	596
1953	10	1610
1953	11	1498
1953	12	1155
1954	1	651
1954	2	827
1954	3	807
1954	4	1130
1954	5	3332
1954	6	941
1954	7	533
1954	8	993
1954	9	2935
1954	10	426
1954	11	1276
1954	12	1471
1955	1	209
1955	2	1099
1955	3	1032
1955	4	882
1955	5	217
1955	6	924
1955	7	1309
1955	8	4463
1955	9	703
1955	10	2113
1955	11	1621
1955	12	272
1956	1	2073
1956	2	820
1956	3	1388
1956	4	653
1956	5	483
1956	6	396
1956	7	750
1956	8	468
1956	9	1473
1956	10	1009
1956	11	930
1956	12	1471
1957	1	647
1957	2	407
1957	3	841
1957	4	894
1957	5	1040
1957	6	412
1957	7	244
1957	8	414
1957	9	140
1957	10	743
1957	11	1228
1957	12	1400
1958	1	2529
1958	2	1095
1958	3	926
1958	4	1806
1958	5	848
1958	6	634
1958	7	633
1958	8	961
1958	9	1507
1958	10	873
1958	11	721
1958	12	362
1959	1	635
1959	2	833
1959	3	1422
1959	4	1022
1959	5	226
1959	6	1522
1959	7	2134
1959	8	660
1959	9	249
1959	10	936
1959	11	1133
1959	12	1075
1960	1	911
1960	2	946
1960	3	951
1960	4	843
1960	5	730
1960	6	813
1960	7	1914
1960	8	380
1960	9	1521
1960	10	598
1960	11	701
1960	12	974
1961	1	723
1961	2	969
1961	3	1112
1961	4	1196
1961	5	1005
1961	6	449
1961	7	698
1961	8	745
1961	9	2485
1961	10	609
1961	11	847
1961	12	913
1962	1	370
1962	2	1340
1962	3	449
1962	4	1130
1962	5	290
1962	6	1120
1962	7	345
1962	8	831
1962	9	1059
1962	10	2443
1962	11	1063
1962	12	1163
1963	1	998
1963	2	643
1963	3	994
1963	4	209
1963	5	975
1963	6	653
1963	7	487
1963	8	442
1963	9	1017
1963	10	386
1963	11	2076
1963	12	861
1964	1	1153
1964	2	1098
1964	3	810
1964	4	1043
1964	5	170
1964	6	423
1964	7	658
1964	8	412
1964	9	697
1964	10	659
1964	11	452
1964	12	1319
1965	1	1025
1965	2	881
1965	3	538
1965	4	695
1965	5	354
1965	6	502
1965	7	386
1965	8	397
1965	9	608
1965	10	474
1965	11	540
1965	12	483
1966	1	1335
1966	2	849
1966	3	628
1966	4	199
1966	5	818
1966	6	792
1966	7	797
1966	8	396
1966	9	912
1966	10	662
1966	11	1146
1966	12	465
1967	1	526
1967	2	1039
1967	3	1163
1967	4	1169
1967	5	1545
1967	6	971
1967	7	678
1967	8	980
1967	9	972
1967	10	302
1967	11	801
1967	12	1488
1968	1	1392
1968	2	188
1968	3	2442
1968	4	552
1968	5	1064
1968	6	1793
1968	7	149
1968	8	452
1968	9	446
1968	10	449
1968	11	1905
1968	12	1500
1969	1	655
1969	2	1466
1969	3	645
1969	4	1374
1969	5	751
1969	6	224
1969	7	929
1969	8	901
1969	9	1229
1969	10	459
1969	11	2704
1969	12	2965
1970	1	349
1970	2	1313
1970	3	956
1970	4	985
1970	5	1026
1970	6	1050
1970	7	625
1970	8	1214
1970	9	655
1970	10	700
1970	11	1174
1970	12	1863
1971	1	515
1971	2	1184
1971	3	772
1971	4	697
1971	5	1037
1971	6	444
1971	7	750
1971	8	478
1971	9	404
1971	10	666
1971	11	1825
1971	12	695
1972	1	605
1972	2	1623
1972	3	1688
1972	4	1033
1972	5	1186
1972	6	1233
1972	7	472
1972	8	281
1972	9	1675
1972	10	703
1972	11	1693
1972	12	1697
1973	1	919
1973	2	628
1973	3	630
1973	4	1459
1973	5	954
1973	6	1136
1973	7	1477
1973	8	711
1973	9	654
1973	10	683
1973	11	616
1973	12	1333
1974	1	609
1974	2	756
1974	3	1242
1974	4	1039
1974	5	980
1974	6	734
1974	7	813
1974	8	770
1974	9	1691
1974	10	826
1974	11	510
1974	12	639
1975	1	1101
1975	2	998
1975	3	639
1975	4	687
1975	5	374
1975	6	716
1975	7	704
1975	8	1701
1975	9	1664
1975	10	1555
1975	11	1319
1975	12	1732
1976	1	1256
1976	2	686
1976	3	637
1976	4	532
1976	5	551
1976	6	189
1976	7	1287
1976	8	1455
1976	9	372
1976	10	1197
1976	11	175
1976	12	859
1977	1	1121
1977	2	666
1977	3	1425
1977	4	1028
1977	5	895
1977	6	822
1977	7	514
1977	8	1151
1977	9	1193
1977	10	1446
1977	11	760
1977	12	1555
1978	1	1922
1978	2	767
1978	3	820
1978	4	621
1978	5	1150
1978	6	464
1978	7	475
1978	8	1243
1978	9	234
1978	10	686
1978	11	590
1978	12	842
1979	1	2845
1979	2	290
1979	3	811
1979	4	928
1979	5	960
1979	6	237
1979	7	915
1979	8	1539
1979	9	887
1979	10	1046
1979	11	1240
1979	12	488
1980	1	216
1980	2	247
1980	3	1473
1980	4	1216
1980	5	446
1980	6	970
1980	7	829
1980	8	457
1980	9	209
1980	10	955
1980	11	734
1980	12	265
1981	1	89
1981	2	1907
1981	3	187
1981	4	692
1981	5	157
1981	6	409
1981	7	1028
1981	8	183
1981	9	741
1981	10	1179
1981	11	1303
1981	12	1662
1982	1	993
1982	2	792
1982	3	569
1982	4	874
1982	5	1013
1982	6	3897
1982	7	1118
1982	8	457
1982	9	474
1982	10	317
1982	11	1504
1982	12	129
1983	1	866
1983	2	534
1983	3	2462
1983	4	1670
1983	5	561
1983	6	518
1983	7	225
1983	8	2503
1983	9	901
1983	10	931
1983	11	2536
1983	12	1706
1984	1	689
1984	2	2317
1984	3	1656
1984	4	999
1984	5	2046
1984	6	2021
1984	7	1195
1984	8	307
1984	9	275
1984	10	1737
1984	11	434
1984	12	621
1985	1	222
1985	2	663
1985	3	627
1985	4	326
1985	5	838
1985	6	1088
1985	7	592
1985	8	1940
1985	9	736
1985	10	392
1985	11	1464
1985	12	46
1986	1	971
1986	2	729
1986	3	920
1986	4	409
1986	5	345
1986	6	1628
1986	7	1187
1986	8	788
1986	9	416
1986	10	643
1986	11	1634
1986	12	2238
1987	1	1876
1987	2	84
1987	3	1106
1987	4	2568
1987	5	364
1987	6	438
1987	7	254
1987	8	944
1987	9	1983
1987	10	702
1987	11	872
1987	12	722
1988	1	690
1988	2	1069
1988	3	954
1988	4	688
1988	5	1095
1988	6	411
1988	7	2241
1988	8	358
1988	9	380
1988	10	798
1988	11	1921
1988	12	298
1989	1	204
1989	2	797
1989	3	825
1989	4	1255
1989	5	908
1989	6	1121
1989	7	847
1989	8	1409
1989	9	1011
1989	10	1798
1989	11	1024
1989	12	393
1990	1	1093
1990	2	1091
1990	3	507
1990	4	1443
1990	5	1688
1990	6	198
1990	7	1236
1990	8	2055
1990	9	417
1990	10	2461
1990	11	589
1990	12	1044
1991	1	1025
1991	2	501
1991	3	1001
1991	4	1104
1991	5	475
1991	6	794
1991	7	600
1991	8	1517
1991	9	1834
1991	10	802
1991	11	1029
1991	12	932
1992	1	823
1992	2	590
1992	3	991
1992	4	680
1992	5	529
1992	6	1413
1992	7	941
1992	8	1190
1992	9	782
1992	10	672
1992	11	1200
1992	12	1722
1993	1	573
1993	2	1124
1993	3	1964
1993	4	1181
1993	5	321
1993	6	384
1993	7	591
1993	8	475
1993	9	1301
1993	10	1019
1993	11	917
1993	12	1508
1994	1	1381
1994	2	671
1994	3	1879
1994	4	650
1994	5	1477
1994	6	244
1994	7	551
1994	8	1495
1994	9	1950
1994	10	126
1994	11	1280
1994	12	1367
1995	1	1083
1995	2	944
1995	3	559
1995	4	564
1995	5	660
1995	6	752
1995	7	585
1995	8	231
1995	9	823
1995	10	1628
1995	11	1543
1995	12	797
1996	1	1650
1996	2	820
1996	3	952
1996	4	1595
1996	5	916
1996	6	445
1996	7	1705
1996	8	340
1996	9	1705
1996	10	3196
1996	11	774
1996	12	1804
1997	1	823
1997	2	572
1997	3	1473
1997	4	1369
1997	5	786
1997	6	259
1997	7	472
1997	8	1031
1997	9	610
1997	10	498
1997	11	1874
1997	12	1038
1998	1	1662
1998	2	1396
1998	3	1243
1998	4	905
1998	5	1837
1998	6	2990
1998	7	1018
1998	8	582
1998	9	419
1998	10	1497
1998	11	418
1998	12	446
1999	1	1748
1999	2	1146
1999	3	1008
1999	4	232
1999	5	845
1999	6	30
1999	7	1204
1999	8	450
1999	9	2364
1999	10	1237
1999	11	617
1999	12	584
2000	1	978
2000	2	978
2000	3	1078
2000	4	1840
2000	5	892
2000	6	1219
2000	7	1370
2000	8	492
2000	9	981
2000	10	922
2000	11	1348
2000	12	1286
2001	1	687
2001	2	673
2001	3	3254
2001	4	333
2001	5	470
2001	6	1948
2001	7	667
2001	8	1594
2001	9	481
2001	10	304
2001	11	258
2001	12	911
2002	1	970
2002	2	593
2002	3	1067
2002	4	1001
2002	5	1858
2002	6	851
2002	7	530
2002	8	544
2002	9	852
2002	10	1158
2002	11	1493
2002	12	1742
2003	1	800
2003	2	1100
2003	3	1201
2003	4	1156
2003	5	1081
2003	6	1392
2003	7	945
2003	8	1032
2003	9	828
2003	10	1561
2003	11	616
2003	12	1598
2004	1	335
2004	2	429
2004	3	1000
2004	4	2521
2004	5	962
2004	6	716
2004	7	1827
2004	8	1769
2004	9	1700
2004	10	565
2004	11	881
2004	12	1359
2005	1	1341
2005	2	855
2005	3	1349
2005	4	1177
2005	5	1572
2005	6	388
2005	7	665
2005	8	441
2005	9	351
2005	10	3228
2005	11	1174
2005	12	1156
2006	1	1295
2006	2	727
2006	3	162
2006	4	716
2006	5	3499
2006	6	2574
2006	7	1658
2006	8	973
2006	9	722
2006	10	1402
2006	11	1768
2006	12	595
2007	1	730
2007	2	618
2007	3	1325
2007	4	2135
2007	5	1353
2007	6	634
2007	7	842
2007	8	525
2007	9	754
2007	10	772
2007	11	919
2007	12	1542
2008	1	796
2008	2	2239
2008	3	1390
2008	4	1166
2008	5	624
2008	6	1275
2008	7	2314
2008	8	796
2008	9	2004
2008	10	430
2008	11	1066
2008	12	1980
2009	1	1068
2009	2	535
2009	3	887
2009	4	1351
2009	5	668
2009	6	1324
2009	7	2406
2009	8	979
2009	9	769
2009	10	1348
2009	11	1200
2009	12	1378
2010	1	921
2010	2	1557
2010	3	4387
2010	4	566
2010	5	759
2010	6	638
2010	7	678
2010	8	1069
2010	9	644
2010	10	1291
2010	11	968
2010	12	1120
2011	1	1322
2011	2	1316
2011	3	725
2011	4	1133
2011	5	550
2011	6	1350
2011	7	475
2011	8	2872
2011	9	1281
2011	10	2135
2011	11	1044
2011	12	1028
2012	1	875
2012	2	319
2012	3	426
2012	4	956
2012	5	1172
2012	6	1120
2012	7	936
2012	8	835
2012	9	851
2012	10	1254
2012	11	297
2012	12	1649
2013	1	355
2013	2	1294
2013	3	881
2013	4	402
2013	5	1075
2013	6	2381
2013	7	838
2013	8	540
2013	9	713
2013	10	285
2013	11	694
2013	12	1282
2014	1	749
2014	2	1164
2014	3	1198
2014	4	909
2014	5	788
2014	6	736
2014	7	2034
2014	8	710
2014	9	336
2014	10	1549
2014	11	1250
2014	12	1856
2015	1	1035
2015	2	1020
2015	3	595
2015	4	494
2015	5	387
2015	6	1624
2015	7	400
2015	8	961
2015	9	592
2015	10	510
