1830	1	279
1830	2	356
1830	3	1524
1830	4	279
1830	5	635
1830	6	965
1830	7	76
1830	8	229
1830	9	737
1830	10	25
1830	11	1041
1830	12	25
1831	1	76
1831	2	457
1831	3	991
1831	4	254
1831	5	838
1831	6	1676
1831	7	2388
1831	8	1194
1831	9	686
1831	10	864
1831	11	102
1831	12	483
1832	1	762
1832	2	1016
1832	3	457
1832	4	1473
1832	5	559
1832	6	584
1832	7	1143
1832	8	1854
1832	9	838
1832	10	813
1832	11	508
1832	12	1575
1833	1	673
1833	2	813
1833	3	521
1833	4	356
1833	5	787
1833	6	1778
1833	7	787
1833	8	76
1833	9	787
1833	10	787
1833	11	711
1833	12	902
1834	1	1702
1834	2	406
1834	3	660
1834	4	559
1834	5	305
1834	6	1041
1834	7	356
1834	8	267
1834	9	356
1834	10	940
1834	11	1092
1834	12	813
1835	1	635
1835	2	381
1835	3	483
1835	4	762
1835	5	737
1835	6	660
1835	7	737
1835	8	660
1835	9	711
1835	10	914
1835	11	1549
1835	12	533
1836	1	330
1836	2	800
1836	3	1067
1836	4	787
1836	5	1727
1836	6	686
1836	7	787
1836	8	1524
1836	9	965
1836	10	508
1836	11	559
1836	12	559
1837	1	244
1837	2	927
1837	3	635
1837	4	279
1837	5	1194
1837	6	2184
1837	7	2083
1837	8	991
1837	9	1499
1837	10	1219
1837	11	432
1837	12	833
1838	1	381
1838	2	813
1838	3	813
1838	4	1143
1838	5	1295
1838	6	1300
1838	7	1270
1838	8	457
1838	9	279
1838	10	889
1838	11	787
1838	12	406
1839	1	559
1839	2	483
1839	3	660
1839	4	564
1839	5	792
1839	6	762
1839	7	152
1839	8	279
1839	9	1247
1839	10	76
1839	11	737
1839	12	246
1840	1	513
1840	2	699
1840	3	594
1840	4	1397
1840	5	1626
1840	6	2708
1840	7	343
1840	8	800
1840	9	559
1840	10	838
1840	11	76
1840	12	538
1841	1	1280
1841	2	432
1841	3	894
1841	4	1427
1841	5	1600
1841	6	615
1841	7	1016
1841	8	686
1841	9	640
1841	10	1321
1841	11	1397
1841	12	869
1842	1	1092
1842	2	772
1842	3	747
1842	4	1067
1842	5	1529
1842	6	2083
1842	7	798
1842	8	561
1842	9	229
1842	10	305
1842	11	978
1842	12	589
1843	1	899
1843	2	310
1843	3	881
1843	4	1524
1843	5	1026
1843	6	1621
1843	7	1702
1843	8	724
1843	9	1288
1843	10	1204
1843	11	1321
1843	12	602
1844	1	742
1844	2	51
1844	3	653
1844	4	417
1844	5	1323
1844	6	1016
1844	7	1168
1844	8	1016
1844	9	711
1844	10	762
1844	11	660
1844	12	163
1845	1	493
1845	2	1168
1845	3	569
1845	4	330
1845	5	533
1845	6	1486
1845	7	742
1845	8	1346
1845	9	965
1845	10	762
1845	11	965
1845	12	813
1846	1	825
1846	2	384
1846	3	1080
1846	4	1095
1846	5	1285
1846	6	968
1846	7	825
1846	8	1382
1846	9	508
1846	10	175
1846	11	1621
1846	12	1382
1847	1	724
1847	2	665
1847	3	1410
1847	4	284
1847	5	792
1847	6	777
1847	7	1064
1847	8	523
1847	9	1255
1847	10	1572
1847	11	381
1847	12	2819
1848	1	993
1848	2	605
1848	3	699
1848	4	64
1848	5	1730
1848	6	825
1848	7	1763
1848	8	1285
1848	9	64
1848	10	650
1848	11	381
1848	12	1392
1849	1	1113
1849	2	955
1849	3	1367
1849	4	366
1849	5	508
1849	6	889
1849	7	2223
1849	8	635
1849	9	127
1849	10	1080
1849	11	445
1849	12	1283
1850	1	2088
1850	2	904
1850	3	2047
1850	4	937
1850	5	968
1850	6	919
1850	7	1016
1850	8	2032
1850	9	191
1850	10	665
1850	11	699
1850	12	2062
1851	1	127
1851	2	1702
1851	3	381
1851	4	429
1851	5	953
1851	6	635
1851	7	762
1851	8	538
1851	9	699
1851	10	333
1851	11	546
1851	12	762
1852	1	508
1852	2	1046
1852	3	953
1852	4	1412
1852	5	620
1852	6	1572
1852	7	284
1852	8	732
1852	9	478
1852	10	396
1852	11	665
1852	12	1397
1853	1	335
1853	2	1036
1853	3	381
1853	4	1318
1853	5	254
1853	6	508
1853	7	381
1853	8	478
1853	9	762
1853	10	1300
1853	11	445
1853	12	102
1854	1	1842
1854	2	683
1854	3	1207
1854	4	508
1854	5	64
1854	6	254
1854	7	508
1854	8	381
1854	9	142
1854	10	904
1854	11	810
1854	12	655
1855	1	191
1855	2	51
1855	3	762
1855	4	318
1855	5	747
1855	6	1857
1855	7	1255
1855	8	1890
1855	9	1158
1855	10	2492
1855	11	714
1855	12	889
1856	1	483
1856	2	450
1856	3	272
1856	4	191
1856	6	688
1856	9	269
1856	10	452
1856	11	831
1856	12	711
1857	1	241
1857	2	191
1857	4	38
1857	5	254
1857	6	538
1857	7	919
1857	8	254
1857	9	64
1857	10	508
1858	2	89
1858	3	51
1858	6	1461
1858	7	683
1858	8	620
1858	9	112
1858	10	460
1858	11	417
1858	12	1461
1859	1	592
1859	2	1829
1859	3	785
1859	4	2118
1859	5	363
1859	6	1069
1859	7	310
1859	8	1702
1859	9	328
1859	10	589
1859	11	531
1859	12	1562
1860	1	1001
1860	2	267
1860	3	257
1860	4	1077
1860	5	912
1860	6	483
1860	7	1006
1860	8	653
1860	9	808
1860	10	401
1860	11	1179
1860	12	572
1861	1	787
1861	2	660
1861	3	460
1861	4	1359
1861	5	1521
1861	6	546
1861	7	356
1861	8	1384
1861	9	810
1861	10	864
1861	11	1488
1861	12	417
1862	1	1882
1862	2	1138
1862	3	1265
1862	4	1562
1862	5	396
1862	6	848
1862	7	460
1862	8	635
1862	9	295
1862	10	381
1862	11	574
1862	12	711
1863	1	1631
1863	2	884
1863	3	1125
1863	4	513
1863	5	348
1863	6	447
1863	7	1097
1863	8	1054
1863	9	386
1863	10	803
1863	11	544
1863	12	569
1864	1	589
1864	2	368
1864	3	683
1864	4	574
1864	5	836
1864	6	747
1864	7	254
1864	8	1044
1864	9	597
1864	10	775
1864	11	1427
1864	12	1191
1865	1	673
1865	2	902
1865	3	1499
1865	4	1003
1865	5	2690
1865	6	1092
1865	7	1567
1865	8	508
1865	9	1532
1865	10	292
1865	11	292
1865	12	1659
1866	1	1171
1866	2	767
1866	3	937
1866	4	716
1866	5	338
1866	6	744
1866	7	1199
1866	8	716
1866	9	2360
1866	10	866
1866	11	1224
1866	12	384
1867	1	820
1867	2	1514
1867	3	1806
1867	4	348
1867	5	1179
1867	6	371
1867	7	1102
1867	8	1097
1867	9	183
1867	10	1415
1867	11	533
1867	12	1135
1868	1	460
1868	2	241
1868	3	973
1868	4	1196
1868	5	1590
1868	6	1118
1868	7	754
1868	8	1130
1868	9	2286
1868	10	417
1868	11	470
1868	12	813
1869	1	716
1869	2	640
1869	3	1161
1869	4	1072
1869	5	980
1869	6	1194
1869	7	1067
1869	8	561
1869	9	884
1869	10	579
1869	11	970
1869	12	803
1870	1	1250
1870	2	935
1870	3	983
1870	4	884
1870	5	340
1870	6	805
1870	7	1915
1870	8	1257
1870	9	191
1870	10	759
1870	11	554
1870	12	518
1871	1	653
1871	2	1006
1871	3	635
1871	4	683
1871	5	457
1871	6	658
1871	7	930
1871	8	574
1871	9	335
1871	10	658
1871	11	513
1871	12	686
1872	1	198
1872	2	572
1872	3	290
1872	4	2126
1872	5	782
1872	6	480
1872	7	1549
1872	8	460
1872	9	335
1872	10	305
1872	11	300
1872	12	511
1873	1	406
1873	2	1237
1873	3	765
1873	4	500
1873	5	1207
1873	6	884
1873	7	1808
1873	8	1265
1873	9	655
1873	10	1257
1873	11	493
1873	12	1255
1874	1	1176
1874	2	942
1874	3	665
1874	4	1367
1874	5	300
1874	6	879
1874	7	1580
1874	8	493
1874	9	635
1874	10	61
1874	11	925
1874	12	711
1875	1	538
1875	2	386
1875	3	1361
1875	4	505
1875	5	889
1875	6	1476
1875	7	2225
1875	8	833
1875	9	439
1875	10	574
1875	11	1285
1875	12	1100
1876	1	1080
1876	2	627
1876	3	1130
1876	4	643
1876	5	254
1876	6	937
1876	7	1715
1876	8	899
1876	9	1422
1876	10	462
1876	11	932
1876	12	368
1877	1	1311
1877	2	91
1877	3	1311
1877	4	658
1877	5	500
1877	6	914
1877	7	1298
1877	8	353
1877	9	559
1877	10	455
1877	11	620
1877	12	823
1878	1	752
1878	2	345
1878	3	991
1878	4	348
1878	5	498
1878	6	607
1878	7	361
1878	8	742
1878	9	693
1878	10	523
1878	11	803
1878	12	930
1879	1	810
1879	2	693
1879	3	836
1879	4	107
1879	5	798
1879	6	1095
1879	7	318
1879	8	1217
1879	9	612
1879	10	378
1879	11	389
1879	12	1781
1880	1	1029
1880	2	1473
1880	3	1158
1880	4	1509
1880	5	516
1880	6	1181
1880	7	724
1880	8	1407
1880	9	1013
1880	10	737
1880	11	775
1880	12	919
1881	1	1097
1881	2	612
1881	3	970
1881	4	820
1881	5	447
1881	6	914
1881	7	965
1881	8	523
1881	9	622
1881	10	1135
1881	11	940
1881	12	1313
1882	1	2240
1882	2	1595
1882	3	1064
1882	4	785
1882	5	2156
1882	6	1740
1882	7	874
1882	8	1699
1882	9	930
1882	10	437
1882	11	330
1882	12	427
1883	1	899
1883	2	2040
1883	3	864
1883	4	1143
1883	5	912
1883	6	1054
1883	7	1049
1883	8	208
1883	9	371
1883	10	1643
1883	11	782
1883	12	1361
1884	1	1356
1884	2	1552
1884	3	1410
1884	4	991
1884	5	1245
1884	6	881
1884	7	622
1884	8	343
1884	9	475
1884	10	310
1884	11	371
1884	12	1194
1885	1	1628
1885	2	612
1885	3	259
1885	4	1026
1885	5	945
1885	6	607
1885	7	538
1885	8	1402
1885	9	610
1885	10	940
1885	11	434
1885	12	470
1886	1	940
1886	2	462
1886	3	986
1886	4	833
1886	5	1326
1886	6	1715
1886	7	970
1886	8	1011
1886	9	1013
1886	10	318
1886	11	1326
1886	12	615
1887	1	729
1887	2	2611
1887	3	493
1887	4	1527
1887	5	447
1887	6	879
1887	7	1046
1887	8	445
1887	9	531
1887	10	183
1887	11	627
1887	12	1077
1888	1	1140
1888	2	665
1888	3	1186
1888	4	589
1888	5	940
1888	6	1085
1888	7	1641
1888	8	1938
1888	9	805
1888	10	1146
1888	11	861
1888	12	267
1889	1	1034
1889	2	495
1889	3	427
1889	4	566
1889	5	831
1889	6	1097
1889	7	1920
1889	8	234
1889	9	886
1889	10	853
1889	11	1072
1889	12	572
1890	1	1427
1890	2	1783
1890	3	2139
1890	4	899
1890	5	1100
1890	6	1074
1890	7	757
1890	8	1615
1890	9	1118
1890	10	983
1890	11	818
1890	12	914
1891	1	838
1891	2	1270
1891	3	1448
1891	4	594
1891	5	394
1891	6	1864
1891	7	894
1891	8	1062
1891	9	711
1891	10	231
1891	11	1067
1891	12	508
1892	1	693
1892	2	861
1892	3	919
1892	4	1158
1892	5	1532
1892	6	1585
1892	7	1021
1892	8	937
1892	9	975
1892	10	150
1892	11	762
1892	12	605
1893	1	587
1893	2	1247
1893	3	538
1893	4	1501
1893	5	726
1893	6	625
1893	7	460
1893	8	272
1893	9	953
1893	10	1519
1893	11	681
1893	12	521
1894	1	485
1894	2	963
1894	3	460
1894	4	739
1894	5	1016
1894	6	714
1894	7	782
1894	8	1539
1894	9	683
1894	10	419
1894	11	340
1894	12	1044
1895	1	1318
1895	2	188
1895	3	869
1895	4	561
1895	5	457
1895	6	1250
1895	7	638
1895	8	759
1895	9	406
1895	10	384
1895	11	439
1895	12	665
1896	1	503
1896	2	765
1896	3	1156
1896	4	396
1896	5	765
1896	6	947
1896	7	1849
1896	8	897
1896	9	1064
1896	10	663
1896	11	838
1896	12	302
1897	1	699
1897	2	2210
1897	3	1252
1897	4	1207
1897	5	1252
1897	6	663
1897	7	1234
1897	8	668
1897	9	452
1897	10	132
1897	11	1712
1897	12	991
1898	1	2344
1898	2	419
1898	3	1306
1898	4	521
1898	5	889
1898	6	795
1898	7	1339
1898	8	1757
1898	9	500
1898	10	911
1898	11	637
1898	12	795
1899	1	1193
1899	2	1115
1899	3	1857
1899	4	604
1899	5	1258
1899	6	1164
1899	7	786
1899	8	526
1899	9	832
1899	10	407
1899	11	402
1899	12	767
1900	1	735
1900	2	872
1900	3	637
1900	4	450
1900	5	630
1900	6	635
1900	7	747
1900	8	847
1900	9	523
1900	10	407
1900	11	1678
1900	12	625
1901	1	402
1901	2	346
1901	3	386
1901	4	1331
1901	5	872
1901	6	1793
1901	7	1021
1901	8	1525
1901	9	842
1901	10	63
1901	11	397
1901	12	1115
1902	1	801
1902	2	332
1902	3	876
1902	4	599
1902	5	1102
1902	6	1364
1902	7	883
1902	8	207
1902	9	684
1902	10	468
1902	11	796
1902	12	1339
1903	1	502
1903	2	1857
1903	3	1172
1903	4	1065
1903	5	421
1903	6	1056
1903	7	932
1903	8	503
1903	9	139
1903	10	779
1903	11	644
1903	12	399
1904	1	558
1904	2	478
1904	3	1757
1904	4	589
1904	5	773
1904	6	348
1904	7	751
1904	8	949
1904	9	86
1904	10	72
1904	11	89
1904	12	969
1905	1	618
1905	2	514
1905	3	1168
1905	4	625
1905	5	2047
1905	6	1024
1905	7	803
1905	8	1095
1905	9	298
1905	10	1185
1905	11	934
1905	12	708
1906	1	768
1906	2	618
1906	3	1768
1906	4	265
1906	5	272
1906	6	1609
1906	7	1476
1906	8	853
1906	9	913
1906	10	421
1906	11	1045
1906	12	1275
1907	1	2035
1907	2	398
1907	3	1238
1907	4	621
1907	5	796
1907	6	958
1907	7	1659
1907	8	757
1907	9	450
1907	10	440
1907	11	658
1907	12	750
1908	1	387
1908	2	1444
1908	3	1729
1908	4	1197
1908	5	1282
1908	6	936
1908	7	1312
1908	8	540
1908	9	56
1908	10	313
1908	11	400
1908	12	581
1909	1	922
1909	2	1551
1909	3	787
1909	4	912
1909	5	1233
1909	6	2277
1909	7	933
1909	8	1166
1909	9	511
1909	10	590
1909	11	440
1909	12	707
1910	1	1641
1910	2	1390
1910	3	104
1910	4	931
1910	5	1104
1910	6	1317
1910	7	846
1910	8	821
1910	9	1000
1910	10	505
1910	11	398
1910	12	845
1911	1	1295
1911	2	797
1911	3	832
1911	4	1402
1911	5	227
1911	6	1078
1911	7	765
1911	8	1489
1911	9	1078
1911	10	854
1911	11	873
1911	12	1282
1912	1	699
1912	2	734
1912	3	1608
1912	4	1251
1912	5	1015
1912	6	632
1912	7	1359
1912	8	1363
1912	9	756
1912	10	302
1912	11	323
1912	12	798
1913	1	2283
1913	2	391
1913	3	1354
1913	4	785
1913	5	998
1913	6	394
1913	7	1036
1913	8	434
1913	9	649
1913	10	580
1913	11	1171
1913	12	917
1914	1	414
1914	2	1340
1914	3	819
1914	4	728
1914	5	998
1914	6	712
1914	7	638
1914	8	1181
1914	9	279
1914	10	1558
1914	11	259
1914	12	1088
1915	1	1245
1915	2	514
1915	3	625
1915	4	518
1915	5	1074
1915	6	1679
1915	7	1491
1915	8	1435
1915	9	1053
1915	10	1115
1915	11	1136
1915	12	1155
1916	1	1931
1916	2	646
1916	3	1477
1916	4	652
1916	5	911
1916	6	742
1916	7	962
1916	8	1648
1916	9	653
1916	10	806
1916	11	323
1916	12	805
1917	1	1524
1917	2	688
1917	3	1532
1917	4	701
1917	5	1170
1917	6	1509
1917	7	1247
1917	8	491
1917	9	635
1917	10	926
1917	11	121
1917	12	352
1918	1	966
1918	2	718
1918	3	984
1918	4	1022
1918	5	989
1918	6	1024
1918	7	688
1918	8	665
1918	9	592
1918	10	868
1918	11	747
1918	12	897
1919	1	1048
1919	2	329
1919	3	697
1919	4	636
1919	5	1096
1919	6	1574
1919	7	1261
1919	8	1181
1919	9	404
1919	10	1570
1919	11	1659
1919	12	1242
1920	1	1340
1920	2	481
1920	3	1067
1920	4	1554
1920	5	826
1920	6	743
1920	7	1467
1920	8	656
1920	9	651
1920	10	571
1920	11	465
1920	12	411
1921	1	793
1921	2	455
1921	3	1184
1921	4	719
1921	5	544
1921	6	874
1921	7	1258
1921	8	1722
1921	9	1491
1921	10	300
1921	11	1895
1921	12	1533
1922	1	650
1922	2	675
1922	3	1847
1922	4	884
1922	5	1465
1922	6	371
1922	7	728
1922	8	707
1922	9	922
1922	10	656
1922	11	236
1922	12	1089
1923	1	1170
1923	2	1220
1923	3	966
1923	4	1264
1923	5	554
1923	6	863
1923	7	1175
1923	8	932
1923	9	646
1923	10	334
1923	11	859
1923	12	1767
1924	1	1333
1924	2	621
1924	3	788
1924	4	684
1924	5	1073
1924	6	807
1924	7	721
1924	8	897
1924	9	1222
1924	10	45
1924	11	493
1924	12	873
1925	1	653
1925	2	749
1925	3	811
1925	4	749
1925	5	727
1925	6	525
1925	7	1528
1925	8	216
1925	9	594
1925	10	1804
1925	11	1181
1925	12	148
1926	1	1129
1926	2	1110
1926	3	705
1926	4	943
1926	5	559
1926	6	719
1926	7	1525
1926	8	1720
1926	9	1055
1926	10	1488
1926	11	613
1926	12	1178
1927	1	1547
1927	2	783
1927	3	861
1927	4	1617
1927	5	923
1927	6	1247
1927	7	1573
1927	8	871
1927	9	195
1927	10	696
1927	11	1064
1927	12	866
1928	1	556
1928	2	842
1928	3	1051
1928	4	1034
1928	5	338
1928	6	1653
1928	7	864
1928	8	804
1928	9	213
1928	10	491
1928	11	884
1928	12	521
1929	1	996
1929	2	706
1929	3	869
1929	4	808
1929	5	1559
1929	6	632
1929	7	1423
1929	8	1198
1929	9	582
1929	10	879
1929	11	723
1929	12	473
1930	1	673
1930	2	744
1930	3	735
1930	4	342
1930	5	362
1930	6	300
1930	7	182
1930	8	814
1930	9	518
1930	10	287
1930	11	348
1930	12	447
1931	1	320
1931	2	542
1931	3	922
1931	4	1973
1931	5	746
1931	6	1024
1931	7	1530
1931	8	1223
1931	9	470
1931	10	679
1931	11	572
1931	12	1062
1932	1	1585
1932	2	601
1932	3	1079
1932	4	790
1932	5	69
1932	6	1110
1932	7	2075
1932	8	504
1932	9	479
1932	10	704
1932	11	740
1932	12	634
1933	1	1339
1933	2	760
1933	3	1104
1933	4	1068
1933	5	1809
1933	6	983
1933	7	907
1933	8	1164
1933	9	1161
1933	10	325
1933	11	281
1933	12	1737
1934	1	397
1934	2	266
1934	3	952
1934	4	363
1934	5	323
1934	6	372
1934	7	980
1934	8	739
1934	9	646
1934	10	63
1934	11	386
1934	12	424
1935	1	889
1935	2	440
1935	3	1802
1935	4	856
1935	5	1817
1935	6	1344
1935	7	1532
1935	8	1597
1935	9	800
1935	10	826
1935	11	680
1935	12	725
1936	1	720
1936	2	462
1936	3	1190
1936	4	885
1936	5	219
1936	6	389
1936	7	1003
1936	8	1679
1936	9	567
1936	10	774
1936	11	912
1936	12	831
1937	1	3243
1937	2	950
1937	3	307
1937	4	678
1937	5	555
1937	6	1307
1937	7	544
1937	8	1022
1937	9	251
1937	10	813
1937	11	237
1937	12	697
1938	1	496
1938	2	651
1938	3	1400
1938	4	765
1938	5	1114
1938	6	927
1938	7	3050
1938	8	331
1938	9	1357
1938	10	41
1938	11	819
1938	12	270
1939	1	1143
1939	2	1796
1939	3	1748
1939	4	2093
1939	5	883
1939	6	963
1939	7	985
1939	8	754
1939	9	344
1939	10	419
1939	11	381
1939	12	269
1940	1	427
1940	2	1239
1940	3	1206
1940	4	1042
1940	5	1494
1940	6	1122
1940	7	445
1940	8	1056
1940	9	708
1940	10	285
1940	11	693
1940	12	841
1941	1	770
1941	2	35
1941	3	385
1941	4	477
1941	5	462
1941	6	1028
1941	7	1807
1941	8	1049
1941	9	498
1941	10	1253
1941	11	442
1941	12	674
1942	1	316
1942	2	580
1942	3	1303
1942	4	595
1942	5	1216
1942	6	959
1942	7	927
1942	8	917
1942	9	846
1942	10	548
1942	11	1409
1942	12	1354
1943	1	883
1943	2	400
1943	3	1432
1943	4	1017
1943	5	1408
1943	6	1119
1943	7	1375
1943	8	252
1943	9	239
1943	10	287
1943	11	129
1943	12	524
1944	1	359
1944	2	935
1944	3	1569
1944	4	988
1944	5	1464
1944	6	452
1944	7	265
1944	8	717
1944	9	470
1944	10	627
1944	11	434
1944	12	1225
1945	1	577
1945	2	1522
1945	3	1795
1945	4	1010
1945	5	1466
1945	6	1277
1945	7	1689
1945	8	361
1945	9	860
1945	10	609
1945	11	1621
1945	12	589
1946	1	746
1946	2	890
1946	3	1497
1946	4	609
1946	5	1151
1946	6	1756
1946	7	443
1946	8	765
1946	9	413
1946	10	582
1946	11	346
1946	12	606
1947	1	1440
1947	2	281
1947	3	434
1947	4	1243
1947	5	1047
1947	6	1438
1947	7	690
1947	8	1844
1947	9	793
1947	10	246
1947	11	695
1947	12	683
1948	1	640
1948	2	903
1948	3	1463
1948	4	1808
1948	5	850
1948	6	885
1948	7	937
1948	8	815
1948	9	602
1948	10	486
1948	11	1130
1948	12	981
1949	1	1636
1949	2	966
1949	3	584
1949	4	582
1949	5	1139
1949	6	819
1949	7	1285
1949	8	575
1949	9	268
1949	10	255
1949	11	858
1949	12	1305
1950	1	2682
1950	2	1119
1950	3	499
1950	4	473
1950	5	1210
1950	6	1380
1950	7	1574
1950	8	1029
1950	9	2033
1950	10	566
1950	11	865
1950	12	163
1951	1	1811
1951	2	1184
1951	3	1048
1951	4	555
1951	5	1523
1951	6	1193
1951	7	709
1951	8	558
1951	9	369
1951	10	602
1951	11	1060
1951	12	1179
1952	1	1641
1952	2	612
1952	3	1366
1952	4	729
1952	5	1095
1952	6	1263
1952	7	674
1952	8	848
1952	9	203
1952	10	254
1952	11	461
1952	12	732
1953	1	894
1953	2	563
1953	3	1391
1953	4	728
1953	5	926
1953	6	719
1953	7	410
1953	8	708
1953	9	247
1953	10	134
1953	11	214
1953	12	461
1954	1	604
1954	2	174
1954	3	1027
1954	4	731
1954	5	908
1954	6	408
1954	7	1065
1954	8	1377
1954	9	862
1954	10	658
1954	11	470
1954	12	666
1955	1	461
1955	2	1513
1955	3	1768
1955	4	721
1955	5	1255
1955	6	621
1955	7	2454
1955	8	940
1955	9	637
1955	10	1310
1955	11	497
1955	12	203
1956	1	576
1956	2	2170
1956	3	1605
1956	4	1155
1956	5	949
1956	6	1261
1956	7	1337
1956	8	994
1956	9	997
1956	10	290
1956	11	381
1956	12	1121
1957	1	822
1957	2	929
1957	3	560
1957	4	1100
1957	5	809
1957	6	381
1957	7	556
1957	8	620
1957	9	996
1957	10	682
1957	11	1076
1957	12	1197
1958	1	452
1958	2	614
1958	3	561
1958	4	1563
1958	5	1642
1958	6	1115
1958	7	2243
1958	8	1635
1958	9	937
1958	10	414
1958	11	698
1958	12	292
1959	1	1135
1959	2	665
1959	3	554
1959	4	908
1959	5	797
1959	6	401
1959	7	1311
1959	8	553
1959	9	970
1959	10	884
1959	11	1114
1959	12	626
1960	1	778
1960	2	996
1960	3	416
1960	4	112
1960	5	1306
1960	6	1159
1960	7	971
1960	8	629
1960	9	775
1960	10	485
1960	11	417
1960	12	487
1961	1	901
1961	2	785
1961	3	1093
1961	4	1296
1961	5	1311
1961	6	1327
1961	7	1634
1961	8	1001
1961	9	214
1961	10	572
1961	11	672
1961	12	899
1962	1	853
1962	2	1615
1962	3	825
1962	4	783
1962	5	802
1962	6	552
1962	7	1376
1962	8	193
1962	9	927
1962	10	666
1962	11	990
1962	12	765
1963	1	421
1963	2	318
1963	3	1750
1963	4	310
1963	5	1040
1963	6	492
1963	7	846
1963	8	1166
1963	9	485
1963	10	54
1963	11	417
1963	12	298
1964	1	627
1964	2	612
1964	3	2113
1964	4	948
1964	5	338
1964	6	696
1964	7	821
1964	8	934
1964	9	780
1964	10	285
1964	11	727
1964	12	1346
1965	1	857
1965	2	637
1965	3	1194
1965	4	1359
1965	5	87
1965	6	858
1965	7	968
1965	8	988
1965	9	2140
1965	10	785
1965	11	457
1965	12	138
1966	1	1077
1966	2	970
1966	3	278
1966	4	1444
1966	5	511
1966	6	443
1966	7	1044
1966	8	583
1966	9	1079
1966	10	386
1966	11	862
1966	12	892
1967	1	166
1967	2	535
1967	3	1725
1967	4	670
1967	5	1436
1967	6	338
1967	7	1083
1967	8	1299
1967	9	480
1967	10	646
1967	11	968
1967	12	529
1968	1	602
1968	2	115
1968	3	1407
1968	4	854
1968	5	1953
1968	6	570
1968	7	716
1968	8	1100
1968	9	353
1968	10	480
1968	11	704
1968	12	457
1969	1	760
1969	2	217
1969	3	320
1969	4	706
1969	5	782
1969	6	1139
1969	7	471
1969	8	1486
1969	9	445
1969	10	487
1969	11	710
1969	12	926
1970	1	248
1970	2	609
1970	3	857
1970	4	1688
1970	5	1012
1970	6	1072
1970	7	1114
1970	8	823
1970	9	670
1970	10	698
1970	11	535
1970	12	1041
1971	1	587
1971	2	965
1971	3	468
1971	4	231
1971	5	1295
1971	6	1475
1971	7	1254
1971	8	1259
1971	9	905
1971	10	270
1971	11	429
1971	12	662
1972	1	934
1972	2	1152
1972	3	697
1972	4	1501
1972	5	911
1972	6	1005
1972	7	478
1972	8	554
1972	9	881
1972	10	318
1972	11	1340
1972	12	1229
1973	1	478
1973	2	630
1973	3	683
1973	4	1435
1973	5	1288
1973	6	1044
1973	7	1215
1973	8	135
1973	9	582
1973	10	836
1973	11	1164
1973	12	552
1974	1	1384
1974	2	460
1974	3	1257
1974	4	544
1974	5	1255
1974	6	1456
1974	7	372
1974	8	1941
1974	9	1068
1974	10	328
1974	11	720
1974	12	936
1975	1	756
1975	2	1162
1975	3	1708
1975	4	1362
1975	5	980
1975	6	995
1975	7	616
1975	8	1443
1975	9	1711
1975	10	1106
1975	11	331
1975	12	843
1976	1	760
1976	2	489
1976	3	773
1976	4	315
1976	5	574
1976	6	1704
1976	7	752
1976	8	943
1976	9	2569
1976	10	993
1976	11	134
1976	12	279
1977	1	405
1977	2	161
1977	3	910
1977	4	707
1977	5	518
1977	6	1259
1977	7	770
1977	8	1794
1977	9	528
1977	10	710
1977	11	602
1977	12	775
1978	1	1246
1978	2	225
1978	3	676
1978	4	754
1978	5	1162
1978	6	1237
1978	7	1427
1978	8	870
1978	9	546
1978	10	1135
1978	11	932
1978	12	2511
1979	1	1111
1979	2	1016
1979	3	323
1979	4	637
1979	5	939
1979	6	1822
1979	7	2319
1979	8	1085
1979	9	1987
1979	10	578
1979	11	731
1979	12	536
1980	1	482
1980	2	425
1980	3	1343
1980	4	646
1980	5	622
1980	6	726
1980	7	1661
1980	8	1483
1980	9	165
1980	10	502
1980	11	631
1980	12	483
1981	1	226
1981	2	1037
1981	3	483
1981	4	358
1981	5	1134
1981	6	1255
1981	7	988
1981	8	744
1981	9	560
1981	10	534
1981	11	122
1981	12	486
1982	1	1287
1982	2	510
1982	3	1005
1982	4	493
1982	5	1573
1982	6	989
1982	7	382
1982	8	1935
1982	9	153
1982	10	102
1982	11	1038
1982	12	977
1983	1	417
1983	2	400
1983	3	258
1983	4	1268
1983	5	1976
1983	6	337
1983	7	768
1983	8	669
1983	9	183
1983	10	1842
1983	11	803
1983	12	717
1984	1	317
1984	2	487
1984	3	787
1984	4	1168
1984	5	811
1984	6	411
1984	7	904
1984	8	1742
1984	9	427
1984	10	1122
1984	11	681
1984	12	843
1985	1	548
1985	2	406
1985	3	806
1985	4	422
1985	5	1636
1985	6	958
1985	7	886
1985	8	993
1985	9	160
1985	10	653
1985	11	1579
1985	12	387
1986	1	280
1986	2	810
1986	3	520
1986	4	483
1986	5	1010
1986	6	550
1986	7	1297
1986	8	857
1986	9	1538
1986	10	491
1986	11	1717
1986	12	929
1987	1	402
1987	2	352
1987	3	770
1987	4	1145
1987	5	734
1987	6	429
1987	7	1108
1987	8	396
1987	9	654
1987	10	202
1987	11	580
1987	12	930
1988	1	642
1988	2	896
1988	3	517
1988	4	767
1988	5	753
1988	6	139
1988	7	976
1988	8	1045
1988	9	623
1988	10	518
1988	11	1261
1988	12	667
1989	1	901
1989	2	1838
1989	3	1336
1989	4	1057
1989	5	1172
1989	6	876
1989	7	1501
1989	8	1057
1989	9	1188
1989	10	1091
1989	11	701
1989	12	385
1990	1	883
1990	2	823
1990	3	540
1990	4	979
1990	5	1652
1990	6	776
1990	7	747
1990	8	666
1990	9	990
1990	10	853
1990	11	610
1990	12	2140
1991	1	710
1991	2	852
1991	3	1709
1991	4	1081
1991	5	470
1991	6	430
1991	7	1362
1991	8	935
1991	9	1266
1991	10	334
1991	11	335
1991	12	1409
1992	1	447
1992	2	408
1992	3	1174
1992	4	521
1992	5	1109
1992	6	979
1992	7	1425
1992	8	756
1992	9	454
1992	10	202
1992	11	864
1992	12	513
1993	1	803
1993	2	760
1993	3	1014
1993	4	777
1993	5	506
1993	6	732
1993	7	757
1993	8	449
1993	9	727
1993	10	950
1993	11	950
1993	12	578
1994	1	1351
1994	2	1168
1994	3	1623
1994	4	1340
1994	5	1276
1994	6	1239
1994	7	778
1994	8	703
1994	9	356
1994	10	301
1994	11	759
1994	12	730
1995	1	1304
1995	2	416
1995	3	484
1995	4	532
1995	5	1810
1995	6	942
1995	7	1005
1995	8	981
1995	9	333
1995	10	1142
1995	11	477
1995	12	633
1996	1	1487
1996	2	895
1996	3	1070
1996	4	798
1996	5	2319
1996	6	1044
1996	7	1827
1996	8	212
1996	9	951
1996	10	468
1996	11	812
1996	12	1307
1997	1	762
1997	2	488
1997	3	2703
1997	4	452
1997	5	1107
1997	6	1422
1997	7	745
1997	8	666
1997	9	373
1997	10	399
1997	11	645
1997	12	362
1998	1	1168
1998	2	858
1998	3	583
1998	4	1454
1998	5	1076
1998	6	1727
1998	7	559
1998	8	536
1998	9	315
1998	10	572
1998	11	420
1998	12	616
1999	1	1622
1999	2	697
1999	3	735
1999	4	544
1999	5	286
1999	6	371
1999	7	979
1999	8	1097
1999	9	181
1999	10	816
1999	11	757
1999	12	948
2000	1	552
2000	2	1378
2000	3	927
2000	4	933
2000	5	685
2000	6	1231
2000	7	1506
2000	8	1314
2000	9	965
2000	10	0
2000	11	405
2000	12	938
2001	1	270
2001	2	555
2001	3	798
2001	4	404
2001	5	2712
2001	6	1077
2001	7	857
2001	8	520
2001	9	638
2001	10	747
2001	11	497
2001	12	627
2002	1	926
2002	2	169
2002	3	1508
2002	4	2020
2002	5	1077
2002	6	886
2002	7	935
2002	8	718
2002	9	971
2002	10	1410
2002	11	1125
2002	12	821
2003	1	438
2003	2	1264
2003	3	464
2003	4	1146
2003	5	2303
2003	6	1350
2003	7	2103
2003	8	1066
2003	9	1047
2003	10	629
2003	11	1392
2003	12	754
2004	1	735
2004	2	418
2004	3	1171
2004	4	907
2004	5	1587
2004	6	713
2004	7	796
2004	8	973
2004	9	1996
2004	10	761
2004	11	1164
2004	12	824
2005	1	1185
2005	2	410
2005	3	905
2005	4	1259
2005	5	579
2005	6	341
2005	7	864
2005	8	1747
2005	9	452
2005	10	732
2005	11	468
2005	12	531
2006	1	1210
2006	2	272
2006	3	647
2006	4	1069
2006	5	407
2006	6	773
2006	7	1049
2006	8	737
2006	9	431
2006	10	680
2006	11	501
2006	12	493
2007	1	736
2007	2	752
2007	3	679
2007	4	811
2007	5	145
2007	6	709
2007	7	1435
2007	8	632
2007	9	432
2007	10	627
2007	11	776
2007	12	926
2008	1	552
2008	2	912
2008	3	1763
2008	4	742
2008	5	1448
2008	6	1533
2008	7	883
2008	8	719
2008	9	268
2008	10	196
2008	11	672
2008	12	1099
2009	1	642
2009	2	428
2009	3	373
2009	4	1153
2009	5	1569
2009	6	1109
2009	7	1868
2009	8	1036
2009	9	909
2009	10	1069
2009	11	184
2009	12	988
2010	1	364
2010	2	536
2010	3	616
2010	4	261
2010	5	2528
2010	6	1628
2010	7	1227
2010	8	927
2010	9	229
2010	10	420
2010	11	762
2010	12	509
2011	1	265
2011	2	536
2011	3	1325
2011	4	3714
2011	5	1223
2011	6	1070
2011	7	1024
2011	8	637
2011	9	1414
2011	10	1040
2011	11	1541
2011	12	592
2012	1	640
2012	2	509
2012	3	792
2012	4	689
2012	5	934
2012	6	370
2012	7	745
2012	8	142
2012	9	1010
2012	10	896
2012	11	165
2012	12	1590
2013	1	832
2013	2	412
2013	3	1059
2013	4	498
2013	5	597
2013	6	1646
2013	7	1720
2013	8	719
2013	9	711
2013	10	648
2013	11	537
2013	12	1337
2014	1	409
2014	2	915
2014	3	508
2014	4	1090
2014	5	803
2014	6	1120
2014	7	999
2014	8	1185
2014	9	376
2014	10	1142
2014	11	481
2014	12	961
2015	1	322
2015	2	466
2015	3	1479
2015	4	2141
2015	5	269
2015	6	1192
2015	7	1355
2015	8	361
2015	9	707
2015	10	261
