1891	11	701
1892	4	1042
1892	5	339
1892	6	2382
1892	7	1477
1892	8	966
1892	9	1104
1892	10	81
1892	11	616
1892	12	758
1893	1	403
1893	2	1793
1893	3	490
1893	4	357
1893	5	1151
1893	6	1590
1893	7	1176
1893	8	1765
1893	9	1388
1893	10	1279
1893	11	681
1893	12	544
1894	1	1144
1894	2	1265
1894	3	483
1894	4	569
1894	5	641
1894	6	1091
1894	7	1771
1894	8	1235
1894	9	910
1894	10	1270
1894	11	569
1894	12	1158
1895	1	1783
1895	2	525
1895	3	1325
1895	4	1222
1895	5	1225
1895	6	674
1895	7	734
1895	8	1238
1895	9	311
1895	10	201
1895	11	691
1895	12	1141
1896	1	982
1896	2	1237
1896	3	532
1896	4	380
1896	5	642
1896	6	977
1896	7	2591
1896	8	518
1896	9	636
1896	10	358
1896	11	1071
1896	12	638
1897	1	746
1897	2	1611
1897	3	1405
1897	4	1012
1897	5	582
1897	6	1037
1897	7	1360
1897	8	883
1897	9	540
1897	10	419
1897	11	699
1897	12	647
1898	1	658
1898	2	169
1898	3	946
1898	4	1117
1898	5	311
1898	6	747
1898	7	2315
1898	8	1648
1898	9	1463
1898	10	940
1898	11	817
1898	12	583
1899	1	1426
1899	2	1901
1899	3	1363
1899	4	457
1899	5	563
1899	6	832
1899	7	705
1899	8	888
1899	9	607
1899	10	849
1899	11	434
1899	12	828
1900	1	568
1900	2	1714
1900	3	1282
1900	4	1533
1900	5	630
1900	6	2686
1900	7	929
1900	8	428
1900	9	916
1900	10	683
1900	11	784
1900	12	1208
1901	1	828
1901	2	624
1901	3	1257
1901	4	1549
1901	5	1809
1901	6	2429
1901	7	782
1901	8	2757
1901	9	1539
1901	10	196
1901	11	139
1901	12	1846
1902	1	866
1902	2	2670
1902	3	1113
1902	4	432
1902	5	127
1902	6	1448
1902	7	1227
1902	8	571
1902	9	1281
1902	10	788
1902	11	771
1902	12	1143
1903	1	904
1903	2	2819
1903	3	1600
1903	4	1204
1903	5	497
1903	6	2433
1903	7	544
1903	8	1381
1903	9	604
1903	10	480
1903	11	102
1903	12	144
1904	1	482
1904	2	962
1904	3	686
1904	4	443
1904	5	980
1904	6	554
1904	7	2416
1904	8	2968
1904	9	48
1904	10	157
1904	11	512
1904	12	977
1905	1	539
1905	2	881
1905	3	343
1905	4	509
1905	5	934
1905	6	570
1905	7	2604
1905	8	1066
1905	9	359
1905	10	385
1905	11	233
1905	12	1245
1906	1	1821
1906	2	279
1906	3	1658
1906	4	293
1906	5	1118
1906	6	1497
1906	7	1805
1906	8	1196
1906	9	1668
1906	10	580
1906	11	301
1906	12	812
1907	1	162
1907	2	811
1907	3	458
1907	4	926
1907	5	504
1907	6	1798
1907	7	1029
1907	8	820
1907	9	1124
1907	10	188
1907	11	1315
1907	12	1928
1908	1	1139
1908	2	800
1908	3	483
1908	4	1084
1908	5	401
1908	6	1273
1908	7	1486
1908	8	2525
1908	9	675
1908	10	1270
1908	11	472
1908	12	850
1909	1	535
1909	2	1248
1909	3	1224
1909	4	371
1909	5	1449
1909	6	2627
1909	7	1375
1909	8	754
1909	9	1059
1909	10	348
1909	11	239
1909	12	777
1910	1	898
1910	2	981
1910	3	234
1910	4	460
1910	5	1044
1910	6	2355
1910	7	1117
1910	8	891
1910	9	686
1910	10	912
1910	11	57
1910	12	798
1911	1	478
1911	2	562
1911	3	632
1911	4	1016
1911	5	248
1911	6	442
1911	7	1015
1911	8	1093
1911	9	516
1911	10	1205
1911	11	904
1911	12	1594
1912	1	1061
1912	2	1474
1912	3	2173
1912	4	952
1912	5	988
1912	6	1762
1912	7	1233
1912	8	547
1912	9	1004
1912	10	477
1912	11	1105
1912	12	659
1913	1	1158
1913	2	1041
1913	3	1762
1913	4	558
1913	5	586
1913	6	1289
1913	7	1193
1913	8	1131
1913	9	1148
1913	10	654
1913	11	543
1913	12	1689
1914	1	607
1914	2	932
1914	3	457
1914	4	687
1914	5	158
1914	6	980
1914	7	950
1914	8	1161
1914	9	579
1914	10	912
1914	11	1048
1914	12	1654
1915	1	1319
1915	2	965
1915	3	688
1915	4	119
1915	5	1353
1915	6	1328
1915	7	813
1915	8	1134
1915	9	432
1915	10	937
1915	11	651
1915	12	1034
1916	1	494
1916	2	1376
1916	3	401
1916	4	524
1916	5	699
1916	6	1251
1916	7	2836
1916	8	460
1916	9	548
1916	10	419
1916	11	285
1916	12	653
1917	1	811
1917	2	1366
1917	3	1806
1917	4	824
1917	5	767
1917	6	776
1917	7	1186
1917	8	721
1917	9	1240
1917	10	394
1917	11	176
1917	12	319
1918	1	1542
1918	2	537
1918	3	544
1918	4	1396
1918	5	817
1918	6	607
1918	7	1866
1918	8	1304
1918	9	979
1918	10	2273
1918	11	1036
1918	12	1494
1919	1	1130
1919	2	1252
1919	3	544
1919	4	909
1919	5	1328
1919	6	2573
1919	7	1578
1919	8	1305
1919	9	0
1919	10	1109
1919	11	308
1919	12	1560
1920	1	826
1920	2	1110
1920	3	1931
1920	4	1021
1920	5	572
1920	6	902
1920	7	1250
1920	8	2649
1920	9	1059
1920	10	302
1920	11	1551
1920	12	814
1921	1	1817
1921	2	1933
1921	3	294
1921	4	656
1921	5	1395
1921	6	282
1921	7	800
1921	8	859
1921	9	834
1921	10	965
1921	11	480
1921	12	382
1922	1	1419
1922	2	2341
1922	3	1856
1922	4	1430
1922	5	1421
1922	6	2164
1922	7	1163
1922	8	1017
1922	9	25
1922	10	1138
1922	11	132
1922	12	1229
1923	1	856
1923	2	1367
1923	3	1008
1923	4	1283
1923	5	990
1923	6	967
1923	7	832
1923	8	907
1923	9	242
1923	10	231
1923	11	955
1923	12	1220
1924	1	1215
1924	2	915
1924	3	696
1924	4	1472
1924	5	893
1924	6	1138
1924	7	1906
1924	8	731
1924	9	3363
1924	10	331
1924	11	477
1924	12	1227
1925	1	1921
1925	2	386
1925	3	574
1925	4	666
1925	5	700
1925	6	133
1925	7	325
1925	8	185
1925	9	713
1925	10	716
1925	11	967
1925	12	526
1926	1	1508
1926	2	1069
1926	3	1120
1926	4	435
1926	5	142
1926	6	643
1926	7	1613
1926	8	520
1926	9	163
1926	10	413
1926	11	678
1926	12	1119
1927	1	281
1927	2	1115
1927	3	930
1927	4	399
1927	5	655
1927	6	1173
1927	7	1853
1927	8	1041
1927	9	79
1927	10	642
1927	11	378
1927	12	2436
1928	1	612
1928	2	842
1928	3	1151
1928	4	1833
1928	5	1905
1928	6	1481
1928	7	1856
1928	8	3742
1928	9	1286
1928	10	373
1928	11	201
1928	12	155
1929	1	987
1929	2	2395
1929	3	2552
1929	4	1229
1929	5	1039
1929	6	1026
1929	7	1124
1929	8	239
1929	9	3623
1929	10	2525
1929	11	1029
1929	12	1124
1930	1	868
1930	2	252
1930	3	794
1930	4	311
1930	5	758
1930	6	1028
1930	7	913
1930	8	264
1930	9	431
1930	10	268
1930	11	1396
1930	12	975
1931	1	646
1931	2	520
1931	3	803
1931	4	600
1931	5	772
1931	6	323
1931	7	1804
1931	8	828
1931	9	191
1931	10	72
1931	11	122
1931	12	2865
1932	1	1132
1932	2	1029
1932	3	1170
1932	4	713
1932	5	781
1932	6	1158
1932	7	629
1932	8	311
1932	9	1056
1932	10	2080
1932	11	964
1932	12	1963
1933	1	663
1933	2	920
1933	3	696
1933	4	420
1933	5	703
1933	6	1243
1933	7	1414
1933	8	1461
1933	9	1547
1933	10	159
1933	11	302
1933	12	421
1934	1	603
1934	2	777
1934	3	1025
1934	4	727
1934	5	1976
1934	6	2082
1934	7	986
1934	8	632
1934	9	543
1934	10	1468
1934	11	723
1934	12	1053
1935	1	858
1935	2	905
1935	3	979
1935	4	1085
1935	5	561
1935	6	642
1935	7	1239
1935	8	2477
1935	9	989
1935	10	256
1935	11	830
1935	12	775
1936	1	2794
1936	2	1348
1936	3	1567
1936	4	2721
1936	5	84
1936	6	935
1936	7	1767
1936	8	1143
1936	9	844
1936	10	1084
1936	11	417
1936	12	1538
1937	1	1696
1937	2	1110
1937	3	732
1937	4	1794
1937	5	856
1937	6	1037
1937	7	952
1937	8	602
1937	9	686
1937	10	1379
1937	11	366
1937	12	734
1938	1	574
1938	2	258
1938	3	690
1938	4	1562
1938	5	681
1938	6	993
1938	7	1483
1938	8	276
1938	9	772
1938	10	0
1938	11	843
1938	12	1326
1939	1	1073
1939	2	2368
1939	3	1003
1939	4	371
1939	5	989
1939	6	408
1939	7	1743
1939	8	1152
1939	9	142
1939	10	323
1939	11	340
1939	12	1021
1940	1	709
1940	2	904
1940	3	884
1940	4	421
1940	5	702
1940	6	975
1940	7	872
1940	8	2462
1940	9	21
1940	10	351
1940	11	1266
1940	12	661
1941	1	299
1941	2	382
1941	3	1176
1941	4	221
1941	5	25
1941	6	953
1941	7	2229
1941	8	678
1941	9	127
1941	10	329
1941	11	315
1941	12	1650
1942	1	626
1942	2	836
1942	3	2570
1942	4	219
1942	5	1294
1942	6	1627
1942	7	1322
1942	8	1204
1942	9	773
1942	10	745
1942	11	423
1942	12	731
1943	1	1718
1943	2	499
1943	3	1391
1943	4	929
1943	5	484
1943	6	1260
1943	7	2599
1943	8	932
1943	9	815
1943	10	140
1943	11	574
1943	12	932
1944	1	822
1944	2	1598
1944	3	2400
1944	4	1437
1944	5	199
1944	6	1153
1944	7	1421
1944	8	859
1944	9	387
1944	10	510
1944	11	673
1944	12	443
1945	1	841
1945	2	1682
1945	3	585
1945	4	1489
1945	5	904
1945	6	991
1945	7	864
1945	8	1464
1945	9	1984
1945	10	247
1945	11	399
1945	12	2042
1946	1	1103
1946	2	867
1946	3	1240
1946	4	696
1946	5	2084
1946	6	760
1946	7	2418
1946	8	1423
1946	9	669
1946	10	1280
1946	11	415
1946	12	536
1947	1	1832
1947	2	396
1947	3	1297
1947	4	825
1947	5	856
1947	6	1162
1947	7	1280
1947	8	861
1947	9	1365
1947	10	1656
1947	11	1767
1947	12	800
1948	1	1187
1948	2	1172
1948	3	1727
1948	4	693
1948	5	1367
1948	6	784
1948	7	721
1948	8	719
1948	9	1060
1948	10	384
1948	11	1092
1948	12	447
1949	1	1143
1949	2	1481
1949	3	518
1949	4	961
1949	5	931
1949	6	1089
1949	7	1250
1949	8	1360
1949	9	447
1949	10	424
1949	11	533
1949	12	503
1950	1	564
1950	2	478
1950	3	836
1950	4	216
1950	5	734
1950	6	500
1950	7	1006
1950	8	625
1950	9	796
1950	10	862
1950	11	114
1950	12	1002
1951	1	473
1951	2	266
1951	3	1222
1951	4	604
1951	5	308
1951	6	1376
1951	7	643
1951	8	521
1951	9	632
1951	10	253
1951	11	695
1951	12	1442
1952	1	627
1952	2	852
1952	3	1666
1952	4	898
1952	5	714
1952	6	1349
1952	7	1118
1952	8	1403
1952	9	475
1952	10	158
1952	11	401
1952	12	856
1953	1	754
1953	2	1582
1953	3	1156
1953	4	723
1953	5	1086
1953	6	268
1953	7	341
1953	8	410
1953	9	1142
1953	10	77
1953	11	224
1953	12	2080
1954	1	1429
1954	2	584
1954	3	1753
1954	4	551
1954	5	777
1954	6	544
1954	7	832
1954	8	233
1954	9	46
1954	10	107
1954	11	882
1954	12	886
1955	1	1110
1955	2	1207
1955	3	443
1955	4	1095
1955	5	1147
1955	6	467
1955	7	954
1955	8	636
1955	9	927
1955	10	1037
1955	11	761
1955	12	265
1956	1	556
1956	2	2063
1956	3	1233
1956	4	1218
1956	5	333
1956	6	732
1956	7	940
1956	8	433
1956	9	1716
1956	10	596
1956	11	287
1956	12	689
1957	1	786
1957	2	921
1957	3	1132
1957	4	1041
1957	5	1749
1957	6	1189
1957	7	226
1957	8	420
1957	9	2307
1957	10	728
1957	11	2842
1957	12	723
1958	1	943
1958	2	843
1958	3	1103
1958	4	1756
1958	5	1349
1958	6	412
1958	7	2181
1958	8	1009
1958	9	178
1958	10	333
1958	11	303
1958	12	739
1959	1	910
1959	2	843
1959	3	1151
1959	4	948
1959	5	1387
1959	6	863
1959	7	1604
1959	8	834
1959	9	2861
1959	10	2105
1959	11	460
1959	12	769
1960	1	2035
1960	2	1744
1960	3	981
1960	4	790
1960	5	460
1960	6	791
1960	7	468
1960	8	2226
1960	9	888
1960	10	649
1960	11	173
1960	12	615
1961	1	891
1961	2	1536
1961	3	983
1961	4	784
1961	5	828
1961	6	1767
1961	7	1033
1961	8	1089
1961	9	275
1961	10	127
1961	11	275
1961	12	1424
1962	1	1394
1962	2	1067
1962	3	1524
1962	4	785
1962	5	378
1962	6	772
1962	7	822
1962	8	1133
1962	9	914
1962	10	451
1962	11	1177
1962	12	845
1963	1	1081
1963	2	953
1963	3	1670
1963	4	1376
1963	5	890
1963	6	2039
1963	7	605
1963	8	397
1963	9	1367
1963	10	43
1963	11	1143
1963	12	990
1964	1	1470
1964	2	1253
1964	3	2150
1964	4	2228
1964	5	475
1964	6	1682
1964	7	1261
1964	8	2561
1964	9	259
1964	10	1992
1964	11	811
1964	12	1029
1965	1	408
1965	2	1105
1965	3	1951
1965	4	1408
1965	5	615
1965	6	1872
1965	7	1012
1965	8	648
1965	9	1555
1965	10	465
1965	11	715
1965	12	242
1966	1	1453
1966	2	1427
1966	3	862
1966	4	870
1966	5	1306
1966	6	315
1966	7	339
1966	8	1213
1966	9	1794
1966	10	889
1966	11	844
1966	12	1062
1967	1	1029
1967	2	1127
1967	3	661
1967	4	874
1967	5	1654
1967	6	1856
1967	7	760
1967	8	1466
1967	9	741
1967	10	439
1967	11	1016
1967	12	1388
1968	1	1146
1968	2	140
1968	3	828
1968	4	650
1968	5	934
1968	6	1346
1968	7	1362
1968	8	615
1968	9	836
1968	10	752
1968	11	1377
1968	12	842
1969	1	1226
1969	2	1028
1969	3	1151
1969	4	1357
1969	5	549
1969	6	675
1969	7	384
1969	8	1613
1969	9	1443
1969	10	160
1969	11	406
1969	12	1260
1970	1	605
1970	2	795
1970	3	1379
1970	4	795
1970	5	661
1970	6	521
1970	7	864
1970	8	1778
1970	9	937
1970	10	1411
1970	11	714
1970	12	674
1971	1	1443
1971	2	1350
1971	3	1852
1971	4	761
1971	5	1228
1971	6	208
1971	7	892
1971	8	643
1971	9	770
1971	10	1378
1971	11	930
1971	12	842
1972	1	1645
1972	2	893
1972	3	1050
1972	4	407
1972	5	1816
1972	6	1612
1972	7	741
1972	8	776
1972	9	508
1972	10	458
1972	11	1202
1972	12	1778
1973	1	1310
1973	2	1092
1973	3	1841
1973	4	1392
1973	5	1351
1973	6	918
1973	7	1034
1973	8	565
1973	9	1722
1973	10	328
1973	11	397
1973	12	1082
1974	1	1441
1974	2	1138
1974	3	421
1974	4	949
1974	5	1251
1974	6	525
1974	7	955
1974	8	1535
1974	9	973
1974	10	56
1974	11	656
1974	12	1493
1975	1	1831
1975	2	1593
1975	3	2252
1975	4	335
1975	5	1761
1975	6	561
1975	7	1183
1975	8	427
1975	9	880
1975	10	422
1975	11	1126
1975	12	1206
1976	1	813
1976	2	516
1976	3	2103
1976	4	579
1976	5	2581
1976	6	1663
1976	7	1041
1976	8	522
1976	9	1600
1976	10	2600
1976	11	897
1976	12	439
1977	1	935
1977	2	521
1977	3	1984
1977	4	732
1977	5	637
1977	6	979
1977	7	216
1977	8	871
1977	9	1308
1977	10	1818
1977	11	1763
1977	12	721
1978	1	1981
1978	2	168
1978	3	1371
1978	4	701
1978	5	771
1978	6	1024
1978	7	575
1978	8	2098
1978	9	214
1978	10	318
1978	11	488
1978	12	658
1979	1	1761
1979	2	1871
1979	3	1021
1979	4	1168
1979	5	1360
1979	6	1141
1979	7	1500
1979	8	568
1979	9	1268
1979	10	508
1979	11	1085
1979	12	321
1980	1	1755
1980	2	418
1980	3	2337
1980	4	603
1980	5	1074
1980	6	453
1980	7	53
1980	8	348
1980	9	1821
1980	10	890
1980	11	1177
1980	12	308
1981	1	149
1981	2	1324
1981	3	620
1981	4	532
1981	5	332
1981	6	579
1981	7	731
1981	8	858
1981	9	446
1981	10	733
1981	11	163
1981	12	1778
1982	1	1495
1982	2	1459
1982	3	486
1982	4	1105
1982	5	965
1982	6	1271
1982	7	753
1982	8	249
1982	9	726
1982	10	511
1982	11	779
1982	12	1632
1983	1	1280
1983	2	1562
1983	3	1768
1983	4	1207
1983	5	928
1983	6	823
1983	7	646
1983	8	938
1983	9	1115
1983	10	478
1983	11	1203
1983	12	1891
1984	1	1318
1984	2	1587
1984	3	1404
1984	4	1212
1984	5	2406
1984	6	272
1984	7	2603
1984	8	686
1984	9	80
1984	10	575
1984	11	498
1984	12	625
1985	1	1118
1985	2	1028
1985	3	243
1985	4	577
1985	5	595
1985	6	482
1985	7	1254
1985	8	1569
1985	9	44
1985	10	1470
1985	11	2631
1985	12	437
1986	1	336
1986	2	361
1986	3	529
1986	4	262
1986	5	1219
1986	6	261
1986	7	833
1986	8	1236
1986	9	488
1986	10	1274
1986	11	1739
1986	12	1031
1987	1	1390
1987	2	1199
1987	3	1446
1987	4	438
1987	5	155
1987	6	1430
1987	7	455
1987	8	556
1987	9	987
1987	10	196
1987	11	557
1987	12	750
1988	1	924
1988	2	389
1988	3	463
1988	4	767
1988	5	362
1988	6	810
1988	7	1118
1988	8	644
1988	9	1458
1988	10	956
1988	11	963
1988	12	181
1989	1	481
1989	2	1240
1989	3	1528
1989	4	1073
1989	5	1209
1989	6	1420
1989	7	1777
1989	8	750
1989	9	1636
1989	10	1176
1989	11	783
1989	12	1089
1990	1	1205
1990	2	1602
1990	3	1118
1990	4	538
1990	5	1051
1990	6	308
1990	7	971
1990	8	1010
1990	9	355
1990	10	3603
1990	11	697
1990	12	996
1991	1	1508
1991	2	750
1991	3	1660
1991	4	1169
1991	5	1339
1991	6	813
1991	7	538
1991	8	1442
1991	9	172
1991	10	74
1991	11	368
1991	12	867
1992	1	645
1992	2	1204
1992	3	1293
1992	4	546
1992	5	766
1992	6	924
1992	7	490
1992	8	693
1992	9	1383
1992	10	1755
1992	11	2211
1992	12	1107
1993	1	1540
1993	2	1090
1993	3	2274
1993	4	582
1993	5	481
1993	6	67
1993	7	229
1993	8	386
1993	9	757
1993	10	620
1993	11	551
1993	12	912
1994	1	957
1994	2	873
1994	3	1089
1994	4	362
1994	5	376
1994	6	3219
1994	7	465
1994	8	1740
1994	9	521
1994	10	1349
1994	11	677
1994	12	1335
1995	1	1226
1995	2	1674
1995	3	346
1995	4	160
1995	5	639
1995	6	1917
1995	7	173
1995	8	2736
1995	9	721
1995	10	1224
1995	11	1364
1995	12	636
1996	1	1402
1996	2	923
1996	3	1792
1996	4	1009
1996	5	993
1996	6	488
1996	7	718
1996	8	1665
1996	9	2145
1996	10	393
1996	11	1222
1996	12	820
1997	1	1161
1997	2	1942
1997	3	800
1997	4	1419
1997	5	723
1997	6	1129
1997	7	2185
1997	8	13
1997	9	1062
1997	10	1113
1997	11	850
1997	12	1247
1998	1	1644
1998	2	1435
1998	3	1271
1998	4	2665
1998	5	763
1998	6	618
1998	7	533
1998	8	1030
1998	9	1242
1998	10	135
1998	11	709
1998	12	870
1999	1	1355
1999	2	680
1999	3	977
1999	4	1141
1999	5	214
1999	6	671
1999	7	1032
1999	8	526
1999	9	411
1999	10	1102
1999	11	577
1999	12	525
2000	1	1473
2000	2	552
2000	3	991
2000	4	747
2000	5	138
2000	6	836
2000	7	767
2000	8	556
2000	9	1809
2000	10	0
2000	11	1060
2000	12	505
2001	1	519
2001	2	498
2001	3	2012
2001	4	366
2001	5	519
2001	6	2167
2001	7	1262
2001	8	354
2001	9	1614
2001	10	394
2001	11	628
2001	12	496
2002	1	1378
2002	2	567
2002	3	1480
2002	4	452
2002	5	1038
2002	6	688
2002	7	784
2002	8	978
2002	9	1279
2002	10	1004
2002	11	1116
2002	12	1427
2003	1	645
2003	2	1521
2003	3	2112
2003	4	2177
2003	5	1721
2003	6	1096
2003	7	1922
2003	8	945
2003	9	344
2003	10	509
2003	11	120
2003	12	610
2004	1	559
2004	2	1273
2004	3	415
2004	4	302
2004	5	396
2004	6	875
2004	7	1347
2004	8	1067
2004	9	2333
2004	10	382
2004	11	775
2004	12	407
2005	1	506
2005	2	1333
2005	3	1545
2005	4	1015
2005	5	1061
2005	6	2070
2005	7	649
2005	8	448
2005	9	5
2005	10	1736
2005	11	440
2005	12	1445
2006	1	904
2006	2	541
2006	3	490
2006	4	306
2006	5	242
2006	6	2417
2006	7	482
2006	8	1524
2006	9	932
2006	10	803
2006	11	1268
2006	12	770
2007	1	1148
2007	2	574
2007	3	1001
2007	4	795
2007	5	701
2007	6	667
2007	7	663
2007	8	692
2007	9	407
2007	10	326
2007	11	145
2007	12	1679
2008	1	754
2008	2	889
2008	3	996
2008	4	702
2008	5	300
2008	6	367
2008	7	806
2008	8	904
2008	9	447
2008	10	875
2008	11	790
2008	12	1182
2009	1	858
2009	2	520
2009	3	1855
2009	4	712
2009	5	1258
2009	6	1496
2009	7	742
2009	8	914
2009	9	748
2009	10	1608
2009	11	1474
2009	12	2092
2010	1	1341
2010	2	1110
2010	3	819
2010	4	272
2010	5	1321
2010	6	1609
2010	7	438
2010	8	1383
2010	9	1164
2010	10	360
2010	11	320
2010	12	663
2011	1	633
2011	2	735
2011	3	1604
2011	4	713
2011	5	865
2011	6	718
2011	7	465
2011	8	725
2011	9	1486
2011	10	583
2011	11	909
2011	12	826
2012	1	923
2012	2	505
2012	3	909
2012	4	460
2012	5	1083
2012	6	1217
2012	7	2009
2012	8	1260
2012	9	454
2012	10	444
2012	11	224
2012	12	1577
2013	1	1359
2013	2	1393
2013	3	871
2013	4	973
2013	5	1434
2013	6	1100
2013	7	3652
2013	8	1840
2013	9	523
2013	10	208
2013	11	982
2013	12	1975
2014	1	777
2014	2	525
2014	3	1115
2014	4	902
2014	5	787
2014	6	389
2014	7	680
2014	8	552
2014	9	897
2014	10	474
2014	11	1213
2014	12	913
2015	1	775
2015	2	907
2015	3	539
2015	4	1041
2015	5	597
2015	6	895
2015	7	488
2015	8	1371
2015	9	898
2015	10	1256
