1893	2	344
1893	3	439
1893	4	610
1893	5	855
1893	6	53
1893	7	90
1893	8	4
1893	9	436
1893	10	684
1893	11	384
1893	12	224
1894	1	483
1894	2	196
1894	3	588
1894	4	286
1894	5	268
1894	6	292
1894	8	94
1894	9	193
1894	10	409
1894	11	64
1894	12	158
1895	1	423
1895	2	82
1895	3	277
1895	4	176
1895	5	364
1895	6	26
1895	7	82
1895	8	39
1895	9	390
1895	10	1
1895	11	208
1895	12	325
1896	1	240
1896	2	218
1896	3	170
1896	4	591
1896	5	447
1896	6	176
1896	7	98
1896	8	125
1896	9	51
1896	10	175
1896	11	494
1896	12	255
1897	1	269
1897	2	292
1897	3	361
1897	4	187
1897	5	199
1897	6	455
1897	7	129
1897	8	135
1897	9	353
1897	10	66
1897	11	522
1897	12	370
1898	1	292
1898	2	253
1898	3	199
1898	4	212
1898	5	500
1898	6	267
1898	7	53
1898	8	118
1898	9	154
1898	10	216
1898	11	415
1898	12	138
1899	1	320
1899	2	388
1899	3	251
1899	4	519
1899	5	426
1899	6	207
1899	7	21
1899	8	421
1899	9	274
1899	10	396
1899	11	346
1899	12	338
1900	1	200
1900	2	238
1900	3	183
1900	4	435
1900	5	509
1900	6	114
1900	7	51
1900	8	289
1900	9	272
1900	10	532
1900	11	263
1900	12	223
1901	1	334
1901	2	427
1901	3	281
1901	4	263
1901	5	378
1901	6	183
1901	7	30
1901	8	94
1901	9	248
1901	10	93
1901	11	156
1901	12	357
1902	1	181
1902	2	274
1902	3	271
1902	4	344
1902	5	503
1902	6	123
1902	7	159
1902	8	152
1902	9	102
1902	10	133
1902	11	601
1902	12	445
1903	1	202
1903	2	37
1903	3	347
1903	4	185
1903	5	186
1903	6	460
1903	7	112
1903	8	232
1903	9	253
1903	10	236
1903	11	598
1903	12	356
1904	1	225
1904	2	633
1904	3	553
1904	4	296
1904	5	132
1904	6	328
1904	7	208
1904	8	85
1904	9	136
1904	10	280
1904	11	112
1904	12	233
1905	1	158
1905	2	130
1905	3	386
1905	4	357
1905	5	434
1905	6	571
1905	7	67
1905	8	4
1905	9	411
1905	10	248
1905	11	192
1905	12	285
1906	1	175
1906	2	212
1906	3	434
1906	4	77
1906	5	742
1906	6	420
1906	7	49
1906	8	119
1906	9	255
1906	10	200
1906	11	390
1906	12	563
1907	1	438
1907	2	189
1907	3	298
1907	4	256
1907	5	70
1907	6	367
1907	7	174
1907	8	38
1907	9	311
1907	10	119
1907	11	319
1907	12	286
1908	1	78
1908	2	63
1908	3	310
1908	4	309
1908	5	313
1908	6	154
1908	7	125
1908	8	134
1908	9	336
1908	10	396
1908	11	146
1908	12	140
1909	1	379
1909	2	287
1909	3	217
1909	4	226
1909	5	626
1909	6	192
1909	7	336
1909	8	0
1909	9	497
1909	10	141
1909	11	450
1909	12	324
1910	1	260
1910	2	303
1910	3	337
1910	4	404
1910	5	606
1910	6	165
1910	7	62
1910	8	20
1910	9	297
1910	10	261
1910	11	1065
1910	12	205
1911	1	36
1911	2	302
1911	3	18
1911	4	178
1911	5	930
1911	6	544
1911	7	8
1911	8	117
1911	9	259
1911	10	162
1911	11	427
1911	12	216
1912	1	566
1912	2	485
1912	3	251
1912	4	361
1912	5	807
1912	6	592
1912	7	381
1912	8	391
1912	9	155
1912	10	221
1912	11	163
1912	12	133
1913	1	224
1913	2	155
1913	3	640
1913	4	366
1913	5	488
1913	6	936
1913	7	244
1913	8	169
1913	9	231
1913	10	534
1913	11	294
1913	12	117
1914	1	428
1914	2	167
1914	3	72
1914	4	482
1914	5	238
1914	6	683
1914	7	198
1914	8	0
1914	9	316
1914	10	270
1914	11	41
1914	12	46
1915	1	78
1915	2	461
1915	3	555
1915	4	390
1915	5	1110
1915	6	215
1915	7	371
1915	8	0
1915	9	153
1915	10	106
1915	11	393
1915	12	467
1916	1	482
1916	2	486
1916	3	310
1916	4	197
1916	5	499
1916	6	324
1916	7	145
1916	8	99
1916	9	193
1916	10	48
1916	11	181
1916	12	429
1917	1	412
1917	2	155
1917	3	201
1917	4	531
1917	5	389
1917	6	86
1917	7	8
1917	8	0
1917	9	755
1917	10	43
1917	11	249
1917	12	989
1918	1	617
1918	2	164
1918	3	188
1918	4	116
1918	5	38
1918	6	125
1918	7	412
1918	8	333
1918	9	210
1918	10	453
1918	11	225
1918	12	283
1919	1	208
1919	2	237
1919	3	321
1919	4	165
1919	5	173
1919	6	28
1919	7	0
1919	8	43
1919	9	44
1919	10	341
1919	11	590
1919	12	271
1920	1	169
1920	2	23
1920	3	368
1920	4	777
1920	5	328
1920	6	246
1920	7	77
1920	8	524
1920	9	348
1920	10	473
1920	11	173
1920	12	257
1921	1	650
1921	2	212
1921	3	183
1921	4	604
1921	5	590
1921	6	219
1921	7	36
1921	8	60
1921	9	157
1921	10	176
1921	11	549
1921	12	332
1922	1	59
1922	2	221
1922	3	293
1922	4	241
1922	5	145
1922	6	153
1922	7	5
1922	8	232
1922	9	67
1922	10	97
1922	11	125
1922	12	469
1923	1	543
1923	2	149
1923	3	204
1923	4	481
1923	5	493
1923	6	871
1923	7	180
1923	8	102
1923	9	122
1923	10	828
1923	11	293
1923	12	176
1924	1	309
1924	2	306
1924	3	137
1924	4	46
1924	5	54
1924	6	310
1924	7	99
1924	8	226
1924	9	74
1924	10	182
1924	11	295
1924	12	365
1925	1	425
1925	2	120
1925	3	345
1925	4	587
1925	5	479
1925	6	149
1925	7	107
1925	8	203
1925	9	103
1925	10	89
1925	11	104
1925	12	252
1926	1	131
1926	2	395
1926	3	230
1926	4	397
1926	5	373
1926	6	105
1926	7	96
1926	8	580
1926	9	350
1926	10	248
1926	11	685
1926	12	456
1927	1	302
1927	2	265
1927	3	273
1927	4	222
1927	5	281
1927	6	546
1927	7	23
1927	8	53
1927	9	1057
1927	10	410
1927	11	582
1927	12	177
1928	1	351
1928	2	97
1928	3	282
1928	4	436
1928	5	39
1928	6	142
1928	7	112
1928	8	13
1928	9	247
1928	10	351
1928	11	242
1928	12	93
1929	1	371
1929	2	78
1929	3	375
1929	4	123
1929	5	55
1929	6	686
1929	7	5
1929	8	385
1929	9	72
1929	10	145
1929	11	58
1929	12	445
1930	1	138
1930	2	463
1930	3	294
1930	4	573
1930	5	600
1930	6	426
1930	7	18
1930	8	86
1930	9	178
1930	10	482
1930	11	77
1930	12	106
1931	1	132
1931	2	97
1931	3	473
1931	4	191
1931	5	160
1931	6	382
1931	7	0
1931	8	18
1931	9	302
1931	10	313
1931	11	177
1931	12	267
1932	1	225
1932	2	158
1932	3	809
1932	4	201
1932	5	421
1932	6	145
1932	7	57
1932	8	56
1932	9	56
1932	10	133
1932	11	458
1932	12	148
1933	1	283
1933	2	421
1933	3	228
1933	4	175
1933	5	414
1933	6	382
1933	7	73
1933	8	213
1933	9	257
1933	10	115
1933	11	245
1933	12	425
1934	1	198
1934	2	77
1934	3	306
1934	4	163
1934	5	95
1934	6	796
1934	7	21
1934	8	0
1934	9	30
1934	10	513
1934	11	274
1934	12	284
1935	1	62
1935	2	105
1935	3	194
1935	4	638
1935	5	147
1935	6	239
1935	7	148
1935	8	43
1935	9	5
1935	10	241
1935	11	122
1935	12	103
1936	1	285
1936	2	253
1936	3	316
1936	4	459
1936	5	85
1936	6	467
1936	7	160
1936	8	13
1936	9	193
1936	10	52
1936	11	0
1936	12	212
1937	1	158
1937	2	293
1937	3	458
1937	4	460
1937	5	74
1937	6	486
1937	7	46
1937	8	91
1937	9	56
1937	10	374
1937	11	455
1937	12	322
1938	1	200
1938	2	499
1938	3	304
1938	4	206
1938	5	249
1938	6	296
1938	7	100
1938	8	44
1938	9	166
1938	10	289
1938	11	501
1938	12	149
1939	1	56
1939	2	262
1939	3	78
1939	4	31
1939	5	177
1939	6	288
1939	7	71
1939	8	15
1939	9	155
1939	10	133
1939	11	3
1939	12	295
1940	1	356
1940	2	515
1940	3	629
1940	4	486
1940	5	204
1940	6	129
1940	7	299
1940	8	0
1940	9	893
1940	10	625
1940	11	479
1940	12	154
1941	1	212
1941	2	389
1941	3	122
1941	4	332
1941	5	942
1941	6	906
1941	7	269
1941	8	483
1941	9	509
1941	10	453
1941	11	249
1941	12	505
1942	1	245
1942	2	246
1942	3	280
1942	4	517
1942	5	934
1942	6	647
1942	7	117
1942	8	122
1942	9	36
1942	10	186
1942	11	578
1942	12	451
1943	1	511
1943	2	245
1943	3	202
1943	4	274
1943	5	341
1943	6	575
1943	7	170
1943	8	182
1943	9	0
1943	10	389
1943	11	135
1943	12	117
1944	1	56
1944	2	295
1944	3	232
1944	4	380
1944	5	186
1944	6	849
1944	7	41
1944	8	18
1944	9	130
1944	10	73
1944	11	337
1944	12	95
1945	1	304
1945	2	410
1945	3	372
1945	4	388
1945	5	604
1945	6	335
1945	7	0
1945	8	132
1945	9	348
1945	10	105
1945	11	326
1945	12	334
1946	1	204
1946	2	261
1946	3	398
1946	4	242
1946	5	585
1946	6	400
1946	7	264
1946	8	87
1946	9	333
1946	10	318
1946	11	351
1946	12	466
1947	1	163
1947	2	66
1947	3	299
1947	4	485
1947	5	180
1947	6	901
1947	7	34
1947	8	33
1947	9	315
1947	10	593
1947	11	447
1947	12	208
1948	1	217
1948	2	216
1948	3	324
1948	4	613
1948	5	950
1948	6	639
1948	7	236
1948	8	115
1948	9	65
1948	10	234
1948	11	273
1948	12	427
1949	1	49
1949	2	367
1949	3	146
1949	4	286
1949	5	381
1949	6	170
1949	7	38
1949	8	0
1949	9	66
1949	10	398
1949	11	509
1949	12	144
1950	1	168
1950	2	170
1950	3	428
1950	4	434
1950	5	216
1950	6	587
1950	7	64
1950	8	141
1950	9	128
1950	10	371
1950	11	270
1950	12	323
1951	1	344
1951	2	180
1951	3	343
1951	4	117
1951	5	512
1951	6	382
1951	7	104
1951	8	250
1951	9	96
1951	10	548
1951	11	218
1951	12	437
1952	1	55
1952	2	167
1952	3	285
1952	4	322
1952	5	676
1952	6	816
1952	7	72
1952	8	13
1952	9	92
1952	10	20
1952	11	142
1952	12	309
1953	1	518
1953	2	446
1953	3	439
1953	4	473
1953	5	1064
1953	6	343
1953	7	0
1953	8	242
1953	9	33
1953	10	306
1953	11	303
1953	12	498
1954	1	141
1954	2	189
1954	3	211
1954	4	454
1954	5	551
1954	6	416
1954	7	123
1954	8	491
1954	9	79
1954	10	115
1954	11	283
1954	12	114
1955	1	138
1955	2	252
1955	3	305
1955	4	316
1955	5	311
1955	6	117
1955	7	185
1955	8	0
1955	9	396
1955	10	347
1955	11	498
1955	12	628
1956	1	662
1956	2	266
1956	3	121
1956	4	51
1956	5	942
1956	6	464
1956	7	190
1956	8	279
1956	9	30
1956	10	450
1956	11	161
1956	12	405
1957	1	208
1957	2	187
1957	3	625
1957	4	474
1957	5	507
1957	6	273
1957	7	77
1957	8	61
1957	9	64
1957	10	717
1957	11	312
1957	12	466
1958	1	229
1958	2	293
1958	3	379
1958	4	531
1958	5	486
1958	6	1032
1958	7	325
1958	8	237
1958	9	166
1958	10	190
1958	11	727
1958	12	700
1959	1	283
1959	2	191
1959	3	371
1959	4	174
1959	5	450
1959	6	199
1959	7	69
1959	8	234
1959	9	889
1959	10	433
1959	11	221
1959	12	87
1960	1	148
1960	2	328
1960	3	393
1960	4	342
1960	5	1039
1960	6	79
1960	7	155
1960	8	553
1960	9	147
1960	10	263
1960	11	512
1960	12	200
1961	1	71
1961	2	313
1961	3	381
1961	4	275
1961	5	511
1961	6	109
1961	7	0
1961	8	176
1961	9	167
1961	10	244
1961	11	432
1961	12	289
1962	1	308
1962	2	239
1962	3	174
1962	4	244
1962	5	602
1962	6	76
1962	7	43
1962	8	46
1962	9	164
1962	10	508
1962	11	209
1962	12	190
1963	1	126
1963	2	328
1963	3	389
1963	4	381
1963	5	322
1963	6	584
1963	7	97
1963	8	142
1963	9	370
1963	10	130
1963	11	272
1963	12	180
1964	1	196
1964	2	56
1964	3	121
1964	4	304
1964	5	165
1964	6	739
1964	7	293
1964	8	125
1964	9	262
1964	10	110
1964	11	184
1964	12	676
1965	1	914
1965	2	92
1965	3	51
1965	4	242
1965	5	279
1965	6	445
1965	7	230
1965	8	845
1965	9	97
1965	10	31
1965	11	167
1965	12	16
1966	1	201
1966	2	245
1966	3	201
1966	4	115
1966	5	166
1966	6	277
1966	7	152
1966	8	231
1966	9	289
1966	10	282
1966	11	395
1966	12	587
1967	1	224
1967	2	120
1967	3	443
1967	4	294
1967	5	287
1967	6	316
1967	7	28
1967	8	13
1967	9	91
1967	10	430
1967	11	277
1967	12	324
1968	1	134
1968	2	330
1968	3	249
1968	4	82
1968	5	271
1968	6	349
1968	7	72
1968	8	406
1968	9	409
1968	10	286
1968	11	591
1968	12	316
1969	1	310
1969	2	177
1969	3	82
1969	4	609
1969	5	474
1969	6	664
1969	7	69
1969	8	0
1969	9	160
1969	10	369
1969	11	181
1969	12	324
1970	1	668
1970	2	154
1970	3	366
1970	4	170
1970	5	602
1970	6	797
1970	7	177
1970	8	0
1970	9	723
1970	10	593
1970	11	422
1970	12	203
1971	1	628
1971	2	207
1971	3	267
1971	4	289
1971	5	583
1971	6	509
1971	7	160
1971	8	112
1971	9	418
1971	10	151
1971	11	307
1971	12	414
1972	1	371
1972	2	188
1972	3	525
1972	4	188
1972	5	277
1972	6	498
1972	7	28
1972	8	154
1972	9	351
1972	10	93
1972	11	338
1972	12	267
1973	1	156
1973	2	53
1973	3	92
1973	4	37
1973	5	419
1973	6	195
1973	7	20
1973	8	26
1973	9	575
1973	10	310
1973	11	533
1973	12	569
1974	1	256
1974	2	107
1974	3	353
1974	4	453
1974	5	204
1974	6	193
1974	7	449
1974	8	40
1974	9	46
1974	10	59
1974	11	120
1974	12	427
1975	1	643
1975	2	196
1975	3	214
1975	4	349
1975	5	350
1975	6	347
1975	7	175
1975	8	372
1975	9	43
1975	10	463
1975	11	205
1975	12	400
1976	1	211
1976	2	257
1976	3	151
1976	4	593
1976	5	195
1976	6	166
1976	7	79
1976	8	718
1976	9	71
1976	10	109
1976	11	140
1976	12	34
1977	1	62
1977	2	175
1977	3	194
1977	4	112
1977	5	976
1977	6	179
1977	7	54
1977	8	231
1977	9	372
1977	10	130
1977	11	517
1977	12	591
1978	1	234
1978	2	191
1978	3	262
1978	4	938
1978	5	288
1978	6	152
1978	7	183
1978	8	324
1978	9	422
1978	10	46
1978	11	399
1978	12	423
1979	1	120
1979	2	178
1979	3	238
1979	4	470
1979	5	336
1979	6	447
1979	7	10
1979	8	621
1979	9	82
1979	10	302
1979	11	299
1979	12	161
1980	1	294
1980	2	169
1980	3	485
1980	4	373
1980	5	789
1980	6	540
1980	7	206
1980	8	33
1980	9	612
1980	10	275
1980	11	226
1980	12	355
1981	1	255
1981	2	452
1981	3	383
1981	4	218
1981	5	622
1981	6	746
1981	7	199
1981	8	3
1981	9	152
1981	10	449
1981	11	469
1981	12	373
1982	1	462
1982	2	370
1982	3	300
1982	4	129
1982	5	236
1982	6	333
1982	7	732
1982	8	250
1982	9	371
1982	10	539
1982	11	205
1982	12	359
1983	1	324
1983	2	261
1983	3	732
1983	4	369
1983	5	271
1983	6	420
1983	7	350
1983	8	353
1983	9	143
1983	10	146
1983	11	433
1983	12	792
1984	1	342
1984	2	116
1984	3	635
1984	4	531
1984	5	594
1984	6	849
1984	7	153
1984	8	613
1984	9	321
1984	10	458
1984	11	391
1984	12	225
1985	1	90
1985	2	74
1985	3	88
1985	4	185
1985	5	473
1985	6	289
1985	7	204
1985	8	343
1985	9	400
1985	10	309
1985	11	561
1985	12	89
1986	1	301
1986	2	771
1986	3	283
1986	4	170
1986	5	366
1986	6	84
1986	7	125
1986	8	80
1986	9	338
1986	10	147
1986	11	484
1986	12	38
1987	1	173
1987	2	419
1987	3	338
1987	4	119
1987	5	312
1987	6	412
1987	7	288
1987	8	13
1987	9	43
1987	10	0
1987	11	237
1987	12	202
1988	1	212
1988	2	262
1988	3	307
1988	4	385
1988	5	499
1988	6	465
1988	7	8
1988	8	36
1988	9	147
1988	10	49
1988	11	505
1988	12	118
1989	1	336
1989	2	232
1989	3	432
1989	4	327
1989	5	338
1989	6	318
1989	7	53
1989	8	694
1989	9	277
1989	10	250
1989	11	268
1989	12	58
1990	1	319
1990	2	159
1990	3	246
1990	4	539
1990	5	668
1990	6	386
1990	7	51
1990	8	183
1990	9	13
1990	10	348
1990	11	282
1990	12	133
1991	1	240
1991	2	87
1991	3	451
1991	4	233
1991	5	1279
1991	6	408
1991	7	127
1991	8	31
1991	9	33
1991	10	163
1991	11	825
1991	12	95
1992	1	69
1992	2	236
1992	3	185
1992	4	291
1992	5	126
1992	6	584
1992	7	339
1992	8	117
1992	9	156
1992	10	218
1992	11	391
1992	12	180
1993	1	295
1993	2	156
1993	3	372
1993	4	669
1993	5	490
1993	6	718
1993	7	382
1993	8	264
1993	9	0
1993	10	144
1993	11	79
1993	12	353
1994	1	266
1994	2	558
1994	3	70
1994	4	636
1994	5	672
1994	6	335
1994	7	94
1994	8	69
1994	9	169
1994	10	285
1994	11	370
1994	12	279
1995	1	474
1995	2	174
1995	3	495
1995	4	797
1995	5	427
1995	6	463
1995	7	39
1995	8	293
1995	9	113
1995	10	336
1995	11	915
1995	12	442
1996	1	243
1996	2	203
1996	3	186
1996	4	561
1996	5	887
1996	6	263
1996	7	31
1996	8	100
1996	9	81
1996	10	295
1996	11	582
1996	12	643
1997	1	308
1997	2	261
1997	3	137
1997	4	836
1997	5	432
1997	6	300
1997	7	599
1997	8	68
1997	9	211
1997	10	282
1997	11	244
1997	12	219
1998	1	489
1998	2	200
1998	3	193
1998	4	451
1998	5	1640
1998	6	135
1998	7	376
1998	8	36
1998	9	349
1998	10	185
1998	11	636
1998	12	331
1999	1	268
1999	2	360
1999	3	188
1999	4	126
1999	5	181
1999	6	129
1999	7	53
1999	8	189
1999	9	0
1999	10	262
1999	11	563
1999	12	331
2000	1	393
2000	2	317
2000	3	331
2000	4	216
2000	5	490
2000	6	282
2000	7	31
2000	8	0
2000	9	369
2000	10	591
2000	11	153
2000	12	134
2001	1	214
2001	2	59
2001	3	165
2001	4	408
2001	5	320
2001	6	327
2001	7	133
2001	8	102
2001	9	82
2001	10	341
2001	11	305
2001	12	262
2002	1	349
2002	2	78
2002	3	608
2002	4	273
2002	5	170
2002	6	525
2002	7	52
2002	8	128
2002	9	275
2002	10	157
2002	11	135
2002	12	311
2003	1	458
2003	2	326
2003	3	509
2003	4	682
2003	5	651
2003	6	96
2003	7	18
2003	8	317
2003	9	230
2003	10	176
2003	11	295
2003	12	471
2004	1	626
2004	2	123
2004	3	141
2004	4	253
2004	5	1007
2004	6	84
2004	7	213
2004	8	389
2004	9	219
2004	10	417
2004	11	427
2004	12	186
2005	1	158
2005	2	168
2005	3	201
2005	4	341
2005	5	953
2005	6	474
2005	7	86
2005	8	10
2005	9	8
2005	10	347
2005	11	369
2005	12	132
2006	1	295
2006	2	84
2006	3	197
2006	4	456
2006	5	608
2006	6	395
2006	7	49
2006	8	96
2006	9	207
2006	10	120
2006	11	260
2006	12	264
2007	1	84
2007	2	178
2007	3	146
2007	4	297
2007	5	189
2007	6	386
2007	7	61
2007	8	146
2007	9	117
2007	10	238
2007	11	359
2007	12	290
2008	1	209
2008	2	87
2008	3	244
2008	4	171
2008	5	433
2008	6	463
2008	7	19
2008	8	147
2008	9	160
2008	10	187
2008	11	391
2008	12	372
2009	1	341
2009	2	82
2009	3	518
2009	4	233
2009	5	487
2009	6	370
2009	7	36
2009	8	405
2009	9	5
2009	10	496
2009	11	104
2009	12	209
2010	1	296
2010	2	62
2010	3	297
2010	4	664
2010	5	862
2010	6	732
2010	7	168
2010	8	66
2010	9	123
2010	10	132
2010	11	292
2010	12	388
2011	1	307
2011	2	253
2011	3	385
2011	4	498
2011	5	852
2011	6	408
2011	7	67
2011	8	0
2011	9	29
2011	10	308
2011	11	246
2011	12	138
2012	1	303
2012	2	185
2012	3	301
2012	4	461
2012	5	293
2012	6	577
2012	7	125
2012	8	0
2012	9	64
2012	10	482
2012	11	206
2012	12	247
2013	1	290
2013	2	145
2013	3	206
2013	4	362
2013	5	425
2013	6	506
2013	7	19
2013	8	209
2013	9	667
2013	10	128
2013	11	237
2013	12	212
2014	1	231
2014	2	242
2014	3	471
2014	4	401
2014	5	281
2014	6	550
2014	7	26
2014	8	225
2014	9	120
2014	10	171
2014	11	435
2014	12	554
2015	1	180
2015	2	211
2015	3	197
2015	4	140
2015	5	574
2015	6	174
2015	7	208
2015	8	63
2015	9	193
2015	10	38
