1893	2	333
1893	3	459
1893	4	397
1893	7	1516
1893	8	1360
1893	9	1684
1893	10	44
1893	11	670
1893	12	383
1894	1	920
1894	2	448
1894	3	1352
1894	4	991
1894	5	681
1894	6	173
1894	7	543
1894	8	379
1894	9	928
1894	10	467
1894	11	79
1894	12	615
1895	1	247
1895	2	20
1895	3	370
1895	4	304
1895	5	583
1895	6	1505
1895	7	1595
1895	8	1078
1895	9	71
1895	10	397
1895	11	1065
1895	12	1059
1896	1	333
1896	2	229
1896	3	365
1896	4	371
1896	5	1040
1896	6	572
1896	7	614
1896	8	404
1896	9	446
1896	10	525
1896	11	570
1896	12	245
1897	1	703
1897	2	141
1897	3	1483
1897	4	1394
1897	5	1457
1897	6	909
1897	7	803
1897	8	306
1897	9	315
1897	10	380
1897	11	162
1897	12	594
1898	1	911
1898	2	530
1898	3	1669
1898	4	421
1898	5	2221
1898	6	918
1898	7	737
1898	8	733
1898	9	282
1898	10	451
1898	11	312
1898	12	980
1899	1	473
1899	2	165
1899	3	205
1899	4	811
1899	5	1916
1899	6	700
1899	7	1152
1899	8	53
1899	9	371
1899	10	1072
1899	11	1515
1899	12	597
1900	1	283
1900	2	412
1900	3	336
1900	4	1082
1900	5	1392
1900	6	157
1900	7	1415
1900	8	594
1900	9	1472
1900	10	989
1900	11	422
1900	12	108
1901	1	135
1901	2	231
1901	3	332
1901	4	456
1901	5	2020
1901	6	413
1901	7	267
1901	8	374
1901	9	183
1901	10	606
1901	11	255
1901	12	341
1902	1	149
1902	2	42
1902	3	1149
1902	4	763
1902	5	2792
1902	6	209
1902	7	551
1902	8	474
1902	9	1301
1902	10	547
1902	11	1621
1902	12	679
1903	1	255
1903	2	1090
1903	3	767
1903	4	109
1903	5	1279
1903	6	816
1903	7	556
1903	8	644
1903	9	502
1903	10	1045
1903	11	49
1903	12	219
1904	1	473
1904	2	108
1904	3	425
1904	4	444
1904	5	995
1904	6	2374
1904	7	438
1904	8	752
1904	9	852
1904	10	334
1904	11	47
1904	12	132
1905	1	543
1905	2	369
1905	3	1144
1905	4	1244
1905	5	3098
1905	6	528
1905	7	1117
1905	8	649
1905	9	384
1905	10	589
1905	11	558
1905	12	567
1906	1	306
1906	2	327
1906	3	726
1906	4	1083
1906	5	1493
1906	6	736
1906	7	1106
1906	8	2832
1906	9	652
1906	10	385
1906	11	130
1906	12	387
1907	1	66
1907	2	138
1907	3	940
1907	4	676
1907	5	1031
1907	6	1242
1907	7	347
1907	8	337
1907	9	518
1907	10	922
1907	11	589
1907	12	696
1908	1	470
1908	2	1101
1908	3	267
1908	4	1470
1908	5	3199
1908	6	4430
1908	7	297
1908	8	520
1908	9	933
1908	10	1836
1908	11	1719
1908	12	0
1909	1	243
1909	2	173
1909	3	562
1909	4	672
1909	5	2061
1909	6	437
1909	7	160
1909	8	580
1909	9	101
1909	10	392
1909	11	722
1909	12	559
1910	1	194
1910	2	136
1910	3	69
1910	4	1250
1910	5	1287
1910	6	383
1910	7	692
1910	8	964
1910	9	124
1910	10	416
1910	11	254
1910	12	140
1911	1	51
1911	2	963
1911	3	191
1911	4	644
1911	5	702
1911	6	657
1911	7	1752
1911	8	980
1911	9	539
1911	10	468
1911	11	239
1911	12	825
1912	1	5
1912	2	392
1912	3	1242
1912	4	1166
1912	5	813
1912	6	1645
1912	7	204
1912	8	1298
1912	9	608
1912	10	1392
1912	11	163
1912	12	336
1913	1	476
1913	2	371
1913	3	611
1913	4	678
1913	5	1201
1913	6	196
1913	7	341
1913	8	59
1913	9	948
1913	10	1258
1913	11	1301
1913	12	1204
1914	1	53
1914	2	186
1914	3	808
1914	4	750
1914	5	2188
1914	6	531
1914	7	252
1914	8	2431
1914	9	584
1914	10	201
1914	11	280
1914	12	1182
1915	1	279
1915	2	724
1915	3	794
1915	4	1568
1915	5	1705
1915	6	1424
1915	7	369
1915	8	1899
1915	9	307
1915	10	1676
1915	11	170
1915	12	352
1916	1	2956
1916	2	46
1916	3	1103
1916	4	1139
1916	5	1121
1916	6	1311
1916	7	163
1916	8	321
1916	9	1146
1916	10	764
1916	11	940
1916	12	147
1917	1	253
1917	2	211
1917	3	208
1917	4	965
1917	5	654
1917	6	594
1917	7	1312
1917	8	1281
1917	9	108
1917	10	82
1917	11	274
1917	12	19
1918	1	388
1918	2	41
1918	3	1700
1918	4	928
1918	5	1951
1918	6	1163
1918	7	13
1918	8	817
1918	9	649
1918	10	1028
1918	11	417
1918	12	1039
1919	1	175
1919	2	511
1919	3	427
1919	4	712
1919	5	1382
1919	6	617
1919	7	48
1919	8	1904
1919	9	102
1919	10	1621
1919	11	671
1919	12	76
1920	1	555
1920	2	69
1920	3	409
1920	4	901
1920	5	1159
1920	6	928
1920	7	409
1920	8	853
1920	9	1809
1920	10	1240
1920	11	242
1920	12	483
1921	1	635
1921	2	763
1921	3	1377
1921	4	1585
1921	5	1002
1921	6	2099
1921	7	481
1921	8	380
1921	9	447
1921	10	13
1921	11	330
1921	12	313
1922	1	500
1922	2	305
1922	3	928
1922	4	1651
1922	5	1370
1922	6	603
1922	7	959
1922	8	708
1922	9	198
1922	10	488
1922	11	1189
1922	12	160
1923	1	663
1923	2	369
1923	3	416
1923	4	1043
1923	5	2416
1923	6	818
1923	7	5
1923	8	614
1923	9	2524
1923	10	2998
1923	11	1118
1923	12	1105
1924	1	248
1924	2	330
1924	3	930
1924	4	1514
1924	5	961
1924	6	932
1924	7	340
1924	8	168
1924	9	575
1924	10	61
1924	11	203
1924	12	805
1925	1	251
1925	2	254
1925	3	88
1925	4	884
1925	5	2060
1925	6	0
1925	7	975
1925	8	704
1925	9	2169
1925	10	425
1925	11	320
1925	12	56
1926	1	843
1926	2	122
1926	3	489
1926	4	566
1926	5	447
1926	6	1203
1926	7	1596
1926	8	915
1926	9	2720
1926	10	1762
1926	11	96
1926	12	750
1927	1	1120
1927	2	514
1927	3	1062
1927	4	1642
1927	5	582
1927	6	1651
1927	7	1812
1927	8	1298
1927	9	1605
1927	10	508
1927	11	269
1927	12	684
1928	1	407
1928	2	607
1928	3	127
1928	4	1074
1928	5	711
1928	6	2476
1928	7	934
1928	8	1029
1928	9	111
1928	10	1122
1928	11	707
1928	12	434
1929	1	587
1929	2	240
1929	3	644
1929	4	438
1929	5	2423
1929	6	490
1929	7	371
1929	8	0
1929	9	1291
1929	10	1664
1929	11	515
1929	12	330
1930	1	902
1930	2	553
1930	3	64
1930	4	833
1930	5	1405
1930	6	1015
1930	7	63
1930	8	242
1930	9	673
1930	10	572
1930	11	744
1930	12	482
1931	1	0
1931	2	654
1931	3	1118
1931	4	518
1931	5	581
1931	6	497
1931	7	1462
1931	8	620
1931	9	91
1931	10	1895
1931	11	1204
1931	12	275
1932	1	1674
1932	2	787
1932	3	522
1932	4	1215
1932	5	555
1932	6	2106
1932	7	702
1932	8	402
1932	9	154
1932	10	557
1932	11	112
1932	12	1763
1933	1	589
1933	2	348
1933	3	1106
1933	4	649
1933	5	1400
1933	6	53
1933	7	772
1933	8	2156
1933	9	925
1933	10	848
1933	11	730
1933	12	188
1934	1	404
1934	2	791
1934	3	599
1934	4	1175
1934	5	792
1934	6	727
1934	7	107
1934	8	792
1934	9	1754
1934	10	135
1934	11	1382
1934	12	127
1935	1	419
1935	2	63
1935	3	1044
1935	4	679
1935	5	2841
1935	6	1808
1935	7	559
1935	8	876
1935	9	843
1935	10	726
1935	11	1165
1935	12	713
1936	1	68
1936	2	71
1936	3	271
1936	4	191
1936	5	1746
1936	6	564
1936	7	488
1936	8	18
1936	9	2874
1936	10	861
1936	11	111
1936	12	666
1937	1	741
1937	2	30
1937	3	793
1937	4	541
1937	5	1065
1937	6	769
1937	7	641
1937	8	1039
1937	9	603
1937	10	621
1937	11	726
1937	12	569
1938	1	516
1938	2	2263
1938	3	1287
1938	4	452
1938	5	1390
1938	6	1618
1938	7	1181
1938	8	358
1938	9	444
1938	10	391
1938	11	571
1938	12	119
1939	1	572
1939	2	216
1939	3	387
1939	4	552
1939	5	838
1939	6	1578
1939	7	231
1939	8	444
1939	9	109
1939	10	758
1939	11	477
1939	12	241
1940	1	112
1940	2	740
1940	3	5
1940	4	1607
1940	5	648
1940	6	1579
1940	7	1726
1940	8	988
1940	9	1274
1940	10	510
1940	11	1773
1940	12	821
1941	1	541
1941	2	892
1941	3	137
1941	4	1367
1941	5	704
1941	6	1364
1941	7	178
1941	8	1443
1941	9	864
1941	10	3328
1941	11	376
1941	12	552
1942	1	107
1942	2	278
1942	3	252
1942	4	2719
1942	5	1162
1942	6	1994
1942	7	557
1942	8	960
1942	9	632
1942	10	1174
1942	11	429
1942	12	868
1943	1	28
1943	2	127
1943	3	742
1943	4	667
1943	5	2557
1943	6	874
1943	7	56
1943	8	0
1943	9	588
1943	10	708
1943	11	0
1943	12	1012
1944	1	1023
1944	2	1239
1944	3	613
1944	4	792
1944	5	2695
1944	6	336
1944	7	630
1944	8	503
1944	9	614
1944	10	1606
1944	11	726
1944	12	657
1945	1	270
1945	2	1552
1945	3	1732
1945	4	1810
1945	5	843
1945	6	2554
1945	7	1408
1945	8	1049
1945	9	2851
1945	10	322
1945	11	152
1945	12	172
1946	1	1025
1946	2	592
1946	3	915
1946	4	1579
1946	5	1529
1946	6	519
1946	7	229
1946	8	1775
1946	9	242
1946	10	84
1946	11	1529
1946	12	1859
1947	1	142
1947	2	64
1947	3	253
1947	4	2009
1947	5	2259
1947	6	1554
1947	7	551
1947	8	213
1947	9	1072
1947	10	538
1947	11	470
1947	12	691
1948	1	380
1948	2	1037
1948	3	860
1948	4	300
1948	5	2691
1948	6	2564
1948	7	544
1948	8	91
1948	9	0
1948	10	99
1948	11	199
1948	12	702
1949	1	1768
1949	2	966
1949	3	1206
1949	4	461
1949	5	2028
1949	6	888
1949	7	269
1949	8	495
1949	9	1661
1949	10	1225
1949	11	5
1949	12	349
1950	1	669
1950	2	509
1950	3	150
1950	4	420
1950	5	2603
1950	6	1807
1950	7	3129
1950	8	1499
1950	9	1029
1950	10	89
1950	11	71
1950	12	33
1951	1	307
1951	2	987
1951	3	364
1951	4	315
1951	5	758
1951	6	981
1951	7	1025
1951	8	640
1951	9	335
1951	10	803
1951	11	442
1951	12	136
1952	1	33
1952	2	488
1952	3	986
1952	4	1323
1952	5	1019
1952	6	193
1952	7	797
1952	8	415
1952	9	38
1952	10	66
1952	11	1160
1952	12	309
1953	1	119
1953	2	409
1953	3	1142
1953	4	1306
1953	5	1033
1953	6	431
1953	7	1953
1953	8	1073
1953	9	673
1953	10	1532
1953	11	1083
1953	12	302
1954	1	321
1954	2	272
1954	3	213
1954	4	889
1954	5	1506
1954	6	828
1954	7	23
1954	8	328
1954	9	30
1954	10	1212
1954	11	99
1954	12	781
1955	1	458
1955	2	541
1955	3	607
1955	4	807
1955	5	2499
1955	6	336
1955	7	181
1955	8	1430
1955	9	1496
1955	10	870
1955	11	23
1955	12	155
1956	1	417
1956	2	840
1956	3	250
1956	4	264
1956	5	996
1956	6	458
1956	7	271
1956	8	147
1956	9	38
1956	10	694
1956	11	886
1956	12	948
1957	1	721
1957	2	732
1957	3	1308
1957	4	2317
1957	5	3711
1957	6	1839
1957	7	56
1957	8	582
1957	9	1957
1957	10	497
1957	11	1034
1957	12	396
1958	1	377
1958	2	423
1958	3	1021
1958	4	765
1958	5	1406
1958	6	1386
1958	7	662
1958	8	2251
1958	9	228
1958	10	203
1958	11	664
1958	12	402
1959	1	31
1959	2	261
1959	3	680
1959	4	724
1959	5	1410
1959	6	1300
1959	7	1991
1959	8	265
1959	9	1760
1959	10	2265
1959	11	317
1959	12	1011
1960	1	830
1960	2	786
1960	3	442
1960	4	712
1960	5	2451
1960	6	211
1960	7	1294
1960	8	870
1960	9	972
1960	10	1826
1960	11	120
1960	12	1067
1961	1	134
1961	2	529
1961	3	1073
1961	4	362
1961	5	1441
1961	6	887
1961	7	1544
1961	8	378
1961	9	1832
1961	10	1214
1961	11	977
1961	12	681
1962	1	163
1962	2	127
1962	3	923
1962	4	802
1962	5	672
1962	6	1855
1962	7	488
1962	8	325
1962	9	1704
1962	10	1234
1962	11	761
1962	12	847
1963	1	38
1963	2	10
1963	3	963
1963	4	1244
1963	5	542
1963	6	465
1963	7	825
1963	8	566
1963	9	385
1963	10	5
1963	11	409
1963	12	523
1964	1	240
1964	2	537
1964	3	694
1964	4	359
1964	5	1514
1964	6	827
1964	7	112
1964	8	1235
1964	9	1414
1964	10	218
1964	11	1518
1964	12	243
1965	1	405
1965	2	417
1965	3	361
1965	4	754
1965	5	1351
1965	6	347
1965	7	925
1965	8	313
1965	9	712
1965	10	282
1965	11	219
1965	12	444
1966	1	262
1966	2	649
1966	3	312
1966	4	1512
1966	5	216
1966	6	445
1966	7	806
1966	8	1500
1966	9	764
1966	10	262
1966	11	242
1966	12	300
1967	1	216
1967	2	86
1967	3	109
1967	4	1716
1967	5	1657
1967	6	698
1967	7	517
1967	8	457
1967	9	1827
1967	10	1121
1967	11	183
1967	12	360
1968	1	1006
1968	2	323
1968	3	740
1968	4	620
1968	5	1743
1968	6	1661
1968	7	1146
1968	8	808
1968	9	908
1968	10	588
1968	11	1459
1968	12	432
1969	1	432
1969	2	917
1969	3	704
1969	4	1338
1969	5	2080
1969	6	914
1969	7	157
1969	8	1521
1969	9	488
1969	10	2210
1969	11	99
1969	12	922
1970	1	107
1970	2	427
1970	3	906
1970	4	1331
1970	5	635
1970	6	1000
1970	7	351
1970	8	345
1970	9	2855
1970	10	3155
1970	11	280
1970	12	102
1971	1	389
1971	2	285
1971	3	74
1971	4	933
1971	5	1312
1971	6	749
1971	7	786
1971	8	1914
1971	9	566
1971	10	1323
1971	11	249
1971	12	1307
1972	1	104
1972	2	211
1972	3	69
1972	4	739
1972	5	1025
1972	6	699
1972	7	386
1972	8	725
1972	9	1561
1972	10	2287
1972	11	1126
1972	12	222
1973	1	671
1973	2	728
1973	3	2044
1973	4	1525
1973	5	681
1973	6	2739
1973	7	668
1973	8	889
1973	9	2666
1973	10	1515
1973	11	1742
1973	12	326
1974	1	226
1974	2	361
1974	3	285
1974	4	1296
1974	5	1232
1974	6	969
1974	7	378
1974	8	870
1974	9	1732
1974	10	1935
1974	11	636
1974	12	460
1975	1	510
1975	2	1078
1975	3	1210
1975	4	726
1975	5	1428
1975	6	1308
1975	7	1112
1975	8	569
1975	9	730
1975	10	142
1975	11	976
1975	12	488
1976	1	23
1976	2	86
1976	3	862
1976	4	1027
1976	5	1325
1976	6	691
1976	7	363
1976	8	647
1976	9	129
1976	10	1014
1976	11	298
1976	12	439
1977	1	356
1977	2	241
1977	3	1301
1977	4	625
1977	5	1626
1977	6	617
1977	7	839
1977	8	1650
1977	9	530
1977	10	298
1977	11	335
1977	12	92
1978	1	431
1978	2	848
1978	3	668
1978	4	1550
1978	5	2193
1978	6	1102
1978	7	183
1978	8	203
1978	9	460
1978	10	223
1978	11	930
1978	12	102
1979	1	607
1979	2	195
1979	3	1144
1979	4	642
1979	5	1673
1979	6	1708
1979	7	684
1979	8	508
1979	9	808
1979	10	455
1979	11	752
1979	12	350
1980	1	401
1980	2	308
1980	3	589
1980	4	223
1980	5	1748
1980	6	771
1980	7	0
1980	8	143
1980	9	955
1980	10	321
1980	11	446
1980	12	627
1981	1	69
1981	2	668
1981	3	602
1981	4	602
1981	5	1435
1981	6	752
1981	7	1137
1981	8	1305
1981	9	831
1981	10	2947
1981	11	589
1981	12	56
1982	1	745
1982	2	875
1982	3	300
1982	4	183
1982	5	3674
1982	6	1446
1982	7	503
1982	8	53
1982	9	355
1982	10	631
1982	11	903
1982	12	576
1983	1	359
1983	2	972
1983	3	526
1983	4	1068
1983	5	2499
1983	6	1279
1983	7	383
1983	8	273
1983	9	591
1983	10	970
1983	11	845
1983	12	264
1984	1	168
1984	2	503
1984	3	805
1984	4	591
1984	5	505
1984	6	1170
1984	7	236
1984	8	209
1984	9	567
1984	10	2003
1984	11	737
1984	12	1194
1985	1	589
1985	2	614
1985	3	1636
1985	4	1166
1985	5	551
1985	6	1789
1985	7	188
1985	8	1021
1985	9	677
1985	10	2825
1985	11	606
1985	12	633
1986	1	0
1986	2	411
1986	3	394
1986	4	708
1986	5	1730
1986	6	1121
1986	7	25
1986	8	328
1986	9	1170
1986	10	839
1986	11	1260
1986	12	271
1987	1	784
1987	2	1441
1987	3	747
1987	4	89
1987	5	2608
1987	6	562
1987	7	799
1987	8	683
1987	9	1642
1987	10	401
1987	11	892
1987	12	1401
1988	1	422
1988	2	172
1988	3	1312
1988	4	456
1988	5	64
1988	6	416
1988	7	668
1988	8	406
1988	9	929
1988	10	952
1988	11	618
1988	12	678
1989	1	304
1989	2	1760
1989	3	844
1989	4	137
1989	5	1156
1989	6	2118
1989	7	572
1989	8	2828
1989	9	2186
1989	10	488
1989	11	79
1989	12	83
1990	1	1050
1990	2	866
1990	3	2029
1990	4	2888
1990	5	2593
1990	6	440
1990	7	2027
1990	8	504
1990	9	1756
1990	10	378
1990	11	1098
1990	12	621
1991	1	488
1991	2	170
1991	3	531
1991	4	417
1991	5	1879
1991	6	1377
1991	7	1148
1991	8	368
1991	9	1948
1991	10	1192
1991	11	896
1991	12	1677
1992	1	431
1992	2	229
1992	3	867
1992	4	1309
1992	5	1981
1992	6	1915
1992	7	1577
1992	8	683
1992	9	1426
1992	10	151
1992	11	902
1992	12	1443
1993	1	354
1993	2	1306
1993	3	1097
1993	4	1810
1993	5	935
1993	6	692
1993	7	64
1993	8	940
1993	9	3173
1993	10	242
1993	11	556
1993	12	931
1994	1	232
1994	2	442
1994	3	1405
1994	4	1041
1994	5	1501
1994	6	254
1994	7	1106
1994	8	710
1994	9	1277
1994	10	707
1994	11	1643
1994	12	406
1995	1	712
1995	2	84
1995	3	1345
1995	4	1412
1995	5	2060
1995	6	1181
1995	7	1610
1995	8	396
1995	9	2063
1995	10	137
1995	11	267
1995	12	549
1996	1	361
1996	2	8
1996	3	808
1996	4	1579
1996	5	66
1996	6	1173
1996	7	2172
1996	8	1717
1996	9	1384
1996	10	491
1996	11	1445
1996	12	109
1997	1	74
1997	2	1386
1997	3	236
1997	4	1278
1997	5	1140
1997	6	1197
1997	7	522
1997	8	890
1997	9	349
1997	10	1088
1997	11	462
1997	12	1285
1998	1	1873
1998	2	415
1998	3	1594
1998	4	1040
1998	5	216
1998	6	386
1998	7	5
1998	8	1156
1998	9	678
1998	10	1006
1998	11	697
1998	12	642
1999	1	603
1999	2	229
1999	3	1482
1999	4	1713
1999	5	1590
1999	6	2217
1999	7	89
1999	8	1019
1999	9	1313
1999	10	358
1999	11	218
1999	12	534
2000	1	669
2000	2	335
2000	3	1102
2000	4	630
2000	5	1044
2000	6	1585
2000	7	457
2000	8	0
2000	9	333
2000	10	2342
2000	11	1443
2000	12	454
2001	1	883
2001	2	950
2001	3	239
2001	4	526
2001	5	1550
2001	6	242
2001	7	269
2001	8	256
2001	9	2364
2001	10	971
2001	11	196
2001	12	1026
2002	1	330
2002	2	238
2002	3	733
2002	4	1471
2002	5	968
2002	6	1048
2002	7	1026
2002	8	665
2002	9	844
2002	10	1051
2002	11	251
2002	12	1427
2003	1	0
2003	2	525
2003	3	483
2003	4	294
2003	5	503
2003	6	1480
2003	7	83
2003	8	991
2003	9	968
2003	10	277
2003	11	584
2003	12	295
2004	1	452
2004	2	685
2004	3	635
2004	4	867
2004	5	160
2004	6	2038
2004	7	1861
2004	8	663
2004	9	147
2004	10	2334
2004	11	1653
2004	12	272
2005	1	1237
2005	2	419
2005	3	145
2005	4	199
2005	5	579
2005	6	851
2005	7	1179
2005	8	1702
2005	9	853
2005	10	594
2005	11	163
2005	12	61
2006	1	300
2006	2	53
2006	3	1371
2006	4	952
2006	5	445
2006	6	278
2006	7	168
2006	8	290
2006	9	646
2006	10	1555
2006	11	747
2006	12	975
2007	1	684
2007	2	371
2007	3	1148
2007	4	909
2007	5	2036
2007	6	3660
2007	7	1009
2007	8	1086
2007	9	71
2007	10	574
2007	11	145
2007	12	711
2008	1	64
2008	2	745
2008	3	1647
2008	4	746
2008	5	1095
2008	6	1923
2008	7	153
2008	8	1089
2008	9	765
2008	10	492
2008	11	178
2008	12	97
2009	1	343
2009	2	389
2009	3	782
2009	4	1479
2009	5	1655
2009	6	1588
2009	7	1168
2009	8	303
2009	9	1363
2009	10	2856
2009	11	122
2009	12	638
2010	1	607
2010	2	630
2010	3	501
2010	4	844
2010	5	2122
2010	6	1603
2010	7	87
2010	8	475
2010	9	1359
2010	10	401
2010	11	251
2010	12	356
2011	1	38
2011	2	422
2011	3	131
2011	4	750
2011	5	1701
2011	6	168
2011	7	86
2011	8	334
2011	9	441
2011	10	840
2011	11	1244
2011	12	561
2012	1	780
2012	2	446
2012	3	1479
2012	4	496
2012	5	709
2012	6	1059
2012	7	232
2012	8	810
2012	9	1356
2012	10	305
2012	11	138
2012	12	418
2013	1	502
2013	2	675
2013	3	697
2013	4	1239
2013	5	2075
2013	6	1655
2013	7	1123
2013	8	591
2013	9	585
2013	10	966
2013	11	648
2013	12	787
2014	1	95
2014	2	208
2014	3	711
2014	4	469
2014	5	764
2014	6	1300
2014	7	1065
2014	8	180
2014	9	716
2014	10	822
2014	11	794
2014	12	483
2015	1	338
2015	2	366
2015	3	958
2015	4	1137
2015	5	6467
2015	6	2491
2015	7	1093
2015	8	333
2015	9	294
2015	10	1077
