1893	1	65
1893	2	405
1893	4	0
1893	5	325
1893	6	10
1893	7	703
1893	8	1578
1893	9	1420
1893	10	13
1893	11	10
1893	12	52
1894	1	52
1894	2	226
1894	3	260
1894	4	4
1894	5	110
1894	6	203
1894	7	384
1894	8	925
1894	9	111
1894	10	67
1894	11	0
1894	12	117
1895	1	223
1895	2	317
1895	3	0
1895	4	1
1895	5	256
1895	6	491
1895	7	2431
1895	8	1291
1895	9	212
1895	10	496
1895	11	299
1895	12	63
1896	1	122
1896	2	94
1896	3	33
1896	4	7
1896	5	20
1896	6	411
1896	7	1329
1896	8	458
1896	9	377
1896	10	1948
1896	11	23
1896	12	94
1897	1	407
1897	2	0
1897	3	330
1897	4	18
1897	5	637
1897	6	202
1897	7	1713
1897	8	1240
1897	9	526
1897	10	361
1897	11	15
1897	12	2
1898	1	234
1898	2	136
1898	3	163
1898	4	37
1898	5	118
1898	6	804
1898	7	2343
1898	8	1504
1898	9	547
1898	10	0
1898	11	384
1898	12	448
1899	1	182
1899	2	75
1899	3	115
1899	4	2
1899	5	45
1899	6	340
1899	7	2101
1899	8	523
1899	9	220
1899	10	267
1899	11	669
1899	12	317
1900	1	249
1900	2	57
1900	3	181
1900	4	1
1900	5	275
1900	6	448
1900	7	1310
1900	8	741
1900	9	528
1900	10	338
1900	11	41
1900	12	64
1901	1	76
1901	2	438
1901	3	37
1901	4	4
1901	5	130
1901	6	61
1901	7	898
1901	8	459
1901	9	321
1901	10	942
1901	11	939
1901	12	130
1902	1	92
1902	2	49
1902	3	247
1902	4	0
1902	5	76
1902	6	178
1902	7	983
1902	8	1561
1902	9	341
1902	10	59
1902	11	201
1902	12	317
1903	1	102
1903	2	603
1903	3	123
1903	4	1
1903	5	86
1903	6	578
1903	7	132
1903	8	435
1903	9	438
1903	10	0
1903	11	0
1903	12	23
1904	1	109
1904	2	27
1904	3	0
1904	4	0
1904	5	142
1904	6	223
1904	7	597
1904	8	720
1904	9	1163
1904	10	1093
1904	11	76
1904	12	341
1905	1	370
1905	2	681
1905	3	647
1905	4	242
1905	5	60
1905	6	233
1905	7	852
1905	8	459
1905	9	988
1905	10	254
1905	11	881
1905	12	353
1906	1	203
1906	2	306
1906	3	183
1906	4	103
1906	5	190
1906	6	14
1906	7	711
1906	8	789
1906	9	598
1906	10	217
1906	11	821
1906	12	655
1907	1	599
1907	2	102
1907	3	123
1907	4	64
1907	5	206
1907	6	337
1907	7	467
1907	8	956
1907	9	467
1907	10	618
1907	11	505
1907	12	19
1908	1	303
1908	2	229
1908	3	175
1908	4	110
1908	5	21
1908	6	81
1908	7	1206
1908	8	1242
1908	9	87
1908	10	74
1908	11	286
1908	12	10
1909	1	197
1909	2	147
1909	3	607
1909	4	0
1909	5	3
1909	6	229
1909	7	694
1909	8	584
1909	9	485
1909	10	101
1909	11	30
1909	12	110
1910	1	109
1910	2	6
1910	3	38
1910	4	57
1910	5	23
1910	6	121
1910	7	366
1910	8	1275
1910	9	138
1910	10	146
1910	11	308
1910	12	32
1911	1	54
1911	2	517
1911	3	337
1911	4	316
1911	5	207
1911	6	190
1911	7	1189
1911	8	357
1911	9	676
1911	10	343
1911	11	84
1911	12	146
1912	1	0
1912	2	221
1912	3	452
1912	4	277
1912	5	110
1912	6	543
1912	7	548
1912	8	1451
1912	9	579
1912	10	515
1912	11	21
1912	12	10
1913	1	288
1913	2	572
1913	3	255
1913	4	485
1913	5	23
1913	6	610
1913	7	360
1913	8	791
1913	9	624
1913	10	31
1913	11	446
1913	12	566
1914	1	175
1914	2	119
1914	3	152
1914	4	41
1914	5	178
1914	6	848
1914	7	2088
1914	8	815
1914	9	743
1914	10	806
1914	11	237
1914	12	1075
1915	1	592
1915	2	499
1915	3	665
1915	4	975
1915	5	13
1915	6	0
1915	7	607
1915	8	482
1915	9	1113
1915	10	25
1915	11	64
1915	12	346
1916	1	829
1916	2	38
1916	3	331
1916	4	175
1916	5	79
1916	6	0
1916	7	370
1916	8	878
1916	9	419
1916	10	1079
1916	11	51
1916	12	244
1917	1	401
1917	2	103
1917	3	0
1917	4	43
1917	5	406
1917	6	66
1917	7	1500
1917	8	1237
1917	9	367
1917	10	0
1917	11	64
1917	12	0
1918	1	630
1918	2	219
1918	3	323
1918	4	10
1918	5	0
1918	6	394
1918	7	1065
1918	8	942
1918	9	158
1918	10	1137
1918	11	503
1918	12	498
1919	1	13
1919	2	137
1919	3	586
1919	4	605
1919	5	165
1919	6	376
1919	7	1116
1919	8	725
1919	9	1336
1919	10	259
1919	11	623
1919	12	117
1920	1	223
1920	2	355
1920	3	383
1920	4	56
1920	5	175
1920	6	1240
1920	7	579
1920	8	633
1920	9	335
1920	10	434
1920	11	5
1920	12	69
1921	1	84
1921	2	51
1921	3	257
1921	4	10
1921	5	273
1921	6	638
1921	7	1274
1921	8	1677
1921	9	836
1921	10	88
1921	11	76
1921	12	142
1922	1	689
1922	2	23
1922	3	86
1922	4	310
1922	5	256
1922	6	169
1922	7	497
1922	8	468
1922	9	200
1922	10	514
1922	11	320
1922	12	81
1923	1	295
1923	2	483
1923	3	404
1923	4	246
1923	5	132
1923	6	148
1923	7	554
1923	8	1746
1923	9	470
1923	10	104
1923	11	631
1923	12	711
1924	1	76
1924	2	3
1924	3	229
1924	4	264
1924	5	125
1924	6	0
1924	7	989
1924	8	533
1924	9	20
1924	10	0
1924	11	10
1924	12	112
1925	1	204
1925	2	183
1925	3	0
1925	4	0
1925	5	368
1925	6	279
1925	7	1473
1925	8	1080
1925	9	838
1925	10	635
1925	11	64
1925	12	56
1926	1	409
1926	2	76
1926	3	831
1926	4	137
1926	5	439
1926	6	147
1926	7	681
1926	8	462
1926	9	823
1926	10	815
1926	11	46
1926	12	559
1927	1	71
1927	2	211
1927	3	472
1927	4	38
1927	5	20
1927	6	312
1927	7	1389
1927	8	1255
1927	9	640
1927	10	56
1927	11	20
1927	12	180
1928	1	13
1928	2	211
1928	3	30
1928	4	13
1928	5	701
1928	6	0
1928	7	214
1928	8	925
1928	9	106
1928	10	1020
1928	11	345
1928	12	203
1929	1	18
1929	2	119
1929	3	140
1929	4	0
1929	5	615
1929	6	25
1929	7	1098
1929	8	1006
1929	9	429
1929	10	533
1929	11	467
1929	12	89
1930	1	310
1930	2	112
1930	3	178
1930	4	124
1930	5	511
1930	6	262
1930	7	1067
1930	8	894
1930	9	264
1930	10	406
1930	11	516
1930	12	211
1931	1	369
1931	2	1004
1931	3	79
1931	4	759
1931	5	20
1931	6	25
1931	7	361
1931	8	1015
1931	9	499
1931	10	229
1931	11	386
1931	12	381
1932	1	209
1932	2	318
1932	3	375
1932	4	64
1932	5	94
1932	6	127
1932	7	636
1932	8	1301
1932	9	184
1932	10	323
1932	11	5
1932	12	171
1933	1	217
1933	2	216
1933	3	122
1933	4	0
1933	5	51
1933	6	1756
1933	7	1112
1933	8	721
1933	9	255
1933	10	21
1933	11	381
1933	12	0
1934	1	0
1934	2	0
1934	3	89
1934	4	0
1934	5	358
1934	6	155
1934	7	8
1934	8	228
1934	9	76
1934	10	117
1934	11	171
1934	12	127
1935	1	465
1935	2	163
1935	3	158
1935	4	20
1935	5	137
1935	6	158
1935	7	471
1935	8	1102
1935	9	870
1935	10	0
1935	11	401
1935	12	173
1936	1	632
1936	2	30
1936	3	13
1936	4	36
1936	5	620
1936	6	348
1936	7	709
1936	8	777
1936	9	1398
1936	10	195
1936	11	127
1936	12	267
1937	1	5
1937	2	463
1937	3	268
1937	4	0
1937	5	399
1937	6	622
1937	7	376
1937	8	483
1937	9	244
1937	10	615
1937	11	15
1937	12	353
1938	1	297
1938	2	763
1938	3	254
1938	4	91
1938	5	107
1938	6	724
1938	7	835
1938	8	434
1938	9	1392
1938	10	79
1938	11	261
1938	12	386
1939	1	442
1939	2	320
1939	3	360
1939	4	84
1939	5	0
1939	6	71
1939	7	1021
1939	8	712
1939	9	747
1939	10	686
1939	11	218
1939	12	185
1940	1	61
1940	2	292
1940	3	66
1940	4	38
1940	5	918
1940	6	284
1940	7	210
1940	8	470
1940	9	368
1940	10	266
1940	11	348
1940	12	261
1941	1	842
1941	2	686
1941	3	599
1941	4	611
1941	5	810
1941	6	312
1941	7	1381
1941	8	1383
1941	9	2351
1941	10	1170
1941	11	158
1941	12	145
1942	1	139
1942	2	92
1942	3	109
1942	4	705
1942	5	0
1942	6	193
1942	7	854
1942	8	1488
1942	9	1068
1942	10	489
1942	11	0
1942	12	801
1943	1	20
1943	2	0
1943	3	137
1943	4	0
1943	5	79
1943	6	475
1943	7	798
1943	8	892
1943	9	284
1943	10	201
1943	11	239
1943	12	445
1944	1	483
1944	2	323
1944	3	71
1944	4	140
1944	5	50
1944	6	127
1944	7	962
1944	8	531
1944	9	231
1944	10	74
1944	11	403
1944	12	272
1945	1	160
1945	2	56
1945	3	49
1945	4	0
1945	5	0
1945	6	0
1945	7	593
1945	8	780
1945	9	73
1945	10	346
1945	11	0
1945	12	117
1946	1	472
1946	2	0
1946	3	291
1946	4	56
1946	5	165
1946	6	0
1946	7	1143
1946	8	537
1946	9	485
1946	10	243
1946	11	99
1946	12	173
1947	1	165
1947	2	76
1947	3	58
1947	4	0
1947	5	13
1947	6	76
1947	7	488
1947	8	888
1947	9	145
1947	10	41
1947	11	348
1947	12	406
1948	1	10
1948	2	537
1948	3	127
1948	4	109
1948	5	223
1948	6	450
1948	7	610
1948	8	1302
1948	9	64
1948	10	203
1948	11	167
1948	12	674
1949	1	847
1949	2	253
1949	3	105
1949	4	153
1949	5	5
1949	6	407
1949	7	591
1949	8	823
1949	9	764
1949	10	384
1949	11	0
1949	12	556
1950	1	127
1950	2	50
1950	3	13
1950	4	0
1950	5	0
1950	6	239
1950	7	945
1950	8	186
1950	9	679
1950	10	391
1950	11	0
1950	12	0
1951	1	364
1951	2	244
1951	3	660
1951	4	361
1951	5	64
1951	6	0
1951	7	683
1951	8	664
1951	9	116
1951	10	661
1951	11	203
1951	12	241
1952	1	68
1952	2	193
1952	3	332
1952	4	276
1952	5	0
1952	6	790
1952	7	433
1952	8	68
1952	9	64
1952	10	0
1952	11	175
1952	12	112
1953	1	13
1953	2	281
1953	3	532
1953	4	361
1953	5	102
1953	6	147
1953	7	1412
1953	8	611
1953	9	25
1953	10	365
1953	11	0
1953	12	170
1954	1	64
1954	2	25
1954	3	195
1954	4	0
1954	5	356
1954	6	61
1954	7	746
1954	8	1537
1954	9	310
1954	10	411
1954	11	0
1954	12	0
1955	1	381
1955	2	0
1955	3	472
1955	4	0
1955	5	148
1955	6	89
1955	7	2478
1955	8	604
1955	9	247
1955	10	406
1955	11	13
1955	12	0
1956	1	127
1956	2	191
1956	3	0
1956	4	0
1956	5	0
1956	6	190
1956	7	600
1956	8	910
1956	9	0
1956	10	302
1956	11	0
1956	12	76
1957	1	152
1957	2	604
1957	3	636
1957	4	64
1957	5	0
1957	6	0
1957	7	855
1957	8	1385
1957	9	38
1957	10	1118
1957	11	391
1957	12	0
1958	1	607
1958	2	369
1958	3	1247
1958	4	244
1958	5	399
1958	6	356
1958	7	802
1958	8	468
1958	9	1145
1958	10	683
1958	11	114
1958	12	25
1959	1	0
1959	2	305
1959	3	0
1959	4	38
1959	5	122
1959	6	165
1959	7	861
1959	8	1487
1959	9	0
1959	10	0
1959	11	0
1959	12	241
1960	1	1182
1960	2	89
1960	3	0
1960	4	0
1960	5	193
1960	6	318
1960	7	1821
1960	8	1070
1960	9	361
1960	10	237
1960	11	0
1960	12	527
1961	1	432
1961	2	50
1961	3	610
1961	4	0
1961	5	0
1961	6	839
1961	7	1386
1961	8	732
1961	9	990
1961	10	0
1961	11	435
1961	12	1144
1962	1	510
1962	2	165
1962	3	64
1962	4	114
1962	5	0
1962	6	0
1962	7	2269
1962	8	470
1962	9	867
1962	10	297
1962	11	221
1962	12	317
1963	1	221
1963	2	322
1963	3	0
1963	4	173
1963	5	144
1963	6	163
1963	7	603
1963	8	1516
1963	9	526
1963	10	331
1963	11	161
1963	12	64
1964	1	84
1964	2	183
1964	3	220
1964	4	102
1964	5	185
1964	6	61
1964	7	751
1964	8	216
1964	9	861
1964	10	0
1964	11	0
1964	12	79
1965	1	660
1965	2	514
1965	3	280
1965	4	132
1965	5	69
1965	6	787
1965	7	738
1965	8	1116
1965	9	925
1965	10	297
1965	11	79
1965	12	1080
1966	1	249
1966	2	401
1966	3	178
1966	4	124
1966	5	114
1966	6	978
1966	7	534
1966	8	1330
1966	9	328
1966	10	0
1966	11	259
1966	12	127
1967	1	0
1967	2	219
1967	3	46
1967	4	0
1967	5	0
1967	6	392
1967	7	948
1967	8	1288
1967	9	638
1967	10	0
1967	11	246
1967	12	584
1968	1	227
1968	2	302
1968	3	368
1968	4	0
1968	5	53
1968	6	74
1968	7	892
1968	8	943
1968	9	107
1968	10	114
1968	11	457
1968	12	249
1969	1	427
1969	2	373
1969	3	201
1969	4	0
1969	5	363
1969	6	0
1969	7	448
1969	8	1529
1969	9	1633
1969	10	318
1969	11	62
1969	12	427
1970	1	46
1970	2	77
1970	3	408
1970	4	8
1970	5	103
1970	6	326
1970	7	626
1970	8	397
1970	9	249
1970	10	18
1970	11	0
1970	12	195
1971	1	0
1971	2	53
1971	3	0
1971	4	313
1971	5	28
1971	6	188
1971	7	968
1971	8	1424
1971	9	255
1971	10	1061
1971	11	559
1971	12	282
1972	1	366
1972	2	53
1972	3	0
1972	4	0
1972	5	31
1972	6	642
1972	7	949
1972	8	1483
1972	9	1087
1972	10	1389
1972	11	295
1972	12	347
1973	1	465
1973	2	144
1973	3	638
1973	4	8
1973	5	188
1973	6	485
1973	7	1122
1973	8	430
1973	9	104
1973	10	21
1973	11	87
1973	12	10
1974	1	699
1974	2	158
1974	3	127
1974	4	10
1974	5	0
1974	6	143
1974	7	1268
1974	8	1326
1974	9	1011
1974	10	1412
1974	11	203
1974	12	198
1975	1	274
1975	2	285
1975	3	251
1975	4	20
1975	5	104
1975	6	142
1975	7	1151
1975	8	619
1975	9	1015
1975	10	10
1975	11	277
1975	12	136
1976	1	104
1976	2	395
1976	3	71
1976	4	340
1976	5	802
1976	6	180
1976	7	1652
1976	8	499
1976	9	1094
1976	10	422
1976	11	104
1976	12	0
1977	1	280
1977	2	246
1977	3	38
1977	4	536
1977	5	140
1977	6	160
1977	7	1077
1977	8	668
1977	9	412
1977	10	437
1977	11	203
1977	12	163
1978	1	732
1978	2	550
1978	3	493
1978	4	79
1978	5	421
1978	6	480
1978	7	523
1978	8	1172
1978	9	519
1978	10	420
1978	11	1100
1978	12	926
1979	1	443
1979	2	586
1979	3	145
1979	4	5
1979	5	457
1979	6	409
1979	7	608
1979	8	1477
1979	9	451
1979	10	92
1979	11	40
1979	12	366
1980	1	376
1980	2	417
1980	3	119
1980	4	79
1980	5	397
1980	6	155
1980	7	453
1980	8	881
1980	9	1375
1980	10	18
1980	11	41
1980	12	91
1981	1	202
1981	2	391
1981	3	417
1981	4	91
1981	5	77
1981	6	538
1981	7	556
1981	8	1347
1981	9	490
1981	10	379
1981	11	422
1981	12	145
1982	1	488
1982	2	304
1982	3	8
1982	4	5
1982	5	259
1982	6	292
1982	7	764
1982	8	972
1982	9	1471
1982	10	23
1982	11	157
1982	12	730
1983	1	307
1983	2	454
1983	3	357
1983	4	272
1983	5	140
1983	6	179
1983	7	606
1983	8	681
1983	9	1084
1983	10	681
1983	11	883
1983	12	412
1984	1	41
1984	2	0
1984	3	28
1984	4	139
1984	5	854
1984	6	807
1984	7	782
1984	8	1548
1984	9	162
1984	10	1157
1984	11	590
1984	12	1046
1985	1	379
1985	2	281
1985	3	525
1985	4	314
1985	5	46
1985	6	487
1985	7	580
1985	8	1620
1985	9	1235
1985	10	1553
1985	11	147
1985	12	56
1986	1	13
1986	2	407
1986	3	463
1986	4	25
1986	5	242
1986	6	401
1986	7	633
1986	8	1291
1986	9	539
1986	10	569
1986	11	914
1986	12	778
1987	1	150
1987	2	358
1987	3	360
1987	4	185
1987	5	733
1987	6	447
1987	7	168
1987	8	784
1987	9	762
1987	10	333
1987	11	451
1987	12	94
1988	1	398
1988	2	112
1988	3	129
1988	4	480
1988	5	73
1988	6	339
1988	7	1127
1988	8	1712
1988	9	297
1988	10	49
1988	11	178
1988	12	480
1989	1	81
1989	2	266
1989	3	203
1989	4	0
1989	5	92
1989	6	36
1989	7	1298
1989	8	1082
1989	9	404
1989	10	41
1989	11	30
1989	12	257
1990	1	163
1990	2	519
1990	3	445
1990	4	317
1990	5	294
1990	6	58
1990	7	1086
1990	8	887
1990	9	1036
1990	10	224
1990	11	440
1990	12	443
1991	1	200
1991	2	588
1991	3	282
1991	4	0
1991	5	109
1991	6	216
1991	7	1301
1991	8	1757
1991	9	682
1991	10	310
1991	11	361
1991	12	918
1992	1	619
1992	2	60
1992	3	324
1992	4	269
1992	5	1199
1992	6	168
1992	7	643
1992	8	356
1992	9	244
1992	10	203
1992	11	122
1992	12	729
1993	1	765
1993	2	470
1993	3	140
1993	4	127
1993	5	384
1993	6	307
1993	7	429
1993	8	1617
1993	9	45
1993	10	749
1993	11	305
1993	12	134
1994	1	18
1994	2	170
1994	3	384
1994	4	91
1994	5	356
1994	6	484
1994	7	429
1994	8	130
1994	9	616
1994	10	493
1994	11	838
1994	12	831
1995	1	587
1995	2	383
1995	3	203
1995	4	74
1995	5	36
1995	6	112
1995	7	1113
1995	8	1639
1995	9	980
1995	10	0
1995	11	176
1995	12	207
1996	1	162
1996	2	143
1996	3	0
1996	4	0
1996	5	0
1996	6	905
1996	7	676
1996	8	818
1996	9	919
1996	10	368
1996	11	150
1996	12	0
1997	1	414
1997	2	511
1997	3	165
1997	4	389
1997	5	490
1997	6	497
1997	7	763
1997	8	708
1997	9	836
1997	10	533
1997	11	99
1997	12	732
1998	1	68
1998	2	582
1998	3	373
1998	4	8
1998	5	0
1998	6	165
1998	7	1918
1998	8	1266
1998	9	409
1998	10	1035
1998	11	365
1998	12	353
1999	1	86
1999	2	0
1999	3	320
1999	4	46
1999	5	25
1999	6	409
1999	7	1255
1999	8	1253
1999	9	579
1999	10	51
1999	11	0
1999	12	216
2000	1	0
2000	2	84
2000	3	358
2000	4	76
2000	5	0
2000	6	879
2000	7	623
2000	8	527
2000	9	74
2000	10	674
2000	11	428
2000	12	223
2001	1	233
2001	2	341
2001	3	430
2001	4	150
2001	5	269
2001	6	216
2001	7	820
2001	8	336
2001	9	870
2001	10	0
2001	11	224
2001	12	201
2002	1	518
2002	2	155
2002	3	69
2002	4	64
2002	5	114
2002	6	94
2002	7	1129
2002	8	701
2002	9	770
2002	10	625
2002	11	211
2002	12	795
2003	1	18
2003	2	407
2003	3	315
2003	4	25
2003	5	38
2003	6	28
2003	7	588
2003	8	755
2003	9	76
2003	10	378
2003	11	303
2003	12	97
2004	1	139
2004	2	282
2004	3	364
2004	4	591
2004	5	309
2004	6	304
2004	7	495
2004	8	494
2004	9	236
2004	10	673
2004	11	533
2004	12	480
2005	1	519
2005	2	1072
2005	3	173
2005	4	505
2005	5	110
2005	6	36
2005	7	349
2005	8	1229
2005	9	285
2005	10	538
2005	11	0
2005	12	10
2006	1	0
2006	2	28
2006	3	155
2006	4	188
2006	5	254
2006	6	218
2006	7	786
2006	8	2271
2006	9	1158
2006	10	1117
2006	11	114
2006	12	285
2007	1	528
2007	2	355
2007	3	115
2007	4	439
2007	5	661
2007	6	110
2007	7	1403
2007	8	569
2007	9	160
2007	10	122
2007	11	249
2007	12	791
2008	1	92
2008	2	89
2008	3	48
2008	4	0
2008	5	178
2008	6	82
2008	7	2175
2008	8	882
2008	9	452
2008	10	368
2008	11	76
2008	12	165
2009	1	20
2009	2	43
2009	3	187
2009	4	30
2009	5	424
2009	6	416
2009	7	1325
2009	8	355
2009	9	1271
2009	10	536
2009	11	196
2009	12	437
2010	1	560
2010	2	351
2010	3	264
2010	4	343
2010	5	142
2010	6	176
2010	7	1691
2010	8	249
2010	9	488
2010	10	315
2010	11	0
2010	12	76
2011	1	3
2011	2	91
2011	3	3
2011	4	0
2011	5	0
2011	6	97
2011	7	679
2011	8	676
2011	9	446
2011	10	444
2011	11	358
2011	12	541
2012	1	120
2012	2	187
2012	3	101
2012	4	13
2012	5	320
2012	6	76
2012	7	656
2012	8	594
2012	9	584
2012	10	117
2012	11	122
2012	12	386
2013	1	103
2013	2	99
2013	3	142
2013	4	0
2013	5	76
2013	6	97
2013	7	1134
2013	8	816
2013	9	1238
2013	10	50
2013	11	224
2013	12	419
2014	1	0
2014	2	61
2014	3	275
2014	4	107
2014	5	43
2014	6	18
2014	7	1390
2014	8	939
2014	9	2283
2014	10	211
2014	11	262
2014	12	321
2015	1	300
2015	2	143
2015	3	417
2015	4	429
2015	5	524
2015	6	117
2015	7	851
2015	8	607
2015	9	208
2015	10	651
