1871	1	71
1871	2	20
1871	3	28
1871	4	241
1871	5	551
1871	6	572
1871	7	323
1871	8	91
1871	9	188
1871	10	61
1871	11	168
1871	12	41
1872	1	5
1872	2	69
1872	3	97
1872	4	409
1872	5	505
1872	6	546
1872	7	991
1872	8	521
1872	9	262
1872	10	84
1872	11	8
1872	12	8
1873	1	8
1873	2	5
1873	3	97
1873	4	234
1873	5	612
1873	6	450
1873	7	279
1873	8	526
1873	9	91
1873	10	178
1873	11	43
1873	12	20
1874	1	28
1874	2	28
1874	3	188
1874	4	155
1874	5	381
1874	6	340
1874	7	475
1874	8	124
1874	9	234
1874	10	472
1874	11	10
1874	12	41
1875	1	107
1875	2	15
1875	3	58
1875	4	127
1875	5	305
1875	6	74
1875	7	1135
1875	8	538
1875	9	340
1875	10	152
1875	11	213
1875	12	8
1876	1	5
1876	2	15
1876	3	140
1876	4	58
1876	5	635
1876	6	25
1876	7	201
1876	8	66
1876	9	0
1876	10	0
1876	11	81
1876	12	53
1877	1	51
1877	2	36
1877	3	249
1877	4	282
1877	5	569
1877	6	323
1877	7	109
1877	8	211
1877	9	513
1877	10	505
1877	11	43
1877	12	84
1878	1	20
1878	2	33
1878	3	295
1878	4	48
1878	5	1133
1878	6	533
1878	7	363
1878	8	635
1878	9	191
1878	10	10
1878	11	0
1878	12	48
1879	1	81
1879	2	51
1879	3	112
1879	4	460
1879	5	345
1879	6	18
1879	7	264
1879	8	320
1879	9	0
1879	10	165
1879	11	58
1879	12	43
1880	1	51
1880	2	23
1880	3	15
1880	4	43
1880	5	112
1880	6	269
1880	7	478
1880	8	566
1880	9	267
1880	10	193
1880	11	91
1880	12	20
1881	1	91
1881	2	56
1881	3	81
1881	4	589
1881	5	290
1881	6	310
1881	7	356
1881	8	500
1881	9	445
1881	10	224
1881	11	74
1881	12	3
1882	1	36
1882	2	13
1882	3	15
1882	4	117
1882	5	693
1882	6	470
1882	7	584
1882	8	58
1882	9	89
1882	10	79
1882	11	15
1882	12	25
1883	1	224
1883	2	64
1883	3	216
1883	4	701
1883	5	935
1883	6	932
1883	7	368
1883	8	554
1883	9	229
1883	10	422
1883	11	41
1883	12	203
1884	1	193
1884	2	66
1884	3	404
1884	4	338
1884	5	1227
1884	6	381
1884	7	152
1884	8	526
1884	9	318
1884	10	127
1884	11	46
1884	12	170
1885	1	41
1885	2	333
1885	3	130
1885	4	955
1885	5	338
1885	6	699
1885	7	488
1885	8	544
1885	9	175
1885	10	71
1885	11	282
1885	12	41
1886	1	132
1886	2	213
1886	3	345
1886	4	290
1886	5	81
1886	6	386
1886	7	180
1886	8	409
1886	9	267
1886	10	94
1886	11	152
1886	12	81
1887	1	152
1887	2	38
1887	3	102
1887	4	559
1887	5	239
1887	6	203
1887	7	688
1887	8	483
1887	9	318
1887	10	124
1887	11	74
1887	12	89
1888	1	74
1888	2	183
1888	3	518
1888	4	239
1888	5	950
1888	6	142
1888	7	587
1888	8	292
1888	9	422
1888	10	76
1888	11	150
1888	12	53
1889	1	58
1889	2	157
1889	3	66
1889	4	315
1889	5	724
1889	6	932
1889	7	312
1889	8	180
1889	9	137
1889	10	655
1889	11	142
1889	12	41
1890	1	41
1890	2	150
1890	3	43
1890	4	998
1890	5	206
1890	6	165
1890	7	925
1890	8	808
1890	9	0
1890	10	193
1890	11	119
1890	12	28
1891	1	516
1891	2	226
1891	3	409
1891	4	300
1891	5	1199
1891	6	467
1891	7	208
1891	8	549
1891	9	531
1891	10	64
1891	11	208
1891	12	142
1892	1	251
1892	2	297
1892	3	157
1892	4	307
1892	5	879
1892	6	511
1892	7	229
1892	8	152
1892	9	56
1892	10	284
1892	11	79
1892	12	226
1893	1	20
1893	2	221
1893	3	198
1893	4	345
1893	5	417
1893	6	338
1893	7	175
1893	8	290
1893	9	74
1893	10	56
1893	11	74
1893	12	135
1894	1	51
1894	2	183
1894	3	236
1894	4	417
1894	5	315
1894	6	163
1894	7	825
1894	8	551
1894	9	312
1894	10	46
1894	11	20
1894	12	178
1895	1	74
1895	2	76
1895	3	320
1895	4	307
1895	5	693
1895	6	658
1895	7	645
1895	8	429
1895	9	99
1895	10	241
1895	11	160
1895	12	46
1896	1	173
1896	2	79
1896	3	523
1896	4	528
1896	5	724
1896	6	358
1896	7	1613
1896	8	640
1896	9	528
1896	10	71
1896	11	36
1896	12	8
1897	1	69
1897	2	145
1897	3	589
1897	4	152
1897	5	780
1897	6	406
1897	7	958
1897	8	422
1897	9	104
1897	10	262
1897	11	173
1897	12	323
1898	1	122
1898	2	15
1898	3	99
1898	4	173
1898	5	945
1898	6	592
1898	7	465
1898	8	229
1898	9	119
1898	10	64
1898	11	401
1898	12	91
1899	1	312
1899	2	414
1899	3	480
1899	4	246
1899	5	432
1899	6	188
1899	7	833
1899	8	292
1899	9	18
1899	10	323
1899	11	18
1899	12	46
1900	1	38
1900	2	318
1900	3	183
1900	4	1946
1900	5	193
1900	6	257
1900	7	305
1900	8	178
1900	9	556
1900	10	8
1900	11	23
1900	12	84
1901	1	33
1901	2	279
1901	3	391
1901	4	754
1901	5	627
1901	6	490
1901	7	340
1901	8	211
1901	9	191
1901	10	79
1901	11	0
1901	12	411
1902	1	53
1902	2	140
1902	3	536
1902	4	378
1902	5	638
1902	6	394
1902	7	378
1902	8	135
1902	9	894
1902	10	132
1902	11	58
1902	12	455
1903	1	51
1903	2	447
1903	3	254
1903	4	533
1903	5	117
1903	6	361
1903	7	201
1903	8	483
1903	9	356
1903	10	86
1903	11	201
1903	12	23
1904	1	89
1904	2	84
1904	3	114
1904	4	457
1904	5	1692
1904	6	452
1904	7	493
1904	8	221
1904	9	211
1904	10	145
1904	11	5
1904	12	15
1905	1	213
1905	2	175
1905	3	323
1905	4	1638
1905	5	1026
1905	6	483
1905	7	754
1905	8	490
1905	9	269
1905	10	356
1905	11	28
1905	12	5
1906	1	53
1906	2	53
1906	3	577
1906	4	787
1906	5	330
1906	6	615
1906	7	480
1906	8	124
1906	9	472
1906	10	592
1906	11	361
1906	12	38
1907	1	107
1907	2	124
1907	3	124
1907	4	335
1907	5	706
1907	6	86
1907	7	904
1907	8	203
1907	9	234
1907	10	20
1907	11	150
1907	12	140
1908	1	91
1908	2	51
1908	3	41
1908	4	91
1908	5	1572
1908	6	640
1908	7	1100
1908	8	622
1908	9	23
1908	10	290
1908	11	150
1908	12	178
1909	1	84
1909	2	361
1909	3	818
1909	4	246
1909	5	546
1909	6	1019
1909	7	274
1909	8	356
1909	9	348
1909	10	71
1909	11	185
1909	12	168
1910	1	74
1910	2	79
1910	3	368
1910	4	290
1910	5	594
1910	6	193
1910	7	335
1910	8	157
1910	9	457
1910	10	264
1910	11	74
1910	12	175
1911	1	124
1911	2	142
1911	3	41
1911	4	490
1911	5	84
1911	6	417
1911	7	307
1911	8	343
1911	9	343
1911	10	241
1911	11	150
1911	12	74
1912	1	112
1912	2	406
1912	3	338
1912	4	411
1912	5	348
1912	6	297
1912	7	462
1912	8	366
1912	9	993
1912	10	658
1912	11	147
1912	12	160
1913	1	140
1913	2	188
1913	3	84
1913	4	343
1913	5	564
1913	6	300
1913	7	361
1913	8	363
1913	9	716
1913	10	363
1913	11	94
1913	12	508
1914	1	25
1914	2	58
1914	3	183
1914	4	655
1914	5	533
1914	6	64
1914	7	330
1914	8	424
1914	9	104
1914	10	328
1914	11	66
1914	12	41
1915	1	22
1915	2	246
1915	3	408
1915	4	836
1915	5	563
1915	6	340
1915	7	435
1915	8	1012
1915	9	534
1915	10	282
1915	11	50
1915	12	106
1916	1	160
1916	2	77
1916	3	52
1916	4	122
1916	5	491
1916	6	95
1916	7	461
1916	8	323
1916	9	255
1916	10	496
1916	11	223
1916	12	87
1917	1	77
1917	2	204
1917	3	177
1917	4	446
1917	5	1181
1917	6	87
1917	7	411
1917	8	446
1917	9	143
1917	10	99
1917	11	103
1917	12	206
1918	1	121
1918	2	227
1918	3	48
1918	4	998
1918	5	661
1918	6	316
1918	7	992
1918	8	428
1918	9	653
1918	10	173
1918	11	136
1918	12	148
1919	1	0
1919	2	66
1919	3	386
1919	4	314
1919	5	178
1919	6	184
1919	7	719
1919	8	111
1919	9	448
1919	10	424
1919	11	415
1919	12	279
1920	1	51
1920	2	175
1920	3	168
1920	4	1009
1920	5	547
1920	6	180
1920	7	539
1920	8	338
1920	9	588
1920	10	243
1920	11	56
1920	12	145
1921	1	374
1921	2	92
1921	3	100
1921	4	509
1921	5	611
1921	6	742
1921	7	349
1921	8	156
1921	9	6
1921	10	15
1921	11	87
1921	12	332
1922	1	119
1922	2	217
1922	3	84
1922	4	821
1922	5	508
1922	6	229
1922	7	511
1922	8	551
1922	9	92
1922	10	59
1922	11	609
1922	12	112
1923	1	15
1923	2	147
1923	3	378
1923	4	829
1923	5	655
1923	6	589
1923	7	824
1923	8	526
1923	9	706
1923	10	719
1923	11	71
1923	12	71
1924	1	96
1924	2	291
1924	3	435
1924	4	359
1924	5	911
1924	6	385
1924	7	285
1924	8	60
1924	9	601
1924	10	573
1924	11	79
1924	12	198
1925	1	8
1925	2	73
1925	3	150
1925	4	312
1925	5	398
1925	6	461
1925	7	968
1925	8	289
1925	9	48
1925	10	892
1925	11	321
1925	12	443
1926	1	224
1926	2	155
1926	3	265
1926	4	322
1926	5	445
1926	6	1201
1926	7	742
1926	8	388
1926	9	94
1926	10	310
1926	11	132
1926	12	196
1927	1	39
1927	2	278
1927	3	490
1927	4	571
1927	5	513
1927	6	512
1927	7	678
1927	8	1026
1927	9	262
1927	10	451
1927	11	164
1927	12	120
1928	1	86
1928	2	326
1928	3	386
1928	4	211
1928	5	679
1928	6	726
1928	7	494
1928	8	135
1928	9	21
1928	10	324
1928	11	303
1928	12	43
1929	1	83
1929	2	218
1929	3	385
1929	4	1217
1929	5	371
1929	6	184
1929	7	521
1929	8	457
1929	9	460
1929	10	374
1929	11	389
1929	12	28
1930	1	226
1930	2	263
1930	3	224
1930	4	303
1930	5	1257
1930	6	86
1930	7	234
1930	8	1711
1930	9	327
1930	10	379
1930	11	211
1930	12	31
1931	1	41
1931	2	189
1931	3	297
1931	4	438
1931	5	399
1931	6	406
1931	7	192
1931	8	687
1931	9	192
1931	10	272
1931	11	101
1931	12	43
1932	1	79
1932	2	155
1932	3	358
1932	4	425
1932	5	374
1932	6	417
1932	7	249
1932	8	161
1932	9	287
1932	10	105
1932	11	51
1932	12	210
1933	1	61
1933	2	77
1933	3	224
1933	4	1217
1933	5	874
1933	6	262
1933	7	333
1933	8	514
1933	9	524
1933	10	0
1933	11	70
1933	12	137
1934	1	75
1934	2	334
1934	3	221
1934	4	391
1934	5	422
1934	6	221
1934	7	640
1934	8	358
1934	9	184
1934	10	0
1934	11	26
1934	12	40
1935	1	46
1935	2	175
1935	3	83
1935	4	750
1935	5	1496
1935	6	696
1935	7	493
1935	8	153
1935	9	438
1935	10	67
1935	11	83
1935	12	18
1936	1	79
1936	2	153
1936	3	297
1936	4	322
1936	5	738
1936	6	670
1936	7	448
1936	8	281
1936	9	290
1936	10	174
1936	11	62
1936	12	104
1937	1	120
1937	2	69
1937	3	532
1937	4	401
1937	5	304
1937	6	326
1937	7	502
1937	8	341
1937	9	126
1937	10	314
1937	11	229
1937	12	429
1938	1	94
1938	2	72
1938	3	338
1938	4	537
1938	5	587
1938	6	516
1938	7	336
1938	8	575
1938	9	847
1938	10	137
1938	11	160
1938	12	246
1939	1	181
1939	2	190
1939	3	438
1939	4	461
1939	5	430
1939	6	213
1939	7	178
1939	8	107
1939	9	125
1939	10	95
1939	11	15
1939	12	66
1940	1	391
1940	2	142
1940	3	307
1940	4	346
1940	5	328
1940	6	77
1940	7	729
1940	8	209
1940	9	954
1940	10	62
1940	11	186
1940	12	70
1941	1	85
1941	2	84
1941	3	347
1941	4	942
1941	5	169
1941	6	1184
1941	7	530
1941	8	473
1941	9	280
1941	10	364
1941	11	180
1941	12	182
1942	1	195
1942	2	148
1942	3	259
1942	4	1281
1942	5	833
1942	6	632
1942	7	276
1942	8	524
1942	9	432
1942	10	906
1942	11	486
1942	12	56
1943	1	143
1943	2	135
1943	3	241
1943	4	339
1943	5	1070
1943	6	596
1943	7	318
1943	8	282
1943	9	136
1943	10	137
1943	11	104
1943	12	46
1944	1	107
1944	2	160
1944	3	503
1944	4	726
1944	5	510
1944	6	502
1944	7	1015
1944	8	8
1944	9	47
1944	10	16
1944	11	230
1944	12	140
1945	1	246
1945	2	261
1945	3	259
1945	4	783
1945	5	334
1945	6	883
1945	7	399
1945	8	342
1945	9	363
1945	10	134
1945	11	117
1945	12	74
1946	1	81
1946	2	124
1946	3	583
1946	4	90
1946	5	1056
1946	6	317
1946	7	362
1946	8	773
1946	9	207
1946	10	647
1946	11	340
1946	12	49
1947	1	138
1947	2	176
1947	3	208
1947	4	393
1947	5	557
1947	6	953
1947	7	476
1947	8	348
1947	9	199
1947	10	539
1947	11	198
1947	12	132
1948	1	106
1948	2	189
1948	3	105
1948	4	186
1948	5	234
1948	6	782
1948	7	596
1948	8	220
1948	9	137
1948	10	135
1948	11	81
1948	12	261
1949	1	372
1949	2	10
1949	3	620
1949	4	409
1949	5	1084
1949	6	829
1949	7	551
1949	8	517
1949	9	65
1949	10	345
1949	11	5
1949	12	66
1950	1	59
1950	2	39
1950	3	227
1950	4	459
1950	5	632
1950	6	385
1950	7	710
1950	8	100
1950	9	678
1950	10	64
1950	11	278
1950	12	36
1951	1	175
1951	2	44
1951	3	130
1951	4	494
1951	5	706
1951	6	448
1951	7	698
1951	8	472
1951	9	191
1951	10	575
1951	11	202
1951	12	237
1952	1	0
1952	2	184
1952	3	468
1952	4	219
1952	5	679
1952	6	376
1952	7	304
1952	8	472
1952	9	74
1952	10	86
1952	11	270
1952	12	54
1953	1	86
1953	2	151
1953	3	227
1953	4	370
1953	5	375
1953	6	909
1953	7	637
1953	8	482
1953	9	27
1953	10	34
1953	11	117
1953	12	68
1954	1	54
1954	2	21
1954	3	645
1954	4	102
1954	5	371
1954	6	347
1954	7	306
1954	8	351
1954	9	275
1954	10	40
1954	11	71
1954	12	50
1955	1	73
1955	2	148
1955	3	144
1955	4	294
1955	5	577
1955	6	1353
1955	7	238
1955	8	307
1955	9	355
1955	10	46
1955	11	312
1955	12	83
1956	1	179
1956	2	118
1956	3	61
1956	4	335
1956	5	650
1956	6	251
1956	7	363
1956	8	440
1956	9	37
1956	10	40
1956	11	323
1956	12	105
1957	1	173
1957	2	21
1957	3	254
1957	4	717
1957	5	1358
1957	6	512
1957	7	617
1957	8	742
1957	9	144
1957	10	345
1957	11	147
1957	12	25
1958	1	15
1958	2	128
1958	3	529
1958	4	286
1958	5	756
1958	6	454
1958	7	981
1958	8	344
1958	9	232
1958	10	51
1958	11	115
1958	12	324
1959	1	132
1959	2	78
1959	3	279
1959	4	392
1959	5	1058
1959	6	182
1959	7	204
1959	8	197
1959	9	409
1959	10	351
1959	11	42
1959	12	8
1960	1	44
1960	2	126
1960	3	79
1960	4	209
1960	5	245
1960	6	346
1960	7	239
1960	8	177
1960	9	167
1960	10	282
1960	11	109
1960	12	72
1961	1	16
1961	2	95
1961	3	529
1961	4	213
1961	5	743
1961	6	740
1961	7	388
1961	8	795
1961	9	551
1961	10	142
1961	11	90
1961	12	24
1962	1	171
1962	2	143
1962	3	99
1962	4	138
1962	5	694
1962	6	719
1962	7	1022
1962	8	103
1962	9	330
1962	10	158
1962	11	85
1962	12	63
1963	1	130
1963	2	44
1963	3	189
1963	4	423
1963	5	290
1963	6	722
1963	7	197
1963	8	579
1963	9	833
1963	10	270
1963	11	5
1963	12	107
1964	1	8
1964	2	62
1964	3	150
1964	4	331
1964	5	213
1964	6	256
1964	7	254
1964	8	72
1964	9	83
1964	10	8
1964	11	37
1964	12	42
1965	1	145
1965	2	68
1965	3	195
1965	4	145
1965	5	791
1965	6	1025
1965	7	227
1965	8	392
1965	9	338
1965	10	190
1965	11	0
1965	12	56
1966	1	28
1966	2	56
1966	3	31
1966	4	123
1966	5	53
1966	6	496
1966	7	859
1966	8	708
1966	9	540
1966	10	173
1966	11	74
1966	12	21
1967	1	115
1967	2	139
1967	3	195
1967	4	547
1967	5	1027
1967	6	669
1967	7	433
1967	8	252
1967	9	223
1967	10	117
1967	11	81
1967	12	119
1968	1	11
1968	2	77
1968	3	79
1968	4	596
1968	5	899
1968	6	221
1968	7	319
1968	8	308
1968	9	51
1968	10	219
1968	11	180
1968	12	71
1969	1	60
1969	2	63
1969	3	69
1969	4	209
1969	5	451
1969	6	686
1969	7	148
1969	8	251
1969	9	214
1969	10	518
1969	11	60
1969	12	53
1970	1	25
1970	2	10
1970	3	335
1970	4	216
1970	5	796
1970	6	616
1970	7	208
1970	8	36
1970	9	280
1970	10	330
1970	11	77
1970	12	78
1971	1	130
1971	2	158
1971	3	275
1971	4	715
1971	5	606
1971	6	246
1971	7	276
1971	8	359
1971	9	448
1971	10	295
1971	11	13
1971	12	18
1972	1	92
1972	2	5
1972	3	201
1972	4	205
1972	5	702
1972	6	435
1972	7	344
1972	8	467
1972	9	257
1972	10	108
1972	11	152
1972	12	102
1973	1	60
1973	2	18
1973	3	469
1973	4	446
1973	5	79
1973	6	304
1973	7	1274
1973	8	69
1973	9	1148
1973	10	15
1973	11	319
1973	12	269
1974	1	122
1974	2	8
1974	3	316
1974	4	126
1974	5	29
1974	6	715
1974	7	361
1974	8	328
1974	9	128
1974	10	232
1974	11	124
1974	12	26
1975	1	103
1975	2	44
1975	3	299
1975	4	121
1975	5	575
1975	6	379
1975	7	665
1975	8	101
1975	9	132
1975	10	125
1975	11	50
1975	12	133
1976	1	82
1976	2	180
1976	3	82
1976	4	455
1976	5	526
1976	6	173
1976	7	607
1976	8	357
1976	9	196
1976	10	38
1976	11	71
1976	12	27
1977	1	36
1977	2	20
1977	3	309
1977	4	473
1977	5	637
1977	6	620
1977	7	888
1977	8	271
1977	9	49
1977	10	21
1977	11	89
1977	12	62
1978	1	148
1978	2	199
1978	3	90
1978	4	132
1978	5	1014
1978	6	161
1978	7	251
1978	8	350
1978	9	31
1978	10	127
1978	11	115
1978	12	138
1979	1	69
1979	2	36
1979	3	343
1979	4	197
1979	5	738
1979	6	844
1979	7	464
1979	8	476
1979	9	83
1979	10	117
1979	11	631
1979	12	382
1980	1	688
1980	2	186
1980	3	344
1980	4	238
1980	5	608
1980	6	18
1980	7	507
1980	8	396
1980	9	247
1980	10	130
1980	11	118
1980	12	21
1981	1	76
1981	2	52
1981	3	177
1981	4	186
1981	5	1440
1981	6	422
1981	7	725
1981	8	739
1981	9	80
1981	10	217
1981	11	23
1981	12	116
1982	1	105
1982	2	49
1982	3	45
1982	4	134
1982	5	905
1982	6	1150
1982	7	689
1982	8	461
1982	9	731
1982	10	304
1982	11	111
1982	12	212
1983	1	6
1983	2	0
1983	3	752
1983	4	1130
1983	5	585
1983	6	714
1983	7	538
1983	8	496
1983	9	199
1983	10	124
1983	11	594
1983	12	120
1984	1	137
1984	2	213
1984	3	326
1984	4	944
1984	5	199
1984	6	617
1984	7	655
1984	8	722
1984	9	167
1984	10	394
1984	11	28
1984	12	87
1985	1	169
1985	2	49
1985	3	92
1985	4	281
1985	5	267
1985	6	405
1985	7	1013
1985	8	1687
1985	9	451
1985	10	240
1985	11	214
1985	12	205
1986	1	33
1986	2	127
1986	3	139
1986	4	574
1986	5	262
1986	6	617
1986	7	266
1986	8	396
1986	9	628
1986	10	454
1986	11	169
1986	12	46
1987	1	23
1987	2	230
1987	3	319
1987	4	174
1987	5	1126
1987	6	458
1987	7	521
1987	8	314
1987	9	237
1987	10	85
1987	11	193
1987	12	216
1988	1	133
1988	2	166
1988	3	341
1988	4	469
1988	5	786
1988	6	517
1988	7	456
1988	8	458
1988	9	422
1988	10	24
1988	11	109
1988	12	135
1989	1	69
1989	2	323
1989	3	124
1989	4	123
1989	5	350
1989	6	637
1989	7	433
1989	8	456
1989	9	412
1989	10	105
1989	11	37
1989	12	176
1990	1	90
1990	2	175
1990	3	930
1990	4	425
1990	5	858
1990	6	263
1990	7	925
1990	8	505
1990	9	206
1990	10	343
1990	11	184
1990	12	101
1991	1	91
1991	2	31
1991	3	111
1991	4	292
1991	5	976
1991	6	1158
1991	7	862
1991	8	380
1991	9	476
1991	10	113
1991	11	222
1991	12	34
1992	1	300
1992	2	28
1992	3	446
1992	4	89
1992	5	475
1992	6	537
1992	7	477
1992	8	484
1992	9	3
1992	10	118
1992	11	430
1992	12	125
1993	1	90
1993	2	207
1993	3	161
1993	4	633
1993	5	490
1993	6	846
1993	7	163
1993	8	564
1993	9	803
1993	10	471
1993	11	314
1993	12	77
1994	1	168
1994	2	223
1994	3	141
1994	4	370
1994	5	521
1994	6	367
1994	7	542
1994	8	379
1994	9	98
1994	10	394
1994	11	87
1994	12	145
1995	1	32
1995	2	260
1995	3	48
1995	4	380
1995	5	1522
1995	6	1164
1995	7	275
1995	8	227
1995	9	860
1995	10	198
1995	11	94
1995	12	47
1996	1	128
1996	2	18
1996	3	381
1996	4	384
1996	5	569
1996	6	455
1996	7	788
1996	8	456
1996	9	594
1996	10	128
1996	11	115
1996	12	3
1997	1	101
1997	2	78
1997	3	112
1997	4	428
1997	5	627
1997	6	885
1997	7	713
1997	8	1101
1997	9	523
1997	10	278
1997	11	52
1997	12	151
1998	1	18
1998	2	75
1998	3	175
1998	4	277
1998	5	598
1998	6	415
1998	7	308
1998	8	244
1998	9	125
1998	10	323
1998	11	80
1998	12	116
1999	1	89
1999	2	34
1999	3	117
1999	4	1277
1999	5	520
1999	6	543
1999	7	607
1999	8	200
1999	9	538
1999	10	69
1999	11	64
1999	12	49
2000	1	90
2000	2	150
2000	3	375
2000	4	148
2000	5	351
2000	6	117
2000	7	672
2000	8	478
2000	9	672
2000	10	176
2000	11	76
2000	12	192
2001	1	105
2001	2	84
2001	3	143
2001	4	633
2001	5	571
2001	6	369
2001	7	842
2001	8	189
2001	9	300
2001	10	103
2001	11	60
2001	12	34
2002	1	44
2002	2	163
2002	3	216
2002	4	173
2002	5	192
2002	6	174
2002	7	123
2002	8	563
2002	9	441
2002	10	281
2002	11	119
2002	12	28
2003	1	23
2003	2	120
2003	3	568
2003	4	687
2003	5	358
2003	6	685
2003	7	112
2003	8	210
2003	9	315
2003	10	58
2003	11	118
2003	12	192
2004	1	18
2004	2	114
2004	3	39
2004	4	315
2004	5	264
2004	6	856
2004	7	440
2004	8	234
2004	9	778
2004	10	163
2004	11	395
2004	12	33
2005	1	105
2005	2	86
2005	3	226
2005	4	419
2005	5	328
2005	6	1102
2005	7	660
2005	8	411
2005	9	72
2005	10	476
2005	11	77
2005	12	72
2006	1	14
2006	2	132
2006	3	431
2006	4	209
2006	5	411
2006	6	64
2006	7	758
2006	8	250
2006	9	260
2006	10	148
2006	11	18
2006	12	393
2007	1	82
2007	2	87
2007	3	356
2007	4	381
2007	5	356
2007	6	92
2007	7	1010
2007	8	412
2007	9	314
2007	10	325
2007	11	82
2007	12	258
2008	1	6
2008	2	44
2008	3	188
2008	4	137
2008	5	637
2008	6	487
2008	7	110
2008	8	1664
2008	9	285
2008	10	146
2008	11	101
2008	12	79
2009	1	180
2009	2	84
2009	3	184
2009	4	915
2009	5	528
2009	6	1082
2009	7	466
2009	8	95
2009	9	291
2009	10	640
2009	11	125
2009	12	177
2010	1	18
2010	2	177
2010	3	310
2010	4	966
2010	5	779
2010	6	614
2010	7	538
2010	8	86
2010	9	3
2010	10	209
2010	11	188
2010	12	90
2011	1	43
2011	2	209
2011	3	197
2011	4	440
2011	5	794
2011	6	514
2011	7	1432
2011	8	397
2011	9	115
2011	10	436
2011	11	208
2011	12	125
2012	1	34
2012	2	230
2012	3	0
2012	4	101
2012	5	78
2012	6	684
2012	7	657
2012	8	36
2012	9	330
2012	10	289
2012	11	6
2012	12	145
2013	1	62
2013	2	163
2013	3	162
2013	4	755
2013	5	258
2013	6	38
2013	7	406
2013	8	305
2013	9	1767
2013	10	543
2013	11	41
2013	12	129
2014	1	255
2014	2	293
2014	3	230
2014	4	233
2014	5	760
2014	6	504
2014	7	824
2014	8	379
2014	9	443
2014	10	130
2014	11	304
2014	12	170
2015	1	16
2015	2	180
2015	3	28
2015	4	691
2015	5	1522
2015	6	390
2015	7	469
2015	8	166
2015	9	36
2015	10	451
