1893	6	6
1894	10	267
1895	1	819
1895	2	425
1895	5	383
1895	6	35
1896	3	274
1896	4	788
1896	6	13
1896	7	318
1896	8	39
1896	9	132
1896	11	322
1896	12	178
1897	1	358
1897	2	974
1897	3	789
1897	4	202
1897	5	57
1897	6	81
1897	7	61
1897	8	30
1897	9	254
1897	10	260
1897	11	267
1897	12	240
1898	1	342
1898	2	86
1898	3	509
1898	4	250
1898	5	1127
1898	6	245
1898	7	36
1898	8	94
1898	9	54
1898	10	329
1898	11	393
1898	12	224
1899	1	731
1899	2	1124
1899	3	1545
1899	4	261
1899	5	83
1899	6	47
1899	7	104
1899	8	134
1899	9	24
1899	10	572
1899	11	270
1899	12	383
1900	1	136
1900	2	283
1900	3	67
1900	4	469
1900	5	136
1900	6	35
1900	7	30
1900	8	50
1900	9	370
1900	10	501
1900	11	800
1900	12	236
1901	1	306
1901	2	446
1901	3	282
1901	4	199
1901	5	910
1901	6	54
1901	7	57
1901	8	248
1901	9	165
1901	10	297
1901	11	309
1901	12	427
1902	1	287
1902	2	593
1902	3	349
1902	4	463
1902	5	411
1902	6	97
1902	7	61
1902	8	94
1902	9	128
1902	10	85
1902	11	451
1902	12	369
1903	1	1168
1903	2	218
1903	3	175
1903	4	197
1903	5	580
1903	6	24
1903	7	44
1903	8	25
1903	9	249
1903	10	691
1903	11	765
1903	12	262
1904	1	531
1904	2	751
1904	3	1287
1904	4	231
1904	5	930
1904	6	56
1904	7	219
1904	8	322
1904	9	5
1904	10	300
1904	11	0
1904	12	373
1905	1	213
1905	2	328
1905	3	622
1905	4	350
1905	5	430
1905	6	129
1905	7	166
1905	8	91
1905	9	352
1905	10	199
1905	11	341
1905	12	260
1906	1	707
1906	2	418
1906	3	750
1906	4	464
1906	5	980
1906	6	252
1906	7	29
1906	8	1161
1906	9	231
1906	10	50
1906	11	689
1906	12	461
1907	1	731
1907	2	1562
1907	3	619
1907	4	290
1907	5	783
1907	6	348
1907	7	127
1907	8	749
1907	9	87
1907	10	295
1907	11	106
1907	12	909
1908	1	206
1908	2	155
1908	3	712
1908	4	198
1908	5	1056
1908	6	460
1908	7	353
1908	8	109
1908	9	564
1908	10	925
1908	11	262
1908	12	305
1909	1	2690
1909	2	1354
1909	3	993
1909	4	483
1909	5	514
1909	6	76
1909	7	648
1909	8	933
1909	9	920
1909	10	420
1909	11	1481
1909	12	800
1910	1	264
1910	2	554
1910	3	292
1910	4	140
1910	5	104
1910	6	335
1910	7	201
1910	8	20
1910	9	254
1910	10	310
1910	11	228
1910	12	1015
1911	1	1670
1911	2	673
1911	3	542
1911	4	363
1911	5	368
1911	6	287
1911	7	25
1911	8	28
1911	9	384
1911	10	269
1911	11	546
1911	12	206
1912	1	328
1912	2	234
1912	3	1224
1912	4	424
1912	5	411
1912	6	15
1912	7	356
1912	8	566
1912	9	315
1912	10	719
1912	11	340
1912	12	28
1913	1	53
1913	2	204
1913	3	470
1913	4	284
1913	5	76
1913	6	869
1913	7	66
1913	8	89
1913	9	224
1913	10	353
1913	11	333
1913	12	409
1914	1	1080
1914	2	279
1914	3	175
1914	4	500
1914	5	178
1914	6	503
1914	7	307
1914	8	64
1914	9	0
1914	10	292
1914	11	81
1914	12	124
1915	1	157
1915	2	544
1915	3	102
1915	4	391
1915	5	681
1915	6	152
1915	7	41
1915	8	0
1915	9	455
1915	10	10
1915	11	325
1915	12	427
1916	1	579
1916	2	343
1916	3	478
1916	4	267
1916	5	26
1916	6	254
1916	7	81
1916	8	66
1916	9	160
1916	10	1015
1916	11	228
1916	12	572
1917	1	165
1917	2	455
1917	3	191
1917	4	277
1917	5	1140
1917	6	140
1917	7	20
1917	8	23
1917	9	279
1917	10	13
1917	11	211
1917	12	79
1918	1	795
1918	2	217
1918	3	635
1918	4	267
1918	5	432
1918	6	0
1918	7	292
1918	8	0
1918	9	229
1918	10	241
1918	11	508
1918	12	191
1919	1	102
1919	2	787
1919	3	381
1919	4	330
1919	5	546
1919	6	64
1919	7	25
1919	8	152
1919	9	216
1919	10	831
1919	11	533
1919	12	762
1920	1	51
1920	2	229
1920	3	904
1920	4	838
1920	5	587
1920	6	53
1920	7	94
1920	8	307
1920	9	648
1920	10	1394
1920	11	643
1920	12	1118
1921	1	494
1921	2	787
1921	3	381
1921	4	460
1921	5	297
1921	6	13
1921	7	216
1921	8	312
1921	9	46
1921	10	483
1921	11	356
1921	12	838
1922	1	241
1922	2	1067
1922	3	864
1922	4	693
1922	5	157
1922	6	59
1922	7	165
1922	8	503
1922	9	0
1922	10	152
1922	11	490
1922	12	1171
1923	1	1488
1923	2	127
1923	3	711
1923	4	919
1923	5	436
1923	6	325
1923	7	38
1923	8	280
1923	9	340
1923	10	478
1923	11	203
1923	12	457
1924	1	305
1924	2	191
1924	3	673
1924	4	178
1924	5	505
1924	6	102
1924	7	142
1924	8	170
1924	9	152
1924	10	483
1924	11	648
1924	12	1006
1925	1	445
1925	2	668
1925	3	800
1925	4	442
1925	5	432
1925	6	559
1925	7	528
1925	8	71
1925	9	394
1925	10	264
1925	11	508
1925	12	297
1926	1	218
1926	2	828
1926	3	381
1926	4	693
1926	5	607
1926	6	0
1926	7	165
1926	8	394
1926	9	457
1926	10	140
1926	11	533
1926	12	485
1927	1	347
1927	2	1829
1927	3	1074
1927	4	533
1927	5	653
1927	6	541
1927	7	284
1927	8	61
1927	9	556
1927	10	302
1927	11	1339
1927	12	1090
1928	1	300
1928	2	660
1928	3	800
1928	4	358
1928	5	455
1928	6	244
1928	7	147
1928	8	20
1928	9	0
1928	10	800
1928	11	401
1928	12	447
1929	1	1283
1929	2	584
1929	3	1892
1929	4	792
1929	5	102
1929	6	249
1929	7	231
1929	8	170
1929	9	770
1929	10	121
1929	11	41
1929	12	102
1930	1	625
1930	2	800
1930	3	445
1930	4	330
1930	5	297
1930	6	117
1930	7	239
1930	8	211
1930	9	371
1930	10	351
1930	11	317
1930	12	64
1931	1	168
1931	2	109
1931	3	155
1931	4	363
1931	5	430
1931	6	0
1931	7	99
1931	8	162
1931	9	218
1931	10	274
1931	11	377
1931	12	358
1932	1	497
1932	2	592
1932	3	566
1932	4	356
1932	5	180
1932	6	193
1932	7	246
1932	8	613
1932	9	0
1932	10	115
1932	11	3
1932	12	479
1933	1	434
1933	2	455
1933	3	318
1933	4	350
1933	5	424
1933	6	0
1933	7	8
1933	8	58
1933	9	55
1933	10	58
1933	11	33
1933	12	261
1934	1	384
1934	2	382
1934	3	229
1934	4	56
1934	5	0
1934	6	356
1934	7	354
1934	8	145
1934	9	110
1934	10	173
1934	11	532
1934	12	493
1935	1	163
1935	2	188
1935	3	382
1935	4	549
1935	5	515
1935	6	13
1935	7	0
1935	8	64
1935	9	77
1935	10	81
1935	11	217
1935	12	234
1936	1	1018
1936	2	1460
1936	3	283
1936	4	192
1936	5	120
1936	6	132
1936	7	313
1936	8	208
1936	9	29
1936	10	428
1936	11	234
1936	12	429
1937	1	577
1937	2	797
1937	3	202
1937	4	413
1937	5	338
1937	6	46
1937	7	356
1937	8	200
1937	9	224
1937	10	297
1937	11	395
1937	12	294
1938	1	261
1938	2	217
1938	3	678
1938	4	222
1938	5	481
1938	6	143
1938	7	91
1938	8	314
1938	9	96
1938	10	462
1938	11	630
1938	12	485
1939	1	211
1939	2	335
1939	3	198
1939	4	333
1939	5	345
1939	6	278
1939	7	61
1939	8	59
1939	9	202
1939	10	340
1939	11	3
1939	12	107
1940	1	567
1940	2	687
1940	3	405
1940	4	391
1940	5	0
1940	6	87
1940	7	188
1940	8	3
1940	9	334
1940	10	510
1940	11	284
1940	12	418
1941	1	222
1941	2	452
1941	3	307
1941	4	550
1941	5	409
1941	6	406
1941	7	211
1941	8	116
1941	9	168
1941	10	570
1941	11	470
1941	12	734
1942	1	503
1942	2	262
1942	3	328
1942	4	403
1942	5	389
1942	6	82
1942	7	59
1942	8	368
1942	9	231
1942	10	138
1942	11	673
1942	12	816
1943	1	308
1943	2	303
1943	3	595
1943	4	320
1943	5	218
1943	6	655
1943	7	66
1943	8	226
1943	9	16
1943	10	769
1943	11	33
1943	12	167
1944	1	249
1944	2	87
1944	3	815
1944	4	575
1944	5	171
1944	6	627
1944	7	36
1944	8	25
1944	9	213
1944	10	30
1944	11	307
1944	12	357
1945	1	25
1945	2	848
1945	3	497
1945	4	356
1945	5	246
1945	6	626
1945	7	64
1945	8	752
1945	9	169
1945	10	176
1945	11	925
1945	12	604
1946	1	223
1946	2	139
1946	3	337
1946	4	366
1946	5	500
1946	6	25
1946	7	25
1946	8	190
1946	9	66
1946	10	853
1946	11	384
1946	12	256
1947	1	413
1947	2	155
1947	3	468
1947	4	536
1947	5	454
1947	6	704
1947	7	63
1947	8	544
1947	9	386
1947	10	363
1947	11	513
1947	12	222
1948	1	264
1948	2	433
1948	3	736
1948	4	659
1948	5	221
1948	6	628
1948	7	157
1948	8	210
1948	9	107
1948	10	381
1948	11	407
1948	12	768
1949	1	473
1949	2	242
1949	3	396
1949	4	156
1949	5	688
1949	6	366
1949	7	74
1949	8	107
1949	9	180
1949	10	724
1949	11	140
1949	12	785
1950	1	785
1950	2	317
1950	3	583
1950	4	201
1950	5	473
1950	6	107
1950	7	171
1950	8	0
1950	9	323
1950	10	188
1950	11	823
1950	12	679
1951	1	617
1951	2	444
1951	3	438
1951	4	420
1951	5	289
1951	6	0
1951	7	274
1951	8	691
1951	9	0
1951	10	503
1951	11	623
1951	12	370
1952	1	366
1952	2	209
1952	3	700
1952	4	267
1952	5	300
1952	6	247
1952	7	5
1952	8	233
1952	9	10
1952	10	0
1952	11	190
1952	12	302
1953	1	856
1953	2	188
1953	3	505
1953	4	457
1953	5	593
1953	6	183
1953	7	84
1953	8	144
1953	9	0
1953	10	140
1953	11	199
1953	12	273
1954	1	298
1954	2	130
1954	3	283
1954	4	145
1954	5	224
1954	6	333
1954	7	201
1954	8	157
1954	9	152
1954	10	226
1954	11	239
1954	12	266
1955	1	354
1955	2	338
1955	3	192
1955	4	232
1955	5	145
1955	6	368
1955	7	137
1955	8	0
1955	9	308
1955	10	336
1955	11	387
1955	12	623
1956	1	802
1956	2	238
1956	3	23
1956	4	334
1956	5	513
1956	6	60
1956	7	147
1956	8	0
1956	9	39
1956	10	440
1956	11	130
1956	12	335
1957	1	354
1957	2	298
1957	3	491
1957	4	535
1957	5	963
1957	6	465
1957	7	0
1957	8	188
1957	9	115
1957	10	194
1957	11	491
1957	12	414
1958	1	254
1958	2	517
1958	3	554
1958	4	257
1958	5	31
1958	6	15
1958	7	28
1958	8	140
1958	9	109
1958	10	13
1958	11	178
1958	12	33
1959	1	316
1959	2	329
1959	3	282
1959	4	330
1959	5	503
1959	6	526
1959	7	97
1959	8	304
1959	9	749
1959	10	216
1959	11	94
1959	12	165
1960	1	145
1960	2	532
1960	3	424
1960	4	207
1960	5	195
1960	6	174
1960	7	28
1960	8	123
1960	9	168
1960	10	326
1960	11	653
1960	12	84
1961	1	0
1961	2	319
1961	3	395
1961	4	171
1961	5	78
1961	6	0
1961	7	74
1961	8	475
1961	9	444
1961	10	569
1961	11	539
1961	12	499
1962	1	348
1962	2	554
1962	3	771
1962	4	602
1962	5	711
1962	6	167
1962	7	168
1962	8	10
1962	9	185
1962	10	102
1962	11	170
1962	12	112
1963	1	406
1963	2	441
1963	3	697
1963	4	1110
1963	5	119
1963	6	316
1963	7	0
1963	8	403
1963	9	484
1963	10	295
1963	11	390
1963	12	136
1964	1	650
1964	2	25
1964	3	725
1964	4	670
1964	5	587
1964	6	899
1964	7	0
1964	8	31
1964	9	8
1964	10	89
1964	11	762
1964	12	1507
1965	1	537
1965	2	324
1965	3	175
1965	4	604
1965	5	753
1965	6	497
1965	7	706
1965	8	387
1965	9	605
1965	10	38
1965	11	742
1965	12	477
1966	1	139
1966	2	363
1966	3	208
1966	4	326
1966	5	462
1966	6	51
1966	7	87
1966	8	15
1966	9	251
1966	10	456
1966	11	413
1966	12	546
1967	1	629
1967	2	386
1967	3	396
1967	4	1039
1967	5	740
1967	6	1072
1967	7	74
1967	8	140
1967	9	290
1967	10	512
1967	11	208
1967	12	559
1968	1	218
1968	2	921
1968	3	415
1968	4	634
1968	5	781
1968	6	724
1968	7	0
1968	8	1032
1968	9	197
1968	10	399
1968	11	485
1968	12	603
1969	1	1005
1969	2	977
1969	3	19
1969	4	495
1969	5	69
1969	6	912
1969	7	26
1969	8	20
1969	9	180
1969	10	747
1969	11	135
1969	12	735
1970	1	891
1970	2	195
1970	3	451
1970	4	1029
1970	5	571
1970	6	472
1970	7	115
1970	8	283
1970	9	459
1970	10	810
1970	11	861
1970	12	797
1971	1	501
1971	2	704
1971	3	363
1971	4	713
1971	5	309
1971	6	386
1971	7	30
1971	8	656
1971	9	300
1971	10	1137
1971	11	659
1971	12	1215
1972	1	625
1972	2	223
1972	3	627
1972	4	1252
1972	5	40
1972	6	165
1972	7	18
1972	8	420
1972	9	304
1972	10	842
1972	11	440
1972	12	668
1973	1	340
1973	2	410
1973	3	583
1973	4	702
1973	5	497
1973	6	248
1973	7	193
1973	8	180
1973	9	707
1973	10	111
1973	11	857
1973	12	381
1974	1	1002
1974	2	432
1974	3	493
1974	4	1404
1974	5	287
1974	6	117
1974	7	188
1974	8	48
1974	9	8
1974	10	513
1974	11	373
1974	12	589
1975	1	483
1975	2	469
1975	3	706
1975	4	546
1975	5	1280
1975	6	573
1975	7	74
1975	8	74
1975	9	89
1975	10	1085
1975	11	411
1975	12	274
1976	1	287
1976	2	918
1976	3	443
1976	4	664
1976	5	219
1976	6	359
1976	7	277
1976	8	225
1976	9	125
1976	10	203
1976	11	5
1976	12	3
1977	1	99
1977	2	521
1977	3	548
1977	4	84
1977	5	1025
1977	6	8
1977	7	211
1977	8	417
1977	9	502
1977	10	355
1977	11	369
1977	12	640
1978	1	444
1978	2	361
1978	3	502
1978	4	949
1978	5	201
1978	6	99
1978	7	5
1978	8	338
1978	9	685
1978	10	8
1978	11	541
1978	12	495
1979	1	534
1979	2	356
1979	3	202
1979	4	148
1979	5	148
1979	6	122
1979	7	318
1979	8	153
1979	9	33
1979	10	585
1979	11	435
1979	12	25
1980	1	1084
1980	2	934
1980	3	656
1980	4	369
1980	5	723
1980	6	216
1980	7	396
1980	8	90
1980	9	414
1980	10	215
1980	11	247
1980	12	220
1981	1	144
1981	2	168
1981	3	620
1981	4	182
1981	5	854
1981	6	196
1981	7	51
1981	8	28
1981	9	265
1981	10	882
1981	11	234
1981	12	771
1982	1	559
1982	2	302
1982	3	885
1982	4	590
1982	5	256
1982	6	139
1982	7	545
1982	8	76
1982	9	1813
1982	10	339
1982	11	440
1982	12	544
1983	1	301
1983	2	698
1983	3	772
1983	4	542
1983	5	671
1983	6	397
1983	7	190
1983	8	540
1983	9	266
1983	10	570
1983	11	944
1983	12	1464
1984	1	94
1984	2	257
1984	3	247
1984	4	512
1984	5	609
1984	6	779
1984	7	446
1984	8	367
1984	9	764
1984	10	870
1984	11	771
1984	12	327
1985	1	82
1985	2	234
1985	3	506
1985	4	149
1985	5	751
1985	6	189
1985	7	78
1985	8	0
1985	9	528
1985	10	460
1985	11	1101
1985	12	250
1986	1	421
1986	2	1747
1986	3	519
1986	4	1144
1986	5	678
1986	6	96
1986	7	357
1986	8	672
1986	9	939
1986	10	241
1986	11	389
1986	12	13
1987	1	489
1987	2	181
1987	3	409
1987	4	35
1987	5	372
1987	6	107
1987	7	247
1987	8	161
1987	9	38
1987	10	229
1987	11	253
1987	12	333
1988	1	338
1988	2	120
1988	3	456
1988	4	362
1988	5	513
1988	6	11
1988	7	74
1988	8	13
1988	9	79
1988	10	5
1988	11	937
1988	12	316
1989	1	355
1989	2	422
1989	3	658
1989	4	322
1989	5	194
1989	6	293
1989	7	120
1989	8	142
1989	9	198
1989	10	457
1989	11	348
1989	12	43
1990	1	470
1990	2	122
1990	3	215
1990	4	431
1990	5	324
1990	6	315
1990	7	148
1990	8	91
1990	9	516
1990	10	179
1990	11	351
1990	12	311
1991	1	266
1991	2	228
1991	3	421
1991	4	682
1991	5	542
1991	6	423
1991	7	18
1991	8	199
1991	9	437
1991	10	491
1991	11	468
1991	12	43
1992	1	74
1992	2	492
1992	3	173
1992	4	148
1992	5	292
1992	6	269
1992	7	295
1992	8	13
1992	9	139
1992	10	476
1992	11	489
1992	12	582
1993	1	622
1993	2	364
1993	3	339
1993	4	609
1993	5	816
1993	6	551
1993	7	438
1993	8	112
1993	9	41
1993	10	643
1993	11	295
1993	12	130
1994	1	293
1994	2	551
1994	3	556
1994	4	587
1994	5	227
1994	6	0
1994	7	28
1994	8	150
1994	9	146
1994	10	617
1994	11	806
1994	12	210
1995	1	485
1995	2	214
1995	3	698
1995	4	366
1995	5	902
1995	6	603
1995	7	366
1995	8	39
1995	9	301
1995	10	89
1995	11	293
1995	12	453
1996	1	1038
1996	2	445
1996	3	457
1996	4	607
1996	5	374
1996	6	28
1996	7	123
1996	8	3
1996	9	362
1996	10	351
1996	11	724
1996	12	993
1997	1	834
1997	2	262
1997	3	214
1997	4	581
1997	5	457
1997	6	510
1997	7	141
1997	8	221
1997	9	475
1997	10	328
1997	11	218
1997	12	191
1998	1	600
1998	2	458
1998	3	455
1998	4	240
1998	5	497
1998	6	936
1998	7	225
1998	8	128
1998	9	677
1998	10	525
1998	11	299
1998	12	59
1999	1	582
1999	2	336
1999	3	144
1999	4	782
1999	5	875
1999	6	413
1999	7	146
1999	8	154
1999	9	204
1999	10	13
1999	11	157
1999	12	358
2000	1	704
2000	2	588
2000	3	423
2000	4	216
2000	5	501
2000	6	84
2000	7	107
2000	8	587
2000	9	380
2000	10	280
2000	11	266
2000	12	376
2001	1	46
2001	2	606
2001	3	213
2001	4	490
2001	5	38
2001	6	241
2001	7	170
2001	8	127
2001	9	33
2001	10	216
2001	11	621
2001	12	463
2002	1	157
2002	2	127
2002	3	513
2002	4	341
2002	5	447
2002	6	30
2002	7	168
2002	8	196
2002	9	442
2002	10	387
2002	11	317
2002	12	294
2003	1	246
2003	2	275
2003	3	232
2003	4	430
2003	5	335
2003	6	434
2003	7	71
2003	8	127
2003	9	160
2003	10	112
2003	11	723
2003	12	761
2004	1	273
2004	2	311
2004	3	218
2004	4	421
2004	5	366
2004	6	467
2004	7	234
2004	8	228
2004	9	233
2004	10	1210
2004	11	409
2004	12	550
2005	1	367
2005	2	319
2005	3	536
2005	4	381
2005	5	850
2005	6	587
2005	7	28
2005	8	40
2005	9	100
2005	10	252
2005	11	467
2005	12	653
2006	1	658
2006	2	251
2006	3	790
2006	4	466
2006	5	263
2006	6	264
2006	7	80
2006	8	437
2006	9	541
2006	10	448
2006	11	599
2006	12	210
2007	1	133
2007	2	395
2007	3	269
2007	4	260
2007	5	328
2007	6	259
2007	7	214
2007	8	120
2007	9	323
2007	10	438
2007	11	72
2007	12	671
2008	1	583
2008	2	658
2008	3	248
2008	4	153
2008	5	251
2008	6	185
2008	7	0
2008	8	155
2008	9	266
2008	10	200
2008	11	231
2008	12	353
2009	1	293
2009	2	301
2009	3	439
2009	4	569
2009	5	276
2009	6	656
2009	7	0
2009	8	0
2009	9	358
2009	10	330
2009	11	71
2009	12	866
2010	1	158
2010	2	49
2010	3	239
2010	4	231
2010	5	655
2010	6	478
2010	7	128
2010	8	612
2010	9	48
2010	10	610
2010	11	199
2010	12	1094
2011	1	288
2011	2	456
2011	3	599
2011	4	862
2011	5	927
2011	6	215
2011	7	163
2011	8	199
2011	9	146
2011	10	0
2011	11	538
2011	12	0
2012	1	328
2012	2	33
2012	3	250
2012	4	195
2012	5	288
2012	6	6
2012	7	194
2012	8	104
2012	9	248
2012	10	293
2012	11	355
2012	12	432
2013	1	296
2013	2	178
2013	3	276
2013	4	432
2013	5	283
2013	6	12
2013	7	315
2013	8	186
2013	9	556
2013	10	332
2013	11	234
2013	12	377
2014	1	245
2014	2	615
2014	3	437
2014	4	334
2014	5	325
2014	6	210
2014	7	236
2014	8	434
2014	9	543
2014	10	33
2014	11	358
2014	12	406
2015	1	189
2015	2	170
2015	3	168
2015	4	341
2015	5	840
2015	6	166
2015	7	185
2015	8	195
2015	9	309
2015	10	232
