1888	1	859
1888	2	1224
1888	3	1920
1888	4	638
1888	5	1796
1888	6	351
1888	7	762
1888	8	1036
1888	9	2309
1888	10	1209
1888	11	432
1888	12	945
1889	1	1524
1889	2	942
1889	3	696
1889	4	452
1889	5	790
1889	6	1770
1889	7	1661
1889	8	1102
1889	9	1506
1889	10	683
1889	11	1392
1889	12	163
1891	3	1236
1891	4	675
1892	10	36
1892	11	641
1892	12	771
1893	1	676
1893	2	1666
1893	3	350
1893	4	326
1893	5	1061
1893	6	1711
1893	7	667
1893	8	2693
1893	9	1046
1893	10	1603
1893	11	414
1893	12	857
1894	1	795
1894	2	1058
1894	3	304
1894	4	430
1894	5	738
1894	6	760
1894	7	1213
1894	8	1892
1894	9	1329
1894	10	2008
1894	11	410
1894	12	891
1895	1	1520
1895	2	698
1895	3	1501
1895	4	1587
1895	5	1014
1895	6	930
1895	7	792
1895	8	1356
1895	9	245
1895	10	357
1895	11	723
1895	12	924
1896	1	526
1896	2	1404
1896	3	381
1896	4	508
1896	5	1076
1896	6	1875
1896	7	2339
1896	8	361
1896	9	787
1896	10	401
1896	11	856
1896	12	602
1897	1	576
1897	2	1485
1897	3	1541
1897	4	1224
1897	5	923
1897	6	1071
1897	7	1712
1897	8	521
1897	9	513
1897	10	485
1897	11	610
1897	12	551
1898	1	594
1898	2	214
1898	3	1035
1898	4	803
1898	5	325
1898	6	878
1898	7	1295
1898	8	2959
1898	9	1199
1898	10	1198
1898	11	818
1898	12	282
1899	1	933
1899	2	2201
1899	3	1328
1899	4	560
1899	5	648
1899	6	767
1899	7	1166
1899	8	754
1899	9	784
1899	10	1803
1899	11	871
1899	12	695
1900	1	466
1900	2	1252
1900	3	1214
1900	4	1430
1900	5	233
1900	6	1416
1900	7	1765
1900	8	888
1900	9	411
1900	10	707
1900	11	1463
1900	12	1314
1901	1	718
1901	2	435
1901	3	1270
1901	4	2167
1901	5	1829
1901	6	2069
1901	7	889
1901	8	3557
1901	9	1584
1901	10	549
1901	11	163
1901	12	1625
1902	1	793
1902	2	1730
1902	3	811
1902	4	539
1902	5	566
1902	6	837
1902	7	710
1902	8	1395
1902	9	1079
1902	10	1406
1902	11	1142
1902	12	795
1903	1	770
1903	2	2192
1903	3	1660
1903	4	843
1903	5	150
1903	6	2810
1903	7	434
1903	8	1174
1903	9	769
1903	10	863
1903	11	308
1903	12	396
1904	1	658
1904	2	1054
1904	3	563
1904	4	216
1904	5	594
1904	6	1102
1904	7	1388
1904	8	3020
1904	9	333
1904	10	249
1904	11	924
1904	12	960
1905	1	429
1905	2	1352
1905	3	465
1905	4	1184
1905	5	1696
1905	6	236
1905	7	1193
1905	8	2797
1905	9	332
1905	10	247
1905	11	208
1905	12	1802
1906	1	1306
1906	2	318
1906	3	1286
1906	4	551
1906	5	1006
1906	6	1182
1906	7	1910
1906	8	1689
1906	9	863
1906	10	1530
1906	11	168
1906	12	636
1907	1	61
1907	2	919
1907	3	447
1907	4	1049
1907	5	1103
1907	6	2131
1907	7	1484
1907	8	618
1907	9	1001
1907	10	69
1907	11	1271
1907	12	1626
1908	1	1323
1908	2	1428
1908	3	1187
1908	4	971
1908	5	816
1908	6	986
1908	7	1219
1908	8	4923
1908	9	1293
1908	10	1910
1908	11	427
1908	12	1064
1909	1	323
1909	2	1083
1909	3	710
1909	4	626
1909	5	1421
1909	6	1766
1909	7	757
1909	8	762
1909	9	638
1909	10	332
1909	11	51
1909	12	746
1910	1	875
1910	2	985
1910	3	345
1910	4	275
1910	5	1141
1910	6	1562
1910	7	1234
1910	8	1377
1910	9	432
1910	10	1074
1910	11	92
1910	12	851
1911	1	635
1911	2	465
1911	3	647
1911	4	464
1911	5	163
1911	6	427
1911	7	497
1911	8	1432
1911	9	937
1911	10	1274
1911	11	844
1911	12	1555
1912	1	930
1912	2	1773
1912	3	1951
1912	4	479
1912	5	939
1912	6	2024
1912	7	1079
1912	8	745
1912	9	1529
1912	10	439
1912	11	998
1912	12	603
1913	1	1189
1913	2	959
1913	3	1909
1913	4	610
1913	5	762
1913	6	1136
1913	7	1327
1913	8	1025
1913	9	1458
1913	10	579
1913	11	683
1913	12	1120
1914	1	686
1914	2	1006
1914	3	589
1914	4	868
1914	5	64
1914	6	1057
1914	7	1357
1914	8	1173
1914	9	522
1914	10	838
1914	11	973
1914	12	1754
1915	1	1596
1915	2	541
1915	3	969
1915	4	391
1915	5	1246
1915	6	1403
1915	7	528
1915	8	1880
1915	9	658
1915	10	765
1915	11	636
1915	12	832
1916	1	670
1916	2	1209
1916	3	496
1916	4	315
1916	5	1132
1916	6	1323
1916	7	3158
1916	8	1047
1916	9	216
1916	10	426
1916	11	125
1916	12	473
1917	1	678
1917	2	1131
1917	3	1160
1917	4	996
1917	5	1034
1917	6	1715
1917	7	1133
1917	8	599
1917	9	1263
1917	10	1001
1917	11	315
1917	12	404
1918	1	1222
1918	2	328
1918	3	546
1918	4	1641
1918	5	557
1918	6	581
1918	7	1283
1918	8	1069
1918	9	960
1918	10	567
1918	11	607
1918	12	945
1919	1	1378
1919	2	1127
1919	3	678
1919	4	699
1919	5	1496
1919	6	732
1919	7	2157
1919	8	889
1919	9	256
1919	10	892
1919	11	143
1919	12	497
1920	1	961
1920	2	1158
1920	3	1216
1920	4	948
1920	5	348
1920	6	988
1920	7	1066
1920	8	2413
1920	9	679
1920	10	135
1920	11	1027
1920	12	1070
1921	1	1230
1921	2	1384
1921	3	904
1921	4	627
1921	5	1529
1921	6	1055
1921	7	937
1921	8	933
1921	9	292
1921	10	353
1921	11	814
1921	12	425
1922	1	944
1922	2	2001
1922	3	2286
1922	4	1882
1922	5	922
1922	6	1321
1922	7	1013
1922	8	944
1922	9	224
1922	10	1128
1922	11	292
1922	12	1106
1923	1	1034
1923	2	1024
1923	3	1301
1923	4	863
1923	5	1134
1923	6	175
1923	7	1227
1923	8	818
1923	9	803
1923	10	312
1923	11	608
1923	12	557
1924	1	1003
1924	2	1247
1924	3	401
1924	4	1363
1924	5	889
1924	6	669
1924	7	895
1924	8	38
1924	9	2426
1924	10	254
1924	11	531
1924	12	1120
1925	1	1615
1925	2	386
1925	3	611
1925	4	479
1925	5	360
1925	6	957
1925	7	529
1925	8	441
1925	9	202
1925	10	561
1925	11	676
1925	12	685
1926	1	1274
1926	2	1026
1926	3	1231
1926	4	333
1926	5	273
1926	6	619
1926	7	1959
1926	8	1306
1926	9	249
1926	10	329
1926	11	1057
1926	12	884
1927	1	213
1927	2	855
1927	3	1007
1927	4	665
1927	5	287
1927	6	1097
1927	7	1068
1927	8	617
1927	9	459
1927	10	1348
1927	11	379
1927	12	1698
1928	1	186
1928	2	1062
1928	3	680
1928	4	1980
1928	5	966
1928	6	1609
1928	7	630
1928	8	2688
1928	9	2983
1928	10	543
1928	11	155
1928	12	328
1929	1	668
1929	2	2208
1929	3	2307
1929	4	795
1929	5	1321
1929	6	818
1929	7	1354
1929	8	1263
1929	9	1701
1929	10	1903
1929	11	1353
1929	12	987
1930	1	890
1930	2	231
1930	3	560
1930	4	277
1930	5	793
1930	6	1247
1930	7	868
1930	8	1102
1930	9	1059
1930	10	341
1930	11	1145
1930	12	976
1931	1	556
1931	2	366
1931	3	538
1931	4	1016
1931	5	1505
1931	6	318
1931	7	2133
1931	8	3048
1931	9	0
1931	10	344
1931	11	41
1931	12	1676
1932	1	1566
1932	2	942
1932	3	987
1932	4	739
1932	5	1225
1932	6	2086
1932	7	898
1932	8	434
1932	9	552
1932	10	2527
1932	11	764
1932	12	1383
1933	1	674
1933	2	895
1933	3	397
1933	4	915
1933	5	747
1933	6	761
1933	7	1118
1933	8	1581
1933	9	180
1933	10	328
1933	11	196
1933	12	358
1934	1	386
1934	2	699
1934	3	1093
1934	4	706
1934	5	1285
1934	6	1102
1934	7	1257
1934	8	1144
1934	9	916
1934	10	763
1934	11	1084
1934	12	762
1935	1	714
1935	2	720
1935	3	549
1935	4	1083
1935	5	946
1935	6	450
1935	7	1014
1935	8	652
1935	9	1910
1935	10	179
1935	11	640
1935	12	693
1936	1	2076
1936	2	1203
1936	3	1810
1936	4	1931
1936	5	18
1936	6	1029
1936	7	866
1936	8	1375
1936	9	1301
1936	10	1387
1936	11	376
1936	12	1464
1937	1	1395
1937	2	935
1937	3	542
1937	4	1498
1937	5	330
1937	6	2616
1937	7	485
1937	8	1514
1937	9	127
1937	10	502
1937	11	578
1937	12	629
1938	1	531
1938	2	170
1938	3	618
1938	4	1056
1938	5	543
1938	6	1479
1938	7	1857
1938	8	639
1938	9	963
1938	10	269
1938	11	561
1938	12	842
1939	1	852
1939	2	2181
1939	3	739
1939	4	685
1939	5	473
1939	6	821
1939	7	2046
1939	8	1811
1939	9	446
1939	10	111
1939	11	356
1939	12	670
1940	1	738
1940	2	717
1940	3	541
1940	4	498
1940	5	668
1940	6	579
1940	7	805
1940	8	852
1940	9	161
1940	10	186
1940	11	1514
1940	12	654
1941	1	541
1941	2	628
1941	3	717
1941	4	733
1941	5	10
1941	6	1327
1941	7	1008
1941	8	2124
1941	9	480
1941	10	467
1941	11	186
1941	12	1366
1942	1	616
1942	2	860
1942	3	1760
1942	4	445
1942	5	1506
1942	6	1006
1942	7	1602
1942	8	1525
1942	9	870
1942	10	523
1942	11	718
1942	12	815
1943	1	1096
1943	2	424
1943	3	1376
1943	4	747
1943	5	681
1943	6	1230
1943	7	865
1943	8	612
1943	9	511
1943	10	66
1943	11	201
1943	12	967
1944	1	966
1944	2	1682
1944	3	1972
1944	4	1516
1944	5	222
1944	6	690
1944	7	2385
1944	8	475
1944	9	668
1944	10	851
1944	11	663
1944	12	441
1945	1	630
1945	2	1322
1945	3	383
1945	4	662
1945	5	707
1945	6	599
1945	7	770
1945	8	1011
1945	9	2906
1945	10	399
1945	11	379
1945	12	1683
1946	1	737
1946	2	570
1946	3	505
1946	4	1153
1946	5	517
1946	6	806
1946	7	2857
1946	8	914
1946	9	592
1946	10	1391
1946	11	434
1946	12	282
1947	1	1513
1947	2	252
1947	3	1091
1947	4	958
1947	5	295
1947	6	778
1947	7	685
1947	8	861
1947	9	1314
1947	10	635
1947	11	1615
1947	12	640
1948	1	1094
1948	2	909
1948	3	1351
1948	4	849
1948	5	1306
1948	6	808
1948	7	736
1948	8	970
1948	9	1417
1948	10	594
1948	11	2825
1948	12	1142
1949	1	855
1949	2	869
1949	3	490
1949	4	329
1949	5	1636
1949	6	495
1949	7	1061
1949	8	2203
1949	9	2484
1949	10	881
1949	11	701
1949	12	612
1950	1	548
1950	2	385
1950	3	816
1950	4	296
1950	5	567
1950	6	463
1950	7	1270
1950	8	929
1950	9	851
1950	10	475
1950	11	474
1950	12	714
1951	1	436
1951	2	226
1951	3	1136
1951	4	1130
1951	5	126
1951	6	1600
1951	7	1062
1951	8	874
1951	9	1718
1951	10	101
1951	11	810
1951	12	1186
1952	1	836
1952	2	1310
1952	3	1753
1952	4	897
1952	5	993
1952	6	589
1952	7	1322
1952	8	3301
1952	9	780
1952	10	203
1952	11	343
1952	12	970
1953	1	774
1953	2	1212
1953	3	1060
1953	4	829
1953	5	881
1953	6	688
1953	7	1383
1953	8	2181
1953	9	1494
1953	10	10
1953	11	256
1953	12	1547
1954	1	1496
1954	2	538
1954	3	1131
1954	4	444
1954	5	848
1954	6	142
1954	7	1493
1954	8	350
1954	9	0
1954	10	1475
1954	11	607
1954	12	768
1955	1	887
1955	2	932
1955	3	481
1955	4	1421
1955	5	709
1955	6	918
1955	7	1700
1955	8	678
1955	9	465
1955	10	1109
1955	11	723
1955	12	112
1956	1	375
1956	2	1621
1956	3	995
1956	4	830
1956	5	651
1956	6	500
1956	7	650
1956	8	928
1956	9	749
1956	10	374
1956	11	347
1956	12	485
1957	1	561
1957	2	721
1957	3	1054
1957	4	467
1957	5	2095
1957	6	997
1957	7	574
1957	8	1126
1957	9	1590
1957	10	537
1957	11	2235
1957	12	482
1958	1	1193
1958	2	863
1958	3	835
1958	4	1251
1958	5	801
1958	6	1172
1958	7	1751
1958	8	645
1958	9	69
1958	10	1076
1958	11	242
1958	12	890
1959	1	692
1959	2	769
1959	3	1006
1959	4	1455
1959	5	550
1959	6	452
1959	7	3096
1959	8	1379
1959	9	2108
1959	10	1446
1959	11	167
1959	12	627
1960	1	1538
1960	2	1984
1960	3	780
1960	4	986
1960	5	637
1960	6	1276
1960	7	1479
1960	8	2291
1960	9	499
1960	10	586
1960	11	407
1960	12	589
1961	1	612
1961	2	1679
1961	3	1343
1961	4	1087
1961	5	845
1961	6	1482
1961	7	361
1961	8	1102
1961	9	51
1961	10	190
1961	11	537
1961	12	1170
1962	1	1727
1962	2	1219
1962	3	1151
1962	4	952
1962	5	269
1962	6	1169
1962	7	1091
1962	8	375
1962	9	1961
1962	10	87
1962	11	1434
1962	12	869
1963	1	961
1963	2	1033
1963	3	938
1963	4	780
1963	5	1576
1963	6	965
1963	7	1196
1963	8	528
1963	9	1074
1963	10	51
1963	11	1013
1963	12	851
1964	1	1406
1964	2	1354
1964	3	1379
1964	4	892
1964	5	397
1964	6	791
1964	7	2114
1964	8	2260
1964	9	695
1964	10	2660
1964	11	396
1964	12	1293
1965	1	545
1965	2	940
1965	3	1561
1965	4	1004
1965	5	79
1965	6	1230
1965	7	2086
1965	8	1231
1965	9	407
1965	10	537
1965	11	619
1965	12	173
1966	1	1238
1966	2	1238
1966	3	853
1966	4	621
1966	5	1059
1966	6	494
1966	7	576
1966	8	869
1966	9	2103
1966	10	1088
1966	11	269
1966	12	671
1967	1	503
1967	2	1097
1967	3	403
1967	4	645
1967	5	1082
1967	6	533
1967	7	1177
1967	8	2949
1967	9	1117
1967	10	160
1967	11	970
1967	12	1120
1968	1	1519
1968	2	203
1968	3	639
1968	4	436
1968	5	1026
1968	6	1029
1968	7	998
1968	8	993
1968	9	41
1968	10	768
1968	11	1316
1968	12	694
1969	1	610
1969	2	1332
1969	3	1071
1969	4	1199
1969	5	702
1969	6	1176
1969	7	1361
1969	8	1806
1969	9	1115
1969	10	729
1969	11	222
1969	12	924
1970	1	631
1970	2	444
1970	3	1238
1970	4	328
1970	5	1184
1970	6	163
1970	7	1181
1970	8	2022
1970	9	279
1970	10	1941
1970	11	352
1970	12	633
1971	1	1532
1971	2	1186
1971	3	1679
1971	4	752
1971	5	1385
1971	6	1280
1971	7	1283
1971	8	1992
1971	9	424
1971	10	2216
1971	11	461
1971	12	512
1972	1	1259
1972	2	1084
1972	3	897
1972	4	328
1972	5	1521
1972	6	1146
1972	7	923
1972	8	537
1972	9	808
1972	10	360
1972	11	904
1972	12	2305
1973	1	1296
1973	2	1206
1973	3	1242
1973	4	1519
1973	5	1060
1973	6	2283
1973	7	1178
1973	8	394
1973	9	601
1973	10	564
1973	11	89
1973	12	1438
1974	1	864
1974	2	1202
1974	3	829
1974	4	942
1974	5	1411
1974	6	706
1974	7	908
1974	8	1373
1974	9	1673
1974	10	0
1974	11	678
1974	12	1309
1975	1	1785
1975	2	1046
1975	3	1924
1975	4	580
1975	5	1744
1975	6	1080
1975	7	2113
1975	8	804
1975	9	1805
1975	10	328
1975	11	708
1975	12	1209
1976	1	509
1976	2	313
1976	3	1141
1976	4	122
1976	5	1083
1976	6	1820
1976	7	691
1976	8	516
1976	9	992
1976	10	1785
1976	11	836
1976	12	1176
1977	1	948
1977	2	342
1977	3	2182
1977	4	383
1977	5	292
1977	6	1149
1977	7	314
1977	8	1502
1977	9	1762
1977	10	1954
1977	11	729
1977	12	632
1978	1	2000
1978	2	160
1978	3	1115
1978	4	539
1978	5	1024
1978	6	1273
1978	7	2464
1978	8	684
1978	9	219
1978	10	318
1978	11	750
1978	12	630
1979	1	1395
1979	2	1625
1979	3	856
1979	4	1269
1979	5	647
1979	6	1444
1979	7	997
1979	8	253
1979	9	2137
1979	10	590
1979	11	1700
1979	12	355
1980	1	1215
1980	2	381
1980	3	2506
1980	4	392
1980	5	838
1980	6	624
1980	7	684
1980	8	175
1980	9	2322
1980	10	993
1980	11	1029
1980	12	244
1981	1	123
1981	2	998
1981	3	496
1981	4	141
1981	5	533
1981	6	398
1981	7	2213
1981	8	668
1981	9	736
1981	10	744
1981	11	205
1981	12	1969
1982	1	1017
1982	2	1781
1982	3	474
1982	4	1057
1982	5	1053
1982	6	1488
1982	7	958
1982	8	1056
1982	9	1078
1982	10	1663
1982	11	671
1982	12	1434
1983	1	943
1983	2	1579
1983	3	2204
1983	4	1052
1983	5	619
1983	6	729
1983	7	191
1983	8	1844
1983	9	560
1983	10	485
1983	11	1105
1983	12	2302
1984	1	1590
1984	2	1555
1984	3	1296
1984	4	1053
1984	5	1301
1984	6	643
1984	7	1823
1984	8	742
1984	9	69
1984	10	508
1984	11	375
1984	12	784
1985	1	1086
1985	2	1002
1985	3	331
1985	4	371
1985	5	958
1985	6	1478
1985	7	1546
1985	8	2700
1985	9	13
1985	10	1179
1985	11	1641
1985	12	234
1986	1	356
1986	2	313
1986	3	783
1986	4	216
1986	5	288
1986	6	295
1986	7	721
1986	8	3468
1986	9	414
1986	10	733
1986	11	1202
1986	12	995
1987	1	1974
1987	2	1180
1987	3	1461
1987	4	826
1987	5	241
1987	6	1767
1987	7	688
1987	8	663
1987	9	2679
1987	10	123
1987	11	1220
1987	12	775
1988	1	1126
1988	2	378
1988	3	592
1988	4	569
1988	5	683
1988	6	714
1988	7	1059
1988	8	1822
1988	9	926
1988	10	851
1988	11	1054
1988	12	384
1989	1	451
1989	2	1410
1989	3	2044
1989	4	1305
1989	5	1495
1989	6	1355
1989	7	1554
1989	8	1071
1989	9	1392
1989	10	1672
1989	11	607
1989	12	930
1990	1	818
1990	2	1578
1990	3	873
1990	4	655
1990	5	1777
1990	6	89
1990	7	1498
1990	8	1079
1990	9	310
1990	10	4048
1990	11	622
1990	12	890
1991	1	1544
1991	2	497
1991	3	1903
1991	4	1545
1991	5	785
1991	6	1380
1991	7	1874
1991	8	1767
1991	9	422
1991	10	376
1991	11	563
1991	12	897
1992	1	804
1992	2	925
1992	3	894
1992	4	762
1992	5	1174
1992	6	1684
1992	7	203
1992	8	1594
1992	9	320
1992	10	1570
1992	11	1568
1992	12	671
1993	1	1665
1993	2	820
1993	3	2114
1993	4	865
1993	5	894
1993	6	369
1993	7	810
1993	8	994
1993	9	848
1993	10	661
1993	11	957
1993	12	874
1994	1	1082
1994	2	874
1994	3	1269
1994	4	191
1994	5	648
1994	6	2024
1994	7	1644
1994	8	767
1994	9	1430
1994	10	858
1994	11	779
1994	12	605
1995	1	1111
1995	2	1248
1995	3	691
1995	4	152
1995	5	785
1995	6	1483
1995	7	355
1995	8	2314
1995	9	663
1995	10	1885
1995	11	1119
1995	12	345
1996	1	997
1996	2	672
1996	3	1363
1996	4	1021
1996	5	331
1996	6	942
1996	7	776
1996	8	1366
1996	9	1319
1996	10	1121
1996	11	965
1996	12	668
1997	1	1040
1997	2	1052
1997	3	1096
1997	4	1196
1997	5	442
1997	6	756
1997	7	2273
1997	8	82
1997	9	627
1997	10	1126
1997	11	1167
1997	12	1098
1998	1	2493
1998	2	1338
1998	3	1332
1998	4	1341
1998	5	941
1998	6	734
1998	7	1639
1998	8	940
1998	9	1886
1998	10	981
1998	11	423
1998	12	853
1999	1	1264
1999	2	541
1999	3	613
1999	4	975
1999	5	615
1999	6	915
1999	7	290
1999	8	442
1999	9	2885
1999	10	1138
1999	11	457
1999	12	392
2000	1	1599
2000	2	687
2000	3	749
2000	4	918
2000	5	311
2000	6	862
2000	7	1071
2000	8	909
2000	9	2048
2000	10	0
2000	11	718
2000	12	358
2001	1	458
2001	2	576
2001	3	1406
2001	4	395
2001	5	482
2001	6	1194
2001	7	1268
2001	8	265
2001	9	696
2001	10	740
2001	11	180
2001	12	585
2002	1	1408
2002	2	414
2002	3	945
2002	4	272
2002	5	598
2002	6	320
2002	7	959
2002	8	1065
2002	9	1300
2002	10	1575
2002	11	938
2002	12	1199
2003	1	482
2003	2	1559
2003	3	2042
2003	4	1741
2003	5	1323
2003	6	1350
2003	7	1689
2003	8	1526
2003	9	929
2003	10	699
2003	11	306
2003	12	584
2004	1	231
2004	2	1011
2004	3	331
2004	4	263
2004	5	231
2004	6	1837
2004	7	1572
2004	8	1514
2004	9	3530
2004	10	638
2004	11	552
2004	12	544
2005	1	516
2005	2	780
2005	3	1073
2005	4	771
2005	5	256
2005	6	1341
2005	7	861
2005	8	2232
2005	9	43
2005	10	1113
2005	11	632
2005	12	1305
2006	1	665
2006	2	434
2006	3	342
2006	4	572
2006	5	491
2006	6	2751
2006	7	254
2006	8	1744
2006	9	789
2006	10	1122
2006	11	2111
2006	12	859
2007	1	440
2007	2	870
2007	3	651
2007	4	481
2007	5	221
2007	6	1117
2007	7	244
2007	8	724
2007	9	348
2007	10	874
2007	11	79
2007	12	1191
2008	1	541
2008	2	1056
2008	3	874
2008	4	1540
2008	5	601
2008	6	251
2008	7	834
2008	8	2248
2008	9	1199
2008	10	416
2008	11	785
2008	12	1490
2009	1	660
2009	2	432
2009	3	1663
2009	4	419
2009	5	974
2009	6	625
2009	7	1565
2009	8	585
2009	9	331
2009	10	856
2009	11	1846
2009	12	2213
2010	1	1283
2010	2	1015
2010	3	647
2010	4	244
2010	5	1116
2010	6	2105
2010	7	955
2010	8	1197
2010	9	157
2010	10	18
2010	11	66
2010	12	509
2011	1	448
2011	2	658
2011	3	1443
2011	4	666
2011	5	1978
2011	6	1132
2011	7	614
2011	8	1303
2011	9	1126
2011	10	1192
2011	11	764
2011	12	555
2012	1	999
2012	2	335
2012	3	768
2012	4	608
2012	5	1325
2012	6	422
2012	7	1354
2012	8	1939
2012	9	907
2012	10	196
2012	11	112
2012	12	923
2013	1	904
2013	2	933
2013	3	411
2013	4	1293
2013	5	434
2013	6	1950
2013	7	1409
2013	8	1065
2013	9	371
2013	10	58
2013	11	761
2013	12	1374
2014	1	877
2014	2	735
2014	3	1297
2014	4	1426
2014	5	331
2014	6	957
2014	7	938
2014	8	536
2014	9	1665
2014	10	428
2014	11	345
2014	12	473
2015	1	458
2015	2	342
2015	3	667
2015	4	1004
2015	5	200
2015	6	392
2015	7	795
2015	8	1882
2015	9	677
2015	10	2289
