1893	8	16
1893	9	340
1893	11	231
1893	12	121
1894	1	243
1894	4	226
1894	5	48
1894	6	145
1894	7	19
1894	8	232
1894	9	189
1894	10	117
1894	11	0
1894	12	145
1895	2	98
1895	3	156
1895	4	88
1895	5	164
1895	6	149
1895	7	89
1895	8	46
1895	9	204
1895	10	43
1895	11	139
1895	12	129
1896	1	293
1896	2	55
1896	3	326
1896	4	260
1896	5	427
1896	6	89
1896	7	121
1896	8	135
1896	9	76
1896	10	199
1896	11	420
1896	12	162
1897	1	105
1897	2	232
1897	3	115
1897	4	207
1897	5	93
1897	6	68
1897	7	98
1897	8	72
1897	9	189
1897	10	564
1897	11	190
1897	12	223
1898	1	137
1898	2	85
1898	3	49
1898	4	55
1898	6	88
1898	7	119
1898	8	33
1898	9	12
1898	10	82
1898	11	157
1898	12	45
1899	1	184
1899	2	138
1899	3	212
1899	4	36
1899	5	194
1899	6	73
1899	7	58
1899	8	20
1899	9	3
1899	10	417
1899	11	191
1899	12	219
1900	1	75
1900	2	273
1900	3	12
1900	4	350
1900	5	128
1900	6	21
1900	7	21
1900	8	94
1900	9	66
1900	10	210
1900	11	170
1900	12	93
1901	1	132
1901	2	233
1901	3	79
1901	4	107
1901	5	181
1901	6	39
1901	7	17
1901	8	112
1901	9	112
1901	10	325
1901	11	45
1901	12	381
1902	1	105
1902	2	295
1902	3	105
1902	4	304
1902	5	164
1902	6	26
1902	7	32
1902	8	31
1902	9	50
1902	10	58
1902	11	160
1902	12	150
1903	1	311
1903	2	62
1903	3	169
1903	4	266
1903	5	336
1903	6	47
1903	7	11
1903	8	50
1903	9	66
1903	10	133
1903	11	219
1903	12	150
1904	1	193
1904	2	321
1904	3	731
1904	4	115
1904	5	158
1904	6	86
1904	7	52
1904	8	176
1904	9	65
1904	10	341
1904	11	7
1904	12	110
1905	1	91
1905	2	130
1905	3	237
1905	4	221
1905	5	271
1905	6	65
1905	7	36
1905	8	114
1905	9	75
1905	10	16
1905	11	176
1905	12	177
1906	1	242
1906	2	187
1906	3	487
1906	4	197
1906	5	441
1906	6	280
1906	7	31
1906	8	126
1906	9	76
1906	10	64
1906	11	140
1906	12	262
1907	1	288
1907	2	306
1907	3	1226
1907	4	321
1907	5	225
1907	6	270
1907	7	42
1907	8	145
1907	9	93
1907	10	194
1907	11	60
1907	12	317
1908	1	72
1908	2	145
1908	3	52
1908	4	52
1908	5	517
1908	6	291
1908	7	51
1908	8	111
1908	9	135
1908	10	593
1908	11	70
1908	12	71
1909	1	572
1909	2	295
1909	3	140
1909	4	60
1909	5	314
1909	6	50
1909	7	128
1909	8	146
1909	9	372
1909	10	193
1909	11	656
1909	12	273
1910	1	228
1910	2	122
1910	3	70
1910	4	100
1910	5	120
1910	6	21
1910	7	77
1910	8	14
1910	9	113
1910	10	208
1910	11	222
1910	12	171
1911	1	555
1911	2	74
1911	3	89
1911	4	182
1911	5	313
1911	6	266
1911	7	61
1911	8	1
1911	9	125
1911	10	391
1911	11	281
1911	12	70
1912	1	301
1912	2	101
1912	3	293
1912	4	302
1912	5	238
1912	6	203
1912	7	210
1912	8	169
1912	9	94
1912	10	635
1912	11	169
1912	12	81
1913	1	170
1913	2	59
1913	3	95
1913	4	103
1913	5	253
1913	6	382
1913	7	222
1913	8	70
1913	9	203
1913	10	189
1913	11	201
1913	12	228
1914	1	356
1914	2	152
1914	3	59
1914	4	150
1914	5	129
1914	6	550
1914	7	121
1914	8	0
1914	9	275
1914	10	321
1914	11	0
1914	12	76
1915	1	138
1915	2	112
1915	3	87
1915	4	141
1915	5	582
1915	6	132
1915	7	137
1915	8	33
1915	9	411
1915	10	13
1915	11	179
1915	12	128
1916	1	263
1916	2	445
1916	3	547
1916	4	97
1916	5	347
1916	6	20
1916	7	119
1916	8	102
1916	9	0
1916	10	435
1916	11	109
1916	12	286
1917	1	116
1917	2	297
1917	3	137
1917	4	356
1917	5	810
1917	6	48
1917	7	79
1917	8	5
1917	9	66
1917	10	0
1917	11	481
1917	12	51
1918	1	140
1918	2	155
1918	3	231
1918	4	161
1918	5	127
1918	6	226
1918	7	344
1918	8	110
1918	9	254
1918	10	346
1918	11	74
1918	12	58
1919	1	41
1919	2	245
1919	3	86
1919	4	128
1919	5	64
1919	6	0
1919	7	117
1919	8	41
1919	9	417
1919	10	255
1919	11	82
1919	12	102
1920	1	0
1920	2	25
1920	3	190
1920	4	381
1920	5	225
1920	6	109
1920	7	5
1920	8	176
1920	9	155
1920	10	479
1920	11	144
1920	12	158
1921	1	190
1921	2	101
1921	3	191
1921	4	508
1921	5	777
1921	6	168
1921	7	46
1921	8	112
1921	9	114
1921	10	69
1921	11	114
1921	12	210
1922	1	241
1922	2	193
1922	3	71
1922	4	390
1922	5	175
1922	6	203
1922	7	117
1922	8	548
1922	9	0
1922	10	69
1922	11	109
1922	12	190
1923	1	182
1923	2	39
1923	3	44
1923	4	521
1923	5	263
1923	6	205
1923	7	353
1923	8	128
1923	9	173
1923	10	671
1923	11	82
1923	12	188
1924	1	26
1924	2	76
1924	3	82
1924	4	107
1924	5	110
1924	6	76
1924	7	140
1924	8	5
1924	9	87
1924	10	439
1924	11	64
1924	12	237
1925	1	95
1925	2	115
1925	3	82
1925	4	267
1925	5	212
1925	6	437
1925	7	352
1925	8	104
1925	9	498
1925	10	178
1925	11	156
1925	12	148
1926	1	119
1926	2	104
1926	3	168
1926	4	254
1926	5	36
1926	6	8
1926	7	265
1926	8	79
1926	9	168
1926	10	87
1926	11	414
1926	12	181
1927	1	157
1927	2	427
1927	3	241
1927	4	325
1927	5	394
1927	6	40
1927	7	6
1927	8	218
1927	9	281
1927	10	274
1927	11	426
1927	12	87
1928	1	72
1928	2	87
1928	3	267
1928	4	43
1928	5	130
1928	6	302
1928	7	58
1928	8	41
1928	9	38
1928	10	366
1928	11	456
1928	12	266
1929	1	203
1929	2	29
1929	3	46
1929	4	453
1929	5	132
1929	6	252
1929	7	76
1929	8	117
1929	9	232
1929	10	5
1929	11	53
1929	12	221
1930	1	107
1930	2	280
1930	3	184
1930	4	149
1930	5	445
1930	6	234
1930	7	8
1930	8	453
1930	9	201
1930	10	346
1930	11	127
1930	12	71
1931	1	39
1931	2	92
1931	3	147
1931	4	247
1931	5	107
1931	6	198
1931	7	43
1931	8	58
1931	9	211
1931	10	220
1931	11	51
1931	12	260
1932	1	90
1932	2	127
1932	3	179
1932	4	305
1932	5	196
1932	6	193
1932	7	203
1932	8	137
1932	9	5
1932	10	10
1932	11	78
1932	12	143
1933	1	288
1933	2	61
1933	3	120
1933	4	135
1933	5	263
1933	6	95
1933	7	127
1933	8	13
1933	9	61
1933	10	25
1933	11	48
1933	12	195
1934	1	229
1934	2	365
1934	3	76
1934	4	66
1934	5	20
1934	6	221
1934	7	0
1934	8	86
1934	9	43
1934	10	163
1934	11	310
1934	12	122
1935	1	236
1935	2	79
1935	3	76
1935	4	404
1935	5	369
1935	6	15
1935	7	0
1935	8	26
1935	9	10
1935	10	188
1935	11	158
1935	12	56
1936	1	488
1936	2	233
1936	3	224
1936	4	271
1936	5	130
1936	6	356
1936	7	305
1936	8	217
1936	9	8
1936	10	86
1936	11	0
1936	12	193
1937	1	205
1937	2	252
1937	3	155
1937	4	268
1937	5	280
1937	6	246
1937	7	377
1937	8	13
1937	9	28
1937	10	120
1937	11	308
1937	12	323
1938	1	209
1938	2	150
1938	3	613
1938	4	212
1938	5	297
1938	6	205
1938	7	119
1938	8	145
1938	9	0
1938	10	874
1938	11	165
1938	12	85
1939	1	105
1939	2	62
1939	3	39
1939	4	82
1939	5	63
1939	6	63
1939	7	230
1939	8	61
1939	9	106
1939	10	330
1939	11	0
1939	12	97
1940	1	475
1940	2	396
1940	3	199
1940	4	458
1940	5	0
1940	6	81
1940	7	5
1940	8	38
1940	9	824
1940	10	409
1940	11	140
1940	12	286
1941	1	146
1941	2	302
1941	3	395
1941	4	415
1941	5	242
1941	6	97
1941	7	107
1941	8	127
1941	9	343
1941	10	144
1941	11	328
1941	12	385
1942	1	217
1942	2	85
1942	3	102
1942	4	204
1942	5	505
1942	6	87
1942	7	35
1942	8	11
1942	9	158
1942	10	191
1942	11	718
1942	12	357
1943	1	242
1943	2	102
1943	3	194
1943	4	124
1943	5	257
1943	6	280
1943	7	66
1943	8	10
1943	9	25
1943	10	343
1943	11	122
1943	12	79
1944	1	152
1944	2	147
1944	3	25
1944	4	307
1944	5	262
1944	6	797
1944	7	38
1944	8	0
1944	9	112
1944	10	33
1944	11	341
1944	12	109
1945	1	61
1945	2	189
1945	3	97
1945	4	95
1945	5	498
1945	6	337
1945	7	16
1945	8	180
1945	9	117
1945	10	117
1945	11	90
1945	12	211
1946	1	112
1946	2	82
1946	3	721
1946	4	26
1946	5	411
1946	6	191
1946	7	34
1946	8	141
1946	9	209
1946	10	277
1946	11	217
1946	12	54
1947	1	34
1947	2	26
1947	3	140
1947	4	87
1947	5	196
1947	6	378
1947	7	8
1947	8	91
1947	9	171
1947	10	173
1947	11	242
1947	12	309
1948	1	134
1948	2	197
1948	3	152
1948	4	277
1948	5	153
1948	6	432
1948	7	33
1948	8	81
1948	9	270
1948	10	33
1948	11	296
1948	12	312
1949	1	194
1949	2	191
1949	3	130
1949	4	51
1949	5	462
1949	6	84
1949	7	76
1949	8	112
1949	9	102
1949	10	224
1949	11	158
1949	12	74
1950	1	429
1950	2	89
1950	3	371
1950	4	69
1950	5	163
1950	6	128
1950	7	57
1950	8	102
1950	9	89
1950	10	116
1950	11	203
1950	12	192
1951	1	158
1951	2	289
1951	3	99
1951	4	158
1951	5	81
1951	6	44
1951	7	135
1951	8	279
1951	9	0
1951	10	158
1951	11	90
1951	12	394
1952	1	134
1952	2	202
1952	3	163
1952	4	76
1952	5	31
1952	6	189
1952	7	21
1952	8	313
1952	9	23
1952	10	0
1952	11	118
1952	12	126
1953	1	158
1953	2	90
1953	3	118
1953	4	142
1953	5	354
1953	6	219
1953	7	13
1953	8	53
1953	9	59
1953	10	247
1953	11	74
1953	12	25
1954	1	101
1954	2	98
1954	3	260
1954	4	239
1954	5	79
1954	6	404
1954	7	3
1954	8	78
1954	9	13
1954	10	204
1954	11	114
1954	12	117
1955	1	108
1955	2	56
1955	3	87
1955	4	255
1955	5	158
1955	6	328
1955	7	84
1955	8	30
1955	9	46
1955	10	36
1955	11	60
1955	12	454
1956	1	431
1956	2	15
1956	3	21
1956	4	76
1956	5	204
1956	6	10
1956	7	13
1956	8	18
1956	9	53
1956	10	472
1956	11	56
1956	12	89
1957	1	110
1957	2	191
1957	3	158
1957	4	295
1957	5	669
1957	6	97
1957	7	18
1957	8	31
1957	9	0
1957	10	132
1957	11	130
1957	12	105
1958	1	226
1958	2	99
1958	3	179
1958	4	215
1958	5	83
1958	6	213
1958	7	92
1958	8	10
1958	9	66
1958	10	0
1958	11	224
1958	12	116
1959	1	223
1959	2	88
1959	3	81
1959	4	91
1959	5	273
1959	6	73
1959	7	0
1959	8	71
1959	9	317
1959	10	35
1959	11	0
1959	12	83
1960	1	165
1960	2	224
1960	3	72
1960	4	140
1960	5	53
1960	6	66
1960	7	79
1960	8	196
1960	9	40
1960	10	113
1960	11	279
1960	12	28
1961	1	31
1961	2	159
1961	3	162
1961	4	206
1961	5	544
1961	6	30
1961	7	79
1961	8	120
1961	9	658
1961	10	533
1961	11	76
1961	12	107
1962	1	137
1962	2	229
1962	3	145
1962	4	92
1962	5	437
1962	6	197
1962	7	334
1962	8	194
1962	9	160
1962	10	129
1962	11	36
1962	12	61
1963	1	272
1963	2	274
1963	3	55
1963	4	574
1963	5	635
1963	6	303
1963	7	0
1963	8	119
1963	9	369
1963	10	74
1963	11	376
1963	12	252
1964	1	98
1964	2	37
1964	3	88
1964	4	282
1964	5	464
1964	6	423
1964	7	23
1964	8	26
1964	9	5
1964	10	183
1964	11	250
1964	12	906
1965	1	171
1965	2	112
1965	3	13
1965	4	455
1965	5	401
1965	6	326
1965	7	290
1965	8	194
1965	9	148
1965	10	3
1965	11	328
1965	12	272
1966	1	39
1966	2	59
1966	3	91
1966	4	18
1966	5	348
1966	6	76
1966	7	84
1966	8	40
1966	9	244
1966	10	43
1966	11	97
1966	12	272
1967	1	351
1967	2	51
1967	3	209
1967	4	371
1967	5	335
1967	6	1352
1967	7	41
1967	8	16
1967	9	3
1967	10	323
1967	11	61
1967	12	118
1968	1	89
1968	2	154
1968	3	215
1968	4	56
1968	5	335
1968	6	401
1968	7	0
1968	8	924
1968	9	183
1968	10	125
1968	11	237
1968	12	275
1969	1	603
1969	2	220
1969	3	24
1969	4	33
1969	5	74
1969	6	536
1969	7	8
1969	8	15
1969	9	49
1969	10	116
1969	11	227
1969	12	201
1970	1	461
1970	2	36
1970	3	236
1970	4	267
1970	5	501
1970	6	200
1970	7	188
1970	8	21
1970	9	187
1970	10	142
1970	11	423
1970	12	223
1971	1	270
1971	2	112
1971	3	398
1971	4	523
1971	5	173
1971	6	276
1971	7	148
1971	8	135
1971	9	240
1971	10	466
1971	11	326
1971	12	195
1972	1	258
1972	2	156
1972	3	109
1972	4	173
1972	5	23
1972	6	191
1972	7	102
1972	8	275
1972	9	158
1972	10	386
1972	11	201
1972	12	345
1973	1	190
1973	2	172
1973	3	330
1973	4	218
1973	5	191
1973	6	116
1973	7	434
1973	8	40
1973	9	399
1973	10	239
1973	11	316
1973	12	266
1974	1	146
1974	2	168
1974	3	420
1974	4	82
1974	5	216
1974	6	25
1974	7	18
1974	8	71
1974	9	20
1974	10	477
1974	11	152
1974	12	244
1975	1	94
1975	2	400
1975	3	328
1975	4	334
1975	5	314
1975	6	148
1975	7	189
1975	8	13
1975	9	0
1975	10	551
1975	11	98
1975	12	41
1976	1	153
1976	2	165
1976	3	173
1976	4	558
1976	5	97
1976	6	132
1976	7	35
1976	8	466
1976	9	137
1976	10	236
1976	11	0
1976	12	23
1977	1	91
1977	2	84
1977	3	75
1977	4	5
1977	5	406
1977	6	312
1977	7	150
1977	8	48
1977	9	132
1977	10	30
1977	11	209
1977	12	282
1978	1	251
1978	2	252
1978	3	115
1978	4	245
1978	5	385
1978	6	48
1978	7	0
1978	8	117
1978	9	308
1978	10	10
1978	11	63
1978	12	125
1979	1	220
1979	2	184
1979	3	146
1979	4	64
1979	5	23
1979	6	180
1979	7	122
1979	8	68
1979	9	43
1979	10	224
1979	11	125
1979	12	51
1980	1	469
1980	2	305
1980	3	131
1980	4	80
1980	5	791
1980	6	276
1980	7	44
1980	8	322
1980	9	461
1980	10	344
1980	11	286
1980	12	65
1981	1	114
1981	2	35
1981	3	149
1981	4	366
1981	5	586
1981	6	59
1981	7	18
1981	8	8
1981	9	43
1981	10	259
1981	11	305
1981	12	316
1982	1	168
1982	2	127
1982	3	213
1982	4	101
1982	5	172
1982	6	84
1982	7	202
1982	8	452
1982	9	559
1982	10	305
1982	11	271
1982	12	303
1983	1	64
1983	2	217
1983	3	315
1983	4	144
1983	5	247
1983	6	365
1983	7	193
1983	8	388
1983	9	305
1983	10	152
1983	11	420
1983	12	446
1984	1	47
1984	2	224
1984	3	82
1984	4	232
1984	5	173
1984	6	251
1984	7	670
1984	8	152
1984	9	71
1984	10	184
1984	11	200
1984	12	62
1985	1	76
1985	2	105
1985	3	183
1985	4	31
1985	5	254
1985	6	176
1985	7	124
1985	8	8
1985	9	379
1985	10	76
1985	11	361
1985	12	153
1986	1	196
1986	2	672
1986	3	195
1986	4	297
1986	5	381
1986	6	140
1986	7	18
1986	8	13
1986	9	234
1986	10	162
1986	11	71
1986	12	38
1987	1	116
1987	2	148
1987	3	182
1987	4	0
1987	5	412
1987	6	153
1987	7	354
1987	8	26
1987	9	0
1987	10	61
1987	11	84
1987	12	97
1988	1	124
1988	2	16
1988	3	168
1988	4	170
1988	5	147
1988	6	105
1988	7	0
1988	8	0
1988	9	10
1988	10	0
1988	11	577
1988	12	105
1989	1	52
1989	2	124
1989	3	466
1989	4	74
1989	5	139
1989	6	166
1989	7	54
1989	8	132
1989	9	72
1989	10	123
1989	11	178
1989	12	20
1990	1	122
1990	2	10
1990	3	120
1990	4	289
1990	5	166
1990	6	186
1990	7	0
1990	8	165
1990	9	60
1990	10	3
1990	11	146
1990	12	77
1991	1	43
1991	2	13
1991	3	470
1991	4	396
1991	5	698
1991	6	264
1991	7	104
1991	8	153
1991	9	283
1991	10	53
1991	11	264
1991	12	8
1992	1	13
1992	2	117
1992	3	21
1992	4	71
1992	5	3
1992	6	250
1992	7	149
1992	8	0
1992	9	21
1992	10	359
1992	11	107
1992	12	344
1993	1	207
1993	2	216
1993	3	306
1993	4	188
1993	5	366
1993	6	679
1993	7	359
1993	8	389
1993	9	183
1993	10	231
1993	11	30
1993	12	49
1994	1	67
1994	2	411
1994	3	0
1994	4	36
1994	5	221
1994	6	124
1994	7	13
1994	8	170
1994	9	188
1994	10	483
1994	11	120
1994	12	266
1995	1	278
1995	2	38
1995	3	689
1995	4	251
1995	5	382
1995	6	1157
1995	7	76
1995	8	15
1995	9	82
1995	10	53
1995	11	132
1995	12	334
1996	1	238
1996	2	72
1996	3	218
1996	4	97
1996	5	503
1996	6	5
1996	7	61
1996	8	0
1996	9	305
1996	10	63
1996	11	173
1996	12	776
1997	1	353
1997	2	26
1997	3	134
1997	4	267
1997	5	157
1997	6	465
1997	7	366
1997	8	233
1997	9	341
1997	10	302
1997	11	80
1997	12	130
1998	1	507
1998	2	388
1998	3	160
1998	4	41
1998	5	246
1998	6	448
1998	7	264
1998	8	8
1998	9	612
1998	10	146
1998	11	189
1998	12	81
1999	1	430
1999	2	333
1999	3	89
1999	4	251
1999	5	438
1999	6	249
1999	7	0
1999	8	149
1999	9	15
1999	10	66
1999	11	10
1999	12	47
2000	1	300
2000	2	260
2000	3	153
2000	4	106
2000	5	245
2000	6	5
2000	7	31
2000	8	16
2000	9	201
2000	10	339
2000	11	87
2000	12	67
2001	1	226
2001	2	95
2001	3	111
2001	4	153
2001	5	66
2001	6	11
2001	7	139
2001	8	60
2001	9	171
2001	10	71
2001	11	247
2001	12	330
2002	1	143
2002	2	0
2002	3	340
2002	4	87
2002	5	153
2002	6	69
2002	7	127
2002	8	16
2002	9	160
2002	10	54
2002	11	180
2002	12	106
2003	1	56
2003	2	161
2003	3	99
2003	4	363
2003	5	138
2003	6	52
2003	7	3
2003	8	150
2003	9	85
2003	10	5
2003	11	151
2003	12	347
2004	1	84
2004	2	410
2004	3	173
2004	4	220
2004	5	360
2004	6	67
2004	7	152
2004	8	219
2004	9	160
2004	10	447
2004	11	79
2004	12	160
2005	1	246
2005	2	135
2005	3	158
2005	4	536
2005	5	701
2005	6	120
2005	7	36
2005	8	18
2005	9	142
2005	10	281
2005	11	217
2005	12	825
2006	1	312
2006	2	53
2006	3	442
2006	4	322
2006	5	201
2006	6	407
2006	7	134
2006	8	48
2006	9	228
2006	10	232
2006	11	220
2006	12	278
2007	1	90
2007	2	136
2007	3	33
2007	4	302
2007	5	38
2007	6	321
2007	7	153
2007	8	92
2007	9	366
2007	10	307
2007	11	69
2007	12	175
2008	1	114
2008	2	161
2008	3	80
2008	4	5
2008	5	233
2008	6	40
2008	7	15
2008	8	0
2008	9	114
2008	10	333
2008	11	304
2008	12	296
2009	1	234
2009	2	191
2009	3	99
2009	4	236
2009	5	210
2009	6	1154
2009	7	176
2009	8	140
2009	9	115
2009	10	283
2009	11	20
2009	12	92
2010	1	240
2010	2	88
2010	3	60
2010	4	396
2010	5	326
2010	6	167
2010	7	31
2010	8	90
2010	9	51
2010	10	302
2010	11	352
2010	12	471
2011	1	142
2011	2	33
2011	3	264
2011	4	140
2011	5	336
2011	6	20
2011	7	15
2011	8	150
2011	9	30
2011	10	329
2011	11	89
2011	12	46
2012	1	339
2012	2	69
2012	3	132
2012	4	66
2012	5	250
2012	6	18
2012	7	97
2012	8	31
2012	9	110
2012	10	117
2012	11	228
2012	12	448
2013	1	44
2013	2	39
2013	3	77
2013	4	44
2013	5	184
2013	6	44
2013	7	151
2013	8	165
2013	9	244
2013	10	175
2013	11	41
2013	12	27
2014	1	143
2014	2	152
2014	3	370
2014	4	196
2014	5	158
2014	6	82
2014	7	61
2014	8	573
2014	9	362
2014	10	11
2014	11	291
2014	12	117
2015	1	94
2015	2	23
2015	3	31
2015	4	26
2015	5	835
2015	6	198
2015	7	190
2015	8	121
2015	9	267
2015	10	134
