1889	2	611
1889	10	844
1889	11	1538
1889	12	617
1890	1	1018
1890	2	1291
1890	3	1503
1890	4	1169
1890	5	1388
1890	6	1249
1890	7	957
1890	8	1323
1890	9	1139
1890	10	1825
1890	11	581
1890	12	1149
1891	1	986
1891	2	1253
1891	3	1185
1891	4	1109
1891	5	724
1891	6	1220
1891	7	1795
1891	8	1450
1891	11	872
1892	2	344
1892	3	993
1892	4	1289
1892	5	1470
1892	6	759
1892	7	1230
1892	8	398
1892	9	507
1892	10	294
1892	11	758
1892	12	891
1893	1	768
1893	2	1263
1893	3	303
1893	4	1464
1893	5	1257
1893	6	951
1893	7	782
1893	8	727
1893	9	308
1893	10	1382
1893	11	499
1893	12	563
1894	1	624
1894	2	968
1894	3	386
1894	4	972
1894	5	1249
1894	6	836
1894	7	495
1894	8	331
1894	9	488
1894	10	483
1894	11	708
1894	12	1165
1895	1	1170
1895	2	266
1895	3	884
1895	4	800
1895	5	506
1895	6	450
1895	7	1193
1895	8	586
1895	9	507
1895	10	281
1895	11	692
1895	12	742
1896	1	457
1896	2	688
1896	3	1168
1896	4	614
1896	5	728
1896	6	1128
1896	7	3209
1896	8	629
1896	9	944
1896	10	632
1896	11	806
1896	12	455
1897	1	387
1897	2	1786
1897	3	659
1897	4	889
1897	5	1107
1897	6	1034
1897	7	2115
1897	8	793
1897	9	167
1897	10	33
1897	11	1479
1897	12	1177
1898	1	1472
1898	2	604
1898	3	1671
1898	4	733
1898	5	1140
1898	6	635
1898	7	1412
1898	8	1987
1898	9	665
1898	10	1180
1898	11	767
1898	12	723
1899	1	1130
1899	2	1008
1899	3	1305
1899	4	488
1899	5	1212
1899	6	1059
1899	7	1436
1899	8	561
1899	9	988
1899	10	395
1899	11	558
1899	12	946
1900	1	640
1900	2	1046
1900	3	702
1900	4	345
1900	5	849
1900	6	820
1900	7	1255
1900	8	814
1900	9	193
1900	10	366
1900	11	1410
1900	12	484
1901	1	384
1901	2	287
1901	3	851
1901	4	1755
1901	5	1635
1901	6	1456
1901	7	1577
1901	8	632
1901	9	1109
1901	10	114
1901	11	643
1901	12	1425
1902	1	761
1902	2	564
1902	3	1090
1902	4	953
1902	5	831
1902	6	1656
1902	7	528
1902	8	965
1902	9	692
1902	10	562
1902	11	971
1902	12	1686
1903	1	981
1903	2	1512
1903	3	1270
1903	4	1610
1903	5	1317
1903	6	1254
1903	7	1087
1903	8	885
1903	9	333
1903	10	881
1903	11	643
1903	12	635
1904	1	544
1904	2	729
1904	3	1549
1904	4	940
1904	5	561
1904	6	1110
1904	7	651
1904	8	183
1904	9	617
1904	10	290
1904	11	38
1904	12	768
1905	1	632
1905	2	564
1905	3	1364
1905	4	941
1905	5	1730
1905	6	747
1905	7	1444
1905	8	1006
1905	9	698
1905	10	1518
1905	11	784
1905	12	925
1906	1	868
1906	2	533
1906	3	1285
1906	4	921
1906	5	1750
1906	6	1478
1906	7	832
1906	8	2190
1906	9	417
1906	10	818
1906	11	640
1906	12	1421
1907	1	2123
1907	2	732
1907	3	1730
1907	4	960
1907	5	1335
1907	6	1687
1907	7	1991
1907	8	1078
1907	9	992
1907	10	866
1907	11	636
1907	12	1047
1908	1	569
1908	2	1092
1908	3	1689
1908	4	997
1908	5	1703
1908	6	567
1908	7	1961
1908	8	527
1908	9	122
1908	10	641
1908	11	259
1908	12	955
1909	1	1122
1909	2	1664
1909	3	905
1909	4	1559
1909	5	1399
1909	6	2167
1909	7	864
1909	8	1135
1909	9	336
1909	10	576
1909	11	280
1909	12	803
1910	1	2117
1910	2	1129
1910	3	48
1910	4	653
1910	5	1214
1910	6	618
1910	7	827
1910	8	518
1910	9	534
1910	10	776
1910	11	568
1910	12	779
1911	1	1662
1911	2	681
1911	3	655
1911	4	1356
1911	5	350
1911	6	776
1911	7	959
1911	8	1109
1911	9	787
1911	10	1551
1911	11	844
1911	12	995
1912	1	557
1912	2	498
1912	3	1323
1912	4	1086
1912	5	610
1912	6	790
1912	7	1393
1912	8	922
1912	9	414
1912	10	374
1912	11	353
1912	12	831
1913	1	2154
1913	2	579
1913	3	993
1913	4	639
1913	5	1078
1913	6	632
1913	7	1804
1913	8	714
1913	9	645
1913	10	1206
1913	11	1057
1913	12	833
1914	1	782
1914	2	1103
1914	3	663
1914	4	998
1914	5	629
1914	6	749
1914	7	1021
1914	8	2359
1914	9	195
1914	10	757
1914	11	357
1914	12	1141
1915	1	1477
1915	2	581
1915	3	462
1915	4	243
1915	5	907
1915	6	1287
1915	7	1245
1915	8	1186
1915	9	1014
1915	10	353
1915	11	795
1915	12	1346
1916	1	1445
1916	2	1233
1916	3	1417
1916	4	568
1916	5	1035
1916	6	1974
1916	7	325
1916	8	1332
1916	9	825
1916	10	549
1916	11	534
1916	12	836
1917	1	1549
1917	2	650
1917	3	1378
1917	4	1263
1917	5	1015
1917	6	1218
1917	7	1261
1917	8	1197
1917	9	324
1917	10	1582
1917	11	198
1917	12	340
1918	1	974
1918	2	965
1918	3	1007
1918	4	1297
1918	5	1771
1918	6	677
1918	7	429
1918	8	784
1918	9	680
1918	10	800
1918	11	549
1918	12	1000
1919	1	797
1919	2	397
1919	3	656
1919	4	772
1919	5	1418
1919	6	563
1919	7	1494
1919	8	2045
1919	9	387
1919	10	1701
1919	11	1518
1919	12	1250
1920	1	935
1920	2	701
1920	3	724
1920	4	1124
1920	5	716
1920	6	1582
1920	7	1448
1920	8	802
1920	9	828
1920	10	302
1920	11	506
1920	12	531
1921	1	795
1921	2	628
1921	3	918
1921	4	656
1921	5	907
1921	6	520
1921	7	915
1921	8	931
1921	9	1069
1921	10	481
1921	11	1731
1921	12	1111
1922	1	662
1922	2	386
1922	3	1807
1922	4	1125
1922	5	1086
1922	6	798
1922	7	1074
1922	8	780
1922	9	624
1922	10	653
1922	11	273
1922	12	960
1923	1	1070
1923	2	848
1923	3	852
1923	4	965
1923	5	674
1923	6	722
1923	7	1458
1923	8	910
1923	9	384
1923	10	302
1923	11	1096
1923	12	1533
1924	1	1038
1924	2	957
1924	3	1130
1924	4	747
1924	5	1392
1924	6	736
1924	7	1085
1924	8	1125
1924	9	1589
1924	10	25
1924	11	438
1924	12	627
1925	1	916
1925	2	691
1925	3	587
1925	4	417
1925	5	862
1925	6	1087
1925	7	1301
1925	8	300
1925	9	166
1925	10	1583
1925	11	859
1925	12	186
1926	1	889
1926	2	1066
1926	3	702
1926	4	382
1926	5	304
1926	6	932
1926	7	1683
1926	8	1785
1926	9	1416
1926	10	1185
1926	11	847
1926	12	1062
1927	1	1281
1927	2	959
1927	3	805
1927	4	1194
1927	5	1119
1927	6	648
1927	7	1476
1927	8	1786
1927	9	302
1927	10	841
1927	11	1689
1927	12	1090
1928	1	401
1928	2	964
1928	3	1047
1928	4	1011
1928	5	510
1928	6	2910
1928	7	1601
1928	8	1467
1928	9	398
1928	10	611
1928	11	726
1928	12	486
1929	1	793
1929	2	718
1929	3	557
1929	4	978
1929	5	1271
1929	6	907
1929	7	922
1929	8	1262
1929	9	884
1929	10	1451
1929	11	1295
1929	12	862
1930	1	621
1930	2	823
1930	3	1023
1930	4	421
1930	5	481
1930	6	531
1930	7	463
1930	8	543
1930	9	601
1930	10	188
1930	11	278
1930	12	539
1931	1	256
1931	2	755
1931	3	930
1931	4	1296
1931	5	1095
1931	6	1011
1931	7	282
1931	8	1562
1931	9	1222
1931	10	632
1931	11	671
1931	12	1209
1932	1	1026
1932	2	398
1932	3	1201
1932	4	288
1932	5	337
1932	6	972
1932	7	1337
1932	8	925
1932	9	333
1932	10	626
1932	11	892
1932	12	509
1933	1	846
1933	2	628
1933	3	1526
1933	4	978
1933	5	1330
1933	6	655
1933	7	1108
1933	8	1080
1933	9	483
1933	10	219
1933	11	530
1933	12	1104
1934	1	484
1934	2	389
1934	3	935
1934	4	481
1934	5	567
1934	6	1469
1934	7	755
1934	8	1409
1934	9	472
1934	10	63
1934	11	624
1934	12	612
1935	1	1021
1935	2	406
1935	3	962
1935	4	871
1935	5	1411
1935	6	847
1935	7	1248
1935	8	2316
1935	9	316
1935	10	841
1935	11	397
1935	12	1134
1936	1	711
1936	2	426
1936	3	919
1936	4	1041
1936	5	190
1936	6	594
1936	7	933
1936	8	1014
1936	9	318
1936	10	782
1936	11	231
1936	12	1058
1937	1	2566
1937	2	585
1937	3	391
1937	4	724
1937	5	1822
1937	6	2545
1937	7	793
1937	8	1350
1937	9	432
1937	10	1459
1937	11	686
1937	12	892
1938	1	488
1938	2	539
1938	3	1059
1938	4	944
1938	5	1667
1938	6	1585
1938	7	299
1938	8	519
1938	9	869
1938	10	188
1938	11	951
1938	12	427
1939	1	780
1939	2	1323
1939	3	1209
1939	4	1662
1939	5	150
1939	6	2013
1939	7	1363
1939	8	574
1939	9	838
1939	10	896
1939	11	300
1939	12	566
1940	1	356
1940	2	1177
1940	3	1110
1940	4	1472
1940	5	1221
1940	6	1365
1940	7	495
1940	8	1940
1940	9	420
1940	10	526
1940	11	1150
1940	12	950
1941	1	900
1941	2	166
1941	3	315
1941	4	321
1941	5	845
1941	6	2073
1941	7	1248
1941	8	1187
1941	9	731
1941	10	942
1941	11	472
1941	12	443
1942	1	477
1942	2	489
1942	3	1059
1942	4	982
1942	5	1229
1942	6	1081
1942	7	1681
1942	8	2273
1942	9	1581
1942	10	666
1942	11	1046
1942	12	1441
1943	1	704
1943	2	344
1943	3	1040
1943	4	1082
1943	5	2136
1943	6	775
1943	7	1325
1943	8	1164
1943	9	263
1943	10	668
1943	11	474
1943	12	440
1944	1	402
1944	2	726
1944	3	1440
1944	4	977
1944	5	1678
1944	6	956
1944	7	589
1944	8	930
1944	9	947
1944	10	651
1944	11	655
1944	12	1693
1945	1	1015
1945	2	1157
1945	3	1601
1945	4	833
1945	5	1633
1945	6	861
1945	7	996
1945	8	836
1945	9	2477
1945	10	382
1945	11	1353
1945	12	715
1946	1	511
1946	2	704
1946	3	773
1946	4	366
1946	5	1352
1946	6	1379
1946	7	470
1946	8	622
1946	9	503
1946	10	425
1946	11	470
1946	12	894
1947	1	1537
1947	2	352
1947	3	417
1947	4	732
1947	5	914
1947	6	1046
1947	7	1418
1947	8	890
1947	9	1397
1947	10	348
1947	11	828
1947	12	384
1948	1	912
1948	2	721
1948	3	789
1948	4	1806
1948	5	963
1948	6	1213
1948	7	1386
1948	8	1102
1948	9	512
1948	10	765
1948	11	1049
1948	12	1058
1949	1	1145
1949	2	836
1949	3	695
1949	4	914
1949	5	929
1949	6	983
1949	7	1985
1949	8	962
1949	9	507
1949	10	439
1949	11	561
1949	12	1017
1950	1	1962
1950	2	884
1950	3	704
1950	4	572
1950	5	1239
1950	6	2724
1950	7	1991
1950	8	379
1950	9	734
1950	10	415
1950	11	1781
1950	12	630
1951	1	1411
1951	2	920
1951	3	1721
1951	4	915
1951	5	989
1951	6	1036
1951	7	628
1951	8	478
1951	9	991
1951	10	265
1951	11	1239
1951	12	1062
1952	1	1361
1952	2	663
1952	3	694
1952	4	609
1952	5	1316
1952	6	752
1952	7	1206
1952	8	1625
1952	9	436
1952	10	297
1952	11	346
1952	12	752
1953	1	1308
1953	2	498
1953	3	923
1953	4	991
1953	5	1066
1953	6	1493
1953	7	1283
1953	8	613
1953	9	749
1953	10	97
1953	11	364
1953	12	561
1954	1	580
1954	2	527
1954	3	1140
1954	4	917
1954	5	679
1954	6	1119
1954	7	1262
1954	8	2724
1954	9	550
1954	10	1596
1954	11	384
1954	12	901
1955	1	402
1955	2	1324
1955	3	1436
1955	4	776
1955	5	1089
1955	6	786
1955	7	907
1955	8	712
1955	9	325
1955	10	667
1955	11	601
1955	12	213
1956	1	696
1956	2	1488
1956	3	1530
1956	4	1089
1956	5	1430
1956	6	887
1956	7	1175
1956	8	1532
1956	9	1281
1956	10	295
1956	11	357
1956	12	1134
1957	1	800
1957	2	943
1957	3	424
1957	4	1030
1957	5	896
1957	6	872
1957	7	656
1957	8	124
1957	9	659
1957	10	775
1957	11	860
1957	12	1305
1958	1	828
1958	2	503
1958	3	444
1958	4	975
1958	5	1452
1958	6	1276
1958	7	2001
1958	8	710
1958	9	1130
1958	10	314
1958	11	659
1958	12	459
1959	1	1219
1959	2	1017
1959	3	512
1959	4	747
1959	5	300
1959	6	642
1959	7	1071
1959	8	684
1959	9	230
1959	10	894
1959	11	867
1959	12	534
1960	1	764
1960	2	1124
1960	3	313
1960	4	404
1960	5	955
1960	6	832
1960	7	884
1960	8	1604
1960	9	636
1960	10	850
1960	11	616
1960	12	516
1961	1	447
1961	2	886
1961	3	1276
1961	4	1192
1961	5	907
1961	6	1527
1961	7	1245
1961	8	932
1961	9	459
1961	10	824
1961	11	810
1961	12	867
1962	1	740
1962	2	1080
1962	3	919
1962	4	1084
1962	5	474
1962	6	190
1962	7	990
1962	8	318
1962	9	1777
1962	10	603
1962	11	929
1962	12	710
1963	1	240
1963	2	349
1963	3	1855
1963	4	459
1963	5	201
1963	6	1243
1963	7	1119
1963	8	1288
1963	9	648
1963	10	41
1963	11	603
1963	12	364
1964	1	542
1964	2	582
1964	3	1164
1964	4	1577
1964	5	464
1964	6	1537
1964	7	805
1964	8	1377
1964	9	648
1964	10	375
1964	11	940
1964	12	1233
1965	1	877
1965	2	788
1965	3	896
1965	4	1408
1965	5	459
1965	6	469
1965	7	810
1965	8	904
1965	9	1133
1965	10	793
1965	11	591
1965	12	281
1966	1	1369
1966	2	1057
1966	3	467
1966	4	1184
1966	5	565
1966	6	223
1966	7	584
1966	8	544
1966	9	662
1966	10	545
1966	11	1100
1966	12	853
1967	1	181
1967	2	611
1967	3	1442
1967	4	836
1967	5	2007
1967	6	462
1967	7	573
1967	8	530
1967	9	602
1967	10	628
1967	11	811
1967	12	770
1968	1	682
1968	2	247
1968	3	930
1968	4	757
1968	5	2252
1968	6	1314
1968	7	508
1968	8	976
1968	9	1038
1968	10	897
1968	11	1052
1968	12	523
1969	1	783
1969	2	290
1969	3	533
1969	4	1286
1969	5	438
1969	6	1273
1969	7	1498
1969	8	1157
1969	9	382
1969	10	359
1969	11	773
1969	12	1010
1970	1	362
1970	2	524
1970	3	1120
1970	4	1284
1970	5	619
1970	6	643
1970	7	1452
1970	8	786
1970	9	952
1970	10	1608
1970	11	636
1970	12	921
1971	1	567
1971	2	987
1971	3	299
1971	4	362
1971	5	1008
1971	6	435
1971	7	1072
1971	8	1035
1971	9	1812
1971	10	359
1971	11	681
1971	12	679
1972	1	903
1972	2	859
1972	3	724
1972	4	1095
1972	5	714
1972	6	1999
1972	7	893
1972	8	1672
1972	9	559
1972	10	549
1972	11	1352
1972	12	1418
1973	1	714
1973	2	625
1973	3	900
1973	4	1460
1973	5	871
1973	6	727
1973	7	1007
1973	8	835
1973	9	923
1973	10	691
1973	11	1161
1973	12	637
1974	1	1298
1974	2	338
1974	3	773
1974	4	924
1974	5	1594
1974	6	2251
1974	7	1387
1974	8	1484
1974	9	1021
1974	10	274
1974	11	670
1974	12	807
1975	1	942
1975	2	1165
1975	3	1165
1975	4	1170
1975	5	1211
1975	6	897
1975	7	457
1975	8	2499
1975	9	1712
1975	10	891
1975	11	661
1975	12	1278
1976	1	1157
1976	2	611
1976	3	676
1976	4	615
1976	5	613
1976	6	960
1976	7	1909
1976	8	379
1976	9	607
1976	10	1524
1976	11	183
1976	12	444
1977	1	364
1977	2	188
1977	3	1031
1977	4	1099
1977	5	716
1977	6	874
1977	7	1159
1977	8	1774
1977	9	594
1977	10	807
1977	11	806
1977	12	970
1978	1	1393
1978	2	124
1978	3	662
1978	4	716
1978	5	1023
1978	6	1343
1978	7	1274
1978	8	861
1978	9	444
1978	10	1066
1978	11	746
1978	12	1809
1979	1	1698
1979	2	958
1979	3	499
1979	4	1044
1979	5	1400
1979	6	755
1979	7	736
1979	8	2090
1979	9	1043
1979	10	959
1979	11	847
1979	12	698
1980	1	416
1980	2	362
1980	3	1420
1980	4	931
1980	5	1329
1980	6	1176
1980	7	1431
1980	8	1520
1980	9	650
1980	10	606
1980	11	905
1980	12	471
1981	1	227
1981	2	1273
1981	3	720
1981	4	846
1981	5	1339
1981	6	2125
1981	7	1634
1981	8	341
1981	9	716
1981	10	613
1981	11	445
1981	12	543
1982	1	794
1982	2	598
1982	3	1260
1982	4	408
1982	5	1533
1982	6	915
1982	7	795
1982	8	971
1982	9	377
1982	10	232
1982	11	1062
1982	12	902
1983	1	347
1983	2	620
1983	3	1032
1983	4	1327
1983	5	1956
1983	6	579
1983	7	1915
1983	8	311
1983	9	383
1983	10	1648
1983	11	1120
1983	12	1210
1984	1	279
1984	2	671
1984	3	1027
1984	4	1060
1984	5	1464
1984	6	452
1984	7	1022
1984	8	796
1984	9	163
1984	10	1066
1984	11	1032
1984	12	973
1985	1	487
1985	2	447
1985	3	1099
1985	4	383
1985	5	1771
1985	6	700
1985	7	908
1985	8	1016
1985	9	170
1985	10	1349
1985	11	2401
1985	12	500
1986	1	551
1986	2	1321
1986	3	713
1986	4	934
1986	5	725
1986	6	1176
1986	7	1013
1986	8	941
1986	9	916
1986	10	673
1986	11	1563
1986	12	945
1987	1	608
1987	2	365
1987	3	647
1987	4	1139
1987	5	393
1987	6	643
1987	7	787
1987	8	928
1987	9	1110
1987	10	500
1987	11	853
1987	12	927
1988	1	641
1988	2	975
1988	3	863
1988	4	528
1988	5	513
1988	6	143
1988	7	1423
1988	8	566
1988	9	991
1988	10	523
1988	11	1345
1988	12	734
1989	1	1400
1989	2	1421
1989	3	1605
1989	4	543
1989	5	1133
1989	6	725
1989	7	1159
1989	8	1587
1989	9	1644
1989	10	1077
1989	11	619
1989	12	214
1990	1	1167
1990	2	516
1990	3	525
1990	4	446
1990	5	2091
1990	6	735
1990	7	1829
1990	8	876
1990	9	667
1990	10	1303
1990	11	157
1990	12	1333
1991	1	1373
1991	2	816
1991	3	622
1991	4	207
1991	5	117
1991	6	456
1991	7	1104
1991	8	762
1991	9	747
1991	10	609
1991	11	519
1991	12	1298
1992	1	618
1992	2	263
1992	3	1185
1992	4	378
1992	5	423
1992	6	586
1992	7	822
1992	8	962
1992	9	441
1992	10	535
1992	11	536
1992	12	292
1993	1	540
1993	2	435
1993	3	1636
1993	4	259
1993	5	151
1993	6	397
1993	7	331
1993	8	293
1993	9	979
1993	10	224
1993	11	417
1993	12	218
1994	1	1800
1994	2	1593
1994	3	1565
1994	4	1146
1994	5	995
1994	6	633
1994	7	899
1994	8	1983
1994	9	427
1994	10	153
1994	11	813
1994	12	890
1995	1	1094
1995	2	795
1995	3	637
1995	4	558
1995	5	1887
1995	6	1128
1995	7	823
1995	8	854
1995	9	784
1995	10	1106
1995	11	795
1995	12	565
1996	1	1397
1996	2	623
1996	3	1099
1996	4	875
1996	5	1239
1996	6	601
1996	7	1344
1996	8	312
1996	9	1816
1996	10	722
1996	11	832
1996	12	835
1997	1	484
1997	2	353
1997	3	2286
1997	4	574
1997	5	883
1997	6	1284
1997	7	755
1997	8	1188
1997	9	792
1997	10	202
1997	11	572
1997	12	421
1998	1	907
1998	2	1180
1998	3	979
1998	4	530
1998	5	707
1998	6	1684
1998	7	335
1998	8	960
1998	9	393
1998	10	216
1998	11	393
1998	12	798
1999	1	1146
1999	2	671
1999	3	791
1999	4	516
1999	5	746
1999	6	604
1999	7	849
1999	8	572
1999	9	441
1999	10	1015
1999	11	932
1999	12	912
2000	1	429
2000	2	1431
2000	3	635
2000	4	1177
2000	5	1073
2000	6	1160
2000	7	1151
2000	8	947
2000	9	1199
2000	10	407
2000	11	454
2000	12	439
2001	1	514
2001	2	513
2001	3	1168
2001	4	749
2001	5	1844
2001	6	1315
2001	7	1710
2001	8	1714
2001	9	505
2001	10	367
2001	11	472
2001	12	724
2002	1	1057
2002	2	309
2002	3	1424
2002	4	1429
2002	5	992
2002	6	1118
2002	7	496
2002	8	127
2002	9	817
2002	10	1606
2002	11	969
2002	12	946
2003	1	660
2003	2	1448
2003	3	408
2003	4	1090
2003	5	2070
2003	6	1616
2003	7	2024
2003	8	978
2003	9	1446
2003	10	840
2003	11	2004
2003	12	947
2004	1	948
2004	2	714
2004	3	1347
2004	4	1299
2004	5	2063
2004	6	1014
2004	7	1246
2004	8	1457
2004	9	2385
2004	10	875
2004	11	1258
2004	12	659
2005	1	1034
2005	2	628
2005	3	1068
2005	4	1158
2005	5	830
2005	6	422
2005	7	1417
2005	8	878
2005	9	233
2005	10	1042
2005	11	755
2005	12	695
2006	1	1074
2006	2	270
2006	3	589
2006	4	906
2006	5	920
2006	6	1209
2006	7	1165
2006	8	814
2006	9	1203
2006	10	1205
2006	11	569
2006	12	500
2007	1	990
2007	2	756
2007	3	824
2007	4	914
2007	5	249
2007	6	739
2007	7	1484
2007	8	977
2007	9	484
2007	10	820
2007	11	801
2007	12	1662
2008	1	769
2008	2	1198
2008	3	1277
2008	4	785
2008	5	1194
2008	6	1731
2008	7	1155
2008	8	624
2008	9	481
2008	10	498
2008	11	625
2008	12	1639
2009	1	1066
2009	2	454
2009	3	440
2009	4	919
2009	5	1841
2009	6	944
2009	7	1156
2009	8	769
2009	9	509
2009	10	911
2009	11	330
2009	12	1039
2010	1	802
2010	2	709
2010	3	773
2010	4	315
2010	5	1996
2010	6	963
2010	7	928
2010	8	863
2010	9	659
2010	10	596
2010	11	691
2010	12	783
2011	1	650
2011	2	1026
2011	3	1507
2011	4	1964
2011	5	1158
2011	6	1033
2011	7	1048
2011	8	1285
2011	9	1604
2011	10	1296
2011	11	1183
2011	12	934
2012	1	879
2012	2	390
2012	3	1197
2012	4	455
2012	5	1234
2012	6	621
2012	7	1249
2012	8	585
2012	9	1471
2012	10	1036
2012	11	173
2012	12	1715
2013	1	1023
2013	2	472
2013	3	757
2013	4	428
2013	5	758
2013	6	1661
2013	7	1845
2013	8	1531
2013	9	548
2013	10	513
2013	11	828
2013	12	1370
2014	1	632
2014	2	948
2014	3	639
2014	4	851
2014	5	823
2014	6	1184
2014	7	983
2014	8	934
2014	9	381
2014	10	1072
2014	11	445
2014	12	947
2015	1	590
2015	2	518
2015	3	1382
2015	4	1472
2015	5	547
2015	6	1697
2015	7	1103
2015	8	618
2015	9	1124
2015	10	330
