1889	6	1213
1889	12	148
1890	1	374
1890	2	1194
1890	3	1589
1890	4	592
1890	5	1154
1890	6	1247
1890	7	957
1890	8	356
1890	9	974
1890	10	1315
1890	11	229
1890	12	690
1891	1	945
1891	2	1172
1891	3	1286
1891	4	794
1891	5	1204
1891	6	730
1891	7	1538
1892	6	2037
1892	8	217
1892	9	512
1892	12	388
1893	1	501
1893	2	937
1893	3	279
1893	4	828
1893	5	1577
1893	6	1247
1893	7	476
1893	8	2444
1893	9	1731
1893	10	2023
1893	11	417
1893	12	398
1894	1	651
1894	2	1046
1894	3	305
1894	4	552
1894	5	741
1894	6	285
1894	7	873
1894	8	335
1894	9	739
1894	10	772
1894	11	406
1894	12	863
1895	1	1357
1895	2	445
1895	3	1023
1895	4	1330
1895	5	1235
1895	6	967
1895	7	1227
1895	8	444
1895	9	0
1895	10	582
1895	11	1639
1895	12	939
1896	1	745
1896	2	1000
1896	3	1684
1896	4	648
1896	5	723
1896	6	1331
1896	7	2465
1896	8	664
1896	9	1385
1896	10	127
1896	11	1423
1896	12	109
1897	1	561
1897	2	2349
1897	3	890
1897	4	595
1897	5	1277
1897	6	277
1897	7	486
1897	8	673
1897	9	259
1897	10	953
1897	11	564
1897	12	965
1898	1	684
1898	2	153
1898	3	754
1898	4	655
1898	5	1080
1898	6	848
1898	7	1970
1898	8	1901
1898	9	1466
1898	10	2238
1898	11	610
1898	12	1049
1899	1	929
1899	2	1433
1899	3	2384
1899	4	533
1899	5	714
1899	6	1414
1899	7	1270
1899	8	414
1899	9	1232
1899	10	958
1899	11	622
1899	12	419
1900	1	1291
1900	2	1496
1900	3	1257
1900	4	1193
1900	5	673
1900	6	1909
1900	7	165
1900	8	178
1900	9	1104
1900	10	928
1900	11	798
1900	12	787
1901	1	1004
1901	2	114
1901	3	965
1901	4	2078
1901	5	951
1901	6	1994
1901	7	1123
1901	8	1900
1901	9	442
1901	10	183
1901	11	315
1901	12	2057
1902	1	838
1902	2	1615
1902	3	856
1902	4	442
1902	5	427
1902	6	1342
1902	7	518
1902	8	409
1902	9	782
1902	10	1861
1902	11	805
1902	12	1375
1903	1	1260
1903	2	1483
1903	3	1941
1903	4	897
1903	5	667
1903	6	1803
1903	7	1118
1903	8	1047
1903	9	894
1903	10	561
1903	11	427
1903	12	503
1904	1	411
1904	2	472
1904	3	599
1904	4	447
1904	5	1217
1904	6	1986
1904	7	1569
1904	8	1095
1904	9	309
1904	10	91
1904	11	437
1904	12	871
1905	1	805
1905	2	854
1905	3	486
1905	4	668
1905	5	1390
1905	6	879
1905	7	2352
1905	8	1580
1905	9	1186
1905	10	879
1905	11	142
1905	12	1908
1906	1	1073
1906	2	254
1906	3	1087
1906	4	396
1906	5	387
1906	6	1146
1906	7	2185
1906	8	1963
1906	9	772
1906	10	2424
1906	11	810
1906	12	555
1907	1	193
1907	2	536
1907	3	882
1907	4	1233
1907	5	535
1907	6	2043
1907	7	792
1907	8	483
1907	9	1569
1907	10	162
1907	11	1249
1907	12	1161
1908	1	1120
1908	2	1385
1908	3	611
1908	4	865
1908	5	1192
1908	6	1729
1908	7	997
1908	8	1385
1908	9	543
1908	10	1498
1908	11	254
1908	12	711
1909	1	426
1909	2	866
1909	3	630
1909	4	822
1909	5	1891
1909	6	1291
1909	7	869
1909	8	1189
1909	9	567
1909	10	605
1909	11	76
1909	12	839
1910	1	954
1910	2	868
1910	3	310
1910	4	880
1910	5	909
1910	6	1605
1910	7	1231
1910	8	1276
1910	9	1191
1910	10	1117
1910	11	170
1910	12	649
1911	1	860
1911	2	491
1911	3	841
1911	4	1480
1911	5	199
1911	6	869
1911	7	216
1911	8	1987
1911	9	606
1911	10	1211
1911	11	714
1911	12	1229
1912	1	579
1912	2	875
1912	3	2066
1912	4	522
1912	5	1928
1912	6	793
1912	7	978
1912	8	712
1912	9	1510
1912	10	353
1912	11	711
1912	12	584
1913	1	718
1913	2	571
1913	3	1449
1913	4	873
1913	5	1719
1913	6	706
1913	7	1137
1913	8	1189
1913	9	1201
1913	10	1079
1913	11	475
1913	12	912
1914	1	792
1914	2	1239
1914	3	673
1914	4	511
1914	5	531
1914	6	455
1914	7	1273
1914	8	987
1914	9	419
1914	10	1126
1914	11	926
1914	12	2001
1915	1	1250
1915	2	981
1915	3	672
1915	4	256
1915	5	673
1915	6	663
1915	7	813
1915	8	2404
1915	9	1128
1915	10	1622
1915	11	575
1915	12	1267
1916	1	401
1916	2	1095
1916	3	429
1916	4	500
1916	5	1069
1916	6	2110
1916	7	1432
1916	8	1878
1916	9	826
1916	10	865
1916	11	326
1916	12	556
1917	1	852
1917	2	496
1917	3	1283
1917	4	932
1917	5	670
1917	6	713
1917	7	1491
1917	8	541
1917	9	476
1917	10	947
1917	11	134
1917	12	429
1918	1	436
1918	2	101
1918	3	681
1918	4	1957
1918	5	1054
1918	6	1131
1918	7	1258
1918	8	1154
1918	9	950
1918	10	1107
1918	11	490
1918	12	1214
1919	1	984
1919	2	678
1919	3	965
1919	4	796
1919	5	980
1919	6	1844
1919	7	1826
1919	8	511
1919	9	371
1919	10	503
1919	11	391
1919	12	686
1920	1	484
1920	2	1432
1920	3	1110
1920	4	1056
1920	5	594
1920	6	1637
1920	7	1283
1920	8	1949
1920	9	682
1920	10	30
1920	11	1820
1920	12	1179
1921	1	1354
1921	2	874
1921	3	381
1921	4	950
1921	5	1316
1921	6	1062
1921	7	1743
1921	8	278
1921	9	1235
1921	10	647
1921	11	729
1921	12	361
1922	1	1004
1922	2	893
1922	3	1573
1922	4	470
1922	5	1496
1922	6	1606
1922	7	1536
1922	8	1476
1922	9	343
1922	10	1213
1922	11	107
1922	12	788
1923	1	882
1923	2	837
1923	3	1871
1923	4	724
1923	5	479
1923	6	866
1923	7	1011
1923	8	535
1923	9	1391
1923	10	407
1923	11	785
1923	12	761
1924	1	1312
1924	2	660
1924	3	884
1924	4	1183
1924	5	1215
1924	6	1603
1924	7	1061
1924	8	959
1924	9	2644
1924	10	368
1924	11	605
1924	12	1216
1925	1	1361
1925	2	428
1925	3	362
1925	4	864
1925	5	953
1925	6	434
1925	7	750
1925	8	432
1925	9	345
1925	10	1123
1925	11	737
1925	12	722
1926	1	1199
1926	2	988
1926	3	724
1926	4	510
1926	5	300
1926	6	519
1926	7	1618
1926	8	902
1926	9	1331
1926	10	711
1926	11	1269
1926	12	1348
1927	1	351
1927	2	1386
1927	3	373
1927	4	1064
1927	5	355
1927	6	599
1927	7	2639
1927	8	1425
1927	9	383
1927	10	1537
1927	11	628
1927	12	1582
1928	1	646
1928	2	788
1928	3	919
1928	4	938
1928	5	445
1928	6	854
1928	7	1335
1928	8	3839
1928	9	2408
1928	10	335
1928	11	175
1928	12	218
1929	1	730
1929	2	1016
1929	3	991
1929	4	1023
1929	5	1115
1929	6	2047
1929	7	733
1929	8	610
1929	9	584
1929	10	2344
1929	11	976
1929	12	489
1930	1	639
1930	2	150
1930	3	1122
1930	4	393
1930	5	828
1930	6	1119
1930	7	302
1930	8	349
1930	9	338
1930	10	305
1930	11	920
1930	12	922
1931	1	447
1931	2	205
1931	3	1245
1931	4	1098
1931	5	949
1931	6	974
1931	7	1629
1931	8	2120
1931	9	472
1931	10	200
1931	11	10
1931	12	406
1932	1	1430
1932	2	533
1932	3	1801
1932	4	582
1932	5	831
1932	6	910
1932	7	335
1932	8	264
1932	9	521
1932	10	2751
1932	11	1436
1932	12	1232
1933	1	549
1933	2	570
1933	3	846
1933	4	1204
1933	5	1093
1933	6	503
1933	7	1043
1933	8	1004
1933	9	317
1933	10	229
1933	11	439
1933	12	686
1934	1	498
1934	2	620
1934	3	1184
1934	4	879
1934	5	905
1934	6	727
1934	7	419
1934	8	425
1934	9	1697
1934	10	871
1934	11	1372
1934	12	628
1935	1	1275
1935	2	483
1935	3	1554
1935	4	801
1935	5	980
1935	6	896
1935	7	1589
1935	8	447
1935	9	1262
1935	10	525
1935	11	767
1935	12	656
1936	1	1699
1936	2	875
1936	3	1514
1936	4	1188
1936	5	375
1936	6	729
1936	7	279
1936	8	1008
1936	9	808
1936	10	1610
1936	11	196
1936	12	1465
1937	1	2156
1937	2	715
1937	3	307
1937	4	1281
1937	5	1013
1937	6	868
1937	7	1315
1937	8	2591
1937	9	608
1937	10	2857
1937	11	872
1937	12	339
1938	1	798
1938	2	279
1938	3	614
1938	4	627
1938	5	1114
1938	6	2187
1938	7	1933
1938	8	853
1938	9	498
1938	10	209
1938	11	1026
1938	12	679
1939	1	822
1939	2	1675
1939	3	667
1939	4	338
1939	5	374
1939	6	861
1939	7	1987
1939	8	1321
1939	9	13
1939	10	353
1939	11	425
1939	12	673
1940	1	501
1940	2	831
1940	3	525
1940	4	1227
1940	5	1847
1940	6	747
1940	7	1752
1940	8	2641
1940	9	290
1940	10	261
1940	11	1365
1940	12	962
1941	1	493
1941	2	181
1941	3	638
1941	4	1024
1941	5	652
1941	6	1509
1941	7	1541
1941	8	509
1941	9	780
1941	10	213
1941	11	290
1941	12	936
1942	1	522
1942	2	379
1942	3	772
1942	4	239
1942	5	1874
1942	6	1915
1942	7	923
1942	8	1947
1942	9	1277
1942	10	927
1942	11	419
1942	12	1148
1943	1	612
1943	2	685
1943	3	1174
1943	4	996
1943	5	1541
1943	6	1410
1943	7	1202
1943	8	771
1943	9	203
1943	10	338
1943	11	252
1943	12	721
1944	1	654
1944	2	1408
1944	3	1536
1944	4	559
1944	5	970
1944	6	911
1944	7	619
1944	8	688
1944	9	3197
1944	10	1343
1944	11	713
1944	12	514
1945	1	660
1945	2	937
1945	3	190
1945	4	1058
1945	5	1022
1945	6	615
1945	7	1850
1945	8	399
1945	9	3111
1945	10	762
1945	11	912
1945	12	947
1946	1	963
1946	2	791
1946	3	645
1946	4	470
1946	5	2074
1946	6	290
1946	7	1719
1946	8	614
1946	9	950
1946	10	747
1946	11	529
1946	12	414
1947	1	1544
1947	2	2287
1947	3	726
1947	4	506
1947	5	759
1947	6	928
1947	7	1198
1947	8	719
1947	9	1472
1947	10	1469
1947	11	1307
1947	12	266
1948	1	617
1948	2	523
1948	3	1371
1948	4	1036
1948	5	1290
1948	6	1701
1948	7	831
1948	8	1395
1948	9	917
1948	10	500
1948	11	844
1948	12	1814
1949	1	806
1949	2	614
1949	3	634
1949	4	1156
1949	5	1169
1949	6	1540
1949	7	1011
1949	8	1698
1949	9	805
1949	10	637
1949	11	524
1949	12	471
1950	1	322
1950	2	440
1950	3	565
1950	4	272
1950	5	1698
1950	6	1020
1950	7	1585
1950	8	1071
1950	9	1514
1950	10	540
1950	11	505
1950	12	608
1951	1	333
1951	2	826
1951	3	1125
1951	4	1182
1951	5	780
1951	6	1499
1951	7	713
1951	8	422
1951	9	574
1951	10	155
1951	11	757
1951	12	1169
1952	1	622
1952	2	841
1952	3	1182
1952	4	826
1952	5	660
1952	6	657
1952	7	1103
1952	8	1515
1952	9	1001
1952	10	274
1952	11	779
1952	12	714
1953	1	884
1953	2	1065
1953	3	1184
1953	4	307
1953	5	599
1953	6	838
1953	7	1050
1953	8	317
1953	9	226
1953	10	498
1953	11	145
1953	12	950
1954	1	1761
1954	2	533
1954	3	1069
1954	4	657
1954	5	1141
1954	6	1347
1954	7	654
1954	8	812
1954	9	626
1954	10	1891
1954	11	763
1954	12	864
1955	1	307
1955	2	888
1955	3	1085
1955	4	1186
1955	5	771
1955	6	637
1955	7	736
1955	8	1991
1955	9	267
1955	10	362
1955	11	301
1955	12	203
1956	1	170
1956	2	1150
1956	3	828
1956	4	1160
1956	5	505
1956	6	373
1956	7	705
1956	8	297
1956	9	1634
1956	10	1624
1956	11	523
1956	12	81
1957	1	810
1957	2	1210
1957	3	812
1957	4	1483
1957	5	610
1957	6	1282
1957	7	646
1957	8	564
1957	9	3224
1957	10	490
1957	11	546
1957	12	784
1958	1	1028
1958	2	742
1958	3	1068
1958	4	853
1958	5	1280
1958	6	1219
1958	7	914
1958	8	604
1958	9	242
1958	10	420
1958	11	396
1958	12	1770
1959	1	577
1959	2	427
1959	3	815
1959	4	784
1959	5	973
1959	6	180
1959	7	1652
1959	8	1091
1959	9	2272
1959	10	1057
1959	11	658
1959	12	906
1960	1	426
1960	2	1458
1960	3	1113
1960	4	620
1960	5	798
1960	6	327
1960	7	1050
1960	8	846
1960	9	942
1960	10	451
1960	11	178
1960	12	385
1961	1	539
1961	2	1111
1961	3	1458
1961	4	1050
1961	5	743
1961	6	1230
1961	7	1946
1961	8	1411
1961	9	140
1961	10	691
1961	11	912
1961	12	1427
1962	1	1078
1962	2	706
1962	3	757
1962	4	738
1962	5	618
1962	6	1644
1962	7	1084
1962	8	449
1962	9	1016
1962	10	577
1962	11	1688
1962	12	993
1963	1	332
1963	2	531
1963	3	1308
1963	4	201
1963	5	483
1963	6	295
1963	7	1121
1963	8	572
1963	9	1444
1963	10	89
1963	11	1374
1963	12	356
1964	1	1146
1964	2	1090
1964	3	577
1964	4	1012
1964	5	723
1964	6	596
1964	7	1917
1964	8	1682
1964	9	1452
1964	10	817
1964	11	789
1964	12	649
1965	1	627
1965	2	1090
1965	3	1145
1965	4	592
1965	5	961
1965	6	797
1965	7	1226
1965	8	379
1965	9	1022
1965	10	996
1965	11	211
1965	12	35
1966	1	1209
1966	2	1178
1966	3	594
1966	4	678
1966	5	903
1966	6	455
1966	7	1471
1966	8	959
1966	9	1717
1966	10	912
1966	11	482
1966	12	808
1967	1	563
1967	2	551
1967	3	762
1967	4	360
1967	5	851
1967	6	58
1967	7	936
1967	8	2000
1967	9	665
1967	10	783
1967	11	191
1967	12	1445
1968	1	1005
1968	2	31
1968	3	882
1968	4	889
1968	5	777
1968	6	715
1968	7	1273
1968	8	979
1968	9	591
1968	10	1672
1968	11	655
1968	12	549
1969	1	468
1969	2	720
1969	3	1194
1969	4	366
1969	5	1076
1969	6	1311
1969	7	1573
1969	8	1704
1969	9	1180
1969	10	394
1969	11	456
1969	12	1388
1970	1	321
1970	2	607
1970	3	603
1970	4	877
1970	5	838
1970	6	707
1970	7	1090
1970	8	1544
1970	9	252
1970	10	1846
1970	11	870
1970	12	511
1971	1	574
1971	2	1288
1971	3	528
1971	4	619
1971	5	2195
1971	6	1105
1971	7	928
1971	8	1168
1971	9	1085
1971	10	1581
1971	11	753
1971	12	211
1972	1	652
1972	2	1132
1972	3	601
1972	4	1063
1972	5	1694
1972	6	1844
1972	7	1532
1972	8	1029
1972	9	932
1972	10	709
1972	11	1041
1972	12	1249
1973	1	801
1973	2	961
1973	3	1418
1973	4	1583
1973	5	1105
1973	6	1216
1973	7	899
1973	8	1375
1973	9	471
1973	10	974
1973	11	449
1973	12	1732
1974	1	1056
1974	2	465
1974	3	633
1974	4	823
1974	5	1458
1974	6	799
1974	7	584
1974	8	636
1974	9	1444
1974	10	186
1974	11	394
1974	12	906
1975	1	986
1975	2	908
1975	3	2250
1975	4	357
1975	5	945
1975	6	987
1975	7	1094
1975	8	1163
1975	9	2088
1975	10	764
1975	11	498
1975	12	694
1976	1	851
1976	2	408
1976	3	589
1976	4	759
1976	5	1738
1976	6	1456
1976	7	244
1976	8	614
1976	9	894
1976	10	3233
1976	11	439
1976	12	936
1977	1	419
1977	2	131
1977	3	897
1977	4	1000
1977	5	425
1977	6	630
1977	7	258
1977	8	416
1977	9	680
1977	10	1720
1977	11	1447
1977	12	845
1978	1	1923
1978	2	119
1978	3	1493
1978	4	2062
1978	5	1212
1978	6	716
1978	7	1579
1978	8	1314
1978	9	239
1978	10	165
1978	11	960
1978	12	910
1979	1	1651
1979	2	1427
1979	3	1002
1979	4	1110
1979	5	623
1979	6	1096
1979	7	549
1979	8	415
1979	9	2587
1979	10	1329
1979	11	635
1979	12	221
1980	1	1045
1980	2	156
1980	3	1278
1980	4	1724
1980	5	904
1980	6	704
1980	7	836
1980	8	381
1980	9	581
1980	10	818
1980	11	641
1980	12	94
1981	1	118
1981	2	711
1981	3	626
1981	4	580
1981	5	866
1981	6	402
1981	7	734
1981	8	1072
1981	9	978
1981	10	971
1981	11	109
1981	12	818
1982	1	1212
1982	2	1294
1982	3	783
1982	4	822
1982	5	902
1982	6	1717
1982	7	1000
1982	8	962
1982	9	777
1982	10	771
1982	11	964
1982	12	733
1983	1	426
1983	2	1065
1983	3	1515
1983	4	2036
1983	5	549
1983	6	1048
1983	7	257
1983	8	516
1983	9	132
1983	10	1750
1983	11	1258
1983	12	1342
1984	1	364
1984	2	1336
1984	3	1259
1984	4	739
1984	5	1301
1984	6	274
1984	7	2126
1984	8	1664
1984	9	68
1984	10	605
1984	11	703
1984	12	422
1985	1	676
1985	2	1039
1985	3	288
1985	4	512
1985	5	1510
1985	6	904
1985	7	1708
1985	8	1780
1985	9	424
1985	10	1013
1985	11	2007
1985	12	232
1986	1	251
1986	2	633
1986	3	330
1986	4	387
1986	5	705
1986	6	166
1986	7	810
1986	8	2175
1986	9	1050
1986	10	661
1986	11	1267
1986	12	1416
1987	1	1050
1987	2	831
1987	3	1428
1987	4	2972
1987	5	359
1987	6	1051
1987	7	1372
1987	8	712
1987	9	3274
1987	10	256
1987	11	1105
1987	12	758
1988	1	582
1988	2	328
1988	3	416
1988	4	844
1988	5	932
1988	6	898
1988	7	1754
1988	8	1374
1988	9	695
1988	10	411
1988	11	1034
1988	12	231
1989	1	366
1989	2	642
1989	3	1201
1989	4	705
1989	5	2032
1989	6	2079
1989	7	2913
1989	8	716
1989	9	2280
1989	10	891
1989	11	595
1989	12	487
1990	1	953
1990	2	1123
1990	3	1341
1990	4	838
1990	5	1908
1990	6	254
1990	7	2502
1990	8	930
1990	9	460
1990	10	2729
1990	11	387
1990	12	1152
1991	1	937
1991	2	557
1991	3	1733
1991	4	798
1991	5	1081
1991	6	660
1991	7	971
1991	8	639
1991	9	300
1991	10	226
1991	11	727
1991	12	986
1992	1	1207
1992	2	856
1992	3	899
1992	4	1563
1992	5	1568
1992	6	1420
1992	7	1088
1992	8	683
1992	9	840
1992	10	628
1992	11	1641
1992	12	660
1993	1	1255
1993	2	864
1993	3	2392
1993	4	884
1993	5	855
1993	6	493
1993	7	1767
1993	8	553
1993	9	693
1993	10	567
1993	11	856
1993	12	1197
1994	1	1320
1994	2	1079
1994	3	2223
1994	4	567
1994	5	412
1994	6	1410
1994	7	1381
1994	8	1728
1994	9	213
1994	10	811
1994	11	656
1994	12	718
1995	1	1702
1995	2	571
1995	3	434
1995	4	268
1995	5	1260
1995	6	2233
1995	7	953
1995	8	53
1995	9	1499
1995	10	784
1995	11	1520
1995	12	469
1996	1	1552
1996	2	792
1996	3	1016
1996	4	684
1996	5	1430
1996	6	1839
1996	7	1252
1996	8	1507
1996	9	2754
1996	10	952
1996	11	795
1996	12	1426
1997	1	881
1997	2	893
1997	3	1198
1997	4	1067
1997	5	163
1997	6	1608
1997	7	1114
1997	8	168
1997	9	990
1997	10	366
1997	11	582
1997	12	613
1998	1	1882
1998	2	1913
1998	3	1011
1998	4	1573
1998	5	1330
1998	6	603
1998	7	718
1998	8	712
1998	9	150
1998	10	251
1998	11	327
1998	12	1001
1999	1	1040
1999	2	594
1999	3	605
1999	4	905
1999	5	589
1999	6	294
1999	7	1207
1999	8	1004
1999	9	2520
1999	10	320
1999	11	460
1999	12	991
2000	1	543
2000	2	298
2000	3	785
2000	4	1530
2000	5	920
2000	6	1375
2000	7	824
2000	8	1161
2000	9	1938
2000	10	10
2000	11	487
2000	12	640
2001	1	676
2001	2	432
2001	3	1693
2001	4	154
2001	5	1610
2001	6	948
2001	7	695
2001	8	830
2001	9	787
2001	10	168
2001	11	333
2001	12	875
2002	1	668
2002	2	259
2002	3	1675
2002	4	208
2002	5	780
2002	6	384
2002	7	1159
2002	8	664
2002	9	890
2002	10	1182
2002	11	1476
2002	12	1823
2003	1	361
2003	2	1440
2003	3	1342
2003	4	1718
2003	5	1655
2003	6	1593
2003	7	1846
2003	8	1841
2003	9	1257
2003	10	526
2003	11	1146
2003	12	859
2004	1	437
2004	2	726
2004	3	444
2004	4	1456
2004	5	623
2004	6	1412
2004	7	1402
2004	8	1859
2004	9	2963
2004	10	716
2004	11	1311
2004	12	800
2005	1	928
2005	2	467
2005	3	1519
2005	4	925
2005	5	221
2005	6	643
2005	7	1475
2005	8	602
2005	9	91
2005	10	1610
2005	11	927
2005	12	813
2006	1	859
2006	2	414
2006	3	101
2006	4	445
2006	5	713
2006	6	2009
2006	7	620
2006	8	1198
2006	9	1459
2006	10	1523
2006	11	1176
2006	12	571
2007	1	945
2007	2	519
2007	3	1314
2007	4	782
2007	5	655
2007	6	1478
2007	7	548
2007	8	441
2007	9	740
2007	10	1411
2007	11	119
2007	12	600
2008	1	156
2008	2	551
2008	3	471
2008	4	1225
2008	5	892
2008	6	548
2008	7	584
2008	8	1687
2008	9	1000
2008	10	353
2008	11	619
2008	12	940
2009	1	980
2009	2	191
2009	3	1313
2009	4	992
2009	5	1182
2009	6	1484
2009	7	954
2009	8	1106
2009	9	836
2009	10	607
2009	11	1979
2009	12	1832
2010	1	1656
2010	2	882
2010	3	1375
2010	4	541
2010	5	791
2010	6	717
2010	7	552
2010	8	2050
2010	9	1975
2010	10	1099
2010	11	466
2010	12	898
2011	1	286
2011	2	343
2011	3	1511
2011	4	1674
2011	5	1247
2011	6	354
2011	7	2785
2011	8	417
2011	9	1794
2011	10	1048
2011	11	1512
2011	12	1591
2012	1	570
2012	2	442
2012	3	852
2012	4	817
2012	5	1122
2012	6	843
2012	7	1089
2012	8	811
2012	9	1008
2012	10	636
2012	11	215
2012	12	897
2013	1	2299
2013	2	621
2013	3	868
2013	4	1096
2013	5	1545
2013	6	1587
2013	7	1674
2013	8	925
2013	9	619
2013	10	623
2013	11	778
2013	12	1374
2014	1	797
2014	2	951
2014	3	908
2014	4	1220
2014	5	413
2014	6	530
2014	7	552
2014	8	2158
2014	9	584
2014	10	987
2014	11	855
2014	12	781
2015	1	499
2015	2	496
2015	3	705
2015	4	961
2015	5	614
2015	6	1360
2015	7	731
2015	8	345
2015	9	2377
2015	10	1105
