1893	1	375
1893	2	0
1893	3	154
1893	4	92
1893	5	837
1893	6	742
1893	7	285
1893	8	113
1893	9	107
1893	10	201
1893	11	7
1893	12	148
1894	1	24
1894	2	4
1894	3	456
1894	4	575
1894	5	373
1894	6	682
1894	7	212
1894	12	0
1895	1	89
1895	2	147
1895	3	54
1895	4	497
1895	5	604
1895	6	903
1895	7	565
1895	8	183
1895	9	20
1895	10	21
1895	11	206
1895	12	53
1896	1	231
1896	2	175
1896	3	181
1896	4	467
1896	5	1373
1896	6	1128
1896	7	427
1896	8	111
1896	9	116
1896	10	142
1896	11	464
1896	12	36
1897	1	250
1897	2	326
1897	3	388
1897	4	85
1897	5	127
1897	6	505
1897	7	645
1897	8	233
1897	9	46
1897	10	52
1897	11	102
1897	12	28
1898	1	27
1898	2	112
1898	3	391
1898	4	479
1898	5	507
1898	6	975
1898	7	471
1898	8	176
1898	9	205
1898	10	751
1898	11	49
1898	12	122
1899	1	29
1899	2	146
1899	3	215
1899	4	188
1899	5	744
1899	6	1069
1899	7	569
1899	8	667
1899	9	49
1899	11	42
1899	12	102
1900	1	32
1900	2	204
1900	3	372
1900	4	214
1900	5	258
1900	6	513
1900	7	360
1900	8	1408
1900	9	539
1900	10	320
1900	11	79
1900	12	25
1901	1	53
1901	2	125
1901	3	286
1901	4	195
1901	5	17
1901	6	1787
1901	7	907
1901	8	207
1901	9	305
1901	10	110
1901	11	100
1901	12	285
1902	1	20
1902	2	229
1902	3	545
1902	4	123
1902	5	867
1902	6	734
1902	7	578
1902	8	605
1902	9	42
1902	10	132
1902	11	60
1902	12	118
1903	1	114
1903	2	99
1903	3	54
1903	4	106
1903	5	837
1903	6	396
1903	7	356
1903	8	1468
1903	9	807
1903	10	36
1903	11	46
1903	12	394
1904	1	170
1904	2	209
1904	3	437
1904	4	144
1904	5	215
1904	7	43
1904	8	585
1904	9	103
1904	10	47
1904	11	3
1904	12	255
1905	1	114
1905	2	177
1905	3	77
1905	4	31
1905	5	465
1905	6	1128
1905	7	1243
1905	8	488
1905	9	299
1905	10	99
1905	12	43
1906	1	164
1906	2	132
1906	3	126
1906	4	298
1906	5	1753
1906	6	639
1906	7	136
1906	8	774
1906	9	135
1906	10	65
1906	11	131
1906	12	344
1907	1	320
1907	2	153
1907	3	64
1907	4	67
1907	5	314
1907	6	761
1907	7	1266
1907	8	379
1907	9	170
1907	10	89
1907	11	19
1907	12	71
1908	1	122
1908	2	207
1908	3	260
1908	4	503
1908	5	705
1908	6	971
1908	7	928
1908	8	378
1908	9	357
1908	10	550
1908	11	227
1908	12	63
1909	1	74
1909	2	192
1909	3	75
1909	4	204
1909	5	1137
1909	6	992
1909	7	995
1909	8	787
1909	9	272
1909	10	105
1909	11	166
1909	12	146
1910	1	182
1910	2	469
1910	3	135
1910	4	324
1910	5	234
1910	6	761
1910	7	435
1910	8	395
1910	9	342
1910	10	141
1910	11	61
1910	12	41
1911	1	178
1911	2	232
1911	3	78
1911	4	179
1911	5	474
1911	6	653
1911	7	405
1911	8	492
1911	9	375
1911	10	286
1911	11	173
1911	12	102
1912	1	119
1912	2	61
1912	3	96
1912	4	563
1912	5	1026
1912	6	435
1912	7	1047
1912	8	706
1912	9	420
1912	10	303
1912	11	12
1912	12	37
1913	1	104
1913	2	63
1913	3	161
1913	4	140
1913	5	486
1913	6	823
1913	7	452
1913	8	524
1913	9	269
1913	10	227
1913	11	78
1913	12	20
1914	1	47
1914	2	158
1914	3	304
1914	4	240
1914	5	555
1914	6	1477
1914	7	330
1914	8	740
1914	9	310
1914	10	148
1914	11	92
1914	12	105
1915	1	71
1915	2	33
1915	3	36
1915	4	202
1915	5	1002
1915	6	1451
1915	7	1203
1915	8	491
1915	9	539
1915	10	395
1915	11	260
1915	12	88
1916	1	350
1916	2	86
1916	3	394
1916	4	238
1916	5	624
1916	6	821
1916	7	552
1916	8	508
1916	9	826
1916	10	171
1916	11	123
1916	12	167
1917	1	270
1917	2	115
1917	3	110
1917	4	356
1917	5	135
1917	6	391
1917	7	309
1917	8	153
1917	9	114
1917	10	123
1917	11	0
1917	12	201
1918	1	350
1918	2	48
1918	3	76
1918	4	609
1918	5	565
1918	6	373
1918	7	480
1918	8	595
1918	9	116
1918	10	119
1918	11	73
1918	12	107
1919	1	84
1919	2	46
1919	3	20
1919	4	640
1919	5	483
1919	6	317
1919	7	216
1919	8	107
1919	9	74
1919	10	139
1919	11	112
1919	12	5
1920	1	53
1920	2	36
1920	3	305
1920	4	277
1920	5	307
1920	6	587
1920	7	749
1920	8	391
1920	9	503
1920	10	138
1920	11	18
1920	12	9
1921	1	76
1921	2	89
1921	3	11
1921	4	161
1921	5	529
1921	6	1114
1921	7	94
1921	8	569
1921	9	505
1921	10	20
1921	11	289
1921	12	104
1922	1	102
1922	2	534
1922	3	218
1922	4	179
1922	5	369
1922	6	1917
1922	7	386
1922	8	1275
1922	9	565
1922	10	92
1922	11	607
1922	12	196
1923	1	140
1923	2	152
1923	3	206
1923	4	373
1923	5	424
1923	6	953
1923	7	955
1923	8	253
1923	9	774
1923	10	336
1923	11	102
1923	12	61
1924	1	43
1924	2	132
1924	3	165
1924	4	420
1924	5	406
1924	6	905
1924	7	645
1924	8	18
1924	9	151
1924	10	579
1924	11	18
1924	12	74
1925	1	46
1925	2	0
1925	3	51
1925	4	292
1925	5	216
1925	6	1145
1925	7	218
1925	8	338
1925	9	205
1925	10	218
1925	11	0
1925	12	23
1926	1	99
1926	2	46
1926	3	0
1926	4	68
1926	5	944
1926	6	782
1926	7	1000
1926	8	295
1926	9	300
1926	10	43
1926	11	81
1926	12	127
1927	1	0
1927	2	33
1927	3	122
1927	4	498
1927	5	2143
1927	6	515
1927	7	602
1927	8	524
1927	9	165
1927	10	226
1927	11	150
1927	12	182
1928	1	61
1928	2	61
1928	3	31
1928	4	404
1928	5	848
1928	6	1157
1928	7	1311
1928	8	742
1928	9	106
1928	10	94
1928	11	28
1928	12	0
1929	1	58
1929	2	0
1929	3	429
1929	4	106
1929	5	955
1929	6	569
1929	7	143
1929	8	188
1929	9	342
1929	10	278
1929	11	66
1929	12	140
1930	1	13
1930	2	305
1930	3	0
1930	4	426
1930	5	412
1930	6	1605
1930	7	94
1930	8	91
1930	9	406
1930	10	267
1930	11	102
1930	12	51
1931	1	0
1931	2	38
1931	3	346
1931	4	0
1931	5	345
1931	6	1031
1931	7	1008
1931	8	265
1931	9	838
1931	10	165
1931	11	292
1931	12	20
1932	1	305
1932	2	0
1932	3	153
1932	4	622
1932	5	612
1932	6	841
1932	7	320
1932	8	295
1932	9	15
1932	10	508
1932	11	69
1932	12	51
1933	1	178
1933	2	51
1933	3	25
1933	4	188
1933	5	789
1933	6	392
1933	7	646
1933	8	449
1933	9	115
1933	10	168
1933	11	371
1933	12	51
1934	1	0
1934	2	0
1934	3	84
1934	4	58
1934	5	15
1934	6	1320
1934	7	280
1934	8	147
1934	9	135
1934	10	3
1934	11	38
1934	12	37
1935	1	34
1935	2	53
1935	3	633
1935	4	838
1935	5	706
1935	6	755
1935	7	1420
1935	8	444
1935	9	15
1935	10	0
1935	11	299
1935	12	127
1936	1	211
1936	2	76
1936	3	213
1936	4	121
1936	5	117
1936	6	257
1936	7	16
1936	8	275
1936	9	259
1936	10	40
1936	11	202
1936	12	35
1937	1	39
1937	2	102
1937	3	129
1937	4	477
1937	5	381
1937	6	1210
1937	7	656
1937	8	118
1937	9	257
1937	10	100
1937	11	102
1937	12	177
1938	1	302
1938	2	263
1938	3	86
1938	4	92
1938	5	676
1938	6	1303
1938	7	1699
1938	8	277
1938	9	20
1938	10	138
1938	11	400
1938	12	76
1939	1	110
1939	2	230
1939	3	143
1939	4	269
1939	5	450
1939	6	948
1939	7	862
1939	8	755
1939	9	33
1939	10	99
1939	11	5
1939	12	73
1940	1	10
1940	2	114
1940	3	329
1940	4	980
1940	5	269
1940	6	373
1940	7	1347
1940	8	186
1940	9	432
1940	10	429
1940	11	112
1940	12	11
1941	1	57
1941	2	41
1941	3	47
1941	4	443
1941	5	1071
1941	6	1700
1941	7	496
1941	8	495
1941	9	1317
1941	10	217
1941	11	34
1941	12	25
1942	1	5
1942	2	227
1942	3	126
1942	4	382
1942	5	740
1942	6	1046
1942	7	652
1942	8	541
1942	9	417
1942	10	79
1942	11	69
1942	12	148
1943	1	332
1943	2	241
1943	3	571
1943	4	282
1943	5	293
1943	6	1408
1943	7	564
1943	8	1017
1943	9	68
1943	10	376
1943	11	87
1943	12	43
1944	1	116
1944	2	79
1944	3	182
1944	4	226
1944	5	1209
1944	6	2237
1944	7	11
1944	8	387
1944	9	471
1944	10	3
1944	11	1552
1944	12	3
1945	1	125
1945	2	132
1945	3	645
1945	4	442
1945	5	252
1945	6	733
1945	7	485
1945	8	834
1945	9	355
1945	10	25
1945	11	183
1945	12	38
1946	1	5
1946	2	48
1946	3	416
1946	4	326
1946	5	658
1946	6	892
1946	7	711
1946	8	350
1946	9	397
1946	10	906
1946	11	70
1946	12	353
1947	1	109
1947	2	56
1947	3	105
1947	4	481
1947	5	204
1947	6	2136
1947	7	336
1947	8	404
1947	9	140
1947	10	210
1947	11	161
1947	12	102
1948	1	163
1948	2	291
1948	3	125
1948	4	699
1948	5	475
1948	6	1401
1948	7	763
1948	8	603
1948	9	51
1948	10	272
1948	11	356
1948	12	259
1949	1	538
1949	2	203
1949	3	169
1949	4	148
1949	5	558
1949	6	286
1949	7	955
1949	8	196
1949	9	31
1949	10	414
1949	11	16
1949	12	135
1950	1	288
1950	2	140
1950	3	825
1950	4	413
1950	5	554
1950	6	676
1950	7	436
1950	8	232
1950	9	526
1950	10	253
1950	11	273
1950	12	153
1951	1	171
1951	2	339
1951	3	57
1951	4	332
1951	5	332
1951	6	739
1951	7	811
1951	8	579
1951	9	284
1951	10	339
1951	11	98
1951	12	198
1952	1	135
1952	2	361
1952	3	277
1952	4	0
1952	5	134
1952	6	650
1952	7	509
1952	8	676
1952	9	82
1952	10	8
1952	11	36
1952	12	5
1953	1	102
1953	2	55
1953	3	451
1953	4	975
1953	5	727
1953	6	1217
1953	7	651
1953	8	548
1953	9	180
1953	10	280
1953	11	26
1953	12	106
1954	1	110
1954	2	204
1954	3	482
1954	4	119
1954	5	496
1954	6	804
1954	7	231
1954	8	1087
1954	9	233
1954	10	185
1954	11	49
1954	12	18
1955	1	97
1955	2	173
1955	3	46
1955	4	395
1955	5	800
1955	6	579
1955	7	599
1955	8	237
1955	9	585
1955	10	72
1955	11	293
1955	12	64
1956	1	188
1956	2	44
1956	3	249
1956	4	25
1956	5	733
1956	6	374
1956	7	707
1956	8	598
1956	9	169
1956	10	158
1956	11	256
1956	12	79
1957	1	129
1957	2	56
1957	3	77
1957	4	600
1957	5	567
1957	6	1658
1957	7	466
1957	8	361
1957	9	436
1957	10	246
1957	11	169
1957	12	82
1958	1	40
1958	2	361
1958	3	72
1958	4	141
1958	5	72
1958	6	809
1958	7	846
1958	8	116
1958	9	11
1958	10	129
1958	11	473
1958	12	84
1959	1	96
1959	2	143
1959	3	59
1959	4	112
1959	5	638
1959	6	996
1959	7	315
1959	8	147
1959	9	645
1959	10	131
1959	11	227
1959	12	47
1960	1	81
1960	2	36
1960	3	96
1960	4	122
1960	5	779
1960	6	1138
1960	7	189
1960	8	593
1960	9	61
1960	10	18
1960	11	127
1960	12	85
1961	1	21
1961	2	211
1961	3	105
1961	4	465
1961	5	366
1961	6	501
1961	7	564
1961	8	179
1961	9	831
1961	10	13
1961	11	5
1961	12	57
1962	1	126
1962	2	87
1962	3	253
1962	4	252
1962	5	2148
1962	6	573
1962	7	611
1962	8	524
1962	9	540
1962	10	193
1962	11	30
1962	12	35
1963	1	67
1963	2	128
1963	3	308
1963	4	736
1963	5	1820
1963	6	710
1963	7	1285
1963	8	665
1963	9	293
1963	10	89
1963	11	5
1963	12	67
1964	1	147
1964	2	34
1964	3	118
1964	4	480
1964	5	503
1964	6	1774
1964	7	706
1964	8	457
1964	9	152
1964	10	29
1964	11	218
1964	12	136
1965	1	116
1965	2	69
1965	3	64
1965	4	735
1965	5	1009
1965	6	769
1965	7	544
1965	8	681
1965	9	430
1965	10	0
1965	11	89
1965	12	46
1966	1	110
1966	2	46
1966	3	313
1966	4	277
1966	5	399
1966	6	1939
1966	7	1407
1966	8	1004
1966	9	157
1966	10	174
1966	11	97
1966	12	64
1967	1	178
1967	2	120
1967	3	79
1967	4	940
1967	5	812
1967	6	990
1967	7	115
1967	8	388
1967	9	804
1967	10	164
1967	11	54
1967	12	136
1968	1	121
1968	2	44
1968	3	117
1968	4	336
1968	5	323
1968	6	779
1968	7	241
1968	8	815
1968	9	170
1968	10	107
1968	11	103
1968	12	279
1969	1	237
1969	2	229
1969	3	116
1969	4	290
1969	5	324
1969	6	1608
1969	7	770
1969	8	229
1969	9	125
1969	10	173
1969	11	8
1969	12	253
1970	1	177
1970	2	25
1970	3	149
1970	4	1101
1970	5	1748
1970	6	534
1970	7	889
1970	8	84
1970	9	361
1970	10	155
1970	11	308
1970	12	64
1971	1	171
1971	2	142
1971	3	165
1971	4	762
1971	5	512
1971	6	1431
1971	7	348
1971	8	32
1971	9	936
1971	10	767
1971	11	148
1971	12	132
1972	1	153
1972	2	121
1972	3	317
1972	4	345
1972	5	1733
1972	6	1812
1972	7	709
1972	8	761
1972	9	218
1972	10	443
1972	11	24
1972	12	321
1973	1	28
1973	2	118
1973	3	81
1973	4	587
1973	5	504
1973	6	877
1973	7	222
1973	8	162
1973	9	373
1973	10	245
1973	11	186
1973	12	135
1974	1	24
1974	2	47
1974	3	115
1974	4	636
1974	5	730
1974	6	265
1974	7	297
1974	8	366
1974	9	133
1974	10	132
1974	11	310
1974	12	52
1975	1	52
1975	2	172
1975	3	882
1975	4	1091
1975	5	746
1975	6	1191
1975	7	307
1975	8	136
1975	9	241
1975	10	307
1975	11	94
1975	12	103
1976	1	262
1976	2	19
1976	3	140
1976	4	869
1976	5	249
1976	6	1288
1976	7	270
1976	8	280
1976	9	883
1976	10	152
1976	11	39
1976	12	202
1977	1	162
1977	2	152
1977	3	330
1977	4	26
1977	5	1001
1977	6	655
1977	7	820
1977	8	496
1977	9	1467
1977	10	623
1977	11	296
1977	12	354
1978	1	56
1978	2	277
1978	3	81
1978	4	445
1978	5	731
1978	6	840
1978	7	840
1978	8	331
1978	9	340
1978	10	45
1978	11	375
1978	12	116
1979	1	62
1979	2	279
1979	3	142
1979	4	437
1979	5	146
1979	6	896
1979	7	1179
1979	8	239
1979	9	419
1979	10	91
1979	11	41
1979	12	38
1980	1	214
1980	2	75
1980	3	93
1980	4	193
1980	5	29
1980	6	456
1980	7	478
1980	8	1026
1980	9	265
1980	10	746
1980	11	97
1980	12	115
1981	1	48
1981	2	27
1981	3	0
1981	4	119
1981	5	589
1981	6	982
1981	7	471
1981	8	1062
1981	9	262
1981	10	102
1981	11	231
1981	12	154
1982	1	269
1982	2	110
1982	3	653
1982	4	525
1982	5	963
1982	6	1507
1982	7	511
1982	8	781
1982	9	313
1982	10	1482
1982	11	115
1982	12	169
1983	1	46
1983	2	18
1983	3	386
1983	4	239
1983	5	620
1983	6	877
1983	7	432
1983	8	607
1983	9	287
1983	10	219
1983	11	156
1983	12	133
1984	1	83
1984	2	36
1984	3	298
1984	4	1169
1984	5	32
1984	6	608
1984	7	172
1984	8	238
1984	9	290
1984	10	562
1984	11	193
1984	12	147
1985	1	19
1985	2	11
1985	3	238
1985	4	498
1985	5	1148
1985	6	480
1985	7	347
1985	8	505
1985	9	275
1985	10	460
1985	11	223
1985	12	153
1986	1	181
1986	2	178
1986	3	116
1986	4	642
1986	5	1100
1986	6	691
1986	7	696
1986	8	325
1986	9	1119
1986	10	84
1986	11	437
1986	12	10
1987	1	16
1987	2	138
1987	3	467
1987	4	39
1987	5	755
1987	6	511
1987	7	1217
1987	8	1139
1987	9	113
1987	10	33
1987	11	49
1987	12	19
1988	1	148
1988	2	91
1988	3	255
1988	4	0
1988	5	752
1988	6	286
1988	7	490
1988	8	44
1988	9	269
1988	10	59
1988	11	76
1988	12	165
1989	1	131
1989	2	95
1989	3	33
1989	4	914
1989	5	517
1989	6	418
1989	7	161
1989	8	587
1989	9	114
1989	10	155
1989	11	159
1989	12	65
1990	1	47
1990	2	33
1990	3	65
1990	4	275
1990	5	577
1990	6	1136
1990	7	248
1990	8	98
1990	9	114
1990	10	140
1990	11	28
1990	12	174
1991	1	31
1991	2	28
1991	3	71
1991	4	502
1991	5	588
1991	6	1345
1991	7	176
1991	8	156
1991	9	376
1991	10	531
1991	11	106
1991	12	3
1992	1	103
1992	2	34
1992	3	296
1992	4	305
1992	5	402
1992	6	815
1992	7	946
1992	8	442
1992	9	159
1992	10	74
1992	11	265
1992	12	75
1993	1	130
1993	2	97
1993	3	117
1993	4	637
1993	5	442
1993	6	1011
1993	7	1212
1993	8	332
1993	9	45
1993	10	21
1993	11	382
1993	12	200
1994	1	142
1994	2	85
1994	3	133
1994	4	276
1994	5	260
1994	6	1232
1994	7	314
1994	8	102
1994	9	790
1994	10	1400
1994	11	213
1994	12	34
1995	1	105
1995	2	67
1995	3	308
1995	4	247
1995	5	1210
1995	6	235
1995	7	1446
1995	8	913
1995	9	227
1995	10	116
1995	11	107
1995	12	107
1996	1	221
1996	2	119
1996	3	262
1996	4	146
1996	5	451
1996	6	465
1996	7	753
1996	8	234
1996	9	839
1996	10	255
1996	11	379
1996	12	90
1997	1	304
1997	2	34
1997	3	207
1997	4	672
1997	5	226
1997	6	409
1997	7	848
1997	8	237
1997	9	142
1997	10	189
1997	11	43
1997	12	5
1998	1	46
1998	2	651
1998	3	212
1998	4	72
1998	5	368
1998	6	1193
1998	7	275
1998	8	1492
1998	9	399
1998	10	1143
1998	11	348
1998	12	66
1999	1	148
1999	2	135
1999	3	3
1999	4	369
1999	5	963
1999	6	425
1999	7	244
1999	8	1027
1999	9	546
1999	10	85
1999	11	18
1999	12	61
2000	1	55
2000	2	310
2000	3	106
2000	4	308
2000	5	726
2000	6	1001
2000	7	872
2000	8	178
2000	9	265
2000	10	332
2000	11	631
2000	12	36
2001	1	79
2001	2	53
2001	3	56
2001	4	470
2001	5	402
2001	6	1605
2001	7	1047
2001	8	0
2001	9	355
2001	10	64
2001	11	46
2001	12	64
2002	1	59
2002	2	81
2002	3	143
2002	4	350
2002	5	308
2002	6	760
2002	7	677
2002	8	577
2002	9	72
2002	10	155
2002	11	61
2002	12	170
2003	1	48
2003	2	15
2003	3	195
2003	4	178
2003	5	1102
2003	6	485
2003	7	247
2003	8	170
2003	9	692
2003	10	84
2003	11	48
2003	12	152
2004	1	162
2004	2	610
2004	3	521
2004	4	346
2004	5	263
2004	6	236
2004	7	378
2004	8	178
2004	9	308
2004	10	717
2004	11	0
2004	12	25
2005	1	41
2005	2	13
2005	3	272
2005	4	170
2005	5	844
2005	6	2051
2005	7	331
2005	8	234
2005	9	71
2005	10	465
2005	11	247
2005	12	132
2006	1	78
2006	2	38
2006	3	314
2006	4	643
2006	5	152
2006	6	94
2006	7	201
2006	8	356
2006	9	593
2006	10	356
2006	11	10
2006	12	46
2007	1	28
2007	2	107
2007	3	324
2007	4	265
2007	5	906
2007	6	563
2007	7	112
2007	8	399
2007	9	327
2007	10	158
2007	11	0
2007	12	33
2008	1	28
2008	2	10
2008	3	61
2008	4	115
2008	5	336
2008	6	999
2008	7	519
2008	8	142
2008	9	432
2008	10	369
2008	11	201
2008	12	280
2009	1	56
2009	2	328
2009	3	503
2009	4	150
2009	5	521
2009	6	785
2009	7	715
2009	8	135
2009	9	424
2009	10	528
2009	11	0
2009	12	495
2010	1	135
2010	2	102
2010	3	150
2010	4	180
2010	5	963
2010	6	1107
2010	7	361
2010	8	229
2010	9	514
2010	10	117
2010	11	201
2010	12	150
2011	1	252
2011	2	68
2011	3	254
2011	4	445
2011	5	1293
2011	6	1016
2011	7	595
2011	8	367
2011	9	320
2011	10	156
2011	11	16
2011	12	98
2012	1	36
2012	2	51
2012	3	18
2012	4	425
2012	5	564
2012	6	428
2012	7	449
2012	8	113
2012	9	33
2012	10	326
2012	11	81
2012	12	117
2013	1	51
2013	2	30
2013	3	125
2013	4	197
2013	5	2576
2013	6	544
2013	7	308
2013	8	407
2013	9	682
2013	10	1177
2013	11	0
2013	12	139
2014	1	0
2014	2	0
2014	3	150
2014	4	388
2014	5	946
2014	6	829
2014	7	313
2014	8	1778
2014	9	445
2014	10	198
2014	11	95
2014	12	40
2015	1	71
2015	2	68
2015	3	76
2015	4	222
2015	5	259
2015	6	912
2015	7	300
2015	8	305
2015	9	412
2015	10	277
