1893	1	339
1893	2	1417
1893	3	495
1893	4	773
1893	5	1717
1893	6	487
1893	7	933
1893	8	1658
1893	9	840
1893	10	343
1893	11	354
1893	12	772
1894	1	569
1894	2	418
1894	3	427
1894	4	485
1894	5	1345
1894	6	1111
1894	7	611
1894	8	365
1894	9	1006
1894	10	1145
1894	11	570
1894	12	703
1895	1	519
1895	2	432
1895	3	335
1895	4	701
1895	5	559
1895	6	623
1895	7	577
1895	8	884
1895	9	661
1895	10	446
1895	11	917
1895	12	885
1896	1	230
1896	2	1408
1896	3	1073
1896	4	235
1896	5	630
1896	6	862
1896	7	1231
1896	8	484
1896	9	934
1896	10	479
1896	11	856
1896	12	375
1897	1	249
1897	2	440
1897	3	1134
1897	4	1136
1897	5	1115
1897	6	1383
1897	7	1189
1897	8	641
1897	9	483
1897	10	332
1897	11	1220
1897	12	1326
1898	1	1122
1898	2	571
1898	3	708
1898	4	753
1898	5	1008
1898	6	1149
1898	7	766
1898	8	1331
1898	9	898
1898	10	1088
1898	11	788
1898	12	654
1899	1	423
1899	2	709
1899	3	795
1899	4	315
1899	5	1055
1899	6	815
1899	7	631
1899	8	344
1899	9	659
1899	10	539
1899	11	627
1899	12	794
1900	1	718
1900	2	786
1900	3	771
1900	4	501
1900	5	479
1900	6	906
1900	7	1378
1900	8	986
1900	9	587
1900	10	616
1900	11	1157
1900	12	771
1901	1	593
1901	2	198
1901	3	683
1901	4	847
1901	5	1438
1901	6	909
1901	7	951
1901	8	649
1901	9	912
1901	10	393
1901	11	727
1901	12	1003
1902	1	323
1902	2	758
1902	3	822
1902	4	437
1902	5	921
1902	6	1626
1902	7	2304
1902	8	540
1902	9	958
1902	10	1115
1902	11	441
1902	12	881
1903	1	588
1903	2	812
1903	3	1324
1903	4	365
1903	5	15
1903	6	1772
1903	7	1311
1903	8	1838
1903	9	259
1903	10	1926
1903	11	534
1903	12	565
1904	1	592
1904	2	579
1904	3	805
1904	4	673
1904	5	600
1904	6	1050
1904	7	1169
1904	8	1055
1904	9	952
1904	10	885
1904	11	88
1904	12	764
1905	1	693
1905	2	249
1905	3	667
1905	4	693
1905	5	619
1905	6	2140
1905	7	1315
1905	8	1303
1905	9	1560
1905	10	983
1905	11	668
1905	12	956
1906	1	508
1906	2	437
1906	3	975
1906	4	570
1906	5	1114
1906	6	991
1906	7	1341
1906	8	712
1906	9	833
1906	10	1083
1906	11	578
1906	12	590
1907	1	941
1907	2	282
1907	3	729
1907	4	852
1907	5	894
1907	6	785
1907	7	1221
1907	8	754
1907	9	1539
1907	10	1011
1907	11	1101
1907	12	804
1908	1	407
1908	2	785
1908	3	620
1908	4	761
1908	5	1148
1908	6	628
1908	7	945
1908	8	1221
1908	9	696
1908	10	579
1908	11	449
1908	12	718
1909	1	900
1909	2	1397
1909	3	673
1909	4	769
1909	5	847
1909	6	903
1909	7	1176
1909	8	757
1909	9	562
1909	10	559
1909	11	617
1909	12	426
1910	1	1055
1910	2	977
1910	3	374
1910	4	557
1910	5	892
1910	6	1004
1910	7	738
1910	8	772
1910	9	1317
1910	10	473
1910	11	782
1910	12	387
1911	1	496
1911	2	452
1911	3	666
1911	4	273
1911	5	433
1911	6	1254
1911	7	585
1911	8	766
1911	9	1587
1911	10	1077
1911	11	379
1911	12	817
1912	1	362
1912	2	630
1912	3	616
1912	4	807
1912	5	746
1912	6	288
1912	7	399
1912	8	518
1912	9	1910
1912	10	814
1912	11	653
1912	12	588
1913	1	1247
1913	2	392
1913	3	1548
1913	4	899
1913	5	985
1913	6	390
1913	7	343
1913	8	698
1913	9	574
1913	10	868
1913	11	785
1913	12	328
1914	1	306
1914	2	444
1914	3	880
1914	4	996
1914	5	409
1914	6	767
1914	7	520
1914	8	1292
1914	9	348
1914	10	394
1914	11	511
1914	12	430
1915	1	970
1915	2	971
1915	3	132
1915	4	292
1915	5	906
1915	6	1137
1915	7	1836
1915	8	1391
1915	9	829
1915	10	816
1915	11	591
1915	12	965
1916	1	870
1916	2	792
1916	3	1015
1916	4	647
1916	5	1262
1916	6	1176
1916	7	452
1916	8	514
1916	9	1332
1916	10	434
1916	11	1037
1916	12	858
1917	1	628
1917	2	470
1917	3	844
1917	4	323
1917	5	1073
1917	6	2301
1917	7	1011
1917	8	889
1917	9	518
1917	10	1433
1917	11	204
1917	12	521
1918	1	637
1918	2	686
1918	3	302
1918	4	647
1918	5	1029
1918	6	1227
1918	7	1105
1918	8	400
1918	9	1269
1918	10	920
1918	11	317
1918	12	276
1919	1	312
1919	2	132
1919	3	314
1919	4	743
1919	5	987
1919	6	920
1919	7	1519
1919	8	819
1919	9	448
1919	10	1327
1919	11	791
1919	12	304
1920	1	473
1920	2	462
1920	3	306
1920	4	1296
1920	5	663
1920	6	759
1920	7	1034
1920	8	679
1920	9	1387
1920	10	288
1920	11	893
1920	12	802
1921	1	360
1921	2	778
1921	3	1074
1921	4	932
1921	5	568
1921	6	737
1921	7	1184
1921	8	745
1921	9	515
1921	10	745
1921	11	1565
1921	12	364
1922	1	579
1922	2	897
1922	3	955
1922	4	718
1922	5	1221
1922	6	2304
1922	7	915
1922	8	1451
1922	9	426
1922	10	655
1922	11	423
1922	12	642
1923	1	879
1923	2	377
1923	3	505
1923	4	626
1923	5	777
1923	6	1051
1923	7	1052
1923	8	863
1923	9	1145
1923	10	625
1923	11	490
1923	12	540
1924	1	692
1924	2	783
1924	3	88
1924	4	739
1924	5	1231
1924	6	602
1924	7	950
1924	8	1117
1924	9	1644
1924	10	91
1924	11	377
1924	12	532
1925	1	1034
1925	2	880
1925	3	857
1925	4	811
1925	5	821
1925	6	1406
1925	7	763
1925	8	807
1925	9	985
1925	10	1033
1925	11	938
1925	12	366
1926	1	573
1926	2	887
1926	3	705
1926	4	744
1926	5	594
1926	6	1414
1926	7	990
1926	8	1162
1926	9	1360
1926	10	1538
1926	11	977
1926	12	378
1927	1	342
1927	2	567
1927	3	519
1927	4	337
1927	5	1222
1927	6	447
1927	7	1382
1927	8	1064
1927	9	594
1927	10	1202
1927	11	2029
1927	12	1178
1928	1	707
1928	2	414
1928	3	584
1928	4	783
1928	5	706
1928	6	1554
1928	7	985
1928	8	1079
1928	9	353
1928	10	752
1928	11	586
1928	12	253
1929	1	700
1929	2	681
1929	3	994
1929	4	1830
1929	5	1308
1929	6	562
1929	7	626
1929	8	760
1929	9	1041
1929	10	870
1929	11	706
1929	12	1266
1930	1	807
1930	2	334
1930	3	854
1930	4	575
1930	5	860
1930	6	565
1930	7	730
1930	8	513
1930	9	997
1930	10	410
1930	11	366
1930	12	449
1931	1	725
1931	2	318
1931	3	338
1931	4	1011
1931	5	953
1931	6	998
1931	7	1714
1931	8	980
1931	9	1402
1931	10	646
1931	11	737
1931	12	1089
1932	1	1218
1932	2	655
1932	3	949
1932	4	444
1932	5	408
1932	6	1014
1932	7	1862
1932	8	1387
1932	9	412
1932	10	1715
1932	11	1367
1932	12	281
1933	1	408
1933	2	557
1933	3	843
1933	4	894
1933	5	559
1933	6	555
1933	7	634
1933	8	1437
1933	9	1503
1933	10	492
1933	11	657
1933	12	619
1934	1	622
1934	2	254
1934	3	603
1934	4	653
1934	5	387
1934	6	1066
1934	7	572
1934	8	564
1934	9	1395
1934	10	505
1934	11	617
1934	12	770
1935	1	1337
1935	2	554
1935	3	558
1935	4	630
1935	5	921
1935	6	1066
1935	7	2370
1935	8	825
1935	9	720
1935	10	727
1935	11	1046
1935	12	390
1936	1	678
1936	2	533
1936	3	1171
1936	4	970
1936	5	814
1936	6	190
1936	7	564
1936	8	1939
1936	9	668
1936	10	1535
1936	11	1069
1936	12	526
1937	1	1292
1937	2	533
1937	3	789
1937	4	510
1937	5	722
1937	6	1788
1937	7	1246
1937	8	1053
1937	9	598
1937	10	992
1937	11	485
1937	12	451
1938	1	684
1938	2	631
1938	3	741
1938	4	604
1938	5	696
1938	6	793
1938	7	801
1938	8	1350
1938	9	2251
1938	10	282
1938	11	542
1938	12	887
1939	1	658
1939	2	883
1939	3	544
1939	4	726
1939	5	252
1939	6	894
1939	7	531
1939	8	1509
1939	9	810
1939	10	811
1939	11	342
1939	12	758
1940	1	610
1940	2	672
1940	3	1002
1940	4	1103
1940	5	794
1940	6	1047
1940	7	1329
1940	8	712
1940	9	1042
1940	10	500
1940	11	881
1940	12	1343
1941	1	573
1941	2	676
1941	3	511
1941	4	610
1941	5	288
1941	6	1398
1941	7	795
1941	8	755
1941	9	696
1941	10	1556
1941	11	518
1941	12	598
1942	1	399
1942	2	399
1942	3	822
1942	4	653
1942	5	1235
1942	6	686
1942	7	1538
1942	8	760
1942	9	1295
1942	10	984
1942	11	721
1942	12	1370
1943	1	372
1943	2	478
1943	3	908
1943	4	976
1943	5	1231
1943	6	1280
1943	7	1565
1943	8	1020
1943	9	153
1943	10	1191
1943	11	700
1943	12	303
1944	1	237
1944	2	422
1944	3	832
1944	4	973
1944	5	879
1944	6	1441
1944	7	962
1944	8	647
1944	9	1145
1944	10	1047
1944	11	714
1944	12	358
1945	1	692
1945	2	586
1945	3	625
1945	4	1219
1945	5	1423
1945	6	1279
1945	7	1514
1945	8	719
1945	9	2085
1945	10	1318
1945	11	1324
1945	12	186
1946	1	407
1946	2	526
1946	3	399
1946	4	502
1946	5	1424
1946	6	1104
1946	7	945
1946	8	833
1946	9	1178
1946	10	767
1946	11	576
1946	12	708
1947	1	841
1947	2	165
1947	3	666
1947	4	773
1947	5	1502
1947	6	1467
1947	7	1225
1947	8	381
1947	9	972
1947	10	479
1947	11	859
1947	12	556
1948	1	489
1948	2	625
1948	3	701
1948	4	1209
1948	5	1182
1948	6	1267
1948	7	1264
1948	8	1003
1948	9	724
1948	10	639
1948	11	905
1948	12	1229
1949	1	857
1949	2	528
1949	3	342
1949	4	1072
1949	5	877
1949	6	328
1949	7	1207
1949	8	1180
1949	9	1150
1949	10	709
1949	11	851
1949	12	598
1950	1	1316
1950	2	633
1950	3	1077
1950	4	1124
1950	5	739
1950	6	1160
1950	7	1396
1950	8	1746
1950	9	1598
1950	10	1010
1950	11	1214
1950	12	958
1951	1	1288
1951	2	1256
1951	3	1672
1951	4	1322
1951	5	965
1951	6	1547
1951	7	1676
1951	8	1428
1951	9	2058
1951	10	1212
1951	11	1485
1951	12	1521
1952	1	1119
1952	2	888
1952	3	728
1952	4	616
1952	5	1239
1952	6	515
1952	7	970
1952	8	418
1952	9	678
1952	10	218
1952	11	528
1952	12	914
1953	1	775
1953	2	410
1953	3	937
1953	4	896
1953	5	1830
1953	6	872
1953	7	1156
1953	8	848
1953	9	1028
1953	10	744
1953	11	415
1953	12	624
1954	1	784
1954	2	769
1954	3	667
1954	4	1133
1954	5	1202
1954	6	1021
1954	7	286
1954	8	859
1954	9	1085
1954	10	511
1954	11	1510
1954	12	819
1955	1	225
1955	2	896
1955	3	938
1955	4	844
1955	5	378
1955	6	643
1955	7	716
1955	8	1080
1955	9	946
1955	10	1655
1955	11	775
1955	12	498
1956	1	523
1956	2	718
1956	3	922
1956	4	791
1956	5	1358
1956	6	690
1956	7	1100
1956	8	981
1956	9	1203
1956	10	428
1956	11	301
1956	12	1015
1957	1	312
1957	2	431
1957	3	300
1957	4	612
1957	5	1011
1957	6	875
1957	7	1433
1957	8	658
1957	9	1243
1957	10	590
1957	11	568
1957	12	919
1958	1	894
1958	2	446
1958	3	172
1958	4	813
1958	5	1054
1958	6	824
1958	7	1020
1958	8	1093
1958	9	1415
1958	10	1129
1958	11	892
1958	12	235
1959	1	958
1959	2	521
1959	3	437
1959	4	668
1959	5	543
1959	6	627
1959	7	531
1959	8	790
1959	9	482
1959	10	1752
1959	11	1494
1959	12	640
1960	1	406
1960	2	560
1960	3	343
1960	4	1311
1960	5	872
1960	6	1469
1960	7	1279
1960	8	1025
1960	9	1324
1960	10	604
1960	11	435
1960	12	200
1961	1	211
1961	2	605
1961	3	469
1961	4	837
1961	5	888
1961	6	1577
1961	7	1929
1961	8	984
1961	9	402
1961	10	591
1961	11	710
1961	12	520
1962	1	703
1962	2	1013
1962	3	566
1962	4	1362
1962	5	484
1962	6	541
1962	7	1017
1962	8	1256
1962	9	795
1962	10	890
1962	11	463
1962	12	655
1963	1	494
1963	2	593
1963	3	799
1963	4	1169
1963	5	940
1963	6	1128
1963	7	987
1963	8	1509
1963	9	578
1963	10	25
1963	11	973
1963	12	647
1964	1	776
1964	2	299
1964	3	1352
1964	4	1220
1964	5	715
1964	6	204
1964	7	530
1964	8	1616
1964	9	99
1964	10	298
1964	11	744
1964	12	1101
1965	1	1091
1965	2	715
1965	3	403
1965	4	1242
1965	5	695
1965	6	1072
1965	7	1162
1965	8	749
1965	9	1252
1965	10	761
1965	11	995
1965	12	1508
1966	1	554
1966	2	785
1966	3	703
1966	4	659
1966	5	1151
1966	6	1080
1966	7	491
1966	8	1141
1966	9	1317
1966	10	564
1966	11	805
1966	12	974
1967	1	517
1967	2	784
1967	3	412
1967	4	921
1967	5	1034
1967	6	369
1967	7	1104
1967	8	1123
1967	9	697
1967	10	842
1967	11	950
1967	12	797
1968	1	439
1968	2	209
1968	3	479
1968	4	1019
1968	5	1371
1968	6	1630
1968	7	368
1968	8	922
1968	9	854
1968	10	971
1968	11	2100
1968	12	816
1969	1	842
1969	2	344
1969	3	356
1969	4	1320
1969	5	696
1969	6	1148
1969	7	658
1969	8	550
1969	9	734
1969	10	751
1969	11	704
1969	12	1423
1970	1	288
1970	2	380
1970	3	873
1970	4	811
1970	5	836
1970	6	1287
1970	7	901
1970	8	694
1970	9	1226
1970	10	849
1970	11	872
1970	12	673
1971	1	757
1971	2	1393
1971	3	700
1971	4	606
1971	5	753
1971	6	767
1971	7	2016
1971	8	877
1971	9	1047
1971	10	619
1971	11	945
1971	12	765
1972	1	137
1972	2	51
1972	3	1074
1972	4	597
1972	5	906
1972	6	1907
1972	7	688
1972	8	419
1972	9	1118
1972	10	533
1972	11	1649
1972	12	1448
1973	1	800
1973	2	394
1973	3	651
1973	4	1313
1973	5	1709
1973	6	1262
1973	7	166
1973	8	328
1973	9	699
1973	10	778
1973	11	1421
1973	12	1729
1974	1	593
1974	2	434
1974	3	668
1974	4	816
1974	5	1070
1974	6	1011
1974	7	1818
1974	8	889
1974	9	1007
1974	10	316
1974	11	1367
1974	12	473
1975	1	641
1975	2	542
1975	3	641
1975	4	519
1975	5	1015
1975	6	1270
1975	7	969
1975	8	625
1975	9	1547
1975	10	908
1975	11	1055
1975	12	422
1976	1	725
1976	2	638
1976	3	788
1976	4	1200
1976	5	1336
1976	6	1617
1976	7	1527
1976	8	1090
1976	9	782
1976	10	1845
1976	11	367
1976	12	419
1977	1	337
1977	2	592
1977	3	1125
1977	4	1063
1977	5	600
1977	6	597
1977	7	965
1977	8	872
1977	9	1886
1977	10	1270
1977	11	1235
1977	12	748
1978	1	1256
1978	2	209
1978	3	542
1978	4	582
1978	5	713
1978	6	1384
1978	7	876
1978	8	675
1978	9	1017
1978	10	874
1978	11	399
1978	12	764
1979	1	655
1979	2	576
1979	3	834
1979	4	1036
1979	5	915
1979	6	293
1979	7	367
1979	8	830
1979	9	1079
1979	10	553
1979	11	884
1979	12	357
1980	1	224
1980	2	172
1980	3	1244
1980	4	746
1980	5	247
1980	6	1295
1980	7	1031
1980	8	704
1980	9	1524
1980	10	775
1980	11	526
1980	12	527
1981	1	244
1981	2	716
1981	3	198
1981	4	758
1981	5	534
1981	6	1361
1981	7	820
1981	8	407
1981	9	1515
1981	10	1230
1981	11	588
1981	12	527
1982	1	424
1982	2	934
1982	3	953
1982	4	681
1982	5	887
1982	6	1793
1982	7	270
1982	8	308
1982	9	892
1982	10	457
1982	11	1171
1982	12	620
1983	1	643
1983	2	249
1983	3	776
1983	4	1804
1983	5	916
1983	6	651
1983	7	320
1983	8	1483
1983	9	569
1983	10	784
1983	11	1196
1983	12	1359
1984	1	247
1984	2	620
1984	3	294
1984	4	966
1984	5	1600
1984	6	788
1984	7	1059
1984	8	561
1984	9	691
1984	10	667
1984	11	825
1984	12	888
1985	1	471
1985	2	384
1985	3	710
1985	4	357
1985	5	507
1985	6	684
1985	7	323
1985	8	844
1985	9	1494
1985	10	696
1985	11	1032
1985	12	401
1986	1	721
1986	2	618
1986	3	735
1986	4	568
1986	5	837
1986	6	1285
1986	7	1859
1986	8	1284
1986	9	1291
1986	10	959
1986	11	878
1986	12	626
1987	1	1117
1987	2	155
1987	3	337
1987	4	608
1987	5	519
1987	6	823
1987	7	1712
1987	8	1083
1987	9	1303
1987	10	736
1987	11	646
1987	12	597
1988	1	419
1988	2	670
1988	3	453
1988	4	661
1988	5	745
1988	6	684
1988	7	1277
1988	8	908
1988	9	605
1988	10	925
1988	11	1015
1988	12	429
1989	1	408
1989	2	439
1989	3	468
1989	4	574
1989	5	1606
1989	6	1659
1989	7	554
1989	8	724
1989	9	1034
1989	10	1009
1989	11	1284
1989	12	198
1990	1	754
1990	2	903
1990	3	747
1990	4	1119
1990	5	2038
1990	6	950
1990	7	316
1990	8	1398
1990	9	639
1990	10	1792
1990	11	831
1990	12	1169
1991	1	439
1991	2	353
1991	3	881
1991	4	614
1991	5	800
1991	6	784
1991	7	1062
1991	8	805
1991	9	1152
1991	10	734
1991	11	741
1991	12	731
1992	1	331
1992	2	453
1992	3	401
1992	4	840
1992	5	1153
1992	6	639
1992	7	1630
1992	8	1707
1992	9	1429
1992	10	901
1992	11	1224
1992	12	685
1993	1	612
1993	2	822
1993	3	606
1993	4	1100
1993	5	391
1993	6	1214
1993	7	692
1993	8	1083
1993	9	869
1993	10	861
1993	11	892
1993	12	786
1994	1	1143
1994	2	289
1994	3	1188
1994	4	981
1994	5	824
1994	6	1254
1994	7	1392
1994	8	1171
1994	9	468
1994	10	144
1994	11	742
1994	12	751
1995	1	634
1995	2	1015
1995	3	460
1995	4	519
1995	5	516
1995	6	667
1995	7	478
1995	8	381
1995	9	1022
1995	10	1061
1995	11	645
1995	12	661
1996	1	935
1996	2	393
1996	3	548
1996	4	954
1996	5	1273
1996	6	955
1996	7	1189
1996	8	486
1996	9	927
1996	10	580
1996	11	1121
1996	12	1253
1997	1	525
1997	2	685
1997	3	1010
1997	4	538
1997	5	569
1997	6	726
1997	7	644
1997	8	899
1997	9	404
1997	10	516
1997	11	859
1997	12	578
1998	1	1287
1998	2	697
1998	3	518
1998	4	554
1998	5	846
1998	6	1633
1998	7	780
1998	8	876
1998	9	793
1998	10	649
1998	11	284
1998	12	448
1999	1	1297
1999	2	158
1999	3	505
1999	4	207
1999	5	735
1999	6	478
1999	7	1153
1999	8	420
1999	9	1874
1999	10	506
1999	11	640
1999	12	413
2000	1	991
2000	2	769
2000	3	750
2000	4	1380
2000	5	1983
2000	6	1314
2000	7	1754
2000	8	838
2000	9	809
2000	10	630
2000	11	550
2000	12	319
2001	1	495
2001	2	750
2001	3	568
2001	4	322
2001	5	779
2001	6	1421
2001	7	861
2001	8	355
2001	9	831
2001	10	464
2001	11	685
2001	12	386
2002	1	371
2002	2	59
2002	3	169
2002	4	519
2002	5	1250
2002	6	1784
2002	7	216
2002	8	1137
2002	9	1418
2002	10	1065
2002	11	538
2002	12	593
2003	1	102
2003	2	697
2003	3	720
2003	4	856
2003	5	842
2003	6	1286
2003	7	1247
2003	8	994
2003	9	1163
2003	10	925
2003	11	676
2003	12	814
2004	1	1489
2004	2	483
2004	3	493
2004	4	787
2004	5	1416
2004	6	706
2004	7	1517
2004	8	1636
2004	9	690
2004	10	413
2004	11	750
2004	12	969
2005	1	737
2005	2	467
2005	3	811
2005	4	1597
2005	5	138
2005	6	257
2005	7	350
2005	8	591
2005	9	663
2005	10	2157
2005	11	961
2005	12	462
2006	1	907
2006	2	353
2006	3	591
2006	4	775
2006	5	745
2006	6	1629
2006	7	1356
2006	8	1051
2006	9	443
2006	10	1475
2006	11	995
2006	12	798
2007	1	954
2007	2	518
2007	3	802
2007	4	435
2007	5	319
2007	6	495
2007	7	703
2007	8	407
2007	9	663
2007	10	805
2007	11	1156
2007	12	996
2008	1	138
2008	2	1089
2008	3	1053
2008	4	516
2008	5	547
2008	6	1263
2008	7	1392
2008	8	1115
2008	9	794
2008	10	1367
2008	11	307
2008	12	1209
2009	1	467
2009	2	351
2009	3	520
2009	4	465
2009	5	1558
2009	6	1188
2009	7	995
2009	8	1628
2009	9	691
2009	10	1252
2009	11	340
2009	12	25
2010	1	0
2010	2	0
2010	3	663
2010	4	408
2010	5	978
2010	6	1012
2010	7	1215
2010	8	1761
2010	9	547
2010	10	984
2010	11	1016
2010	12	445
2011	1	328
2011	2	674
2011	3	811
2011	4	1620
2011	5	1444
2011	6	1110
2011	7	723
2011	8	1130
2011	9	1400
2011	10	763
2011	11	789
2011	12	604
2012	1	503
2012	2	210
2012	3	73
2012	4	545
2012	5	1251
2012	6	668
2012	7	527
2012	8	930
2012	9	977
2012	10	1018
2012	11	321
2012	12	880
2013	1	351
2013	2	465
2013	3	358
2013	4	825
2013	5	1264
2013	6	1995
2013	7	1184
2013	8	636
2013	9	790
2013	10	894
2013	11	1189
2013	12	678
2014	1	402
2014	2	585
2014	3	539
2014	4	713
2014	5	1249
2014	6	1302
2014	7	1258
2014	8	1109
2014	9	561
2014	10	986
2014	11	634
2014	12	709
2015	1	345
2015	2	447
2015	3	276
2015	4	775
2015	5	710
2015	6	1620
2015	7	953
2015	8	704
2015	9	844
2015	10	628
