1889	4	145
1889	5	927
1889	6	325
1889	7	569
1889	8	112
1889	10	15
1889	11	51
1889	12	165
1890	1	165
1890	2	127
1890	3	343
1890	4	203
1890	5	343
1890	6	2014
1890	7	150
1890	8	114
1890	9	86
1890	11	25
1890	12	76
1891	3	386
1891	4	351
1891	5	861
1891	6	1880
1891	7	1036
1891	8	142
1891	9	521
1891	10	465
1893	1	132
1893	2	363
1893	3	328
1893	4	322
1893	5	331
1893	6	836
1893	7	703
1893	8	275
1893	9	231
1893	10	237
1893	11	73
1893	12	283
1894	1	201
1894	2	114
1894	3	318
1894	4	94
1894	5	279
1894	6	361
1894	7	48
1894	8	152
1894	9	157
1894	10	290
1894	11	110
1894	12	10
1895	1	114
1895	2	102
1895	3	26
1895	4	424
1895	5	501
1895	6	899
1895	7	287
1895	8	174
1895	9	20
1895	10	43
1895	11	421
1895	12	72
1896	1	165
1896	2	88
1896	3	297
1896	4	983
1896	5	714
1896	6	553
1896	7	676
1896	8	630
1896	9	574
1896	10	28
1896	11	660
1896	12	51
1897	1	62
1897	2	405
1897	3	178
1897	4	411
1897	5	264
1897	6	1016
1897	7	1003
1897	8	747
1897	9	102
1897	10	153
1897	11	127
1897	12	25
1898	1	59
1898	2	76
1898	3	76
1898	4	371
1898	5	529
1898	6	526
1898	7	1132
1898	8	363
1898	9	76
1898	10	171
1898	11	0
1898	12	0
1899	1	0
1899	2	0
1899	3	177
1899	4	144
1899	5	931
1899	6	1005
1899	7	409
1899	8	952
1899	9	168
1899	10	193
1899	11	175
1899	12	170
1900	1	81
1900	2	137
1900	3	254
1900	4	180
1900	5	289
1900	6	280
1900	7	373
1900	8	550
1900	9	1065
1900	10	180
1900	11	43
1900	12	64
1901	1	0
1901	2	64
1901	3	218
1901	4	0
1901	5	0
1901	6	1219
1901	7	1435
1901	8	325
1901	9	612
1901	10	429
1901	11	25
1901	12	279
1902	1	0
1902	2	381
1902	3	635
1902	4	38
1902	5	645
1902	6	1247
1902	7	912
1902	8	466
1902	9	58
1902	10	397
1902	11	0
1902	12	25
1903	1	152
1903	2	76
1903	3	101
1903	4	177
1903	5	524
1903	6	343
1903	7	295
1903	8	1559
1903	9	518
1903	10	104
1903	11	13
1903	12	76
1904	1	0
1904	2	150
1904	3	274
1904	4	190
1904	5	495
1904	6	1668
1904	7	498
1904	8	76
1904	9	208
1904	10	152
1904	11	25
1904	12	254
1905	1	38
1905	2	127
1905	3	579
1905	4	46
1905	5	586
1905	6	803
1905	7	889
1905	8	635
1905	9	220
1905	10	114
1905	11	254
1905	12	0
1906	1	51
1906	2	0
1906	3	102
1906	4	318
1906	5	1697
1906	6	1549
1906	7	223
1906	8	390
1906	9	254
1906	10	51
1906	11	224
1906	12	152
1907	1	380
1907	2	76
1907	3	0
1907	4	54
1907	5	350
1907	6	740
1907	7	1261
1907	8	185
1907	9	280
1907	10	214
1907	11	0
1907	12	0
1908	1	0
1908	2	76
1908	3	292
1908	4	389
1908	5	664
1908	6	673
1908	7	576
1908	8	1085
1908	9	140
1908	10	298
1908	11	432
1908	12	38
1909	1	0
1909	2	0
1909	3	0
1909	4	229
1909	5	654
1909	6	601
1909	7	1042
1909	8	530
1909	9	157
1909	10	175
1909	11	38
1909	12	127
1910	1	190
1910	2	25
1910	3	271
1910	4	151
1910	5	189
1910	6	651
1910	7	423
1910	8	451
1910	9	668
1910	10	113
1910	11	41
1910	12	102
1911	1	76
1911	2	230
1911	3	115
1911	4	345
1911	5	214
1911	6	280
1911	7	622
1911	8	883
1911	9	703
1911	10	287
1911	11	83
1911	12	121
1912	1	115
1912	2	30
1912	3	104
1912	4	681
1912	5	1184
1912	6	358
1912	7	565
1912	8	1008
1912	9	572
1912	10	105
1912	11	0
1912	12	32
1913	1	73
1913	2	0
1913	3	239
1913	4	68
1913	5	302
1913	6	338
1913	7	1032
1913	8	520
1913	9	210
1913	10	553
1913	11	28
1913	12	41
1914	1	56
1914	2	51
1914	3	211
1914	4	170
1914	5	436
1914	6	1503
1914	7	436
1914	8	256
1914	9	99
1914	10	488
1914	11	135
1914	12	41
1915	1	132
1915	2	0
1915	3	0
1915	4	74
1915	5	1230
1915	6	1517
1915	7	848
1915	8	656
1915	9	756
1915	10	392
1915	11	229
1915	12	136
1916	1	419
1916	2	161
1916	3	1047
1916	4	270
1916	5	851
1916	6	1271
1916	7	1011
1916	8	1151
1916	9	137
1916	10	140
1916	11	41
1916	12	785
1917	1	307
1917	2	108
1917	3	346
1917	4	680
1917	5	10
1917	6	493
1917	7	329
1917	8	189
1917	9	211
1917	10	173
1917	11	104
1917	12	369
1918	1	300
1918	2	132
1918	3	216
1918	4	541
1918	5	837
1918	6	389
1918	7	967
1918	8	1548
1918	9	87
1918	10	163
1918	11	613
1918	12	361
1919	1	102
1919	2	272
1919	3	170
1919	4	330
1919	5	1486
1919	6	549
1919	7	493
1919	8	193
1919	9	379
1919	10	408
1919	11	127
1919	12	46
1920	1	384
1920	2	51
1920	3	302
1920	4	150
1920	5	341
1920	6	1249
1920	7	974
1920	8	554
1920	9	318
1920	10	267
1920	11	155
1920	12	78
1921	1	102
1921	2	99
1921	3	412
1921	4	519
1921	5	393
1921	6	457
1921	7	509
1921	8	400
1921	9	729
1921	10	559
1921	11	64
1921	12	36
1922	1	68
1922	2	357
1922	3	165
1922	4	275
1922	5	731
1922	6	1585
1922	7	988
1922	8	254
1922	9	485
1922	10	432
1922	11	404
1922	12	112
1923	1	119
1923	2	122
1923	3	38
1923	4	305
1923	5	599
1923	6	823
1923	7	1534
1923	8	693
1923	9	605
1923	10	429
1923	11	69
1923	12	36
1924	1	0
1924	2	152
1924	3	38
1924	4	538
1924	5	135
1924	6	1877
1924	7	302
1924	8	259
1924	9	203
1924	10	434
1924	11	0
1924	12	122
1925	1	18
1925	2	76
1925	3	43
1925	4	320
1925	5	386
1925	6	1189
1925	7	107
1925	8	572
1925	9	848
1925	10	152
1925	11	25
1925	12	48
1926	1	46
1926	2	0
1926	3	23
1926	4	79
1926	5	678
1926	6	559
1926	7	1063
1926	8	869
1926	9	813
1926	10	255
1926	11	98
1926	12	69
1927	1	41
1927	2	124
1927	3	214
1927	4	589
1927	5	1947
1927	6	1161
1927	7	966
1927	8	1035
1927	9	106
1927	10	202
1927	11	229
1927	12	317
1928	1	20
1928	2	20
1928	3	229
1928	4	318
1928	5	336
1928	6	1617
1928	7	1308
1928	8	1052
1928	9	622
1928	10	104
1928	11	305
1928	12	97
1929	1	254
1929	2	76
1929	3	115
1929	4	411
1929	5	991
1929	6	216
1929	7	272
1929	8	384
1929	9	574
1929	10	818
1929	11	74
1929	12	432
1930	1	63
1930	2	381
1930	3	0
1930	4	221
1930	5	953
1930	6	533
1930	7	427
1930	8	653
1930	9	155
1930	10	566
1930	11	533
1930	12	76
1931	1	231
1931	2	89
1931	3	300
1931	4	218
1931	5	391
1931	6	589
1931	7	1044
1931	8	635
1931	9	683
1931	10	318
1931	11	119
1931	12	18
1932	1	58
1932	2	40
1932	3	69
1932	4	838
1932	5	814
1932	6	546
1932	7	287
1932	8	90
1932	9	84
1932	10	578
1932	11	35
1932	12	21
1933	1	155
1933	2	26
1933	3	101
1933	4	186
1933	5	1242
1933	6	483
1933	7	887
1933	8	99
1933	9	384
1933	10	104
1933	11	51
1933	12	76
1934	1	8
1934	2	3
1934	3	38
1934	4	69
1934	5	81
1934	6	592
1934	7	320
1934	8	341
1934	9	142
1934	10	889
1934	11	20
1934	12	18
1935	1	28
1935	2	30
1935	3	145
1935	4	351
1935	5	653
1935	6	602
1935	7	1249
1935	8	272
1935	9	149
1935	10	18
1935	11	147
1935	12	100
1936	1	46
1936	2	36
1936	3	126
1936	4	5
1936	5	30
1936	6	127
1936	7	363
1936	8	235
1936	9	178
1936	10	28
1936	11	28
1936	12	33
1937	1	82
1937	2	121
1937	3	86
1937	4	507
1937	5	222
1937	6	2133
1937	7	847
1937	8	259
1937	9	409
1937	10	91
1937	11	76
1937	12	69
1938	1	46
1938	2	81
1938	3	127
1938	4	183
1938	5	599
1938	6	688
1938	7	1247
1938	8	285
1938	9	43
1938	10	30
1938	11	109
1938	12	28
1939	1	19
1939	2	66
1939	3	23
1939	4	106
1939	5	376
1939	6	1415
1939	7	216
1939	8	507
1939	9	97
1939	10	363
1939	11	0
1939	12	36
1940	1	5
1940	2	55
1940	3	152
1940	4	632
1940	5	346
1940	6	528
1940	7	663
1940	8	58
1940	9	391
1940	10	509
1940	11	117
1940	12	36
1941	1	148
1941	2	21
1941	3	104
1941	4	630
1941	5	498
1941	6	1903
1941	7	442
1941	8	1072
1941	9	1516
1941	10	254
1941	11	98
1941	12	6
1942	1	0
1942	2	56
1942	3	140
1942	4	495
1942	5	1039
1942	6	1000
1942	7	592
1942	8	514
1942	9	666
1942	10	107
1942	11	3
1942	12	92
1943	1	130
1943	2	145
1943	3	246
1943	4	320
1943	5	325
1943	6	1699
1943	7	571
1943	8	636
1943	9	199
1943	10	140
1943	11	61
1943	12	28
1944	1	38
1944	2	36
1944	3	87
1944	4	185
1944	5	635
1944	6	1512
1944	7	107
1944	8	1010
1944	9	848
1944	10	0
1944	11	843
1944	12	3
1945	1	86
1945	2	86
1945	3	170
1945	4	154
1945	5	229
1945	6	695
1945	7	475
1945	8	590
1945	9	607
1945	10	66
1945	11	46
1945	12	216
1946	1	18
1946	2	184
1946	3	441
1946	4	300
1946	5	533
1946	6	555
1946	7	498
1946	8	726
1946	9	982
1946	10	543
1946	11	43
1946	12	130
1947	1	118
1947	2	127
1947	3	65
1947	4	342
1947	5	282
1947	6	1453
1947	7	759
1947	8	666
1947	9	696
1947	10	967
1947	11	314
1947	12	86
1948	1	57
1948	2	351
1948	3	73
1948	4	788
1948	5	186
1948	6	714
1948	7	1145
1948	8	437
1948	9	114
1948	10	381
1948	11	67
1948	12	78
1949	1	364
1949	2	99
1949	3	99
1949	4	195
1949	5	786
1949	6	745
1949	7	713
1949	8	620
1949	9	203
1949	10	660
1949	11	26
1949	12	204
1950	1	523
1950	2	152
1950	3	500
1950	4	336
1950	5	1321
1950	6	717
1950	7	311
1950	8	712
1950	9	802
1950	10	177
1950	11	107
1950	12	239
1951	1	118
1951	2	183
1951	3	30
1951	4	71
1951	5	442
1951	6	797
1951	7	801
1951	8	1828
1951	9	280
1951	10	86
1951	11	34
1951	12	372
1952	1	172
1952	2	183
1952	3	81
1952	4	25
1952	5	172
1952	6	1168
1952	7	571
1952	8	112
1952	9	141
1952	10	13
1952	11	20
1952	12	25
1953	1	105
1953	2	74
1953	3	329
1953	4	800
1953	5	1250
1953	6	1423
1953	7	157
1953	8	427
1953	9	108
1953	10	305
1953	11	83
1953	12	43
1954	1	140
1954	2	0
1954	3	237
1954	4	256
1954	5	896
1954	6	1294
1954	7	795
1954	8	467
1954	9	776
1954	10	241
1954	11	36
1954	12	23
1955	1	65
1955	2	122
1955	3	60
1955	4	379
1955	5	970
1955	6	1028
1955	7	850
1955	8	384
1955	9	359
1955	10	89
1955	11	349
1955	12	77
1956	1	306
1956	2	40
1956	3	276
1956	4	46
1956	5	1186
1956	6	1153
1956	7	1113
1956	8	835
1956	9	122
1956	10	138
1956	11	565
1956	12	58
1957	1	100
1957	2	58
1957	3	11
1957	4	236
1957	5	584
1957	6	828
1957	7	1474
1957	8	569
1957	9	266
1957	10	579
1957	11	124
1957	12	160
1958	1	115
1958	2	127
1958	3	82
1958	4	289
1958	5	244
1958	6	960
1958	7	571
1958	8	293
1958	9	79
1958	10	122
1958	11	412
1958	12	38
1959	1	40
1959	2	121
1959	3	50
1959	4	109
1959	5	709
1959	6	628
1959	7	196
1959	8	311
1959	9	437
1959	10	407
1959	11	269
1959	12	63
1960	1	114
1960	2	0
1960	3	65
1960	4	312
1960	5	1476
1960	6	481
1960	7	528
1960	8	830
1960	9	31
1960	10	58
1960	11	46
1960	12	117
1961	1	10
1961	2	76
1961	3	5
1961	4	514
1961	5	238
1961	6	345
1961	7	530
1961	8	179
1961	9	1002
1961	10	142
1961	11	0
1961	12	95
1962	1	83
1962	2	75
1962	3	180
1962	4	161
1962	5	1405
1962	6	651
1962	7	1236
1962	8	262
1962	9	359
1962	10	98
1962	11	112
1962	12	51
1963	1	43
1963	2	106
1963	3	95
1963	4	459
1963	5	483
1963	6	805
1963	7	436
1963	8	617
1963	9	379
1963	10	216
1963	11	0
1963	12	71
1964	1	72
1964	2	65
1964	3	78
1964	4	708
1964	5	497
1964	6	1653
1964	7	664
1964	8	458
1964	9	114
1964	10	43
1964	11	127
1964	12	126
1965	1	124
1965	2	20
1965	3	91
1965	4	664
1965	5	1002
1965	6	1164
1965	7	960
1965	8	267
1965	9	964
1965	10	102
1965	11	41
1965	12	81
1966	1	60
1966	2	142
1966	3	279
1966	4	459
1966	5	257
1966	6	1131
1966	7	689
1966	8	632
1966	9	58
1966	10	213
1966	11	60
1966	12	45
1967	1	192
1967	2	176
1967	3	157
1967	4	609
1967	5	391
1967	6	261
1967	7	84
1967	8	164
1967	9	311
1967	10	509
1967	11	56
1967	12	226
1968	1	91
1968	2	45
1968	3	447
1968	4	586
1968	5	679
1968	6	1537
1968	7	198
1968	8	460
1968	9	789
1968	10	13
1968	11	102
1968	12	213
1969	1	285
1969	2	529
1969	3	78
1969	4	135
1969	5	738
1969	6	779
1969	7	696
1969	8	200
1969	9	237
1969	10	199
1969	11	5
1969	12	273
1970	1	96
1970	2	112
1970	3	301
1970	4	890
1970	5	593
1970	6	413
1970	7	420
1970	8	30
1970	9	706
1970	10	187
1970	11	295
1970	12	93
1971	1	257
1971	2	56
1971	3	58
1971	4	351
1971	5	517
1971	6	2019
1971	7	419
1971	8	74
1971	9	220
1971	10	769
1971	11	43
1971	12	144
1972	1	192
1972	2	192
1972	3	191
1972	4	551
1972	5	525
1972	6	529
1972	7	498
1972	8	280
1972	9	94
1972	10	434
1972	11	57
1972	12	256
1973	1	59
1973	2	13
1973	3	458
1973	4	229
1973	5	485
1973	6	529
1973	7	311
1973	8	168
1973	9	1103
1973	10	424
1973	11	142
1973	12	192
1974	1	16
1974	2	91
1974	3	31
1974	4	591
1974	5	1145
1974	6	296
1974	7	632
1974	8	395
1974	9	13
1974	10	216
1974	11	44
1974	12	65
1975	1	146
1975	2	190
1975	3	299
1975	4	613
1975	5	458
1975	6	2052
1975	7	267
1975	8	517
1975	9	271
1975	10	172
1975	11	25
1975	12	119
1976	1	30
1976	2	76
1976	3	368
1976	4	1179
1976	5	170
1976	6	386
1976	7	214
1976	8	268
1976	9	238
1976	10	51
1976	11	48
1976	12	119
1977	1	124
1977	2	10
1977	3	212
1977	4	145
1977	5	389
1977	6	630
1977	7	1062
1977	8	618
1977	9	1393
1977	10	231
1977	11	285
1977	12	127
1978	1	14
1978	2	0
1978	3	20
1978	4	475
1978	5	1129
1978	6	876
1978	7	563
1978	8	229
1978	9	395
1978	10	107
1978	11	170
1978	12	39
1979	1	71
1979	2	186
1979	3	229
1979	4	354
1979	5	275
1979	6	579
1979	7	586
1979	8	285
1979	9	100
1979	10	73
1979	11	32
1979	12	68
1980	1	167
1980	2	41
1980	3	82
1980	4	79
1980	5	96
1980	6	1189
1980	7	412
1980	8	598
1980	9	377
1980	10	861
1980	11	35
1980	12	43
1981	1	46
1981	2	81
1981	3	107
1981	4	176
1981	5	373
1981	6	1054
1981	7	729
1981	8	733
1981	9	583
1981	10	214
1981	11	198
1981	12	186
1982	1	192
1982	2	241
1982	3	358
1982	4	87
1982	5	1201
1982	6	918
1982	7	410
1982	8	164
1982	9	241
1982	10	1247
1982	11	152
1982	12	8
1983	1	111
1983	2	18
1983	3	452
1983	4	166
1983	5	622
1983	6	409
1983	7	570
1983	8	570
1983	9	407
1983	10	228
1983	11	130
1983	12	84
1984	1	175
1984	2	64
1984	3	284
1984	4	1014
1984	5	58
1984	6	1814
1984	7	110
1984	8	382
1984	9	230
1984	10	328
1984	11	82
1984	12	26
1985	1	55
1985	2	8
1985	3	38
1985	4	201
1985	5	818
1985	6	543
1985	7	170
1985	8	1137
1985	9	257
1985	10	656
1985	11	124
1985	12	90
1986	1	26
1986	2	11
1986	3	3
1986	4	833
1986	5	554
1986	6	1007
1986	7	1220
1986	8	656
1986	9	1184
1986	10	205
1986	11	330
1986	12	0
1987	1	13
1987	2	290
1987	3	119
1987	4	18
1987	5	1151
1987	6	569
1987	7	806
1987	8	400
1987	9	102
1987	10	0
1987	11	33
1987	12	56
1988	1	68
1988	2	28
1988	3	97
1988	4	3
1988	5	234
1988	6	377
1988	7	120
1988	8	251
1988	9	184
1988	10	66
1988	11	193
1988	12	199
1989	1	31
1989	2	35
1989	3	136
1989	4	397
1989	5	593
1989	6	105
1989	7	633
1989	8	845
1989	9	275
1989	10	13
1989	11	88
1989	12	15
1990	1	44
1990	2	34
1990	3	389
1990	4	193
1990	5	245
1990	6	1360
1990	7	745
1990	8	473
1990	9	231
1990	10	76
1990	11	0
1990	12	145
1991	1	43
1991	2	54
1991	3	70
1991	4	478
1991	5	831
1991	6	648
1991	7	221
1991	8	145
1991	9	775
1991	10	595
1991	11	160
1991	12	13
1992	1	36
1992	2	68
1992	3	209
1992	4	94
1992	5	182
1992	6	648
1992	7	472
1992	8	386
1992	9	700
1992	10	48
1992	11	129
1992	12	43
1993	1	45
1993	2	51
1993	3	46
1993	4	215
1993	5	595
1993	6	1210
1993	7	3118
1993	8	343
1993	9	36
1993	10	0
1993	11	156
1993	12	64
1994	1	110
1994	2	104
1994	3	69
1994	4	201
1994	5	268
1994	6	836
1994	7	437
1994	8	439
1994	9	1060
1994	10	652
1994	11	142
1994	12	31
1995	1	0
1995	2	16
1995	3	299
1995	4	157
1995	5	707
1995	6	948
1995	7	1510
1995	8	503
1995	9	100
1995	10	466
1995	11	94
1995	12	18
1996	1	211
1996	2	53
1996	3	235
1996	4	0
1996	5	355
1996	6	323
1996	7	494
1996	8	382
1996	9	508
1996	10	347
1996	11	297
1996	12	72
1997	1	66
1997	2	46
1997	3	328
1997	4	477
1997	5	8
1997	6	326
1997	7	876
1997	8	107
1997	9	168
1997	10	175
1997	11	54
1997	12	0
1998	1	21
1998	2	278
1998	3	28
1998	4	239
1998	5	278
1998	6	643
1998	7	594
1998	8	1512
1998	9	83
1998	10	856
1998	11	41
1998	12	20
1999	1	193
1999	2	13
1999	3	105
1999	4	332
1999	5	1742
1999	6	877
1999	7	422
1999	8	1257
1999	9	468
1999	10	147
1999	11	3
1999	12	23
2000	1	47
2000	2	315
2000	3	310
2000	4	275
2000	5	595
2000	6	1018
2000	7	1081
2000	8	360
2000	9	219
2000	10	548
2000	11	308
2000	12	0
2001	1	107
2001	2	43
2001	3	72
2001	4	349
2001	5	541
2001	6	1167
2001	7	1191
2001	8	3
2001	9	149
2001	10	218
2001	11	21
2001	12	0
2002	1	71
2002	2	20
2002	3	90
2002	4	216
2002	5	89
2002	6	249
2002	7	1116
2002	8	358
2002	9	142
2002	10	194
2002	11	13
2002	12	74
2003	1	41
2003	2	18
2003	3	59
2003	4	117
2003	5	1275
2003	6	834
2003	7	241
2003	8	23
2003	9	345
2003	10	81
2003	11	36
2003	12	43
2004	1	66
2004	2	8
2004	3	234
2004	4	53
2004	5	615
2004	6	842
2004	7	405
2004	8	433
2004	9	945
2004	10	151
2004	11	0
2004	12	8
2005	1	0
2005	2	0
2005	3	39
2005	4	109
2005	5	567
2005	6	1363
2005	7	737
2005	8	877
2005	9	28
2005	10	270
2005	11	140
2005	12	175
2006	1	0
2006	2	3
2006	3	18
2006	4	120
2006	5	747
2006	6	209
2006	7	168
2006	8	523
2006	9	542
2006	10	359
2006	11	0
2006	12	87
2007	1	204
2007	2	25
2007	3	410
2007	4	58
2007	5	1643
2007	6	1295
2007	7	318
2007	8	383
2007	9	293
2007	10	193
2007	11	15
2007	12	26
2008	1	0
2008	2	8
2008	3	51
2008	4	147
2008	5	113
2008	6	1157
2008	7	333
2008	8	66
2008	9	296
2008	10	140
2008	11	325
2008	12	92
2009	1	54
2009	2	170
2009	3	333
2009	4	39
2009	5	278
2009	6	1220
2009	7	1097
2009	8	311
2009	9	246
2009	10	798
2009	11	0
2009	12	46
2010	1	84
2010	2	79
2010	3	163
2010	4	475
2010	5	665
2010	6	536
2010	7	812
2010	8	313
2010	9	297
2010	10	107
2010	11	13
2010	12	41
2011	1	121
2011	2	0
2011	3	247
2011	4	303
2011	5	527
2011	6	1176
2011	7	885
2011	8	620
2011	9	146
2011	10	288
2011	11	7
2011	12	28
2012	1	41
2012	2	115
2012	3	72
2012	4	378
2012	5	521
2012	6	719
2012	7	427
2012	8	297
2012	9	0
2012	10	205
2012	11	63
2012	12	133
2013	1	38
2013	2	149
2013	3	110
2013	4	271
2013	5	857
2013	6	728
2013	7	270
2013	8	129
2013	9	416
2013	10	1227
2013	11	29
2013	12	227
2014	1	39
2014	2	39
2014	3	72
2014	4	416
2014	5	322
2014	6	1023
2014	7	401
2014	8	750
2014	9	175
2014	10	66
2014	11	105
2014	12	56
2015	1	78
2015	2	110
2015	3	72
2015	4	72
2015	5	1293
2015	6	936
2015	7	547
2015	8	225
2015	9	120
2015	10	121
