1889	9	780
1889	10	1034
1889	11	1090
1889	12	117
1890	1	132
1890	2	1237
1890	3	1013
1890	4	701
1890	5	1405
1890	6	947
1890	7	404
1890	8	942
1890	9	447
1890	10	1224
1890	11	130
1890	12	1130
1891	1	851
1891	2	861
1891	3	1720
1891	4	650
1891	5	648
1891	6	1908
1891	7	1538
1891	8	980
1891	9	284
1891	10	358
1891	11	390
1891	12	648
1892	1	889
1892	2	531
1892	3	1092
1892	4	704
1892	5	794
1892	6	1687
1892	7	611
1892	8	358
1892	9	448
1892	10	54
1892	11	1073
1892	12	821
1893	1	288
1893	2	630
1893	3	375
1893	4	585
1893	5	1125
1893	6	725
1893	7	586
1893	8	1220
1893	9	1013
1893	10	919
1893	11	671
1893	12	157
1894	1	297
1894	2	787
1894	3	193
1894	4	495
1894	5	1250
1894	6	688
1894	7	665
1894	8	495
1894	9	842
1894	10	568
1894	11	201
1894	12	613
1895	1	908
1895	2	235
1895	3	411
1895	4	615
1895	5	666
1895	6	868
1895	7	768
1895	8	411
1895	9	155
1895	10	281
1895	11	248
1895	12	593
1896	1	402
1896	2	640
1896	3	785
1896	4	370
1896	5	867
1896	6	1382
1896	7	1422
1896	8	622
1896	9	2151
1896	10	208
1896	11	813
1896	12	89
1897	1	371
1897	2	1943
1897	3	460
1897	4	584
1897	5	1374
1897	6	856
1897	7	1113
1897	8	699
1897	9	351
1897	10	747
1897	11	559
1897	12	945
1898	1	838
1898	2	153
1898	3	963
1898	4	700
1898	5	1231
1898	6	285
1898	7	904
1898	8	1857
1898	9	241
1898	10	1582
1898	11	529
1898	12	663
1899	1	549
1899	2	1013
1899	3	881
1899	4	297
1899	5	1450
1899	6	503
1899	7	708
1899	8	805
1899	9	792
1899	10	524
1899	11	224
1899	12	264
1900	1	445
1900	2	985
1900	3	1074
1900	4	325
1900	5	310
1900	6	1075
1900	7	1121
1900	8	644
1900	9	432
1900	10	646
1900	11	557
1900	12	330
1901	1	623
1901	2	38
1901	3	887
1901	4	1416
1901	5	1382
1901	6	1672
1901	7	888
1901	8	1757
1901	9	1036
1901	10	73
1901	11	526
1901	12	974
1902	1	599
1902	2	851
1902	3	867
1902	4	653
1902	5	512
1902	6	914
1902	7	241
1902	8	828
1902	9	390
1902	10	801
1902	11	620
1902	12	996
1903	1	748
1903	2	720
1903	3	928
1903	4	967
1903	5	981
1903	6	1830
1903	7	400
1903	8	866
1903	9	624
1903	10	706
1903	11	176
1903	12	195
1904	1	502
1904	2	191
1904	3	471
1904	4	657
1904	5	733
1904	6	1127
1904	7	1157
1904	8	637
1904	9	460
1904	10	279
1904	11	213
1904	12	694
1905	1	822
1905	2	450
1905	3	644
1905	4	445
1905	5	927
1905	6	1712
1905	7	1173
1905	8	1042
1905	9	333
1905	10	764
1905	11	251
1905	12	951
1906	1	511
1906	2	228
1906	3	1222
1906	4	445
1906	5	622
1906	6	1810
1906	7	1039
1906	8	1406
1906	9	586
1906	10	1310
1906	11	417
1906	12	820
1907	1	617
1907	2	505
1907	3	456
1907	4	866
1907	5	550
1907	6	1044
1907	7	1060
1907	8	907
1907	9	1448
1907	10	229
1907	11	822
1907	12	708
1908	1	767
1908	2	871
1908	3	449
1908	4	458
1908	5	1567
1908	6	792
1908	7	1194
1908	8	1505
1908	9	514
1908	10	546
1908	11	218
1908	12	387
1909	1	573
1909	2	675
1909	3	454
1909	4	790
1909	5	945
1909	6	1514
1909	7	391
1909	8	875
1909	9	630
1909	10	627
1909	11	112
1909	12	549
1910	1	958
1910	2	589
1910	3	74
1910	4	1054
1910	5	523
1910	6	1834
1910	7	1240
1910	8	236
1910	9	299
1910	10	511
1910	11	223
1910	12	429
1911	1	1028
1911	2	318
1911	3	556
1911	4	516
1911	5	432
1911	6	1072
1911	7	918
1911	8	2598
1911	9	379
1911	10	1084
1911	11	528
1911	12	607
1912	1	430
1912	2	251
1912	3	815
1912	4	571
1912	5	1020
1912	6	773
1912	7	1095
1912	8	473
1912	9	1113
1912	10	112
1912	11	427
1912	12	714
1913	1	379
1913	2	76
1913	3	1044
1913	4	779
1913	5	1074
1913	6	1636
1913	7	879
1913	8	486
1913	9	353
1913	10	918
1913	11	875
1913	12	369
1914	1	417
1914	2	566
1914	3	437
1914	4	791
1914	5	257
1914	6	556
1914	7	681
1914	8	616
1914	9	381
1914	10	316
1914	11	376
1914	12	1006
1915	1	1448
1915	2	745
1915	3	145
1915	4	76
1915	5	711
1915	6	1041
1915	7	465
1915	8	1517
1915	9	797
1915	10	816
1915	11	491
1915	12	622
1916	1	590
1916	2	422
1916	3	1009
1916	4	785
1916	5	576
1916	6	1768
1916	7	784
1916	8	435
1916	9	694
1916	10	492
1916	11	178
1916	12	381
1917	1	553
1917	2	457
1917	3	1042
1917	4	531
1917	5	557
1917	6	69
1917	7	996
1917	8	1024
1917	9	848
1917	10	1189
1917	11	46
1917	12	250
1918	1	990
1918	2	89
1918	3	767
1918	4	864
1918	5	427
1918	6	467
1918	7	1019
1918	8	991
1918	9	979
1918	10	517
1918	11	102
1918	12	1244
1919	1	602
1919	2	259
1919	3	737
1919	4	439
1919	5	1705
1919	6	604
1919	7	1154
1919	8	1063
1919	9	704
1919	10	574
1919	11	313
1919	12	561
1920	1	210
1920	2	122
1920	3	990
1920	4	910
1920	5	246
1920	6	1179
1920	7	516
1920	8	1309
1920	9	904
1920	10	508
1920	11	876
1920	12	419
1921	1	305
1921	2	407
1921	3	267
1921	4	374
1921	5	1784
1921	6	408
1921	7	1152
1921	8	559
1921	9	292
1921	10	246
1921	11	619
1921	12	516
1922	1	736
1922	2	801
1922	3	576
1922	4	351
1922	5	936
1922	6	583
1922	7	1039
1922	8	653
1922	9	162
1922	10	473
1922	11	107
1922	12	637
1923	1	724
1923	2	386
1923	3	736
1923	4	660
1923	5	137
1923	6	476
1923	7	873
1923	8	772
1923	9	701
1923	10	259
1923	11	741
1923	12	466
1924	1	1095
1924	2	517
1924	3	1081
1924	4	434
1924	5	2098
1924	6	1431
1924	7	483
1924	8	672
1924	9	1602
1924	10	361
1924	11	611
1924	12	377
1925	1	973
1925	2	590
1925	3	656
1925	4	908
1925	5	295
1925	6	742
1925	7	886
1925	8	431
1925	9	193
1925	10	1135
1925	11	561
1925	12	500
1926	1	792
1926	2	950
1926	3	470
1926	4	263
1926	5	625
1926	6	589
1926	7	718
1926	8	2110
1926	9	1161
1926	10	770
1926	11	940
1926	12	636
1927	1	313
1927	2	919
1927	3	215
1927	4	1496
1927	5	557
1927	6	587
1927	7	615
1927	8	457
1927	9	397
1927	10	1610
1927	11	526
1927	12	671
1928	1	361
1928	2	453
1928	3	605
1928	4	1399
1928	5	410
1928	6	1641
1928	7	636
1928	8	1300
1928	9	891
1928	10	310
1928	11	453
1928	12	226
1929	1	534
1929	2	718
1929	3	710
1929	4	1387
1929	5	964
1929	6	501
1929	7	1169
1929	8	334
1929	9	544
1929	10	1863
1929	11	1019
1929	12	527
1930	1	364
1930	2	505
1930	3	481
1930	4	404
1930	5	384
1930	6	394
1930	7	147
1930	8	297
1930	9	340
1930	10	31
1930	11	272
1930	12	457
1931	1	224
1931	2	262
1931	3	684
1931	4	571
1931	5	883
1931	6	759
1931	7	1162
1931	8	1295
1931	9	415
1931	10	236
1931	11	87
1931	12	369
1932	1	868
1932	2	620
1932	3	1286
1932	4	412
1932	5	1481
1932	6	1316
1932	7	988
1932	8	834
1932	9	517
1932	10	1214
1932	11	959
1932	12	557
1933	1	945
1933	2	344
1933	3	677
1933	4	1211
1933	5	1361
1933	6	689
1933	7	1452
1933	8	1384
1933	9	800
1933	10	356
1933	11	157
1933	12	420
1934	1	140
1934	2	272
1934	3	676
1934	4	311
1934	5	745
1934	6	648
1934	7	525
1934	8	1481
1934	9	1436
1934	10	236
1934	11	643
1934	12	879
1935	1	1258
1935	2	373
1935	3	595
1935	4	731
1935	5	852
1935	6	924
1935	7	469
1935	8	1035
1935	9	1149
1935	10	649
1935	11	865
1935	12	398
1936	1	936
1936	2	657
1936	3	1946
1936	4	492
1936	5	368
1936	6	678
1936	7	414
1936	8	496
1936	9	526
1936	10	1202
1936	11	195
1936	12	1011
1937	1	1093
1937	2	594
1937	3	160
1937	4	1210
1937	5	728
1937	6	1384
1937	7	616
1937	8	2001
1937	9	570
1937	10	1909
1937	11	498
1937	12	97
1938	1	268
1938	2	179
1938	3	528
1938	4	353
1938	5	1497
1938	6	600
1938	7	1130
1938	8	836
1938	9	774
1938	10	446
1938	11	549
1938	12	889
1939	1	713
1939	2	924
1939	3	388
1939	4	843
1939	5	396
1939	6	966
1939	7	2169
1939	8	691
1939	9	430
1939	10	826
1939	11	413
1939	12	438
1940	1	419
1940	2	455
1940	3	566
1940	4	1200
1940	5	1058
1940	6	1578
1940	7	958
1940	8	1583
1940	9	419
1940	10	529
1940	11	1100
1940	12	466
1941	1	479
1941	2	58
1941	3	383
1941	4	572
1941	5	350
1941	6	1413
1941	7	1139
1941	8	1247
1941	9	221
1941	10	199
1941	11	379
1941	12	823
1942	1	386
1942	2	248
1942	3	933
1942	4	298
1942	5	1178
1942	6	915
1942	7	1136
1942	8	2599
1942	9	782
1942	10	2625
1942	11	430
1942	12	1036
1943	1	475
1943	2	245
1943	3	953
1943	4	612
1943	5	874
1943	6	909
1943	7	578
1943	8	221
1943	9	216
1943	10	709
1943	11	391
1943	12	231
1944	1	515
1944	2	493
1944	3	920
1944	4	630
1944	5	855
1944	6	565
1944	7	480
1944	8	386
1944	9	1328
1944	10	813
1944	11	369
1944	12	515
1945	1	437
1945	2	480
1945	3	383
1945	4	490
1945	5	702
1945	6	858
1945	7	1776
1945	8	1100
1945	9	1980
1945	10	132
1945	11	794
1945	12	751
1946	1	374
1946	2	379
1946	3	813
1946	4	218
1946	5	1159
1946	6	1164
1946	7	1013
1946	8	723
1946	9	696
1946	10	512
1946	11	239
1946	12	362
1947	1	608
1947	2	213
1947	3	376
1947	4	386
1947	5	1013
1947	6	460
1947	7	988
1947	8	465
1947	9	451
1947	10	358
1947	11	1085
1947	12	174
1948	1	660
1948	2	215
1948	3	675
1948	4	990
1948	5	1540
1948	6	1045
1948	7	876
1948	8	1192
1948	9	725
1948	10	1095
1948	11	1097
1948	12	1034
1949	1	987
1949	2	501
1949	3	198
1949	4	719
1949	5	1128
1949	6	1110
1949	7	971
1949	8	1534
1949	9	209
1949	10	596
1949	11	278
1949	12	578
1950	1	415
1950	2	565
1950	3	203
1950	4	213
1950	5	1486
1950	6	827
1950	7	629
1950	8	615
1950	9	1032
1950	10	467
1950	11	955
1950	12	808
1951	1	222
1951	2	681
1951	3	901
1951	4	773
1951	5	611
1951	6	1601
1951	7	1313
1951	8	371
1951	9	523
1951	10	317
1951	11	744
1951	12	892
1952	1	922
1952	2	348
1952	3	776
1952	4	1647
1952	5	928
1952	6	909
1952	7	936
1952	8	1235
1952	9	1191
1952	10	385
1952	11	1237
1952	12	499
1953	1	823
1953	2	337
1953	3	914
1953	4	621
1953	5	1442
1953	6	858
1953	7	277
1953	8	494
1953	9	940
1953	10	326
1953	11	419
1953	12	664
1954	1	472
1954	2	359
1954	3	1104
1954	4	681
1954	5	1037
1954	6	626
1954	7	533
1954	8	1126
1954	9	248
1954	10	1684
1954	11	460
1954	12	658
1955	1	82
1955	2	543
1955	3	1115
1955	4	798
1955	5	551
1955	6	1333
1955	7	351
1955	8	3598
1955	9	290
1955	10	457
1955	11	460
1955	12	61
1956	1	546
1956	2	655
1956	3	805
1956	4	495
1956	5	345
1956	6	445
1956	7	1061
1956	8	794
1956	9	703
1956	10	468
1956	11	108
1956	12	419
1957	1	401
1957	2	578
1957	3	440
1957	4	910
1957	5	623
1957	6	1344
1957	7	472
1957	8	160
1957	9	850
1957	10	912
1957	11	353
1957	12	706
1958	1	598
1958	2	643
1958	3	753
1958	4	1098
1958	5	1178
1958	6	907
1958	7	2336
1958	8	987
1958	9	300
1958	10	414
1958	11	365
1958	12	164
1959	1	237
1959	2	220
1959	3	509
1959	4	911
1959	5	756
1959	6	999
1959	7	922
1959	8	495
1959	9	526
1959	10	1617
1959	11	350
1959	12	699
1960	1	479
1960	2	730
1960	3	477
1960	4	663
1960	5	1271
1960	6	952
1960	7	474
1960	8	1330
1960	9	1195
1960	10	327
1960	11	166
1960	12	320
1961	1	693
1961	2	1034
1961	3	572
1961	4	1037
1961	5	625
1961	6	1030
1961	7	621
1961	8	811
1961	9	1352
1961	10	496
1961	11	691
1961	12	958
1962	1	324
1962	2	671
1962	3	1301
1962	4	800
1962	5	934
1962	6	1104
1962	7	682
1962	8	1017
1962	9	700
1962	10	539
1962	11	995
1962	12	643
1963	1	282
1963	2	472
1963	3	1339
1963	4	333
1963	5	221
1963	6	1107
1963	7	489
1963	8	531
1963	9	893
1963	10	36
1963	11	1152
1963	12	456
1964	1	779
1964	2	806
1964	3	555
1964	4	684
1964	5	111
1964	6	424
1964	7	372
1964	8	238
1964	9	1245
1964	10	656
1964	11	322
1964	12	622
1965	1	1066
1965	2	604
1965	3	876
1965	4	652
1965	5	837
1965	6	239
1965	7	1198
1965	8	499
1965	9	448
1965	10	527
1965	11	166
1965	12	61
1966	1	770
1966	2	551
1966	3	391
1966	4	1000
1966	5	751
1966	6	330
1966	7	691
1966	8	384
1966	9	1715
1966	10	546
1966	11	678
1966	12	479
1967	1	226
1967	2	414
1967	3	1318
1967	4	230
1967	5	1047
1967	6	506
1967	7	1127
1967	8	1099
1967	9	555
1967	10	618
1967	11	122
1967	12	1085
1968	1	500
1968	2	18
1968	3	864
1968	4	474
1968	5	1162
1968	6	766
1968	7	1270
1968	8	568
1968	9	490
1968	10	532
1968	11	844
1968	12	324
1969	1	413
1969	2	238
1969	3	356
1969	4	531
1969	5	335
1969	6	458
1969	7	1194
1969	8	1453
1969	9	742
1969	10	193
1969	11	380
1969	12	1057
1970	1	190
1970	2	484
1970	3	662
1970	4	734
1970	5	293
1970	6	1126
1970	7	2098
1970	8	705
1970	9	398
1970	10	562
1970	11	870
1970	12	607
1971	1	687
1971	2	822
1971	3	301
1971	4	414
1971	5	1463
1971	6	744
1971	7	1577
1971	8	801
1971	9	1290
1971	10	992
1971	11	419
1971	12	173
1972	1	425
1972	2	965
1972	3	222
1972	4	1056
1972	5	1320
1972	6	2025
1972	7	1504
1972	8	671
1972	9	383
1972	10	1886
1972	11	1386
1972	12	1102
1973	1	589
1973	2	534
1973	3	421
1973	4	1276
1973	5	870
1973	6	1078
1973	7	688
1973	8	1122
1973	9	398
1973	10	900
1973	11	291
1973	12	1091
1974	1	647
1974	2	294
1974	3	669
1974	4	185
1974	5	1053
1974	6	1529
1974	7	532
1974	8	675
1974	9	963
1974	10	353
1974	11	472
1974	12	1287
1975	1	559
1975	2	481
1975	3	1359
1975	4	483
1975	5	803
1975	6	840
1975	7	1258
1975	8	1312
1975	9	1734
1975	10	567
1975	11	408
1975	12	381
1976	1	991
1976	2	251
1976	3	410
1976	4	465
1976	5	665
1976	6	744
1976	7	803
1976	8	452
1976	9	902
1976	10	2560
1976	11	210
1976	12	365
1977	1	251
1977	2	91
1977	3	701
1977	4	633
1977	5	288
1977	6	361
1977	7	215
1977	8	430
1977	9	1187
1977	10	827
1977	11	1213
1977	12	595
1978	1	1735
1978	2	84
1978	3	724
1978	4	186
1978	5	1034
1978	6	671
1978	7	1025
1978	8	1417
1978	9	335
1978	10	191
1978	11	592
1978	12	947
1979	1	1129
1979	2	894
1979	3	557
1979	4	612
1979	5	900
1979	6	904
1979	7	419
1979	8	828
1979	9	1418
1979	10	1842
1979	11	905
1979	12	397
1980	1	667
1980	2	241
1980	3	771
1980	4	1119
1980	5	1154
1980	6	573
1980	7	870
1980	8	827
1980	9	647
1980	10	541
1980	11	773
1980	12	148
1981	1	88
1981	2	927
1981	3	157
1981	4	591
1981	5	1220
1981	6	1254
1981	7	575
1981	8	851
1981	9	959
1981	10	866
1981	11	216
1981	12	404
1982	1	645
1982	2	807
1982	3	896
1982	4	618
1982	5	470
1982	6	1590
1982	7	909
1982	8	523
1982	9	427
1982	10	816
1982	11	877
1982	12	485
1983	1	234
1983	2	1010
1983	3	890
1983	4	1459
1983	5	1182
1983	6	1257
1983	7	293
1983	8	737
1983	9	488
1983	10	1456
1983	11	901
1983	12	1150
1984	1	391
1984	2	1388
1984	3	1610
1984	4	1275
1984	5	552
1984	6	307
1984	7	963
1984	8	1310
1984	9	504
1984	10	866
1984	11	892
1984	12	306
1985	1	494
1985	2	896
1985	3	376
1985	4	155
1985	5	1264
1985	6	477
1985	7	896
1985	8	892
1985	9	111
1985	10	1245
1985	11	1908
1985	12	279
1986	1	293
1986	2	897
1986	3	431
1986	4	530
1986	5	360
1986	6	404
1986	7	1091
1986	8	873
1986	9	328
1986	10	261
1986	11	1316
1986	12	837
1987	1	1125
1987	2	404
1987	3	463
1987	4	1329
1987	5	1115
1987	6	718
1987	7	428
1987	8	257
1987	9	2185
1987	10	382
1987	11	714
1987	12	606
1988	1	584
1988	2	284
1988	3	358
1988	4	612
1988	5	1547
1988	6	245
1988	7	775
1988	8	918
1988	9	631
1988	10	198
1988	11	620
1988	12	241
1989	1	475
1989	2	536
1989	3	945
1989	4	404
1989	5	1374
1989	6	1866
1989	7	1408
1989	8	778
1989	9	632
1989	10	821
1989	11	563
1989	12	235
1990	1	604
1990	2	489
1990	3	464
1990	4	728
1990	5	1149
1990	6	102
1990	7	2053
1990	8	1059
1990	9	731
1990	10	1724
1990	11	236
1990	12	1023
1991	1	895
1991	2	399
1991	3	1107
1991	4	507
1991	5	750
1991	6	617
1991	7	734
1991	8	188
1991	9	574
1991	10	208
1991	11	597
1991	12	1254
1992	1	431
1992	2	543
1992	3	829
1992	4	930
1992	5	1006
1992	6	799
1992	7	1111
1992	8	750
1992	9	1317
1992	10	277
1992	11	723
1992	12	422
1993	1	483
1993	2	541
1993	3	3085
1993	4	1190
1993	5	385
1993	6	539
1993	7	1346
1993	8	536
1993	9	1262
1993	10	473
1993	11	1200
1993	12	967
1994	1	943
1994	2	1086
1994	3	1972
1994	4	546
1994	5	1002
1994	6	894
1994	7	1100
1994	8	1458
1994	9	326
1994	10	154
1994	11	709
1994	12	389
1995	1	1193
1995	2	216
1995	3	323
1995	4	431
1995	5	969
1995	6	1584
1995	7	847
1995	8	1052
1995	9	543
1995	10	1443
1995	11	691
1995	12	364
1996	1	1683
1996	2	815
1996	3	700
1996	4	536
1996	5	1947
1996	6	1348
1996	7	1390
1996	8	1410
1996	9	2814
1996	10	683
1996	11	780
1996	12	756
1997	1	388
1997	2	517
1997	3	1176
1997	4	343
1997	5	502
1997	6	1387
1997	7	812
1997	8	451
1997	9	974
1997	10	254
1997	11	1540
1997	12	943
1998	1	1690
1998	2	1401
1998	3	982
1998	4	359
1998	5	1113
1998	6	1854
1998	7	106
1998	8	722
1998	9	389
1998	10	265
1998	11	124
1998	12	391
1999	1	1219
1999	2	176
1999	3	945
1999	4	339
1999	5	690
1999	6	227
1999	7	425
1999	8	746
1999	9	2065
1999	10	702
1999	11	300
1999	12	625
2000	1	405
2000	2	452
2000	3	755
2000	4	721
2000	5	938
2000	6	847
2000	7	1231
2000	8	787
2000	9	1098
2000	10	18
2000	11	188
2000	12	229
2001	1	607
2001	2	233
2001	3	915
2001	4	934
2001	5	1255
2001	6	1021
2001	7	1108
2001	8	1125
2001	9	264
2001	10	150
2001	11	152
2001	12	370
2002	1	289
2002	2	91
2002	3	926
2002	4	1498
2002	5	1239
2002	6	785
2002	7	767
2002	8	267
2002	9	1043
2002	10	1381
2002	11	917
2002	12	756
2003	1	659
2003	2	1685
2003	3	663
2003	4	968
2003	5	1798
2003	6	1870
2003	7	1573
2003	8	854
2003	9	2200
2003	10	495
2003	11	809
2003	12	635
2004	1	193
2004	2	717
2004	3	461
2004	4	798
2004	5	1378
2004	6	1017
2004	7	898
2004	8	732
2004	9	3076
2004	10	360
2004	11	585
2004	12	524
2005	1	320
2005	2	330
2005	3	664
2005	4	438
2005	5	1329
2005	6	716
2005	7	1675
2005	8	620
2005	9	147
2005	10	1184
2005	11	678
2005	12	109
2006	1	813
2006	2	704
2006	3	13
2006	4	795
2006	5	532
2006	6	1906
2006	7	715
2006	8	217
2006	9	1504
2006	10	1189
2006	11	1070
2006	12	262
2007	1	340
2007	2	863
2007	3	721
2007	4	769
2007	5	298
2007	6	980
2007	7	574
2007	8	768
2007	9	676
2007	10	717
2007	11	456
2007	12	765
2008	1	293
2008	2	454
2008	3	485
2008	4	1090
2008	5	1166
2008	6	906
2008	7	1048
2008	8	864
2008	9	749
2008	10	491
2008	11	369
2008	12	856
2009	1	604
2009	2	101
2009	3	429
2009	4	680
2009	5	1330
2009	6	1204
2009	7	817
2009	8	1558
2009	9	366
2009	10	581
2009	11	929
2009	12	1357
2010	1	852
2010	2	890
2010	3	744
2010	4	295
2010	5	698
2010	6	230
2010	7	801
2010	8	347
2010	9	701
2010	10	782
2010	11	457
2010	12	516
2011	1	265
2011	2	440
2011	3	821
2011	4	1645
2011	5	1243
2011	6	1338
2011	7	281
2011	8	1286
2011	9	1404
2011	10	703
2011	11	764
2011	12	663
2012	1	376
2012	2	211
2012	3	720
2012	4	531
2012	5	945
2012	6	726
2012	7	578
2012	8	1840
2012	9	1804
2012	10	1951
2012	11	310
2012	12	601
2013	1	1026
2013	2	267
2013	3	658
2013	4	450
2013	5	1422
2013	6	1031
2013	7	592
2013	8	1023
2013	9	219
2013	10	1274
2013	11	458
2013	12	638
2014	1	485
2014	2	778
2014	3	621
2014	4	702
2014	5	1251
2014	6	1269
2014	7	933
2014	8	725
2014	9	280
2014	10	1346
2014	11	604
2014	12	612
2015	1	833
2015	2	452
2015	3	660
2015	4	699
2015	5	955
2015	6	1936
2015	7	1471
2015	8	148
2015	9	1409
2015	10	439
