1883	2	368
1883	3	42
1884	2	414
1886	1	1028
1886	5	245
1887	2	401
1887	3	83
1887	4	591
1887	5	137
1887	7	566
1887	9	1301
1887	11	244
1887	12	370
1888	1	430
1888	2	181
1888	3	1331
1888	4	997
1888	5	1700
1888	6	988
1888	7	1451
1888	8	1550
1888	9	499
1888	10	360
1888	11	85
1888	12	568
1889	1	432
1889	2	351
1889	3	259
1889	4	406
1889	5	770
1889	6	483
1889	7	549
1889	8	599
1889	9	1217
1889	10	0
1889	11	41
1889	12	13
1890	1	558
1890	2	306
1890	3	290
1890	4	803
1890	5	1259
1890	6	2026
1890	7	557
1890	8	908
1890	9	1291
1890	10	1552
1890	11	315
1890	12	200
1891	1	623
1891	2	389
1891	3	834
1891	4	650
1891	5	163
1891	6	1199
1891	7	805
1891	8	808
1891	9	366
1891	10	475
1891	11	439
1891	12	919
1892	1	284
1892	2	488
1892	3	450
1892	4	1344
1892	5	2075
1892	6	2103
1892	7	790
1892	8	973
1892	9	686
1892	10	279
1892	11	284
1892	12	353
1893	1	253
1893	2	500
1893	3	784
1893	4	1215
1893	5	871
1893	6	320
1893	7	1096
1893	8	658
1893	9	277
1893	10	630
1893	11	221
1893	12	556
1894	1	312
1894	2	261
1894	3	794
1894	4	1355
1894	5	714
1894	6	495
1894	7	226
1894	8	0
1894	9	1236
1894	10	873
1894	11	338
1894	12	492
1895	1	394
1895	2	242
1895	3	85
1895	4	331
1895	5	1242
1895	6	936
1895	7	338
1895	8	632
1895	9	602
1895	10	152
1895	11	380
1895	12	522
1896	1	240
1896	2	76
1896	3	202
1896	4	2081
1896	5	1362
1896	6	1735
1896	7	377
1896	8	631
1896	9	958
1896	10	849
1896	11	931
1896	12	113
1897	1	661
1897	2	323
1897	3	513
1897	4	675
1897	5	312
1897	6	2312
1897	7	1011
1897	8	718
1897	9	421
1897	10	68
1897	11	249
1897	12	434
1898	1	293
1898	2	555
1898	3	878
1898	4	1053
1898	5	518
1898	6	563
1898	7	809
1898	8	1304
1898	9	610
1898	10	1275
1898	11	459
1898	12	247
1899	1	145
1899	2	533
1899	3	668
1899	4	938
1899	5	1025
1899	6	2205
1899	7	798
1899	8	1152
1899	9	355
1899	10	464
1899	11	441
1899	12	483
1900	1	338
1900	2	344
1900	3	433
1900	4	922
1900	5	760
1900	6	402
1900	7	2336
1900	8	1025
1900	9	1231
1900	10	1733
1900	11	534
1900	12	183
1901	1	252
1901	2	348
1901	3	693
1901	4	413
1901	5	798
1901	6	818
1901	7	1834
1901	8	385
1901	9	2296
1901	10	1218
1901	11	229
1901	12	129
1902	1	221
1902	2	290
1902	3	608
1902	4	419
1902	5	2946
1902	6	582
1902	7	1390
1902	8	352
1902	9	863
1902	10	478
1902	11	639
1902	12	788
1903	1	97
1903	2	48
1903	3	386
1903	4	1189
1903	5	1629
1903	6	678
1903	7	1417
1903	8	2444
1903	9	969
1903	10	413
1903	11	120
1903	12	228
1904	1	84
1904	2	246
1904	3	755
1904	4	485
1904	5	1504
1904	6	1063
1904	7	1181
1904	8	846
1904	9	1822
1904	10	1072
1904	11	71
1904	12	200
1905	1	286
1905	2	167
1905	3	508
1905	4	315
1905	5	1896
1905	6	1127
1905	7	820
1905	8	1076
1905	9	895
1905	10	995
1905	11	817
1905	12	384
1906	1	643
1906	2	245
1906	3	930
1906	4	219
1906	5	2014
1906	6	1654
1906	7	788
1906	8	843
1906	9	1349
1906	10	797
1906	11	620
1906	12	455
1907	1	467
1907	2	72
1907	3	401
1907	4	539
1907	5	564
1907	6	1204
1907	7	2282
1907	8	1426
1907	9	1365
1907	10	262
1907	11	459
1907	12	394
1908	1	122
1908	2	462
1908	3	437
1908	4	642
1908	5	1646
1908	6	1520
1908	7	1142
1908	8	485
1908	9	1136
1908	10	350
1908	11	253
1908	12	318
1909	1	471
1909	2	326
1909	3	259
1909	4	1852
1909	5	811
1909	6	808
1909	7	340
1909	8	1865
1909	9	874
1909	10	266
1909	11	941
1909	12	401
1910	1	279
1910	2	173
1910	3	0
1910	4	737
1910	5	465
1910	6	65
1910	7	504
1910	8	1043
1910	9	1277
1910	10	246
1910	11	112
1910	12	212
1911	1	206
1911	2	409
1911	3	163
1911	4	484
1911	5	1419
1911	6	543
1911	7	777
1911	8	1072
1911	9	1226
1911	10	1992
1911	11	787
1911	12	633
1912	1	199
1912	2	141
1912	3	152
1912	4	708
1912	5	1250
1912	6	717
1912	7	1282
1912	8	836
1912	9	850
1912	10	442
1912	11	219
1912	12	524
1913	1	231
1913	2	107
1913	3	1002
1913	4	426
1913	5	1710
1913	6	944
1913	7	2355
1913	8	684
1913	9	665
1913	10	885
1913	11	427
1913	12	81
1914	1	140
1914	2	127
1914	3	270
1914	4	538
1914	5	1106
1914	6	1758
1914	7	841
1914	8	967
1914	9	1283
1914	10	822
1914	11	38
1914	12	214
1915	1	273
1915	2	534
1915	3	67
1915	4	257
1915	5	1022
1915	6	479
1915	7	1622
1915	8	783
1915	9	1947
1915	10	420
1915	11	808
1915	12	133
1916	1	432
1916	2	77
1916	3	218
1916	4	777
1916	5	900
1916	6	1765
1916	7	273
1916	8	940
1916	9	1190
1916	10	706
1916	11	178
1916	12	80
1917	1	215
1917	2	115
1917	3	535
1917	4	846
1917	5	779
1917	6	2257
1917	7	2901
1917	8	1055
1917	9	741
1917	10	761
1917	11	25
1917	12	164
1918	1	447
1918	2	143
1918	3	423
1918	4	681
1918	5	2153
1918	6	720
1918	7	899
1918	8	485
1918	9	471
1918	10	429
1918	11	565
1918	12	244
1919	1	209
1919	2	361
1919	3	399
1919	4	776
1919	5	926
1919	6	1356
1919	7	969
1919	8	446
1919	9	1222
1919	10	1242
1919	11	904
1919	12	216
1920	1	232
1920	2	96
1920	3	656
1920	4	841
1920	5	836
1920	6	1671
1920	7	441
1920	8	830
1920	9	573
1920	10	541
1920	11	899
1920	12	474
1921	1	91
1921	2	386
1921	3	156
1921	4	877
1921	5	1926
1921	6	343
1921	7	829
1921	8	565
1921	9	2167
1921	10	639
1921	11	389
1921	12	189
1922	1	305
1922	2	1097
1922	3	439
1922	4	980
1922	5	872
1922	6	650
1922	7	882
1922	8	538
1922	9	646
1922	10	259
1922	11	1166
1922	12	56
1923	1	195
1923	2	241
1923	3	406
1923	4	307
1923	5	463
1923	6	1560
1923	7	348
1923	8	885
1923	9	1150
1923	10	210
1923	11	166
1923	12	503
1924	1	252
1924	2	291
1924	3	610
1924	4	755
1924	5	763
1924	6	1292
1924	7	878
1924	8	2969
1924	9	988
1924	10	206
1924	11	400
1924	12	272
1925	1	148
1925	2	287
1925	3	196
1925	4	516
1925	5	191
1925	6	1836
1925	7	1499
1925	8	448
1925	9	1666
1925	10	621
1925	11	178
1925	12	428
1926	1	209
1926	2	326
1926	3	278
1926	4	665
1926	5	1176
1926	6	613
1926	7	1008
1926	8	1329
1926	9	1387
1926	10	661
1926	11	678
1926	12	285
1927	1	163
1927	2	85
1927	3	485
1927	4	727
1927	5	1502
1927	6	536
1927	7	961
1927	8	264
1927	9	1392
1927	10	611
1927	11	634
1927	12	424
1928	1	89
1928	2	698
1928	3	152
1928	4	369
1928	5	447
1928	6	1002
1928	7	1126
1928	8	1826
1928	9	1163
1928	10	789
1928	11	643
1928	12	99
1929	1	691
1929	2	206
1929	3	341
1929	4	1386
1929	5	304
1929	6	976
1929	7	959
1929	8	268
1929	9	668
1929	10	360
1929	11	258
1929	12	65
1930	1	275
1930	2	114
1930	3	292
1930	4	446
1930	5	858
1930	6	1901
1930	7	808
1930	8	214
1930	9	603
1930	10	520
1930	11	561
1930	12	57
1931	1	229
1931	2	170
1931	3	323
1931	4	301
1931	5	633
1931	6	725
1931	7	268
1931	8	384
1931	9	1510
1931	10	386
1931	11	644
1931	12	303
1932	1	714
1932	2	414
1932	3	406
1932	4	675
1932	5	996
1932	6	1321
1932	7	1299
1932	8	1514
1932	9	682
1932	10	343
1932	11	607
1932	12	387
1933	1	108
1933	2	154
1933	3	720
1933	4	351
1933	5	1767
1933	6	327
1933	7	1422
1933	8	182
1933	9	1517
1933	10	496
1933	11	108
1933	12	255
1934	1	78
1934	2	38
1934	3	279
1934	4	173
1934	5	248
1934	6	553
1934	7	1515
1934	8	465
1934	9	1419
1934	10	353
1934	11	1161
1934	12	114
1935	1	391
1935	2	204
1935	3	388
1935	4	466
1935	5	641
1935	6	1339
1935	7	1193
1935	8	1423
1935	9	774
1935	10	352
1935	11	620
1935	12	211
1936	1	208
1936	2	265
1936	3	337
1936	4	237
1936	5	678
1936	6	694
1936	7	265
1936	8	801
1936	9	1130
1936	10	512
1936	11	183
1936	12	189
1937	1	782
1937	2	719
1937	3	224
1937	4	855
1937	5	777
1937	6	703
1937	7	66
1937	8	797
1937	9	795
1937	10	1128
1937	11	232
1937	12	160
1938	1	328
1938	2	486
1938	3	760
1938	4	587
1938	5	1403
1938	6	1417
1938	7	1528
1938	8	1576
1938	9	2689
1938	10	104
1938	11	576
1938	12	182
1939	1	173
1939	2	378
1939	3	181
1939	4	457
1939	5	470
1939	6	758
1939	7	584
1939	8	765
1939	9	444
1939	10	561
1939	11	24
1939	12	88
1940	1	282
1940	2	216
1940	3	433
1940	4	549
1940	5	612
1940	6	1114
1940	7	511
1940	8	1535
1940	9	105
1940	10	567
1940	11	573
1940	12	504
1941	1	340
1941	2	135
1941	3	376
1941	4	798
1941	5	1705
1941	6	621
1941	7	771
1941	8	196
1941	9	1657
1941	10	1353
1941	11	483
1941	12	442
1942	1	198
1942	2	185
1942	3	542
1942	4	337
1942	5	1232
1942	6	1562
1942	7	1495
1942	8	778
1942	9	1812
1942	10	556
1942	11	589
1942	12	362
1943	1	435
1943	2	148
1943	3	520
1943	4	429
1943	5	971
1943	6	1109
1943	7	970
1943	8	1285
1943	9	551
1943	10	566
1943	11	412
1943	12	66
1944	1	218
1944	2	335
1944	3	618
1944	4	647
1944	5	895
1944	6	2189
1944	7	528
1944	8	1146
1944	9	941
1944	10	147
1944	11	463
1944	12	308
1945	1	261
1945	2	584
1945	3	1025
1945	4	920
1945	5	1237
1945	6	1065
1945	7	1054
1945	8	1372
1945	9	673
1945	10	90
1945	11	1344
1945	12	359
1946	1	591
1946	2	168
1946	3	445
1946	4	122
1946	5	713
1946	6	1314
1946	7	594
1946	8	1438
1946	9	2401
1946	10	628
1946	11	824
1946	12	226
1947	1	238
1947	2	36
1947	3	408
1947	4	1004
1947	5	1068
1947	6	2425
1947	7	1031
1947	8	592
1947	9	786
1947	10	653
1947	11	509
1947	12	283
1948	1	23
1948	2	314
1948	3	459
1948	4	692
1948	5	1079
1948	6	724
1948	7	498
1948	8	354
1948	9	735
1948	10	376
1948	11	635
1948	12	432
1949	1	574
1949	2	125
1949	3	547
1949	4	404
1949	5	506
1949	6	1945
1949	7	729
1949	8	313
1949	9	475
1949	10	182
1949	11	253
1949	12	328
1950	1	402
1950	2	406
1950	3	493
1950	4	1141
1950	5	804
1950	6	1297
1950	7	2053
1950	8	788
1950	9	579
1950	10	308
1950	11	152
1950	12	638
1951	1	322
1951	2	386
1951	3	1325
1951	4	1286
1951	5	952
1951	6	1503
1951	7	2718
1951	8	868
1951	9	583
1951	10	1218
1951	11	559
1951	12	241
1952	1	595
1952	2	335
1952	3	526
1952	4	355
1952	5	1067
1952	6	1760
1952	7	2121
1952	8	789
1952	9	91
1952	10	51
1952	11	397
1952	12	350
1953	1	206
1953	2	505
1953	3	448
1953	4	1194
1953	5	890
1953	6	910
1953	7	1710
1953	8	914
1953	9	272
1953	10	328
1953	11	325
1953	12	521
1954	1	267
1954	2	182
1954	3	343
1954	4	1370
1954	5	966
1954	6	1670
1954	7	777
1954	8	708
1954	9	1249
1954	10	1262
1954	11	226
1954	12	232
1955	1	129
1955	2	273
1955	3	374
1955	4	916
1955	5	1137
1955	6	1375
1955	7	747
1955	8	126
1955	9	536
1955	10	764
1955	11	318
1955	12	275
1956	1	138
1956	2	170
1956	3	875
1956	4	787
1956	5	1274
1956	6	894
1956	7	721
1956	8	1063
1956	9	479
1956	10	561
1956	11	658
1956	12	136
1957	1	112
1957	2	38
1957	3	305
1957	4	628
1957	5	1310
1957	6	1324
1957	7	1490
1957	8	1396
1957	9	798
1957	10	255
1957	11	653
1957	12	233
1958	1	120
1958	2	20
1958	3	107
1958	4	788
1958	5	206
1958	6	545
1958	7	575
1958	8	883
1958	9	1026
1958	10	330
1958	11	537
1958	12	79
1959	1	221
1959	2	491
1959	3	568
1959	4	201
1959	5	1555
1959	6	1523
1959	7	600
1959	8	2704
1959	9	1344
1959	10	921
1959	11	541
1959	12	408
1960	1	221
1960	2	68
1960	3	127
1960	4	1099
1960	5	1709
1960	6	1552
1960	7	1171
1960	8	1374
1960	9	826
1960	10	779
1960	11	461
1960	12	112
1961	1	46
1961	2	391
1961	3	947
1961	4	221
1961	5	511
1961	6	1017
1961	7	1434
1961	8	280
1961	9	1466
1961	10	869
1961	11	787
1961	12	266
1962	1	0
1962	2	353
1962	3	326
1962	4	278
1962	5	805
1962	6	754
1962	7	907
1962	8	1339
1962	9	648
1962	10	749
1962	11	36
1962	12	62
1963	1	110
1963	2	172
1963	3	462
1963	4	638
1963	5	777
1963	6	463
1963	7	879
1963	8	521
1963	9	716
1963	10	163
1963	11	284
1963	12	96
1964	1	38
1964	2	20
1964	3	302
1964	4	582
1964	5	1425
1964	6	673
1964	7	371
1964	8	818
1964	9	1182
1964	10	83
1964	11	264
1964	12	204
1965	1	86
1965	2	265
1965	3	475
1965	4	1391
1965	5	1738
1965	6	439
1965	7	762
1965	8	1647
1965	9	2874
1965	10	587
1965	11	582
1965	12	372
1966	1	224
1966	2	470
1966	3	888
1966	4	422
1966	5	587
1966	6	718
1966	7	1415
1966	8	223
1966	9	295
1966	10	353
1966	11	117
1966	12	310
1967	1	575
1967	2	218
1967	3	370
1967	4	530
1967	5	593
1967	6	1673
1967	7	163
1967	8	657
1967	9	638
1967	10	680
1967	11	125
1967	12	273
1968	1	212
1968	2	56
1968	3	252
1968	4	1184
1968	5	756
1968	6	2581
1968	7	1410
1968	8	496
1968	9	1731
1968	10	683
1968	11	191
1968	12	746
1969	1	627
1969	2	28
1969	3	206
1969	4	595
1969	5	535
1969	6	1536
1969	7	946
1969	8	152
1969	9	1044
1969	10	775
1969	11	113
1969	12	401
1970	1	83
1970	2	51
1970	3	407
1970	4	605
1970	5	1497
1970	6	793
1970	7	1047
1970	8	183
1970	9	1806
1970	10	827
1970	11	513
1970	12	321
1971	1	296
1971	2	747
1971	3	285
1971	4	602
1971	5	625
1971	6	926
1971	7	444
1971	8	387
1971	9	669
1971	10	606
1971	11	766
1971	12	440
1972	1	147
1972	2	157
1972	3	487
1972	4	503
1972	5	889
1972	6	662
1972	7	1883
1972	8	2563
1972	9	2008
1972	10	721
1972	11	140
1972	12	265
1973	1	86
1973	2	145
1973	3	978
1973	4	1850
1973	5	2064
1973	6	987
1973	7	601
1973	8	1095
1973	9	1462
1973	10	405
1973	11	427
1973	12	336
1974	1	51
1974	2	231
1974	3	417
1974	4	849
1974	5	848
1974	6	1179
1974	7	745
1974	8	1104
1974	9	316
1974	10	414
1974	11	311
1974	12	252
1975	1	351
1975	2	206
1975	3	468
1975	4	1811
1975	5	801
1975	6	1216
1975	7	399
1975	8	1748
1975	9	289
1975	10	158
1975	11	622
1975	12	148
1976	1	157
1976	2	457
1976	3	988
1976	4	1331
1976	5	645
1976	6	506
1976	7	835
1976	8	267
1976	9	368
1976	10	243
1976	11	10
1976	12	94
1977	1	183
1977	2	294
1977	3	934
1977	4	349
1977	5	442
1977	6	879
1977	7	1142
1977	8	948
1977	9	695
1977	10	643
1977	11	859
1977	12	300
1978	1	219
1978	2	64
1978	3	68
1978	4	955
1978	5	632
1978	6	2246
1978	7	2959
1978	8	358
1978	9	1033
1978	10	328
1978	11	658
1978	12	238
1979	1	310
1979	2	272
1979	3	304
1979	4	505
1979	5	1092
1979	6	764
1979	7	620
1979	8	2115
1979	9	56
1979	10	614
1979	11	494
1979	12	21
1980	1	333
1980	2	66
1980	3	117
1980	4	480
1980	5	693
1980	6	864
1980	7	1302
1980	8	3478
1980	9	1840
1980	10	562
1980	11	86
1980	12	135
1981	1	21
1981	2	559
1981	3	120
1981	4	1625
1981	5	375
1981	6	950
1981	7	2222
1981	8	970
1981	9	307
1981	10	816
1981	11	186
1981	12	295
1982	1	394
1982	2	25
1982	3	401
1982	4	726
1982	5	1408
1982	6	504
1982	7	1026
1982	8	1257
1982	9	631
1982	10	616
1982	11	1032
1982	12	426
1983	1	163
1983	2	344
1983	3	446
1983	4	372
1983	5	1259
1983	6	666
1983	7	1129
1983	8	1273
1983	9	1005
1983	10	1051
1983	11	737
1983	12	244
1984	1	100
1984	2	161
1984	3	263
1984	4	767
1984	5	808
1984	6	948
1984	7	663
1984	8	609
1984	9	1369
1984	10	1315
1984	11	743
1984	12	451
1985	1	262
1985	2	154
1985	3	410
1985	4	973
1985	5	350
1985	6	379
1985	7	609
1985	8	947
1985	9	2232
1985	10	419
1985	11	792
1985	12	1121
1986	1	81
1986	2	190
1986	3	46
1986	4	634
1986	5	633
1986	6	930
1986	7	1348
1986	8	1196
1986	9	1620
1986	10	682
1986	11	332
1986	12	114
1987	1	168
1987	2	25
1987	3	176
1987	4	1074
1987	5	723
1987	6	670
1987	7	2046
1987	8	958
1987	9	514
1987	10	178
1987	11	340
1987	12	360
1988	1	293
1988	2	108
1988	3	67
1988	4	302
1988	5	506
1988	6	237
1988	7	810
1988	8	938
1988	9	1057
1988	10	211
1988	11	565
1988	12	125
1989	1	60
1989	2	121
1989	3	299
1989	4	417
1989	5	388
1989	6	430
1989	7	1032
1989	8	886
1989	9	795
1989	10	953
1989	11	308
1989	12	87
1990	1	317
1990	2	109
1990	3	511
1990	4	726
1990	5	1158
1990	6	1829
1990	7	592
1990	8	2272
1990	9	493
1990	10	655
1990	11	246
1990	12	503
1991	1	70
1991	2	81
1991	3	674
1991	4	1400
1991	5	1672
1991	6	506
1991	7	1606
1991	8	858
1991	9	1279
1991	10	737
1991	11	1541
1991	12	295
1992	1	242
1992	2	125
1992	3	699
1992	4	1086
1992	5	655
1992	6	667
1992	7	1230
1992	8	960
1992	9	2459
1992	10	236
1992	11	1041
1992	12	462
1993	1	222
1993	2	165
1993	3	406
1993	4	1448
1993	5	1359
1993	6	1726
1993	7	1609
1993	8	1728
1993	9	846
1993	10	388
1993	11	268
1993	12	92
1994	1	385
1994	2	317
1994	3	23
1994	4	1038
1994	5	427
1994	6	1219
1994	7	1493
1994	8	1261
1994	9	1166
1994	10	331
1994	11	539
1994	12	209
1995	1	142
1995	2	0
1995	3	484
1995	4	1027
1995	5	1065
1995	6	724
1995	7	1268
1995	8	500
1995	9	509
1995	10	953
1995	11	335
1995	12	100
1996	1	179
1996	2	3
1996	3	328
1996	4	552
1996	5	514
1996	6	1951
1996	7	551
1996	8	647
1996	9	378
1996	10	830
1996	11	533
1996	12	149
1997	1	177
1997	2	66
1997	3	183
1997	4	645
1997	5	767
1997	6	909
1997	7	1824
1997	8	923
1997	9	833
1997	10	779
1997	11	84
1997	12	110
1998	1	120
1998	2	154
1998	3	868
1998	4	607
1998	5	781
1998	6	2512
1998	7	1333
1998	8	1489
1998	9	413
1998	10	692
1998	11	354
1998	12	1224
1999	1	891
1999	2	203
1999	3	20
1999	4	1967
1999	5	1269
1999	6	347
1999	7	2725
1999	8	654
1999	9	391
1999	10	448
1999	11	483
1999	12	48
2000	1	196
2000	2	102
2000	3	110
2000	4	793
2000	5	2644
2000	6	2502
2000	7	1088
2000	8	850
2000	9	374
2000	10	142
2000	11	473
2000	12	1155
2001	1	350
2001	2	82
2001	3	360
2001	4	1109
2001	5	1750
2001	6	971
2001	7	189
2001	8	1421
2001	9	1301
2001	10	325
2001	11	446
2001	12	210
2002	1	153
2002	2	429
2002	3	514
2002	4	893
2002	5	306
2002	6	1363
2002	7	797
2002	8	1899
2002	9	845
2002	10	455
2002	11	216
2002	12	154
2003	1	156
2003	2	307
2003	3	397
2003	4	851
2003	5	657
2003	6	479
2003	7	732
2003	8	214
2003	9	589
2003	10	263
2003	11	593
2003	12	341
2004	1	149
2004	2	1092
2004	3	909
2004	4	572
2004	5	3641
2004	6	1613
2004	7	838
2004	8	646
2004	9	106
2004	10	687
2004	11	300
2004	12	305
2005	1	467
2005	2	400
2005	3	308
2005	4	267
2005	5	719
2005	6	864
2005	7	835
2005	8	683
2005	9	765
2005	10	258
2005	11	750
2005	12	190
2006	1	277
2006	2	183
2006	3	627
2006	4	1497
2006	5	969
2006	6	707
2006	7	509
2006	8	825
2006	9	928
2006	10	464
2006	11	522
2006	12	283
2007	1	370
2007	2	392
2007	3	718
2007	4	914
2007	5	331
2007	6	1120
2007	7	980
2007	8	5523
2007	9	709
2007	10	1343
2007	11	69
2007	12	755
2008	1	367
2008	2	487
2008	3	250
2008	4	1960
2008	5	827
2008	6	3113
2008	7	1125
2008	8	349
2008	9	544
2008	10	608
2008	11	312
2008	12	559
2009	1	156
2009	2	260
2009	3	504
2009	4	810
2009	5	945
2009	6	379
2009	7	547
2009	8	1119
2009	9	159
2009	10	1331
2009	11	114
2009	12	829
2010	1	414
2010	2	181
2010	3	216
2010	4	567
2010	5	1338
2010	6	2499
2010	7	1718
2010	8	1872
2010	9	732
2010	10	352
2010	11	469
2010	12	493
2011	1	168
2011	2	400
2011	3	922
2011	4	881
2011	5	928
2011	6	2040
2011	7	638
2011	8	577
2011	9	580
2011	10	338
2011	11	582
2011	12	394
2012	1	231
2012	2	241
2012	3	477
2012	4	1118
2012	5	1197
2012	6	406
2012	7	577
2012	8	521
2012	9	519
2012	10	886
2012	11	375
2012	12	466
2013	1	270
2013	2	407
2013	3	523
2013	4	1613
2013	5	2165
2013	6	2393
2013	7	660
2013	8	609
2013	9	606
2013	10	564
2013	11	676
2013	12	261
2014	1	245
2014	2	255
2014	3	456
2014	4	1806
2014	5	357
2014	6	2343
2014	7	535
2014	8	478
2014	9	316
2014	10	669
2014	11	290
2014	12	248
2015	1	135
2015	2	211
2015	3	269
2015	4	975
2015	5	1249
2015	6	890
2015	7	856
2015	8	723
2015	9	910
2015	10	89
