1893	2	116
1893	3	75
1893	4	345
1893	5	1037
1893	6	153
1893	7	599
1893	8	120
1894	1	127
1894	2	27
1894	3	392
1894	4	545
1894	5	782
1894	6	1109
1894	7	4
1894	8	198
1894	9	276
1894	10	301
1894	11	74
1894	12	84
1895	1	47
1895	2	80
1895	3	23
1895	4	367
1895	5	483
1895	6	840
1895	7	488
1895	8	133
1895	9	60
1895	10	63
1895	11	234
1895	12	123
1896	1	335
1896	2	128
1896	3	281
1896	4	411
1896	5	1419
1896	6	836
1896	7	341
1896	8	158
1896	9	158
1896	10	86
1896	11	307
1896	12	13
1897	1	197
1897	2	174
1897	3	208
1897	4	171
1897	5	184
1897	6	461
1897	7	500
1897	8	104
1897	9	71
1897	10	69
1897	11	136
1897	12	42
1898	1	13
1898	2	98
1898	3	292
1898	4	235
1898	5	353
1898	6	948
1898	7	338
1898	8	44
1898	9	406
1898	10	457
1898	11	184
1898	12	67
1899	1	134
1899	2	121
1899	3	156
1899	4	204
1899	5	632
1899	6	764
1899	7	674
1899	8	228
1899	9	5
1899	10	239
1899	11	26
1899	12	106
1900	1	3
1900	2	112
1900	3	346
1900	4	127
1900	5	308
1900	6	144
1900	7	420
1900	8	633
1900	9	570
1900	10	268
1900	11	93
1900	12	33
1901	1	103
1901	2	76
1901	3	57
1901	4	98
1901	5	65
1901	6	1200
1901	7	563
1901	8	125
1901	9	404
1901	10	43
1901	11	68
1901	12	153
1902	1	25
1902	2	228
1902	3	269
1902	4	92
1902	5	813
1902	6	769
1902	7	558
1902	8	290
1902	9	39
1902	10	124
1902	11	77
1902	12	169
1903	1	87
1903	2	41
1903	3	26
1903	4	129
1903	5	796
1903	6	531
1903	7	652
1903	8	1017
1903	9	377
1903	10	33
1903	11	37
1903	12	123
1904	1	129
1904	2	57
1904	3	463
1904	4	192
1904	5	245
1904	6	352
1904	7	383
1904	8	194
1904	9	119
1904	10	58
1904	11	6
1904	12	167
1905	1	74
1905	2	46
1905	3	102
1905	4	25
1905	5	499
1905	6	858
1905	7	794
1905	8	173
1905	9	238
1905	10	78
1905	11	25
1905	12	7
1906	1	127
1906	2	22
1906	3	90
1906	4	342
1906	5	750
1906	6	1345
1906	7	89
1906	8	495
1906	9	385
1906	10	66
1906	11	121
1906	12	216
1907	1	292
1907	2	130
1907	3	153
1907	4	67
1907	5	306
1907	6	709
1907	7	363
1907	8	446
1907	9	96
1907	10	19
1907	11	7
1907	12	98
1908	1	30
1908	2	134
1908	3	178
1908	4	463
1908	5	573
1908	6	617
1908	7	285
1908	8	559
1908	9	495
1908	10	450
1908	11	54
1908	12	43
1909	1	324
1909	2	39
1909	3	5
1909	4	104
1909	5	843
1909	6	753
1909	7	566
1909	8	134
1909	9	162
1909	10	35
1909	11	231
1909	12	128
1910	1	147
1910	2	77
1910	3	189
1910	4	336
1910	5	327
1910	6	583
1910	7	275
1910	8	429
1910	9	56
1910	10	29
1910	11	121
1910	12	108
1911	1	304
1911	2	432
1911	3	71
1911	4	103
1911	5	661
1911	6	326
1911	7	245
1911	8	534
1911	9	1146
1911	10	422
1911	11	46
1911	12	21
1912	1	30
1912	2	54
1912	3	102
1912	4	424
1912	5	1129
1912	6	331
1912	7	596
1912	8	729
1912	9	221
1912	10	84
1912	11	38
1912	12	82
1913	1	54
1913	2	0
1913	3	305
1913	4	46
1913	5	360
1913	6	577
1913	7	254
1913	8	288
1913	9	160
1913	10	422
1913	11	109
1913	12	20
1914	1	140
1914	2	34
1914	3	128
1914	4	127
1914	5	64
1914	6	1473
1914	7	458
1914	8	445
1914	9	101
1914	10	145
1914	11	89
1914	12	154
1915	1	115
1915	2	89
1915	3	38
1915	4	41
1915	5	737
1915	6	445
1915	7	977
1915	8	353
1915	9	237
1915	10	346
1915	11	252
1915	12	81
1916	1	196
1916	2	94
1916	3	46
1916	4	63
1916	5	316
1916	6	1408
1916	7	693
1916	8	161
1916	9	561
1916	10	140
1916	11	18
1916	12	192
1917	1	114
1917	2	224
1917	3	114
1917	4	500
1917	5	41
1917	6	478
1917	7	89
1917	8	135
1917	9	289
1917	10	175
1917	11	3
1917	12	201
1918	1	127
1918	2	18
1918	3	56
1918	4	564
1918	5	331
1918	6	308
1918	7	518
1918	8	706
1918	9	77
1918	10	134
1918	11	30
1918	12	127
1919	1	0
1919	2	81
1919	3	122
1919	4	378
1919	5	355
1919	6	387
1919	7	521
1919	8	392
1919	9	298
1919	10	211
1919	11	53
1919	12	76
1920	1	201
1920	2	58
1920	3	345
1920	4	199
1920	5	463
1920	6	508
1920	7	351
1920	8	478
1920	9	647
1920	10	287
1920	11	0
1920	12	5
1921	1	30
1921	2	5
1921	3	182
1921	4	560
1921	5	342
1921	6	1483
1921	7	564
1921	8	41
1921	9	540
1921	10	76
1921	11	76
1921	12	0
1922	1	76
1922	2	40
1922	3	122
1922	4	162
1922	5	301
1922	6	498
1922	7	549
1922	8	376
1922	9	355
1922	10	137
1922	11	264
1922	12	104
1923	1	46
1923	2	30
1923	3	20
1923	4	57
1923	5	599
1923	6	889
1923	7	712
1923	8	247
1923	9	564
1923	10	165
1923	11	162
1923	12	0
1924	1	16
1924	2	70
1924	3	173
1924	4	195
1924	5	270
1924	6	1221
1924	7	326
1924	8	386
1924	9	178
1924	10	328
1924	11	119
1924	12	130
1925	1	40
1925	2	10
1925	3	86
1925	4	183
1925	5	727
1925	6	701
1925	7	257
1925	8	81
1925	9	970
1925	10	94
1925	11	170
1925	12	41
1926	1	229
1926	2	58
1926	3	5
1926	4	10
1926	5	294
1926	6	941
1926	7	204
1926	8	295
1926	9	597
1926	10	0
1926	11	40
1926	12	140
1927	1	55
1927	2	40
1927	3	67
1927	4	158
1927	5	1131
1927	6	449
1927	7	437
1927	8	353
1927	9	584
1927	10	324
1927	11	169
1927	12	119
1928	1	12
1928	2	42
1928	3	28
1928	4	205
1928	5	115
1928	6	1108
1928	7	1112
1928	8	267
1928	9	13
1928	10	18
1928	11	0
1928	12	48
1929	1	80
1929	2	50
1929	3	112
1929	4	152
1929	5	950
1929	6	191
1929	7	153
1929	8	65
1929	9	147
1929	10	198
1929	11	31
1929	12	170
1930	1	38
1930	2	122
1930	3	18
1930	4	452
1930	5	386
1930	6	688
1930	7	325
1930	8	453
1930	9	147
1930	10	309
1930	11	168
1930	12	13
1931	1	0
1931	2	18
1931	3	112
1931	4	35
1931	5	76
1931	6	570
1931	7	884
1931	8	420
1931	9	267
1931	10	0
1931	11	0
1931	12	137
1932	1	38
1932	2	97
1932	3	89
1932	4	350
1932	5	269
1932	6	1590
1932	7	367
1932	8	283
1932	9	203
1932	10	224
1932	11	84
1932	12	8
1933	1	50
1933	2	28
1933	3	193
1933	4	322
1933	5	410
1933	6	152
1933	7	274
1933	8	361
1933	9	168
1933	10	241
1933	11	56
1933	12	206
1934	1	56
1934	2	15
1934	3	49
1934	4	0
1934	5	127
1934	6	808
1934	7	183
1934	8	41
1934	9	86
1934	10	0
1934	11	0
1934	12	48
1935	1	33
1935	2	0
1935	3	43
1935	4	120
1935	5	469
1935	6	586
1935	7	1020
1935	8	251
1935	9	20
1935	10	42
1935	11	149
1935	12	68
1936	1	161
1936	2	104
1936	3	138
1936	4	51
1936	5	196
1936	6	222
1936	7	390
1936	8	234
1936	9	139
1936	10	41
1936	11	46
1936	12	71
1937	1	23
1937	2	36
1937	3	28
1937	4	25
1937	5	112
1937	6	102
1937	7	971
1937	8	318
1937	9	310
1937	10	344
1937	11	64
1937	12	102
1938	1	203
1938	2	180
1938	3	302
1938	4	97
1938	5	611
1938	6	419
1938	7	773
1938	8	272
1938	9	268
1938	10	132
1938	11	100
1938	12	40
1939	1	69
1939	2	44
1939	3	64
1939	4	137
1939	5	259
1939	6	1245
1939	7	137
1939	8	280
1939	9	180
1939	10	270
1939	11	0
1939	12	214
1940	1	13
1940	2	137
1940	3	114
1940	4	298
1940	5	643
1940	6	733
1940	7	350
1940	8	49
1940	9	40
1940	10	363
1940	11	76
1940	12	69
1941	1	20
1941	2	35
1941	3	78
1941	4	292
1941	5	548
1941	6	1098
1941	7	549
1941	8	324
1941	9	348
1941	10	155
1941	11	246
1941	12	0
1942	1	3
1942	2	214
1942	3	46
1942	4	213
1942	5	562
1942	6	619
1942	7	464
1942	8	297
1942	9	401
1942	10	71
1942	11	33
1942	12	90
1943	1	208
1943	2	14
1943	3	165
1943	4	328
1943	5	381
1943	6	1840
1943	7	453
1943	8	513
1943	9	70
1943	10	269
1943	11	41
1943	12	18
1944	1	0
1944	2	31
1944	3	100
1944	4	316
1944	5	292
1944	6	1343
1944	7	142
1944	8	392
1944	9	207
1944	10	5
1944	11	238
1944	12	0
1945	1	70
1945	2	68
1945	3	282
1945	4	241
1945	5	186
1945	6	896
1945	7	332
1945	8	97
1945	9	427
1945	10	195
1945	11	338
1945	12	201
1946	1	34
1946	2	165
1946	3	29
1946	4	63
1946	5	396
1946	6	520
1946	7	1160
1946	8	266
1946	9	396
1946	10	260
1946	11	62
1946	12	89
1947	1	51
1947	2	5
1947	3	40
1947	4	201
1947	5	515
1947	6	1091
1947	7	448
1947	8	953
1947	9	347
1947	10	71
1947	11	240
1947	12	53
1948	1	130
1948	2	197
1948	3	43
1948	4	494
1948	5	376
1948	6	454
1948	7	767
1948	8	300
1948	9	53
1948	10	41
1948	11	292
1948	12	123
1949	1	21
1949	2	36
1949	3	40
1949	4	16
1949	5	375
1949	6	655
1949	7	428
1949	8	316
1949	9	16
1949	10	128
1949	11	0
1949	12	90
1950	1	251
1950	2	46
1950	3	135
1950	4	366
1950	5	287
1950	6	1430
1950	7	630
1950	8	429
1950	9	591
1950	10	128
1950	11	26
1950	12	54
1951	1	92
1951	2	125
1951	3	64
1951	4	358
1951	5	71
1951	6	428
1951	7	312
1951	8	390
1951	9	322
1951	10	126
1951	11	19
1951	12	52
1952	1	56
1952	2	122
1952	3	83
1952	4	10
1952	5	203
1952	6	524
1952	7	741
1952	8	273
1952	9	136
1952	10	28
1952	11	25
1952	12	20
1953	1	154
1953	2	18
1953	3	37
1953	4	439
1953	5	1125
1953	6	1290
1953	7	741
1953	8	468
1953	9	56
1953	10	344
1953	11	120
1953	12	75
1954	1	211
1954	2	56
1954	3	188
1954	4	252
1954	5	282
1954	6	803
1954	7	470
1954	8	573
1954	9	1339
1954	10	282
1954	11	21
1954	12	44
1955	1	179
1955	2	82
1955	3	117
1955	4	887
1955	5	729
1955	6	786
1955	7	640
1955	8	477
1955	9	46
1955	10	124
1955	11	138
1955	12	72
1956	1	38
1956	2	20
1956	3	18
1956	4	78
1956	5	404
1956	6	486
1956	7	430
1956	8	434
1956	9	124
1956	10	69
1956	11	117
1956	12	157
1957	1	76
1957	2	41
1957	3	107
1957	4	328
1957	5	327
1957	6	733
1957	7	488
1957	8	747
1957	9	273
1957	10	249
1957	11	87
1957	12	66
1958	1	10
1958	2	125
1958	3	97
1958	4	141
1958	5	62
1958	6	550
1958	7	233
1958	8	274
1958	9	119
1958	10	252
1958	11	355
1958	12	77
1959	1	59
1959	2	138
1959	3	38
1959	4	138
1959	5	612
1959	6	2279
1959	7	180
1959	8	241
1959	9	890
1959	10	394
1959	11	293
1959	12	18
1960	1	84
1960	2	84
1960	3	54
1960	4	323
1960	5	542
1960	6	686
1960	7	446
1960	8	892
1960	9	58
1960	10	33
1960	11	298
1960	12	96
1961	1	0
1961	2	399
1961	3	49
1961	4	368
1961	5	121
1961	6	298
1961	7	337
1961	8	248
1961	9	761
1961	10	46
1961	11	0
1961	12	58
1962	1	109
1962	2	191
1962	3	145
1962	4	87
1962	5	893
1962	6	1621
1962	7	775
1962	8	168
1962	9	150
1962	10	844
1962	11	130
1962	12	31
1963	1	46
1963	2	112
1963	3	172
1963	4	535
1963	5	540
1963	6	1330
1963	7	1369
1963	8	746
1963	9	323
1963	10	0
1963	11	48
1963	12	21
1964	1	178
1964	2	0
1964	3	232
1964	4	166
1964	5	428
1964	6	1062
1964	7	282
1964	8	298
1964	9	158
1964	10	84
1964	11	234
1964	12	244
1965	1	209
1965	2	21
1965	3	53
1965	4	206
1965	5	1985
1965	6	554
1965	7	285
1965	8	267
1965	9	358
1965	10	0
1965	11	23
1965	12	119
1966	1	192
1966	2	53
1966	3	0
1966	4	266
1966	5	346
1966	6	297
1966	7	592
1966	8	409
1966	9	117
1966	10	165
1966	11	117
1966	12	86
1967	1	318
1967	2	334
1967	3	224
1967	4	879
1967	5	44
1967	6	749
1967	7	153
1967	8	94
1967	9	188
1967	10	389
1967	11	73
1967	12	81
1968	1	130
1968	2	61
1968	3	0
1968	4	295
1968	5	155
1968	6	621
1968	7	133
1968	8	1218
1968	9	90
1968	10	112
1968	11	121
1968	12	315
1969	1	255
1969	2	148
1969	3	26
1969	4	456
1969	5	166
1969	6	838
1969	7	700
1969	8	381
1969	9	173
1969	10	193
1969	11	10
1969	12	77
1970	1	103
1970	2	39
1970	3	171
1970	4	711
1970	5	594
1970	6	387
1970	7	1480
1970	8	292
1970	9	396
1970	10	229
1970	11	111
1970	12	79
1971	1	151
1971	2	13
1971	3	90
1971	4	331
1971	5	335
1971	6	847
1971	7	297
1971	8	19
1971	9	333
1971	10	849
1971	11	77
1971	12	53
1972	1	76
1972	2	315
1972	3	273
1972	4	280
1972	5	1002
1972	6	696
1972	7	976
1972	8	600
1972	9	347
1972	10	31
1972	11	10
1972	12	112
1973	1	8
1973	2	15
1973	3	101
1973	4	606
1973	5	491
1973	6	482
1973	7	137
1973	8	305
1973	9	665
1973	10	56
1973	11	145
1973	12	125
1974	1	35
1974	2	106
1974	3	129
1974	4	174
1974	5	677
1974	6	201
1974	7	358
1974	8	931
1974	9	23
1974	10	143
1974	11	38
1974	12	65
1975	1	41
1975	2	3
1975	3	462
1975	4	458
1975	5	246
1975	6	990
1975	7	642
1975	8	501
1975	9	394
1975	10	328
1975	11	121
1975	12	294
1976	1	123
1976	2	18
1976	3	271
1976	4	380
1976	5	369
1976	6	1481
1976	7	242
1976	8	463
1976	9	173
1976	10	74
1976	11	26
1976	12	109
1977	1	94
1977	2	71
1977	3	20
1977	4	87
1977	5	688
1977	6	330
1977	7	356
1977	8	424
1977	9	437
1977	10	86
1977	11	85
1977	12	196
1978	1	15
1978	2	29
1978	3	94
1978	4	102
1978	5	1284
1978	6	1022
1978	7	810
1978	8	124
1978	9	1025
1978	10	28
1978	11	139
1978	12	74
1979	1	43
1979	2	248
1979	3	76
1979	4	603
1979	5	485
1979	6	215
1979	7	406
1979	8	50
1979	9	197
1979	10	64
1979	11	29
1979	12	16
1980	1	120
1980	2	25
1980	3	87
1980	4	84
1980	5	142
1980	6	817
1980	7	176
1980	8	856
1980	9	377
1980	10	231
1980	11	79
1980	12	118
1981	1	3
1981	2	21
1981	3	76
1981	4	197
1981	5	296
1981	6	1343
1981	7	299
1981	8	101
1981	9	228
1981	10	166
1981	11	104
1981	12	48
1982	1	375
1982	2	155
1982	3	332
1982	4	227
1982	5	651
1982	6	666
1982	7	459
1982	8	388
1982	9	399
1982	10	305
1982	11	3
1982	12	122
1983	1	31
1983	2	0
1983	3	152
1983	4	41
1983	5	361
1983	6	18
1983	7	757
1983	8	165
1983	9	375
1983	10	23
1983	11	82
1983	12	79
1984	1	155
1984	2	18
1984	3	44
1984	4	30
1984	5	311
1984	6	922
1984	7	41
1984	8	106
1984	9	268
1984	10	89
1984	11	33
1984	12	104
1985	1	0
1985	2	26
1985	3	185
1985	4	263
1985	5	289
1985	6	149
1985	7	259
1985	8	582
1985	9	412
1985	10	254
1985	11	79
1985	12	46
1986	1	64
1986	2	96
1986	3	120
1986	4	261
1986	5	697
1986	6	338
1986	7	775
1986	8	165
1986	9	910
1986	10	329
1986	11	171
1986	12	0
1987	1	33
1987	2	10
1987	3	190
1987	4	77
1987	5	811
1987	6	394
1987	7	1009
1987	8	207
1987	9	214
1987	10	56
1987	11	8
1987	12	0
1988	1	59
1988	2	73
1988	3	95
1988	4	79
1988	5	341
1988	6	380
1988	7	267
1988	8	143
1988	9	413
1988	10	99
1988	11	74
1988	12	145
1989	1	264
1989	2	20
1989	3	39
1989	4	380
1989	5	413
1989	6	438
1989	7	181
1989	8	214
1989	9	135
1989	10	305
1989	11	89
1989	12	38
1990	1	41
1990	2	8
1990	3	104
1990	4	99
1990	5	468
1990	6	508
1990	7	301
1990	8	279
1990	9	46
1990	10	61
1990	11	21
1990	12	43
1991	1	31
1991	2	74
1991	3	105
1991	4	453
1991	5	849
1991	6	1157
1991	7	331
1991	8	140
1991	9	400
1991	10	33
1991	11	91
1991	12	30
1992	1	76
1992	2	13
1992	3	77
1992	4	603
1992	5	482
1992	6	486
1992	7	517
1992	8	581
1992	9	79
1992	10	150
1992	11	81
1992	12	61
1993	1	18
1993	2	20
1993	3	155
1993	4	105
1993	5	363
1993	6	617
1993	7	1197
1993	8	863
1993	9	55
1993	10	20
1993	11	114
1993	12	25
1994	1	72
1994	2	69
1994	3	0
1994	4	290
1994	5	729
1994	6	1220
1994	7	215
1994	8	178
1994	9	117
1994	10	262
1994	11	26
1994	12	84
1995	1	71
1995	2	8
1995	3	302
1995	4	168
1995	5	198
1995	6	360
1995	7	448
1995	8	965
1995	9	176
1995	10	132
1995	11	190
1995	12	166
1996	1	109
1996	2	0
1996	3	117
1996	4	179
1996	5	296
1996	6	377
1996	7	1307
1996	8	26
1996	9	638
1996	10	31
1996	11	342
1996	12	143
1997	1	41
1997	2	18
1997	3	253
1997	4	113
1997	5	122
1997	6	493
1997	7	1273
1997	8	532
1997	9	42
1997	10	43
1997	11	25
1997	12	0
1998	1	36
1998	2	160
1998	3	75
1998	4	54
1998	5	135
1998	6	1075
1998	7	756
1998	8	81
1998	9	169
1998	10	934
1998	11	181
1998	12	146
1999	1	242
1999	2	21
1999	3	61
1999	4	71
1999	5	991
1999	6	441
1999	7	1361
1999	8	240
1999	9	357
1999	10	81
1999	11	0
1999	12	53
2000	1	57
2000	2	92
2000	3	21
2000	4	228
2000	5	562
2000	6	1284
2000	7	1036
2000	8	208
2000	9	290
2000	10	175
2000	11	320
2000	12	91
2001	1	51
2001	2	10
2001	3	0
2001	4	246
2001	5	185
2001	6	696
2001	7	1254
2001	8	25
2001	9	55
2001	10	120
2001	11	89
2001	12	49
2002	1	132
2002	2	13
2002	3	91
2002	4	182
2002	5	290
2002	6	857
2002	7	607
2002	8	678
2002	9	278
2002	10	171
2002	11	23
2002	12	172
2003	1	109
2003	2	56
2003	3	389
2003	4	319
2003	5	600
2003	6	327
2003	7	322
2003	8	734
2003	9	147
2003	10	188
2003	11	53
2003	12	63
2004	1	214
2004	2	66
2004	3	23
2004	4	132
2004	5	353
2004	6	653
2004	7	823
2004	8	317
2004	9	206
2004	10	191
2004	11	8
2004	12	160
2005	1	8
2005	2	0
2005	3	91
2005	4	8
2005	5	345
2005	6	1450
2005	7	523
2005	8	407
2005	9	5
2005	10	137
2005	11	113
2005	12	23
2006	1	66
2006	2	20
2006	3	84
2006	4	567
2006	5	309
2006	6	534
2006	7	191
2006	8	185
2006	9	619
2006	10	111
2006	11	65
2006	12	48
2007	1	24
2007	2	0
2007	3	137
2007	4	128
2007	5	1148
2007	6	493
2007	7	165
2007	8	314
2007	9	157
2007	10	150
2007	11	15
2007	12	41
2008	1	34
2008	2	13
2008	3	74
2008	4	215
2008	5	286
2008	6	582
2008	7	697
2008	8	542
2008	9	473
2008	10	578
2008	11	358
2008	12	187
2009	1	228
2009	2	67
2009	3	24
2009	4	590
2009	5	107
2009	6	264
2009	7	1372
2009	8	511
2009	9	165
2009	10	325
2009	11	10
2009	12	209
2010	1	131
2010	2	31
2010	3	508
2010	4	234
2010	5	943
2010	6	656
2010	7	379
2010	8	1139
2010	9	248
2010	10	69
2010	11	130
2010	12	143
2011	1	214
2011	2	30
2011	3	106
2011	4	473
2011	5	1153
2011	6	873
2011	7	790
2011	8	533
2011	9	251
2011	10	132
2011	11	84
2011	12	23
2012	1	32
2012	2	74
2012	3	36
2012	4	328
2012	5	408
2012	6	150
2012	7	609
2012	8	200
2012	9	16
2012	10	188
2012	11	185
2012	12	80
2013	1	62
2013	2	30
2013	3	225
2013	4	145
2013	5	473
2013	6	826
2013	7	382
2013	8	591
2013	9	457
2013	10	191
2013	11	49
2013	12	190
2014	1	25
2014	2	21
2014	3	75
2014	4	295
2014	5	460
2014	6	782
2014	7	536
2014	8	764
2014	9	277
2014	10	0
2014	11	94
2014	12	0
2015	1	98
2015	2	0
2015	3	130
2015	4	18
2015	5	307
2015	6	1422
2015	7	248
2015	8	331
2015	9	388
2015	10	86
