1895	7	138
1895	8	153
1895	9	191
1895	10	116
1895	11	333
1897	3	617
1897	7	347
1897	9	132
1897	10	417
1897	11	584
1897	12	788
1898	1	661
1898	2	527
1898	3	578
1898	4	229
1898	5	416
1898	6	325
1898	7	259
1898	8	209
1898	9	109
1898	10	485
1899	1	1219
1899	2	526
1899	3	785
1899	4	564
1899	5	533
1899	6	248
1899	7	209
1899	8	201
1899	9	87
1899	10	550
1899	11	47
1899	12	475
1900	1	302
1900	2	559
1900	3	605
1900	4	617
1900	5	446
1900	6	91
1900	7	122
1900	8	101
1900	9	158
1900	12	370
1901	1	668
1901	3	499
1901	4	398
1901	5	581
1901	7	108
1901	8	425
1901	9	394
1901	10	285
1901	11	313
1901	12	441
1902	1	207
1902	2	332
1902	3	673
1902	4	498
1902	5	415
1902	6	220
1902	7	376
1902	8	89
1902	9	154
1902	10	98
1902	11	595
1902	12	480
1903	1	630
1903	2	130
1903	3	316
1903	4	443
1903	5	428
1903	6	180
1903	7	118
1903	8	131
1903	9	344
1903	10	333
1903	11	451
1903	12	420
1904	1	383
1904	2	1080
1904	3	1377
1904	4	381
1904	5	385
1904	6	201
1904	7	282
1904	8	343
1904	9	61
1904	10	224
1904	11	85
1904	12	460
1905	1	429
1905	2	212
1905	3	524
1905	4	593
1905	5	637
1905	6	645
1905	7	166
1905	8	328
1905	9	310
1905	10	157
1905	11	323
1905	12	286
1906	1	778
1906	2	883
1906	3	628
1906	4	274
1906	5	767
1906	6	336
1906	7	123
1906	8	523
1906	9	215
1906	10	210
1906	11	348
1906	12	568
1907	1	711
1907	2	472
1907	3	1612
1907	4	315
1907	5	473
1907	6	938
1907	7	219
1907	8	301
1907	9	181
1907	10	126
1907	11	260
1907	12	674
1908	1	537
1908	2	581
1908	3	830
1908	4	261
1908	5	1040
1908	6	925
1908	7	363
1908	8	610
1908	9	232
1908	10	863
1908	11	225
1908	12	432
1909	1	1081
1909	2	730
1909	3	119
1909	4	185
1909	5	372
1909	6	270
1909	7	603
1909	8	260
1909	9	757
1909	10	245
1909	11	820
1909	12	514
1910	1	754
1910	2	527
1910	3	194
1910	4	376
1910	5	491
1910	6	39
1910	7	405
1910	8	95
1910	9	202
1910	10	449
1910	11	833
1910	12	563
1911	1	1435
1911	2	254
1911	3	606
1911	4	690
1911	5	183
1911	6	457
1911	7	95
1911	8	63
1911	9	349
1911	10	608
1911	11	899
1911	12	201
1912	1	885
1912	2	446
1912	3	445
1912	4	479
1912	5	594
1912	6	437
1912	7	522
1912	8	694
1912	9	387
1912	10	631
1912	11	238
1912	12	554
1913	1	798
1913	2	262
1913	3	605
1913	4	105
1913	5	780
1913	6	810
1913	7	622
1913	8	210
1913	9	309
1913	10	133
1913	11	409
1913	12	107
1914	1	927
1914	2	417
1914	3	238
1914	4	303
1914	5	520
1914	6	618
1914	7	424
1914	8	95
1914	9	833
1914	10	632
1914	11	38
1914	12	100
1915	1	330
1915	2	166
1915	3	292
1915	4	395
1915	5	809
1915	6	542
1915	7	471
1915	8	244
1915	9	832
1915	10	48
1915	11	961
1915	12	385
1916	1	561
1916	2	778
1916	3	903
1916	4	155
1916	5	468
1916	6	394
1916	7	513
1916	8	485
1916	9	150
1916	10	631
1916	11	115
1916	12	639
1917	1	558
1917	2	1667
1917	3	1449
1917	4	630
1917	5	471
1917	6	229
1917	7	239
1917	8	203
1917	9	624
1917	10	46
1917	11	234
1917	12	838
1918	1	703
1918	2	725
1918	3	530
1918	4	682
1918	5	797
1918	6	231
1918	7	127
1918	8	465
1918	9	424
1918	10	440
1918	11	254
1918	12	78
1919	1	344
1919	2	724
1919	3	436
1919	4	89
1919	5	18
1919	6	0
1919	7	20
1919	8	163
1919	9	513
1919	10	654
1919	11	457
1919	12	289
1920	1	1071
1920	2	483
1920	3	1238
1920	4	987
1920	5	317
1920	6	264
1920	7	165
1920	8	221
1920	9	609
1920	10	373
1920	11	461
1920	12	602
1921	1	612
1921	2	451
1921	3	252
1921	4	217
1921	5	362
1921	6	214
1921	7	350
1921	8	223
1921	9	359
1921	10	177
1921	11	1701
1921	12	1163
1922	1	863
1922	2	1032
1922	3	153
1922	4	388
1922	5	310
1922	6	0
1922	7	473
1922	8	580
1922	9	428
1922	10	196
1922	11	555
1922	12	615
1923	1	1290
1923	2	477
1923	3	1204
1923	4	1161
1923	5	512
1923	6	442
1923	7	274
1923	8	192
1923	9	257
1923	10	564
1923	11	320
1923	12	1280
1924	1	355
1924	2	249
1924	3	243
1924	4	539
1924	5	104
1924	6	260
1924	7	286
1924	8	102
1924	9	316
1924	10	1435
1924	11	370
1924	12	906
1925	1	741
1925	2	645
1925	3	527
1925	4	805
1925	5	694
1925	6	1066
1925	7	581
1925	8	448
1925	9	637
1925	10	377
1925	11	445
1925	12	205
1926	1	290
1926	2	974
1926	3	153
1926	4	656
1926	5	528
1926	6	227
1926	7	357
1926	8	684
1926	9	372
1926	10	445
1926	11	1691
1926	12	591
1927	1	1189
1927	2	2006
1927	3	381
1927	4	331
1927	5	1130
1927	6	470
1927	7	175
1927	8	410
1927	9	1053
1927	10	217
1927	11	1484
1927	12	937
1928	1	708
1928	2	264
1928	3	1024
1928	4	698
1928	5	289
1928	6	854
1928	7	394
1928	8	223
1928	9	122
1928	10	437
1928	11	279
1928	12	421
1929	1	1222
1929	2	598
1929	3	891
1929	4	389
1929	5	198
1929	6	590
1929	7	164
1929	8	307
1929	9	849
1929	10	247
1929	11	170
1929	12	634
1930	1	467
1930	2	493
1930	3	615
1930	4	451
1930	5	489
1930	6	337
1930	7	357
1930	8	546
1930	9	355
1930	10	884
1930	11	239
1930	12	109
1931	1	161
1931	2	137
1931	3	380
1931	4	447
1931	5	410
1931	6	185
1931	7	228
1931	8	345
1931	9	368
1931	10	463
1931	11	245
1931	12	508
1932	1	404
1932	2	483
1932	3	930
1932	4	281
1932	5	462
1932	6	461
1932	7	157
1932	8	493
1932	9	105
1932	10	271
1932	11	387
1932	12	775
1933	1	717
1933	2	742
1933	3	179
1933	4	462
1933	5	603
1933	6	163
1933	7	108
1933	8	463
1933	9	249
1933	10	53
1933	11	116
1933	12	522
1934	1	508
1934	2	467
1934	3	771
1934	4	346
1934	5	100
1934	6	689
1934	7	381
1934	8	191
1934	9	336
1934	10	712
1934	11	530
1934	12	635
1935	1	395
1935	2	270
1935	3	817
1935	4	662
1935	5	594
1935	6	293
1935	7	48
1935	8	203
1935	9	100
1935	10	167
1935	11	428
1935	12	351
1936	1	1302
1936	2	1466
1936	3	698
1936	4	452
1936	5	261
1936	6	577
1936	7	445
1936	8	380
1936	9	311
1936	10	189
1936	11	74
1936	12	532
1937	1	388
1937	2	830
1937	3	563
1937	4	1007
1937	5	235
1937	6	405
1937	7	747
1937	8	24
1937	9	363
1937	10	519
1937	11	649
1937	12	620
1938	1	609
1938	2	356
1938	3	1092
1938	4	287
1938	5	798
1938	6	512
1938	7	415
1938	8	529
1938	9	232
1938	10	586
1938	11	444
1938	12	584
1939	1	646
1939	2	899
1939	3	250
1939	4	449
1939	5	152
1939	6	806
1939	7	217
1939	8	99
1939	9	304
1939	10	286
1939	11	25
1939	12	406
1940	1	919
1940	2	691
1940	3	365
1940	4	724
1940	5	207
1940	6	503
1940	7	122
1940	8	228
1940	9	1023
1940	10	554
1940	11	424
1940	12	391
1941	1	378
1941	2	412
1941	3	181
1941	4	321
1941	5	723
1941	6	489
1941	7	657
1941	8	1306
1941	9	394
1941	10	300
1941	11	503
1941	12	877
1942	1	381
1942	2	551
1942	3	310
1942	4	503
1942	5	876
1942	6	280
1942	7	168
1942	8	135
1942	9	125
1942	10	154
1942	11	1196
1942	12	796
1943	1	793
1943	2	477
1943	3	508
1943	4	417
1943	5	324
1943	6	230
1943	7	58
1943	8	605
1943	9	176
1943	10	447
1943	11	217
1943	12	206
1944	1	262
1944	2	342
1944	3	521
1944	4	290
1944	5	788
1944	6	999
1944	7	223
1944	8	0
1944	9	371
1944	10	127
1944	11	735
1944	12	533
1945	1	345
1945	2	749
1945	3	424
1945	4	340
1945	5	881
1945	6	947
1945	7	165
1945	8	758
1945	9	414
1945	10	335
1945	11	626
1945	12	815
1946	1	570
1946	2	475
1946	3	479
1946	4	219
1946	5	454
1946	6	115
1946	7	222
1946	8	158
1946	9	583
1946	10	929
1946	11	388
1946	12	620
1947	1	513
1947	2	251
1947	3	630
1947	4	288
1947	5	573
1947	6	577
1947	7	122
1947	8	465
1947	9	592
1947	10	224
1947	11	761
1947	12	265
1948	1	580
1948	2	638
1948	3	430
1948	4	517
1948	5	272
1948	6	477
1948	7	224
1948	8	109
1948	9	323
1948	10	257
1948	11	707
1948	12	868
1949	1	297
1949	2	490
1949	3	326
1949	4	376
1949	5	586
1949	6	343
1949	7	63
1949	8	413
1949	9	435
1949	10	654
1949	11	386
1949	12	349
1950	1	802
1950	2	661
1950	3	753
1950	4	371
1950	5	420
1950	6	488
1950	7	261
1950	8	106
1950	9	791
1950	10	285
1950	11	756
1950	12	506
1951	1	737
1951	2	669
1951	3	375
1951	4	481
1951	5	483
1951	6	156
1951	7	420
1951	8	684
1951	9	28
1951	10	656
1951	11	303
1951	12	733
1952	1	437
1952	2	470
1952	3	400
1952	4	420
1952	5	305
1952	6	193
1952	7	315
1952	8	102
1952	9	94
1952	10	0
1952	11	82
1952	12	614
1953	1	1041
1953	2	468
1953	3	440
1953	4	367
1953	5	579
1953	6	434
1953	7	46
1953	8	158
1953	9	180
1953	10	185
1953	11	412
1953	12	458
1954	1	683
1954	2	421
1954	3	525
1954	4	382
1954	5	368
1954	6	905
1954	7	231
1954	8	189
1954	9	135
1954	10	234
1954	11	186
1954	12	508
1955	1	390
1955	2	436
1955	3	746
1955	4	346
1955	5	547
1955	6	608
1955	7	352
1955	8	158
1955	9	361
1955	10	494
1955	11	833
1955	12	1759
1956	1	1110
1956	2	538
1956	3	648
1956	4	599
1956	5	292
1956	6	173
1956	7	112
1956	8	182
1956	9	135
1956	10	493
1956	11	407
1956	12	580
1957	1	558
1957	2	894
1957	3	632
1957	4	503
1957	5	733
1957	6	534
1957	7	379
1957	8	407
1957	9	295
1957	10	240
1957	11	314
1957	12	1052
1958	1	667
1958	2	588
1958	3	341
1958	4	509
1958	5	222
1958	6	275
1958	7	295
1958	8	217
1958	9	263
1958	10	254
1958	11	1168
1958	12	461
1959	1	670
1959	2	791
1959	3	553
1959	4	375
1959	5	525
1959	6	313
1959	7	33
1959	8	244
1959	9	555
1959	10	425
1959	11	213
1959	12	214
1960	1	696
1960	2	729
1960	3	598
1960	4	451
1960	5	306
1960	6	355
1960	7	94
1960	8	360
1960	9	104
1960	10	550
1960	11	756
1960	12	389
1961	1	136
1961	2	648
1961	3	483
1961	4	589
1961	5	506
1961	6	64
1961	7	138
1961	8	401
1961	9	1211
1961	10	751
1961	11	775
1961	12	1040
1962	1	493
1962	2	959
1962	3	516
1962	4	376
1962	5	566
1962	6	338
1962	7	357
1962	8	213
1962	9	150
1962	10	252
1962	11	463
1962	12	212
1963	1	953
1963	2	602
1963	3	246
1963	4	807
1963	5	814
1963	6	723
1963	7	88
1963	8	223
1963	9	634
1963	10	242
1963	11	760
1963	12	432
1964	1	872
1964	2	237
1964	3	618
1964	4	321
1964	5	744
1964	6	911
1964	7	170
1964	8	337
1964	9	10
1964	10	178
1964	11	758
1964	12	2290
1965	1	1008
1965	2	288
1965	3	298
1965	4	817
1965	5	296
1965	6	481
1965	7	256
1965	8	129
1965	9	680
1965	10	140
1965	11	693
1965	12	397
1966	1	754
1966	2	334
1966	3	409
1966	4	345
1966	5	455
1966	6	442
1966	7	277
1966	8	196
1966	9	590
1966	10	178
1966	11	721
1966	12	537
1967	1	1217
1967	2	436
1967	3	569
1967	4	545
1967	5	520
1967	6	637
1967	7	195
1967	8	300
1967	9	282
1967	10	823
1967	11	463
1967	12	567
1968	1	708
1968	2	625
1968	3	369
1968	4	384
1968	5	582
1968	6	626
1968	7	239
1968	8	903
1968	9	224
1968	10	212
1968	11	714
1968	12	601
1969	1	1568
1969	2	526
1969	3	158
1969	4	156
1969	5	183
1969	6	729
1969	7	177
1969	8	267
1969	9	377
1969	10	238
1969	11	193
1969	12	771
1970	1	1556
1970	2	278
1970	3	348
1970	4	704
1970	5	518
1970	6	297
1970	7	276
1970	8	195
1970	9	619
1970	10	404
1970	11	1188
1970	12	1047
1971	1	1271
1971	2	432
1971	3	984
1971	4	609
1971	5	388
1971	6	394
1971	7	100
1971	8	329
1971	9	515
1971	10	529
1971	11	685
1971	12	1159
1972	1	1223
1972	2	791
1972	3	581
1972	4	585
1972	5	396
1972	6	427
1972	7	374
1972	8	265
1972	9	776
1972	10	682
1972	11	189
1972	12	819
1973	1	575
1973	2	361
1973	3	290
1973	4	441
1973	5	208
1973	6	481
1973	7	315
1973	8	183
1973	9	612
1973	10	374
1973	11	1324
1973	12	860
1974	1	845
1974	2	553
1974	3	1402
1974	4	441
1974	5	557
1974	6	350
1974	7	70
1974	8	283
1974	9	53
1974	10	501
1974	11	356
1974	12	462
1975	1	1006
1975	2	1003
1975	3	800
1975	4	661
1975	5	424
1975	6	431
1975	7	730
1975	8	305
1975	9	89
1975	10	891
1975	11	773
1975	12	798
1976	1	1033
1976	2	920
1976	3	679
1976	4	639
1976	5	234
1976	6	393
1976	7	231
1976	8	350
1976	9	415
1976	10	135
1976	11	55
1976	12	367
1977	1	488
1977	2	140
1977	3	423
1977	4	162
1977	5	712
1977	6	239
1977	7	438
1977	8	495
1977	9	345
1977	10	398
1977	11	1017
1977	12	1542
1978	1	754
1978	2	1072
1978	3	171
1978	4	437
1978	5	616
1978	6	171
1978	7	99
1978	8	392
1978	9	371
1978	10	48
1978	11	508
1978	12	1212
1979	1	838
1979	2	543
1979	3	214
1979	4	174
1979	5	157
1979	6	191
1979	7	241
1979	8	303
1979	9	155
1979	10	335
1979	11	221
1979	12	160
1980	1	1131
1980	2	443
1980	3	580
1980	4	208
1980	5	956
1980	6	389
1980	7	440
1980	8	618
1980	9	474
1980	10	135
1980	11	453
1980	12	693
1981	1	210
1981	2	346
1981	3	291
1981	4	542
1981	5	791
1981	6	592
1981	7	153
1981	8	86
1981	9	107
1981	10	542
1981	11	980
1981	12	1505
1982	1	1162
1982	2	620
1982	3	683
1982	4	845
1982	5	608
1982	6	354
1982	7	399
1982	8	205
1982	9	659
1982	10	344
1982	11	381
1982	12	733
1983	1	616
1983	2	655
1983	3	554
1983	4	428
1983	5	324
1983	6	296
1983	7	512
1983	8	594
1983	9	584
1983	10	573
1983	11	1218
1983	12	1108
1984	1	280
1984	2	405
1984	3	419
1984	4	483
1984	5	856
1984	6	695
1984	7	185
1984	8	456
1984	9	378
1984	10	392
1984	11	764
1984	12	538
1985	1	133
1985	2	709
1985	3	840
1985	4	224
1985	5	567
1985	6	271
1985	7	577
1985	8	43
1985	9	501
1985	10	628
1985	11	918
1985	12	403
1986	1	792
1986	2	1901
1986	3	326
1986	4	718
1986	5	650
1986	6	271
1986	7	678
1986	8	158
1986	9	529
1986	10	391
1986	11	952
1986	12	89
1987	1	508
1987	2	180
1987	3	208
1987	4	157
1987	5	733
1987	6	223
1987	7	893
1987	8	152
1987	9	0
1987	10	10
1987	11	402
1987	12	927
1988	1	687
1988	2	386
1988	3	364
1988	4	439
1988	5	293
1988	6	97
1988	7	21
1988	8	122
1988	9	145
1988	10	92
1988	11	1727
1988	12	356
1989	1	1003
1989	2	645
1989	3	1246
1989	4	366
1989	5	714
1989	6	456
1989	7	150
1989	8	398
1989	9	297
1989	10	468
1989	11	830
1989	12	264
1990	1	952
1990	2	287
1990	3	188
1990	4	735
1990	5	450
1990	6	263
1990	7	241
1990	8	304
1990	9	370
1990	10	725
1990	11	608
1990	12	533
1991	1	355
1991	2	147
1991	3	765
1991	4	529
1991	5	947
1991	6	295
1991	7	315
1991	8	417
1991	9	615
1991	10	329
1991	11	1128
1991	12	314
1992	1	115
1992	2	362
1992	3	184
1992	4	848
1992	5	233
1992	6	602
1992	7	470
1992	8	104
1992	9	308
1992	10	155
1992	11	321
1992	12	1168
1993	1	597
1993	2	552
1993	3	759
1993	4	788
1993	5	954
1993	6	699
1993	7	699
1993	8	483
1993	9	76
1993	10	288
1993	11	254
1993	12	561
1994	1	590
1994	2	1010
1994	3	100
1994	4	287
1994	5	255
1994	6	139
1994	7	89
1994	8	458
1994	9	191
1994	10	838
1994	11	699
1994	12	896
1995	1	862
1995	2	634
1995	3	1245
1995	4	838
1995	5	660
1995	6	419
1995	7	521
1995	8	292
1995	9	166
1995	10	482
1995	11	1523
1995	12	788
1996	1	1321
1996	2	661
1996	3	533
1996	4	709
1996	5	1218
1996	6	325
1996	7	177
1996	8	76
1996	9	456
1996	10	331
1996	11	1320
1996	12	2272
1997	1	1502
1997	2	418
1997	3	736
1997	4	598
1997	5	789
1997	6	382
1997	7	840
1997	8	699
1997	9	547
1997	10	585
1997	11	687
1997	12	446
1998	1	1562
1998	2	242
1998	3	700
1998	4	521
1998	5	836
1998	6	838
1998	7	140
1998	8	381
1998	9	381
1998	10	369
1998	11	828
1998	12	776
1999	1	1234
1999	2	1283
1999	3	280
1999	4	509
1999	5	486
1999	6	639
1999	7	86
1999	8	560
1999	9	331
1999	10	63
1999	11	521
1999	12	564
2000	1	884
2000	2	642
2000	3	553
2000	4	328
2000	5	696
2000	6	317
2000	7	106
2000	8	192
2000	9	254
2000	10	456
2000	11	331
2000	12	644
2001	1	89
2001	2	418
2001	3	288
2001	4	542
2001	5	497
2001	6	282
2001	7	100
2001	8	124
2001	9	233
2001	10	552
2001	11	579
2001	12	957
2002	1	640
2002	2	223
2002	3	721
2002	4	704
2002	5	473
2002	6	247
2002	7	219
2002	8	359
2002	9	810
2002	10	307
2002	11	508
2002	12	526
2003	1	984
2003	2	522
2003	3	985
2003	4	267
2003	5	408
2003	6	177
2003	7	96
2003	8	475
2003	9	343
2003	10	210
2003	11	875
2003	12	797
2004	1	655
2004	2	276
2004	3	145
2004	4	316
2004	5	610
2004	6	369
2004	7	377
2004	8	525
2004	9	552
2004	10	524
2004	11	178
2004	12	369
2005	1	372
2005	2	313
2005	3	305
2005	4	258
2005	5	706
2005	6	628
2005	7	150
2005	8	326
2005	9	567
2005	10	543
2005	11	807
2005	12	844
2006	1	1217
2006	2	460
2006	3	364
2006	4	458
2006	5	417
2006	6	199
2006	7	135
2006	8	179
2006	9	327
2006	10	597
2006	11	573
2006	12	773
2007	1	371
2007	2	607
2007	3	157
2007	4	449
2007	5	152
2007	6	168
2007	7	252
2007	8	408
2007	9	428
2007	10	984
2007	11	717
2007	12	545
2008	1	1065
2008	2	639
2008	3	1021
2008	4	244
2008	5	554
2008	6	535
2008	7	195
2008	8	101
2008	9	274
2008	10	327
2008	11	533
2008	12	1283
2009	1	499
2009	2	459
2009	3	765
2009	4	736
2009	5	452
2009	6	1070
2009	7	75
2009	8	273
2009	9	77
2009	10	538
2009	11	226
2009	12	409
2010	1	559
2010	2	216
2010	3	418
2010	4	656
2010	5	479
2010	6	1171
2010	7	155
2010	8	434
2010	9	220
2010	10	821
2010	11	799
2010	12	996
2011	1	524
2011	2	431
2011	3	525
2011	4	1294
2011	5	1172
2011	6	559
2011	7	86
2011	8	290
2011	9	289
2011	10	467
2011	11	669
2011	12	529
2012	1	1057
2012	2	567
2012	3	383
2012	4	185
2012	5	562
2012	6	122
2012	7	247
2012	8	109
2012	9	226
2012	10	579
2012	11	632
2012	12	1116
2013	1	320
2013	2	247
2013	3	500
2013	4	400
2013	5	571
2013	6	84
2013	7	127
2013	8	241
2013	9	763
2013	10	303
2013	11	496
2013	12	726
2014	1	403
2014	2	1264
2014	3	1222
2014	4	738
2014	5	400
2014	6	558
2014	7	163
2014	8	926
2014	9	490
2014	10	274
2014	11	945
2014	12	701
2015	1	528
2015	2	225
2015	3	218
2015	4	192
2015	5	947
2015	6	204
2015	7	474
2015	8	368
2015	9	584
2015	10	401
