1892	3	213
1892	4	1415
1892	5	810
1892	6	1534
1892	7	1138
1892	8	538
1892	9	297
1892	10	208
1892	11	10
1892	12	97
1893	1	157
1893	2	437
1893	3	1496
1893	4	917
1893	5	579
1893	6	601
1893	7	912
1893	8	151
1893	9	74
1893	10	408
1893	11	64
1893	12	106
1894	1	76
1894	2	18
1894	3	1364
1894	4	621
1894	5	30
1894	6	1086
1894	7	77
1894	8	420
1894	9	221
1894	10	459
1894	11	51
1894	12	0
1895	1	127
1895	2	29
1895	3	170
1895	4	524
1895	5	510
1895	6	1158
1895	7	481
1895	8	288
1895	9	160
1895	10	41
1895	11	285
1895	12	11
1896	1	66
1896	2	10
1896	3	342
1896	4	1439
1896	5	575
1896	6	637
1896	7	812
1896	8	195
1896	9	357
1896	10	155
1896	11	559
1896	12	0
1897	1	0
1897	2	237
1897	3	330
1897	4	1076
1897	5	74
1897	6	796
1897	7	726
1897	8	504
1897	9	245
1897	10	307
1897	11	49
1897	12	50
1898	1	0
1898	2	52
1898	3	173
1898	4	440
1898	5	1122
1898	6	420
1898	7	481
1898	8	221
1898	9	138
1898	10	279
1898	11	32
1898	12	25
1899	1	42
1899	2	49
1899	3	268
1899	4	337
1899	5	894
1899	6	971
1899	7	370
1899	8	1207
1899	9	131
1899	10	273
1899	11	83
1899	12	63
1900	1	40
1900	2	117
1900	3	613
1900	4	1036
1900	5	123
1900	6	420
1900	7	388
1900	8	1073
1900	9	998
1900	10	271
1900	11	53
1900	12	21
1901	1	38
1901	2	54
1901	3	127
1901	4	301
1901	5	296
1901	6	1138
1901	7	480
1901	8	654
1901	9	793
1901	10	444
1901	11	35
1901	12	63
1902	1	56
1902	2	59
1902	3	681
1902	4	398
1902	5	370
1902	6	1115
1902	7	401
1902	8	910
1902	9	114
1902	10	104
1902	11	77
1902	12	380
1903	1	28
1903	2	160
1903	3	247
1903	4	443
1903	5	232
1903	6	1027
1903	7	636
1903	8	732
1903	9	588
1903	10	104
1903	11	121
1903	12	93
1904	1	26
1904	2	140
1904	3	5
1904	4	509
1904	5	1036
1904	6	459
1904	7	362
1904	8	482
1904	9	384
1904	10	77
1904	11	13
1904	12	137
1905	1	71
1905	2	102
1905	3	104
1905	4	438
1905	5	1376
1905	6	1142
1905	7	897
1905	8	795
1905	9	133
1905	10	429
1905	11	312
1905	12	13
1906	1	69
1906	2	48
1906	3	244
1906	4	770
1906	5	1730
1906	6	417
1906	7	356
1906	8	1160
1906	9	553
1906	10	467
1906	11	117
1906	12	205
1907	1	356
1907	2	203
1907	3	193
1907	4	185
1907	5	1086
1907	6	381
1907	7	670
1907	8	256
1907	9	422
1907	10	432
1907	11	0
1907	12	64
1908	1	43
1908	2	160
1908	3	358
1908	4	531
1908	5	1006
1908	6	911
1908	7	1248
1908	8	632
1908	9	155
1908	10	487
1908	11	378
1908	12	148
1909	1	46
1909	2	10
1909	3	36
1909	4	160
1909	5	788
1909	6	515
1909	7	1572
1909	8	879
1909	9	383
1909	10	150
1909	11	122
1909	12	371
1910	1	54
1910	2	122
1910	3	381
1910	4	460
1910	5	211
1910	6	615
1910	7	162
1910	8	721
1910	9	255
1910	10	66
1910	11	41
1910	12	97
1911	1	43
1911	2	96
1911	3	160
1911	4	393
1911	5	612
1911	6	447
1911	7	290
1911	8	922
1911	9	603
1911	10	339
1911	11	101
1911	12	188
1912	1	63
1912	2	28
1912	3	36
1912	4	696
1912	5	403
1912	6	309
1912	7	688
1912	8	675
1912	9	267
1912	10	40
1912	11	0
1912	12	76
1913	1	13
1913	2	76
1913	3	195
1913	4	468
1913	5	1306
1913	6	227
1913	7	644
1913	8	258
1913	9	97
1913	10	512
1913	11	89
1913	12	89
1914	1	208
1914	2	215
1914	3	104
1914	4	1304
1914	5	749
1914	6	1741
1914	7	190
1914	8	727
1914	9	395
1914	10	366
1914	11	0
1914	12	114
1915	1	164
1915	2	842
1915	3	211
1915	4	723
1915	5	997
1915	6	1020
1915	7	1272
1915	8	629
1915	9	417
1915	10	608
1915	11	89
1915	12	117
1916	1	366
1916	2	180
1916	3	410
1916	4	370
1916	5	1543
1916	6	632
1916	7	619
1916	8	1118
1916	9	340
1916	10	132
1916	11	0
1916	12	353
1917	1	233
1917	2	539
1917	3	422
1917	4	878
1917	5	408
1917	6	271
1917	7	496
1917	8	397
1917	9	724
1917	10	25
1917	11	36
1917	12	105
1918	1	152
1918	2	269
1918	3	508
1918	4	822
1918	5	1014
1918	6	676
1918	7	658
1918	8	966
1918	9	122
1918	10	120
1918	11	427
1918	12	304
1919	1	45
1919	2	598
1919	3	203
1919	4	584
1919	5	1747
1919	6	1524
1919	7	533
1919	8	142
1919	9	229
1919	10	628
1919	11	640
1919	12	15
1920	1	101
1920	2	89
1920	3	839
1920	4	875
1920	5	1497
1920	6	1446
1920	7	450
1920	8	394
1920	9	498
1920	10	178
1920	11	323
1920	12	0
1921	1	38
1921	2	13
1921	3	176
1921	4	1426
1921	5	671
1921	6	378
1921	7	641
1921	8	699
1921	9	811
1921	10	371
1921	11	212
1921	12	50
1922	1	176
1922	2	56
1922	3	127
1922	4	449
1922	5	1134
1922	6	776
1922	7	203
1922	8	170
1922	9	105
1922	10	177
1922	11	851
1922	12	38
1923	1	63
1923	2	13
1923	3	104
1923	4	267
1923	5	921
1923	6	1489
1923	7	633
1923	8	739
1923	9	509
1923	10	166
1923	11	82
1923	12	25
1924	1	0
1924	2	56
1924	3	312
1924	4	437
1924	5	263
1924	6	1659
1924	7	337
1924	8	425
1924	9	599
1924	10	597
1924	11	0
1924	12	253
1925	1	229
1925	2	13
1925	3	48
1925	4	528
1925	5	330
1925	6	2850
1925	7	439
1925	8	627
1925	9	208
1925	10	54
1925	11	51
1925	12	45
1926	1	147
1926	2	60
1926	3	0
1926	4	127
1926	5	590
1926	6	390
1926	7	614
1926	8	424
1926	9	553
1926	10	696
1926	11	54
1926	12	71
1927	1	89
1927	2	89
1927	3	94
1927	4	653
1927	5	923
1927	6	835
1927	7	908
1927	8	322
1927	9	279
1927	10	132
1927	11	191
1927	12	167
1928	1	13
1928	2	0
1928	3	16
1928	4	272
1928	5	94
1928	6	847
1928	7	629
1928	8	1013
1928	9	207
1928	10	122
1928	11	331
1928	12	25
1929	1	401
1929	2	50
1929	3	592
1929	4	527
1929	5	327
1929	6	127
1929	7	279
1929	8	137
1929	9	444
1929	10	693
1929	11	26
1929	12	0
1930	1	69
1930	2	244
1930	3	13
1930	4	600
1930	5	839
1930	6	478
1930	7	117
1930	8	704
1930	9	148
1930	10	486
1930	11	318
1930	12	0
1931	1	26
1931	2	114
1931	3	241
1931	4	231
1931	5	600
1931	6	413
1931	7	185
1931	8	180
1931	9	247
1931	10	336
1931	11	232
1931	12	373
1932	1	101
1932	2	13
1932	3	125
1932	4	759
1932	5	652
1932	6	881
1932	7	554
1932	8	862
1932	9	325
1932	10	230
1932	11	0
1932	12	103
1933	1	25
1933	2	25
1933	3	410
1933	4	513
1933	5	824
1933	6	386
1933	7	453
1933	8	304
1933	9	305
1933	10	33
1933	11	36
1933	12	123
1934	1	0
1934	2	25
1934	3	158
1934	4	0
1934	5	114
1934	6	738
1934	7	278
1934	8	36
1934	9	612
1934	10	307
1934	11	150
1934	12	33
1935	1	55
1935	2	97
1935	3	336
1935	4	1126
1935	5	473
1935	6	840
1935	7	706
1935	8	693
1935	9	13
1935	10	25
1935	11	81
1935	12	137
1936	1	207
1936	2	170
1936	3	165
1936	4	178
1936	5	526
1936	6	185
1936	7	478
1936	8	628
1936	9	38
1936	10	46
1936	11	386
1936	12	77
1937	1	244
1937	2	64
1937	3	478
1937	4	411
1937	5	686
1937	6	533
1937	7	803
1937	8	178
1937	9	79
1937	10	53
1937	11	20
1937	12	76
1938	1	114
1938	2	198
1938	3	229
1938	4	842
1938	5	580
1938	6	318
1938	7	161
1938	8	130
1938	9	859
1938	10	48
1938	11	111
1938	12	73
1939	1	446
1939	2	168
1939	3	0
1939	4	132
1939	5	297
1939	6	1118
1939	7	145
1939	8	434
1939	9	228
1939	10	363
1939	11	0
1939	12	82
1940	1	8
1940	2	150
1940	3	453
1940	4	757
1940	5	74
1940	6	647
1940	7	267
1940	8	572
1940	9	131
1940	10	363
1940	11	53
1940	12	107
1941	1	130
1941	2	92
1941	3	89
1941	4	1006
1941	5	206
1941	6	1684
1941	7	363
1941	8	426
1941	9	925
1941	10	612
1941	11	15
1941	12	0
1942	1	0
1942	2	69
1942	3	462
1942	4	497
1942	5	1616
1942	6	1487
1942	7	563
1942	8	1570
1942	9	582
1942	10	142
1942	11	13
1942	12	0
1943	1	158
1943	2	0
1943	3	127
1943	4	84
1943	5	531
1943	6	1495
1943	7	126
1943	8	902
1943	9	211
1943	10	616
1943	11	25
1943	12	0
1944	1	0
1944	2	84
1944	3	145
1944	4	301
1944	5	1042
1944	6	1007
1944	7	1538
1944	8	1025
1944	9	288
1944	10	269
1944	11	610
1944	12	3
1945	1	119
1945	2	81
1945	3	295
1945	4	336
1945	5	1261
1945	6	815
1945	7	397
1945	8	400
1945	9	743
1945	10	30
1945	11	0
1945	12	36
1946	1	0
1946	2	79
1946	3	460
1946	4	775
1946	5	861
1946	6	964
1946	7	666
1946	8	282
1946	9	1110
1946	10	769
1946	11	173
1946	12	77
1947	1	184
1947	2	99
1947	3	221
1947	4	971
1947	5	201
1947	6	1595
1947	7	104
1947	8	226
1947	9	414
1947	10	369
1947	11	531
1947	12	30
1948	1	51
1948	2	229
1948	3	121
1948	4	449
1948	5	174
1948	6	1614
1948	7	1012
1948	8	405
1948	9	163
1948	10	308
1948	11	103
1948	12	43
1949	1	371
1949	2	82
1949	3	328
1949	4	119
1949	5	1014
1949	6	539
1949	7	673
1949	8	348
1949	9	423
1949	10	533
1949	11	76
1949	12	197
1950	1	142
1950	2	257
1950	3	256
1950	4	213
1950	5	1146
1950	6	275
1950	7	695
1950	8	578
1950	9	312
1950	10	180
1950	11	38
1950	12	31
1951	1	84
1951	2	244
1951	3	13
1951	4	297
1951	5	868
1951	6	930
1951	7	271
1951	8	1011
1951	9	102
1951	10	735
1951	11	0
1951	12	224
1952	1	13
1952	2	166
1952	3	117
1952	4	0
1952	5	252
1952	6	942
1952	7	523
1952	8	431
1952	9	0
1952	10	5
1952	11	280
1952	12	140
1953	1	30
1953	2	33
1953	3	370
1953	4	1105
1953	5	550
1953	6	1200
1953	7	1790
1953	8	951
1953	9	198
1953	10	153
1953	11	64
1953	12	91
1954	1	23
1954	2	81
1954	3	210
1954	4	414
1954	5	297
1954	6	1502
1954	7	249
1954	8	318
1954	9	262
1954	10	377
1954	11	82
1954	12	51
1955	1	36
1955	2	222
1955	3	25
1955	4	272
1955	5	460
1955	6	458
1955	7	351
1955	8	325
1955	9	191
1955	10	0
1955	11	83
1955	12	198
1956	1	203
1956	2	73
1956	3	168
1956	4	262
1956	5	538
1956	6	820
1956	7	562
1956	8	475
1956	9	151
1956	10	394
1956	11	537
1956	12	28
1957	1	34
1957	2	152
1957	3	54
1957	4	523
1957	5	1749
1957	6	1321
1957	7	792
1957	8	520
1957	9	381
1957	10	565
1957	11	248
1957	12	23
1958	1	58
1958	2	261
1958	3	105
1958	4	719
1958	5	366
1958	6	633
1958	7	600
1958	8	249
1958	9	13
1958	10	117
1958	11	184
1958	12	56
1959	1	43
1959	2	156
1959	3	5
1959	4	81
1959	5	1174
1959	6	305
1959	7	536
1959	8	71
1959	9	556
1959	10	143
1959	11	89
1959	12	94
1960	1	201
1960	2	60
1960	3	274
1960	4	767
1960	5	508
1960	6	1385
1960	7	399
1960	8	1080
1960	9	186
1960	10	97
1960	11	115
1960	12	155
1961	1	0
1961	2	64
1961	3	33
1961	4	333
1961	5	1070
1961	6	723
1961	7	600
1961	8	115
1961	9	546
1961	10	341
1961	11	0
1961	12	43
1962	1	66
1962	2	278
1962	3	253
1962	4	309
1962	5	1221
1962	6	1344
1962	7	453
1962	8	615
1962	9	353
1962	10	210
1962	11	43
1962	12	28
1963	1	127
1963	2	77
1963	3	120
1963	4	554
1963	5	576
1963	6	1193
1963	7	1062
1963	8	660
1963	9	403
1963	10	554
1963	11	13
1963	12	35
1964	1	28
1964	2	23
1964	3	97
1964	4	906
1964	5	914
1964	6	1111
1964	7	549
1964	8	615
1964	9	242
1964	10	0
1964	11	41
1964	12	110
1965	1	26
1965	2	51
1965	3	160
1965	4	737
1965	5	1178
1965	6	959
1965	7	203
1965	8	234
1965	9	1052
1965	10	194
1965	11	30
1965	12	148
1966	1	26
1966	2	181
1966	3	485
1966	4	424
1966	5	249
1966	6	1034
1966	7	1325
1966	8	913
1966	9	319
1966	10	607
1966	11	167
1966	12	20
1967	1	218
1967	2	219
1967	3	13
1967	4	928
1967	5	143
1967	6	1576
1967	7	228
1967	8	272
1967	9	574
1967	10	232
1967	11	25
1967	12	81
1968	1	28
1968	2	0
1968	3	145
1968	4	1490
1968	5	473
1968	6	1289
1968	7	778
1968	8	613
1968	9	412
1968	10	196
1968	11	280
1968	12	185
1969	1	207
1969	2	407
1969	3	196
1969	4	119
1969	5	584
1969	6	1181
1969	7	717
1969	8	599
1969	9	302
1969	10	257
1969	11	46
1969	12	160
1970	1	61
1970	2	53
1970	3	86
1970	4	724
1970	5	749
1970	6	892
1970	7	131
1970	8	185
1970	9	225
1970	10	270
1970	11	349
1970	12	99
1971	1	41
1971	2	135
1971	3	10
1971	4	637
1971	5	606
1971	6	917
1971	7	241
1971	8	1069
1971	9	224
1971	10	927
1971	11	269
1971	12	111
1972	1	114
1972	2	68
1972	3	207
1972	4	405
1972	5	2366
1972	6	249
1972	7	1241
1972	8	402
1972	9	13
1972	10	343
1972	11	61
1972	12	311
1973	1	122
1973	2	41
1973	3	624
1973	4	203
1973	5	573
1973	6	288
1973	7	221
1973	8	737
1973	9	473
1973	10	476
1973	11	175
1973	12	69
1974	1	0
1974	2	35
1974	3	134
1974	4	563
1974	5	1264
1974	6	310
1974	7	349
1974	8	222
1974	9	0
1974	10	125
1974	11	43
1974	12	0
1975	1	139
1975	2	39
1975	3	765
1975	4	731
1975	5	426
1975	6	1113
1975	7	148
1975	8	529
1975	9	145
1975	10	193
1975	11	33
1975	12	49
1976	1	86
1976	2	193
1976	3	89
1976	4	297
1976	5	150
1976	6	404
1976	7	343
1976	8	382
1976	9	281
1976	10	105
1976	11	5
1976	12	58
1977	1	52
1977	2	366
1977	3	1206
1977	4	408
1977	5	535
1977	6	918
1977	7	449
1977	8	360
1977	9	874
1977	10	318
1977	11	608
1977	12	125
1978	1	48
1978	2	79
1978	3	61
1978	4	724
1978	5	906
1978	6	596
1978	7	603
1978	8	1029
1978	9	114
1978	10	13
1978	11	186
1978	12	43
1979	1	142
1979	2	107
1979	3	377
1979	4	505
1979	5	295
1979	6	659
1979	7	814
1979	8	1669
1979	9	0
1979	10	486
1979	11	28
1979	12	5
1980	1	59
1980	2	102
1980	3	99
1980	4	325
1980	5	190
1980	6	643
1980	7	734
1980	8	1131
1980	9	145
1980	10	435
1980	11	25
1980	12	18
1981	1	0
1981	2	8
1981	3	877
1981	4	25
1981	5	308
1981	6	554
1981	7	821
1981	8	871
1981	9	112
1981	10	653
1981	11	311
1981	12	155
1982	1	242
1982	2	35
1982	3	254
1982	4	398
1982	5	1040
1982	6	359
1982	7	580
1982	8	231
1982	9	412
1982	10	1119
1982	11	122
1982	12	13
1983	1	20
1983	2	3
1983	3	534
1983	4	338
1983	5	636
1983	6	1047
1983	7	1096
1983	8	543
1983	9	617
1983	10	204
1983	11	240
1983	12	97
1984	1	25
1984	2	82
1984	3	370
1984	4	666
1984	5	539
1984	6	1779
1984	7	495
1984	8	216
1984	9	318
1984	10	490
1984	11	8
1984	12	265
1985	1	33
1985	2	0
1985	3	994
1985	4	150
1985	5	464
1985	6	321
1985	7	692
1985	8	1250
1985	9	1376
1985	10	231
1985	11	413
1985	12	81
1986	1	74
1986	2	323
1986	3	194
1986	4	1417
1986	5	596
1986	6	926
1986	7	926
1986	8	546
1986	9	552
1986	10	87
1986	11	219
1986	12	3
1987	1	13
1987	2	398
1987	3	664
1987	4	64
1987	5	597
1987	6	223
1987	7	607
1987	8	503
1987	9	201
1987	10	89
1987	11	122
1987	12	0
1988	1	21
1988	2	102
1988	3	79
1988	4	259
1988	5	865
1988	6	295
1988	7	410
1988	8	572
1988	9	739
1988	10	20
1988	11	132
1988	12	303
1989	1	89
1989	2	183
1989	3	684
1989	4	645
1989	5	272
1989	6	210
1989	7	194
1989	8	578
1989	9	716
1989	10	185
1989	11	191
1989	12	26
1990	1	16
1990	2	148
1990	3	217
1990	4	657
1990	5	796
1990	6	1068
1990	7	728
1990	8	371
1990	9	297
1990	10	134
1990	11	16
1990	12	95
1991	1	3
1991	2	296
1991	3	158
1991	4	933
1991	5	2166
1991	6	818
1991	7	329
1991	8	578
1991	9	411
1991	10	351
1991	11	92
1991	12	30
1992	1	285
1992	2	178
1992	3	122
1992	4	87
1992	5	120
1992	6	1203
1992	7	861
1992	8	862
1992	9	357
1992	10	102
1992	11	572
1992	12	89
1993	1	110
1993	2	165
1993	3	254
1993	4	590
1993	5	721
1993	6	1031
1993	7	1878
1993	8	502
1993	9	472
1993	10	111
1993	11	375
1993	12	170
1994	1	197
1994	2	295
1994	3	102
1994	4	660
1994	5	104
1994	6	421
1994	7	2421
1994	8	531
1994	9	391
1994	10	858
1994	11	188
1994	12	192
1995	1	148
1995	2	87
1995	3	613
1995	4	1195
1995	5	1451
1995	6	779
1995	7	504
1995	8	427
1995	9	74
1995	10	962
1995	11	111
1995	12	54
1996	1	257
1996	2	229
1996	3	252
1996	4	41
1996	5	1211
1996	6	480
1996	7	578
1996	8	424
1996	9	1921
1996	10	711
1996	11	496
1996	12	414
1997	1	1312
1997	2	272
1997	3	284
1997	4	723
1997	5	669
1997	6	631
1997	7	560
1997	8	294
1997	9	1008
1997	10	593
1997	11	178
1997	12	13
1998	1	229
1998	2	146
1998	3	519
1998	4	324
1998	5	711
1998	6	1658
1998	7	292
1998	8	1228
1998	9	18
1998	10	1897
1998	11	392
1998	12	53
1999	1	153
1999	2	76
1999	3	249
1999	4	527
1999	5	1353
1999	6	1009
1999	7	239
1999	8	664
1999	9	626
1999	10	126
1999	11	0
1999	12	43
2000	1	82
2000	2	125
2000	3	339
2000	4	783
2000	5	943
2000	6	763
2000	7	328
2000	8	1687
2000	9	89
2000	10	294
2000	11	811
2000	12	213
2001	1	130
2001	2	492
2001	3	23
2001	4	961
2001	5	622
2001	6	738
2001	7	571
2001	8	114
2001	9	419
2001	10	599
2001	11	422
2001	12	16
2002	1	87
2002	2	30
2002	3	188
2002	4	308
2002	5	394
2002	6	486
2002	7	469
2002	8	1250
2002	9	269
2002	10	249
2002	11	5
2002	12	41
2003	1	85
2003	2	352
2003	3	122
2003	4	542
2003	5	1112
2003	6	1004
2003	7	562
2003	8	51
2003	9	227
2003	10	175
2003	11	341
2003	12	26
2004	1	100
2004	2	3
2004	3	531
2004	4	196
2004	5	1116
2004	6	906
2004	7	1486
2004	8	647
2004	9	957
2004	10	323
2004	11	106
2004	12	14
2005	1	84
2005	2	142
2005	3	49
2005	4	355
2005	5	516
2005	6	2202
2005	7	170
2005	8	430
2005	9	962
2005	10	262
2005	11	382
2005	12	171
2006	1	28
2006	2	58
2006	3	272
2006	4	285
2006	5	252
2006	6	191
2006	7	325
2006	8	866
2006	9	702
2006	10	57
2006	11	51
2006	12	214
2007	1	28
2007	2	367
2007	3	535
2007	4	863
2007	5	898
2007	6	787
2007	7	84
2007	8	1310
2007	9	549
2007	10	659
2007	11	5
2007	12	183
2008	1	38
2008	2	70
2008	3	0
2008	4	309
2008	5	695
2008	6	1265
2008	7	1619
2008	8	444
2008	9	679
2008	10	757
2008	11	112
2008	12	330
2009	1	154
2009	2	361
2009	3	437
2009	4	290
2009	5	603
2009	6	1017
2009	7	770
2009	8	826
2009	9	325
2009	10	1297
2009	11	51
2009	12	284
2010	1	293
2010	2	256
2010	3	425
2010	4	404
2010	5	1302
2010	6	848
2010	7	697
2010	8	371
2010	9	960
2010	10	355
2010	11	14
2010	12	284
2011	1	361
2011	2	511
2011	3	547
2011	4	660
2011	5	905
2011	6	1508
2011	7	553
2011	8	867
2011	9	178
2011	10	213
2011	11	76
2011	12	64
2012	1	109
2012	2	163
2012	3	57
2012	4	998
2012	5	530
2012	6	554
2012	7	308
2012	8	487
2012	9	0
2012	10	108
2012	11	64
2012	12	157
2013	1	157
2013	2	389
2013	3	94
2013	4	671
2013	5	1265
2013	6	657
2013	7	330
2013	8	394
2013	9	273
2013	10	1331
2013	11	8
2013	12	158
2014	1	76
2014	2	79
2014	3	211
2014	4	385
2014	5	471
2014	6	1096
2014	7	147
2014	8	915
2014	9	138
2014	10	80
2014	11	188
2014	12	94
2015	1	120
2015	2	117
2015	3	69
2015	4	154
2015	5	1548
2015	6	605
2015	7	593
2015	8	731
2015	9	145
2015	10	266
