1893	1	860
1893	2	2556
1893	3	2904
1893	4	2525
1893	5	943
1893	6	347
1893	7	23
1893	8	17
1893	9	1247
1893	10	1539
1893	11	4324
1893	12	2683
1894	1	4868
1894	2	1415
1894	3	3568
1894	4	677
1894	5	1024
1894	6	643
1894	7	85
1894	8	108
1894	9	412
1894	10	1670
1894	11	1277
1894	12	3871
1895	1	1871
1895	2	1101
1895	3	1690
1895	4	603
1895	5	1467
1895	6	47
1895	7	74
1895	8	88
1895	9	740
1895	10	0
1895	11	726
1895	12	2471
1896	1	3925
1896	2	1569
1896	3	1935
1896	4	2708
1896	5	2067
1896	6	136
1896	7	25
1896	8	297
1896	9	341
1896	10	1070
1896	11	4297
1896	12	4265
1897	1	900
1897	2	3842
1897	3	3125
1897	4	645
1897	5	321
1897	6	538
1897	7	6
1897	8	55
1897	9	614
1897	10	1214
1897	11	3175
1897	12	2949
1898	1	1479
1898	2	2691
1898	3	1120
1898	4	464
1898	5	806
1898	6	275
1898	7	60
1898	8	149
1898	9	417
1898	10	1141
1898	11	3390
1898	12	1758
1899	1	3163
1899	2	3155
1899	3	3093
1899	4	1433
1899	5	1295
1899	6	200
1899	7	11
1899	8	248
1899	9	420
1899	10	2587
1899	11	4217
1899	12	4188
1900	1	2755
1900	2	2539
1900	3	1826
1900	4	1506
1900	5	1131
1900	6	694
1900	7	7
1900	8	64
1900	9	277
1900	10	3211
1900	11	1392
1900	12	2393
1901	1	4217
1901	2	3147
1901	3	1879
1901	4	1641
1901	5	667
1901	6	142
1901	7	14
1901	8	128
1901	9	1331
1901	10	976
1901	11	894
1901	12	2631
1902	1	1335
1902	2	5245
1902	3	2473
1902	4	2188
1902	5	1336
1902	6	194
1902	7	226
1902	8	62
1902	9	223
1902	10	909
1902	11	4273
1902	12	5114
1903	1	5445
1903	2	985
1903	3	2714
1903	4	989
1903	5	463
1903	6	244
1903	7	107
1903	8	88
1903	9	242
1903	10	732
1903	11	6152
1903	12	1616
1904	1	3300
1904	2	6490
1904	3	6865
1904	4	1629
1904	5	211
1904	6	310
1904	7	300
1904	8	3
1904	9	348
1904	10	1845
1904	11	2490
1904	12	4095
1905	1	1881
1905	2	973
1905	3	3022
1905	4	631
1905	5	879
1905	6	217
1905	7	6
1905	8	1
1905	9	556
1905	10	1455
1905	11	1649
1905	12	2417
1906	1	3053
1906	2	3235
1906	3	2439
1906	4	1054
1906	5	1784
1906	6	1236
1906	7	0
1906	8	7
1906	9	915
1906	10	897
1906	11	2893
1906	12	3421
1907	1	3925
1907	2	3945
1907	3	3588
1907	4	1932
1907	5	1050
1907	6	1027
1907	7	18
1907	8	226
1907	9	618
1907	10	880
1907	11	1511
1907	12	6087
1908	1	1992
1908	2	2166
1908	3	1354
1908	4	845
1908	5	1338
1908	6	664
1908	7	7
1908	8	95
1908	9	181
1908	10	2553
1908	11	1623
1908	12	2000
1909	1	6345
1909	2	4823
1909	3	1561
1909	4	410
1909	5	1022
1909	6	224
1909	7	128
1909	8	46
1909	9	457
1909	10	2569
1909	11	7300
1909	12	2487
1910	1	2714
1910	2	2585
1910	3	652
1910	4	991
1910	5	372
1910	6	285
1910	7	37
1910	8	14
1910	9	267
1910	10	1175
1910	11	5705
1910	12	2015
1911	1	4199
1911	2	1535
1911	3	598
1911	4	929
1911	5	1462
1911	6	325
1911	7	15
1911	8	18
1911	9	641
1911	10	662
1911	11	2260
1911	12	2507
1912	1	4008
1912	2	2892
1912	3	1958
1912	4	1961
1912	5	1365
1912	6	1139
1912	7	33
1912	8	445
1912	9	1653
1912	10	1403
1912	11	3746
1912	12	3220
1913	1	3057
1913	2	822
1913	3	2067
1913	4	2661
1913	5	842
1913	6	1003
1913	7	723
1913	8	13
1913	9	1692
1913	10	1275
1913	11	3253
1913	12	2553
1914	1	5025
1914	2	1785
1914	3	1613
1914	4	2267
1914	5	433
1914	6	1207
1914	7	0
1914	8	15
1914	9	3184
1914	10	2114
1914	11	1746
1914	12	3037
1915	1	3343
1915	2	3517
1915	3	1532
1915	4	1069
1915	5	1902
1915	6	67
1915	7	465
1915	8	0
1915	9	237
1915	10	529
1915	11	4208
1915	12	2916
1916	1	3765
1916	2	2655
1916	3	3328
1916	4	1571
1916	5	978
1916	6	1175
1916	7	1330
1916	8	8
1916	9	427
1916	10	249
1916	11	2603
1916	12	2649
1917	1	2016
1917	2	2111
1917	3	3657
1917	4	2103
1917	5	895
1917	6	46
1917	7	0
1917	8	0
1917	9	630
1917	10	0
1917	11	4306
1917	12	3122
1918	1	2411
1918	2	2548
1918	3	2640
1918	4	566
1918	5	155
1918	6	3
1918	7	86
1918	8	284
1918	9	135
1918	10	496
1918	11	1814
1918	12	1788
1919	1	3002
1919	2	2955
1919	3	2637
1919	4	2122
1919	5	980
1919	6	195
1919	7	0
1919	8	16
1919	9	763
1919	10	521
1919	11	3348
1919	12	2492
1920	1	1689
1920	2	637
1920	3	2156
1920	4	1686
1920	5	51
1920	6	1936
1920	7	88
1920	8	377
1920	9	1629
1920	10	1949
1920	11	2461
1920	12	4586
1921	1	3780
1921	2	2880
1921	3	1737
1921	4	995
1921	5	1148
1921	6	1064
1921	7	0
1921	8	25
1921	9	608
1921	10	1671
1921	11	3815
1921	12	1452
1922	1	2350
1922	2	2766
1922	3	3367
1922	4	1380
1922	5	482
1922	6	71
1922	7	0
1922	8	364
1922	9	478
1922	10	1774
1922	11	1425
1922	12	3030
1923	1	3141
1923	2	582
1923	3	771
1923	4	1500
1923	5	896
1923	6	200
1923	7	77
1923	8	20
1923	9	562
1923	10	1158
1923	11	1692
1923	12	2080
1924	1	1560
1924	2	1957
1924	3	486
1924	4	55
1924	5	51
1924	6	43
1924	7	18
1924	8	163
1924	9	569
1924	10	4408
1924	11	3557
1924	12	3348
1925	1	4043
1925	2	3003
1925	3	1078
1925	4	1359
1925	5	1267
1925	6	315
1925	7	79
1925	8	282
1925	9	820
1925	10	1077
1925	11	3028
1925	12	3594
1926	1	2410
1926	2	3453
1926	3	111
1926	4	582
1926	5	1348
1926	6	33
1926	7	0
1926	8	788
1926	9	266
1926	10	2926
1926	11	4761
1926	12	2443
1927	1	2960
1927	2	3568
1927	3	1671
1927	4	887
1927	5	881
1927	6	215
1927	7	0
1927	8	23
1927	9	954
1927	10	1082
1927	11	5030
1927	12	1759
1928	1	2424
1928	2	1326
1928	3	2792
1928	4	2542
1928	5	232
1928	6	107
1928	7	126
1928	8	25
1928	9	449
1928	10	1185
1928	11	2296
1928	12	2254
1929	1	2360
1929	2	493
1929	3	1004
1929	4	2141
1929	5	322
1929	6	976
1929	7	0
1929	8	91
1929	9	0
1929	10	423
1929	11	51
1929	12	3923
1930	1	2549
1930	2	2454
1930	3	678
1930	4	1763
1930	5	657
1930	6	129
1930	7	0
1930	8	33
1930	9	1384
1930	10	607
1930	11	1363
1930	12	1469
1931	1	1967
1931	2	1424
1931	3	3681
1931	4	1013
1931	5	81
1931	6	1561
1931	7	15
1931	8	0
1931	9	711
1931	10	1825
1931	11	3174
1931	12	5128
1932	1	3152
1932	2	1086
1932	3	5164
1932	4	1849
1932	5	993
1932	6	8
1932	7	249
1932	8	69
1932	9	0
1932	10	795
1932	11	3397
1932	12	3361
1933	1	3892
1933	2	2418
1933	3	2963
1933	4	600
1933	5	2883
1933	6	2692
1933	7	0
1933	8	78
1933	9	1061
1933	10	1329
1933	11	358
1933	12	3779
1934	1	3270
1934	2	1589
1934	3	1478
1934	4	1278
1934	5	625
1934	6	53
1934	7	13
1934	8	24
1934	9	244
1934	10	2710
1934	11	4817
1934	12	4051
1935	1	3053
1935	2	2159
1935	3	2472
1935	4	1541
1935	5	103
1935	6	207
1935	7	123
1935	8	21
1935	9	591
1935	10	2374
1935	11	1509
1935	12	2695
1936	1	4485
1936	2	3016
1936	3	890
1936	4	1176
1936	5	1188
1936	6	655
1936	7	106
1936	8	0
1936	9	44
1936	10	69
1936	11	180
1936	12	2956
1937	1	2551
1937	2	2678
1937	3	3192
1937	4	4089
1937	5	1419
1937	6	3653
1937	7	5
1937	8	94
1937	9	241
1937	10	1890
1937	11	6473
1937	12	2150
1938	1	3687
1938	2	4768
1938	3	6734
1938	4	1262
1938	5	33
1938	6	0
1938	7	8
1938	8	0
1938	9	426
1938	10	1581
1938	11	2251
1938	12	2438
1939	1	3096
1939	2	2755
1939	3	2004
1939	4	125
1939	5	577
1939	6	273
1939	7	285
1939	8	380
1939	9	62
1939	10	1424
1939	11	559
1939	12	5972
1940	1	2083
1940	2	5196
1940	3	2370
1940	4	923
1940	5	991
1940	6	47
1940	7	19
1940	8	3
1940	9	454
1940	10	2295
1940	11	1802
1940	12	4739
1941	1	4346
1941	2	1734
1941	3	1176
1941	4	1471
1941	5	1376
1941	6	863
1941	7	39
1941	8	192
1941	9	785
1941	10	1277
1941	11	2421
1941	12	5273
1942	1	3058
1942	2	2510
1942	3	1201
1942	4	1520
1942	5	2391
1942	6	559
1942	7	232
1942	8	26
1942	9	151
1942	10	1003
1942	11	6506
1942	12	5944
1943	1	2404
1943	2	1561
1943	3	2526
1943	4	1842
1943	5	1616
1943	6	663
1943	7	97
1943	8	485
1943	9	132
1943	10	2616
1943	11	2698
1943	12	814
1944	1	2290
1944	2	2684
1944	3	1063
1944	4	2005
1944	5	1311
1944	6	341
1944	7	29
1944	8	132
1944	9	736
1944	10	1078
1944	11	3954
1944	12	2327
1945	1	2916
1945	2	4372
1945	3	3296
1945	4	1416
1945	5	1351
1945	6	5
1945	7	18
1945	8	99
1945	9	376
1945	10	2026
1945	11	4967
1945	12	4657
1946	1	2961
1946	2	2875
1946	3	2638
1946	4	632
1946	5	593
1946	6	434
1946	7	117
1946	8	23
1946	9	305
1946	10	2255
1946	11	4484
1946	12	2116
1947	1	1973
1947	2	1050
1947	3	2045
1947	4	975
1947	5	56
1947	6	1960
1947	7	1625
1947	8	79
1947	9	255
1947	10	4173
1947	11	1030
1947	12	2207
1948	1	2821
1948	2	3690
1948	3	2085
1948	4	3864
1948	5	1755
1948	6	233
1948	7	272
1948	8	349
1948	9	523
1948	10	1519
1948	11	2036
1948	12	4393
1949	1	525
1949	2	4655
1949	3	2935
1949	4	618
1949	5	1867
1949	6	31
1949	7	63
1949	8	97
1949	9	189
1949	10	1499
1949	11	1974
1949	12	1909
1950	1	6546
1950	2	2783
1950	3	3315
1950	4	1160
1950	5	480
1950	6	446
1950	7	26
1950	8	44
1950	9	699
1950	10	5570
1950	11	2785
1950	12	3765
1951	1	3790
1951	2	2850
1951	3	1645
1951	4	667
1951	5	633
1951	6	20
1951	7	8
1951	8	142
1951	9	1088
1951	10	2349
1951	11	3353
1951	12	3987
1952	1	3869
1952	2	3043
1952	3	1965
1952	4	613
1952	5	276
1952	6	599
1952	7	10
1952	8	0
1952	9	113
1952	10	160
1952	11	1287
1952	12	3616
1953	1	6255
1953	2	2734
1953	3	2340
1953	4	1942
1953	5	2446
1953	6	951
1953	7	0
1953	8	977
1953	9	515
1953	10	1575
1953	11	4475
1953	12	2564
1954	1	5132
1954	2	1566
1954	3	1694
1954	4	1131
1954	5	176
1954	6	1131
1954	7	287
1954	8	559
1954	9	616
1954	10	834
1954	11	2162
1954	12	4581
1955	1	2303
1955	2	1418
1955	3	1910
1955	4	2848
1955	5	115
1955	6	232
1955	7	281
1955	8	9
1955	9	837
1955	10	2113
1955	11	2984
1955	12	6008
1956	1	6045
1956	2	2992
1956	3	1491
1956	4	117
1956	5	933
1956	6	541
1956	7	21
1956	8	72
1956	9	415
1956	10	3518
1956	11	561
1956	12	3890
1957	1	1719
1957	2	2568
1957	3	4475
1957	4	638
1957	5	1937
1957	6	113
1957	7	313
1957	8	325
1957	9	672
1957	10	1885
1957	11	2312
1957	12	4762
1958	1	3957
1958	2	6292
1958	3	2557
1958	4	1626
1958	5	346
1958	6	228
1958	7	72
1958	8	13
1958	9	290
1958	10	1294
1958	11	2746
1958	12	2009
1959	1	4054
1959	2	3312
1959	3	2258
1959	4	374
1959	5	857
1959	6	247
1959	7	37
1959	8	14
1959	9	1440
1959	10	886
1959	11	473
1959	12	1338
1960	1	2071
1960	2	2623
1960	3	4083
1960	4	1979
1960	5	3125
1960	6	6
1960	7	24
1960	8	113
1960	9	37
1960	10	1454
1960	11	4433
1960	12	1562
1961	1	2088
1961	2	3736
1961	3	4552
1961	4	1273
1961	5	1685
1961	6	282
1961	7	47
1961	8	245
1961	9	338
1961	10	2057
1961	11	3918
1961	12	2208
1962	1	776
1962	2	3050
1962	3	2397
1962	4	993
1962	5	942
1962	6	174
1962	7	6
1962	8	949
1962	9	662
1962	10	2752
1962	11	3359
1962	12	1907
1963	1	1122
1963	2	2197
1963	3	2718
1963	4	4429
1963	5	3595
1963	6	260
1963	7	300
1963	8	19
1963	9	250
1963	10	2188
1963	11	3738
1963	12	1636
1964	1	4431
1964	2	716
1964	3	2230
1964	4	398
1964	5	481
1964	6	705
1964	7	668
1964	8	34
1964	9	166
1964	10	577
1964	11	4433
1964	12	5568
1965	1	4338
1965	2	816
1965	3	404
1965	4	2663
1965	5	511
1965	6	155
1965	7	25
1965	8	208
1965	9	5
1965	10	638
1965	11	3788
1965	12	3619
1966	1	4004
1966	2	1478
1966	3	3158
1966	4	598
1966	5	31
1966	6	343
1966	7	107
1966	8	152
1966	9	1071
1966	10	914
1966	11	4973
1966	12	3523
1967	1	3933
1967	2	998
1967	3	2851
1967	4	2394
1967	5	748
1967	6	42
1967	7	6
1967	8	6
1967	9	414
1967	10	1319
1967	11	1750
1967	12	1876
1968	1	3478
1968	2	2867
1968	3	1625
1968	4	293
1968	5	873
1968	6	242
1968	7	142
1968	8	1772
1968	9	420
1968	10	2129
1968	11	3969
1968	12	4151
1969	1	4634
1969	2	2432
1969	3	882
1969	4	1490
1969	5	760
1969	6	345
1969	7	26
1969	8	13
1969	9	1317
1969	10	2322
1969	11	1262
1969	12	4201
1970	1	5995
1970	2	1368
1970	3	1336
1970	4	1159
1970	5	1520
1970	6	340
1970	7	25
1970	8	5
1970	9	123
1970	10	1609
1970	11	4547
1970	12	4451
1971	1	3319
1971	2	1804
1971	3	3480
1971	4	1757
1971	5	512
1971	6	1203
1971	7	63
1971	8	397
1971	9	1329
1971	10	734
1971	11	2841
1971	12	3336
1972	1	4275
1972	2	2665
1972	3	3850
1972	4	1450
1972	5	430
1972	6	254
1972	7	21
1972	8	183
1972	9	158
1972	10	498
1972	11	1066
1972	12	2857
1973	1	2526
1973	2	1254
1973	3	2444
1973	4	335
1973	5	500
1973	6	319
1973	7	5
1973	8	0
1973	9	1057
1973	10	1367
1973	11	6319
1973	12	3768
1974	1	2852
1974	2	2420
1974	3	3424
1974	4	774
1974	5	264
1974	6	351
1974	7	283
1974	8	19
1974	9	8
1974	10	565
1974	11	1467
1974	12	3634
1975	1	2422
1975	2	3551
1975	3	2976
1975	4	971
1975	5	619
1975	6	121
1975	7	58
1975	8	578
1975	9	8
1975	10	2843
1975	11	2160
1975	12	2399
1976	1	1974
1976	2	2351
1976	3	1683
1976	4	1049
1976	5	287
1976	6	146
1976	7	330
1976	8	938
1976	9	127
1976	10	525
1976	11	1084
1976	12	521
1977	1	1014
1977	2	1703
1977	3	2433
1977	4	487
1977	5	841
1977	6	236
1977	7	0
1977	8	585
1977	9	1875
1977	10	1616
1977	11	3954
1977	12	5154
1978	1	3322
1978	2	3153
1978	3	1283
1978	4	3093
1978	5	840
1978	6	245
1978	7	51
1978	8	911
1978	9	1528
1978	10	41
1978	11	1919
1978	12	1196
1979	1	2314
1979	2	3314
1979	3	1476
1979	4	1196
1979	5	1523
1979	6	101
1979	7	288
1979	8	76
1979	9	600
1979	10	1951
1979	11	2502
1979	12	2655
1980	1	1524
1980	2	2712
1980	3	2296
1980	4	1307
1980	5	704
1980	6	555
1980	7	0
1980	8	0
1980	9	165
1980	10	878
1980	11	2149
1980	12	2824
1981	1	2274
1981	2	1946
1981	3	2371
1981	4	757
1981	5	1217
1981	6	221
1981	7	20
1981	8	68
1981	9	839
1981	10	3142
1981	11	3454
1981	12	5131
1982	1	2699
1982	2	2192
1982	3	2141
1982	4	2071
1982	5	3
1982	6	816
1982	7	155
1982	8	29
1982	9	275
1982	10	2690
1982	11	2479
1982	12	3956
1983	1	1930
1983	2	4671
1983	3	3553
1983	4	1406
1983	5	610
1983	6	633
1983	7	377
1983	8	1535
1983	9	173
1983	10	1046
1983	11	3842
1983	12	5918
1984	1	1147
1984	2	3028
1984	3	2681
1984	4	1472
1984	5	1416
1984	6	765
1984	7	13
1984	8	3
1984	9	145
1984	10	2170
1984	11	5204
1984	12	1911
1985	1	128
1985	2	1483
1985	3	2091
1985	4	461
1985	5	457
1985	6	1184
1985	7	153
1985	8	23
1985	9	811
1985	10	1702
1985	11	1771
1985	12	1338
1986	1	3107
1986	2	5094
1986	3	2248
1986	4	1255
1986	5	1883
1986	6	334
1986	7	107
1986	8	21
1986	9	1675
1986	10	1150
1986	11	2808
1986	12	1927
1987	1	2899
1987	2	1693
1987	3	3073
1987	4	717
1987	5	505
1987	6	92
1987	7	269
1987	8	21
1987	9	8
1987	10	103
1987	11	2241
1987	12	5059
1988	1	3320
1988	2	822
1988	3	1274
1988	4	1526
1988	5	1654
1988	6	660
1988	7	71
1988	8	0
1988	9	152
1988	10	272
1988	11	2248
1988	12	2001
1989	1	2092
1989	2	981
1989	3	3027
1989	4	1265
1989	5	714
1989	6	322
1989	7	247
1989	8	196
1989	9	218
1989	10	800
1989	11	204
1989	12	702
1990	1	3280
1990	2	1964
1990	3	1203
1990	4	952
1990	5	1631
1990	6	389
1990	7	226
1990	8	679
1990	9	74
1990	10	2673
1990	11	1788
1990	12	1373
1991	1	2912
1991	2	1216
1991	3	2733
1991	4	1236
1991	5	954
1991	6	92
1991	7	158
1991	8	503
1991	9	11
1991	10	667
1991	11	1539
1991	12	1657
1992	1	2303
1992	2	1995
1992	3	1031
1992	4	2887
1992	5	5
1992	6	1076
1992	7	82
1992	8	28
1992	9	403
1992	10	1342
1992	11	1379
1992	12	4366
1993	1	2201
1993	2	2187
1993	3	3530
1993	4	3901
1993	5	2519
1993	6	590
1993	7	610
1993	8	103
1993	9	8
1993	10	423
1993	11	971
1993	12	3117
1994	1	2704
1994	2	2082
1994	3	1143
1994	4	1273
1994	5	996
1994	6	379
1994	7	18
1994	8	3
1994	9	460
1994	10	714
1994	11	3900
1994	12	3206
1995	1	5934
1995	2	988
1995	3	4043
1995	4	2212
1995	5	561
1995	6	1246
1995	7	39
1995	8	132
1995	9	334
1995	10	517
1995	11	3394
1995	12	4839
1996	1	4566
1996	2	4727
1996	3	2829
1996	4	2800
1996	5	1627
1996	6	183
1996	7	209
1996	8	0
1996	9	687
1996	10	2278
1996	11	3797
1996	12	7774
1997	1	2921
1997	2	1010
1997	3	1721
1997	4	1924
1997	5	857
1997	6	421
1997	7	20
1997	8	457
1997	9	1402
1997	10	2271
1997	11	2167
1997	12	2203
1998	1	6236
1998	2	5352
1998	3	2756
1998	4	1254
1998	5	821
1998	6	152
1998	7	23
1998	8	0
1998	9	74
1998	10	1977
1998	11	6516
1998	12	3459
1999	1	2865
1999	2	5202
1999	3	3080
1999	4	711
1999	5	1219
1999	6	105
1999	7	5
1999	8	430
1999	9	0
1999	10	993
1999	11	2636
1999	12	1496
2000	1	5154
2000	2	3711
2000	3	1280
2000	4	1180
2000	5	1362
2000	6	744
2000	7	22
2000	8	37
2000	9	226
2000	10	1912
2000	11	1818
2000	12	1774
2001	1	1166
2001	2	1386
2001	3	1130
2001	4	1322
2001	5	837
2001	6	618
2001	7	142
2001	8	269
2001	9	210
2001	10	1633
2001	11	3691
2001	12	4399
2002	1	3440
2002	2	2286
2002	3	1538
2002	4	1683
2002	5	528
2002	6	343
2002	7	20
2002	8	2
2002	9	148
2002	10	222
2002	11	1859
2002	12	5688
2003	1	3087
2003	2	1254
2003	3	1983
2003	4	3542
2003	5	441
2003	6	37
2003	7	1
2003	8	129
2003	9	259
2003	10	433
2003	11	2021
2003	12	5102
2004	1	3168
2004	2	3827
2004	3	1001
2004	4	1329
2004	5	715
2004	6	396
2004	7	24
2004	8	192
2004	9	413
2004	10	2827
2004	11	840
2004	12	3780
2005	1	1672
2005	2	844
2005	3	2582
2005	4	2135
2005	5	1961
2005	6	676
2005	7	95
2005	8	12
2005	9	192
2005	10	1432
2005	11	2804
2005	12	5451
2006	1	4955
2006	2	2318
2006	3	3370
2006	4	1237
2006	5	689
2006	6	387
2006	7	25
2006	8	52
2006	9	177
2006	10	327
2006	11	3331
2006	12	4878
2007	1	1288
2007	2	3582
2007	3	1684
2007	4	1181
2007	5	441
2007	6	281
2007	7	244
2007	8	144
2007	9	411
2007	10	2285
2007	11	2159
2007	12	3682
2008	1	3817
2008	2	1498
2008	3	2623
2008	4	1197
2008	5	283
2008	6	238
2008	7	13
2008	8	97
2008	9	12
2008	10	697
2008	11	1649
2008	12	4191
2009	1	850
2009	2	2967
2009	3	2657
2009	4	874
2009	5	993
2009	6	224
2009	7	15
2009	8	80
2009	9	256
2009	10	1351
2009	11	2168
2009	12	2453
2010	1	3284
2010	2	2669
2010	3	2790
2010	4	3159
2010	5	1737
2010	6	1116
2010	7	38
2010	8	22
2010	9	999
2010	10	1551
2010	11	2338
2010	12	4283
2011	1	1067
2011	2	1941
2011	3	4718
2011	4	2340
2011	5	1123
2011	6	327
2011	7	74
2011	8	12
2011	9	45
2011	10	1431
2011	11	1892
2011	12	1288
2012	1	3384
2012	2	1205
2012	3	6141
2012	4	2472
2012	5	653
2012	6	1063
2012	7	159
2012	8	3
2012	9	10
2012	10	2022
2012	11	4030
2012	12	4644
2013	1	1245
2013	2	1019
2013	3	1261
2013	4	1249
2013	5	1049
2013	6	329
2013	7	0
2013	8	182
2013	9	1371
2013	10	218
2013	11	1050
2013	12	570
2014	1	887
2014	2	3373
2014	3	2662
2014	4	1071
2014	5	741
2014	6	294
2014	7	133
2014	8	47
2014	9	1070
2014	10	2597
2014	11	2298
2014	12	3937
2015	1	919
2015	2	2823
2015	3	1803
2015	4	1333
2015	5	93
2015	6	122
2015	7	125
2015	8	75
2015	9	222
2015	10	372
