1893	1	1
1893	2	346
1893	3	404
1893	4	137
1893	5	650
1893	6	663
1893	7	368
1893	8	303
1893	9	156
1893	10	67
1893	11	48
1893	12	239
1894	1	220
1894	2	155
1894	3	479
1894	4	616
1894	5	105
1894	6	888
1894	7	387
1894	8	140
1894	9	198
1894	10	149
1894	11	4
1894	12	36
1895	1	86
1895	2	115
1895	3	125
1895	4	430
1895	5	685
1895	6	1741
1895	7	408
1895	8	849
1895	9	374
1895	10	74
1895	11	247
1895	12	50
1896	1	82
1896	2	51
1896	3	665
1896	4	1812
1896	5	621
1896	6	562
1896	7	489
1896	8	487
1896	9	552
1896	10	512
1896	11	121
1896	12	25
1897	1	64
1897	2	129
1897	3	397
1897	4	1176
1897	5	129
1897	6	845
1897	7	228
1897	8	606
1897	9	260
1897	10	1131
1897	11	60
1897	12	246
1898	1	186
1898	2	44
1898	3	87
1898	4	423
1898	5	1042
1898	6	516
1898	7	451
1898	8	477
1898	9	482
1898	10	225
1898	11	164
1898	12	43
1899	1	125
1899	2	170
1899	3	151
1899	4	176
1899	5	997
1899	6	623
1899	7	778
1899	8	520
1899	9	123
1899	10	72
1899	11	340
1899	12	113
1900	1	6
1900	2	390
1900	3	131
1900	4	1038
1900	5	876
1900	6	157
1900	7	795
1900	8	861
1900	9	378
1900	10	124
1900	11	17
1900	12	110
1901	1	39
1901	2	177
1901	3	548
1901	4	723
1901	5	451
1901	6	1148
1901	7	226
1901	8	557
1901	9	1010
1901	10	264
1901	11	0
1901	12	120
1902	1	167
1902	2	134
1902	3	320
1902	4	318
1902	5	1584
1902	6	707
1902	7	1198
1902	8	434
1902	9	681
1902	10	495
1902	11	18
1902	12	306
1903	1	74
1903	2	264
1903	3	61
1903	4	426
1903	5	1319
1903	6	316
1903	7	1332
1903	8	443
1903	9	77
1903	10	79
1903	11	111
1903	12	13
1904	1	56
1904	2	8
1904	3	41
1904	4	140
1904	5	1209
1904	6	1387
1904	7	1340
1904	8	777
1904	9	541
1904	10	541
1904	11	30
1904	12	13
1905	1	141
1905	2	45
1905	3	752
1905	4	1706
1905	5	1355
1905	6	1062
1905	7	1206
1905	8	226
1905	9	335
1905	10	285
1905	11	114
1905	12	0
1906	1	102
1906	2	44
1906	3	187
1906	4	1617
1906	5	632
1906	6	668
1906	7	454
1906	8	1483
1906	9	805
1906	10	484
1906	11	282
1906	12	297
1907	1	76
1907	2	26
1907	3	74
1907	4	34
1907	5	1101
1907	6	976
1907	7	1102
1907	8	208
1907	9	429
1907	10	0
1907	11	20
1907	12	452
1908	1	21
1908	2	199
1908	3	135
1908	4	313
1908	5	1657
1908	6	1432
1908	7	665
1908	8	610
1908	9	138
1908	10	635
1908	11	76
1908	12	94
1909	1	140
1909	2	236
1909	3	160
1909	4	417
1909	5	1079
1909	6	630
1909	7	897
1909	8	754
1909	9	1174
1909	10	114
1909	11	302
1909	12	383
1910	1	173
1910	2	0
1910	3	68
1910	4	229
1910	5	552
1910	6	1431
1910	7	414
1910	8	1017
1910	9	300
1910	10	89
1910	11	73
1910	12	177
1911	1	63
1911	2	157
1911	3	83
1911	4	1140
1911	5	642
1911	6	201
1911	7	1248
1911	8	608
1911	9	203
1911	10	1222
1911	11	13
1911	12	216
1912	1	141
1912	2	190
1912	3	843
1912	4	436
1912	5	320
1912	6	315
1912	7	973
1912	8	958
1912	9	282
1912	10	198
1912	11	0
1912	12	26
1913	1	24
1913	2	226
1913	3	421
1913	4	717
1913	5	809
1913	6	287
1913	7	785
1913	8	567
1913	9	317
1913	10	162
1913	11	6
1913	12	506
1914	1	56
1914	2	228
1914	3	241
1914	4	710
1914	5	644
1914	6	506
1914	7	422
1914	8	1495
1914	9	458
1914	10	376
1914	11	0
1914	12	193
1915	1	399
1915	2	397
1915	3	574
1915	4	1482
1915	5	811
1915	6	1600
1915	7	760
1915	8	1039
1915	9	1001
1915	10	493
1915	11	35
1915	12	360
1916	1	266
1916	2	53
1916	3	18
1916	4	142
1916	5	517
1916	6	608
1916	7	569
1916	8	672
1916	9	658
1916	10	112
1916	11	228
1916	12	203
1917	1	152
1917	2	146
1917	3	404
1917	4	861
1917	5	966
1917	6	465
1917	7	630
1917	8	805
1917	9	564
1917	10	86
1917	11	46
1917	12	201
1918	1	58
1918	2	64
1918	3	85
1918	4	661
1918	5	923
1918	6	475
1918	7	1002
1918	8	520
1918	9	442
1918	10	660
1918	11	81
1918	12	234
1919	1	18
1919	2	233
1919	3	71
1919	4	411
1919	5	647
1919	6	1157
1919	7	658
1919	8	198
1919	9	240
1919	10	539
1919	11	572
1919	12	43
1920	1	0
1920	2	114
1920	3	180
1920	4	714
1920	5	1051
1920	6	932
1920	7	638
1920	8	1211
1920	9	76
1920	10	211
1920	11	33
1920	12	228
1921	1	76
1921	2	229
1921	3	200
1921	4	268
1921	5	986
1921	6	251
1921	7	543
1921	8	640
1921	9	242
1921	10	313
1921	11	15
1921	12	45
1922	1	181
1922	2	58
1922	3	96
1922	4	587
1922	5	599
1922	6	280
1922	7	1119
1922	8	356
1922	9	107
1922	10	48
1922	11	500
1922	12	8
1923	1	59
1923	2	43
1923	3	192
1923	4	397
1923	5	2028
1923	6	927
1923	7	444
1923	8	1027
1923	9	474
1923	10	318
1923	11	96
1923	12	76
1924	1	86
1924	2	129
1924	3	243
1924	4	124
1924	5	153
1924	6	853
1924	7	965
1924	8	504
1924	9	361
1924	10	283
1924	11	0
1924	12	457
1925	1	10
1925	2	58
1925	3	99
1925	4	465
1925	5	237
1925	6	834
1925	7	693
1925	8	1185
1925	9	242
1925	10	250
1925	11	18
1925	12	283
1926	1	50
1926	2	26
1926	3	25
1926	4	46
1926	5	396
1926	6	831
1926	7	968
1926	8	1061
1926	9	195
1926	10	449
1926	11	51
1926	12	58
1927	1	102
1927	2	30
1927	3	1019
1927	4	1445
1927	5	1264
1927	6	1050
1927	7	613
1927	8	714
1927	9	541
1927	10	87
1927	11	203
1927	12	330
1928	1	117
1928	2	96
1928	3	325
1928	4	66
1928	5	913
1928	6	930
1928	7	2048
1928	8	134
1928	9	219
1928	10	274
1928	11	886
1928	12	51
1929	1	151
1929	2	432
1929	3	310
1929	4	701
1929	5	741
1929	6	758
1929	7	633
1929	8	838
1929	9	833
1929	10	232
1929	11	106
1929	12	0
1930	1	203
1930	2	51
1930	3	46
1930	4	1147
1930	5	1087
1930	6	1242
1930	7	264
1930	8	1213
1930	9	173
1930	10	1733
1930	11	313
1930	12	191
1931	1	58
1931	2	188
1931	3	350
1931	4	162
1931	5	511
1931	6	270
1931	7	353
1931	8	854
1931	9	406
1931	10	90
1931	11	111
1931	12	134
1932	1	35
1932	2	104
1932	3	151
1932	4	567
1932	5	525
1932	6	1198
1932	7	807
1932	8	819
1932	9	140
1932	10	283
1932	11	0
1932	12	41
1933	1	81
1933	2	28
1933	3	364
1933	4	536
1933	5	830
1933	6	226
1933	7	800
1933	8	1453
1933	9	689
1933	10	0
1933	11	99
1933	12	120
1934	1	0
1934	2	155
1934	3	170
1934	4	137
1934	5	276
1934	6	532
1934	7	327
1934	8	505
1934	9	1102
1934	10	64
1934	11	53
1934	12	162
1935	1	23
1935	2	163
1935	3	180
1935	4	1220
1935	5	1460
1935	6	1086
1935	7	155
1935	8	540
1935	9	221
1935	10	94
1935	11	168
1935	12	71
1936	1	151
1936	2	91
1936	3	142
1936	4	539
1936	5	1009
1936	6	497
1936	7	249
1936	8	406
1936	9	316
1936	10	127
1936	11	15
1936	12	106
1937	1	132
1937	2	45
1937	3	112
1937	4	567
1937	5	480
1937	6	597
1937	7	231
1937	8	470
1937	9	475
1937	10	360
1937	11	54
1937	12	79
1938	1	51
1938	2	116
1938	3	604
1938	4	1585
1938	5	1095
1938	6	856
1938	7	411
1938	8	1392
1938	9	470
1938	10	23
1938	11	93
1938	12	17
1939	1	71
1939	2	162
1939	3	359
1939	4	437
1939	5	1229
1939	6	989
1939	7	618
1939	8	350
1939	9	74
1939	10	297
1939	11	0
1939	12	117
1940	1	104
1940	2	122
1940	3	180
1940	4	521
1940	5	145
1940	6	912
1940	7	179
1940	8	602
1940	9	198
1940	10	368
1940	11	203
1940	12	308
1941	1	160
1941	2	103
1941	3	270
1941	4	720
1941	5	503
1941	6	531
1941	7	672
1941	8	175
1941	9	819
1941	10	648
1941	11	27
1941	12	95
1942	1	89
1942	2	254
1942	3	523
1942	4	520
1942	5	1141
1942	6	1415
1942	7	290
1942	8	781
1942	9	818
1942	10	38
1942	11	63
1942	12	5
1943	1	51
1943	2	28
1943	3	224
1943	4	666
1943	5	344
1943	6	789
1943	7	986
1943	8	930
1943	9	330
1943	10	323
1943	11	30
1943	12	0
1944	1	480
1944	2	238
1944	3	318
1944	4	663
1944	5	1092
1944	6	963
1944	7	658
1944	8	459
1944	9	0
1944	10	33
1944	11	458
1944	12	43
1945	1	145
1945	2	168
1945	3	150
1945	4	506
1945	5	468
1945	6	1546
1945	7	905
1945	8	1095
1945	9	372
1945	10	82
1945	11	48
1945	12	200
1946	1	26
1946	2	35
1946	3	737
1946	4	66
1946	5	742
1946	6	254
1946	7	173
1946	8	453
1946	9	991
1946	10	1564
1946	11	313
1946	12	43
1947	1	172
1947	2	30
1947	3	43
1947	4	642
1947	5	721
1947	6	1761
1947	7	484
1947	8	196
1947	9	643
1947	10	235
1947	11	634
1947	12	144
1948	1	59
1948	2	59
1948	3	191
1948	4	135
1948	5	313
1948	6	1142
1948	7	870
1948	8	806
1948	9	653
1948	10	157
1948	11	213
1948	12	308
1949	1	450
1949	2	49
1949	3	935
1949	4	709
1949	5	1132
1949	6	975
1949	7	726
1949	8	941
1949	9	645
1949	10	367
1949	11	112
1949	12	221
1950	1	127
1950	2	280
1950	3	483
1950	4	360
1950	5	942
1950	6	169
1950	7	853
1950	8	809
1950	9	640
1950	10	112
1950	11	119
1950	12	61
1951	1	48
1951	2	105
1951	3	145
1951	4	580
1951	5	2042
1951	6	1080
1951	7	831
1951	8	599
1951	9	1014
1951	10	211
1951	11	157
1951	12	233
1952	1	206
1952	2	285
1952	3	242
1952	4	350
1952	5	953
1952	6	248
1952	7	346
1952	8	502
1952	9	66
1952	10	59
1952	11	160
1952	12	99
1953	1	122
1953	2	540
1953	3	233
1953	4	742
1953	5	451
1953	6	724
1953	7	733
1953	8	545
1953	9	0
1953	10	341
1953	11	373
1953	12	367
1954	1	16
1954	2	58
1954	3	495
1954	4	640
1954	5	410
1954	6	921
1954	7	143
1954	8	703
1954	9	445
1954	10	356
1954	11	38
1954	12	110
1955	1	135
1955	2	369
1955	3	138
1955	4	419
1955	5	640
1955	6	827
1955	7	348
1955	8	59
1955	9	347
1955	10	132
1955	11	110
1955	12	179
1956	1	184
1956	2	145
1956	3	41
1956	4	506
1956	5	313
1956	6	578
1956	7	406
1956	8	838
1956	9	76
1956	10	406
1956	11	233
1956	12	46
1957	1	21
1957	2	13
1957	3	347
1957	4	859
1957	5	1869
1957	6	656
1957	7	1006
1957	8	1607
1957	9	514
1957	10	497
1957	11	460
1957	12	159
1958	1	74
1958	2	370
1958	3	322
1958	4	719
1958	5	1079
1958	6	916
1958	7	1449
1958	8	443
1958	9	722
1958	10	0
1958	11	80
1958	12	59
1959	1	102
1959	2	153
1959	3	379
1959	4	452
1959	5	710
1959	6	737
1959	7	507
1959	8	717
1959	9	489
1959	10	581
1959	11	63
1959	12	33
1960	1	314
1960	2	440
1960	3	313
1960	4	717
1960	5	1100
1960	6	638
1960	7	373
1960	8	684
1960	9	249
1960	10	33
1960	11	127
1960	12	56
1961	1	0
1961	2	140
1961	3	594
1961	4	312
1961	5	1476
1961	6	331
1961	7	761
1961	8	485
1961	9	595
1961	10	147
1961	11	86
1961	12	87
1962	1	23
1962	2	188
1962	3	447
1962	4	251
1962	5	2018
1962	6	2339
1962	7	1949
1962	8	382
1962	9	463
1962	10	170
1962	11	0
1962	12	99
1963	1	339
1963	2	83
1963	3	368
1963	4	512
1963	5	482
1963	6	1289
1963	7	833
1963	8	1769
1963	9	627
1963	10	93
1963	11	71
1963	12	36
1964	1	0
1964	2	156
1964	3	293
1964	4	597
1964	5	604
1964	6	918
1964	7	776
1964	8	417
1964	9	422
1964	10	13
1964	11	25
1964	12	73
1965	1	102
1965	2	79
1965	3	64
1965	4	387
1965	5	1077
1965	6	1107
1965	7	584
1965	8	627
1965	9	1113
1965	10	168
1965	11	41
1965	12	244
1966	1	134
1966	2	99
1966	3	186
1966	4	585
1966	5	145
1966	6	988
1966	7	972
1966	8	318
1966	9	516
1966	10	75
1966	11	43
1966	12	193
1967	1	104
1967	2	31
1967	3	113
1967	4	262
1967	5	889
1967	6	1147
1967	7	617
1967	8	373
1967	9	571
1967	10	173
1967	11	109
1967	12	43
1968	1	79
1968	2	114
1968	3	26
1968	4	1383
1968	5	772
1968	6	432
1968	7	594
1968	8	1301
1968	9	150
1968	10	427
1968	11	94
1968	12	211
1969	1	183
1969	2	190
1969	3	23
1969	4	99
1969	5	196
1969	6	737
1969	7	719
1969	8	172
1969	9	304
1969	10	676
1969	11	48
1969	12	48
1970	1	43
1970	2	77
1970	3	177
1970	4	817
1970	5	380
1970	6	854
1970	7	475
1970	8	625
1970	9	468
1970	10	290
1970	11	222
1970	12	0
1971	1	127
1971	2	381
1971	3	543
1971	4	1279
1971	5	932
1971	6	892
1971	7	593
1971	8	473
1971	9	468
1971	10	557
1971	11	145
1971	12	168
1972	1	51
1972	2	0
1972	3	110
1972	4	774
1972	5	933
1972	6	974
1972	7	1463
1972	8	91
1972	9	386
1972	10	99
1972	11	559
1972	12	188
1973	1	152
1973	2	25
1973	3	441
1973	4	643
1973	5	1003
1973	6	282
1973	7	933
1973	8	388
1973	9	1408
1973	10	287
1973	11	185
1973	12	218
1974	1	380
1974	2	247
1974	3	191
1974	4	499
1974	5	680
1974	6	908
1974	7	174
1974	8	1059
1974	9	90
1974	10	341
1974	11	46
1974	12	76
1975	1	205
1975	2	168
1975	3	375
1975	4	799
1975	5	457
1975	6	1631
1975	7	1321
1975	8	197
1975	9	163
1975	10	89
1975	11	556
1975	12	89
1976	1	236
1976	2	13
1976	3	18
1976	4	1052
1976	5	532
1976	6	478
1976	7	1285
1976	8	1310
1976	9	328
1976	10	163
1976	11	25
1976	12	63
1977	1	0
1977	2	254
1977	3	158
1977	4	1142
1977	5	1386
1977	6	1591
1977	7	527
1977	8	1261
1977	9	280
1977	10	237
1977	11	244
1977	12	183
1978	1	51
1978	2	519
1978	3	69
1978	4	778
1978	5	1141
1978	6	491
1978	7	714
1978	8	681
1978	9	125
1978	10	158
1978	11	204
1978	12	465
1979	1	235
1979	2	10
1979	3	576
1979	4	531
1979	5	849
1979	6	1416
1979	7	1006
1979	8	389
1979	9	676
1979	10	513
1979	11	874
1979	12	13
1980	1	42
1980	2	458
1980	3	701
1980	4	178
1980	5	648
1980	6	317
1980	7	447
1980	8	896
1980	9	30
1980	10	211
1980	11	63
1980	12	46
1981	1	8
1981	2	245
1981	3	361
1981	4	212
1981	5	980
1981	6	685
1981	7	630
1981	8	783
1981	9	235
1981	10	301
1981	11	358
1981	12	286
1982	1	74
1982	2	15
1982	3	325
1982	4	505
1982	5	1392
1982	6	451
1982	7	274
1982	8	1254
1982	9	295
1982	10	629
1982	11	344
1982	12	427
1983	1	61
1983	2	36
1983	3	800
1983	4	393
1983	5	1846
1983	6	2430
1983	7	1021
1983	8	415
1983	9	163
1983	10	384
1983	11	511
1983	12	147
1984	1	238
1984	2	543
1984	3	231
1984	4	1313
1984	5	554
1984	6	693
1984	7	390
1984	8	328
1984	9	130
1984	10	626
1984	11	546
1984	12	62
1985	1	104
1985	2	0
1985	3	171
1985	4	621
1985	5	489
1985	6	435
1985	7	1090
1985	8	707
1985	9	416
1985	10	57
1985	11	118
1985	12	5
1986	1	0
1986	2	104
1986	3	396
1986	4	1007
1986	5	1452
1986	6	1048
1986	7	747
1986	8	709
1986	9	807
1986	10	442
1986	11	219
1986	12	41
1987	1	68
1987	2	589
1987	3	684
1987	4	444
1987	5	837
1987	6	700
1987	7	890
1987	8	484
1987	9	1665
1987	10	94
1987	11	390
1987	12	247
1988	1	386
1988	2	74
1988	3	81
1988	4	795
1988	5	1442
1988	6	717
1988	7	464
1988	8	897
1988	9	1193
1988	10	95
1988	11	169
1988	12	3
1989	1	337
1989	2	120
1989	3	103
1989	4	23
1989	5	531
1989	6	1376
1989	7	335
1989	8	940
1989	9	371
1989	10	16
1989	11	0
1989	12	18
1990	1	91
1990	2	41
1990	3	467
1990	4	396
1990	5	1276
1990	6	364
1990	7	643
1990	8	359
1990	9	184
1990	10	384
1990	11	427
1990	12	13
1991	1	36
1991	2	58
1991	3	422
1991	4	608
1991	5	1606
1991	6	933
1991	7	290
1991	8	891
1991	9	545
1991	10	321
1991	11	380
1991	12	30
1992	1	183
1992	2	267
1992	3	922
1992	4	23
1992	5	264
1992	6	1244
1992	7	905
1992	8	1497
1992	9	41
1992	10	259
1992	11	135
1992	12	79
1993	1	287
1993	2	511
1993	3	235
1993	4	583
1993	5	887
1993	6	1538
1993	7	1655
1993	8	667
1993	9	236
1993	10	229
1993	11	244
1993	12	109
1994	1	237
1994	2	175
1994	3	20
1994	4	560
1994	5	86
1994	6	1661
1994	7	1338
1994	8	148
1994	9	43
1994	10	758
1994	11	234
1994	12	281
1995	1	71
1995	2	61
1995	3	603
1995	4	965
1995	5	1767
1995	6	952
1995	7	423
1995	8	388
1995	9	863
1995	10	1011
1995	11	66
1995	12	18
1996	1	487
1996	2	8
1996	3	188
1996	4	270
1996	5	1477
1996	6	1020
1996	7	1164
1996	8	831
1996	9	1135
1996	10	104
1996	11	191
1996	12	54
1997	1	31
1997	2	271
1997	3	46
1997	4	566
1997	5	500
1997	6	1411
1997	7	925
1997	8	359
1997	9	1009
1997	10	1091
1997	11	3
1997	12	109
1998	1	113
1998	2	68
1998	3	207
1998	4	317
1998	5	782
1998	6	1552
1998	7	1070
1998	8	440
1998	9	71
1998	10	579
1998	11	663
1998	12	65
1999	1	84
1999	2	201
1999	3	253
1999	4	783
1999	5	632
1999	6	1532
1999	7	404
1999	8	450
1999	9	362
1999	10	23
1999	11	69
1999	12	8
2000	1	123
2000	2	150
2000	3	245
2000	4	266
2000	5	929
2000	6	1092
2000	7	394
2000	8	236
2000	9	181
2000	10	516
2000	11	348
2000	12	43
2001	1	251
2001	2	151
2001	3	156
2001	4	1824
2001	5	717
2001	6	284
2001	7	984
2001	8	610
2001	9	844
2001	10	139
2001	11	529
2001	12	10
2002	1	25
2002	2	6
2002	3	283
2002	4	272
2002	5	567
2002	6	543
2002	7	171
2002	8	378
2002	9	283
2002	10	533
2002	11	16
2002	12	56
2003	1	169
2003	2	190
2003	3	292
2003	4	1073
2003	5	542
2003	6	853
2003	7	361
2003	8	40
2003	9	201
2003	10	147
2003	11	126
2003	12	38
2004	1	75
2004	2	315
2004	3	296
2004	4	420
2004	5	464
2004	6	572
2004	7	1352
2004	8	1031
2004	9	650
2004	10	151
2004	11	383
2004	12	14
2005	1	224
2005	2	145
2005	3	521
2005	4	722
2005	5	850
2005	6	873
2005	7	180
2005	8	1212
2005	9	24
2005	10	135
2005	11	427
2005	12	93
2006	1	41
2006	2	170
2006	3	962
2006	4	454
2006	5	90
2006	6	910
2006	7	902
2006	8	379
2006	9	898
2006	10	279
2006	11	27
2006	12	849
2007	1	224
2007	2	776
2007	3	403
2007	4	1077
2007	5	1206
2007	6	1054
2007	7	521
2007	8	365
2007	9	548
2007	10	313
2007	11	8
2007	12	330
2008	1	14
2008	2	16
2008	3	222
2008	4	1009
2008	5	1453
2008	6	690
2008	7	599
2008	8	880
2008	9	1026
2008	10	1608
2008	11	138
2008	12	132
2009	1	193
2009	2	318
2009	3	229
2009	4	872
2009	5	649
2009	6	1585
2009	7	608
2009	8	466
2009	9	410
2009	10	1252
2009	11	11
2009	12	477
2010	1	54
2010	2	335
2010	3	548
2010	4	691
2010	5	816
2010	6	1897
2010	7	1008
2010	8	1490
2010	9	635
2010	10	358
2010	11	110
2010	12	117
2011	1	411
2011	2	272
2011	3	424
2011	4	580
2011	5	786
2011	6	571
2011	7	736
2011	8	262
2011	9	225
2011	10	590
2011	11	79
2011	12	65
2012	1	36
2012	2	535
2012	3	180
2012	4	1614
2012	5	320
2012	6	43
2012	7	452
2012	8	140
2012	9	44
2012	10	99
2012	11	13
2012	12	237
2013	1	50
2013	2	401
2013	3	97
2013	4	406
2013	5	952
2013	6	1121
2013	7	302
2013	8	656
2013	9	277
2013	10	255
2013	11	135
2013	12	44
2014	1	79
2014	2	168
2014	3	153
2014	4	267
2014	5	299
2014	6	2181
2014	7	239
2014	8	791
2014	9	312
2014	10	156
2014	11	28
2014	12	301
2015	1	64
2015	2	336
2015	3	13
2015	4	1136
2015	5	1398
2015	6	1093
2015	7	839
2015	8	516
2015	9	345
2015	10	456
