1871	7	1341
1871	8	818
1871	9	367
1871	10	1011
1871	11	730
1871	12	702
1872	1	273
1872	2	649
1872	3	616
1872	4	299
1872	5	743
1872	6	599
1872	7	1156
1872	8	956
1872	9	1514
1872	10	1719
1872	11	913
1872	12	750
1873	1	904
1873	2	287
1873	3	1022
1873	4	756
1873	5	362
1873	6	675
1873	7	855
1873	8	705
1873	9	1009
1873	10	2058
1873	11	1132
1874	1	1068
1874	2	511
1874	3	849
1874	4	741
1874	5	1546
1874	6	911
1874	7	1646
1874	8	483
1874	9	881
1874	10	740
1874	11	633
1874	12	376
1875	1	580
1875	2	315
1875	3	582
1875	4	322
1875	5	1720
1875	6	864
1875	7	1127
1875	8	653
1875	10	1399
1875	11	665
1875	12	647
1876	1	800
1876	2	725
1876	3	1024
1876	4	556
1876	5	1064
1876	6	944
1876	7	1201
1876	8	657
1876	9	1234
1876	10	732
1876	11	457
1876	12	511
1877	1	574
1877	2	99
1877	3	1098
1877	4	874
1877	5	184
1877	6	732
1877	7	939
1877	8	748
1877	9	528
1877	10	1378
1877	11	1150
1877	12	408
1878	1	689
1878	2	208
1878	3	760
1878	4	921
1878	5	1258
1878	6	492
1878	7	1438
1878	8	1248
1878	9	537
1878	10	1630
1878	11	1251
1878	12	1094
1879	1	786
1879	2	541
1879	3	891
1879	4	300
1879	5	225
1879	6	1167
1879	7	1320
1879	8	403
1879	9	898
1879	10	343
1879	11	1088
1879	12	930
1880	1	559
1880	2	724
1880	3	450
1880	4	1002
1880	5	708
1880	6	735
1880	7	1452
1880	8	379
1880	9	658
1880	10	1828
1880	11	1148
1880	12	296
1881	1	411
1881	2	497
1881	3	919
1881	4	126
1881	5	1393
1881	6	355
1881	7	985
1881	8	580
1881	9	707
1881	10	1335
1881	11	575
1881	12	780
1882	1	645
1882	2	588
1882	3	871
1882	4	400
1882	5	548
1882	6	1233
1882	7	1537
1882	8	688
1882	9	1032
1882	10	373
1882	11	349
1882	12	633
1883	1	377
1883	2	462
1883	3	702
1883	4	350
1883	5	2016
1883	6	1071
1883	7	1383
1883	8	296
1883	9	988
1883	10	913
1883	11	702
1883	12	659
1884	1	820
1884	2	924
1884	3	814
1884	4	588
1884	5	909
1884	6	844
1884	7	1212
1884	8	843
1884	9	831
1884	10	855
1884	11	678
1884	12	854
1885	1	539
1885	2	837
1885	3	617
1885	4	801
1885	5	686
1885	6	956
1885	7	934
1885	8	655
1885	9	1281
1885	10	2228
1885	11	873
1885	12	893
1886	1	675
1886	2	362
1886	3	739
1886	4	268
1886	5	913
1886	6	1093
1886	7	1040
1886	8	1276
1886	9	1058
1886	10	703
1886	11	1428
1886	12	686
1887	1	1074
1887	2	780
1887	3	714
1887	4	719
1887	5	471
1887	6	967
1887	7	692
1887	8	349
1887	9	350
1887	10	954
1887	11	1041
1887	12	924
1888	1	529
1888	2	601
1888	3	739
1888	4	510
1888	5	906
1888	6	1105
1888	7	494
1888	8	2178
1888	9	1007
1888	10	1500
1888	11	1495
1888	12	752
1889	1	1070
1889	2	740
1889	3	420
1889	4	744
1889	5	986
1889	6	1232
1889	7	2379
1889	8	818
1889	9	1036
1889	10	1046
1889	11	785
1889	12	926
1890	1	982
1890	2	1139
1890	3	450
1890	4	578
1890	5	1955
1890	6	829
1890	7	848
1890	8	1709
1890	9	1174
1890	10	758
1890	11	885
1890	12	653
1891	1	732
1891	2	780
1891	3	964
1891	4	939
1891	5	530
1891	6	548
1893	1	403
1893	2	623
1893	3	292
1893	4	639
1893	5	1356
1893	6	956
1893	7	1297
1893	8	1648
1893	9	597
1893	10	431
1893	11	508
1893	12	1205
1894	1	629
1894	2	332
1894	3	461
1894	4	275
1894	5	1121
1894	6	867
1894	7	743
1894	8	312
1894	9	954
1894	10	1271
1894	11	749
1894	12	638
1895	1	470
1895	2	605
1895	3	355
1895	4	694
1895	5	922
1895	6	706
1895	7	684
1895	8	1482
1895	9	1076
1895	10	188
1895	11	1316
1895	12	1145
1896	1	405
1896	2	1079
1896	3	1222
1896	4	411
1896	5	597
1896	6	955
1896	7	1072
1896	8	1064
1896	9	1148
1896	10	414
1896	11	938
1896	12	277
1897	1	582
1897	2	515
1897	3	886
1897	4	1096
1897	5	959
1897	6	807
1897	7	2310
1897	8	544
1897	9	557
1897	10	338
1897	11	1311
1897	12	1002
1898	1	1130
1898	2	815
1898	3	457
1898	4	522
1898	5	819
1898	6	1154
1898	7	707
1898	8	1070
1898	9	1256
1898	10	1179
1898	11	665
1898	12	645
1899	1	649
1899	2	387
1899	3	1095
1899	4	322
1899	5	336
1899	6	455
1899	7	1126
1899	8	643
1899	9	1161
1899	10	841
1899	11	652
1899	12	1016
1900	1	864
1900	2	910
1900	3	1036
1900	4	275
1900	5	653
1900	6	1081
1900	7	1110
1900	8	1172
1900	9	1204
1900	10	651
1900	11	1983
1900	12	497
1901	1	522
1901	2	331
1901	3	969
1901	4	998
1901	5	1175
1901	6	1072
1901	7	1149
1901	8	1014
1901	9	1162
1901	10	937
1901	11	767
1901	12	1019
1902	1	515
1902	2	700
1902	3	1007
1902	4	962
1902	5	1159
1902	6	1395
1902	7	937
1902	8	799
1902	9	522
1902	10	1278
1902	11	531
1902	12	856
1903	1	864
1903	2	932
1903	3	1079
1903	4	710
1903	5	16
1903	6	1550
1903	7	1232
1903	8	791
1903	9	223
1903	10	1291
1903	11	283
1903	12	718
1904	1	744
1904	2	406
1904	3	571
1904	4	858
1904	5	605
1904	6	751
1904	7	920
1904	8	1090
1904	9	1576
1904	10	1047
1904	11	221
1904	12	576
1905	1	648
1905	2	553
1905	3	422
1905	4	543
1905	5	927
1905	6	1455
1905	7	1648
1905	8	805
1905	9	1118
1905	10	872
1905	11	597
1905	12	807
1906	1	358
1906	2	409
1906	3	531
1906	4	335
1906	5	724
1906	6	1221
1906	7	1081
1906	8	563
1906	9	878
1906	10	987
1906	11	624
1906	12	1000
1907	1	414
1907	2	428
1907	3	595
1907	4	773
1907	5	756
1907	6	709
1907	7	976
1907	8	253
1907	9	1854
1907	10	1068
1907	11	778
1907	12	913
1908	1	811
1908	2	1279
1908	3	637
1908	4	551
1908	5	1181
1908	6	394
1908	7	744
1908	8	516
1908	9	421
1908	10	491
1908	11	712
1908	12	955
1909	1	1128
1909	2	714
1909	3	798
1909	4	1087
1909	5	1216
1909	6	518
1909	7	935
1909	8	660
1909	9	925
1909	10	276
1909	11	823
1909	12	576
1910	1	841
1910	2	1133
1910	3	439
1910	4	568
1910	5	1358
1910	6	751
1910	7	968
1910	8	1077
1910	9	690
1910	10	1125
1910	11	523
1910	12	1014
1911	1	805
1911	2	839
1911	3	1012
1911	4	365
1911	5	825
1911	6	975
1911	7	663
1911	8	717
1911	9	829
1911	10	756
1911	11	823
1911	12	851
1912	1	659
1912	2	512
1912	3	573
1912	4	878
1912	5	2058
1912	6	435
1912	7	728
1912	8	1028
1912	9	1476
1912	10	929
1912	11	1159
1912	12	698
1913	1	1279
1913	2	397
1913	3	1380
1913	4	924
1913	5	822
1913	6	550
1913	7	819
1913	8	545
1913	9	734
1913	10	1444
1913	11	663
1913	12	687
1914	1	520
1914	2	266
1914	3	722
1914	4	732
1914	5	267
1914	6	780
1914	7	685
1914	8	1018
1914	9	554
1914	10	626
1914	11	802
1914	12	786
1915	1	630
1915	2	805
1915	3	256
1915	4	286
1915	5	503
1915	6	809
1915	7	770
1915	8	1118
1915	9	654
1915	10	364
1915	11	456
1915	12	865
1916	1	721
1916	2	683
1916	3	621
1916	4	581
1916	5	1072
1916	6	1283
1916	7	811
1916	8	499
1916	9	975
1916	10	951
1916	11	538
1916	12	852
1917	1	1084
1917	2	587
1917	3	835
1917	4	772
1917	5	731
1917	6	1190
1917	7	970
1917	8	1092
1917	9	712
1917	10	1423
1917	11	337
1917	12	642
1918	1	588
1918	2	936
1918	3	602
1918	4	536
1918	5	869
1918	6	1105
1918	7	1010
1918	8	666
1918	9	1750
1918	10	2098
1918	11	1144
1918	12	821
1919	1	400
1919	2	379
1919	3	1172
1919	4	804
1919	5	1098
1919	6	944
1919	7	715
1919	8	740
1919	9	952
1919	10	1805
1919	11	658
1919	12	444
1920	1	544
1920	2	916
1920	3	778
1920	4	1141
1920	5	401
1920	6	413
1920	7	1419
1920	8	707
1920	9	1006
1920	10	888
1920	11	686
1920	12	1487
1921	1	356
1921	2	464
1921	3	797
1921	4	576
1921	5	318
1921	6	581
1921	7	1027
1921	8	748
1921	9	651
1921	10	1245
1921	11	895
1921	12	585
1922	1	368
1922	2	695
1922	3	637
1922	4	1317
1922	5	570
1922	6	1789
1922	7	690
1922	8	914
1922	9	295
1922	10	899
1922	11	352
1922	12	440
1923	1	754
1923	2	470
1923	3	772
1923	4	709
1923	5	717
1923	6	1214
1923	7	585
1923	8	798
1923	9	639
1923	10	1038
1923	11	1222
1923	12	772
1924	1	922
1924	2	550
1924	3	321
1924	4	1214
1924	5	1161
1924	6	748
1924	7	1065
1924	8	872
1924	9	1636
1924	10	248
1924	11	756
1924	12	609
1925	1	784
1925	2	645
1925	3	829
1925	4	609
1925	5	857
1925	6	1044
1925	7	1208
1925	8	476
1925	9	1746
1925	10	1241
1925	11	900
1925	12	827
1926	1	445
1926	2	573
1926	3	791
1926	4	742
1926	5	402
1926	6	1127
1926	7	977
1926	8	1355
1926	9	889
1926	10	1492
1926	11	666
1926	12	510
1927	1	439
1927	2	580
1927	3	462
1927	4	318
1927	5	1237
1927	6	526
1927	7	1286
1927	8	716
1927	9	601
1927	10	1178
1927	11	2766
1927	12	1216
1928	1	869
1928	2	539
1928	3	986
1928	4	730
1928	5	990
1928	6	746
1928	7	1092
1928	8	751
1928	9	875
1928	10	1077
1928	11	1124
1928	12	339
1929	1	853
1929	2	310
1929	3	1204
1929	4	1406
1929	5	1225
1929	6	1927
1929	7	731
1929	8	1282
1929	9	524
1929	10	1407
1929	11	845
1929	12	944
1930	1	1018
1930	2	221
1930	3	1264
1930	4	813
1930	5	1560
1930	6	1320
1930	7	897
1930	8	595
1930	9	573
1930	10	458
1930	11	628
1930	12	381
1931	1	623
1931	2	425
1931	3	425
1931	4	638
1931	5	876
1931	6	699
1931	7	1496
1931	8	345
1931	9	1483
1931	10	898
1931	11	796
1931	12	839
1932	1	879
1932	2	616
1932	3	1702
1932	4	1148
1932	5	576
1932	6	533
1932	7	2330
1932	8	1082
1932	9	296
1932	10	1771
1932	11	775
1932	12	769
1933	1	708
1933	2	752
1933	3	1230
1933	4	1014
1933	5	1268
1933	6	387
1933	7	880
1933	8	859
1933	9	787
1933	10	553
1933	11	748
1933	12	1177
1934	1	641
1934	2	342
1934	3	735
1934	4	770
1934	5	409
1934	6	1100
1934	7	329
1934	8	419
1934	9	577
1934	10	452
1934	11	779
1934	12	647
1935	1	964
1935	2	571
1935	3	415
1935	4	1345
1935	5	646
1935	6	1337
1935	7	1951
1935	8	936
1935	9	1230
1935	10	491
1935	11	565
1935	12	457
1936	1	566
1936	2	445
1936	3	777
1936	4	1068
1936	5	1207
1936	6	853
1936	7	1281
1936	8	612
1936	9	952
1936	10	1410
1936	11	993
1936	12	623
1937	1	853
1937	2	397
1937	3	745
1937	4	685
1937	5	1467
1937	6	1652
1937	7	1133
1937	8	1545
1937	9	727
1937	10	783
1937	11	700
1937	12	564
1938	1	522
1938	2	814
1938	3	933
1938	4	804
1938	5	815
1938	6	757
1938	7	848
1938	8	455
1938	9	1646
1938	10	344
1938	11	529
1938	12	824
1939	1	501
1939	2	917
1939	3	670
1939	4	881
1939	5	643
1939	6	979
1939	7	825
1939	8	693
1939	9	981
1939	10	772
1939	11	444
1939	12	1000
1940	1	340
1940	2	485
1940	3	768
1940	4	579
1940	5	655
1940	6	1137
1940	7	1116
1940	8	413
1940	9	839
1940	10	599
1940	11	1222
1940	12	1018
1941	1	446
1941	2	407
1941	3	494
1941	4	253
1941	5	635
1941	6	763
1941	7	697
1941	8	635
1941	9	259
1941	10	1608
1941	11	723
1941	12	625
1942	1	556
1942	2	569
1942	3	781
1942	4	1249
1942	5	563
1942	6	1002
1942	7	680
1942	8	741
1942	9	1170
1942	10	754
1942	11	740
1942	12	1260
1943	1	294
1943	2	747
1943	3	377
1943	4	982
1943	5	1402
1943	6	1194
1943	7	1097
1943	8	1312
1943	9	616
1943	10	1130
1943	11	991
1943	12	454
1944	1	570
1944	2	683
1944	3	337
1944	4	864
1944	5	456
1944	6	1180
1944	7	464
1944	8	444
1944	9	1604
1944	10	754
1944	11	661
1944	12	752
1945	1	689
1945	2	441
1945	3	522
1945	4	1158
1945	5	1847
1945	6	462
1945	7	1526
1945	8	548
1945	9	1580
1945	10	1273
1945	11	1137
1945	12	375
1946	1	623
1946	2	435
1946	3	406
1946	4	867
1946	5	1196
1946	6	583
1946	7	650
1946	8	489
1946	9	1275
1946	10	1491
1946	11	1139
1946	12	1317
1947	1	1413
1947	2	554
1947	3	724
1947	4	1018
1947	5	1765
1947	6	1787
1947	7	1776
1947	8	721
1947	9	1109
1947	10	130
1947	11	909
1947	12	626
1948	1	372
1948	2	672
1948	3	702
1948	4	1003
1948	5	898
1948	6	675
1948	7	1268
1948	8	1139
1948	9	246
1948	10	682
1948	11	1366
1948	12	1181
1949	1	733
1949	2	811
1949	3	701
1949	4	969
1949	5	869
1949	6	420
1949	7	654
1949	8	1233
1949	9	880
1949	10	521
1949	11	994
1949	12	886
1950	1	717
1950	2	552
1950	3	721
1950	4	481
1950	5	423
1950	6	516
1950	7	1043
1950	8	1294
1950	9	814
1950	10	679
1950	11	1316
1950	12	830
1951	1	697
1951	2	997
1951	3	917
1951	4	990
1951	5	470
1951	6	1153
1951	7	1259
1951	8	637
1951	9	724
1951	10	466
1951	11	1246
1951	12	690
1952	1	513
1952	2	519
1952	3	687
1952	4	460
1952	5	1111
1952	6	832
1952	7	872
1952	8	407
1952	9	947
1952	10	1241
1952	11	331
1952	12	1740
1953	1	571
1953	2	553
1953	3	838
1953	4	1156
1953	5	1216
1953	6	486
1953	7	1029
1953	8	815
1953	9	940
1953	10	570
1953	11	379
1953	12	806
1954	1	823
1954	2	1192
1954	3	748
1954	4	1486
1954	5	1097
1954	6	1551
1954	7	788
1954	8	1714
1954	9	1627
1954	10	1345
1954	11	1066
1954	12	1389
1955	1	292
1955	2	540
1955	3	1374
1955	4	386
1955	5	727
1955	6	599
1955	7	560
1955	8	1316
1955	9	668
1955	10	930
1955	11	379
1955	12	297
1956	1	458
1956	2	620
1956	3	938
1956	4	815
1956	5	1523
1956	6	470
1956	7	421
1956	8	843
1956	9	813
1956	10	440
1956	11	630
1956	12	763
1957	1	723
1957	2	555
1957	3	445
1957	4	485
1957	5	897
1957	6	1152
1957	7	1517
1957	8	165
1957	9	1459
1957	10	383
1957	11	864
1957	12	834
1958	1	726
1958	2	862
1958	3	453
1958	4	573
1958	5	694
1958	6	1408
1958	7	1157
1958	8	768
1958	9	1507
1958	10	1373
1958	11	597
1958	12	442
1959	1	932
1959	2	841
1959	3	438
1959	4	375
1959	5	576
1959	6	1223
1959	7	641
1959	8	1419
1959	9	454
1959	10	1477
1959	11	1018
1959	12	957
1960	1	704
1960	2	1084
1960	3	413
1960	4	860
1960	5	719
1960	6	836
1960	7	157
1960	8	366
1960	9	878
1960	10	1392
1960	11	569
1960	12	364
1961	1	378
1961	2	607
1961	3	667
1961	4	1115
1961	5	724
1961	6	1227
1961	7	1344
1961	8	615
1961	9	395
1961	10	749
1961	11	912
1961	12	582
1962	1	750
1962	2	501
1962	3	307
1962	4	980
1962	5	350
1962	6	592
1962	7	1597
1962	8	1184
1962	9	747
1962	10	1183
1962	11	560
1962	12	600
1963	1	467
1963	2	531
1963	3	710
1963	4	1058
1963	5	714
1963	6	548
1963	7	685
1963	8	1576
1963	9	764
1963	10	376
1963	11	1032
1963	12	244
1964	1	722
1964	2	222
1964	3	403
1964	4	473
1964	5	1342
1964	6	531
1964	7	1102
1964	8	1061
1964	9	770
1964	10	518
1964	11	736
1964	12	639
1965	1	491
1965	2	509
1965	3	247
1965	4	795
1965	5	440
1965	6	462
1965	7	776
1965	8	1651
1965	9	953
1965	10	1112
1965	11	1397
1965	12	536
1966	1	650
1966	2	601
1966	3	693
1966	4	186
1966	5	712
1966	6	834
1966	7	990
1966	8	1251
1966	9	909
1966	10	601
1966	11	640
1966	12	1016
1967	1	496
1967	2	471
1967	3	235
1967	4	1208
1967	5	871
1967	6	1139
1967	7	1545
1967	8	980
1967	9	762
1967	10	1104
1967	11	1140
1967	12	570
1968	1	529
1968	2	507
1968	3	754
1968	4	602
1968	5	897
1968	6	678
1968	7	1051
1968	8	811
1968	9	872
1968	10	879
1968	11	1486
1968	12	1225
1969	1	575
1969	2	351
1969	3	417
1969	4	897
1969	5	996
1969	6	741
1969	7	565
1969	8	954
1969	9	511
1969	10	848
1969	11	850
1969	12	1049
1970	1	380
1970	2	501
1970	3	490
1970	4	520
1970	5	949
1970	6	1097
1970	7	1057
1970	8	1529
1970	9	1615
1970	10	1080
1970	11	861
1970	12	1524
1971	1	631
1971	2	879
1971	3	1300
1971	4	672
1971	5	1158
1971	6	940
1971	7	971
1971	8	1744
1971	9	656
1971	10	318
1971	11	599
1971	12	1075
1972	1	576
1972	2	957
1972	3	811
1972	4	547
1972	5	908
1972	6	1610
1972	7	1854
1972	8	1237
1972	9	492
1972	10	924
1972	11	1052
1972	12	1595
1973	1	934
1973	2	683
1973	3	751
1973	4	1203
1973	5	1658
1973	6	1881
1973	7	737
1973	8	1293
1973	9	1381
1973	10	733
1973	11	951
1973	12	1548
1974	1	769
1974	2	494
1974	3	1265
1974	4	1323
1974	5	1173
1974	6	947
1974	7	2205
1974	8	589
1974	9	1058
1974	10	403
1974	11	1121
1974	12	904
1975	1	858
1975	2	637
1975	3	973
1975	4	1032
1975	5	497
1975	6	566
1975	7	672
1975	8	787
1975	9	1878
1975	10	941
1975	11	1202
1975	12	919
1976	1	1013
1976	2	1194
1976	3	1002
1976	4	706
1976	5	1373
1976	6	1193
1976	7	1092
1976	8	1024
1976	9	1197
1976	10	1146
1976	11	492
1976	12	645
1977	1	531
1977	2	430
1977	3	1056
1977	4	724
1977	5	212
1977	6	971
1977	7	712
1977	8	1407
1977	9	1804
1977	10	1888
1977	11	772
1977	12	1024
1978	1	1164
1978	2	634
1978	3	945
1978	4	843
1978	5	473
1978	6	1339
1978	7	460
1978	8	1147
1978	9	711
1978	10	1019
1978	11	393
1978	12	908
1979	1	1269
1979	2	292
1979	3	487
1979	4	1092
1979	5	920
1979	6	473
1979	7	1615
1979	8	1723
1979	9	1385
1979	10	1005
1979	11	939
1979	12	825
1980	1	292
1980	2	306
1980	3	777
1980	4	735
1980	5	284
1980	6	1068
1980	7	922
1980	8	1112
1980	9	1228
1980	10	668
1980	11	1052
1980	12	968
1981	1	282
1981	2	835
1981	3	665
1981	4	787
1981	5	652
1981	6	963
1981	7	1380
1981	8	2362
1981	9	1951
1981	10	1429
1981	11	890
1981	12	592
1982	1	544
1982	2	601
1982	3	490
1982	4	556
1982	5	338
1982	6	896
1982	7	610
1982	8	954
1982	9	889
1982	10	593
1982	11	1288
1982	12	722
1983	1	495
1983	2	504
1983	3	477
1983	4	1206
1983	5	1299
1983	6	895
1983	7	594
1983	8	1417
1983	9	819
1983	10	914
1983	11	1173
1983	12	1668
1984	1	340
1984	2	645
1984	3	486
1984	4	589
1984	5	1456
1984	6	613
1984	7	374
1984	8	1868
1984	9	608
1984	10	312
1984	11	879
1984	12	1628
1985	1	589
1985	2	991
1985	3	951
1985	4	789
1985	5	890
1985	6	1259
1985	7	1060
1985	8	564
1985	9	1289
1985	10	977
1985	11	905
1985	12	657
1986	1	984
1986	2	374
1986	3	779
1986	4	521
1986	5	1130
1986	6	1333
1986	7	1396
1986	8	2099
1986	9	1361
1986	10	1079
1986	11	821
1986	12	785
1987	1	817
1987	2	341
1987	3	556
1987	4	493
1987	5	676
1987	6	994
1987	7	1365
1987	8	699
1987	9	1136
1987	10	644
1987	11	1296
1987	12	611
1988	1	339
1988	2	808
1988	3	480
1988	4	863
1988	5	414
1988	6	821
1988	7	1891
1988	8	1402
1988	9	753
1988	10	1079
1988	11	1760
1988	12	513
1989	1	659
1989	2	335
1989	3	1030
1989	4	436
1989	5	1122
1989	6	886
1989	7	1303
1989	8	1572
1989	9	1050
1989	10	937
1989	11	1498
1989	12	314
1990	1	927
1990	2	1088
1990	3	489
1990	4	789
1990	5	959
1990	6	1931
1990	7	1365
1990	8	2856
1990	9	559
1990	10	1974
1990	11	568
1990	12	659
1991	1	570
1991	2	312
1991	3	367
1991	4	678
1991	5	771
1991	6	242
1991	7	473
1991	8	1899
1991	9	923
1991	10	739
1991	11	372
1991	12	495
1992	1	405
1992	2	653
1992	3	411
1992	4	122
1992	5	564
1992	6	624
1992	7	996
1992	8	1709
1992	9	998
1992	10	763
1992	11	861
1992	12	172
1993	1	843
1993	2	881
1993	3	980
1993	4	1254
1993	5	408
1993	6	1210
1993	7	1125
1993	8	926
1993	9	1415
1993	10	847
1993	11	750
1993	12	865
1994	1	765
1994	2	571
1994	3	505
1994	4	801
1994	5	1151
1994	6	1488
1994	7	1036
1994	8	1347
1994	9	670
1994	10	150
1994	11	1537
1994	12	396
1995	1	700
1995	2	596
1995	3	312
1995	4	300
1995	5	326
1995	6	682
1995	7	1441
1995	8	1368
1995	9	560
1995	10	1578
1995	11	769
1995	12	570
1996	1	771
1996	2	447
1996	3	206
1996	4	1056
1996	5	1160
1996	6	1329
1996	7	1591
1996	8	500
1996	9	772
1996	10	732
1996	11	1418
1996	12	785
1997	1	451
1997	2	548
1997	3	809
1997	4	649
1997	5	606
1997	6	603
1997	7	787
1997	8	1561
1997	9	824
1997	10	656
1997	11	972
1997	12	466
1998	1	1622
1998	2	444
1998	3	844
1998	4	414
1998	5	403
1998	6	2443
1998	7	1348
1998	8	1133
1998	9	1212
1998	10	713
1998	11	337
1998	12	464
1999	1	1142
1999	2	91
1999	3	607
1999	4	216
1999	5	376
1999	6	855
1999	7	1866
1999	8	400
1999	9	1993
1999	10	1332
1999	11	664
1999	12	416
2000	1	545
2000	2	832
2000	3	826
2000	4	1451
2000	5	1512
2000	6	936
2000	7	1036
2000	8	897
2000	9	1304
2000	10	377
2000	11	856
2000	12	637
2001	1	410
2001	2	434
2001	3	973
2001	4	119
2001	5	767
2001	6	733
2001	7	506
2001	8	1191
2001	9	913
2001	10	771
2001	11	768
2001	12	658
2002	1	448
2002	2	496
2002	3	443
2002	4	891
2002	5	1211
2002	6	1945
2002	7	1223
2002	8	141
2002	9	1254
2002	10	1349
2002	11	903
2002	12	207
2003	1	370
2003	2	343
2003	3	887
2003	4	491
2003	5	1220
2003	6	967
2003	7	1252
2003	8	772
2003	9	774
2003	10	1801
2003	11	979
2003	12	1017
2004	1	251
2004	2	280
2004	3	634
2004	4	876
2004	5	1016
2004	6	1004
2004	7	381
2004	8	1828
2004	9	681
2004	10	454
2004	11	811
2004	12	899
2005	1	667
2005	2	415
2005	3	280
2005	4	1205
2005	5	569
2005	6	999
2005	7	1309
2005	8	596
2005	9	2288
2005	10	1926
2005	11	927
2005	12	616
2006	1	835
2006	2	534
2006	3	253
2006	4	668
2006	5	891
2006	6	1352
2006	7	874
2006	8	1386
2006	9	932
2006	10	1223
2006	11	532
2006	12	1140
2007	1	844
2007	2	226
2007	3	608
2007	4	1314
2007	5	773
2007	6	518
2007	7	1997
2007	8	626
2007	9	1145
2007	10	1549
2007	11	1114
2007	12	1000
2008	1	383
2008	2	787
2008	3	978
2008	4	699
2008	5	585
2008	6	1262
2008	7	997
2008	8	893
2008	9	999
2008	10	1173
2008	11	642
2008	12	944
2009	1	349
2009	2	444
2009	3	335
2009	4	740
2009	5	841
2009	6	547
2009	7	1421
2009	8	604
2009	9	752
2009	10	1141
2009	11	619
2009	12	722
2010	1	372
2010	2	389
2010	3	388
2010	4	525
2010	5	426
2010	6	1738
2010	7	999
2010	8	1529
2010	9	1026
2010	10	2612
2010	11	528
2010	12	648
2011	1	250
2011	2	671
2011	3	1027
2011	4	1353
2011	5	1807
2011	6	496
2011	7	452
2011	8	2302
2011	9	1542
2011	10	832
2011	11	437
2011	12	783
2012	1	681
2012	2	453
2012	3	517
2012	4	986
2012	5	791
2012	6	1027
2012	7	518
2012	8	286
2012	9	1609
2012	10	1047
2012	11	271
2012	12	1276
2013	1	410
2013	2	449
2013	3	214
2013	4	592
2013	5	1315
2013	6	2199
2013	7	950
2013	8	691
2013	9	1532
2013	10	500
2013	11	991
2013	12	930
2014	1	398
2014	2	439
2014	3	768
2014	4	1048
2014	5	1157
2014	6	1406
2014	7	1050
2014	8	1004
2014	9	893
2014	10	790
2014	11	461
2014	12	743
2015	1	485
2015	2	372
2015	3	267
2015	4	664
2015	5	468
2015	6	2095
2015	7	985
2015	8	982
2015	9	1047
2015	10	594
