1891	8	96
1891	9	103
1891	10	94
1891	12	332
1892	1	130
1892	2	132
1892	3	385
1892	4	418
1892	6	527
1892	7	130
1892	8	62
1892	9	57
1892	10	307
1893	1	112
1893	2	420
1893	3	414
1893	4	808
1893	5	468
1893	6	199
1893	7	86
1893	8	52
1893	9	377
1893	10	142
1893	11	821
1893	12	215
1894	1	283
1894	2	238
1894	3	242
1894	4	247
1894	5	481
1894	6	454
1894	7	546
1894	8	3
1894	9	178
1894	10	283
1894	11	125
1894	12	611
1895	1	191
1895	2	25
1895	3	107
1895	4	301
1895	5	320
1895	6	110
1895	7	134
1895	8	0
1895	9	221
1895	10	0
1895	11	139
1895	12	721
1896	1	463
1896	2	116
1896	3	202
1896	4	746
1896	5	418
1896	6	196
1896	7	167
1896	8	158
1896	9	208
1896	10	179
1896	11	761
1896	12	211
1897	1	452
1897	2	532
1897	3	300
1897	4	105
1897	5	370
1897	6	574
1897	7	218
1897	8	22
1897	9	158
1897	10	317
1897	11	886
1898	1	51
1898	2	295
1898	3	79
1898	4	12
1898	6	584
1898	7	33
1898	8	254
1898	9	257
1898	10	183
1898	11	433
1898	12	537
1899	1	522
1899	2	534
1899	3	91
1899	4	118
1899	5	265
1899	6	216
1899	7	56
1899	8	527
1899	9	95
1899	10	558
1899	11	987
1899	12	406
1900	1	140
1900	2	109
1900	3	362
1900	4	310
1900	5	584
1900	6	66
1900	7	134
1900	8	188
1900	9	326
1900	10	726
1900	11	400
1900	12	1160
1901	1	600
1901	2	280
1901	3	119
1901	4	127
1901	5	428
1901	6	271
1901	7	61
1901	8	68
1901	9	460
1901	10	53
1901	11	489
1901	12	244
1902	1	219
1902	2	998
1902	3	371
1902	4	491
1902	5	475
1902	6	239
1902	7	643
1902	8	137
1902	9	85
1902	10	79
1902	11	472
1902	12	622
1903	1	365
1903	2	137
1903	3	290
1903	4	119
1903	5	107
1903	6	278
1903	7	379
1903	8	531
1903	9	298
1903	10	240
1903	11	889
1903	12	285
1904	1	357
1904	2	651
1904	3	881
1904	4	312
1904	5	28
1904	6	513
1904	7	48
1904	8	132
1904	9	0
1904	10	577
1904	11	418
1904	12	592
1905	1	432
1905	2	196
1905	3	477
1905	4	163
1905	5	265
1905	6	881
1905	7	258
1905	8	68
1905	9	573
1905	10	285
1905	11	322
1905	12	252
1906	1	235
1906	2	297
1906	3	529
1906	4	82
1906	5	1029
1906	6	503
1906	7	92
1906	8	165
1906	9	128
1906	10	153
1906	11	943
1906	12	810
1907	1	191
1907	2	140
1907	3	483
1907	4	242
1907	5	478
1907	6	467
1907	7	310
1907	8	119
1907	9	316
1907	10	36
1907	11	221
1907	12	743
1908	1	400
1908	2	263
1908	3	313
1908	4	30
1908	5	737
1908	6	300
1908	7	338
1908	8	224
1908	9	73
1908	10	247
1908	11	452
1908	12	193
1909	1	967
1909	2	600
1909	3	149
1909	4	20
1909	5	528
1909	6	136
1909	7	487
1909	8	0
1909	9	396
1909	10	238
1909	11	812
1909	12	457
1910	1	615
1910	2	119
1910	3	227
1910	4	171
1910	5	297
1910	6	150
1910	7	5
1910	8	260
1910	9	109
1910	10	195
1910	11	839
1910	12	338
1911	1	651
1911	2	648
1911	3	168
1911	4	59
1911	5	1101
1911	6	497
1911	7	8
1911	8	178
1911	9	531
1911	10	38
1911	11	223
1911	12	487
1912	1	407
1912	2	119
1912	3	109
1912	4	917
1912	5	576
1912	6	278
1912	7	502
1912	8	524
1912	9	145
1912	10	531
1912	11	367
1912	12	258
1913	1	446
1913	2	152
1913	3	8
1913	4	246
1913	5	864
1913	6	779
1913	7	178
1913	8	68
1913	9	160
1913	10	195
1913	11	805
1913	12	298
1914	1	1158
1914	2	205
1914	3	252
1914	4	435
1914	5	270
1914	6	675
1914	7	132
1914	8	64
1914	9	417
1914	10	564
1914	11	521
1914	12	330
1915	1	209
1915	2	406
1915	3	130
1915	4	330
1915	5	1004
1915	6	55
1915	7	537
1915	8	25
1915	9	43
1915	10	274
1915	11	608
1915	12	556
1916	1	342
1916	2	383
1916	3	236
1916	4	111
1916	5	413
1916	6	630
1916	7	440
1916	8	13
1916	9	112
1916	10	84
1916	11	183
1916	12	315
1917	1	26
1917	2	403
1917	3	425
1917	4	580
1917	5	396
1917	6	257
1917	7	13
1917	8	25
1917	9	39
1917	10	3
1917	11	265
1917	12	626
1918	1	215
1918	2	263
1918	3	174
1918	4	5
1918	5	97
1918	6	122
1918	7	553
1918	8	257
1918	9	33
1918	10	485
1918	11	569
1918	12	209
1919	1	717
1919	2	565
1919	3	113
1919	4	84
1919	5	56
1919	6	77
1919	7	171
1919	8	191
1919	9	361
1919	10	76
1919	11	209
1919	12	338
1920	1	53
1920	2	30
1920	3	82
1920	4	295
1920	5	43
1920	6	1299
1920	7	497
1920	8	401
1920	9	472
1920	10	492
1920	11	664
1920	12	478
1921	1	696
1921	2	184
1921	3	364
1921	4	467
1921	5	199
1921	6	129
1921	7	124
1921	8	0
1921	9	75
1921	10	464
1921	11	527
1921	12	249
1922	1	59
1922	2	192
1922	3	737
1922	4	450
1922	5	170
1922	6	0
1922	7	74
1922	8	925
1922	9	230
1922	10	346
1922	11	231
1922	12	407
1923	1	622
1923	2	79
1923	3	41
1923	4	373
1923	5	289
1923	6	950
1923	7	351
1923	8	302
1923	9	49
1923	10	369
1923	11	224
1923	12	544
1924	1	170
1924	2	145
1924	3	0
1924	4	5
1924	5	25
1924	6	90
1924	7	87
1924	8	221
1924	9	139
1924	10	513
1924	11	622
1924	12	238
1925	1	345
1925	2	479
1925	3	129
1925	4	214
1925	5	147
1925	6	310
1925	7	5
1925	8	61
1925	9	147
1925	10	208
1925	11	202
1925	12	168
1926	1	208
1926	2	445
1926	3	46
1926	4	118
1926	5	322
1926	6	198
1926	7	63
1926	8	461
1926	9	600
1926	10	244
1926	11	470
1926	12	422
1927	1	279
1927	2	425
1927	3	213
1927	4	112
1927	5	415
1927	6	552
1927	7	97
1927	8	302
1927	9	654
1927	10	249
1927	11	537
1927	12	31
1928	1	221
1928	2	94
1928	3	157
1928	4	300
1928	5	128
1928	6	303
1928	7	333
1928	8	41
1928	9	0
1928	10	132
1928	11	239
1928	12	448
1929	1	58
1929	2	51
1929	3	81
1929	4	305
1929	5	196
1929	6	447
1929	7	0
1929	8	20
1929	9	147
1929	10	95
1929	11	5
1929	12	334
1930	1	71
1930	2	376
1930	3	100
1930	4	121
1930	5	178
1930	6	547
1930	7	87
1930	8	77
1930	9	252
1930	10	145
1930	11	168
1930	12	41
1931	1	371
1931	2	111
1931	3	227
1931	4	0
1931	5	97
1931	6	443
1931	7	20
1931	8	30
1931	9	189
1931	10	366
1931	11	398
1931	12	888
1932	1	222
1932	2	15
1932	3	315
1932	4	407
1932	5	214
1932	6	117
1932	7	79
1932	8	33
1932	9	3
1932	10	122
1932	11	693
1932	12	362
1933	1	442
1933	2	178
1933	3	498
1933	4	150
1933	5	570
1933	6	251
1933	7	41
1933	8	15
1933	9	411
1933	10	376
1933	11	94
1933	12	1327
1934	1	218
1934	2	81
1934	3	96
1934	4	23
1934	5	148
1934	6	107
1934	7	69
1934	8	71
1934	9	254
1934	10	607
1934	11	746
1934	12	404
1935	1	255
1935	2	239
1935	3	196
1935	4	66
1935	5	25
1935	6	423
1935	7	322
1935	8	89
1935	9	188
1935	10	202
1935	11	179
1935	12	270
1936	1	393
1936	2	178
1936	3	56
1936	4	247
1936	5	201
1936	6	1262
1936	7	38
1936	8	51
1936	9	84
1936	10	13
1936	11	13
1936	12	141
1937	1	199
1937	2	384
1937	3	455
1937	4	669
1937	5	139
1937	6	1476
1937	7	138
1937	8	107
1937	9	498
1937	10	76
1937	11	1100
1937	12	436
1938	1	178
1938	2	1355
1938	3	565
1938	4	18
1938	5	28
1938	6	97
1938	7	99
1938	8	154
1938	9	292
1938	10	345
1938	11	211
1938	12	173
1939	1	257
1939	2	271
1939	3	165
1939	4	234
1939	5	64
1939	6	408
1939	7	21
1939	8	64
1939	9	101
1939	10	163
1939	11	26
1939	12	1052
1940	1	257
1940	2	564
1940	3	584
1940	4	351
1940	5	138
1940	6	20
1940	7	74
1940	8	21
1940	9	326
1940	10	537
1940	11	526
1940	12	669
1941	1	359
1941	2	267
1941	3	346
1941	4	944
1941	5	708
1941	6	921
1941	7	170
1941	8	924
1941	9	519
1941	10	140
1941	11	358
1941	12	918
1942	1	459
1942	2	186
1942	3	8
1942	4	299
1942	5	1115
1942	6	302
1942	7	610
1942	8	162
1942	9	0
1942	10	53
1942	11	628
1942	12	562
1943	1	202
1943	2	131
1943	3	278
1943	4	308
1943	5	300
1943	6	317
1943	7	170
1943	8	107
1943	9	0
1943	10	726
1943	11	263
1943	12	54
1944	1	173
1944	2	386
1944	3	92
1944	4	544
1944	5	164
1944	6	739
1944	7	23
1944	8	28
1944	9	334
1944	10	109
1944	11	1084
1944	12	115
1945	1	430
1945	2	660
1945	3	444
1945	4	102
1945	5	859
1945	6	261
1945	7	44
1945	8	66
1945	9	90
1945	10	175
1945	11	575
1945	12	861
1946	1	445
1946	2	409
1946	3	212
1946	4	18
1946	5	143
1946	6	538
1946	7	8
1946	8	98
1946	9	256
1946	10	232
1946	11	559
1946	12	178
1947	1	201
1947	2	218
1947	3	242
1947	4	46
1947	5	69
1947	6	970
1947	7	107
1947	8	51
1947	9	146
1947	10	823
1947	11	84
1947	12	174
1948	1	232
1948	2	225
1948	3	108
1948	4	878
1948	5	1578
1948	6	1267
1948	7	409
1948	8	391
1948	9	309
1948	10	95
1948	11	568
1948	12	453
1949	1	85
1949	2	295
1949	3	219
1949	4	95
1949	5	66
1949	6	275
1949	7	102
1949	8	165
1949	9	61
1949	10	113
1949	11	634
1949	12	240
1950	1	322
1950	2	331
1950	3	685
1950	4	404
1950	5	275
1950	6	564
1950	7	62
1950	8	20
1950	9	28
1950	10	900
1950	11	843
1950	12	301
1951	1	591
1951	2	173
1951	3	438
1951	4	96
1951	5	142
1951	6	369
1951	7	186
1951	8	949
1951	9	97
1951	10	673
1951	11	736
1951	12	472
1952	1	894
1952	2	205
1952	3	158
1952	4	158
1952	5	109
1952	6	590
1952	7	13
1952	8	0
1952	9	152
1952	10	0
1952	11	173
1952	12	760
1953	1	600
1953	2	131
1953	3	327
1953	4	475
1953	5	438
1953	6	445
1953	7	5
1953	8	363
1953	9	18
1953	10	138
1953	11	285
1953	12	155
1954	1	533
1954	2	192
1954	3	231
1954	4	39
1954	5	268
1954	6	435
1954	7	213
1954	8	307
1954	9	430
1954	10	43
1954	11	607
1954	12	290
1955	1	218
1955	2	133
1955	3	206
1955	4	407
1955	5	67
1955	6	204
1955	7	636
1955	8	0
1955	9	155
1955	10	384
1955	11	423
1955	12	883
1956	1	737
1956	2	782
1956	3	328
1956	4	14
1956	5	180
1956	6	483
1956	7	103
1956	8	630
1956	9	20
1956	10	605
1956	11	135
1956	12	118
1957	1	351
1957	2	210
1957	3	587
1957	4	229
1957	5	949
1957	6	211
1957	7	76
1957	8	302
1957	9	41
1957	10	411
1957	11	101
1957	12	600
1958	1	451
1958	2	815
1958	3	512
1958	4	654
1958	5	58
1958	6	459
1958	7	414
1958	8	30
1958	9	74
1958	10	134
1958	11	544
1958	12	261
1959	1	1131
1959	2	453
1959	3	157
1959	4	38
1959	5	558
1959	6	157
1959	7	14
1959	8	134
1959	9	643
1959	10	233
1959	11	125
1959	12	269
1960	1	152
1960	2	453
1960	3	217
1960	4	280
1960	5	697
1960	6	168
1960	7	56
1960	8	388
1960	9	33
1960	10	64
1960	11	427
1960	12	203
1961	1	83
1961	2	667
1961	3	656
1961	4	0
1961	5	921
1961	6	264
1961	7	160
1961	8	229
1961	9	15
1961	10	106
1961	11	110
1961	12	446
1962	1	28
1962	2	481
1962	3	100
1962	4	137
1962	5	466
1962	6	111
1962	7	209
1962	8	478
1962	9	64
1962	10	376
1962	11	421
1962	12	130
1963	1	68
1963	2	133
1963	3	423
1963	4	786
1963	5	158
1963	6	218
1963	7	213
1963	8	97
1963	9	218
1963	10	66
1963	11	709
1963	12	262
1964	1	535
1964	2	33
1964	3	169
1964	4	101
1964	5	25
1964	6	445
1964	7	208
1964	8	287
1964	9	43
1964	10	84
1964	11	505
1964	12	592
1965	1	511
1965	2	104
1965	3	150
1965	4	343
1965	5	277
1965	6	305
1965	7	297
1965	8	488
1965	9	38
1965	10	33
1965	11	457
1965	12	533
1966	1	523
1966	2	122
1966	3	575
1966	4	5
1966	5	28
1966	6	246
1966	7	410
1966	8	889
1966	9	354
1966	10	92
1966	11	664
1966	12	999
1967	1	422
1967	2	38
1967	3	221
1967	4	466
1967	5	202
1967	6	689
1967	7	23
1967	8	254
1967	9	82
1967	10	582
1967	11	171
1967	12	688
1968	1	623
1968	2	226
1968	3	252
1968	4	77
1968	5	431
1968	6	184
1968	7	21
1968	8	415
1968	9	21
1968	10	172
1968	11	527
1968	12	635
1969	1	543
1969	2	1036
1969	3	262
1969	4	437
1969	5	211
1969	6	145
1969	7	175
1969	8	0
1969	9	331
1969	10	143
1969	11	74
1969	12	903
1970	1	502
1970	2	97
1970	3	177
1970	4	122
1970	5	28
1970	6	230
1970	7	13
1970	8	262
1970	9	88
1970	10	350
1970	11	429
1970	12	881
1971	1	554
1971	2	113
1971	3	534
1971	4	384
1971	5	320
1971	6	711
1971	7	61
1971	8	81
1971	9	814
1971	10	224
1971	11	418
1971	12	782
1972	1	165
1972	2	678
1972	3	358
1972	4	354
1972	5	1230
1972	6	787
1972	7	36
1972	8	271
1972	9	152
1972	10	130
1972	11	461
1972	12	366
1973	1	261
1973	2	484
1973	3	132
1973	4	19
1973	5	131
1973	6	69
1973	7	15
1973	8	25
1973	9	818
1973	10	357
1973	11	600
1973	12	896
1974	1	646
1974	2	475
1974	3	530
1974	4	386
1974	5	330
1974	6	5
1974	7	371
1974	8	30
1974	9	20
1974	10	13
1974	11	233
1974	12	310
1975	1	379
1975	2	513
1975	3	438
1975	4	544
1975	5	520
1975	6	201
1975	7	134
1975	8	593
1975	9	0
1975	10	627
1975	11	165
1975	12	212
1976	1	114
1976	2	204
1976	3	112
1976	4	13
1976	5	309
1976	6	218
1976	7	20
1976	8	795
1976	9	0
1976	10	74
1976	11	0
1976	12	89
1977	1	0
1977	2	240
1977	3	212
1977	4	31
1977	5	588
1977	6	243
1977	7	0
1977	8	219
1977	9	369
1977	10	298
1977	11	306
1977	12	568
1978	1	562
1978	2	522
1978	3	279
1978	4	639
1978	5	346
1978	6	56
1978	7	403
1978	8	405
1978	9	399
1978	10	13
1978	11	138
1978	12	86
1979	1	199
1979	2	407
1979	3	35
1979	4	245
1979	5	127
1979	6	280
1979	7	21
1979	8	236
1979	9	196
1979	10	604
1979	11	315
1979	12	561
1980	1	319
1980	2	455
1980	3	219
1980	4	361
1980	5	897
1980	6	454
1980	7	241
1980	8	180
1980	9	201
1980	10	59
1980	11	325
1980	12	685
1981	1	327
1981	2	617
1981	3	141
1981	4	58
1981	5	574
1981	6	148
1981	7	289
1981	8	43
1981	9	210
1981	10	738
1981	11	686
1981	12	602
1982	1	319
1982	2	402
1982	3	431
1982	4	303
1982	5	143
1982	6	1002
1982	7	387
1982	8	508
1982	9	184
1982	10	331
1982	11	427
1982	12	843
1983	1	784
1983	2	717
1983	3	979
1983	4	544
1983	5	224
1983	6	572
1983	7	445
1983	8	465
1983	9	228
1983	10	74
1983	11	1817
1983	12	338
1984	1	97
1984	2	189
1984	3	453
1984	4	413
1984	5	419
1984	6	728
1984	7	99
1984	8	196
1984	9	134
1984	10	223
1984	11	749
1984	12	110
1985	1	114
1985	2	182
1985	3	263
1985	4	60
1985	5	234
1985	6	85
1985	7	0
1985	8	104
1985	9	287
1985	10	278
1985	11	40
1985	12	143
1986	1	412
1986	2	211
1986	3	274
1986	4	202
1986	5	125
1986	6	99
1986	7	217
1986	8	55
1986	9	473
1986	10	58
1986	11	288
1986	12	242
1987	1	488
1987	2	233
1987	3	469
1987	4	289
1987	5	107
1987	6	449
1987	7	369
1987	8	71
1987	9	0
1987	10	0
1987	11	118
1987	12	812
1988	1	168
1988	2	0
1988	3	185
1988	4	350
1988	5	287
1988	6	603
1988	7	74
1988	8	137
1988	9	163
1988	10	28
1988	11	681
1988	12	396
1989	1	210
1989	2	753
1989	3	307
1989	4	170
1989	5	802
1989	6	51
1989	7	333
1989	8	246
1989	9	81
1989	10	538
1989	11	84
1989	12	34
1990	1	506
1990	2	345
1990	3	228
1990	4	220
1990	5	1401
1990	6	563
1990	7	273
1990	8	448
1990	9	33
1990	10	169
1990	11	212
1990	12	165
1991	1	130
1991	2	147
1991	3	310
1991	4	80
1991	5	479
1991	6	890
1991	7	226
1991	8	112
1991	9	0
1991	10	68
1991	11	424
1991	12	64
1992	1	178
1992	2	165
1992	3	112
1992	4	117
1992	5	61
1992	6	932
1992	7	869
1992	8	13
1992	9	28
1992	10	185
1992	11	475
1992	12	610
1993	1	323
1993	2	162
1993	3	33
1993	4	523
1993	5	115
1993	6	582
1993	7	767
1993	8	157
1993	9	100
1993	10	14
1993	11	20
1993	12	378
1994	1	30
1994	2	394
1994	3	104
1994	4	345
1994	5	477
1994	6	208
1994	7	13
1994	8	201
1994	9	49
1994	10	224
1994	11	443
1994	12	208
1995	1	503
1995	2	208
1995	3	913
1995	4	406
1995	5	279
1995	6	281
1995	7	16
1995	8	155
1995	9	79
1995	10	122
1995	11	401
1995	12	524
1996	1	362
1996	2	231
1996	3	28
1996	4	401
1996	5	362
1996	6	249
1996	7	56
1996	8	0
1996	9	385
1996	10	292
1996	11	325
1996	12	689
1997	1	217
1997	2	0
1997	3	130
1997	4	325
1997	5	439
1997	6	733
1997	7	544
1997	8	60
1997	9	343
1997	10	577
1997	11	164
1997	12	203
1998	1	814
1998	2	973
1998	3	409
1998	4	353
1998	5	956
1998	6	463
1998	7	233
1998	8	0
1998	9	0
1998	10	102
1998	11	440
1998	12	534
1999	1	287
1999	2	485
1999	3	187
1999	4	10
1999	5	248
1999	6	183
1999	7	25
1999	8	437
1999	9	0
1999	10	356
1999	11	424
1999	12	316
2000	1	253
2000	2	359
2000	3	157
2000	4	48
2000	5	149
2000	6	211
2000	7	254
2000	8	127
2000	9	15
2000	10	74
2000	11	276
2000	12	206
2001	1	162
2001	2	152
2001	3	299
2001	4	99
2001	5	161
2001	6	480
2001	7	335
2001	8	127
2001	9	195
2001	10	153
2001	11	498
2001	12	509
2002	1	219
2002	2	303
2002	3	160
2002	4	20
2002	5	328
2002	6	55
2002	7	81
2002	8	41
2002	9	62
2002	10	0
2002	11	157
2002	12	560
2003	1	432
2003	2	131
2003	3	455
2003	4	425
2003	5	73
2003	6	0
2003	7	0
2003	8	0
2003	9	119
2003	10	506
2003	11	252
2003	12	288
2004	1	393
2004	2	379
2004	3	200
2004	4	201
2004	5	524
2004	6	261
2004	7	72
2004	8	349
2004	9	189
2004	10	351
2004	11	134
2004	12	303
2005	1	215
2005	2	38
2005	3	306
2005	4	186
2005	5	502
2005	6	521
2005	7	145
2005	8	55
2005	9	145
2005	10	421
2005	11	490
2005	12	447
2006	1	459
2006	2	354
2006	3	304
2006	4	287
2006	5	526
2006	6	320
2006	7	91
2006	8	0
2006	9	99
2006	10	94
2006	11	623
2006	12	564
2007	1	163
2007	2	286
2007	3	222
2007	4	40
2007	5	186
2007	6	442
2007	7	228
2007	8	25
2007	9	340
2007	10	274
2007	11	195
2007	12	531
2008	1	236
2008	2	143
2008	3	105
2008	4	66
2008	5	231
2008	6	681
2008	7	163
2008	8	453
2008	9	33
2008	10	205
2008	11	676
2008	12	393
2009	1	156
2009	2	149
2009	3	230
2009	4	89
2009	5	509
2009	6	311
2009	7	270
2009	8	53
2009	9	93
2009	10	290
2009	11	477
2009	12	161
2010	1	517
2010	2	261
2010	3	218
2010	4	189
2010	5	694
2010	6	610
2010	7	93
2010	8	224
2010	9	188
2010	10	210
2010	11	386
2010	12	436
2011	1	191
2011	2	206
2011	3	546
2011	4	97
2011	5	764
2011	6	189
2011	7	262
2011	8	0
2011	9	28
2011	10	308
2011	11	376
2011	12	125
2012	1	321
2012	2	250
2012	3	952
2012	4	361
2012	5	149
2012	6	596
2012	7	457
2012	8	0
2012	9	3
2012	10	326
2012	11	1036
2012	12	1551
2013	1	169
2013	2	49
2013	3	269
2013	4	285
2013	5	342
2013	6	434
2013	7	68
2013	8	580
2013	9	722
2013	10	33
2013	11	452
2013	12	48
2014	1	122
2014	2	526
2014	3	186
2014	4	82
2014	5	238
2014	6	355
2014	7	500
2014	8	343
2014	9	109
2014	10	589
2014	11	605
2014	12	549
2015	1	167
2015	2	293
2015	3	150
2015	4	3
2015	5	640
2015	6	124
2015	7	84
2015	8	85
2015	9	46
2015	10	83
