1843	1	625
1843	2	465
1843	3	922
1843	4	414
1843	5	279
1843	6	762
1843	7	556
1843	8	546
1843	9	1189
1843	10	1374
1843	11	719
1843	12	538
1850	9	1260
1850	10	1499
1850	11	1115
1850	12	1196
1851	1	411
1851	2	998
1851	3	391
1851	4	759
1851	5	495
1851	6	1179
1851	7	1064
1851	8	975
1851	9	554
1851	11	818
1851	12	709
1852	1	932
1852	2	333
1852	3	820
1852	4	894
1852	5	1140
1852	6	958
1852	7	732
1852	8	691
1852	9	704
1852	10	1173
1852	11	1105
1852	12	1044
1891	1	973
1891	2	1008
1891	5	114
1891	6	371
1891	7	721
1891	9	183
1891	10	777
1891	11	643
1893	1	439
1893	2	1446
1893	3	808
1893	4	858
1893	5	1309
1893	6	665
1893	7	1002
1893	8	1063
1893	9	656
1893	10	448
1893	11	307
1893	12	791
1894	1	565
1894	2	663
1894	3	423
1894	4	542
1894	5	1360
1894	6	974
1894	7	500
1894	8	392
1894	9	1071
1894	10	941
1894	11	507
1894	12	502
1895	1	417
1895	2	377
1895	3	327
1895	4	508
1895	5	566
1895	6	448
1895	7	685
1895	8	965
1895	9	479
1895	10	288
1895	11	692
1895	12	831
1896	1	454
1896	2	1490
1896	3	1138
1896	4	225
1896	5	593
1896	6	614
1896	7	1067
1896	8	551
1896	9	670
1896	10	610
1896	11	540
1896	12	375
1897	1	398
1897	2	282
1897	3	937
1897	4	489
1897	5	778
1897	6	771
1897	7	1124
1897	8	576
1897	9	489
1897	10	126
1897	11	851
1897	12	709
1898	1	863
1898	2	609
1898	3	367
1898	4	738
1898	5	930
1898	6	777
1898	7	793
1898	8	1699
1898	9	659
1898	10	1095
1898	11	667
1898	12	730
1899	1	488
1899	2	327
1899	3	895
1899	4	341
1899	5	677
1899	6	459
1899	7	898
1899	8	432
1899	9	454
1899	10	437
1899	11	463
1899	12	939
1900	1	569
1900	2	943
1900	3	1405
1900	4	373
1900	5	262
1900	6	468
1900	7	1207
1900	8	869
1900	9	471
1900	10	707
1900	11	1242
1900	12	649
1901	1	486
1901	2	640
1901	3	645
1901	4	1202
1901	5	914
1901	6	983
1901	7	780
1901	8	1363
1901	9	737
1901	10	281
1901	11	942
1901	12	1080
1902	1	348
1902	2	468
1902	3	793
1902	4	624
1902	5	925
1902	6	1333
1902	7	1790
1902	8	643
1902	9	394
1902	10	833
1902	11	414
1902	12	935
1903	1	866
1903	2	401
1903	3	1181
1903	4	594
1903	5	71
1903	6	1473
1903	7	922
1903	8	1374
1903	9	251
1903	10	1615
1903	11	511
1903	12	488
1904	1	1143
1904	2	569
1904	3	716
1904	4	813
1904	5	864
1904	6	650
1904	7	965
1904	8	739
1904	9	582
1904	10	574
1904	11	81
1904	12	711
1905	1	526
1905	2	452
1905	3	699
1905	4	612
1905	5	561
1905	6	1692
1905	7	1133
1905	8	1542
1905	9	643
1905	10	790
1905	11	302
1905	12	815
1906	1	549
1906	2	193
1906	3	1074
1906	4	561
1906	5	787
1906	6	1702
1906	7	1085
1906	8	701
1906	9	343
1906	10	975
1906	11	561
1906	12	737
1907	1	655
1907	2	254
1907	3	399
1907	4	874
1907	5	599
1907	6	907
1907	7	1240
1907	8	320
1907	9	825
1907	10	864
1907	11	572
1907	12	696
1908	1	564
1908	2	566
1908	3	648
1908	4	846
1908	5	886
1908	6	706
1908	7	935
1908	8	168
1908	9	208
1908	10	706
1908	11	246
1908	12	368
1909	1	762
1909	2	1156
1909	3	965
1909	4	785
1909	5	721
1909	6	572
1909	7	437
1909	8	498
1909	9	427
1909	10	333
1909	11	328
1909	12	447
1910	1	627
1910	2	925
1910	3	160
1910	4	353
1910	5	1209
1910	6	569
1910	7	752
1910	8	861
1910	9	838
1910	10	389
1910	11	556
1910	12	569
1911	1	536
1911	2	676
1911	3	688
1911	4	516
1911	5	561
1911	6	818
1911	7	777
1911	8	622
1911	9	701
1911	10	549
1911	11	378
1911	12	922
1912	1	389
1912	2	544
1912	3	848
1912	4	930
1912	5	818
1912	6	140
1912	7	803
1912	8	754
1912	9	1420
1912	10	424
1912	11	749
1912	12	483
1913	1	965
1913	2	660
1913	3	1229
1913	4	511
1913	5	709
1913	6	533
1913	7	241
1913	8	549
1913	9	475
1913	10	836
1913	11	516
1913	12	610
1914	1	648
1914	2	615
1914	3	1102
1914	4	1085
1914	5	775
1914	6	1118
1914	7	671
1914	8	1328
1914	9	373
1914	10	307
1914	11	267
1914	12	803
1915	1	1191
1915	2	724
1915	3	282
1915	4	201
1915	5	513
1915	6	881
1915	7	1872
1915	8	1384
1915	9	1298
1915	10	1118
1915	11	561
1915	12	1288
1916	1	508
1916	2	998
1916	3	853
1916	4	500
1916	5	983
1916	6	1300
1916	7	244
1916	8	869
1916	9	1046
1916	10	366
1916	11	508
1916	12	726
1917	1	622
1917	2	693
1917	3	615
1917	4	577
1917	5	927
1917	6	1133
1917	7	457
1917	8	732
1917	9	381
1917	10	1186
1917	11	231
1917	12	1024
1918	1	914
1918	2	513
1918	3	472
1918	4	693
1918	5	851
1918	6	1072
1918	7	564
1918	8	368
1918	9	1102
1918	10	904
1918	11	300
1918	12	574
1919	1	531
1919	2	404
1919	3	1092
1919	4	965
1919	5	1247
1919	6	404
1919	7	1382
1919	8	508
1919	9	406
1919	10	937
1919	11	508
1919	12	569
1920	1	930
1920	2	483
1920	3	691
1920	4	810
1920	5	48
1920	6	391
1920	7	970
1920	8	655
1920	9	1681
1920	10	173
1920	11	1077
1920	12	859
1921	1	259
1921	2	627
1921	3	742
1921	4	737
1921	5	577
1921	6	973
1921	7	1128
1921	8	607
1921	9	394
1921	10	787
1921	11	1671
1921	12	241
1922	1	899
1922	2	719
1922	3	1189
1922	4	627
1922	5	975
1922	6	4044
1922	7	607
1922	8	1237
1922	9	333
1922	10	572
1922	11	312
1922	12	721
1923	1	960
1923	2	480
1923	3	739
1923	4	587
1923	5	645
1923	6	737
1923	7	706
1923	8	295
1923	9	747
1923	10	803
1923	11	483
1923	12	696
1924	1	632
1924	2	699
1924	3	170
1924	4	983
1924	5	777
1924	6	500
1924	7	1257
1924	8	404
1924	9	1717
1924	10	99
1924	11	490
1924	12	422
1925	1	1491
1925	2	625
1925	3	688
1925	4	742
1925	5	531
1925	6	1275
1925	7	1283
1925	8	508
1925	9	825
1925	10	945
1925	11	904
1925	12	808
1926	1	767
1926	2	874
1926	3	437
1926	4	818
1926	5	318
1926	6	792
1926	7	653
1926	8	1102
1926	9	1273
1926	10	874
1926	11	942
1926	12	721
1927	1	683
1927	2	884
1927	3	635
1927	4	493
1927	5	848
1927	6	307
1927	7	1240
1927	8	813
1927	9	414
1927	10	1194
1927	11	1976
1927	12	965
1928	1	318
1928	2	478
1928	3	975
1928	4	828
1928	5	353
1928	6	1006
1928	7	1560
1928	8	1265
1928	9	579
1928	10	930
1928	11	986
1928	12	231
1929	1	752
1929	2	503
1929	3	638
1929	4	1933
1929	5	917
1929	6	338
1929	7	627
1929	8	1082
1929	9	991
1929	10	876
1929	11	559
1929	12	846
1930	1	696
1930	2	262
1930	3	1062
1930	4	617
1930	5	861
1930	6	1519
1930	7	424
1930	8	399
1930	9	813
1930	10	330
1930	11	305
1930	12	457
1931	1	686
1931	2	323
1931	3	503
1931	4	780
1931	5	1123
1931	6	292
1931	7	968
1931	8	485
1931	9	701
1931	10	447
1931	11	605
1931	12	660
1932	1	932
1932	2	683
1932	3	1478
1932	4	432
1932	5	399
1932	6	950
1932	7	1232
1932	8	780
1932	9	284
1932	10	1367
1932	11	655
1932	12	315
1933	1	254
1933	2	442
1933	3	1072
1933	4	927
1933	5	805
1933	6	401
1933	7	76
1933	8	1107
1933	9	432
1933	10	538
1933	11	765
1933	12	569
1934	1	554
1934	2	363
1934	3	808
1934	4	495
1934	5	203
1934	6	709
1934	7	632
1934	8	531
1934	9	1196
1934	10	422
1934	11	671
1934	12	706
1935	1	879
1935	2	572
1935	3	668
1935	4	892
1935	5	630
1935	6	1113
1935	7	1560
1935	8	658
1935	9	726
1935	10	693
1935	11	569
1935	12	963
1936	1	808
1936	2	483
1936	3	1516
1936	4	724
1936	5	414
1936	6	145
1936	7	170
1936	8	620
1936	9	765
1936	10	874
1936	11	965
1936	12	480
1937	1	935
1937	2	798
1937	3	681
1937	4	892
1937	5	820
1937	6	1674
1937	7	724
1937	8	1481
1937	9	353
1937	10	1735
1937	11	676
1937	12	696
1938	1	511
1938	2	650
1938	3	513
1938	4	785
1938	5	664
1938	6	760
1938	7	1478
1938	8	1306
1938	9	1288
1938	10	162
1938	11	710
1938	12	717
1939	1	825
1939	2	745
1939	3	787
1939	4	445
1939	5	334
1939	6	681
1939	7	1413
1939	8	431
1939	9	519
1939	10	818
1939	11	346
1939	12	792
1940	1	507
1940	2	1212
1940	3	1466
1940	4	832
1940	5	787
1940	6	1087
1940	7	565
1940	8	176
1940	9	486
1940	10	481
1940	11	846
1940	12	963
1941	1	573
1941	2	504
1941	3	725
1941	4	501
1941	5	738
1941	6	678
1941	7	1373
1941	8	714
1941	9	581
1941	10	923
1941	11	490
1941	12	753
1942	1	407
1942	2	903
1942	3	1150
1942	4	616
1942	5	942
1942	6	532
1942	7	692
1942	8	588
1942	9	837
1942	10	761
1942	11	850
1942	12	1664
1943	1	806
1943	2	863
1943	3	685
1943	4	1182
1943	5	986
1943	6	1177
1943	7	487
1943	8	1843
1943	9	131
1943	10	1383
1943	11	746
1943	12	321
1944	1	446
1944	2	648
1944	3	737
1944	4	927
1944	5	818
1944	6	1497
1944	7	364
1944	8	674
1944	9	554
1944	10	490
1944	11	1077
1944	12	1272
1945	1	1081
1945	2	652
1945	3	778
1945	4	890
1945	5	882
1945	6	894
1945	7	650
1945	8	514
1945	9	1713
1945	10	1655
1945	11	1228
1945	12	216
1946	1	655
1946	2	1218
1946	3	386
1946	4	545
1946	5	620
1946	6	980
1946	7	824
1946	8	664
1946	9	719
1946	10	1214
1946	11	562
1946	12	797
1947	1	1076
1947	2	537
1947	3	1062
1947	4	815
1947	5	1407
1947	6	1002
1947	7	1375
1947	8	940
1947	9	543
1947	10	209
1947	11	801
1947	12	590
1948	1	493
1948	2	556
1948	3	671
1948	4	1042
1948	5	985
1948	6	989
1948	7	520
1948	8	643
1948	9	259
1948	10	476
1948	11	1102
1948	12	836
1949	1	827
1949	2	518
1949	3	595
1949	4	913
1949	5	602
1949	6	782
1949	7	787
1949	8	995
1949	9	1113
1949	10	347
1949	11	591
1949	12	591
1950	1	1070
1950	2	1046
1950	3	1311
1950	4	400
1950	5	618
1950	6	630
1950	7	522
1950	8	642
1950	9	1073
1950	10	867
1950	11	996
1950	12	912
1951	1	695
1951	2	1367
1951	3	1183
1951	4	962
1951	5	503
1951	6	1070
1951	7	1325
1951	8	846
1951	9	806
1951	10	473
1951	11	954
1951	12	1103
1952	1	623
1952	2	511
1952	3	611
1952	4	654
1952	5	984
1952	6	301
1952	7	1109
1952	8	522
1952	9	387
1952	10	733
1952	11	600
1952	12	957
1953	1	738
1953	2	689
1953	3	957
1953	4	527
1953	5	1104
1953	6	385
1953	7	492
1953	8	609
1953	9	536
1953	10	417
1953	11	441
1953	12	664
1954	1	618
1954	2	952
1954	3	886
1954	4	1209
1954	5	807
1954	6	929
1954	7	285
1954	8	1827
1954	9	777
1954	10	506
1954	11	1231
1954	12	1025
1955	1	410
1955	2	844
1955	3	1740
1955	4	460
1955	5	485
1955	6	619
1955	7	724
1955	8	966
1955	9	475
1955	10	2108
1955	11	685
1955	12	643
1956	1	580
1956	2	993
1956	3	1175
1956	4	853
1956	5	769
1956	6	436
1956	7	953
1956	8	2134
1956	9	1085
1956	10	325
1956	11	606
1956	12	766
1957	1	558
1957	2	448
1957	3	512
1957	4	663
1957	5	731
1957	6	1063
1957	7	1558
1957	8	877
1957	9	580
1957	10	238
1957	11	474
1957	12	739
1958	1	1134
1958	2	1343
1958	3	337
1958	4	854
1958	5	943
1958	6	1331
1958	7	921
1958	8	525
1958	9	1242
1958	10	855
1958	11	956
1958	12	442
1959	1	1167
1959	2	566
1959	3	745
1959	4	639
1959	5	501
1959	6	642
1959	7	646
1959	8	1138
1959	9	237
1959	10	1815
1959	11	1104
1959	12	1275
1960	1	790
1960	2	1246
1960	3	630
1960	4	750
1960	5	1005
1960	6	473
1960	7	262
1960	8	683
1960	9	744
1960	10	704
1960	11	427
1960	12	475
1961	1	585
1961	2	1051
1961	3	1071
1961	4	950
1961	5	610
1961	6	934
1961	7	1290
1961	8	453
1961	9	308
1961	10	913
1961	11	760
1961	12	622
1962	1	731
1962	2	753
1962	3	500
1962	4	906
1962	5	269
1962	6	280
1962	7	696
1962	8	1176
1962	9	505
1962	10	838
1962	11	565
1962	12	572
1963	1	472
1963	2	522
1963	3	708
1963	4	566
1963	5	723
1963	6	633
1963	7	307
1963	8	913
1963	9	216
1963	10	54
1963	11	1436
1963	12	524
1964	1	555
1964	2	288
1964	3	973
1964	4	932
1964	5	587
1964	6	356
1964	7	548
1964	8	786
1964	9	190
1964	10	387
1964	11	560
1964	12	731
1965	1	580
1965	2	720
1965	3	415
1965	4	897
1965	5	409
1965	6	518
1965	7	339
1965	8	495
1965	9	916
1965	10	686
1965	11	753
1965	12	488
1966	1	1013
1966	2	755
1966	3	576
1966	4	776
1966	5	454
1966	6	693
1966	7	531
1966	8	671
1966	9	1209
1966	10	228
1966	11	521
1966	12	998
1967	1	372
1967	2	378
1967	3	341
1967	4	536
1967	5	847
1967	6	396
1967	7	1609
1967	8	1271
1967	9	694
1967	10	894
1967	11	1138
1967	12	676
1968	1	531
1968	2	281
1968	3	796
1968	4	609
1968	5	879
1968	6	1561
1968	7	957
1968	8	1060
1968	9	871
1968	10	1477
1968	11	1034
1968	12	1185
1969	1	856
1969	2	379
1969	3	275
1969	4	1004
1969	5	1103
1969	6	951
1969	7	228
1969	8	451
1969	9	286
1969	10	585
1969	11	1159
1969	12	871
1970	1	261
1970	2	468
1970	3	623
1970	4	935
1970	5	708
1970	6	744
1970	7	1124
1970	8	1034
1970	9	1097
1970	10	973
1970	11	896
1970	12	846
1971	1	481
1971	2	1033
1971	3	736
1971	4	557
1971	5	865
1971	6	827
1971	7	1649
1971	8	1021
1971	9	649
1971	10	413
1971	11	896
1971	12	832
1972	1	281
1972	2	730
1972	3	633
1972	4	1024
1972	5	1572
1972	6	3125
1972	7	875
1972	8	956
1972	9	1046
1972	10	1107
1972	11	1726
1972	12	1003
1973	1	470
1973	2	418
1973	3	877
1973	4	1755
1973	5	1417
1973	6	1796
1973	7	919
1973	8	754
1973	9	1161
1973	10	966
1973	11	1709
1973	12	1111
1974	1	533
1974	2	433
1974	3	1103
1974	4	786
1974	5	1468
1974	6	1186
1974	7	2420
1974	8	1170
1974	9	1130
1974	10	402
1974	11	1258
1974	12	884
1975	1	648
1975	2	776
1975	3	680
1975	4	513
1975	5	697
1975	6	1036
1975	7	2366
1975	8	1359
1975	9	2239
1975	10	938
1975	11	900
1975	12	1044
1976	1	709
1976	2	691
1976	3	1176
1976	4	2063
1976	5	1884
1976	6	1885
1976	7	1332
1976	8	1708
1976	9	831
1976	10	1658
1976	11	392
1976	12	459
1977	1	471
1977	2	412
1977	3	881
1977	4	772
1977	5	191
1977	6	839
1977	7	1210
1977	8	1253
1977	9	1662
1977	10	1208
1977	11	1348
1977	12	1100
1978	1	1467
1978	2	202
1978	3	786
1978	4	475
1978	5	483
1978	6	911
1978	7	707
1978	8	842
1978	9	998
1978	10	681
1978	11	318
1978	12	1048
1979	1	1195
1979	2	647
1979	3	694
1979	4	988
1979	5	781
1979	6	592
1979	7	591
1979	8	940
1979	9	1334
1979	10	740
1979	11	827
1979	12	469
1980	1	376
1980	2	352
1980	3	1104
1980	4	845
1980	5	339
1980	6	1131
1980	7	654
1980	8	336
1980	9	864
1980	10	651
1980	11	671
1980	12	832
1981	1	339
1981	2	692
1981	3	258
1981	4	518
1981	5	663
1981	6	480
1981	7	680
1981	8	668
1981	9	1419
1981	10	1693
1981	11	786
1981	12	751
1982	1	913
1982	2	324
1982	3	669
1982	4	436
1982	5	729
1982	6	1179
1982	7	974
1982	8	661
1982	9	1074
1982	10	183
1982	11	1149
1982	12	646
1983	1	487
1983	2	272
1983	3	586
1983	4	1613
1983	5	847
1983	6	381
1983	7	585
1983	8	711
1983	9	758
1983	10	502
1983	11	1093
1983	12	1397
1984	1	333
1984	2	733
1984	3	607
1984	4	804
1984	5	1264
1984	6	513
1984	7	930
1984	8	1314
1984	9	664
1984	10	498
1984	11	885
1984	12	1114
1985	1	634
1985	2	396
1985	3	662
1985	4	310
1985	5	860
1985	6	710
1985	7	698
1985	8	367
1985	9	987
1985	10	861
1985	11	1317
1985	12	458
1986	1	614
1986	2	577
1986	3	719
1986	4	870
1986	5	680
1986	6	1244
1986	7	1329
1986	8	854
1986	9	1389
1986	10	844
1986	11	950
1986	12	847
1987	1	772
1987	2	162
1987	3	474
1987	4	841
1987	5	359
1987	6	1281
1987	7	550
1987	8	539
1987	9	1522
1987	10	794
1987	11	768
1987	12	507
1988	1	383
1988	2	540
1988	3	456
1988	4	686
1988	5	775
1988	6	626
1988	7	1454
1988	8	958
1988	9	478
1988	10	905
1988	11	1003
1988	12	491
1989	1	271
1989	2	436
1989	3	795
1989	4	386
1989	5	1084
1989	6	1377
1989	7	558
1989	8	682
1989	9	1514
1989	10	1038
1989	11	709
1989	12	544
1990	1	544
1990	2	1005
1990	3	940
1990	4	1040
1990	5	1428
1990	6	743
1990	7	945
1990	8	1355
1990	9	876
1990	10	1548
1990	11	821
1990	12	1330
1991	1	622
1991	2	393
1991	3	1034
1991	4	991
1991	5	989
1991	6	425
1991	7	726
1991	8	1024
1991	9	1068
1991	10	665
1991	11	693
1991	12	789
1992	1	669
1992	2	624
1992	3	967
1992	4	902
1992	5	1325
1992	6	454
1992	7	2033
1992	8	671
1992	9	1156
1992	10	683
1992	11	954
1992	12	654
1993	1	784
1993	2	623
1993	3	954
1993	4	1662
1993	5	572
1993	6	745
1993	7	1210
1993	8	1197
1993	9	973
1993	10	741
1993	11	814
1993	12	752
1994	1	891
1994	2	491
1994	3	1307
1994	4	918
1994	5	772
1994	6	607
1994	7	670
1994	8	1316
1994	9	618
1994	10	196
1994	11	891
1994	12	643
1995	1	460
1995	2	557
1995	3	334
1995	4	479
1995	5	433
1995	6	256
1995	7	506
1995	8	891
1995	9	643
1995	10	1670
1995	11	1227
1995	12	520
1996	1	852
1996	2	318
1996	3	443
1996	4	1088
1996	5	769
1996	6	778
1996	7	1078
1996	8	433
1996	9	1112
1996	10	544
1996	11	1469
1996	12	1131
1997	1	371
1997	2	571
1997	3	907
1997	4	452
1997	5	617
1997	6	418
1997	7	707
1997	8	1033
1997	9	700
1997	10	382
1997	11	1089
1997	12	1049
1998	1	1210
1998	2	797
1998	3	747
1998	4	530
1998	5	603
1998	6	1174
1998	7	924
1998	8	1214
1998	9	612
1998	10	643
1998	11	528
1998	12	443
1999	1	1355
1999	2	364
1999	3	897
1999	4	446
1999	5	207
1999	6	453
1999	7	650
1999	8	260
1999	9	1360
1999	10	706
1999	11	802
1999	12	356
2000	1	712
2000	2	626
2000	3	602
2000	4	1077
2000	5	1205
2000	6	1133
2000	7	694
2000	8	631
2000	9	796
2000	10	573
2000	11	756
2000	12	599
2001	1	401
2001	2	450
2001	3	1367
2001	4	389
2001	5	569
2001	6	909
2001	7	528
2001	8	1231
2001	9	1028
2001	10	547
2001	11	745
2001	12	557
2002	1	543
2002	2	368
2002	3	702
2002	4	1114
2002	5	1468
2002	6	1360
2002	7	446
2002	8	688
2002	9	903
2002	10	1011
2002	11	919
2002	12	723
2003	1	368
2003	2	655
2003	3	735
2003	4	663
2003	5	1338
2003	6	718
2003	7	839
2003	8	769
2003	9	800
2003	10	1087
2003	11	800
2003	12	788
2004	1	473
2004	2	286
2004	3	519
2004	4	945
2004	5	1988
2004	6	615
2004	7	1766
2004	8	1294
2004	9	820
2004	10	580
2004	11	713
2004	12	968
2005	1	754
2005	2	399
2005	3	353
2005	4	1451
2005	5	152
2005	6	496
2005	7	1174
2005	8	1511
2005	9	443
2005	10	1628
2005	11	1186
2005	12	650
2006	1	756
2006	2	425
2006	3	473
2006	4	1000
2006	5	571
2006	6	1292
2006	7	2571
2006	8	816
2006	9	1025
2006	10	1447
2006	11	664
2006	12	956
2007	1	1067
2007	2	615
2007	3	1057
2007	4	1125
2007	5	218
2007	6	933
2007	7	917
2007	8	448
2007	9	813
2007	10	1023
2007	11	1060
2007	12	1280
2008	1	347
2008	2	1197
2008	3	1269
2008	4	761
2008	5	453
2008	6	952
2008	7	1086
2008	8	918
2008	9	629
2008	10	1238
2008	11	809
2008	12	989
2009	1	474
2009	2	323
2009	3	966
2009	4	587
2009	5	897
2009	6	1333
2009	7	519
2009	8	1160
2009	9	576
2009	10	1039
2009	11	549
2009	12	562
2010	1	309
2010	2	514
2010	3	646
2010	4	214
2010	5	730
2010	6	1671
2010	7	1087
2010	8	1616
2010	9	1338
2010	10	1044
2010	11	745
2010	12	615
2011	1	625
2011	2	792
2011	3	726
2011	4	2169
2011	5	993
2011	6	840
2011	7	839
2011	8	1692
2011	9	1619
2011	10	815
2011	11	855
2011	12	629
2012	1	987
2012	2	358
2012	3	499
2012	4	570
2012	5	802
2012	6	581
2012	7	468
2012	8	576
2012	9	790
2012	10	1015
2012	11	359
2012	12	1922
2013	1	436
2013	2	688
2013	3	515
2013	4	914
2013	5	995
2013	6	1727
2013	7	819
2013	8	655
2013	9	814
2013	10	995
2013	11	979
2013	12	734
2014	1	561
2014	2	852
2014	3	887
2014	4	1179
2014	5	943
2014	6	697
2014	7	1317
2014	8	952
2014	9	406
2014	10	1156
2014	11	585
2014	12	769
2015	1	410
2015	2	578
2015	3	386
2015	4	710
2015	5	999
2015	6	2520
2015	7	857
2015	8	486
2015	9	1282
2015	10	685
