1893	1	218
1893	2	239
1893	3	294
1893	4	433
1893	5	261
1893	6	56
1893	7	52
1893	8	0
1893	9	443
1893	10	231
1893	11	605
1893	12	153
1894	1	391
1894	2	253
1894	3	415
1894	4	490
1894	5	489
1894	6	366
1894	7	35
1894	8	26
1894	9	117
1894	10	472
1894	11	61
1894	12	495
1895	1	302
1895	2	128
1895	3	58
1895	4	187
1895	5	491
1895	6	26
1895	7	30
1895	8	44
1895	9	446
1895	10	0
1895	11	79
1895	12	400
1896	1	637
1896	2	140
1896	3	239
1896	4	468
1896	5	816
1896	6	267
1896	7	79
1896	8	162
1896	9	45
1896	10	180
1896	11	624
1896	12	529
1897	1	305
1897	2	479
1897	3	472
1897	4	287
1897	5	382
1897	6	324
1897	7	1
1897	8	10
1897	9	47
1897	10	112
1897	11	428
1897	12	393
1898	1	251
1898	2	125
1898	3	13
1898	4	107
1898	5	579
1898	6	81
1898	7	0
1898	8	66
1898	9	34
1898	10	211
1898	11	469
1898	12	105
1899	1	461
1899	2	337
1899	3	271
1899	4	304
1899	5	411
1899	6	77
1899	7	0
1899	8	138
1899	9	12
1899	10	496
1899	11	306
1899	12	266
1900	1	271
1900	2	223
1900	3	155
1900	4	441
1900	5	509
1900	6	325
1900	7	0
1900	8	107
1900	9	210
1900	10	454
1900	11	161
1900	12	120
1901	1	280
1901	2	714
1901	3	150
1901	4	330
1901	5	302
1901	6	54
1901	7	0
1901	8	20
1901	9	65
1901	10	105
1901	11	187
1901	12	345
1902	1	154
1902	2	938
1902	3	192
1902	4	190
1902	5	329
1902	6	147
1902	7	2
1902	8	22
1902	9	51
1902	10	152
1902	11	469
1902	12	417
1903	1	562
1903	2	98
1903	3	270
1903	4	46
1903	5	127
1903	6	161
1903	7	51
1903	8	50
1903	9	153
1903	10	218
1903	11	603
1903	12	96
1904	1	284
1904	2	687
1904	3	527
1904	4	460
1904	5	38
1904	6	211
1904	7	58
1904	8	57
1904	9	26
1904	10	259
1904	11	53
1904	12	552
1905	1	334
1905	2	90
1905	3	290
1905	4	252
1905	5	368
1905	6	453
1905	7	0
1905	8	11
1905	9	31
1905	10	58
1905	11	176
1905	12	70
1906	1	614
1906	2	323
1906	3	709
1906	4	206
1906	5	762
1906	6	341
1906	7	1
1906	8	138
1906	9	37
1906	10	27
1906	11	177
1906	12	316
1907	1	331
1907	2	402
1907	3	459
1907	4	234
1907	5	48
1907	6	418
1907	7	201
1907	8	47
1907	9	69
1907	10	159
1907	11	120
1907	12	575
1908	1	138
1908	2	26
1908	3	138
1908	4	141
1908	5	249
1908	6	536
1908	7	68
1908	8	42
1908	9	244
1908	10	173
1908	11	305
1908	12	116
1909	1	676
1909	2	297
1909	3	117
1909	4	51
1909	5	169
1909	6	116
1909	7	4
1909	8	3
1909	9	320
1909	10	143
1909	11	503
1909	12	278
1910	1	256
1910	2	283
1910	3	224
1910	4	264
1910	5	225
1910	6	32
1910	7	24
1910	8	0
1910	9	299
1910	10	143
1910	11	644
1910	12	254
1911	1	432
1911	2	245
1911	3	57
1911	4	177
1911	5	321
1911	6	283
1911	7	38
1911	8	2
1911	9	26
1911	10	219
1911	11	266
1911	12	211
1912	1	497
1912	2	341
1912	3	249
1912	4	458
1912	5	472
1912	6	303
1912	7	124
1912	8	55
1912	9	125
1912	10	362
1912	11	159
1912	12	154
1913	1	299
1913	2	17
1913	3	295
1913	4	149
1913	5	298
1913	6	621
1913	7	503
1913	8	24
1913	9	64
1913	10	282
1913	11	477
1913	12	452
1914	1	328
1914	2	198
1914	3	45
1914	4	269
1914	5	270
1914	6	605
1914	7	73
1914	8	3
1914	9	108
1914	10	280
1914	11	18
1914	12	138
1915	1	202
1915	2	292
1915	3	143
1915	4	301
1915	5	766
1915	6	61
1915	7	120
1915	8	9
1915	9	70
1915	10	18
1915	11	308
1915	12	322
1916	1	433
1916	2	660
1916	3	201
1916	4	92
1916	5	347
1916	6	280
1916	7	100
1916	8	77
1916	9	15
1916	10	195
1916	11	218
1916	12	196
1917	1	212
1917	2	223
1917	3	336
1917	4	367
1917	5	763
1917	6	123
1917	7	6
1917	8	24
1917	9	446
1917	10	0
1917	11	239
1917	12	380
1918	1	311
1918	2	140
1918	3	325
1918	4	120
1918	5	47
1918	6	151
1918	7	159
1918	8	152
1918	9	447
1918	10	348
1918	11	91
1918	12	56
1919	1	208
1919	2	460
1919	3	283
1919	4	205
1919	5	57
1919	6	0
1919	7	0
1919	8	3
1919	9	258
1919	10	278
1919	11	433
1919	12	278
1920	1	100
1920	2	83
1920	3	327
1920	4	111
1920	5	251
1920	6	196
1920	7	37
1920	8	82
1920	9	143
1920	10	450
1920	11	403
1920	12	492
1921	1	326
1921	2	289
1921	3	193
1921	4	107
1921	5	746
1921	6	250
1921	7	4
1921	8	4
1921	9	115
1921	10	76
1921	11	465
1921	12	366
1922	1	167
1922	2	151
1922	3	313
1922	4	279
1922	5	311
1922	6	104
1922	7	33
1922	8	41
1922	9	0
1922	10	79
1922	11	132
1922	12	496
1923	1	322
1923	2	27
1923	3	44
1923	4	411
1923	5	550
1923	6	699
1923	7	51
1923	8	26
1923	9	216
1923	10	599
1923	11	141
1923	12	126
1924	1	114
1924	2	288
1924	3	63
1924	4	93
1924	5	7
1924	6	53
1924	7	19
1924	8	17
1924	9	24
1924	10	271
1924	11	160
1924	12	587
1925	1	446
1925	2	265
1925	3	124
1925	4	458
1925	5	118
1925	6	188
1925	7	16
1925	8	34
1925	9	296
1925	10	392
1925	11	244
1925	12	384
1926	1	164
1926	2	443
1926	3	56
1926	4	279
1926	5	328
1926	6	86
1926	7	83
1926	8	67
1926	9	16
1926	10	12
1926	11	692
1926	12	307
1927	1	259
1927	2	521
1927	3	198
1927	4	257
1927	5	200
1927	6	272
1927	7	16
1927	8	41
1927	9	140
1927	10	237
1927	11	750
1927	12	117
1928	1	298
1928	2	160
1928	3	493
1928	4	194
1928	5	1
1928	6	101
1928	7	3
1928	8	4
1928	9	9
1928	10	134
1928	11	143
1928	12	263
1929	1	389
1929	2	134
1929	3	168
1929	4	436
1929	5	47
1929	6	574
1929	7	0
1929	8	0
1929	9	19
1929	10	53
1929	11	10
1929	12	210
1930	1	267
1930	2	281
1930	3	193
1930	4	214
1930	5	254
1930	6	106
1930	7	0
1930	8	38
1930	9	135
1930	10	160
1930	11	163
1930	12	0
1931	1	231
1931	2	214
1931	3	305
1931	4	150
1931	5	107
1931	6	209
1931	7	8
1931	8	0
1931	9	117
1931	10	185
1931	11	158
1931	12	218
1932	1	275
1932	2	20
1932	3	446
1932	4	366
1932	5	372
1932	6	605
1932	7	178
1932	8	18
1932	9	0
1932	10	193
1932	11	155
1932	12	256
1933	1	190
1933	2	105
1933	3	104
1933	4	223
1933	5	83
1933	6	0
1933	7	0
1933	8	0
1933	9	142
1933	10	208
1933	11	178
1933	12	187
1934	1	293
1934	2	658
1934	3	167
1934	4	25
1934	5	20
1934	6	489
1934	7	46
1934	8	5
1934	9	49
1934	10	216
1934	11	381
1934	12	437
1935	1	297
1935	2	382
1935	3	287
1935	4	587
1935	5	239
1935	6	0
1935	7	0
1935	8	38
1935	9	0
1935	10	41
1935	11	274
1935	12	348
1936	1	521
1936	2	278
1936	3	162
1936	4	195
1936	5	134
1936	6	501
1936	7	272
1936	8	50
1936	9	86
1936	10	0
1936	11	0
1936	12	171
1937	1	125
1937	2	282
1937	3	223
1937	4	292
1937	5	305
1937	6	229
1937	7	25
1937	8	0
1937	9	53
1937	10	112
1937	11	592
1937	12	496
1938	1	365
1938	2	368
1938	3	345
1938	4	188
1938	5	328
1938	6	109
1938	7	244
1938	8	45
1938	9	58
1938	10	336
1938	11	337
1938	12	165
1939	1	274
1939	2	216
1939	3	246
1939	4	50
1939	5	49
1939	6	147
1939	7	48
1939	8	76
1939	9	155
1939	10	399
1939	11	86
1939	12	339
1940	1	488
1940	2	508
1940	3	372
1940	4	585
1940	5	51
1940	6	94
1940	7	20
1940	8	0
1940	9	1018
1940	10	537
1940	11	333
1940	12	178
1941	1	252
1941	2	327
1941	3	109
1941	4	511
1941	5	399
1941	6	566
1941	7	136
1941	8	87
1941	9	133
1941	10	434
1941	11	305
1941	12	404
1942	1	294
1942	2	415
1942	3	23
1942	4	367
1942	5	731
1942	6	179
1942	7	5
1942	8	28
1942	9	33
1942	10	155
1942	11	526
1942	12	623
1943	1	324
1943	2	45
1943	3	379
1943	4	353
1943	5	241
1943	6	246
1943	7	25
1943	8	38
1943	9	0
1943	10	239
1943	11	92
1943	12	211
1944	1	168
1944	2	418
1944	3	73
1944	4	390
1944	5	346
1944	6	486
1944	7	127
1944	8	0
1944	9	173
1944	10	10
1944	11	555
1944	12	157
1945	1	264
1945	2	338
1945	3	576
1945	4	163
1945	5	735
1945	6	314
1945	7	0
1945	8	76
1945	9	204
1945	10	296
1945	11	379
1945	12	605
1946	1	169
1946	2	101
1946	3	231
1946	4	33
1946	5	253
1946	6	106
1946	7	8
1946	8	15
1946	9	89
1946	10	366
1946	11	351
1946	12	98
1947	1	177
1947	2	215
1947	3	320
1947	4	346
1947	5	206
1947	6	552
1947	7	0
1947	8	23
1947	9	216
1947	10	419
1947	11	378
1947	12	271
1948	1	184
1948	2	209
1948	3	378
1948	4	254
1948	5	325
1948	6	391
1948	7	51
1948	8	77
1948	9	123
1948	10	94
1948	11	265
1948	12	492
1949	1	81
1949	2	203
1949	3	81
1949	4	81
1949	5	662
1949	6	87
1949	7	20
1949	8	5
1949	9	197
1949	10	94
1949	11	191
1949	12	121
1950	1	536
1950	2	231
1950	3	537
1950	4	178
1950	5	276
1950	6	348
1950	7	10
1950	8	76
1950	9	295
1950	10	141
1950	11	463
1950	12	682
1951	1	345
1951	2	446
1951	3	129
1951	4	147
1951	5	229
1951	6	194
1951	7	124
1951	8	0
1951	9	0
1951	10	527
1951	11	356
1951	12	392
1952	1	360
1952	2	211
1952	3	413
1952	4	202
1952	5	482
1952	6	430
1952	7	380
1952	8	0
1952	9	257
1952	10	0
1952	11	175
1952	12	345
1953	1	481
1953	2	116
1953	3	143
1953	4	233
1953	5	747
1953	6	461
1953	7	0
1953	8	94
1953	9	0
1953	10	68
1953	11	271
1953	12	371
1954	1	231
1954	2	122
1954	3	372
1954	4	163
1954	5	68
1954	6	211
1954	7	5
1954	8	25
1954	9	23
1954	10	129
1954	11	71
1954	12	273
1955	1	150
1955	2	344
1955	3	202
1955	4	440
1955	5	219
1955	6	219
1955	7	186
1955	8	0
1955	9	109
1955	10	151
1955	11	279
1955	12	852
1956	1	798
1956	2	116
1956	3	167
1956	4	356
1956	5	862
1956	6	66
1956	7	64
1956	8	0
1956	9	0
1956	10	694
1956	11	48
1956	12	267
1957	1	243
1957	2	143
1957	3	295
1957	4	97
1957	5	671
1957	6	191
1957	7	23
1957	8	20
1957	9	28
1957	10	292
1957	11	0
1957	12	241
1958	1	191
1958	2	437
1958	3	59
1958	4	422
1958	5	350
1958	6	585
1958	7	181
1958	8	85
1958	9	46
1958	10	41
1958	11	264
1958	12	322
1959	1	261
1959	2	157
1959	3	267
1959	4	51
1959	5	347
1959	6	66
1959	7	18
1959	8	0
1959	9	859
1959	10	221
1959	11	5
1959	12	156
1960	1	487
1960	2	543
1960	3	321
1960	4	81
1960	5	393
1960	6	0
1960	7	21
1960	8	160
1960	9	193
1960	10	74
1960	11	432
1960	12	201
1961	1	99
1961	2	440
1961	3	444
1961	4	33
1961	5	115
1961	6	43
1961	7	64
1961	8	229
1961	9	127
1961	10	319
1961	11	86
1961	12	348
1962	1	287
1962	2	323
1962	3	655
1962	4	343
1962	5	480
1962	6	66
1962	7	30
1962	8	66
1962	9	36
1962	10	691
1962	11	303
1962	12	135
1963	1	308
1963	2	385
1963	3	97
1963	4	528
1963	5	437
1963	6	644
1963	7	33
1963	8	43
1963	9	261
1963	10	373
1963	11	386
1963	12	252
1964	1	327
1964	2	63
1964	3	173
1964	4	257
1964	5	353
1964	6	623
1964	7	15
1964	8	216
1964	9	104
1964	10	102
1964	11	525
1964	12	899
1965	1	486
1965	2	5
1965	3	10
1965	4	250
1965	5	291
1965	6	693
1965	7	0
1965	8	290
1965	9	13
1965	10	74
1965	11	345
1965	12	90
1966	1	179
1966	2	200
1966	3	172
1966	4	120
1966	5	43
1966	6	137
1966	7	0
1966	8	76
1966	9	71
1966	10	74
1966	11	519
1966	12	247
1967	1	590
1967	2	95
1967	3	148
1967	4	532
1967	5	441
1967	6	389
1967	7	198
1967	8	8
1967	9	176
1967	10	117
1967	11	315
1967	12	71
1968	1	109
1968	2	330
1968	3	113
1968	4	204
1968	5	289
1968	6	158
1968	7	8
1968	8	676
1968	9	3
1968	10	155
1968	11	462
1968	12	183
1969	1	756
1969	2	151
1969	3	69
1969	4	402
1969	5	129
1969	6	502
1969	7	63
1969	8	0
1969	9	41
1969	10	264
1969	11	66
1969	12	372
1970	1	606
1970	2	162
1970	3	269
1970	4	403
1970	5	494
1970	6	565
1970	7	129
1970	8	15
1970	9	287
1970	10	57
1970	11	336
1970	12	423
1971	1	515
1971	2	213
1971	3	258
1971	4	100
1971	5	119
1971	6	514
1971	7	64
1971	8	78
1971	9	140
1971	10	174
1971	11	369
1971	12	307
1972	1	86
1972	2	302
1972	3	361
1972	4	150
1972	5	336
1972	6	287
1972	7	0
1972	8	35
1972	9	293
1972	10	127
1972	11	384
1972	12	253
1973	1	190
1973	2	64
1973	3	306
1973	4	383
1973	5	125
1973	6	99
1973	7	0
1973	8	71
1973	9	274
1973	10	167
1973	11	498
1973	12	162
1974	1	128
1974	2	135
1974	3	335
1974	4	316
1974	5	25
1974	6	43
1974	7	254
1974	8	0
1974	9	0
1974	10	234
1974	11	157
1974	12	375
1975	1	381
1975	2	194
1975	3	343
1975	4	249
1975	5	72
1975	6	281
1975	7	381
1975	8	0
1975	9	0
1975	10	171
1975	11	83
1975	12	160
1976	1	340
1976	2	305
1976	3	82
1976	4	342
1976	5	58
1976	6	261
1976	7	194
1976	8	630
1976	9	333
1976	10	71
1976	11	46
1976	12	10
1977	1	149
1977	2	74
1977	3	176
1977	4	77
1977	5	444
1977	6	94
1977	7	168
1977	8	171
1977	9	304
1977	10	40
1977	11	229
1977	12	454
1978	1	506
1978	2	443
1978	3	332
1978	4	726
1978	5	46
1978	6	206
1978	7	112
1978	8	224
1978	9	412
1978	10	0
1978	11	346
1978	12	117
1979	1	523
1979	2	356
1979	3	231
1979	4	349
1979	5	167
1979	6	127
1979	7	0
1979	8	502
1979	9	5
1979	10	431
1979	11	308
1979	12	116
1980	1	401
1980	2	330
1980	3	289
1980	4	94
1980	5	462
1980	6	291
1980	7	122
1980	8	0
1980	9	485
1980	10	183
1980	11	170
1980	12	263
1981	1	323
1981	2	311
1981	3	534
1981	4	440
1981	5	510
1981	6	244
1981	7	104
1981	8	13
1981	9	120
1981	10	53
1981	11	575
1981	12	997
1982	1	206
1982	2	343
1982	3	206
1982	4	351
1982	5	185
1982	6	734
1982	7	395
1982	8	15
1982	9	275
1982	10	428
1982	11	127
1982	12	270
1983	1	262
1983	2	173
1983	3	579
1983	4	102
1983	5	305
1983	6	160
1983	7	221
1983	8	106
1983	9	56
1983	10	56
1983	11	770
1983	12	996
1984	1	381
1984	2	223
1984	3	533
1984	4	318
1984	5	407
1984	6	772
1984	7	30
1984	8	185
1984	9	64
1984	10	89
1984	11	592
1984	12	387
1985	1	50
1985	2	101
1985	3	247
1985	4	193
1985	5	141
1985	6	64
1985	7	25
1985	8	0
1985	9	223
1985	10	148
1985	11	425
1985	12	91
1986	1	147
1986	2	665
1986	3	18
1986	4	137
1986	5	216
1986	6	66
1986	7	0
1986	8	48
1986	9	318
1986	10	112
1986	11	216
1986	12	178
1987	1	134
1987	2	280
1987	3	197
1987	4	132
1987	5	670
1987	6	195
1987	7	137
1987	8	46
1987	9	0
1987	10	43
1987	11	169
1987	12	193
1988	1	394
1988	2	122
1988	3	228
1988	4	239
1988	5	127
1988	6	216
1988	7	0
1988	8	3
1988	9	104
1988	10	0
1988	11	833
1988	12	132
1989	1	297
1989	2	209
1989	3	367
1989	4	384
1989	5	182
1989	6	38
1989	7	0
1989	8	129
1989	9	370
1989	10	302
1989	11	61
1989	12	0
1990	1	23
1990	2	813
1990	3	118
1990	4	421
1990	5	436
1990	6	93
1990	7	46
1990	8	138
1990	9	11
1990	10	108
1990	11	152
1990	12	126
1991	1	8
1991	2	11
1991	3	44
1991	4	325
1991	5	818
1991	6	223
1991	7	10
1991	8	0
1991	9	137
1991	10	150
1991	11	216
1991	12	96
1992	1	86
1992	2	170
1992	3	147
1992	4	162
1992	5	19
1992	6	512
1992	7	28
1992	8	0
1992	9	36
1992	10	130
1992	11	290
1992	12	423
1993	1	341
1993	2	220
1993	3	422
1993	4	460
1993	5	274
1993	6	466
1993	7	154
1993	8	7
1993	9	42
1993	10	148
1993	11	101
1993	12	89
1994	1	204
1994	2	347
1994	3	23
1994	4	259
1994	5	467
1994	6	91
1994	7	0
1994	8	0
1994	9	8
1994	10	229
1994	11	508
1994	12	399
1995	1	284
1995	2	227
1995	3	497
1995	4	384
1995	5	368
1995	6	361
1995	7	223
1995	8	61
1995	9	0
1995	10	96
1995	11	443
1995	12	708
1996	1	430
1996	2	304
1996	3	241
1996	4	343
1996	5	382
1996	6	89
1996	7	0
1996	8	135
1996	9	117
1996	10	184
1996	11	281
1996	12	344
1997	1	995
1997	2	54
1997	3	122
1997	4	439
1997	5	162
1997	6	382
1997	7	50
1997	8	56
1997	9	135
1997	10	102
1997	11	193
1997	12	81
1998	1	492
1998	2	396
1998	3	321
1998	4	192
1998	5	1094
1998	6	546
1998	7	94
1998	8	0
1998	9	381
1998	10	13
1998	11	331
1998	12	249
1999	1	423
1999	2	647
1999	3	150
1999	4	83
1999	5	303
1999	6	170
1999	7	0
1999	8	100
1999	9	0
1999	10	8
1999	11	137
1999	12	89
2000	1	389
2000	2	388
2000	3	271
2000	4	236
2000	5	369
2000	6	0
2000	7	19
2000	8	0
2000	9	63
2000	10	689
2000	11	79
2000	12	165
2001	1	424
2001	2	101
2001	3	394
2001	4	310
2001	5	160
2001	6	48
2001	7	236
2001	8	0
2001	9	18
2001	10	105
2001	11	337
2001	12	374
2002	1	214
2002	2	111
2002	3	219
2002	4	297
2002	5	106
2002	6	369
2002	7	35
2002	8	0
2002	9	26
2002	10	0
2002	11	205
2002	12	336
2003	1	398
2003	2	168
2003	3	228
2003	4	347
2003	5	412
2003	6	83
2003	7	121
2003	8	145
2003	9	16
2003	10	8
2003	11	285
2003	12	657
2004	1	303
2004	2	333
2004	3	33
2004	4	136
2004	5	496
2004	6	117
2004	7	39
2004	8	61
2004	9	48
2004	10	632
2004	11	193
2004	12	283
2005	1	84
2005	2	145
2005	3	243
2005	4	333
2005	5	399
2005	6	255
2005	7	0
2005	8	3
2005	9	17
2005	10	103
2005	11	364
2005	12	762
2006	1	621
2006	2	177
2006	3	360
2006	4	438
2006	5	286
2006	6	139
2006	7	69
2006	8	4
2006	9	76
2006	10	50
2006	11	319
2006	12	392
2007	1	38
2007	2	317
2007	3	121
2007	4	274
2007	5	63
2007	6	137
2007	7	16
2007	8	16
2007	9	168
2007	10	258
2007	11	208
2007	12	272
2008	1	281
2008	2	229
2008	3	240
2008	4	96
2008	5	225
2008	6	133
2008	7	18
2008	8	4
2008	9	42
2008	10	99
2008	11	252
2008	12	380
2009	1	190
2009	2	126
2009	3	232
2009	4	218
2009	5	103
2009	6	789
2009	7	55
2009	8	34
2009	9	3
2009	10	265
2009	11	132
2009	12	322
2010	1	402
2010	2	184
2010	3	278
2010	4	244
2010	5	325
2010	6	511
2010	7	51
2010	8	16
2010	9	20
2010	10	257
2010	11	97
2010	12	814
2011	1	198
2011	2	154
2011	3	535
2011	4	427
2011	5	488
2011	6	215
2011	7	59
2011	8	2
2011	9	7
2011	10	197
2011	11	160
2011	12	78
2012	1	301
2012	2	180
2012	3	339
2012	4	264
2012	5	109
2012	6	197
2012	7	1
2012	8	2
2012	9	18
2012	10	110
2012	11	178
2012	12	286
2013	1	247
2013	2	128
2013	3	82
2013	4	149
2013	5	225
2013	6	243
2013	7	37
2013	8	7
2013	9	381
2013	10	123
2013	11	190
2013	12	89
2014	1	139
2014	2	419
2014	3	322
2014	4	285
2014	5	194
2014	6	51
2014	7	76
2014	8	40
2014	9	193
2014	10	125
2014	11	400
2014	12	386
2015	1	177
2015	2	243
2015	3	104
2015	4	209
2015	5	367
2015	6	56
2015	7	242
2015	8	5
2015	9	60
2015	10	197
