1840	8	894
1840	9	389
1840	10	1074
1840	11	602
1840	12	828
1841	3	970
1841	4	1135
1841	6	815
1841	7	521
1841	8	445
1841	9	452
1841	10	323
1843	4	561
1843	5	1011
1843	6	488
1843	7	765
1843	8	1207
1843	9	2113
1843	10	1346
1843	11	678
1843	12	229
1844	1	140
1844	2	627
1844	3	38
1844	4	437
1844	5	1102
1844	6	1064
1844	7	864
1844	8	818
1844	9	815
1844	10	1001
1844	11	394
1844	12	76
1845	1	191
1845	2	495
1845	3	25
1845	4	284
1845	5	572
1845	6	1803
1845	7	384
1845	8	671
1845	9	457
1845	10	1473
1845	11	836
1845	12	521
1846	1	229
1846	2	724
1846	3	551
1846	4	549
1846	5	2858
1846	6	1400
1846	7	1466
1846	8	927
1846	9	701
1846	10	699
1846	11	1461
1846	12	381
1847	1	305
1847	2	254
1847	3	13
1847	4	112
1847	5	612
1847	6	902
1847	7	1288
1847	8	546
1847	9	1704
1847	10	1427
1847	11	991
1847	12	51
1848	1	25
1848	2	25
1848	3	165
1848	4	274
1848	5	701
1848	6	607
1848	7	1824
1848	8	363
1848	9	521
1848	10	493
1848	11	424
1848	12	508
1849	1	13
1849	2	305
1849	3	76
1849	4	325
1849	5	874
1849	6	678
1849	7	282
1849	8	569
1849	9	213
1849	10	1603
1849	11	320
1849	12	406
1850	1	254
1850	2	13
1850	3	76
1850	4	711
1850	5	1333
1850	6	475
1850	7	2235
1854	1	889
1854	3	201
1854	4	1349
1854	5	803
1854	6	1328
1854	7	638
1854	8	803
1854	9	188
1854	10	907
1854	11	792
1854	12	2286
1855	4	478
1855	5	752
1855	6	2169
1855	7	2334
1855	8	800
1855	9	935
1855	10	1224
1855	11	396
1856	1	457
1856	4	955
1856	5	810
1856	6	808
1856	7	518
1856	8	737
1856	9	81
1856	10	516
1856	11	528
1856	12	749
1857	1	318
1857	3	338
1857	4	711
1857	5	2040
1857	6	2845
1857	7	818
1857	8	742
1857	9	531
1857	10	300
1857	11	254
1857	12	1440
1858	1	478
1858	2	457
1858	3	203
1858	4	589
1858	5	2550
1858	6	1262
1858	7	671
1858	8	1052
1858	9	518
1858	10	1059
1858	11	1372
1858	12	1074
1859	1	785
1859	2	721
1859	3	1539
1859	4	1405
1859	5	356
1859	6	1092
1859	7	851
1859	8	1346
1859	9	2276
1859	10	422
1859	11	264
1859	12	699
1860	1	193
1860	2	734
1860	3	521
1860	4	970
1860	5	1217
1860	6	780
1860	7	465
1860	8	1989
1860	9	351
1860	10	1039
1860	11	874
1860	12	673
1861	1	927
1861	2	450
1861	3	627
1861	4	1097
1861	5	973
1861	6	411
1861	7	1057
1861	8	683
1861	9	1194
1861	10	762
1861	11	742
1861	12	254
1862	1	1572
1862	2	470
1862	3	963
1862	4	1186
1862	5	422
1862	6	2443
1862	7	523
1862	8	97
1862	9	325
1862	10	815
1862	11	279
1862	12	315
1863	1	1326
1863	2	932
1863	3	1422
1863	4	1059
1863	5	859
1863	6	754
1863	7	3449
1863	8	269
1863	9	1158
1863	10	1422
1863	11	775
1863	12	1730
1864	1	627
1864	2	188
1864	3	1158
1864	4	1488
1864	5	1361
1864	6	681
1864	7	1316
1864	8	1250
1864	9	3147
1864	10	429
1864	11	638
1864	12	828
1865	1	1054
1865	2	892
1865	3	1468
1865	4	569
1865	5	2177
1865	6	564
1865	7	683
1865	8	897
1865	9	1204
1865	10	785
1865	11	450
1865	12	889
1866	1	594
1866	2	1044
1866	3	183
1866	4	958
1866	5	757
1866	6	1468
1866	7	960
1866	8	594
1866	9	1115
1866	10	912
1866	11	831
1866	12	523
1867	1	531
1867	2	1072
1867	3	1323
1867	4	511
1867	5	1453
1867	6	925
1867	7	648
1867	8	3091
1867	9	627
1867	10	798
1867	11	226
1867	12	775
1868	1	1036
1868	2	447
1868	3	627
1868	4	1275
1868	5	1118
1868	6	864
1868	7	599
1868	8	432
1868	9	1417
1868	10	152
1868	11	1575
1868	12	691
1869	1	1069
1869	2	886
1869	3	1209
1869	4	427
1869	5	930
1869	6	1387
1869	7	958
1869	9	478
1869	11	665
1869	12	1770
1870	1	2565
1870	2	1044
1870	3	953
1870	4	1130
1870	5	1034
1870	6	1943
1870	7	599
1870	9	1293
1871	1	661
1871	4	742
1871	5	942
1871	6	1509
1871	7	2156
1871	8	2273
1871	9	617
1872	1	183
1872	4	791
1872	5	806
1872	6	1107
1872	7	874
1872	9	621
1873	1	620
1873	4	1011
1873	6	526
1873	7	688
1873	9	545
1874	1	748
1874	4	1283
1874	5	523
1874	6	435
1874	7	1197
1874	9	803
1875	1	542
1875	5	376
1875	6	810
1875	7	1046
1875	9	532
1876	1	318
1876	6	1148
1876	7	1082
1876	9	2279
1889	1	726
1889	2	376
1889	3	828
1889	4	1006
1889	5	2416
1889	6	1824
1889	7	2205
1889	8	909
1889	9	1151
1889	10	846
1889	11	1674
1889	12	536
1890	1	511
1890	2	861
1890	3	965
1890	4	625
1890	5	1679
1890	6	754
1890	7	711
1890	8	1448
1890	9	734
1890	10	1626
1890	11	284
1890	12	615
1891	1	1201
1891	2	841
1891	3	1080
1891	4	432
1891	5	450
1891	6	955
1891	7	2134
1891	8	1321
1891	9	445
1891	10	729
1891	11	495
1891	12	942
1892	1	1306
1892	2	259
1892	3	1222
1892	4	546
1892	5	1003
1892	6	1252
1892	7	1646
1892	8	607
1892	9	841
1892	10	38
1892	11	1054
1892	12	297
1893	1	521
1893	2	1184
1893	3	500
1893	4	932
1893	5	1351
1893	6	625
1893	7	488
1893	8	937
1893	9	442
1893	10	825
1893	11	645
1893	12	485
1894	1	450
1894	2	1158
1894	3	330
1894	4	577
1894	5	1542
1894	6	825
1894	7	480
1894	8	1036
1894	9	1405
1894	10	1168
1894	11	483
1894	12	848
1895	1	965
1895	2	137
1895	3	493
1895	4	932
1895	5	503
1895	6	422
1895	7	295
1895	8	599
1895	9	554
1895	10	414
1895	11	437
1895	12	859
1896	1	254
1896	2	1392
1896	3	978
1896	4	302
1896	5	759
1896	6	970
1896	7	1605
1896	8	368
1896	9	460
1896	10	876
1896	11	838
1896	12	102
1897	1	406
1897	2	704
1897	3	729
1897	4	643
1897	5	1346
1897	6	465
1897	7	935
1897	8	795
1897	9	330
1897	10	343
1897	11	1039
1897	12	815
1898	1	820
1898	2	406
1898	3	772
1898	4	495
1898	5	1557
1898	6	503
1898	7	1288
1898	8	2144
1898	9	528
1898	10	1336
1898	11	800
1898	12	803
1899	1	577
1899	2	942
1899	3	937
1899	4	292
1899	5	1140
1899	6	744
1899	7	483
1899	8	1232
1899	9	1080
1899	10	198
1899	11	541
1899	12	465
1900	1	526
1900	2	864
1900	3	762
1900	4	363
1900	5	338
1900	6	732
1900	7	798
1900	8	1199
1900	9	358
1900	10	318
1900	11	683
1900	12	411
1901	1	465
1901	2	135
1901	3	914
1901	4	732
1901	5	1519
1901	6	287
1901	7	386
1901	8	759
1901	9	549
1901	10	292
1901	11	328
1901	12	1207
1902	1	833
1902	2	1011
1902	3	757
1902	4	693
1902	5	74
1902	6	1209
1902	7	935
1902	8	574
1902	9	1019
1902	10	1476
1902	11	378
1902	12	1161
1903	1	932
1903	2	1064
1903	3	955
1903	4	823
1903	5	117
1903	6	1430
1903	7	447
1903	8	1478
1903	9	495
1903	10	665
1903	11	224
1903	12	488
1904	1	790
1904	2	391
1904	3	691
1904	4	526
1904	5	876
1904	6	1013
1904	7	1209
1904	8	749
1904	9	429
1904	10	706
1904	11	137
1904	12	607
1905	1	1054
1905	2	292
1905	3	805
1905	4	353
1905	5	439
1905	6	709
1905	7	1273
1905	8	1341
1905	9	711
1905	10	927
1905	11	384
1905	12	861
1906	1	447
1906	2	533
1906	3	825
1906	4	851
1906	5	325
1906	6	1270
1906	7	442
1906	8	1369
1906	9	607
1906	10	1034
1906	11	137
1906	12	848
1907	1	676
1907	2	460
1907	3	846
1907	4	538
1907	5	368
1907	6	871
1907	7	505
1907	8	658
1907	9	2101
1907	10	391
1907	11	668
1907	12	1125
1908	1	452
1908	2	1273
1908	3	831
1908	4	592
1908	5	884
1908	6	267
1908	7	1400
1908	8	617
1908	9	381
1908	10	1054
1908	11	226
1908	12	526
1909	1	465
1909	2	1049
1909	3	716
1909	4	678
1909	5	610
1909	6	1082
1909	7	218
1909	8	206
1909	9	665
1909	10	602
1909	11	104
1909	12	757
1910	1	993
1910	2	899
1910	3	64
1910	4	1067
1910	5	1044
1910	6	1247
1910	7	358
1910	8	561
1910	9	706
1910	10	330
1910	11	211
1910	12	653
1911	1	599
1911	2	493
1911	3	744
1911	4	770
1911	5	574
1911	6	566
1911	7	460
1911	8	2471
1911	9	935
1911	10	711
1911	11	605
1911	12	699
1912	1	478
1912	2	533
1912	3	1247
1912	4	1003
1912	5	714
1912	6	706
1912	7	528
1912	8	770
1912	9	1085
1912	10	229
1912	11	394
1912	12	973
1913	1	655
1913	2	437
1913	3	1278
1913	4	988
1913	5	693
1913	6	272
1913	7	742
1913	8	1105
1913	9	892
1913	10	1575
1913	11	427
1913	12	696
1914	1	798
1914	2	892
1914	3	401
1914	4	1148
1914	5	663
1914	6	795
1914	7	1577
1914	8	1125
1914	9	173
1914	10	345
1914	11	318
1914	12	1176
1915	1	1534
1915	2	1082
1915	3	472
1915	4	541
1915	5	721
1915	6	892
1915	7	1024
1915	8	2614
1915	9	787
1915	10	488
1915	11	368
1915	12	851
1916	1	409
1916	2	678
1916	3	1052
1916	4	671
1916	5	572
1916	6	1011
1916	7	1138
1916	8	594
1916	9	1651
1916	10	483
1916	11	373
1916	12	607
1917	1	1067
1917	2	605
1917	3	884
1917	4	419
1917	5	495
1917	6	805
1917	7	792
1917	8	1623
1917	9	1074
1917	10	1341
1917	11	114
1917	12	739
1918	1	1445
1918	2	538
1918	3	396
1918	4	1204
1918	5	749
1918	6	632
1918	7	848
1918	8	645
1918	9	742
1918	10	551
1918	11	368
1918	12	927
1919	1	699
1919	2	523
1919	3	833
1919	4	490
1919	5	1478
1919	6	991
1919	7	1735
1919	8	1034
1919	9	414
1919	10	686
1919	11	904
1919	12	582
1920	1	533
1920	2	1074
1920	3	635
1920	4	1110
1920	5	340
1920	6	935
1920	7	1021
1920	8	2245
1920	9	1405
1920	10	132
1920	11	831
1920	12	1001
1921	1	427
1921	2	678
1921	3	594
1921	4	836
1921	5	1001
1921	6	442
1921	7	320
1921	8	792
1921	9	693
1921	10	384
1921	11	813
1921	12	660
1922	1	632
1922	2	582
1922	3	815
1922	4	363
1922	5	945
1922	6	739
1922	7	993
1922	8	320
1922	9	216
1922	10	803
1922	11	142
1922	12	612
1923	1	798
1923	2	467
1923	3	465
1923	4	442
1923	5	798
1923	6	584
1923	7	846
1923	8	185
1923	9	1031
1923	10	559
1923	11	495
1923	12	953
1924	1	1283
1924	2	1044
1924	3	625
1924	4	1308
1924	5	1648
1924	6	1643
1924	7	1148
1924	8	930
1924	9	1656
1924	10	5
1924	11	414
1924	12	414
1925	1	848
1925	2	406
1925	3	617
1925	4	523
1925	5	551
1925	6	1273
1925	7	1844
1925	8	1072
1925	9	488
1925	10	1532
1925	11	1097
1925	12	511
1926	1	1232
1926	2	1222
1926	3	485
1926	4	472
1926	5	414
1926	6	544
1926	7	1001
1926	8	1267
1926	9	1300
1926	10	991
1926	11	1196
1926	12	660
1927	1	566
1927	2	765
1927	3	503
1927	4	716
1927	5	691
1927	6	988
1927	7	922
1927	8	648
1927	9	721
1927	10	1976
1927	11	561
1927	12	846
1928	1	673
1928	2	879
1928	3	904
1928	4	1580
1928	5	564
1928	6	2073
1928	7	1321
1928	8	925
1928	9	726
1928	10	203
1928	11	572
1928	12	157
1929	1	803
1929	2	815
1929	3	556
1929	4	1532
1929	5	1052
1929	6	1458
1929	7	765
1929	8	632
1929	9	1295
1929	10	1803
1929	11	716
1929	12	610
1930	1	429
1930	2	699
1930	3	975
1930	4	630
1930	5	665
1930	6	1367
1930	7	315
1930	8	307
1930	9	734
1930	10	28
1930	11	206
1930	12	577
1931	1	462
1931	2	366
1931	3	945
1931	4	511
1931	5	953
1931	6	833
1931	7	988
1931	8	808
1931	9	851
1931	10	541
1931	11	185
1931	12	432
1932	1	1016
1932	2	343
1932	3	1473
1932	4	290
1932	5	983
1932	6	841
1932	7	625
1932	8	277
1932	9	274
1932	10	2276
1932	11	1240
1932	12	465
1933	1	411
1933	2	610
1933	3	1435
1933	4	1313
1933	5	1405
1933	6	879
1933	7	1179
1933	8	2710
1933	9	912
1933	10	572
1933	11	178
1933	12	396
1934	1	706
1934	2	254
1934	3	848
1934	4	711
1934	5	922
1934	6	894
1934	7	681
1934	8	1290
1934	9	2276
1934	10	356
1934	11	970
1934	12	1100
1935	1	495
1935	2	538
1935	3	711
1935	4	683
1935	5	361
1935	6	846
1935	7	879
1935	8	602
1935	9	843
1935	10	655
1935	11	810
1935	12	561
1936	1	1417
1936	2	843
1936	3	1679
1936	4	917
1936	5	406
1936	6	1171
1936	7	1275
1936	8	754
1936	9	622
1936	10	508
1936	11	343
1936	12	1539
1937	1	1356
1937	2	803
1937	3	368
1937	4	1163
1937	5	810
1937	6	1814
1937	7	1227
1937	8	1585
1937	9	259
1937	10	1717
1937	11	1143
1937	12	386
1938	1	526
1938	2	516
1938	3	719
1938	4	556
1938	5	876
1938	6	742
1938	7	673
1938	8	1087
1938	9	1120
1938	10	615
1938	11	973
1938	12	927
1939	1	780
1939	2	1038
1939	3	647
1939	4	709
1939	5	139
1939	6	619
1939	7	413
1939	8	1039
1939	9	872
1939	10	987
1939	11	136
1939	12	483
1940	1	309
1940	2	785
1940	3	1269
1940	4	1195
1940	5	906
1940	6	744
1940	7	806
1940	8	1581
1940	9	879
1940	10	669
1940	11	1071
1940	12	728
1941	1	606
1941	2	211
1941	3	533
1941	4	446
1941	5	491
1941	6	882
1941	7	711
1941	8	669
1941	9	183
1941	10	380
1941	11	488
1941	12	887
1942	1	602
1942	2	743
1942	3	800
1942	4	392
1942	5	1624
1942	6	923
1942	7	1404
1942	8	1170
1942	9	657
1942	10	1118
1942	11	556
1942	12	1280
1943	1	593
1943	2	360
1943	3	687
1943	4	833
1943	5	1584
1943	6	588
1943	7	521
1943	8	427
1943	9	217
1943	10	1732
1943	11	946
1943	12	269
1944	1	754
1944	2	318
1944	3	1390
1944	4	1001
1944	5	1277
1944	6	1395
1944	7	224
1944	8	384
1944	9	1002
1944	10	774
1944	11	863
1944	12	663
1945	1	849
1945	2	513
1945	3	497
1945	4	1039
1945	5	1337
1945	6	1002
1945	7	2162
1945	8	1209
1945	9	1374
1945	10	273
1945	11	1409
1945	12	844
1946	1	272
1946	2	440
1946	3	809
1946	4	146
1946	5	1915
1946	6	1426
1946	7	854
1946	8	755
1946	9	395
1946	10	846
1946	11	174
1946	12	506
1947	1	846
1947	2	450
1947	3	348
1947	4	796
1947	5	1339
1947	6	934
1947	7	1387
1947	8	824
1947	9	343
1947	10	183
1947	11	1421
1947	12	291
1948	1	700
1948	2	327
1948	3	851
1948	4	1008
1948	5	1433
1948	6	830
1948	7	515
1948	8	939
1948	9	196
1948	10	877
1948	11	1161
1948	12	897
1949	1	1063
1949	2	613
1949	3	306
1949	4	814
1949	5	539
1949	6	277
1949	7	2104
1949	8	632
1949	9	411
1949	10	678
1949	11	240
1949	12	704
1950	1	629
1950	2	800
1950	3	961
1950	4	424
1950	5	1423
1950	6	428
1950	7	812
1950	8	326
1950	9	462
1950	10	585
1950	11	773
1950	12	954
1951	1	930
1951	2	735
1951	3	869
1951	4	345
1951	5	478
1951	6	1217
1951	7	295
1951	8	318
1951	9	608
1951	10	355
1951	11	1171
1951	12	1208
1952	1	875
1952	2	458
1952	3	1244
1952	4	1519
1952	5	1475
1952	6	219
1952	7	1038
1952	8	740
1952	9	1191
1952	10	188
1952	11	1313
1952	12	804
1953	1	1121
1953	2	582
1953	3	980
1953	4	835
1953	5	2049
1953	6	772
1953	7	910
1953	8	307
1953	9	590
1953	10	417
1953	11	742
1953	12	813
1954	1	374
1954	2	556
1954	3	895
1954	4	909
1954	5	834
1954	6	147
1954	7	594
1954	8	1472
1954	9	384
1954	10	953
1954	11	642
1954	12	748
1955	1	178
1955	2	630
1955	3	1009
1955	4	514
1955	5	243
1955	6	1038
1955	7	199
1955	8	2306
1955	9	854
1955	10	1274
1955	11	453
1955	12	59
1956	1	368
1956	2	884
1956	3	1123
1956	4	675
1956	5	618
1956	6	675
1956	7	1164
1956	8	885
1956	9	823
1956	10	895
1956	11	500
1956	12	1081
1957	1	419
1957	2	669
1957	3	502
1957	4	988
1957	5	214
1957	6	859
1957	7	426
1957	8	237
1957	9	555
1957	10	452
1957	11	715
1957	12	1328
1958	1	1171
1958	2	916
1958	3	933
1958	4	815
1958	5	835
1958	6	784
1958	7	700
1958	8	625
1958	9	1067
1958	10	330
1958	11	979
1958	12	168
1959	1	678
1959	2	489
1959	3	654
1959	4	808
1959	5	385
1959	6	1222
1959	7	813
1959	8	1407
1959	9	231
1959	10	1060
1959	11	543
1959	12	766
1960	1	535
1960	2	840
1960	3	643
1960	4	658
1960	5	1882
1960	6	1060
1960	7	1201
1960	8	471
1960	9	1356
1960	10	341
1960	11	352
1960	12	611
1961	1	879
1961	2	780
1961	3	1066
1961	4	1160
1961	5	517
1961	6	492
1961	7	1677
1961	8	1393
1961	9	315
1961	10	234
1961	11	905
1961	12	869
1962	1	545
1962	2	1100
1962	3	687
1962	4	714
1962	5	751
1962	6	1025
1962	7	305
1962	8	1061
1962	9	912
1962	10	1070
1962	11	1044
1962	12	844
1963	1	558
1963	2	467
1963	3	981
1963	4	386
1963	5	676
1963	6	599
1963	7	500
1963	8	648
1963	9	717
1963	10	11
1963	11	1506
1963	12	600
1964	1	1215
1964	2	791
1964	3	747
1964	4	1248
1964	5	130
1964	6	1066
1964	7	572
1964	8	779
1964	9	449
1964	10	487
1964	11	475
1964	12	791
1965	1	686
1965	2	836
1965	3	919
1965	4	318
1965	5	605
1965	6	661
1965	7	787
1965	8	1013
1965	9	539
1965	10	927
1965	11	414
1965	12	221
1966	1	907
1966	2	1128
1966	3	479
1966	4	877
1966	5	251
1966	6	18
1966	7	206
1966	8	390
1966	9	1555
1966	10	539
1966	11	904
1966	12	784
1967	1	459
1967	2	393
1967	3	1337
1967	4	655
1967	5	1098
1967	6	483
1967	7	1516
1967	8	1427
1967	9	457
1967	10	801
1967	11	735
1967	12	1086
1968	1	335
1968	2	135
1968	3	866
1968	4	618
1968	5	1665
1968	6	571
1968	7	492
1968	8	450
1968	9	1316
1968	10	596
1968	11	857
1968	12	540
1969	1	270
1969	2	432
1969	3	558
1969	4	542
1969	5	396
1969	6	646
1969	7	2468
1969	8	526
1969	9	589
1969	10	415
1969	11	836
1969	12	1642
1970	1	223
1970	2	827
1970	3	924
1970	4	1278
1970	5	609
1970	6	1473
1970	7	1612
1970	8	756
1970	9	538
1970	10	814
1970	11	1166
1970	12	891
1971	1	685
1971	2	1429
1971	3	680
1971	4	264
1971	5	1347
1971	6	459
1971	7	723
1971	8	1974
1971	9	494
1971	10	724
1971	11	1316
1971	12	491
1972	1	672
1972	2	1269
1972	3	682
1972	4	1043
1972	5	1413
1972	6	4714
1972	7	574
1972	8	640
1972	9	357
1972	10	516
1972	11	1831
1972	12	1350
1973	1	822
1973	2	634
1973	3	508
1973	4	1582
1973	5	1619
1973	6	848
1973	7	553
1973	8	556
1973	9	1456
1973	10	627
1973	11	264
1973	12	1657
1974	1	969
1974	2	346
1974	3	1180
1974	4	815
1974	5	1112
1974	6	938
1974	7	710
1974	8	1049
1974	9	1727
1974	10	317
1974	11	584
1974	12	1168
1975	1	1045
1975	2	789
1975	3	961
1975	4	712
1975	5	1331
1975	6	1655
1975	7	796
1975	8	464
1975	9	3805
1975	10	666
1975	11	743
1975	12	810
1976	1	1102
1976	2	477
1976	3	872
1976	4	414
1976	5	1379
1976	6	616
1976	7	1397
1976	8	834
1976	9	1218
1976	10	2507
1976	11	202
1976	12	499
1977	1	367
1977	2	445
1977	3	1549
1977	4	1138
1977	5	255
1977	6	807
1977	7	766
1977	8	238
1977	9	949
1977	10	931
1977	11	1425
1977	12	1225
1978	1	1888
1978	2	344
1978	3	1002
1978	4	501
1978	5	1440
1978	6	1310
1978	7	1107
1978	8	914
1978	9	416
1978	10	640
1978	11	542
1978	12	1003
1979	1	2035
1979	2	1204
1979	3	490
1979	4	913
1979	5	1185
1979	6	665
1979	7	799
1979	8	823
1979	9	1681
1979	10	994
1979	11	680
1979	12	371
1980	1	229
1980	2	209
1980	3	1391
1980	4	1084
1980	5	1163
1980	6	634
1980	7	403
1980	8	385
1980	9	268
1980	10	747
1980	11	927
1980	12	196
1981	1	109
1981	2	1507
1981	3	260
1981	4	704
1981	5	471
1981	6	1183
1981	7	1187
1981	8	1044
1981	9	558
1981	10	955
1981	11	244
1981	12	613
1982	1	924
1982	2	488
1982	3	560
1982	4	1060
1982	5	1241
1982	6	2062
1982	7	738
1982	8	629
1982	9	729
1982	10	463
1982	11	857
1982	12	399
1983	1	574
1983	2	859
1983	3	1234
1983	4	2022
1983	5	1362
1983	6	715
1983	7	246
1983	8	635
1983	9	356
1983	10	1069
1983	11	1344
1983	12	1920
1984	1	285
1984	2	1147
1984	3	1360
1984	4	1134
1984	5	1575
1984	6	1617
1984	7	955
1984	8	699
1984	9	378
1984	10	506
1984	11	962
1984	12	582
1985	1	270
1985	2	740
1985	3	707
1985	4	115
1985	5	1600
1985	6	779
1985	7	635
1985	8	544
1985	9	956
1985	10	339
1985	11	1583
1985	12	325
1986	1	570
1986	2	1145
1986	3	802
1986	4	1042
1986	5	581
1986	6	377
1986	7	1312
1986	8	1591
1986	9	166
1986	10	658
1986	11	1164
1986	12	1245
1987	1	937
1987	2	405
1987	3	363
1987	4	744
1987	5	948
1987	6	880
1987	7	498
1987	8	734
1987	9	2136
1987	10	667
1987	11	1261
1987	12	468
1988	1	554
1988	2	834
1988	3	503
1988	4	673
1988	5	1470
1988	6	254
1988	7	1118
1988	8	679
1988	9	615
1988	10	461
1988	11	932
1988	12	227
1989	1	582
1989	2	482
1989	3	917
1989	4	279
1989	5	2467
1989	6	1528
1989	7	1829
1989	8	771
1989	9	669
1989	10	1420
1989	11	551
1989	12	323
1990	1	958
1990	2	694
1990	3	448
1990	4	660
1990	5	1828
1990	6	279
1990	7	919
1990	8	1560
1990	9	418
1990	10	1250
1990	11	655
1990	12	1536
1991	1	664
1991	2	353
1991	3	899
1991	4	509
1991	5	799
1991	6	275
1991	7	505
1991	8	1344
1991	9	343
1991	10	1046
1991	11	592
1991	12	642
1992	1	318
1992	2	321
1992	3	906
1992	4	456
1992	5	1058
1992	6	557
1992	7	1698
1992	8	640
1992	9	1313
1992	10	338
1992	11	1218
1992	12	612
1993	1	386
1993	2	343
1993	3	877
1993	4	1761
1993	5	437
1993	6	836
1993	7	1004
1993	8	1234
1993	9	1727
1993	10	835
1993	11	1176
1993	12	1066
1994	1	707
1994	2	706
1994	3	1121
1994	4	654
1994	5	1116
1994	6	559
1994	7	2124
1994	8	1192
1994	9	715
1994	10	264
1994	11	1461
1994	12	762
1995	1	968
1995	2	338
1995	3	222
1995	4	664
1995	5	883
1995	6	822
1995	7	955
1995	8	150
1995	9	567
1995	10	1678
1995	11	995
1995	12	678
1996	1	1700
1996	2	477
1996	3	1029
1996	4	1349
1996	5	783
1996	6	1022
1996	7	2042
1996	8	601
1996	9	1001
1996	10	1571
1996	11	1001
1996	12	1455
1997	1	645
1997	2	427
1997	3	1004
1997	4	256
1997	5	869
1997	6	727
1997	7	825
1997	8	710
1997	9	538
1997	10	443
1997	11	1034
1997	12	579
1998	1	1192
1998	2	1257
1998	3	1357
1998	4	1548
1998	5	1498
1998	6	1461
1998	7	877
1998	8	1159
1998	9	528
1998	10	1049
1998	11	298
1998	12	127
1999	1	1523
1999	2	737
1999	3	874
1999	4	900
1999	5	456
1999	6	528
1999	7	278
1999	8	1025
1999	9	2740
1999	10	713
1999	11	565
1999	12	676
2000	1	795
2000	2	586
2000	3	1566
2000	4	858
2000	5	1125
2000	6	1762
2000	7	1015
2000	8	507
2000	9	1125
2000	10	289
2000	11	491
2000	12	983
2001	1	669
2001	2	408
2001	3	851
2001	4	693
2001	5	961
2001	6	679
2001	7	918
2001	8	1002
2001	9	667
2001	10	218
2001	11	345
2001	12	593
2002	1	579
2002	2	91
2002	3	1154
2002	4	1193
2002	5	1319
2002	6	1123
2002	7	448
2002	8	557
2002	9	971
2002	10	1557
2002	11	1005
2002	12	1177
2003	1	569
2003	2	1084
2003	3	924
2003	4	793
2003	5	1351
2003	6	2026
2003	7	1354
2003	8	1503
2003	9	1271
2003	10	1345
2003	11	982
2003	12	931
2004	1	514
2004	2	628
2004	3	487
2004	4	1235
2004	5	1211
2004	6	1227
2004	7	1887
2004	8	1777
2004	9	2398
2004	10	688
2004	11	839
2004	12	1007
2005	1	1335
2005	2	463
2005	3	994
2005	4	1158
2005	5	243
2005	6	956
2005	7	1646
2005	8	715
2005	9	163
2005	10	1785
2005	11	758
2005	12	637
2006	1	1153
2006	2	579
2006	3	182
2006	4	933
2006	5	783
2006	6	3307
2006	7	1024
2006	8	863
2006	9	1083
2006	10	1215
2006	11	1124
2006	12	510
2007	1	694
2007	2	745
2007	3	1033
2007	4	1074
2007	5	169
2007	6	954
2007	7	1060
2007	8	1238
2007	9	731
2007	10	979
2007	11	932
2007	12	1299
2008	1	231
2008	2	1515
2008	3	1244
2008	4	701
2008	5	1004
2008	6	1136
2008	7	1020
2008	8	766
2008	9	1293
2008	10	693
2008	11	567
2008	12	1890
2009	1	498
2009	2	119
2009	3	487
2009	4	976
2009	5	1214
2009	6	1474
2009	7	890
2009	8	1705
2009	9	1036
2009	10	1396
2009	11	497
2009	12	1016
2010	1	394
2010	2	636
2010	3	837
2010	4	631
2010	5	915
2010	6	782
2010	7	1100
2010	8	777
2010	9	1811
2010	10	923
2010	11	879
2010	12	627
2011	1	439
2011	2	795
2011	3	1504
2011	4	1723
2011	5	1107
2011	6	1641
2011	7	266
2011	8	2472
2011	9	4569
2011	10	913
2011	11	1140
2011	12	892
2012	1	624
2012	2	433
2012	3	262
2012	4	583
2012	5	1449
2012	6	644
2012	7	754
2012	8	1119
2012	9	1533
2012	10	1696
2012	11	320
2012	12	1094
2013	1	835
2013	2	406
2013	3	703
2013	4	546
2013	5	566
2013	6	1134
2013	7	2335
2013	8	1021
2013	9	614
2013	10	2207
2013	11	630
2013	12	1037
2014	1	757
2014	2	986
2014	3	622
2014	4	1218
2014	5	1244
2014	6	1082
2014	7	1307
2014	8	545
2014	9	353
2014	10	1191
2014	11	662
2014	12	890
2015	1	626
2015	2	339
2015	3	968
2015	4	556
2015	5	1234
2015	6	1909
2015	7	550
2015	8	797
2015	9	1233
2015	10	517
