1882	4	211
1882	5	1740
1882	6	41
1882	7	749
1882	8	958
1882	9	536
1882	10	343
1883	4	447
1883	5	587
1883	6	902
1883	7	668
1883	8	13
1883	9	61
1883	10	501
1884	4	1369
1884	5	1806
1884	6	526
1884	7	107
1884	8	0
1884	9	958
1885	5	754
1885	6	15
1885	7	28
1885	8	104
1885	9	658
1885	10	30
1886	4	1031
1886	5	0
1886	6	406
1886	7	508
1886	8	828
1886	9	1242
1886	10	239
1887	5	1643
1887	6	589
1887	7	226
1887	8	544
1887	9	721
1887	10	396
1888	4	1166
1888	5	1361
1888	6	980
1888	7	213
1888	8	960
1888	9	249
1888	10	632
1889	1	1405
1889	2	734
1889	4	394
1889	5	310
1889	6	2789
1889	7	386
1889	8	234
1889	9	1372
1889	10	18
1889	11	1201
1890	4	1778
1890	5	549
1890	6	536
1890	7	41
1890	8	107
1890	9	36
1890	10	533
1890	11	18
1891	1	1321
1891	2	76
1891	3	450
1891	4	1499
1891	5	434
1891	6	635
1891	7	686
1891	8	406
1891	9	460
1891	10	38
1891	11	508
1891	12	1715
1892	1	559
1892	2	368
1892	3	544
1892	4	660
1892	5	1143
1892	6	1092
1892	7	203
1892	8	813
1892	9	152
1892	10	1298
1892	11	216
1892	12	1359
1893	1	229
1893	2	147
1893	3	643
1893	4	622
1893	5	645
1893	6	455
1893	7	724
1893	8	780
1893	9	254
1893	10	0
1893	11	1016
1893	12	94
1894	1	434
1894	2	602
1894	3	1176
1894	4	2299
1894	5	1270
1894	6	178
1894	7	318
1894	8	620
1894	9	208
1894	10	559
1894	11	254
1894	12	310
1895	1	686
1895	2	368
1895	3	267
1895	4	737
1895	5	1255
1895	6	1035
1895	7	348
1895	8	787
1895	9	800
1895	10	1361
1895	11	1138
1895	12	612
1896	1	1557
1896	2	1473
1896	3	335
1896	4	714
1896	5	333
1896	6	119
1896	7	404
1896	8	81
1896	9	1199
1896	10	973
1896	11	173
1896	12	592
1897	1	851
1897	2	224
1897	3	1375
1897	4	577
1897	5	781
1897	6	2363
1897	7	76
1897	8	687
1897	9	871
1897	10	722
1897	11	236
1897	12	678
1898	1	600
1898	2	656
1898	3	444
1898	4	998
1898	5	267
1898	6	1503
1898	7	186
1898	8	635
1898	9	460
1898	10	331
1898	11	665
1898	12	558
1899	1	209
1899	2	245
1899	3	38
1899	4	551
1899	5	1064
1899	6	2786
1899	7	179
1899	8	38
1899	9	178
1899	10	1245
1899	11	610
1899	12	1355
1900	1	857
1900	2	97
1900	3	1718
1900	4	2910
1900	5	2544
1900	6	0
1900	7	600
1900	8	1168
1900	9	1422
1900	10	360
1900	11	328
1900	12	436
1901	1	190
1901	2	631
1901	3	631
1901	4	387
1901	5	676
1901	6	348
1901	7	247
1901	8	64
1901	9	577
1901	10	577
1901	11	460
1901	12	528
1902	1	91
1902	2	183
1902	3	572
1902	4	659
1902	5	625
1902	6	452
1902	7	5026
1902	8	0
1902	9	1251
1902	10	632
1902	11	3330
1902	12	750
1903	1	448
1903	2	1265
1903	3	752
1903	4	229
1903	5	577
1903	6	991
1903	7	1718
1903	8	232
1903	9	94
1903	10	498
1903	11	13
1903	12	569
1904	1	51
1904	2	450
1904	3	92
1904	4	1069
1904	5	1575
1904	6	839
1904	7	458
1904	8	1082
1904	9	791
1904	10	915
1904	11	89
1904	12	249
1905	1	239
1905	2	421
1905	3	1088
1905	4	1859
1905	5	1469
1905	6	2367
1905	7	599
1905	8	155
1905	9	1936
1905	10	726
1905	11	583
1905	12	1248
1906	1	285
1906	2	599
1906	3	358
1906	4	1040
1906	5	470
1906	6	962
1906	7	1037
1906	8	693
1906	9	997
1906	10	290
1906	11	274
1906	12	1043
1907	1	307
1907	2	373
1907	3	250
1907	4	665
1907	5	2378
1907	6	302
1907	7	947
1907	8	43
1907	9	203
1907	10	1503
1907	11	1842
1907	12	720
1908	1	260
1908	2	790
1908	3	706
1908	4	1903
1908	5	2972
1908	6	204
1908	7	408
1908	8	351
1908	9	900
1908	10	297
1908	11	689
1908	12	723
1909	1	38
1909	2	452
1909	3	327
1909	4	543
1909	5	793
1909	6	660
1909	7	195
1909	8	1255
1909	9	0
1909	10	874
1909	11	1017
1909	12	696
1910	1	158
1910	2	493
1910	3	669
1910	4	931
1910	5	2075
1910	6	354
1910	7	112
1910	8	158
1910	9	406
1910	10	403
1910	11	302
1910	12	709
1911	1	99
1911	2	465
1911	3	579
1911	4	1351
1911	5	531
1911	6	312
1911	7	768
1911	8	163
1911	9	118
1911	10	1097
1911	11	324
1911	12	1110
1912	1	0
1912	2	821
1912	3	1506
1912	4	963
1912	5	323
1912	6	498
1912	7	96
1912	8	402
1912	9	140
1912	10	1051
1912	11	818
1912	12	854
1913	1	531
1913	2	654
1913	3	259
1913	4	457
1913	5	496
1913	6	453
1913	7	127
1913	8	206
1913	9	1664
1913	10	1707
1913	11	1609
1913	12	2836
1914	1	53
1914	2	489
1914	3	735
1914	4	1870
1914	5	2396
1914	6	447
1914	7	541
1914	8	1971
1914	9	178
1914	10	1201
1914	11	1365
1914	12	1006
1915	1	345
1915	2	452
1915	3	554
1915	4	2279
1915	5	511
1915	6	336
1915	7	226
1915	8	1394
1915	9	518
1915	10	315
1915	11	765
1915	12	800
1916	1	1273
1916	2	0
1916	3	54
1916	4	678
1916	5	2044
1916	6	373
1916	7	226
1916	8	229
1916	9	377
1916	10	246
1916	11	625
1916	12	178
1917	1	295
1917	2	196
1917	3	95
1917	4	695
1917	5	734
1917	6	597
1917	7	524
1917	8	216
1917	9	472
1917	10	0
1917	11	492
1917	12	13
1918	1	157
1918	2	220
1918	3	264
1918	4	1829
1918	5	262
1918	6	551
1918	7	204
1918	8	38
1918	9	152
1918	10	635
1918	11	1637
1918	12	1361
1919	1	741
1919	2	758
1919	3	1117
1919	4	410
1919	5	906
1919	6	1724
1919	7	523
1919	8	1262
1919	9	1027
1919	10	1508
1919	11	863
1919	12	447
1920	1	1194
1920	2	143
1920	3	461
1920	4	155
1920	5	1012
1920	6	478
1920	7	458
1920	8	1996
1920	9	1159
1920	10	1014
1920	11	1258
1920	12	219
1921	1	229
1921	2	244
1921	3	1167
1921	4	1170
1921	5	696
1921	6	1683
1921	7	976
1921	8	241
1921	9	3033
1921	10	107
1921	11	185
1921	12	800
1922	1	679
1922	2	652
1922	3	993
1922	4	2954
1922	5	1538
1922	6	547
1922	7	177
1922	8	360
1922	9	254
1922	10	389
1922	11	843
1922	12	84
1923	1	157
1923	2	1168
1923	3	603
1923	4	1857
1923	5	399
1923	6	854
1923	7	448
1923	8	127
1923	9	1050
1923	10	1344
1923	11	563
1923	12	2021
1924	1	444
1924	2	1092
1924	3	745
1924	4	836
1924	5	1244
1924	6	361
1924	7	68
1924	8	0
1924	9	1221
1924	10	160
1924	11	356
1924	12	296
1925	1	325
1925	2	33
1925	3	0
1925	4	363
1925	5	502
1925	6	88
1925	7	61
1925	8	425
1925	9	1047
1925	10	1501
1925	11	821
1925	12	102
1926	1	1596
1926	2	38
1926	3	1713
1926	4	1357
1926	5	668
1926	6	325
1926	7	553
1926	8	766
1926	9	314
1926	10	2443
1926	11	472
1926	12	949
1927	1	311
1927	2	957
1927	3	957
1927	4	1378
1927	5	891
1927	6	1871
1927	7	234
1927	8	23
1927	9	1001
1927	10	2151
1927	11	102
1927	12	463
1928	1	254
1928	2	1207
1928	3	183
1928	4	630
1928	5	320
1928	6	873
1928	7	1092
1928	8	295
1928	9	1105
1928	10	255
1928	11	338
1928	12	1050
1929	1	696
1929	2	538
1929	3	627
1929	4	1484
1929	5	3686
1929	6	180
1929	7	290
1929	8	152
1929	9	452
1929	10	490
1929	11	1144
1929	12	267
1930	1	140
1930	2	374
1930	3	508
1930	4	340
1930	5	2980
1930	6	251
1930	7	46
1930	8	934
1930	9	612
1930	10	2043
1930	11	879
1930	12	460
1931	1	495
1931	2	918
1931	3	894
1931	4	775
1931	5	449
1931	6	401
1931	7	574
1931	8	64
1931	9	109
1931	10	208
1931	11	501
1931	12	760
1932	1	1333
1932	2	845
1932	3	409
1932	4	686
1932	5	1573
1932	6	864
1932	7	217
1932	8	915
1932	9	1135
1932	10	74
1932	11	160
1932	12	1055
1933	1	442
1933	2	490
1933	3	553
1933	4	305
1933	5	843
1933	6	0
1933	7	1252
1933	8	427
1933	9	584
1933	10	312
1933	11	249
1933	12	557
1934	1	1170
1934	2	630
1934	3	1164
1934	4	935
1934	5	267
1934	6	38
1934	7	401
1934	8	137
1934	9	99
1934	10	0
1934	11	2960
1934	12	330
1935	1	419
1935	2	851
1935	3	376
1935	4	740
1935	5	2458
1935	6	2173
1935	7	703
1935	8	343
1935	9	1859
1935	10	653
1935	11	198
1935	12	1143
1936	1	121
1936	2	254
1936	3	70
1936	4	739
1936	5	1998
1936	6	28
1936	7	1657
1936	8	112
1936	9	2018
1936	10	1196
1936	11	541
1936	12	1146
1937	1	609
1937	2	81
1937	3	1029
1937	4	172
1937	5	321
1937	6	772
1937	7	935
1937	8	147
1937	9	323
1937	10	775
1937	11	1506
1937	12	1306
1938	1	1076
1938	2	498
1938	3	437
1938	4	1671
1938	5	1172
1938	6	1001
1938	7	402
1938	8	54
1938	9	402
1938	10	87
1938	11	417
1938	12	439
1939	1	1135
1939	2	733
1939	3	506
1939	4	398
1939	5	882
1939	6	898
1939	7	292
1939	8	349
1939	9	36
1939	10	534
1939	11	691
1939	12	246
1940	1	264
1940	2	681
1940	3	215
1940	4	646
1940	5	556
1940	6	2411
1940	7	685
1940	8	43
1940	9	335
1940	10	562
1940	11	2463
1940	12	1618
1941	1	1048
1941	2	931
1941	3	1006
1941	4	1462
1941	5	1264
1941	6	1850
1941	7	1194
1941	8	567
1941	9	63
1941	10	1225
1941	11	446
1941	12	689
1942	1	112
1942	2	462
1942	3	333
1942	4	1663
1942	5	2167
1942	6	562
1942	7	238
1942	8	886
1942	9	1914
1942	10	945
1942	11	558
1942	12	482
1943	1	254
1943	2	11
1943	3	779
1943	4	592
1943	5	1022
1943	6	115
1943	7	1112
1943	8	84
1943	9	896
1943	10	399
1943	11	480
1943	12	496
1944	1	1382
1944	2	1303
1944	3	1469
1944	4	460
1944	5	3137
1944	6	800
1944	7	226
1944	8	630
1944	9	977
1944	10	96
1944	11	1713
1944	12	1309
1945	1	813
1945	2	1204
1945	3	763
1945	4	2099
1945	5	706
1945	6	1396
1945	7	51
1945	8	1242
1945	9	404
1945	10	839
1945	11	150
1945	12	846
1946	1	1103
1946	2	890
1946	3	773
1946	4	1040
1946	5	1899
1946	6	745
1946	7	173
1946	8	656
1946	9	1990
1946	10	345
1946	11	1168
1946	12	692
1947	1	1092
1947	2	153
1947	3	958
1947	4	800
1947	5	1374
1947	6	218
1947	7	213
1947	8	1055
1947	9	155
1947	10	162
1947	11	635
1947	12	550
1948	1	524
1948	2	518
1948	3	316
1948	4	1213
1948	5	503
1948	6	815
1948	7	451
1948	8	125
1948	9	767
1948	10	277
1948	11	197
1948	12	253
1949	1	954
1949	2	591
1949	3	739
1949	4	1637
1949	5	127
1949	6	1252
1949	7	373
1949	8	520
1949	9	216
1949	10	813
1949	11	8
1949	12	753
1950	1	348
1950	2	1168
1950	3	97
1950	4	1136
1950	5	1117
1950	6	859
1950	7	376
1950	8	92
1950	9	551
1950	10	346
1950	11	196
1950	12	10
1951	1	255
1951	2	636
1951	3	344
1951	4	710
1951	5	2015
1951	6	724
1951	7	10
1951	8	3
1951	9	1327
1951	10	208
1951	11	347
1951	12	116
1952	1	143
1952	2	743
1952	3	639
1952	4	1463
1952	5	1410
1952	6	462
1952	7	110
1952	8	5
1952	9	129
1952	10	0
1952	11	1327
1952	12	1362
1953	1	124
1953	2	414
1953	3	513
1953	4	812
1953	5	1895
1953	6	101
1953	7	376
1953	8	886
1953	9	687
1953	10	2091
1953	11	452
1953	12	655
1954	1	264
1954	2	86
1954	3	152
1954	4	856
1954	5	611
1954	6	0
1954	7	23
1954	8	312
1954	9	156
1954	10	476
1954	11	544
1954	12	49
1955	1	580
1955	2	722
1955	3	381
1955	4	663
1955	5	1531
1955	6	922
1955	7	342
1955	8	2948
1955	9	627
1955	10	188
1955	11	51
1955	12	434
1956	1	779
1956	2	514
1956	3	35
1956	4	114
1956	5	1102
1956	6	58
1956	7	104
1956	8	25
1956	9	0
1956	10	463
1956	11	580
1956	12	575
1957	1	341
1957	2	737
1957	3	920
1957	4	2570
1957	5	1079
1957	6	582
1957	7	259
1957	8	0
1957	9	1560
1957	10	2439
1957	11	1151
1957	12	237
1958	1	468
1958	2	1691
1958	3	445
1958	4	1205
1958	5	681
1958	6	1359
1958	7	297
1958	8	689
1958	9	1159
1958	10	468
1958	11	201
1958	12	424
1959	1	219
1959	2	857
1959	3	145
1959	4	1077
1959	5	838
1959	6	1260
1959	7	1018
1959	8	1473
1959	9	818
1959	10	2289
1959	11	485
1959	12	1072
1960	1	730
1960	2	597
1960	3	362
1960	4	615
1960	5	326
1960	6	1109
1960	7	566
1960	8	647
1960	9	302
1960	10	2150
1960	11	960
1960	12	1472
1961	1	948
1961	2	979
1961	3	635
1961	4	183
1961	5	256
1961	6	1366
1961	7	1154
1961	8	101
1961	9	1281
1961	10	477
1961	11	564
1961	12	379
1962	1	275
1962	2	656
1962	3	173
1962	4	1192
1962	5	376
1962	6	1194
1962	7	312
1962	8	463
1962	9	528
1962	10	889
1962	11	859
1962	12	547
1963	1	58
1963	2	372
1963	3	114
1963	4	717
1963	5	168
1963	6	663
1963	7	1321
1963	8	38
1963	9	567
1963	10	89
1963	11	806
1963	12	467
1964	1	770
1964	2	574
1964	3	633
1964	4	550
1964	5	754
1964	6	1546
1964	7	102
1964	8	855
1964	9	1542
1964	10	417
1964	11	1022
1964	12	350
1965	1	1498
1965	2	1072
1965	3	501
1965	4	457
1965	5	2861
1965	6	274
1965	7	61
1965	8	298
1965	9	1117
1965	10	631
1965	11	1121
1965	12	1215
1966	1	510
1966	2	992
1966	3	173
1966	4	1671
1966	5	1548
1966	6	797
1966	7	371
1966	8	927
1966	9	1380
1966	10	64
1966	11	33
1966	12	389
1967	1	61
1967	2	178
1967	3	236
1967	4	595
1967	5	2050
1967	6	0
1967	7	114
1967	8	371
1967	9	1271
1967	10	1357
1967	11	935
1967	12	1040
1968	1	1915
1968	2	582
1968	3	657
1968	4	748
1968	5	2846
1968	6	1559
1968	7	973
1968	8	74
1968	9	752
1968	10	8
1968	11	1019
1968	12	601
1969	1	261
1969	2	927
1969	3	859
1969	4	1266
1969	5	449
1969	6	171
1969	7	170
1969	8	750
1969	9	140
1969	10	1032
1969	11	557
1969	12	810
1970	1	399
1970	2	915
1970	3	1141
1970	4	684
1970	5	1041
1970	6	104
1970	7	46
1970	8	134
1970	9	1572
1970	10	866
1970	11	0
1970	12	147
1971	1	13
1971	2	467
1971	3	21
1971	4	531
1971	5	1192
1971	6	155
1971	7	1124
1971	8	1651
1971	9	721
1971	10	1128
1971	11	637
1971	12	997
1972	1	354
1972	2	112
1972	3	160
1972	4	520
1972	5	857
1972	6	950
1972	7	633
1972	8	609
1972	9	424
1972	10	1167
1972	11	721
1972	12	505
1973	1	1158
1973	2	1026
1973	3	977
1973	4	638
1973	5	894
1973	6	1257
1973	7	933
1973	8	53
1973	9	1959
1973	10	2175
1973	11	307
1973	12	322
1974	1	585
1974	2	109
1974	3	265
1974	4	508
1974	5	726
1974	6	269
1974	7	84
1974	8	1735
1974	9	1529
1974	10	1011
1974	11	1615
1974	12	484
1975	1	341
1975	2	953
1975	3	344
1975	4	448
1975	5	1733
1975	6	1499
1975	7	140
1975	8	1804
1975	9	1034
1975	10	681
1975	11	196
1975	12	403
1976	1	29
1976	2	173
1976	3	841
1976	4	2057
1976	5	1004
1976	6	927
1976	7	1166
1976	8	144
1976	9	1792
1976	10	1098
1976	11	554
1976	12	744
1977	1	490
1977	2	808
1977	3	474
1977	4	1636
1977	5	592
1977	6	567
1977	7	0
1977	8	267
1977	9	312
1977	10	230
1977	11	869
1977	12	128
1978	1	340
1978	2	481
1978	3	550
1978	4	874
1978	5	603
1978	6	884
1978	7	300
1978	8	887
1978	9	498
1978	10	444
1978	11	1560
1978	12	744
1979	1	572
1979	2	697
1979	3	1216
1979	4	770
1979	5	1659
1979	6	732
1979	7	691
1979	8	1220
1979	9	546
1979	10	390
1979	11	229
1979	12	1195
1980	1	345
1980	2	426
1980	3	797
1980	4	676
1980	5	1714
1980	6	193
1980	7	0
1980	8	0
1980	9	795
1980	10	218
1980	11	823
1980	12	399
1981	1	274
1981	2	705
1981	3	897
1981	4	623
1981	5	914
1981	6	3460
1981	7	326
1981	8	897
1981	9	1230
1981	10	1875
1981	11	391
1981	12	135
1982	1	264
1982	2	307
1982	3	506
1982	4	814
1982	5	1087
1982	6	1172
1982	7	58
1982	8	622
1982	9	71
1982	10	471
1982	11	1166
1982	12	717
1983	1	422
1983	2	1139
1983	3	938
1983	4	42
1983	5	2415
1983	6	151
1983	7	180
1983	8	1309
1983	9	953
1983	10	235
1983	11	576
1983	12	301
1984	1	316
1984	2	136
1984	3	967
1984	4	164
1984	5	252
1984	6	1397
1984	7	831
1984	8	117
1984	9	522
1984	10	2264
1984	11	771
1984	12	1028
1985	1	423
1985	2	1267
1985	3	1660
1985	4	686
1985	5	896
1985	6	983
1985	7	331
1985	8	82
1985	9	2089
1985	10	2116
1985	11	1666
1985	12	693
1986	1	158
1986	2	1879
1986	3	112
1986	4	475
1986	5	1689
1986	6	1359
1986	7	0
1986	8	541
1986	9	1803
1986	10	1767
1986	11	628
1986	12	1368
1987	1	260
1987	2	920
1987	3	420
1987	4	396
1987	5	1045
1987	6	1651
1987	7	815
1987	8	191
1987	9	821
1987	10	56
1987	11	1209
1987	12	990
1988	1	98
1988	2	252
1988	3	676
1988	4	264
1988	5	391
1988	6	1034
1988	7	1390
1988	8	286
1988	9	170
1988	10	772
1988	11	233
1988	12	604
1989	1	785
1989	2	878
1989	3	669
1989	4	181
1989	5	1686
1989	6	1226
1989	7	79
1989	8	905
1989	9	86
1989	10	533
1989	11	204
1989	12	75
1990	1	493
1990	2	801
1990	3	1513
1990	4	1030
1990	5	789
1990	6	58
1990	7	602
1990	8	282
1990	9	1414
1990	10	908
1990	11	742
1990	12	133
1991	1	1367
1991	2	345
1991	3	79
1991	4	502
1991	5	1667
1991	6	1061
1991	7	1051
1991	8	729
1991	9	1860
1991	10	637
1991	11	229
1991	12	2281
1992	1	1158
1992	2	1652
1992	3	1121
1992	4	490
1992	5	2506
1992	6	939
1992	7	691
1992	8	379
1992	9	643
1992	10	140
1992	11	1024
1992	12	932
1993	1	992
1993	2	650
1993	3	1520
1993	4	788
1993	5	1784
1993	6	1260
1993	7	0
1993	8	0
1993	9	1354
1993	10	653
1993	11	284
1993	12	442
1994	1	268
1994	2	757
1994	3	376
1994	4	618
1994	5	1314
1994	6	633
1994	7	165
1994	8	190
1994	9	1016
1994	10	1004
1994	11	267
1994	12	1039
1995	1	241
1995	2	213
1995	3	668
1995	4	813
1995	5	1138
1995	6	551
1995	7	285
1995	8	338
1995	9	265
1995	10	181
1995	11	214
1995	12	175
1996	1	43
1996	2	0
1996	3	371
1996	4	437
1996	5	683
1996	6	582
1996	7	294
1996	8	1584
1996	9	1397
1996	10	152
1996	11	1178
1996	12	561
1997	1	437
1997	2	1552
1997	3	653
1997	4	2489
1997	5	2480
1997	6	1008
1997	7	549
1997	8	199
1997	9	120
1997	10	1018
1997	11	1064
1997	12	1496
1998	1	1259
1998	2	1183
1998	3	483
1998	4	224
1998	5	61
1998	6	43
1998	7	511
1998	8	502
1998	9	2227
1998	10	3439
1998	11	1023
1998	12	659
1999	1	403
1999	2	19
1999	3	507
1999	4	503
1999	5	1023
1999	6	841
1999	7	1039
1999	8	173
1999	9	122
1999	10	546
1999	11	33
1999	12	482
2000	1	643
2000	2	625
2000	3	554
2000	4	1278
2000	5	704
2000	6	1724
2000	7	8
2000	8	249
2000	9	851
2000	10	1168
2000	11	2051
2000	12	767
2001	1	766
2001	2	188
2001	3	646
2001	4	282
2001	5	1072
2001	6	838
2001	7	127
2001	8	2803
2001	9	218
2001	10	796
2001	11	1585
2001	12	1071
2002	1	299
2002	2	292
2002	3	307
2002	4	431
2002	5	2134
2002	6	599
2002	7	778
2002	8	676
2002	9	557
2002	10	1298
2002	11	558
2002	12	452
2003	1	226
2003	2	1062
2003	3	271
2003	4	114
2003	5	452
2003	6	2578
2003	7	205
2003	8	371
2003	9	917
2003	10	1224
2003	11	357
2003	12	242
2004	1	994
2004	2	1043
2004	3	398
2004	4	1363
2004	5	974
2004	6	2714
2004	7	655
2004	8	709
2004	9	324
2004	10	1417
2004	11	2289
2004	12	239
2005	1	750
2005	2	639
2005	3	537
2005	4	254
2005	5	1144
2005	6	441
2005	7	394
2005	8	1584
2005	9	284
2005	10	276
2005	11	256
2005	12	65
2006	1	639
2006	2	517
2006	3	719
2006	4	824
2006	5	1129
2006	6	1029
2006	7	326
2006	8	79
2006	9	683
2006	10	897
2006	11	172
2006	12	787
2007	1	1743
2007	2	45
2007	3	1769
2007	4	423
2007	5	3368
2007	6	2185
2007	7	1095
2007	8	365
2007	9	418
2007	10	326
2007	11	365
2007	12	401
2008	1	209
2008	2	340
2008	3	926
2008	4	901
2008	5	1114
2008	6	123
2008	7	287
2008	8	1149
2008	9	181
2008	10	328
2008	11	257
2008	12	128
2009	1	278
2009	2	304
2009	3	696
2009	4	1456
2009	5	524
2009	6	98
2009	7	535
2009	8	332
2009	9	1742
2009	10	2733
2009	11	519
2009	12	446
2010	1	757
2010	2	801
2010	3	753
2010	4	458
2010	5	384
2010	6	662
2010	7	981
2010	8	141
2010	9	1562
2010	10	151
2010	11	197
2010	12	240
2011	1	843
2011	2	397
2011	3	60
2011	4	198
2011	5	596
2011	6	298
2011	7	32
2011	8	19
2011	9	208
2011	10	621
2011	11	416
2011	12	1272
2012	1	860
2012	2	1017
2012	3	1335
2012	4	212
2012	5	865
2012	6	194
2012	7	726
2012	8	504
2012	9	1132
2012	10	218
2012	11	60
2012	12	262
2013	1	1083
2013	2	372
2013	3	335
2013	4	511
2013	5	1258
2013	6	268
2013	7	707
2013	8	236
2013	9	1377
2013	10	1368
2013	11	537
2013	12	283
2014	1	103
2014	2	137
2014	3	239
2014	4	411
2014	5	1723
2014	6	485
2014	7	198
2014	8	232
2014	9	623
2014	10	758
2014	11	893
2014	12	416
2015	1	1029
2015	2	257
2015	3	811
2015	4	672
2015	5	3286
2015	6	1095
2015	7	26
2015	8	101
2015	9	221
2015	10	1581
