1893	1	2
1893	2	146
1893	3	213
1893	4	259
1893	5	709
1893	6	634
1893	7	784
1893	8	287
1893	9	228
1893	10	79
1893	11	7
1893	12	8
1894	1	72
1894	2	81
1894	3	106
1894	4	319
1894	5	195
1894	6	683
1894	7	658
1894	8	171
1894	9	303
1894	10	273
1894	11	0
1894	12	0
1895	1	0
1895	2	0
1895	3	0
1895	4	0
1895	5	584
1895	6	2514
1895	7	267
1895	8	1000
1895	9	481
1895	10	0
1895	11	127
1895	12	13
1896	1	18
1896	2	3
1896	3	0
1896	4	1549
1896	5	694
1896	6	1243
1896	7	693
1896	8	0
1896	9	543
1896	10	597
1896	11	76
1896	12	51
1897	1	25
1897	2	139
1897	3	406
1897	4	1372
1897	5	94
1897	6	1088
1897	7	282
1897	8	347
1897	9	289
1897	10	1023
1897	11	101
1897	12	292
1898	1	178
1898	2	26
1898	3	0
1898	4	645
1898	5	1197
1898	6	632
1898	7	515
1898	8	902
1898	9	351
1898	10	991
1898	11	56
1898	12	0
1899	1	0
1899	2	56
1899	3	81
1899	4	331
1899	5	783
1899	6	1136
1899	7	1630
1899	8	716
1899	9	152
1899	10	106
1899	11	417
1899	12	169
1900	1	5
1900	2	261
1900	3	130
1900	4	1568
1900	5	623
1900	6	326
1900	7	1106
1900	8	1016
1900	9	335
1900	10	279
1900	11	81
1900	12	0
1901	1	25
1901	2	25
1901	3	0
1901	4	435
1901	5	40
1901	6	2268
1901	7	293
1901	8	262
1901	9	1227
1901	10	249
1901	11	191
1901	12	0
1902	1	76
1902	2	82
1902	3	194
1902	4	282
1902	5	1421
1902	6	701
1902	7	1773
1902	8	499
1902	9	998
1902	10	358
1902	11	0
1902	12	0
1903	1	61
1903	2	89
1903	3	89
1903	4	117
1903	5	1108
1903	6	590
1903	7	1594
1903	8	1565
1903	9	127
1903	10	249
1903	11	102
1903	12	0
1904	1	25
1904	2	0
1904	3	51
1904	4	373
1904	5	1285
1904	6	948
1904	7	1651
1904	8	500
1904	9	929
1904	10	996
1904	11	0
1904	12	0
1905	1	235
1905	2	254
1905	3	280
1905	4	1420
1905	5	957
1905	6	1489
1905	7	1374
1905	8	239
1905	9	798
1905	10	287
1905	11	3
1905	12	0
1906	1	140
1906	2	56
1906	3	156
1906	4	2375
1906	5	419
1906	6	451
1906	7	1496
1906	8	1260
1906	9	373
1906	10	144
1906	11	66
1906	12	262
1907	1	199
1907	2	150
1907	3	50
1907	4	71
1907	5	609
1907	6	1246
1907	7	1271
1907	8	433
1907	9	239
1907	10	117
1907	11	15
1907	12	163
1908	1	0
1908	2	389
1908	3	38
1908	4	103
1908	5	959
1908	6	1813
1908	7	1146
1908	8	1066
1908	9	589
1908	10	49
1908	11	86
1908	12	0
1909	1	25
1909	2	71
1909	3	13
1909	4	183
1909	5	350
1909	6	927
1909	7	1760
1909	8	1036
1909	9	808
1909	10	206
1909	11	170
1909	12	262
1910	1	55
1910	2	2
1910	3	45
1910	4	110
1910	5	793
1910	6	1327
1910	7	609
1910	8	2512
1910	9	488
1910	10	46
1910	11	0
1910	12	190
1911	1	48
1911	2	84
1911	3	58
1911	4	593
1911	5	1027
1911	6	162
1911	7	1096
1911	8	949
1911	9	571
1911	10	1184
1911	11	0
1911	12	0
1912	1	152
1912	2	51
1912	3	420
1912	4	569
1912	5	146
1912	6	330
1912	7	788
1912	8	330
1912	9	349
1912	10	323
1912	11	0
1912	12	30
1913	1	18
1913	2	176
1913	3	582
1913	4	820
1913	5	702
1913	6	843
1913	7	536
1913	8	327
1913	9	591
1913	10	56
1913	11	323
1913	12	1352
1914	1	25
1914	2	77
1914	3	274
1914	4	448
1914	5	765
1914	6	985
1914	7	273
1914	8	788
1914	9	128
1914	10	228
1914	11	0
1914	12	142
1915	1	254
1915	2	457
1915	3	601
1915	4	729
1915	5	794
1915	6	1739
1915	7	1501
1915	8	752
1915	9	645
1915	10	140
1915	11	118
1915	12	119
1916	1	227
1916	2	198
1916	3	46
1916	4	294
1916	5	918
1916	6	824
1916	7	1047
1916	8	804
1916	9	689
1916	10	153
1916	11	90
1916	12	107
1917	1	186
1917	2	99
1917	3	306
1917	4	734
1917	5	1742
1917	6	711
1917	7	531
1917	8	648
1917	9	871
1917	10	23
1917	11	471
1917	12	71
1918	1	224
1918	2	92
1918	3	33
1918	4	431
1918	5	1411
1918	6	409
1918	7	539
1918	8	551
1918	9	241
1918	10	657
1918	11	209
1918	12	322
1919	1	8
1919	2	548
1919	3	150
1919	4	787
1919	5	952
1919	6	1405
1919	7	1091
1919	8	268
1919	9	300
1919	10	282
1919	11	578
1919	12	268
1920	1	0
1920	2	124
1920	3	119
1920	4	1463
1920	5	756
1920	6	541
1920	7	865
1920	8	682
1920	9	322
1920	10	496
1920	11	438
1920	12	244
1921	1	192
1921	2	134
1921	3	58
1921	4	414
1921	5	1449
1921	6	572
1921	7	1491
1921	8	888
1921	9	227
1921	10	475
1921	11	18
1921	12	28
1922	1	165
1922	2	21
1922	3	109
1922	4	385
1922	5	973
1922	6	366
1922	7	1022
1922	8	642
1922	9	99
1922	10	74
1922	11	791
1922	12	10
1923	1	33
1923	2	18
1923	3	188
1923	4	741
1923	5	1999
1923	6	907
1923	7	370
1923	8	1366
1923	9	541
1923	10	260
1923	11	132
1923	12	76
1924	1	38
1924	2	155
1924	3	311
1924	4	102
1924	5	646
1924	6	1199
1924	7	1311
1924	8	547
1924	9	463
1924	10	196
1924	11	10
1924	12	660
1925	1	100
1925	2	165
1925	3	293
1925	4	1032
1925	5	386
1925	6	862
1925	7	282
1925	8	1133
1925	9	419
1925	10	460
1925	11	28
1925	12	340
1926	1	158
1926	2	41
1926	3	125
1926	4	99
1926	5	429
1926	6	1186
1926	7	801
1926	8	1349
1926	9	722
1926	10	133
1926	11	39
1926	12	53
1927	1	64
1927	2	84
1927	3	469
1927	4	1110
1927	5	422
1927	6	783
1927	7	1031
1927	8	531
1927	9	953
1927	10	77
1927	11	61
1927	12	101
1928	1	35
1928	2	97
1928	3	249
1928	4	43
1928	5	1299
1928	6	1469
1928	7	1214
1928	8	234
1928	9	211
1928	10	385
1928	11	798
1928	12	26
1929	1	64
1929	2	225
1929	3	158
1929	4	972
1929	5	1197
1929	6	698
1929	7	500
1929	8	589
1929	9	742
1929	10	533
1929	11	180
1929	12	13
1930	1	157
1930	2	106
1930	3	77
1930	4	1327
1930	5	1092
1930	6	1151
1930	7	318
1930	8	1168
1930	9	429
1930	10	959
1930	11	480
1930	12	102
1931	1	51
1931	2	254
1931	3	648
1931	4	376
1931	5	398
1931	6	1151
1931	7	350
1931	8	278
1931	9	473
1931	10	275
1931	11	332
1931	12	269
1932	1	278
1932	2	228
1932	3	222
1932	4	465
1932	5	825
1932	6	1004
1932	7	1732
1932	8	807
1932	9	175
1932	10	158
1932	11	41
1932	12	126
1933	1	0
1933	2	136
1933	3	452
1933	4	833
1933	5	917
1933	6	328
1933	7	917
1933	8	533
1933	9	843
1933	10	0
1933	11	28
1933	12	256
1934	1	5
1934	2	114
1934	3	65
1934	4	199
1934	5	203
1934	6	395
1934	7	67
1934	8	810
1934	9	953
1934	10	122
1934	11	122
1934	12	287
1935	1	77
1935	2	197
1935	3	302
1935	4	995
1935	5	1360
1935	6	776
1935	7	110
1935	8	1281
1935	9	418
1935	10	100
1935	11	235
1935	12	52
1936	1	356
1936	2	507
1936	3	165
1936	4	392
1936	5	857
1936	6	869
1936	7	172
1936	8	275
1936	9	241
1936	10	41
1936	11	26
1936	12	178
1937	1	354
1937	2	77
1937	3	444
1937	4	384
1937	5	908
1937	6	635
1937	7	445
1937	8	437
1937	9	784
1937	10	518
1937	11	112
1937	12	51
1938	1	66
1938	2	134
1938	3	366
1938	4	573
1938	5	1229
1938	6	914
1938	7	620
1938	8	523
1938	9	562
1938	10	23
1938	11	76
1938	12	13
1939	1	203
1939	2	139
1939	3	254
1939	4	375
1939	5	481
1939	6	1802
1939	7	371
1939	8	527
1939	9	54
1939	10	152
1939	11	0
1939	12	203
1940	1	115
1940	2	132
1940	3	199
1940	4	363
1940	5	229
1940	6	1793
1940	7	800
1940	8	35
1940	9	246
1940	10	493
1940	11	178
1940	12	342
1941	1	388
1941	2	152
1941	3	165
1941	4	1042
1941	5	1042
1941	6	782
1941	7	780
1941	8	228
1941	9	1938
1941	10	359
1941	11	33
1941	12	112
1942	1	51
1942	2	426
1942	3	297
1942	4	540
1942	5	1279
1942	6	1654
1942	7	413
1942	8	908
1942	9	1723
1942	10	105
1942	11	69
1942	12	112
1943	1	81
1943	2	15
1943	3	145
1943	4	892
1943	5	264
1943	6	1179
1943	7	574
1943	8	122
1943	9	331
1943	10	258
1943	11	99
1943	12	0
1944	1	476
1944	2	138
1944	3	434
1944	4	1652
1944	5	1006
1944	6	1501
1944	7	1036
1944	8	487
1944	9	170
1944	10	303
1944	11	422
1944	12	86
1945	1	290
1945	2	45
1945	3	61
1945	4	822
1945	5	1595
1945	6	1388
1945	7	801
1945	8	773
1945	9	659
1945	10	23
1945	11	0
1945	12	177
1946	1	0
1946	2	36
1946	3	680
1946	4	268
1946	5	583
1946	6	532
1946	7	523
1946	8	574
1946	9	930
1946	10	1887
1946	11	280
1946	12	61
1947	1	150
1947	2	84
1947	3	143
1947	4	523
1947	5	835
1947	6	2608
1947	7	396
1947	8	351
1947	9	472
1947	10	77
1947	11	494
1947	12	228
1948	1	76
1948	2	89
1948	3	176
1948	4	168
1948	5	462
1948	6	1336
1948	7	999
1948	8	826
1948	9	186
1948	10	150
1948	11	363
1948	12	182
1949	1	215
1949	2	5
1949	3	681
1949	4	219
1949	5	1058
1949	6	998
1949	7	992
1949	8	299
1949	9	475
1949	10	77
1949	11	86
1949	12	0
1950	1	63
1950	2	152
1950	3	207
1950	4	251
1950	5	843
1950	6	559
1950	7	2063
1950	8	890
1950	9	323
1950	10	221
1950	11	94
1950	12	51
1951	1	53
1951	2	239
1951	3	135
1951	4	682
1951	5	1599
1951	6	958
1951	7	1219
1951	8	1041
1951	9	539
1951	10	166
1951	11	43
1951	12	86
1952	1	181
1952	2	158
1952	3	151
1952	4	275
1952	5	738
1952	6	267
1952	7	313
1952	8	509
1952	9	133
1952	10	38
1952	11	188
1952	12	166
1953	1	13
1953	2	203
1953	3	338
1953	4	503
1953	5	1037
1953	6	825
1953	7	706
1953	8	592
1953	9	0
1953	10	216
1953	11	468
1953	12	0
1954	1	50
1954	2	82
1954	3	215
1954	4	223
1954	5	389
1954	6	508
1954	7	203
1954	8	1260
1954	9	254
1954	10	353
1954	11	0
1954	12	0
1955	1	208
1955	2	84
1955	3	0
1955	4	101
1955	5	462
1955	6	694
1955	7	282
1955	8	223
1955	9	469
1955	10	40
1955	11	97
1955	12	218
1956	1	156
1956	2	106
1956	3	48
1956	4	592
1956	5	541
1956	6	611
1956	7	348
1956	8	1002
1956	9	51
1956	10	326
1956	11	218
1956	12	20
1957	1	18
1957	2	0
1957	3	760
1957	4	898
1957	5	1798
1957	6	821
1957	7	567
1957	8	1160
1957	9	1005
1957	10	486
1957	11	129
1957	12	203
1958	1	155
1958	2	58
1958	3	276
1958	4	678
1958	5	904
1958	6	770
1958	7	1473
1958	8	970
1958	9	254
1958	10	0
1958	11	188
1958	12	65
1959	1	66
1959	2	168
1959	3	640
1959	4	325
1959	5	889
1959	6	951
1959	7	634
1959	8	673
1959	9	473
1959	10	647
1959	11	0
1959	12	0
1960	1	392
1960	2	249
1960	3	191
1960	4	935
1960	5	1222
1960	6	509
1960	7	659
1960	8	405
1960	9	701
1960	10	36
1960	11	72
1960	12	46
1961	1	0
1961	2	33
1961	3	387
1961	4	526
1961	5	1614
1961	6	829
1961	7	620
1961	8	798
1961	9	611
1961	10	269
1961	11	182
1961	12	170
1962	1	36
1962	2	241
1962	3	735
1962	4	214
1962	5	1160
1962	6	1941
1962	7	1894
1962	8	688
1962	9	404
1962	10	206
1962	11	36
1962	12	147
1963	1	179
1963	2	74
1963	3	327
1963	4	469
1963	5	414
1963	6	456
1963	7	1011
1963	8	1105
1963	9	1046
1963	10	56
1963	11	132
1963	12	48
1964	1	21
1964	2	270
1964	3	389
1964	4	673
1964	5	188
1964	6	1029
1964	7	743
1964	8	518
1964	9	685
1964	10	0
1964	11	13
1964	12	127
1965	1	129
1965	2	126
1965	3	74
1965	4	362
1965	5	1739
1965	6	775
1965	7	727
1965	8	1226
1965	9	1350
1965	10	412
1965	11	0
1965	12	270
1966	1	127
1966	2	141
1966	3	155
1966	4	379
1966	5	267
1966	6	940
1966	7	857
1966	8	523
1966	9	302
1966	10	127
1966	11	28
1966	12	174
1967	1	132
1967	2	61
1967	3	23
1967	4	534
1967	5	820
1967	6	1355
1967	7	750
1967	8	345
1967	9	228
1967	10	231
1967	11	81
1967	12	103
1968	1	36
1968	2	154
1968	3	147
1968	4	674
1968	5	295
1968	6	1130
1968	7	793
1968	8	1568
1968	9	348
1968	10	442
1968	11	94
1968	12	207
1969	1	213
1969	2	373
1969	3	49
1969	4	117
1969	5	420
1969	6	918
1969	7	1463
1969	8	208
1969	9	665
1969	10	908
1969	11	69
1969	12	84
1970	1	13
1970	2	20
1970	3	145
1970	4	376
1970	5	479
1970	6	950
1970	7	594
1970	8	274
1970	9	592
1970	10	409
1970	11	186
1970	12	101
1971	1	100
1971	2	351
1971	3	321
1971	4	622
1971	5	660
1971	6	1079
1971	7	729
1971	8	633
1971	9	536
1971	10	541
1971	11	384
1971	12	87
1972	1	46
1972	2	10
1972	3	142
1972	4	405
1972	5	562
1972	6	1035
1972	7	1669
1972	8	536
1972	9	757
1972	10	268
1972	11	419
1972	12	194
1973	1	130
1973	2	66
1973	3	784
1973	4	473
1973	5	1055
1973	6	569
1973	7	1616
1973	8	34
1973	9	1525
1973	10	233
1973	11	219
1973	12	232
1974	1	84
1974	2	20
1974	3	198
1974	4	1041
1974	5	633
1974	6	1657
1974	7	579
1974	8	501
1974	9	219
1974	10	355
1974	11	26
1974	12	130
1975	1	114
1975	2	82
1975	3	260
1975	4	481
1975	5	406
1975	6	2622
1975	7	788
1975	8	227
1975	9	63
1975	10	41
1975	11	591
1975	12	208
1976	1	409
1976	2	61
1976	3	425
1976	4	862
1976	5	527
1976	6	343
1976	7	1045
1976	8	442
1976	9	465
1976	10	143
1976	11	21
1976	12	23
1977	1	102
1977	2	48
1977	3	820
1977	4	1271
1977	5	1681
1977	6	376
1977	7	1185
1977	8	1987
1977	9	348
1977	10	689
1977	11	242
1977	12	191
1978	1	79
1978	2	290
1978	3	313
1978	4	1084
1978	5	893
1978	6	499
1978	7	642
1978	8	947
1978	9	102
1978	10	89
1978	11	178
1978	12	74
1979	1	194
1979	2	0
1979	3	454
1979	4	528
1979	5	611
1979	6	1118
1979	7	1090
1979	8	231
1979	9	452
1979	10	256
1979	11	543
1979	12	84
1980	1	21
1980	2	221
1980	3	358
1980	4	211
1980	5	368
1980	6	338
1980	7	78
1980	8	666
1980	9	221
1980	10	351
1980	11	0
1980	12	38
1981	1	0
1981	2	58
1981	3	437
1981	4	269
1981	5	1776
1981	6	792
1981	7	1715
1981	8	933
1981	9	277
1981	10	132
1981	11	490
1981	12	206
1982	1	117
1982	2	30
1982	3	272
1982	4	572
1982	5	1293
1982	6	622
1982	7	305
1982	8	1221
1982	9	238
1982	10	788
1982	11	431
1982	12	114
1983	1	33
1983	2	21
1983	3	606
1983	4	392
1983	5	841
1983	6	2353
1983	7	646
1983	8	503
1983	9	152
1983	10	266
1983	11	488
1983	12	0
1984	1	25
1984	2	295
1984	3	221
1984	4	1395
1984	5	516
1984	6	1273
1984	7	369
1984	8	348
1984	9	144
1984	10	762
1984	11	287
1984	12	28
1985	1	114
1985	2	13
1985	3	178
1985	4	1041
1985	5	1365
1985	6	631
1985	7	1132
1985	8	435
1985	9	555
1985	10	215
1985	11	104
1985	12	36
1986	1	0
1986	2	226
1986	3	226
1986	4	664
1986	5	1066
1986	6	556
1986	7	940
1986	8	686
1986	9	1427
1986	10	601
1986	11	13
1986	12	0
1987	1	0
1987	2	445
1987	3	1477
1987	4	313
1987	5	872
1987	6	442
1987	7	1270
1987	8	628
1987	9	488
1987	10	95
1987	11	337
1987	12	188
1988	1	258
1988	2	18
1988	3	43
1988	4	478
1988	5	978
1988	6	1199
1988	7	1059
1988	8	631
1988	9	747
1988	10	18
1988	11	96
1988	12	0
1989	1	117
1989	2	102
1989	3	82
1989	4	48
1989	5	702
1989	6	1659
1989	7	884
1989	8	503
1989	9	1119
1989	10	117
1989	11	15
1989	12	66
1990	1	152
1990	2	28
1990	3	569
1990	4	187
1990	5	741
1990	6	801
1990	7	398
1990	8	669
1990	9	242
1990	10	385
1990	11	250
1990	12	81
1991	1	73
1991	2	76
1991	3	297
1991	4	796
1991	5	1160
1991	6	481
1991	7	322
1991	8	233
1991	9	559
1991	10	658
1991	11	337
1991	12	156
1992	1	304
1992	2	153
1992	3	798
1992	4	132
1992	5	272
1992	6	574
1992	7	1132
1992	8	831
1992	9	132
1992	10	417
1992	11	93
1992	12	151
1993	1	286
1993	2	195
1993	3	374
1993	4	528
1993	5	1024
1993	6	2023
1993	7	2303
1993	8	840
1993	9	332
1993	10	224
1993	11	272
1993	12	94
1994	1	77
1994	2	112
1994	3	5
1994	4	810
1994	5	280
1994	6	810
1994	7	1394
1994	8	132
1994	9	701
1994	10	507
1994	11	239
1994	12	178
1995	1	66
1995	2	94
1995	3	565
1995	4	585
1995	5	1849
1995	6	1078
1995	7	540
1995	8	349
1995	9	635
1995	10	297
1995	11	69
1995	12	0
1996	1	196
1996	2	0
1996	3	21
1996	4	189
1996	5	1415
1996	6	509
1996	7	940
1996	8	1210
1996	9	1182
1996	10	101
1996	11	292
1996	12	20
1997	1	44
1997	2	279
1997	3	74
1997	4	609
1997	5	678
1997	6	255
1997	7	372
1997	8	600
1997	9	1095
1997	10	833
1997	11	0
1997	12	24
1998	1	26
1998	2	69
1998	3	353
1998	4	203
1998	5	578
1998	6	1617
1998	7	914
1998	8	401
1998	9	66
1998	10	743
1998	11	485
1998	12	26
1999	1	69
1999	2	145
1999	3	331
1999	4	944
1999	5	897
1999	6	2363
1999	7	350
1999	8	864
1999	9	126
1999	10	59
1999	11	64
1999	12	35
2000	1	58
2000	2	114
2000	3	284
2000	4	277
2000	5	1052
2000	6	870
2000	7	1195
2000	8	349
2000	9	228
2000	10	767
2000	11	709
2000	12	10
2001	1	173
2001	2	143
2001	3	302
2001	4	1914
2001	5	764
2001	6	432
2001	7	878
2001	8	432
2001	9	744
2001	10	155
2001	11	462
2001	12	23
2002	1	20
2002	2	41
2002	3	151
2002	4	386
2002	5	414
2002	6	281
2002	7	59
2002	8	860
2002	9	213
2002	10	451
2002	11	13
2002	12	36
2003	1	117
2003	2	64
2003	3	70
2003	4	994
2003	5	1000
2003	6	1170
2003	7	312
2003	8	237
2003	9	284
2003	10	191
2003	11	269
2003	12	5
2004	1	31
2004	2	100
2004	3	628
2004	4	638
2004	5	916
2004	6	754
2004	7	1061
2004	8	447
2004	9	1309
2004	10	135
2004	11	382
2004	12	0
2005	1	78
2005	2	134
2005	3	613
2005	4	708
2005	5	597
2005	6	1633
2005	7	66
2005	8	680
2005	9	87
2005	10	183
2005	11	216
2005	12	110
2006	1	30
2006	2	36
2006	3	402
2006	4	274
2006	5	62
2006	6	906
2006	7	482
2006	8	422
2006	9	574
2006	10	338
2006	11	83
2006	12	550
2007	1	140
2007	2	240
2007	3	716
2007	4	1383
2007	5	2711
2007	6	780
2007	7	506
2007	8	424
2007	9	443
2007	10	568
2007	11	0
2007	12	166
2008	1	6
2008	2	24
2008	3	162
2008	4	841
2008	5	2227
2008	6	951
2008	7	606
2008	8	502
2008	9	685
2008	10	1266
2008	11	125
2008	12	99
2009	1	88
2009	2	256
2009	3	81
2009	4	476
2009	5	435
2009	6	1511
2009	7	794
2009	8	1159
2009	9	182
2009	10	1019
2009	11	43
2009	12	153
2010	1	21
2010	2	147
2010	3	336
2010	4	852
2010	5	785
2010	6	1959
2010	7	1263
2010	8	1155
2010	9	791
2010	10	279
2010	11	110
2010	12	30
2011	1	227
2011	2	101
2011	3	273
2011	4	640
2011	5	1328
2011	6	871
2011	7	837
2011	8	487
2011	9	153
2011	10	654
2011	11	24
2011	12	65
2012	1	14
2012	2	231
2012	3	134
2012	4	1208
2012	5	486
2012	6	161
2012	7	244
2012	8	179
2012	9	13
2012	10	56
2012	11	19
2012	12	66
2013	1	39
2013	2	176
2013	3	68
2013	4	475
2013	5	1259
2013	6	627
2013	7	739
2013	8	1120
2013	9	1172
2013	10	455
2013	11	163
2013	12	3
2014	1	38
2014	2	100
2014	3	106
2014	4	387
2014	5	267
2014	6	1848
2014	7	432
2014	8	706
2014	9	612
2014	10	282
2014	11	13
2014	12	337
2015	1	8
2015	2	137
2015	3	0
2015	4	458
2015	5	983
2015	6	1362
2015	7	789
2015	8	721
2015	9	366
2015	10	216
