1888	10	1019
1888	11	980
1888	12	1128
1889	1	1138
1889	2	521
1889	3	1113
1889	4	983
1893	1	685
1893	2	1014
1893	3	702
1893	4	1195
1893	5	993
1893	6	758
1893	7	728
1893	8	940
1893	9	681
1893	10	929
1893	11	739
1893	12	860
1894	1	721
1894	2	891
1894	3	404
1894	4	858
1894	5	3218
1894	6	873
1894	7	620
1894	8	1268
1894	9	2259
1894	10	905
1894	11	682
1894	12	673
1895	1	1233
1895	2	274
1895	3	784
1895	4	1221
1895	5	691
1895	6	1400
1895	7	695
1895	8	396
1895	9	224
1895	10	643
1895	11	269
1895	12	915
1896	1	330
1896	2	1223
1896	3	1130
1896	4	400
1896	5	479
1896	6	774
1896	7	665
1896	8	291
1896	9	1129
1896	10	487
1896	11	748
1896	12	142
1897	1	597
1897	2	1092
1897	3	577
1897	4	729
1897	5	1567
1897	6	298
1897	7	2211
1897	8	597
1897	9	251
1897	10	737
1897	11	1495
1897	12	960
1898	1	908
1898	2	746
1898	3	629
1898	4	700
1898	5	1453
1898	6	1014
1898	7	1128
1898	8	1783
1898	9	652
1898	10	1003
1898	11	1415
1898	12	1059
1899	1	987
1899	2	1486
1899	3	1531
1899	4	414
1899	5	662
1899	6	647
1899	7	925
1899	8	670
1899	9	1338
1899	10	513
1899	11	575
1899	12	488
1900	1	876
1900	2	1570
1900	3	675
1900	4	556
1900	5	602
1900	6	1321
1900	7	1189
1900	8	1081
1900	9	957
1900	10	367
1900	11	399
1900	12	669
1901	1	645
1901	2	246
1901	3	895
1901	4	1484
1901	5	839
1901	6	409
1901	7	970
1901	8	2485
1901	9	961
1901	10	249
1901	11	602
1901	12	1845
1902	1	1012
1902	2	1183
1902	3	1258
1902	4	1196
1902	5	421
1902	6	1486
1902	7	1289
1902	8	391
1902	9	1534
1902	10	2116
1902	11	762
1902	12	1867
1903	1	1089
1903	2	1230
1903	3	1001
1903	4	1248
1903	5	554
1903	6	819
1903	7	1010
1903	8	1483
1903	9	602
1903	10	1417
1903	11	142
1903	12	1039
1904	1	653
1904	2	503
1904	3	954
1904	4	493
1904	5	534
1904	6	836
1904	7	967
1904	8	1474
1904	9	893
1904	10	598
1904	11	516
1904	12	432
1905	1	1069
1905	2	795
1905	3	985
1905	4	884
1905	5	483
1905	6	929
1905	7	726
1905	8	596
1905	9	1036
1905	10	656
1905	11	536
1905	12	1051
1906	1	874
1906	2	699
1906	3	1606
1906	4	1062
1906	5	1050
1906	6	1380
1906	7	2275
1906	8	2149
1906	9	259
1906	10	995
1906	11	714
1906	12	1528
1907	1	717
1907	2	810
1907	3	666
1907	4	821
1907	5	1265
1907	6	1454
1907	7	749
1907	8	851
1907	9	2046
1907	10	1075
1907	11	1353
1907	12	1687
1908	1	946
1908	2	1143
1908	3	368
1908	4	584
1908	5	1333
1908	6	851
1908	7	1333
1908	8	762
1908	9	610
1908	10	292
1908	11	254
1908	12	770
1909	1	692
1909	2	1134
1909	3	836
1909	4	1093
1909	5	792
1909	6	943
1909	7	438
1909	8	321
1909	9	933
1909	10	419
1909	11	525
1909	12	995
1910	1	1227
1910	2	619
1910	3	182
1910	4	1404
1910	5	610
1910	6	1634
1910	7	560
1910	8	1027
1910	9	485
1910	10	559
1910	11	756
1910	12	706
1911	1	1060
1911	2	656
1911	3	702
1911	4	1090
1911	5	249
1911	6	1586
1911	7	827
1911	8	2388
1911	9	775
1911	10	922
1911	11	1233
1911	12	953
1912	1	748
1912	2	877
1912	3	1929
1912	4	971
1912	5	998
1912	6	807
1912	7	1018
1912	8	583
1912	9	1358
1912	10	658
1912	11	805
1912	12	1168
1913	1	907
1913	2	418
1913	3	1109
1913	4	2107
1913	5	897
1913	6	555
1913	7	630
1913	8	1059
1913	9	1170
1913	10	1152
1913	11	550
1913	12	610
1914	1	944
1914	2	867
1914	3	603
1914	4	1005
1914	5	360
1914	6	548
1914	7	1115
1914	8	943
1914	9	141
1914	10	345
1914	11	465
1914	12	1558
1915	1	1554
1915	2	1416
1915	3	272
1915	4	630
1915	5	1257
1915	6	938
1915	7	952
1915	8	2466
1915	9	423
1915	10	584
1915	11	325
1915	12	1042
1916	1	394
1916	2	838
1916	3	871
1916	4	1001
1916	5	859
1916	6	1229
1916	7	2532
1916	8	503
1916	9	747
1916	10	381
1916	11	594
1916	12	1133
1917	1	851
1917	2	386
1917	3	1463
1917	4	704
1917	5	1080
1917	6	1148
1917	7	1623
1917	8	1031
1917	9	1222
1917	10	1801
1917	11	104
1917	12	505
1918	1	1092
1918	2	272
1918	3	450
1918	4	1135
1918	5	1232
1918	6	620
1918	7	549
1918	8	442
1918	9	909
1918	10	249
1918	11	323
1918	12	1036
1919	1	874
1919	2	754
1919	3	1300
1919	4	800
1919	5	1814
1919	6	414
1919	7	3825
1919	8	1676
1919	9	749
1919	10	798
1919	11	833
1919	12	815
1920	1	661
1920	2	605
1920	3	671
1920	4	1236
1920	5	831
1920	6	993
1920	7	1113
1920	8	1633
1920	9	740
1920	10	207
1920	11	940
1920	12	1069
1921	1	628
1921	2	577
1921	3	545
1921	4	829
1921	5	1007
1921	6	494
1921	7	903
1921	8	910
1921	9	826
1921	10	247
1921	11	1053
1921	12	457
1922	1	820
1922	2	597
1922	3	1109
1922	4	556
1922	5	768
1922	6	875
1922	7	1345
1922	8	707
1922	9	253
1922	10	209
1922	11	120
1922	12	808
1923	1	1159
1923	2	606
1923	3	1009
1923	4	1187
1923	5	465
1923	6	259
1923	7	785
1923	8	814
1923	9	1343
1923	10	928
1923	11	585
1923	12	1109
1924	1	1063
1924	2	1086
1924	3	993
1924	4	1451
1924	5	1817
1924	6	1430
1924	7	326
1924	8	1015
1924	9	1378
1924	10	19
1924	11	488
1924	12	548
1925	1	1003
1925	2	488
1925	3	636
1925	4	878
1925	5	632
1925	6	454
1925	7	1499
1925	8	403
1925	9	493
1925	10	1428
1925	11	749
1925	12	330
1926	1	747
1926	2	946
1926	3	493
1926	4	460
1926	5	588
1926	6	521
1926	7	1796
1926	8	1295
1926	9	1225
1926	10	1120
1926	11	1269
1926	12	652
1927	1	454
1927	2	776
1927	3	279
1927	4	1178
1927	5	627
1927	6	718
1927	7	1519
1927	8	969
1927	9	751
1927	10	1621
1927	11	894
1927	12	1049
1928	1	590
1928	2	941
1928	3	672
1928	4	1324
1928	5	814
1928	6	1401
1928	7	1147
1928	8	2481
1928	9	1002
1928	10	239
1928	11	425
1928	12	410
1929	1	752
1929	2	947
1929	3	567
1929	4	1560
1929	5	652
1929	6	682
1929	7	371
1929	8	608
1929	9	1008
1929	10	1173
1929	11	760
1929	12	783
1930	1	898
1930	2	656
1930	3	626
1930	4	561
1930	5	628
1930	6	536
1930	7	734
1930	8	383
1930	9	603
1930	10	282
1930	11	495
1930	12	575
1931	1	377
1931	2	474
1931	3	1068
1931	4	700
1931	5	1082
1931	6	952
1931	7	1831
1931	8	1879
1931	9	310
1931	10	475
1931	11	203
1931	12	558
1932	1	1458
1932	2	483
1932	3	1475
1932	4	357
1932	5	1360
1932	6	677
1932	7	635
1932	8	676
1932	9	280
1932	10	1509
1932	11	1544
1932	12	759
1933	1	829
1933	2	887
1933	3	1197
1933	4	1458
1933	5	1496
1933	6	775
1933	7	1375
1933	8	2667
1933	9	1036
1933	10	463
1933	11	250
1933	12	766
1934	1	745
1934	2	718
1934	3	944
1934	4	712
1934	5	1154
1934	6	920
1934	7	940
1934	8	1160
1934	9	1754
1934	10	365
1934	11	982
1934	12	688
1935	1	1081
1935	2	825
1935	3	605
1935	4	952
1935	5	661
1935	6	1138
1935	7	1591
1935	8	699
1935	9	1910
1935	10	761
1935	11	1468
1935	12	612
1936	1	1747
1936	2	764
1936	3	1370
1936	4	721
1936	5	381
1936	6	910
1936	7	831
1936	8	800
1936	9	559
1936	10	720
1936	11	223
1936	12	1483
1937	1	1814
1937	2	547
1937	3	550
1937	4	1372
1937	5	869
1937	6	1009
1937	7	950
1937	8	1676
1937	9	371
1937	10	1434
1937	11	835
1937	12	302
1938	1	689
1938	2	751
1938	3	585
1938	4	556
1938	5	897
1938	6	1813
1938	7	1989
1938	8	747
1938	9	1945
1938	10	471
1938	11	656
1938	12	689
1939	1	1041
1939	2	1449
1939	3	1112
1939	4	1450
1939	5	291
1939	6	1128
1939	7	513
1939	8	1598
1939	9	494
1939	10	1186
1939	11	224
1939	12	437
1940	1	397
1940	2	710
1940	3	1241
1940	4	1859
1940	5	1531
1940	6	586
1940	7	1102
1940	8	1697
1940	9	627
1940	10	716
1940	11	1159
1940	12	736
1941	1	799
1941	2	498
1941	3	475
1941	4	676
1941	5	469
1941	6	782
1941	7	1786
1941	8	610
1941	9	130
1941	10	310
1941	11	685
1941	12	976
1942	1	676
1942	2	597
1942	3	1558
1942	4	295
1942	5	579
1942	6	559
1942	7	1254
1942	8	1291
1942	9	817
1942	10	1429
1942	11	786
1942	12	969
1943	1	676
1943	2	516
1943	3	951
1943	4	869
1943	5	1710
1943	6	1573
1943	7	921
1943	8	356
1943	9	72
1943	10	1959
1943	11	895
1943	12	432
1944	1	688
1944	2	411
1944	3	1338
1944	4	1385
1944	5	670
1944	6	640
1944	7	452
1944	8	1079
1944	9	1120
1944	10	529
1944	11	1324
1944	12	800
1945	1	958
1945	2	836
1945	3	442
1945	4	869
1945	5	1286
1945	6	1084
1945	7	2780
1945	8	1334
1945	9	1375
1945	10	406
1945	11	1262
1945	12	1183
1946	1	421
1946	2	528
1946	3	588
1946	4	530
1946	5	1459
1946	6	1001
1946	7	1517
1946	8	907
1946	9	719
1946	10	582
1946	11	410
1946	12	477
1947	1	909
1947	2	433
1947	3	537
1947	4	803
1947	5	2583
1947	6	953
1947	7	1188
1947	8	484
1947	9	793
1947	10	353
1947	11	1547
1947	12	423
1948	1	1140
1948	2	726
1948	3	954
1948	4	973
1948	5	1651
1948	6	1392
1948	7	686
1948	8	947
1948	9	562
1948	10	474
1948	11	1174
1948	12	1360
1949	1	1583
1949	2	1054
1949	3	638
1949	4	770
1949	5	1105
1949	6	456
1949	7	1220
1949	8	925
1949	9	788
1949	10	969
1949	11	299
1949	12	829
1950	1	533
1950	2	834
1950	3	1345
1950	4	431
1950	5	852
1950	6	833
1950	7	885
1950	8	558
1950	9	1181
1950	10	660
1950	11	980
1950	12	504
1951	1	919
1951	2	983
1951	3	886
1951	4	627
1951	5	1028
1951	6	1100
1951	7	1090
1951	8	663
1951	9	379
1951	10	681
1951	11	1704
1951	12	1480
1952	1	1349
1952	2	706
1952	3	1375
1952	4	1823
1952	5	1640
1952	6	676
1952	7	1931
1952	8	881
1952	9	1029
1952	10	179
1952	11	1459
1952	12	814
1953	1	1514
1953	2	729
1953	3	1522
1953	4	1186
1953	5	1557
1953	6	515
1953	7	1087
1953	8	474
1953	9	960
1953	10	897
1953	11	496
1953	12	987
1954	1	503
1954	2	262
1954	3	1093
1954	4	679
1954	5	699
1954	6	142
1954	7	377
1954	8	996
1954	9	639
1954	10	629
1954	11	987
1954	12	762
1955	1	104
1955	2	782
1955	3	1146
1955	4	739
1955	5	302
1955	6	1740
1955	7	58
1955	8	3556
1955	9	361
1955	10	1037
1955	11	341
1955	12	43
1956	1	664
1956	2	815
1956	3	1199
1956	4	686
1956	5	464
1956	6	1267
1956	7	2182
1956	8	1026
1956	9	833
1956	10	861
1956	11	1201
1956	12	938
1957	1	485
1957	2	540
1957	3	566
1957	4	990
1957	5	424
1957	6	1085
1957	7	453
1957	8	691
1957	9	1695
1957	10	759
1957	11	967
1957	12	1499
1958	1	998
1958	2	1215
1958	3	1720
1958	4	1344
1958	5	963
1958	6	1310
1958	7	858
1958	8	2006
1958	9	649
1958	10	926
1958	11	784
1958	12	331
1959	1	547
1959	2	476
1959	3	809
1959	4	580
1959	5	365
1959	6	942
1959	7	2207
1959	8	905
1959	9	914
1959	10	1108
1959	11	753
1959	12	1139
1960	1	773
1960	2	1017
1960	3	361
1960	4	1075
1960	5	1372
1960	6	571
1960	7	1487
1960	8	1491
1960	9	2073
1960	10	752
1960	11	472
1960	12	615
1961	1	572
1961	2	873
1961	3	897
1961	4	1168
1961	5	726
1961	6	1025
1961	7	1040
1961	8	1021
1961	9	371
1961	10	569
1961	11	602
1961	12	732
1962	1	637
1962	2	957
1962	3	727
1962	4	1096
1962	5	457
1962	6	1023
1962	7	571
1962	8	812
1962	9	830
1962	10	446
1962	11	1373
1962	12	671
1963	1	490
1963	2	514
1963	3	1135
1963	4	236
1963	5	582
1963	6	694
1963	7	420
1963	8	987
1963	9	953
1963	10	74
1963	11	1173
1963	12	437
1964	1	1038
1964	2	630
1964	3	417
1964	4	1272
1964	5	137
1964	6	184
1964	7	1078
1964	8	659
1964	9	710
1964	10	322
1964	11	447
1964	12	1305
1965	1	567
1965	2	714
1965	3	808
1965	4	498
1965	5	274
1965	6	343
1965	7	1356
1965	8	640
1965	9	568
1965	10	702
1965	11	322
1965	12	317
1966	1	740
1966	2	872
1966	3	410
1966	4	827
1966	5	1194
1966	6	221
1966	7	765
1966	8	338
1966	9	1733
1966	10	1321
1966	11	367
1966	12	1026
1967	1	501
1967	2	326
1967	3	1034
1967	4	713
1967	5	1000
1967	6	638
1967	7	1319
1967	8	3155
1967	9	612
1967	10	491
1967	11	527
1967	12	1259
1968	1	372
1968	2	277
1968	3	1323
1968	4	500
1968	5	1221
1968	6	447
1968	7	849
1968	8	483
1968	9	700
1968	10	881
1968	11	898
1968	12	666
1969	1	448
1969	2	430
1969	3	285
1969	4	570
1969	5	922
1969	6	996
1969	7	1799
1969	8	599
1969	9	138
1969	10	443
1969	11	442
1969	12	1564
1970	1	270
1970	2	449
1970	3	811
1970	4	1219
1970	5	339
1970	6	1732
1970	7	1579
1970	8	806
1970	9	290
1970	10	542
1970	11	989
1970	12	737
1971	1	597
1971	2	1606
1971	3	508
1971	4	524
1971	5	1273
1971	6	779
1971	7	1070
1971	8	2515
1971	9	1433
1971	10	1659
1971	11	1246
1971	12	310
1972	1	664
1972	2	1205
1972	3	661
1972	4	1302
1972	5	877
1972	6	1989
1972	7	745
1972	8	275
1972	9	686
1972	10	945
1972	11	1917
1972	12	1364
1973	1	394
1973	2	858
1973	3	940
1973	4	1653
1973	5	1440
1973	6	1608
1973	7	1109
1973	8	727
1973	9	1135
1973	10	562
1973	11	212
1973	12	1999
1974	1	748
1974	2	390
1974	3	995
1974	4	739
1974	5	1270
1974	6	983
1974	7	619
1974	8	1724
1974	9	1361
1974	10	556
1974	11	318
1974	12	1308
1975	1	1140
1975	2	702
1975	3	1131
1975	4	757
1975	5	1292
1975	6	1731
1975	7	1946
1975	8	523
1975	9	1571
1975	10	912
1975	11	754
1975	12	545
1976	1	1274
1976	2	320
1976	3	346
1976	4	536
1976	5	1120
1976	6	950
1976	7	1585
1976	8	650
1976	9	484
1976	10	2159
1976	11	3
1976	12	418
1977	1	445
1977	2	284
1977	3	1338
1977	4	899
1977	5	352
1977	6	1141
1977	7	722
1977	8	1994
1977	9	350
1977	10	1189
1977	11	1137
1977	12	1649
1978	1	1984
1978	2	267
1978	3	1218
1978	4	402
1978	5	1688
1978	6	838
1978	7	1427
1978	8	1172
1978	9	439
1978	10	373
1978	11	733
1978	12	1373
1979	1	2251
1979	2	1431
1979	3	524
1979	4	930
1979	5	1071
1979	6	778
1979	7	534
1979	8	1747
1979	9	1723
1979	10	990
1979	11	937
1979	12	383
1980	1	618
1980	2	196
1980	3	1494
1980	4	1080
1980	5	772
1980	6	1175
1980	7	392
1980	8	513
1980	9	462
1980	10	1173
1980	11	704
1980	12	203
1981	1	143
1981	2	765
1981	3	319
1981	4	968
1981	5	1410
1981	6	1159
1981	7	543
1981	8	1082
1981	9	1220
1981	10	762
1981	11	196
1981	12	978
1982	1	1118
1982	2	666
1982	3	552
1982	4	1335
1982	5	1171
1982	6	1317
1982	7	677
1982	8	978
1982	9	601
1982	10	518
1982	11	1112
1982	12	522
1983	1	546
1983	2	562
1983	3	1153
1983	4	2264
1983	5	1230
1983	6	918
1983	7	147
1983	8	175
1983	9	713
1983	10	1328
1983	11	1409
1983	12	2259
1984	1	225
1984	2	1192
1984	3	1548
1984	4	953
1984	5	1305
1984	6	1394
1984	7	2198
1984	8	713
1984	9	687
1984	10	763
1984	11	524
1984	12	505
1985	1	501
1985	2	596
1985	3	465
1985	4	172
1985	5	1126
1985	6	698
1985	7	1725
1985	8	812
1985	9	1442
1985	10	542
1985	11	1030
1985	12	275
1986	1	1079
1986	2	788
1986	3	362
1986	4	650
1986	5	249
1986	6	589
1986	7	1013
1986	8	1211
1986	9	385
1986	10	994
1986	11	1804
1986	12	1664
1987	1	1208
1987	2	297
1987	3	582
1987	4	826
1987	5	964
1987	6	520
1987	7	1042
1987	8	551
1987	9	2150
1987	10	528
1987	11	1097
1987	12	421
1988	1	381
1988	2	1058
1988	3	491
1988	4	791
1988	5	1908
1988	6	279
1988	7	1521
1988	8	1366
1988	9	665
1988	10	540
1988	11	1577
1988	12	262
1989	1	573
1989	2	838
1989	3	1142
1989	4	761
1989	5	1683
1989	6	1873
1989	7	3450
1989	8	588
1989	9	1377
1989	10	1270
1989	11	557
1989	12	96
1990	1	1221
1990	2	474
1990	3	588
1990	4	1001
1990	5	2193
1990	6	1364
1990	7	1335
1990	8	1642
1990	9	602
1990	10	597
1990	11	564
1990	12	1413
1991	1	938
1991	2	308
1991	3	1193
1991	4	817
1991	5	492
1991	6	686
1991	7	1031
1991	8	953
1991	9	1123
1991	10	353
1991	11	579
1991	12	1065
1992	1	300
1992	2	500
1992	3	1204
1992	4	412
1992	5	1265
1992	6	1056
1992	7	1539
1992	8	960
1992	9	1386
1992	10	411
1992	11	1099
1992	12	1260
1993	1	718
1993	2	825
1993	3	1853
1993	4	1377
1993	5	417
1993	6	1364
1993	7	707
1993	8	793
1993	9	1796
1993	10	746
1993	11	953
1993	12	1075
1994	1	777
1994	2	466
1994	3	1822
1994	4	752
1994	5	1121
1994	6	409
1994	7	2592
1994	8	831
1994	9	512
1994	10	171
1994	11	721
1994	12	602
1995	1	1130
1995	2	569
1995	3	645
1995	4	534
1995	5	1050
1995	6	353
1995	7	688
1995	8	631
1995	9	1113
1995	10	1918
1995	11	1249
1995	12	443
1996	1	1309
1996	2	453
1996	3	1259
1996	4	1314
1996	5	1061
1996	6	1282
1996	7	1665
1996	8	1197
1996	9	1200
1996	10	1657
1996	11	886
1996	12	2093
1997	1	707
1997	2	495
1997	3	1372
1997	4	628
1997	5	697
1997	6	841
1997	7	819
1997	8	898
1997	9	644
1997	10	406
1997	11	975
1997	12	702
1998	1	1288
1998	2	904
1998	3	1145
1998	4	713
1998	5	1102
1998	6	1047
1998	7	313
1998	8	628
1998	9	376
1998	10	674
1998	11	352
1998	12	295
1999	1	1553
1999	2	919
1999	3	1237
1999	4	899
1999	5	814
1999	6	449
1999	7	140
1999	8	1712
1999	9	3050
1999	10	925
1999	11	515
1999	12	831
2000	1	607
2000	2	590
2000	3	2128
2000	4	892
2000	5	866
2000	6	1356
2000	7	1005
2000	8	992
2000	9	1695
2000	10	127
2000	11	482
2000	12	1174
2001	1	679
2001	2	699
2001	3	1502
2001	4	443
2001	5	1075
2001	6	1342
2001	7	541
2001	8	1453
2001	9	787
2001	10	206
2001	11	368
2001	12	503
2002	1	577
2002	2	127
2002	3	1040
2002	4	787
2002	5	1161
2002	6	805
2002	7	379
2002	8	909
2002	9	599
2002	10	1665
2002	11	1329
2002	12	1377
2003	1	606
2003	2	1619
2003	3	1090
2003	4	767
2003	5	969
2003	6	2445
2003	7	670
2003	8	1027
2003	9	2546
2003	10	1329
2003	11	1009
2003	12	1282
2004	1	421
2004	2	590
2004	3	942
2004	4	1448
2004	5	1000
2004	6	1591
2004	7	2535
2004	8	1258
2004	9	2278
2004	10	697
2004	11	1091
2004	12	919
2005	1	950
2005	2	508
2005	3	1245
2005	4	1250
2005	5	634
2005	6	431
2005	7	1290
2005	8	568
2005	9	187
2005	10	2603
2005	11	739
2005	12	880
2006	1	938
2006	2	483
2006	3	347
2006	4	1023
2006	5	558
2006	6	2388
2006	7	1515
2006	8	399
2006	9	1868
2006	10	1411
2006	11	1156
2006	12	530
2007	1	920
2007	2	438
2007	3	976
2007	4	1987
2007	5	690
2007	6	988
2007	7	1037
2007	8	957
2007	9	156
2007	10	2011
2007	11	529
2007	12	1384
2008	1	402
2008	2	1096
2008	3	1047
2008	4	585
2008	5	1001
2008	6	593
2008	7	1283
2008	8	410
2008	9	1325
2008	10	730
2008	11	685
2008	12	1250
2009	1	515
2009	2	123
2009	3	410
2009	4	1110
2009	5	1053
2009	6	1495
2009	7	1102
2009	8	2066
2009	9	1340
2009	10	1769
2009	11	596
2009	12	1827
2010	1	609
2010	2	1185
2010	3	1808
2010	4	620
2010	5	588
2010	6	492
2010	7	1659
2010	8	528
2010	9	1444
2010	10	2533
2010	11	540
2010	12	797
2011	1	667
2011	2	616
2011	3	1155
2011	4	1156
2011	5	805
2011	6	561
2011	7	885
2011	8	3783
2011	9	1848
2011	10	1138
2011	11	1071
2011	12	1178
2012	1	606
2012	2	316
2012	3	330
2012	4	659
2012	5	822
2012	6	808
2012	7	1007
2012	8	992
2012	9	1158
2012	10	2409
2012	11	243
2012	12	1118
2013	1	979
2013	2	448
2013	3	713
2013	4	593
2013	5	668
2013	6	2817
2013	7	1867
2013	8	1385
2013	9	463
2013	10	1126
2013	11	645
2013	12	1226
2014	1	728
2014	2	1266
2014	3	1050
2014	4	1515
2014	5	988
2014	6	1374
2014	7	1174
2014	8	946
2014	9	582
2014	10	1015
2014	11	904
2014	12	797
2015	1	901
2015	2	416
2015	3	1408
2015	4	918
2015	5	145
2015	6	2781
2015	7	1315
2015	8	523
2015	9	1104
2015	10	613
