1885	6	366
1885	7	526
1885	8	2325
1885	9	230
1885	10	1621
1885	11	1696
1885	12	1057
1886	1	1465
1886	2	1890
1886	3	1014
1886	4	792
1886	5	892
1886	6	526
1886	7	1111
1886	8	851
1886	9	443
1886	10	1038
1886	11	1148
1886	12	1428
1887	1	2024
1887	2	1837
1887	3	1407
1887	4	680
1887	5	75
1887	6	1226
1887	7	1141
1887	8	1187
1887	9	398
1887	10	1005
1887	11	649
1887	12	1165
1888	1	1892
1888	2	1107
1888	3	2348
1888	4	465
1888	5	1086
1888	6	378
1888	7	340
1888	8	1494
1888	9	1504
1888	10	1656
1888	11	1428
1888	12	1398
1889	1	1731
1889	2	581
1889	3	734
1889	4	819
1889	5	748
1889	6	656
1889	7	2244
1889	8	1190
1889	9	948
1889	10	1606
1889	11	1710
1889	12	807
1890	1	838
1890	2	1054
1890	3	2012
1890	4	641
1890	5	1419
1890	6	479
1890	7	624
1890	8	1193
1890	9	1410
1890	10	1878
1890	11	203
1890	12	1235
1891	1	2712
1891	4	808
1891	6	427
1891	7	906
1891	8	1000
1891	9	808
1891	10	1225
1891	12	1431
1892	6	429
1892	7	541
1892	8	1217
1892	9	400
1892	10	363
1892	12	440
1893	1	947
1893	2	1837
1893	3	1409
1893	4	1013
1893	5	1824
1893	6	310
1893	7	445
1893	8	1514
1893	9	539
1893	10	1419
1893	11	882
1893	12	910
1894	1	659
1894	2	757
1894	3	474
1894	4	734
1894	5	970
1894	6	154
1894	7	282
1894	8	384
1894	9	928
1894	10	2281
1894	11	1350
1894	12	1285
1895	1	1527
1895	2	139
1895	3	659
1895	4	901
1895	5	526
1895	6	428
1895	7	820
1895	8	1246
1895	9	399
1895	10	1345
1895	11	1629
1895	12	907
1896	1	507
1896	2	1637
1896	3	1250
1896	4	270
1896	5	826
1896	6	742
1896	7	668
1896	8	679
1896	9	1196
1896	10	939
1896	11	800
1896	12	475
1897	1	1255
1897	2	679
1897	3	873
1897	4	760
1897	5	1274
1897	6	647
1897	7	2813
1897	8	1251
1897	9	502
1897	10	446
1897	11	2061
1897	12	1638
1898	1	1460
1898	2	1380
1898	3	822
1898	4	1099
1898	5	1845
1898	6	234
1898	7	930
1898	8	2220
1898	9	495
1898	10	2161
1898	11	1934
1898	12	661
1899	1	1370
1899	2	1162
1899	3	2295
1899	4	493
1899	5	583
1899	6	630
1899	7	1023
1899	8	640
1899	9	1183
1899	10	594
1899	11	514
1899	12	666
1900	1	1328
1900	2	1596
1900	3	1409
1900	4	532
1900	5	1167
1900	6	493
1900	7	594
1900	8	598
1900	9	618
1900	10	892
1900	11	1578
1900	12	717
1901	1	623
1901	2	228
1901	3	1728
1901	4	2101
1901	5	1787
1901	6	291
1901	7	931
1901	8	1565
1901	9	1336
1901	10	674
1901	11	720
1901	12	2799
1902	1	743
1902	2	1363
1902	3	1439
1902	4	854
1902	5	384
1902	6	910
1902	7	824
1902	8	484
1902	9	1544
1902	10	1662
1902	11	420
1902	12	2027
1903	1	1226
1903	2	1425
1903	3	1854
1903	4	853
1903	5	135
1903	6	1674
1903	7	603
1903	8	1648
1903	9	504
1903	10	1069
1903	11	622
1903	12	1128
1904	1	1372
1904	2	835
1904	3	767
1904	4	1578
1904	5	671
1904	6	648
1904	7	463
1904	8	1252
1904	9	978
1904	10	772
1904	11	602
1904	12	605
1905	1	1278
1905	2	468
1905	3	805
1905	4	673
1905	5	338
1905	6	835
1905	7	794
1905	8	1117
1905	9	1099
1905	10	581
1905	11	765
1905	12	1114
1906	1	997
1906	2	747
1906	3	1473
1906	4	816
1906	5	1145
1906	6	761
1906	7	944
1906	8	383
1906	9	676
1906	10	2037
1906	11	788
1906	12	896
1907	1	1170
1907	2	620
1907	3	706
1907	4	634
1907	5	1030
1907	6	662
1907	7	293
1907	8	328
1907	9	1483
1907	10	1053
1907	11	1862
1907	12	1409
1908	1	1237
1908	2	1633
1908	3	976
1908	4	490
1908	5	1419
1908	6	317
1908	7	929
1908	8	1351
1908	9	253
1908	10	845
1908	11	323
1908	12	847
1909	1	1192
1909	2	1646
1909	3	1059
1909	4	1264
1909	5	785
1909	6	496
1909	7	292
1909	8	711
1909	9	1070
1909	10	530
1909	11	772
1909	12	1092
1910	1	2189
1910	2	1027
1910	3	406
1910	4	652
1910	5	630
1910	6	861
1910	7	342
1910	8	515
1910	9	458
1910	10	520
1910	11	1316
1910	12	645
1911	1	1097
1911	2	872
1911	3	945
1911	4	850
1911	5	147
1911	6	475
1911	7	531
1911	8	1610
1911	9	550
1911	10	1457
1911	11	1907
1911	12	979
1912	1	744
1912	2	560
1912	3	2232
1912	4	1020
1912	5	1261
1912	6	169
1912	7	606
1912	8	789
1912	9	591
1912	10	458
1912	11	1097
1912	12	1509
1913	1	1169
1913	2	906
1913	3	1635
1913	4	1448
1913	5	663
1913	6	456
1913	7	395
1913	8	639
1913	9	688
1913	10	2232
1913	11	668
1913	12	1028
1914	1	1364
1914	2	868
1914	3	938
1914	4	998
1914	5	603
1914	6	459
1914	7	910
1914	8	543
1914	9	69
1914	10	884
1914	11	766
1914	12	1218
1915	1	2532
1915	2	1543
1915	3	86
1915	4	368
1915	5	756
1915	6	281
1915	7	1018
1915	8	1559
1915	9	491
1915	10	877
1915	11	594
1915	12	1130
1916	1	460
1916	2	1454
1916	3	857
1916	4	513
1916	5	1113
1916	6	922
1916	7	1259
1916	8	569
1916	9	543
1916	10	532
1916	11	676
1916	12	893
1917	1	1031
1917	2	743
1917	3	1475
1917	4	724
1917	5	733
1917	6	809
1917	7	522
1917	8	947
1917	9	586
1917	10	1557
1917	11	161
1917	12	866
1918	1	968
1918	2	863
1918	3	508
1918	4	996
1918	5	911
1918	6	971
1918	7	646
1918	8	591
1918	9	1781
1918	10	516
1918	11	809
1918	12	1009
1919	1	1431
1919	2	922
1919	3	1574
1919	4	955
1919	5	1466
1919	6	492
1919	7	871
1919	8	1431
1919	9	1386
1919	10	1123
1919	11	1157
1919	12	699
1920	1	1001
1920	2	1414
1920	3	1194
1920	4	1202
1920	5	920
1920	6	1407
1920	7	850
1920	8	789
1920	9	1014
1920	10	471
1920	11	1458
1920	12	1666
1921	1	808
1921	2	922
1921	3	883
1921	4	1013
1921	5	992
1921	6	585
1921	7	931
1921	8	529
1921	9	568
1921	10	307
1921	11	1534
1921	12	737
1922	1	733
1922	2	780
1922	3	1301
1922	4	621
1922	5	1240
1922	6	1111
1922	7	747
1922	8	1512
1922	9	490
1922	10	906
1922	11	351
1922	12	1001
1923	1	2105
1923	2	523
1923	3	1223
1923	4	1176
1923	5	400
1923	6	791
1923	7	592
1923	8	405
1923	9	591
1923	10	1926
1923	11	1017
1923	12	1475
1924	1	1384
1924	2	892
1924	3	423
1924	4	1267
1924	5	1436
1924	6	485
1924	7	170
1924	8	1055
1924	9	956
1924	10	88
1924	11	712
1924	12	600
1925	1	1150
1925	2	832
1925	3	1048
1925	4	540
1925	5	1032
1925	6	715
1925	7	1203
1925	8	707
1925	9	842
1925	10	1353
1925	11	1015
1925	12	787
1926	1	719
1926	2	1332
1926	3	821
1926	4	698
1926	5	586
1926	6	377
1926	7	644
1926	8	915
1926	9	592
1926	10	1288
1926	11	1301
1926	12	947
1927	1	944
1927	2	887
1927	3	422
1927	4	518
1927	5	1013
1927	6	535
1927	7	781
1927	8	1733
1927	9	534
1927	10	1642
1927	11	1547
1927	12	1403
1928	1	577
1928	2	1045
1928	3	748
1928	4	1100
1928	5	378
1928	6	1076
1928	7	1061
1928	8	892
1928	9	780
1928	10	826
1928	11	473
1928	12	581
1929	1	1496
1929	2	1064
1929	3	1061
1929	4	1551
1929	5	1152
1929	6	365
1929	7	238
1929	8	731
1929	9	536
1929	10	1047
1929	11	652
1929	12	1052
1930	1	916
1930	2	712
1930	3	720
1930	4	402
1930	5	948
1930	6	910
1930	7	428
1930	8	762
1930	9	87
1930	10	954
1930	11	1276
1930	12	1035
1931	1	856
1931	2	511
1931	3	1533
1931	4	964
1931	5	990
1931	6	752
1931	7	562
1931	8	1595
1931	9	435
1931	10	917
1931	11	196
1931	12	798
1932	1	1668
1932	2	605
1932	3	1230
1932	4	499
1932	5	824
1932	6	899
1932	7	545
1932	8	907
1932	9	2564
1932	10	1404
1932	11	1374
1932	12	825
1933	1	674
1933	2	1029
1933	3	1487
1933	4	1398
1933	5	1265
1933	6	488
1933	7	694
1933	8	2574
1933	9	2521
1933	10	1059
1933	11	773
1933	12	930
1934	1	677
1934	2	1678
1934	3	751
1934	4	1288
1934	5	1763
1934	6	729
1934	7	186
1934	8	555
1934	9	794
1934	10	1005
1934	11	748
1934	12	1291
1935	1	1272
1935	2	834
1935	3	628
1935	4	792
1935	5	355
1935	6	933
1935	7	1165
1935	8	186
1935	9	1546
1935	10	396
1935	11	1206
1935	12	453
1936	1	1764
1936	2	930
1936	3	1579
1936	4	738
1936	5	470
1936	6	1392
1936	7	284
1936	8	394
1936	9	1232
1936	10	577
1936	11	384
1936	12	2492
1937	1	1198
1937	2	559
1937	3	975
1937	4	1114
1937	5	553
1937	6	1233
1937	7	612
1937	8	944
1937	9	861
1937	10	977
1937	11	1340
1937	12	671
1938	1	905
1938	2	520
1938	3	673
1938	4	788
1938	5	1026
1938	6	1658
1938	7	1209
1938	8	859
1938	9	2371
1938	10	729
1938	11	924
1938	12	753
1939	1	1171
1939	2	1717
1939	3	1618
1939	4	1230
1939	5	272
1939	6	697
1939	7	498
1939	8	1459
1939	9	244
1939	10	1491
1939	11	633
1939	12	590
1940	1	642
1940	2	929
1940	3	1092
1940	4	1275
1940	5	1143
1940	6	909
1940	7	658
1940	8	551
1940	9	561
1940	10	269
1940	11	2077
1940	12	661
1941	1	1050
1941	2	106
1941	3	833
1941	4	433
1941	5	371
1941	6	1752
1941	7	1442
1941	8	728
1941	9	21
1941	10	716
1941	11	279
1941	12	831
1942	1	1034
1942	2	1034
1942	3	1237
1942	4	0
1942	5	606
1942	6	898
1942	7	776
1942	8	964
1942	9	336
1942	10	493
1942	11	1326
1942	12	609
1943	1	895
1943	2	547
1943	3	694
1943	4	750
1943	5	729
1943	6	642
1943	7	820
1943	8	314
1943	9	605
1943	10	1000
1943	11	834
1943	12	402
1944	1	1078
1944	2	553
1944	3	1473
1944	4	1426
1944	5	204
1944	6	506
1944	7	132
1944	8	595
1944	9	1454
1944	10	674
1944	11	2595
1944	12	611
1945	1	905
1945	2	972
1945	3	691
1945	4	641
1945	5	1057
1945	6	484
1945	7	793
1945	8	636
1945	9	338
1945	10	499
1945	11	1895
1945	12	1766
1946	1	1116
1946	2	631
1946	3	604
1946	4	579
1946	5	1056
1946	6	825
1946	7	697
1946	8	2503
1946	9	759
1946	10	129
1946	11	298
1946	12	896
1947	1	1014
1947	2	474
1947	3	580
1947	4	1584
1947	5	889
1947	6	522
1947	7	714
1947	8	724
1947	9	627
1947	10	665
1947	11	1600
1947	12	707
1948	1	1598
1948	2	828
1948	3	1091
1948	4	974
1948	5	1800
1948	6	813
1948	7	642
1948	8	307
1948	9	155
1948	10	1103
1948	11	1474
1948	12	1371
1949	1	1362
1949	2	1515
1949	3	635
1949	4	839
1949	5	765
1949	6	0
1949	7	492
1949	8	793
1949	9	475
1949	10	284
1949	11	1103
1949	12	764
1950	1	813
1950	2	1079
1950	3	938
1950	4	612
1950	5	1078
1950	6	507
1950	7	736
1950	8	876
1950	9	543
1950	10	465
1950	11	836
1950	12	864
1951	1	1055
1951	2	1229
1951	3	1212
1951	4	755
1951	5	1384
1951	6	683
1951	7	248
1951	8	752
1951	9	279
1951	10	1078
1951	11	1900
1951	12	1345
1952	1	1358
1952	2	771
1952	3	1210
1952	4	870
1952	5	1408
1952	6	450
1952	7	180
1952	8	3352
1952	9	410
1952	10	396
1952	11	855
1952	12	1167
1953	1	1809
1953	2	1205
1953	3	2537
1953	4	1313
1953	5	1023
1953	6	247
1953	7	823
1953	8	1722
1953	9	429
1953	10	1570
1953	11	1755
1953	12	1748
1954	1	653
1954	2	859
1954	3	908
1954	4	978
1954	5	828
1954	6	178
1954	7	277
1954	8	2656
1954	9	2362
1954	10	717
1954	11	1451
1954	12	1613
1955	1	140
1955	2	637
1955	3	1292
1955	4	727
1955	5	295
1955	6	432
1955	7	650
1955	8	1946
1955	9	645
1955	10	2222
1955	11	1806
1955	12	201
1956	1	975
1956	2	1341
1956	3	1487
1956	4	699
1956	5	620
1956	6	821
1956	7	1715
1956	8	560
1956	9	384
1956	10	633
1956	11	1220
1956	12	1051
1957	1	570
1957	2	523
1957	3	1020
1957	4	998
1957	5	503
1957	6	43
1957	7	399
1957	8	805
1957	9	400
1957	10	1145
1957	11	1226
1957	12	1460
1958	1	2352
1958	2	1392
1958	3	1798
1958	4	1296
1958	5	1409
1958	6	501
1958	7	762
1958	8	1564
1958	9	1368
1958	10	1664
1958	11	732
1958	12	911
1959	1	578
1959	2	699
1959	3	1988
1959	4	1024
1959	5	658
1959	6	1164
1959	7	1743
1959	8	850
1959	9	307
1959	10	1005
1959	11	835
1959	12	1060
1960	1	821
1960	2	1331
1960	3	850
1960	4	688
1960	5	793
1960	6	593
1960	7	1184
1960	8	344
1960	9	2610
1960	10	712
1960	11	1065
1960	12	1183
1961	1	1098
1961	2	1066
1961	3	1017
1961	4	1572
1961	5	1363
1961	6	519
1961	7	772
1961	8	863
1961	9	2410
1961	10	749
1961	11	844
1961	12	1090
1962	1	1178
1962	2	1419
1962	3	756
1962	4	619
1962	5	455
1962	6	986
1962	7	489
1962	8	1645
1962	9	1129
1962	10	1227
1962	11	1262
1962	12	679
1963	1	880
1963	2	873
1963	3	1003
1963	4	457
1963	5	974
1963	6	966
1963	7	397
1963	8	727
1963	9	738
1963	10	28
1963	11	1856
1963	12	814
1964	1	1093
1964	2	944
1964	3	851
1964	4	1832
1964	5	116
1964	6	292
1964	7	768
1964	8	171
1964	9	938
1964	10	808
1964	11	455
1964	12	1433
1965	1	1400
1965	2	788
1965	3	629
1965	4	853
1965	5	486
1965	6	469
1965	7	938
1965	8	999
1965	9	236
1965	10	332
1965	11	297
1965	12	367
1966	1	1040
1966	2	880
1966	3	478
1966	4	324
1966	5	1748
1966	6	445
1966	7	252
1966	8	412
1966	9	1243
1966	10	719
1966	11	838
1966	12	1095
1967	1	413
1967	2	694
1967	3	1653
1967	4	878
1967	5	1423
1967	6	1075
1967	7	1133
1967	8	972
1967	9	735
1967	10	424
1967	11	949
1967	12	1922
1968	1	805
1968	2	217
1968	3	1819
1968	4	223
1968	5	811
1968	6	795
1968	7	155
1968	8	564
1968	9	234
1968	10	940
1968	11	1690
1968	12	1762
1969	1	300
1969	2	1561
1969	3	998
1969	4	841
1969	5	478
1969	6	558
1969	7	768
1969	8	877
1969	9	713
1969	10	821
1969	11	1281
1969	12	2279
1970	1	163
1970	2	1036
1970	3	1361
1970	4	985
1970	5	692
1970	6	650
1970	7	846
1970	8	1084
1970	9	478
1970	10	673
1970	11	1881
1970	12	767
1971	1	730
1971	2	1720
1971	3	683
1971	4	775
1971	5	977
1971	6	208
1971	7	648
1971	8	889
1971	9	200
1971	10	915
1971	11	1756
1971	12	571
1972	1	681
1972	2	1460
1972	3	1472
1972	4	1120
1972	5	1557
1972	6	1409
1972	7	504
1972	8	328
1972	9	1127
1972	10	1177
1972	11	1724
1972	12	1694
1973	1	985
1973	2	845
1973	3	1225
1973	4	1846
1973	5	1212
1973	6	945
1973	7	1118
1973	8	199
1973	9	493
1973	10	753
1973	11	465
1973	12	1471
1974	1	1158
1974	2	746
1974	3	1067
1974	4	770
1974	5	790
1974	6	751
1974	7	194
1974	8	762
1974	9	1064
1974	10	469
1974	11	387
1974	12	1836
1975	1	1753
1975	2	1375
1975	3	924
1975	4	1017
1975	5	1062
1975	6	1677
1975	7	749
1975	8	611
1975	9	1447
1975	10	1109
1975	11	1618
1975	12	1026
1976	1	1491
1976	2	580
1976	3	809
1976	4	467
1976	5	550
1976	6	475
1976	7	532
1976	8	2721
1976	9	744
1976	10	1513
1976	11	183
1976	12	716
1977	1	844
1977	2	636
1977	3	1314
1977	4	942
1977	5	553
1977	6	1173
1977	7	604
1977	8	1495
1977	9	1514
1977	10	1514
1977	11	852
1977	12	1725
1978	1	2320
1978	2	642
1978	3	756
1978	4	444
1978	5	1554
1978	6	295
1978	7	1211
1978	8	789
1978	9	1118
1978	10	442
1978	11	794
1978	12	1458
1979	1	3008
1979	2	1370
1979	3	470
1979	4	1049
1979	5	1460
1979	6	689
1979	7	276
1979	8	1177
1979	9	920
1979	10	1104
1979	11	923
1979	12	622
1980	1	464
1980	2	270
1980	3	1768
1980	4	1502
1980	5	465
1980	6	618
1980	7	626
1980	8	556
1980	9	96
1980	10	1042
1980	11	808
1980	12	380
1981	1	216
1981	2	1569
1981	3	374
1981	4	1155
1981	5	887
1981	6	1395
1981	7	632
1981	8	477
1981	9	803
1981	10	896
1981	11	709
1981	12	974
1982	1	1333
1982	2	627
1982	3	767
1982	4	959
1982	5	854
1982	6	3703
1982	7	541
1982	8	391
1982	9	539
1982	10	461
1982	11	1018
1982	12	668
1983	1	1219
1983	2	1423
1983	3	1856
1983	4	2461
1983	5	1118
1983	6	913
1983	7	517
1983	8	487
1983	9	541
1983	10	1559
1983	11	2856
1983	12	1319
1984	1	686
1984	2	1509
1984	3	1478
1984	4	1286
1984	5	1500
1984	6	1349
1984	7	1343
1984	8	166
1984	9	434
1984	10	794
1984	11	479
1984	12	682
1985	1	293
1985	2	610
1985	3	572
1985	4	520
1985	5	1415
1985	6	1540
1985	7	279
1985	8	1379
1985	9	671
1985	10	500
1985	11	1830
1985	12	262
1986	1	1160
1986	2	837
1986	3	634
1986	4	457
1986	5	183
1986	6	798
1986	7	1365
1986	8	973
1986	9	264
1986	10	846
1986	11	1892
1986	12	2143
1987	1	1965
1987	2	574
1987	3	1584
1987	4	1700
1987	5	578
1987	6	148
1987	7	628
1987	8	1474
1987	9	1805
1987	10	466
1987	11	1034
1987	12	789
1988	1	1187
1988	2	1382
1988	3	1371
1988	4	451
1988	5	740
1988	6	490
1988	7	806
1988	8	536
1988	9	892
1988	10	1111
1988	11	1885
1988	12	711
1989	1	533
1989	2	759
1989	3	1156
1989	4	1560
1989	5	1584
1989	6	1612
1989	7	2213
1989	8	1522
1989	9	1494
1989	10	1597
1989	11	1487
1989	12	369
1990	1	1468
1990	2	918
1990	3	513
1990	4	1226
1990	5	1506
1990	6	427
1990	7	1595
1990	8	1040
1990	9	1337
1990	10	826
1990	11	466
1990	12	1199
1991	1	1184
1991	2	417
1991	3	1708
1991	4	1097
1991	5	737
1991	6	427
1991	7	362
1991	8	2866
1991	9	1213
1991	10	653
1991	11	759
1991	12	1057
1992	1	962
1992	2	518
1992	3	782
1992	4	413
1992	5	579
1992	6	855
1992	7	1101
1992	8	1186
1992	9	1535
1992	10	374
1992	11	1325
1992	12	1836
1993	1	597
1993	2	1066
1993	3	1835
1993	4	870
1993	5	284
1993	6	541
1993	7	654
1993	8	642
1993	9	1659
1993	10	1088
1993	11	727
1993	12	1643
1994	1	1700
1994	2	1101
1994	3	2149
1994	4	606
1994	5	783
1994	6	483
1994	7	170
1994	8	1415
1994	9	915
1994	10	206
1994	11	1356
1994	12	1305
1995	1	654
1995	2	987
1995	3	439
1995	4	673
1995	5	910
1995	6	1058
1995	7	303
1995	8	299
1995	9	1098
1995	10	1554
1995	11	1315
1995	12	1004
1996	1	1837
1996	2	826
1996	3	986
1996	4	2091
1996	5	945
1996	6	599
1996	7	1525
1996	8	1708
1996	9	1787
1996	10	2198
1996	11	696
1996	12	1961
1997	1	970
1997	2	676
1997	3	1551
1997	4	1623
1997	5	714
1997	6	417
1997	7	862
1997	8	1185
1997	9	389
1997	10	575
1997	11	1775
1997	12	1327
1998	1	1666
1998	2	1682
1998	3	1614
1998	4	1902
1998	5	1709
1998	6	1757
1998	7	340
1998	8	932
1998	9	974
1998	10	879
1998	11	346
1998	12	371
1999	1	1516
1999	2	953
1999	3	1080
1999	4	635
1999	5	777
1999	6	155
1999	7	823
1999	8	659
1999	9	1926
1999	10	1120
1999	11	578
1999	12	936
2000	1	1019
2000	2	502
2000	3	1046
2000	4	1409
2000	5	893
2000	6	1108
2000	7	1039
2000	8	1168
2000	9	833
2000	10	195
2000	11	887
2000	12	897
2001	1	963
2001	2	801
2001	3	2719
2001	4	437
2001	5	1075
2001	6	1383
2001	7	819
2001	8	1601
2001	9	1423
2001	10	579
2001	11	85
2001	12	632
2002	1	833
2002	2	276
2002	3	1206
2002	4	1170
2002	5	1154
2002	6	1043
2002	7	250
2002	8	699
2002	9	1878
2002	10	1318
2002	11	2005
2002	12	1507
2003	1	661
2003	2	1566
2003	3	1773
2003	4	1685
2003	5	1434
2003	6	1988
2003	7	929
2003	8	1520
2003	9	727
2003	10	1020
2003	11	702
2003	12	1262
2004	1	552
2004	2	796
2004	3	1129
2004	4	1832
2004	5	589
2004	6	254
2004	7	1217
2004	8	1340
2004	9	2851
2004	10	632
2004	11	1340
2004	12	1048
2005	1	1401
2005	2	813
2005	3	1181
2005	4	1111
2005	5	928
2005	6	231
2005	7	330
2005	8	181
2005	9	343
2005	10	5070
2005	11	1323
2005	12	651
2006	1	1351
2006	2	721
2006	3	216
2006	4	785
2006	5	1590
2006	6	2707
2006	7	817
2006	8	1584
2006	9	1999
2006	10	1575
2006	11	1326
2006	12	631
2007	1	635
2007	2	1425
2007	3	1407
2007	4	1879
2007	5	455
2007	6	994
2007	7	1384
2007	8	572
2007	9	371
2007	10	663
2007	11	992
2007	12	1021
2008	1	316
2008	2	1323
2008	3	1110
2008	4	720
2008	5	704
2008	6	702
2008	7	1034
2008	8	1371
2008	9	2547
2008	10	587
2008	11	813
2008	12	2149
2009	1	1082
2009	2	567
2009	3	1036
2009	4	1240
2009	5	1310
2009	6	2201
2009	7	1471
2009	8	143
2009	9	492
2009	10	1562
2009	11	790
2009	12	2109
2010	1	503
2010	2	1781
2010	3	3366
2010	4	532
2010	5	889
2010	6	192
2010	7	957
2010	8	349
2010	9	1322
2010	10	1104
2010	11	496
2010	12	828
2011	1	1312
2011	2	926
2011	3	547
2011	4	1259
2011	5	725
2011	6	1272
2011	7	546
2011	8	1906
2011	9	1052
2011	10	1565
2011	11	966
2011	12	951
2012	1	764
2012	2	384
2012	3	257
2012	4	718
2012	5	1251
2012	6	1125
2012	7	891
2012	8	409
2012	9	377
2012	10	594
2012	11	326
2012	12	1596
2013	1	492
2013	2	1069
2013	3	823
2013	4	588
2013	5	513
2013	6	1834
2013	7	248
2013	8	562
2013	9	1262
2013	10	41
2013	11	616
2013	12	1417
2014	1	938
2014	2	1416
2014	3	1461
2014	4	854
2014	5	1108
2014	6	504
2014	7	698
2014	8	529
2014	9	360
2014	10	1444
2014	11	1227
2014	12	1691
2015	1	931
2015	2	588
2015	3	1425
2015	4	462
2015	5	117
2015	6	929
2015	7	316
2015	8	681
2015	9	1499
2015	10	940
