1858	1	432
1858	5	1158
1858	6	470
1869	6	356
1869	7	419
1869	8	76
1869	9	813
1869	10	927
1869	11	889
1869	12	1092
1870	1	559
1870	2	688
1870	3	986
1870	4	1981
1870	5	1168
1870	6	711
1870	7	1092
1870	8	838
1870	9	1041
1870	10	686
1870	11	559
1870	12	269
1871	2	483
1871	3	1753
1871	4	508
1871	5	1626
1871	6	457
1871	7	2540
1871	8	940
1871	9	508
1871	10	800
1871	11	1435
1871	12	795
1872	1	584
1872	2	813
1872	3	1524
1872	4	165
1872	5	711
1872	6	889
1872	7	813
1872	8	1930
1872	9	2096
1872	10	1410
1872	11	958
1872	12	1466
1873	1	1499
1873	2	1930
1873	3	419
1873	4	686
1873	5	1283
1873	6	318
1873	7	978
1873	8	1778
1873	9	1041
1873	10	1156
1873	11	864
1873	12	762
1874	1	991
1874	2	1811
1874	3	178
1874	4	1588
1874	5	813
1874	6	851
1874	7	737
1874	8	432
1874	9	2807
1874	10	267
1874	11	572
1874	12	1105
1875	1	876
1875	2	940
1875	3	1283
1875	4	958
1875	5	272
1875	6	813
1875	7	267
1875	8	2984
1875	9	673
1875	10	373
1875	11	1194
1875	12	785
1876	1	279
1876	2	803
1876	3	1257
1876	4	650
1876	5	1384
1876	6	1168
1876	7	1003
1876	8	597
1876	9	2362
1876	10	183
1876	11	1499
1876	12	432
1877	1	991
1877	2	483
1877	3	1280
1877	4	597
1877	5	465
1877	6	1080
1877	7	2007
1877	8	254
1877	9	1702
1877	10	1092
1877	11	1415
1877	12	660
1878	1	991
1878	2	267
1878	3	787
1878	4	483
1878	5	1118
1893	1	610
1893	2	1245
1893	3	813
1893	4	1067
1893	5	777
1893	6	429
1893	7	557
1893	8	866
1893	9	1113
1893	10	982
1893	11	783
1893	12	691
1894	1	686
1894	2	1291
1894	3	363
1894	4	1118
1894	5	1694
1894	6	457
1894	7	724
1894	8	1069
1894	9	1058
1894	10	1430
1894	11	538
1894	12	711
1895	1	1232
1895	2	381
1895	3	683
1895	4	1366
1895	5	1137
1895	6	537
1895	7	807
1895	8	927
1895	9	752
1895	10	616
1895	11	378
1895	12	442
1896	1	521
1896	2	1704
1896	3	1305
1896	4	307
1896	5	1093
1896	6	1758
1896	7	967
1896	8	533
1896	9	310
1896	10	927
1896	11	627
1896	12	398
1897	1	559
1897	2	1412
1897	3	518
1897	4	683
1897	5	771
1897	6	831
1897	7	2168
1897	8	696
1897	9	650
1897	10	1457
1897	11	607
1897	12	978
1898	1	724
1898	2	427
1898	3	790
1898	4	673
1898	5	1131
1898	6	610
1898	7	905
1898	8	1211
1898	9	541
1898	10	1049
1898	11	1071
1898	12	811
1899	1	968
1899	2	1043
1899	3	1389
1899	4	381
1899	5	583
1899	6	356
1899	7	1166
1899	8	747
1899	9	599
1899	10	1105
1899	11	614
1899	12	462
1900	1	938
1900	2	803
1900	3	1148
1900	4	267
1900	5	709
1900	6	1291
1900	7	381
1900	8	191
1900	9	490
1900	10	1346
1900	11	700
1900	12	678
1901	1	942
1901	2	55
1901	3	825
1901	4	983
1901	5	980
1901	6	674
1901	7	1196
1901	8	1346
1901	9	545
1901	10	577
1901	11	620
1901	12	1476
1902	1	1017
1902	2	1346
1902	3	800
1902	4	958
1902	5	505
1902	6	1694
1902	7	450
1902	8	310
1902	9	1631
1902	10	1021
1902	11	960
1902	12	1403
1903	1	853
1903	2	1732
1903	3	2085
1903	4	935
1903	5	587
1903	6	1253
1903	7	998
1903	8	1359
1903	9	940
1903	10	1539
1903	11	345
1903	12	1148
1904	1	412
1904	2	534
1904	3	793
1904	4	637
1904	5	490
1904	6	1303
1904	7	1783
1904	8	198
1904	9	438
1904	10	830
1904	11	633
1904	12	1412
1905	1	1144
1905	2	985
1905	3	652
1905	4	754
1905	5	554
1905	6	872
1905	7	1545
1905	8	1423
1905	9	1318
1905	10	309
1905	11	178
1905	12	1255
1906	1	850
1906	2	1128
1906	3	1580
1906	4	471
1906	5	614
1906	6	2149
1906	7	1066
1906	8	3072
1906	9	233
1906	10	888
1906	11	563
1906	12	985
1907	1	828
1907	2	621
1907	3	665
1907	4	1166
1907	5	2004
1907	6	1240
1907	7	818
1907	8	444
1907	9	1606
1907	10	798
1907	11	1832
1907	12	1126
1908	1	850
1908	2	1143
1908	3	405
1908	4	569
1908	5	2125
1908	6	487
1908	7	941
1908	8	1024
1908	9	596
1908	10	603
1908	11	340
1908	12	1393
1909	1	724
1909	2	1266
1909	3	959
1909	4	1252
1909	5	1315
1909	6	1182
1909	7	670
1909	8	642
1909	9	819
1909	10	382
1909	11	564
1909	12	1317
1910	1	1242
1910	2	486
1910	3	819
1910	4	1102
1910	5	529
1910	6	1659
1910	7	574
1910	8	788
1910	9	242
1910	10	1295
1910	11	684
1910	12	1049
1911	1	1275
1911	2	546
1911	3	980
1911	4	1000
1911	5	91
1911	6	1606
1911	7	500
1911	8	3730
1911	9	513
1911	10	842
1911	11	1466
1911	12	1050
1912	1	1063
1912	2	879
1912	3	2016
1912	4	777
1912	5	1438
1912	6	526
1912	7	989
1912	8	687
1912	9	750
1912	10	348
1912	11	722
1912	12	1201
1913	1	835
1913	2	554
1913	3	824
1913	4	1353
1913	5	1204
1913	6	773
1913	7	426
1913	8	1124
1913	9	1138
1913	10	1321
1913	11	298
1913	12	854
1914	1	871
1914	2	685
1914	3	892
1914	4	566
1914	5	509
1914	6	1036
1914	7	1113
1914	8	1537
1914	9	269
1914	10	424
1914	11	749
1914	12	1933
1915	1	1875
1915	2	1029
1915	3	404
1915	4	531
1915	5	810
1915	6	1367
1915	7	1003
1915	8	2535
1915	9	109
1915	10	1019
1915	11	205
1915	12	932
1916	1	439
1916	2	866
1916	3	953
1916	4	454
1916	5	1384
1916	6	793
1916	7	1225
1916	8	126
1916	9	1324
1916	10	394
1916	11	495
1916	12	1283
1917	1	758
1917	2	713
1917	3	2067
1917	4	757
1917	5	891
1917	6	1506
1917	7	2423
1917	8	1171
1917	9	672
1917	10	2073
1917	11	109
1917	12	633
1918	1	1161
1918	2	355
1918	3	1792
1918	4	1149
1918	5	730
1918	6	471
1918	7	1026
1918	8	543
1918	9	826
1918	10	185
1918	11	244
1918	12	1134
1919	1	1122
1919	2	813
1919	3	975
1919	4	1250
1919	5	1557
1919	6	645
1919	7	2392
1919	8	3092
1919	9	195
1919	10	1006
1919	11	1044
1919	12	779
1920	1	905
1920	2	1427
1920	3	1120
1920	4	940
1920	5	722
1920	6	1743
1920	7	1044
1920	8	1768
1920	9	289
1920	10	371
1920	11	1846
1920	12	890
1921	1	685
1921	2	966
1921	3	734
1921	4	1217
1921	5	789
1921	6	757
1921	7	665
1921	8	636
1921	9	288
1921	10	284
1921	11	1207
1921	12	733
1922	1	1047
1922	2	889
1922	3	1320
1922	4	659
1922	5	302
1922	6	1400
1922	7	1555
1922	8	1442
1922	9	516
1922	10	361
1922	11	284
1922	12	1279
1923	1	1427
1923	2	804
1923	3	1748
1923	4	1067
1923	5	256
1923	6	465
1923	7	1190
1923	8	640
1923	9	701
1923	10	1036
1923	11	822
1923	12	763
1924	1	1000
1924	2	1102
1924	3	1668
1924	4	1791
1924	5	1270
1924	6	1090
1924	7	745
1924	8	1215
1924	9	1831
1924	10	200
1924	11	569
1924	12	853
1925	1	1729
1925	2	556
1925	3	685
1925	4	855
1925	5	224
1925	6	271
1925	7	1635
1925	8	1006
1925	9	129
1925	10	847
1925	11	842
1925	12	718
1926	1	796
1926	2	1167
1926	3	685
1926	4	597
1926	5	839
1926	6	535
1926	7	3862
1926	8	1700
1926	9	905
1926	10	528
1926	11	932
1926	12	1176
1927	1	419
1927	2	1031
1927	3	483
1927	4	775
1927	5	810
1927	6	1034
1927	7	1801
1927	8	1035
1927	9	411
1927	10	1267
1927	11	567
1927	12	1077
1928	1	812
1928	2	662
1928	3	713
1928	4	1631
1928	5	435
1928	6	1282
1928	7	1179
1928	8	2671
1928	9	1813
1928	10	369
1928	11	447
1928	12	714
1929	1	602
1929	2	1079
1929	3	1113
1929	4	1794
1929	5	531
1929	6	692
1929	7	282
1929	8	522
1929	9	1038
1929	10	1311
1929	11	651
1929	12	640
1930	1	968
1930	2	434
1930	3	578
1930	4	521
1930	5	1368
1930	6	881
1930	7	1526
1930	8	356
1930	9	310
1930	10	386
1930	11	650
1930	12	514
1931	1	520
1931	2	384
1931	3	1502
1931	4	917
1931	5	911
1931	6	732
1931	7	781
1931	8	2538
1931	9	572
1931	10	701
1931	11	246
1931	12	582
1932	1	1285
1932	2	752
1932	3	1410
1932	4	779
1932	5	1444
1932	6	1352
1932	7	551
1932	8	402
1932	9	348
1932	10	2078
1932	11	1233
1932	12	1071
1933	1	1216
1933	2	1077
1933	3	717
1933	4	1551
1933	5	1477
1933	6	623
1933	7	1036
1933	8	2702
1933	9	752
1933	10	295
1933	11	523
1933	12	1099
1934	1	408
1934	2	1261
1934	3	1689
1934	4	718
1934	5	1993
1934	6	471
1934	7	1483
1934	8	1572
1934	9	1564
1934	10	627
1934	11	786
1934	12	644
1935	1	1930
1935	2	790
1935	3	826
1935	4	1183
1935	5	585
1935	6	1320
1935	7	896
1935	8	1007
1935	9	3381
1935	10	623
1935	11	1361
1935	12	668
1936	1	1792
1936	2	1245
1936	3	1374
1936	4	953
1936	5	409
1936	6	903
1936	7	1090
1936	8	2200
1936	9	1740
1936	10	1096
1936	11	240
1936	12	1308
1937	1	2133
1937	2	778
1937	3	704
1937	4	1559
1937	5	1397
1937	6	1400
1937	7	919
1937	8	2522
1937	9	449
1937	10	1588
1937	11	1209
1937	12	320
1938	1	891
1938	2	586
1938	3	886
1938	4	532
1938	5	1219
1938	6	833
1938	7	2494
1938	8	1173
1938	9	2157
1938	10	710
1938	11	944
1938	12	659
1939	1	940
1939	2	1471
1939	3	1505
1939	4	1554
1939	5	190
1939	6	713
1939	7	710
1939	8	2815
1939	9	582
1939	10	966
1939	11	581
1939	12	378
1940	1	717
1940	2	911
1940	3	883
1940	4	1615
1940	5	1611
1940	6	533
1940	7	637
1940	8	1104
1940	9	833
1940	10	463
1940	11	1295
1940	12	523
1941	1	1196
1941	2	569
1941	3	806
1941	4	1039
1941	5	326
1941	6	1240
1941	7	1910
1941	8	1794
1941	9	0
1941	10	483
1941	11	395
1941	12	837
1942	1	812
1942	2	427
1942	3	1745
1942	4	206
1942	5	836
1942	6	765
1942	7	1740
1942	8	2070
1942	9	851
1942	10	945
1942	11	552
1942	12	896
1943	1	829
1943	2	886
1943	3	1186
1943	4	1004
1943	5	871
1943	6	820
1943	7	702
1943	8	150
1943	9	1052
1943	10	1697
1943	11	582
1943	12	376
1944	1	1245
1944	2	568
1944	3	1705
1944	4	1372
1944	5	466
1944	6	728
1944	7	544
1944	8	1204
1944	9	1641
1944	10	658
1944	11	1439
1944	12	986
1945	1	697
1945	2	847
1945	3	381
1945	4	968
1945	5	992
1945	6	1067
1945	7	2688
1945	8	1462
1945	9	1054
1945	10	556
1945	11	936
1945	12	1545
1946	1	454
1946	2	572
1946	3	886
1946	4	644
1946	5	1624
1946	6	997
1946	7	1026
1946	8	1513
1946	9	878
1946	10	521
1946	11	373
1946	12	531
1947	1	1178
1947	2	390
1947	3	663
1947	4	773
1947	5	1768
1947	6	966
1947	7	784
1947	8	1257
1947	9	914
1947	10	442
1947	11	1337
1947	12	509
1948	1	2197
1948	2	737
1948	3	1049
1948	4	993
1948	5	3494
1948	6	1021
1948	7	1312
1948	8	1183
1948	9	414
1948	10	914
1948	11	1831
1948	12	1366
1949	1	1457
1949	2	1098
1949	3	1041
1949	4	686
1949	5	701
1949	6	119
1949	7	367
1949	8	1502
1949	9	682
1949	10	1489
1949	11	704
1949	12	413
1950	1	532
1950	2	734
1950	3	755
1950	4	444
1950	5	1158
1950	6	663
1950	7	892
1950	8	127
1950	9	1435
1950	10	353
1950	11	843
1950	12	333
1951	1	368
1951	2	819
1951	3	897
1951	4	819
1951	5	511
1951	6	1236
1951	7	2114
1951	8	732
1951	9	526
1951	10	472
1951	11	1363
1951	12	1244
1952	1	1419
1952	2	612
1952	3	1561
1952	4	1905
1952	5	1214
1952	6	773
1952	7	444
1952	8	1967
1952	9	577
1952	10	160
1952	11	1321
1952	12	875
1953	1	916
1953	2	523
1953	3	1278
1953	4	1047
1953	5	1535
1953	6	1024
1953	7	1216
1953	8	2316
1953	9	381
1953	10	1760
1953	11	668
1953	12	541
1954	1	417
1954	2	399
1954	3	754
1954	4	1047
1954	5	602
1954	6	274
1954	7	1063
1954	8	1565
1954	9	1588
1954	10	412
1954	11	1182
1954	12	934
1955	1	140
1955	2	774
1955	3	680
1955	4	964
1955	5	463
1955	6	1754
1955	7	619
1955	8	2701
1955	9	533
1955	10	753
1955	11	580
1955	12	185
1956	1	734
1956	2	697
1956	3	1004
1956	4	454
1956	5	671
1956	6	1204
1956	7	1884
1956	8	626
1956	9	582
1956	10	1467
1956	11	1255
1956	12	935
1957	1	585
1957	2	902
1957	3	928
1957	4	518
1957	5	518
1957	6	1071
1957	7	416
1957	8	646
1957	9	1386
1957	10	669
1957	11	1232
1957	12	1470
1958	1	861
1958	2	1034
1958	3	1981
1958	4	1163
1958	5	968
1958	6	1431
1958	7	2134
1958	8	2683
1958	9	519
1958	10	658
1958	11	646
1958	12	511
1959	1	381
1959	2	474
1959	3	789
1959	4	706
1959	5	402
1959	6	359
1959	7	3310
1959	8	893
1959	9	300
1959	10	1056
1959	11	1331
1959	12	808
1960	1	435
1960	2	1001
1960	3	301
1960	4	846
1960	5	1033
1960	6	622
1960	7	1837
1960	8	752
1960	9	2392
1960	10	741
1960	11	509
1960	12	739
1961	1	457
1961	2	1471
1961	3	1217
1961	4	986
1961	5	1011
1961	6	807
1961	7	321
1961	8	567
1961	9	732
1961	10	1503
1961	11	429
1961	12	1025
1962	1	1146
1962	2	894
1962	3	779
1962	4	1164
1962	5	162
1962	6	996
1962	7	908
1962	8	253
1962	9	749
1962	10	136
1962	11	1346
1962	12	992
1963	1	488
1963	2	372
1963	3	1914
1963	4	213
1963	5	796
1963	6	1454
1963	7	336
1963	8	886
1963	9	1145
1963	10	0
1963	11	1805
1963	12	424
1964	1	1018
1964	2	1129
1964	3	775
1964	4	978
1964	5	0
1964	6	602
1964	7	774
1964	8	112
1964	9	1225
1964	10	792
1964	11	536
1964	12	614
1965	1	719
1965	2	417
1965	3	817
1965	4	480
1965	5	211
1965	6	538
1965	7	712
1965	8	1425
1965	9	991
1965	10	274
1965	11	203
1965	12	56
1966	1	944
1966	2	783
1966	3	440
1966	4	1184
1966	5	927
1966	6	500
1966	7	433
1966	8	629
1966	9	1418
1966	10	1807
1966	11	449
1966	12	995
1967	1	391
1967	2	864
1967	3	632
1967	4	485
1967	5	1290
1967	6	605
1967	7	1383
1967	8	3443
1967	9	842
1967	10	589
1967	11	497
1967	12	1390
1968	1	503
1968	2	284
1968	3	1325
1968	4	360
1968	5	1159
1968	6	571
1968	7	219
1968	8	356
1968	9	490
1968	10	373
1968	11	992
1968	12	662
1969	1	724
1969	2	807
1969	3	1038
1969	4	853
1969	5	425
1969	6	1560
1969	7	1830
1969	8	2132
1969	9	1374
1969	10	477
1969	11	572
1969	12	2132
1970	1	390
1970	2	582
1970	3	1112
1970	4	1113
1970	5	645
1970	6	1659
1970	7	1076
1970	8	404
1970	9	183
1970	10	963
1970	11	1100
1970	12	985
1971	1	789
1971	2	1509
1971	3	649
1971	4	857
1971	5	1261
1971	6	392
1971	7	735
1971	8	1869
1971	9	794
1971	10	1372
1971	11	1049
1971	12	813
1972	1	922
1972	2	1531
1972	3	599
1972	4	1217
1972	5	1407
1972	6	1871
1972	7	1126
1972	8	376
1972	9	1239
1972	10	1532
1972	11	1476
1972	12	1658
1973	1	809
1973	2	747
1973	3	701
1973	4	1119
1973	5	1272
1973	6	653
1973	7	350
1973	8	1691
1973	9	996
1973	10	1290
1973	11	371
1973	12	1541
1974	1	952
1974	2	551
1974	3	1239
1974	4	416
1974	5	1427
1974	6	1185
1974	7	86
1974	8	922
1974	9	952
1974	10	528
1974	11	213
1974	12	1664
1975	1	1414
1975	2	805
1975	3	1415
1975	4	973
1975	5	1192
1975	6	1133
1975	7	2745
1975	8	468
1975	9	1743
1975	10	979
1975	11	967
1975	12	663
1976	1	1618
1976	2	529
1976	3	524
1976	4	341
1976	5	796
1976	6	216
1976	7	1129
1976	8	1192
1976	9	1728
1976	10	2118
1976	11	285
1976	12	857
1977	1	705
1977	2	486
1977	3	520
1977	4	575
1977	5	383
1977	6	600
1977	7	511
1977	8	863
1977	9	1064
1977	10	741
1977	11	1412
1977	12	1807
1978	1	1882
1978	2	289
1978	3	1695
1978	4	671
1978	5	1571
1978	6	488
1978	7	1124
1978	8	1817
1978	9	432
1978	10	353
1978	11	876
1978	12	1059
1979	1	1911
1979	2	1075
1979	3	911
1979	4	840
1979	5	1084
1979	6	1029
1979	7	1204
1979	8	1968
1979	9	1376
1979	10	1154
1979	11	952
1979	12	422
1980	1	859
1980	2	337
1980	3	1577
1980	4	1737
1980	5	665
1980	6	1346
1980	7	501
1980	8	564
1980	9	487
1980	10	1754
1980	11	645
1980	12	193
1981	1	201
1981	2	936
1981	3	498
1981	4	1352
1981	5	1475
1981	6	1041
1981	7	504
1981	8	1079
1981	9	954
1981	10	860
1981	11	318
1981	12	947
1982	1	1081
1982	2	972
1982	3	745
1982	4	1152
1982	5	609
1982	6	800
1982	7	678
1982	8	498
1982	9	760
1982	10	584
1982	11	1421
1982	12	611
1983	1	399
1983	2	1003
1983	3	1553
1983	4	1794
1983	5	1360
1983	6	1204
1983	7	838
1983	8	1598
1983	9	982
1983	10	984
1983	11	1095
1983	12	1379
1984	1	658
1984	2	1054
1984	3	1733
1984	4	1215
1984	5	1892
1984	6	701
1984	7	1231
1984	8	979
1984	9	563
1984	10	662
1984	11	548
1984	12	348
1985	1	787
1985	2	625
1985	3	614
1985	4	137
1985	5	1327
1985	6	832
1985	7	708
1985	8	2444
1985	9	1378
1985	10	441
1985	11	1175
1985	12	210
1986	1	985
1986	2	747
1986	3	396
1986	4	533
1986	5	176
1986	6	635
1986	7	573
1986	8	1070
1986	9	98
1986	10	802
1986	11	1158
1986	12	1796
1987	1	1952
1987	2	536
1987	3	881
1987	4	391
1987	5	989
1987	6	696
1987	7	273
1987	8	255
1987	9	665
1987	10	714
1987	11	767
1987	12	725
1988	1	947
1988	2	921
1988	3	722
1988	4	668
1988	5	975
1988	6	220
1988	7	1658
1988	8	892
1988	9	719
1988	10	605
1988	11	1270
1988	12	105
1989	1	652
1989	2	665
1989	3	2086
1989	4	1483
1989	5	797
1989	6	1203
1989	7	1281
1989	8	1257
1989	9	1715
1989	10	785
1989	11	926
1989	12	516
1990	1	653
1990	2	393
1990	3	945
1990	4	797
1990	5	2383
1990	6	461
1990	7	1812
1990	8	1608
1990	9	808
1990	10	833
1990	11	284
1990	12	858
1991	1	1242
1991	2	303
1991	3	1601
1991	4	845
1991	5	376
1991	6	805
1991	7	1405
1991	8	1374
1991	9	1103
1991	10	626
1991	11	210
1991	12	1256
1992	1	393
1992	2	846
1992	3	1112
1992	4	390
1992	5	947
1992	6	815
1992	7	1060
1992	8	2660
1992	9	1398
1992	10	396
1992	11	876
1992	12	1089
1993	1	906
1993	2	442
1993	3	1718
1993	4	1094
1993	5	776
1993	6	800
1993	7	630
1993	8	1224
1993	9	902
1993	10	1073
1993	11	875
1993	12	1346
1994	1	1115
1994	2	1348
1994	3	2389
1994	4	701
1994	5	918
1994	6	322
1994	7	1398
1994	8	1337
1994	9	908
1994	10	238
1994	11	1052
1994	12	522
1995	1	788
1995	2	558
1995	3	592
1995	4	555
1995	5	1299
1995	6	433
1995	7	1020
1995	8	182
1995	9	1008
1995	10	1664
1995	11	1040
1995	12	620
1996	1	1105
1996	2	527
1996	3	1151
1996	4	1220
1996	5	1510
1996	6	952
1996	7	1516
1996	8	1194
1996	9	1575
1996	10	1152
1996	11	539
1996	12	2054
1997	1	669
1997	2	833
1997	3	1491
1997	4	876
1997	5	820
1997	6	479
1997	7	867
1997	8	1408
1997	9	515
1997	10	750
1997	11	1834
1997	12	904
1998	1	1770
1998	2	1518
1998	3	1419
1998	4	778
1998	5	1190
1998	6	1164
1998	7	508
1998	8	1122
1998	9	516
1998	10	516
1998	11	276
1998	12	658
1999	1	1483
1999	2	770
1999	3	1258
1999	4	733
1999	5	399
1999	6	569
1999	7	479
1999	8	1594
1999	9	2532
1999	10	985
1999	11	474
1999	12	650
2000	1	923
2000	2	479
2000	3	1708
2000	4	1042
2000	5	1148
2000	6	1350
2000	7	1726
2000	8	1461
2000	9	1546
2000	10	26
2000	11	532
2000	12	570
2001	1	763
2001	2	774
2001	3	1292
2001	4	454
2001	5	667
2001	6	1688
2001	7	1642
2001	8	2253
2001	9	531
2001	10	267
2001	11	89
2001	12	538
2002	1	641
2002	2	157
2002	3	1140
2002	4	1184
2002	5	976
2002	6	462
2002	7	900
2002	8	1165
2002	9	2267
2002	10	2298
2002	11	1551
2002	12	1035
2003	1	340
2003	2	1891
2003	3	579
2003	4	800
2003	5	1111
2003	6	1518
2003	7	1163
2003	8	1374
2003	9	1195
2003	10	902
2003	11	1537
2003	12	1517
2004	1	642
2004	2	625
2004	3	538
2004	4	1478
2004	5	718
2004	6	884
2004	7	1263
2004	8	1988
2004	9	1050
2004	10	611
2004	11	1171
2004	12	642
2005	1	901
2005	2	613
2005	3	912
2005	4	712
2005	5	1030
2005	6	1060
2005	7	1350
2005	8	706
2005	9	83
2005	10	2031
2005	11	749
2005	12	1135
2006	1	1070
2006	2	260
2006	3	83
2006	4	690
2006	5	517
2006	6	2523
2006	7	1717
2006	8	428
2006	9	1829
2006	10	1444
2006	11	1376
2006	12	568
2007	1	1002
2007	2	487
2007	3	916
2007	4	1172
2007	5	317
2007	6	841
2007	7	526
2007	8	820
2007	9	493
2007	10	1241
2007	11	361
2007	12	1527
2008	1	452
2008	2	929
2008	3	628
2008	4	1057
2008	5	1492
2008	6	1031
2008	7	1159
2008	8	351
2008	9	1007
2008	10	365
2008	11	1362
2008	12	1462
2009	1	638
2009	2	116
2009	3	479
2009	4	1268
2009	5	1291
2009	6	1539
2009	7	711
2009	8	2174
2009	9	1751
2009	10	1584
2009	11	1458
2009	12	1808
2010	1	789
2010	2	957
2010	3	1463
2010	4	370
2010	5	639
2010	6	582
2010	7	1172
2010	8	1210
2010	9	818
2010	10	1792
2010	11	396
2010	12	798
2011	1	810
2011	2	531
2011	3	908
2011	4	761
2011	5	646
2011	6	896
2011	7	1161
2011	8	3263
2011	9	1142
2011	10	761
2011	11	767
2011	12	1068
2012	1	544
2012	2	436
2012	3	277
2012	4	551
2012	5	787
2012	6	1233
2012	7	672
2012	8	1782
2012	9	978
2012	10	1983
2012	11	218
2012	12	1351
2013	1	749
2013	2	589
2013	3	763
2013	4	932
2013	5	584
2013	6	2934
2013	7	1487
2013	8	2016
2013	9	315
2013	10	1060
2013	11	660
2013	12	1153
2014	1	733
2014	2	800
2014	3	646
2014	4	990
2014	5	1124
2014	6	630
2014	7	802
2014	8	1555
2014	9	1142
2014	10	733
2014	11	866
2014	12	1171
2015	1	1281
2015	2	446
2015	3	1030
2015	4	1120
2015	5	441
2015	6	2737
2015	7	943
2015	8	1101
2015	9	920
2015	10	860
