1891	9	323
1891	10	300
1891	11	234
1893	1	0
1893	2	130
1893	3	84
1893	4	305
1893	5	864
1893	6	224
1893	7	79
1893	8	30
1893	9	399
1893	10	264
1893	11	356
1893	12	208
1894	1	178
1894	2	191
1894	3	800
1894	4	381
1894	5	163
1894	6	620
1894	7	325
1894	8	28
1894	9	241
1894	10	13
1894	11	203
1894	12	51
1895	1	406
1895	2	229
1895	3	246
1895	4	582
1895	5	478
1895	6	810
1895	7	145
1895	8	366
1895	9	356
1895	10	145
1895	11	272
1895	12	64
1896	1	267
1896	2	64
1896	3	419
1896	4	267
1896	5	206
1896	6	188
1896	7	277
1896	8	0
1896	9	592
1896	10	157
1896	11	470
1896	12	38
1897	1	102
1897	2	191
1897	3	579
1897	4	318
1897	5	124
1897	6	439
1897	7	41
1897	8	279
1897	9	51
1897	10	251
1897	11	185
1897	12	152
1898	1	127
1898	2	419
1898	3	356
1898	4	282
1898	5	1128
1898	6	282
1898	7	112
1898	8	157
1898	9	76
1898	10	292
1898	11	109
1898	12	343
1899	1	767
1899	2	411
1899	3	521
1899	4	226
1899	5	1204
1899	6	544
1899	7	389
1899	8	30
1899	9	279
1899	10	208
1899	11	15
1899	12	178
1900	1	25
1900	2	165
1900	3	282
1900	4	1062
1900	5	178
1900	6	46
1900	7	97
1900	8	168
1900	9	274
1900	10	94
1900	11	25
1900	12	193
1901	1	38
1901	2	241
1901	3	475
1901	4	249
1901	5	869
1901	6	620
1901	7	173
1901	8	394
1901	9	64
1901	10	178
1901	11	140
1901	12	371
1902	1	38
1902	2	61
1902	3	132
1902	4	386
1902	5	508
1902	6	318
1902	7	249
1902	8	61
1902	9	102
1902	10	51
1902	11	61
1902	12	61
1903	1	51
1903	2	191
1903	3	102
1903	4	343
1903	5	249
1903	6	406
1903	7	508
1903	8	445
1903	9	508
1903	10	38
1903	11	69
1903	12	191
1904	1	254
1904	2	368
1904	3	305
1904	4	132
1904	5	584
1904	6	508
1904	7	330
1904	8	132
1904	9	102
1904	10	38
1904	11	25
1904	12	152
1905	1	191
1905	2	51
1905	3	533
1905	4	439
1905	5	947
1905	6	935
1905	7	330
1905	8	0
1905	9	279
1905	10	409
1905	11	114
1905	12	25
1906	1	254
1906	2	152
1906	3	533
1906	4	356
1906	5	1029
1906	6	447
1906	7	178
1906	8	914
1906	9	191
1906	10	343
1906	11	178
1906	12	178
1907	1	457
1907	2	305
1907	3	114
1907	4	635
1907	5	864
1907	6	330
1907	7	246
1907	8	0
1907	9	699
1907	10	51
1907	11	114
1907	12	76
1908	1	43
1908	2	152
1908	3	203
1908	4	89
1908	5	1514
1908	6	953
1908	7	277
1908	8	213
1908	9	74
1908	10	140
1908	11	25
1908	12	363
1909	1	203
1909	2	241
1909	3	183
1909	4	411
1909	5	734
1909	6	803
1909	7	244
1909	8	0
1909	9	442
1909	10	46
1909	11	279
1909	12	635
1910	1	152
1910	2	51
1910	3	0
1910	4	310
1910	5	495
1910	6	305
1910	7	188
1910	8	51
1910	9	394
1910	10	417
1910	11	267
1910	12	102
1911	1	353
1911	2	102
1911	3	51
1911	4	211
1911	5	229
1911	6	325
1911	7	127
1911	8	302
1911	9	244
1911	10	290
1911	11	147
1911	12	137
1912	1	89
1912	2	488
1912	3	183
1912	4	312
1912	5	577
1912	6	284
1912	7	1123
1912	8	300
1912	9	963
1912	10	417
1912	11	124
1912	12	53
1913	1	485
1913	2	140
1913	3	198
1913	4	157
1913	5	386
1913	6	991
1913	7	432
1913	8	51
1913	9	518
1913	10	521
1913	11	56
1913	12	30
1914	1	89
1914	2	318
1914	3	290
1914	4	699
1914	5	787
1914	6	419
1914	7	33
1914	8	165
1914	9	203
1914	10	165
1914	11	20
1914	12	36
1915	1	528
1915	2	43
1915	3	356
1915	4	455
1915	5	1011
1915	6	1196
1915	7	366
1915	8	226
1915	9	953
1915	10	109
1915	11	262
1915	12	213
1916	1	234
1916	2	297
1916	3	234
1916	4	688
1916	5	772
1916	6	566
1916	7	211
1916	8	33
1916	9	142
1916	10	724
1916	11	229
1916	12	272
1917	1	213
1917	2	94
1917	3	333
1917	4	284
1917	5	975
1917	6	345
1917	7	23
1917	8	109
1917	9	20
1917	10	259
1917	11	20
1917	12	198
1918	1	396
1918	2	20
1918	3	419
1918	4	742
1918	5	805
1918	6	419
1918	7	295
1918	8	259
1918	9	607
1918	10	203
1918	11	152
1918	12	38
1919	1	66
1919	2	58
1919	3	25
1919	4	267
1919	5	257
1919	6	284
1919	7	188
1919	8	76
1919	9	295
1919	10	457
1919	11	150
1919	12	43
1920	1	118
1920	2	97
1920	3	125
1920	4	598
1920	5	614
1920	6	760
1920	7	313
1920	8	118
1920	9	139
1920	10	225
1920	11	216
1920	12	74
1921	1	121
1921	2	5
1921	3	166
1921	4	239
1921	5	529
1921	6	668
1921	7	358
1921	8	77
1921	9	90
1921	10	53
1921	11	204
1921	12	52
1922	1	90
1922	2	49
1922	3	89
1922	4	667
1922	5	717
1922	6	886
1922	7	793
1922	8	323
1922	9	38
1922	10	306
1922	11	208
1922	12	175
1923	1	41
1923	2	119
1923	3	341
1923	4	601
1923	5	459
1923	6	737
1923	7	907
1923	8	216
1923	9	2178
1923	10	589
1923	11	101
1923	12	85
1924	1	77
1924	2	279
1924	3	346
1924	4	414
1924	5	390
1924	6	540
1924	7	241
1924	8	92
1924	9	277
1924	10	564
1924	11	161
1924	12	263
1925	1	26
1925	2	185
1925	3	248
1925	4	1482
1925	5	333
1925	6	694
1925	7	173
1925	8	13
1925	9	150
1925	10	766
1925	11	97
1925	12	381
1926	1	185
1926	2	121
1926	3	199
1926	4	120
1926	5	819
1926	6	278
1926	7	439
1926	8	192
1926	9	744
1926	10	281
1926	11	323
1926	12	84
1927	1	145
1927	2	48
1927	3	271
1927	4	887
1927	5	1175
1927	6	877
1927	7	177
1927	8	822
1927	9	366
1927	10	43
1927	11	668
1927	12	117
1928	1	309
1928	2	163
1928	3	209
1928	4	380
1928	5	445
1928	6	935
1928	7	705
1928	8	117
1928	9	38
1928	10	523
1928	11	344
1928	12	46
1929	1	166
1929	2	134
1929	3	678
1929	4	717
1929	5	636
1929	6	460
1929	7	173
1929	8	107
1929	9	291
1929	10	252
1929	11	411
1929	12	298
1930	1	125
1930	2	155
1930	3	165
1930	4	310
1930	5	291
1930	6	458
1930	7	193
1930	8	21
1930	9	56
1930	10	421
1930	11	43
1930	12	0
1931	1	137
1931	2	146
1931	3	356
1931	4	360
1931	5	580
1931	6	282
1931	7	292
1931	8	97
1931	9	687
1931	10	570
1931	11	148
1931	12	41
1932	1	303
1932	2	28
1932	3	448
1932	4	957
1932	5	800
1932	6	738
1932	7	216
1932	8	150
1932	9	305
1932	10	677
1932	11	127
1932	12	153
1933	1	161
1933	2	129
1933	3	482
1933	4	805
1933	5	1118
1933	6	310
1933	7	202
1933	8	264
1933	9	144
1933	10	226
1933	11	104
1933	12	87
1934	1	38
1934	2	61
1934	3	260
1934	4	572
1934	5	168
1934	6	291
1934	7	69
1934	8	40
1934	9	388
1934	10	545
1934	11	63
1934	12	82
1935	1	25
1935	2	72
1935	3	368
1935	4	470
1935	5	925
1935	6	323
1935	7	194
1935	8	173
1935	9	387
1935	10	124
1935	11	118
1935	12	132
1936	1	107
1936	2	151
1936	3	313
1936	4	318
1936	5	16
1936	6	333
1936	7	256
1936	8	18
1936	9	295
1936	10	480
1936	11	108
1936	12	97
1937	1	33
1937	2	352
1937	3	665
1937	4	325
1937	5	661
1937	6	640
1937	7	763
1937	8	0
1937	9	117
1937	10	188
1937	11	266
1937	12	306
1938	1	166
1938	2	56
1938	3	245
1938	4	355
1938	5	1806
1938	6	535
1938	7	638
1938	8	49
1938	9	18
1938	10	92
1938	11	352
1938	12	193
1939	1	49
1939	2	216
1939	3	230
1939	4	674
1939	5	840
1939	6	809
1939	7	617
1939	8	572
1939	9	259
1939	10	87
1939	11	0
1939	12	79
1940	1	159
1940	2	249
1940	3	285
1940	4	1059
1940	5	224
1940	6	754
1940	7	155
1940	8	38
1940	9	227
1940	10	586
1940	11	264
1940	12	95
1941	1	89
1941	2	74
1941	3	105
1941	4	1163
1941	5	405
1941	6	493
1941	7	168
1941	8	412
1941	9	829
1941	10	336
1941	11	132
1941	12	180
1942	1	70
1942	2	111
1942	3	211
1942	4	726
1942	5	1293
1942	6	305
1942	7	247
1942	8	63
1942	9	627
1942	10	534
1942	11	555
1942	12	69
1943	1	206
1943	2	84
1943	3	185
1943	4	294
1943	5	1110
1943	6	884
1943	7	383
1943	8	423
1943	9	110
1943	10	218
1943	11	114
1943	12	208
1944	1	229
1944	2	157
1944	3	223
1944	4	583
1944	5	680
1944	6	2200
1944	7	445
1944	8	139
1944	9	226
1944	10	21
1944	11	209
1944	12	183
1945	1	143
1945	2	215
1945	3	281
1945	4	307
1945	5	459
1945	6	1095
1945	7	152
1945	8	483
1945	9	831
1945	10	190
1945	11	179
1945	12	238
1946	1	167
1946	2	164
1946	3	846
1946	4	146
1946	5	1043
1946	6	1202
1946	7	208
1946	8	200
1946	9	667
1946	10	461
1946	11	89
1946	12	216
1947	1	158
1947	2	254
1947	3	194
1947	4	471
1947	5	747
1947	6	1274
1947	7	221
1947	8	94
1947	9	494
1947	10	252
1947	11	398
1947	12	63
1948	1	252
1948	2	160
1948	3	188
1948	4	978
1948	5	166
1948	6	880
1948	7	894
1948	8	434
1948	9	300
1948	10	105
1948	11	232
1948	12	124
1949	1	346
1949	2	117
1949	3	325
1949	4	523
1949	5	1049
1949	6	634
1949	7	210
1949	8	13
1949	9	295
1949	10	462
1949	11	168
1949	12	109
1950	1	229
1950	2	101
1950	3	320
1950	4	369
1950	5	490
1950	6	559
1950	7	484
1950	8	356
1950	9	302
1950	10	54
1950	11	264
1950	12	102
1951	1	95
1951	2	89
1951	3	158
1951	4	145
1951	5	175
1951	6	1042
1951	7	377
1951	8	262
1951	9	837
1951	10	389
1951	11	34
1951	12	146
1952	1	45
1952	2	298
1952	3	161
1952	4	165
1952	5	977
1952	6	473
1952	7	1116
1952	8	337
1952	9	114
1952	10	99
1952	11	100
1952	12	103
1953	1	225
1953	2	280
1953	3	151
1953	4	410
1953	5	641
1953	6	691
1953	7	165
1953	8	574
1953	9	242
1953	10	346
1953	11	160
1953	12	85
1954	1	91
1954	2	137
1954	3	425
1954	4	196
1954	5	401
1954	6	303
1954	7	178
1954	8	370
1954	9	216
1954	10	187
1954	11	24
1954	12	23
1955	1	36
1955	2	270
1955	3	211
1955	4	251
1955	5	1111
1955	6	1044
1955	7	353
1955	8	112
1955	9	217
1955	10	259
1955	11	201
1955	12	306
1956	1	130
1956	2	116
1956	3	342
1956	4	320
1956	5	1004
1956	6	224
1956	7	221
1956	8	384
1956	9	200
1956	10	302
1956	11	280
1956	12	57
1957	1	93
1957	2	108
1957	3	222
1957	4	639
1957	5	634
1957	6	1185
1957	7	29
1957	8	227
1957	9	401
1957	10	481
1957	11	258
1957	12	25
1958	1	64
1958	2	102
1958	3	111
1958	4	953
1958	5	62
1958	6	964
1958	7	891
1958	8	74
1958	9	41
1958	10	313
1958	11	189
1958	12	158
1959	1	65
1959	2	166
1959	3	123
1959	4	434
1959	5	523
1959	6	333
1959	7	51
1959	8	3
1959	9	237
1959	10	422
1959	11	241
1959	12	91
1960	1	32
1960	2	122
1960	3	60
1960	4	142
1960	5	273
1960	6	455
1960	7	41
1960	8	630
1960	9	51
1960	10	273
1960	11	184
1960	12	100
1961	1	10
1961	2	242
1961	3	41
1961	4	270
1961	5	866
1961	6	110
1961	7	149
1961	8	99
1961	9	744
1961	10	841
1961	11	75
1961	12	130
1962	1	137
1962	2	74
1962	3	153
1962	4	320
1962	5	559
1962	6	1487
1962	7	416
1962	8	362
1962	9	408
1962	10	87
1962	11	114
1962	12	130
1963	1	214
1963	2	108
1963	3	122
1963	4	1154
1963	5	469
1963	6	1467
1963	7	87
1963	8	86
1963	9	280
1963	10	193
1963	11	186
1963	12	151
1964	1	73
1964	2	79
1964	3	77
1964	4	705
1964	5	529
1964	6	1933
1964	7	23
1964	8	316
1964	9	8
1964	10	116
1964	11	256
1964	12	162
1965	1	333
1965	2	62
1965	3	138
1965	4	115
1965	5	565
1965	6	594
1965	7	476
1965	8	518
1965	9	477
1965	10	0
1965	11	81
1965	12	36
1966	1	0
1966	2	91
1966	3	173
1966	4	648
1966	5	252
1966	6	283
1966	7	196
1966	8	212
1966	9	523
1966	10	350
1966	11	119
1966	12	142
1967	1	100
1967	2	165
1967	3	194
1967	4	393
1967	5	579
1967	6	1263
1967	7	98
1967	8	195
1967	9	516
1967	10	187
1967	11	148
1967	12	226
1968	1	265
1968	2	157
1968	3	240
1968	4	179
1968	5	651
1968	6	1474
1968	7	93
1968	8	1006
1968	9	622
1968	10	166
1968	11	194
1968	12	265
1969	1	191
1969	2	38
1969	3	112
1969	4	434
1969	5	399
1969	6	735
1969	7	230
1969	8	89
1969	9	18
1969	10	333
1969	11	302
1969	12	34
1970	1	142
1970	2	96
1970	3	404
1970	4	538
1970	5	1260
1970	6	436
1970	7	285
1970	8	0
1970	9	531
1970	10	263
1970	11	397
1970	12	145
1971	1	220
1971	2	214
1971	3	199
1971	4	928
1971	5	646
1971	6	281
1971	7	28
1971	8	199
1971	9	198
1971	10	796
1971	11	180
1971	12	16
1972	1	229
1972	2	100
1972	3	215
1972	4	201
1972	5	794
1972	6	678
1972	7	330
1972	8	250
1972	9	259
1972	10	322
1972	11	110
1972	12	171
1973	1	102
1973	2	33
1973	3	557
1973	4	759
1973	5	250
1973	6	876
1973	7	254
1973	8	297
1973	9	874
1973	10	176
1973	11	198
1973	12	191
1974	1	184
1974	2	95
1974	3	237
1974	4	437
1974	5	437
1974	6	282
1974	7	89
1974	8	153
1974	9	358
1974	10	802
1974	11	154
1974	12	46
1975	1	191
1975	2	69
1975	3	193
1975	4	556
1975	5	1056
1975	6	1047
1975	7	232
1975	8	51
1975	9	41
1975	10	309
1975	11	282
1975	12	241
1976	1	188
1976	2	85
1976	3	140
1976	4	601
1976	5	331
1976	6	761
1976	7	182
1976	8	240
1976	9	290
1976	10	381
1976	11	167
1976	12	39
1977	1	271
1977	2	28
1977	3	292
1977	4	185
1977	5	1135
1977	6	538
1977	7	453
1977	8	320
1977	9	231
1977	10	378
1977	11	127
1977	12	291
1978	1	261
1978	2	219
1978	3	30
1978	4	791
1978	5	2309
1978	6	139
1978	7	605
1978	8	371
1978	9	356
1978	10	76
1978	11	634
1978	12	258
1979	1	112
1979	2	96
1979	3	72
1979	4	366
1979	5	523
1979	6	369
1979	7	374
1979	8	293
1979	9	140
1979	10	529
1979	11	127
1979	12	51
1980	1	120
1980	2	124
1980	3	315
1980	4	131
1980	5	896
1980	6	520
1980	7	111
1980	8	279
1980	9	336
1980	10	229
1980	11	79
1980	12	241
1981	1	71
1981	2	135
1981	3	265
1981	4	48
1981	5	976
1981	6	691
1981	7	708
1981	8	208
1981	9	224
1981	10	248
1981	11	25
1981	12	127
1982	1	175
1982	2	99
1982	3	216
1982	4	185
1982	5	551
1982	6	998
1982	7	191
1982	8	302
1982	9	766
1982	10	160
1982	11	46
1982	12	254
1983	1	0
1983	2	109
1983	3	160
1983	4	197
1983	5	628
1983	6	276
1983	7	26
1983	8	240
1983	9	396
1983	10	332
1983	11	272
1983	12	196
1984	1	100
1984	2	110
1984	3	425
1984	4	664
1984	5	273
1984	6	651
1984	7	140
1984	8	150
1984	9	457
1984	10	75
1984	11	143
1984	12	163
1985	1	144
1985	2	51
1985	3	198
1985	4	268
1985	5	307
1985	6	491
1985	7	310
1985	8	378
1985	9	515
1985	10	120
1985	11	128
1985	12	118
1986	1	112
1986	2	247
1986	3	220
1986	4	123
1986	5	517
1986	6	1290
1986	7	0
1986	8	31
1986	9	803
1986	10	277
1986	11	250
1986	12	13
1987	1	71
1987	2	140
1987	3	262
1987	4	8
1987	5	783
1987	6	198
1987	7	900
1987	8	264
1987	9	414
1987	10	73
1987	11	253
1987	12	26
1988	1	11
1988	2	204
1988	3	59
1988	4	307
1988	5	617
1988	6	140
1988	7	21
1988	8	132
1988	9	288
1988	10	389
1988	11	135
1988	12	66
1989	1	63
1989	2	56
1989	3	353
1989	4	470
1989	5	370
1989	6	589
1989	7	230
1989	8	71
1989	9	221
1989	10	524
1989	11	130
1989	12	399
1990	1	39
1990	2	162
1990	3	158
1990	4	683
1990	5	561
1990	6	505
1990	7	326
1990	8	120
1990	9	137
1990	10	279
1990	11	216
1990	12	104
1991	1	229
1991	2	147
1991	3	207
1991	4	529
1991	5	586
1991	6	627
1991	7	46
1991	8	72
1991	9	229
1991	10	194
1991	11	437
1991	12	0
1992	1	0
1992	2	0
1992	3	379
1992	4	254
1992	5	481
1992	6	878
1992	7	593
1992	8	209
1992	9	147
1992	10	125
1992	11	114
1992	12	153
1993	1	74
1993	2	43
1993	3	78
1993	4	643
1993	5	517
1993	6	1071
1993	7	846
1993	8	95
1993	9	135
1993	10	279
1993	11	36
1993	12	0
1994	1	119
1994	2	83
1994	3	97
1994	4	268
1994	5	353
1994	6	476
1994	7	466
1994	8	28
1994	9	348
1994	10	705
1994	11	197
1994	12	5
1995	1	92
1995	2	86
1995	3	304
1995	4	443
1995	5	1065
1995	6	862
1995	7	299
1995	8	25
1995	9	542
1995	10	330
1995	11	116
1995	12	49
1996	1	176
1996	2	66
1996	3	465
1996	4	74
1996	5	923
1996	6	536
1996	7	72
1996	8	78
1996	9	239
1996	10	273
1996	11	84
1996	12	155
1997	1	133
1997	2	49
1997	3	51
1997	4	311
1997	5	755
1997	6	932
1997	7	1118
1997	8	129
1997	9	198
1997	10	392
1997	11	51
1997	12	175
1998	1	150
1998	2	0
1998	3	216
1998	4	271
1998	5	21
1998	6	1010
1998	7	241
1998	8	1045
1998	9	601
1998	10	750
1998	11	218
1998	12	74
1999	1	74
1999	2	3
1999	3	78
1999	4	877
1999	5	672
1999	6	729
1999	7	33
1999	8	340
1999	9	458
1999	10	195
1999	11	122
1999	12	130
2000	1	254
2000	2	58
2000	3	120
2000	4	312
2000	5	896
2000	6	560
2000	7	134
2000	8	67
2000	9	343
2000	10	208
2000	11	50
2000	12	64
2001	1	25
2001	2	59
2001	3	79
2001	4	322
2001	5	214
2001	6	442
2001	7	124
2001	8	23
2001	9	347
2001	10	409
2001	11	127
2001	12	5
2002	1	31
2002	2	38
2002	3	225
2002	4	162
2002	5	445
2002	6	251
2002	7	294
2002	8	564
2002	9	485
2002	10	333
2002	11	33
2002	12	56
2003	1	127
2003	2	165
2003	3	408
2003	4	128
2003	5	716
2003	6	635
2003	7	18
2003	8	87
2003	9	391
2003	10	66
2003	11	86
2003	12	82
2004	1	18
2004	2	229
2004	3	76
2004	4	125
2004	5	304
2004	6	351
2004	7	656
2004	8	79
2004	9	458
2004	10	402
2004	11	95
2004	12	20
2005	1	36
2005	2	100
2005	3	82
2005	4	307
2005	5	1535
2005	6	831
2005	7	203
2005	8	160
2005	9	170
2005	10	468
2005	11	132
2005	12	61
2006	1	15
2006	2	70
2006	3	66
2006	4	365
2006	5	327
2006	6	194
2006	7	13
2006	8	33
2006	9	995
2006	10	505
2006	11	94
2006	12	94
2007	1	62
2007	2	71
2007	3	406
2007	4	61
2007	5	1017
2007	6	643
2007	7	165
2007	8	149
2007	9	245
2007	10	696
2007	11	36
2007	12	106
2008	1	83
2008	2	26
2008	3	135
2008	4	176
2008	5	1338
2008	6	793
2008	7	479
2008	8	0
2008	9	506
2008	10	501
2008	11	96
2008	12	178
2009	1	223
2009	2	8
2009	3	256
2009	4	185
2009	5	80
2009	6	704
2009	7	225
2009	8	296
2009	9	23
2009	10	271
2009	11	33
2009	12	45
2010	1	8
2010	2	38
2010	3	39
2010	4	472
2010	5	1302
2010	6	582
2010	7	334
2010	8	199
2010	9	46
2010	10	153
2010	11	224
2010	12	33
2011	1	189
2011	2	78
2011	3	143
2011	4	499
2011	5	1587
2011	6	615
2011	7	203
2011	8	145
2011	9	73
2011	10	667
2011	11	146
2011	12	127
2012	1	85
2012	2	211
2012	3	37
2012	4	240
2012	5	673
2012	6	79
2012	7	310
2012	8	6
2012	9	16
2012	10	188
2012	11	254
2012	12	186
2013	1	225
2013	2	214
2013	3	163
2013	4	519
2013	5	908
2013	6	849
2013	7	256
2013	8	32
2013	9	860
2013	10	863
2013	11	38
2013	12	209
2014	1	145
2014	2	141
2014	3	257
2014	4	226
2014	5	586
2014	6	781
2014	7	96
2014	8	145
2014	9	607
2014	10	50
2014	11	360
2014	12	240
2015	1	168
2015	2	129
2015	3	30
2015	4	368
2015	5	1334
2015	6	824
2015	7	164
2015	8	307
2015	9	118
2015	10	143
