1893	4	645
1894	6	589
1894	7	141
1894	8	174
1894	9	482
1894	10	316
1894	11	226
1895	1	270
1895	2	57
1895	3	120
1895	4	110
1895	5	548
1895	6	256
1895	7	348
1895	8	50
1895	9	421
1895	10	37
1895	11	184
1895	12	116
1896	1	299
1896	2	76
1896	3	0
1896	4	166
1896	5	787
1896	6	323
1896	7	165
1896	8	5
1896	9	450
1896	10	55
1896	11	443
1896	12	85
1897	1	107
1897	2	208
1897	3	211
1897	4	224
1897	5	66
1897	6	1251
1897	7	425
1897	8	84
1897	9	915
1897	10	249
1897	11	779
1897	12	308
1898	1	206
1898	2	218
1898	3	579
1898	4	377
1898	5	843
1898	6	286
1898	7	288
1898	8	269
1898	9	148
1898	10	238
1898	11	213
1898	12	59
1899	1	127
1899	2	145
1899	3	145
1899	4	227
1899	5	648
1899	6	265
1899	7	246
1899	8	397
1899	9	568
1899	10	359
1899	11	201
1899	12	255
1900	1	103
1900	2	175
1900	3	139
1900	4	331
1900	5	1664
1900	6	659
1900	7	132
1900	8	486
1900	9	803
1900	10	256
1900	11	343
1900	12	195
1901	1	263
1901	2	242
1901	3	340
1901	4	338
1901	5	1114
1901	6	968
1901	7	48
1901	8	66
1901	9	636
1901	10	229
1901	11	205
1901	12	357
1902	1	149
1902	2	349
1902	3	104
1902	4	283
1902	5	1833
1902	6	419
1902	7	409
1902	8	286
1902	9	208
1902	10	35
1902	11	471
1902	12	407
1903	1	209
1903	2	65
1903	3	161
1903	4	321
1903	5	424
1903	6	480
1903	7	431
1903	8	307
1903	9	334
1903	10	328
1903	11	526
1903	12	194
1904	1	265
1904	2	492
1904	3	410
1904	4	182
1904	5	347
1904	6	288
1904	7	103
1904	8	283
1904	9	80
1904	10	175
1904	11	33
1904	12	202
1905	1	212
1905	2	140
1905	3	236
1905	4	248
1905	5	918
1905	6	824
1905	7	152
1905	8	32
1905	9	242
1905	10	415
1905	11	293
1905	12	167
1906	1	229
1906	2	130
1906	3	121
1906	4	250
1906	5	1159
1906	6	595
1906	7	43
1906	8	500
1906	9	219
1906	10	218
1906	11	392
1906	12	452
1907	1	475
1907	2	145
1907	3	250
1907	4	262
1907	5	216
1907	6	820
1907	7	285
1907	8	542
1907	9	472
1907	10	13
1907	11	102
1907	12	120
1908	1	101
1908	2	110
1908	3	352
1908	4	341
1908	5	1161
1908	6	1075
1908	7	234
1908	8	120
1908	9	575
1908	10	56
1908	11	46
1908	12	72
1909	1	547
1909	2	28
1909	3	366
1909	4	292
1909	5	399
1909	6	455
1909	7	454
1909	8	24
1909	9	491
1909	10	95
1909	11	319
1909	12	136
1910	1	169
1910	2	413
1910	3	207
1910	4	263
1910	5	475
1910	6	340
1910	7	74
1910	8	163
1910	9	657
1910	10	227
1910	11	508
1910	12	81
1911	1	116
1911	2	79
1911	3	119
1911	4	289
1911	5	694
1911	6	1110
1911	7	160
1911	8	303
1911	9	767
1911	10	590
1911	11	393
1911	12	109
1912	1	234
1912	2	152
1912	3	72
1912	4	176
1912	5	719
1912	6	465
1912	7	700
1912	8	721
1912	9	416
1912	10	333
1912	11	195
1912	12	63
1913	1	193
1913	2	101
1913	3	193
1913	4	270
1913	5	752
1913	6	869
1913	7	345
1913	8	448
1913	9	216
1913	10	501
1913	11	345
1913	12	105
1914	1	85
1914	2	314
1914	3	97
1914	4	473
1914	5	430
1914	6	917
1914	7	124
1914	8	74
1914	9	467
1914	10	986
1914	11	260
1914	12	225
1915	1	233
1915	2	153
1915	3	261
1915	4	473
1915	5	1179
1915	6	707
1915	7	783
1915	8	267
1915	9	872
1915	10	147
1915	11	269
1915	12	216
1916	1	398
1916	2	466
1916	3	416
1916	4	674
1916	5	350
1916	6	1332
1916	7	490
1916	8	417
1916	9	600
1916	10	597
1916	11	233
1916	12	420
1917	1	171
1917	2	277
1917	3	51
1917	4	259
1917	5	726
1917	6	642
1917	7	26
1917	8	8
1917	9	560
1917	10	204
1917	11	28
1917	12	713
1918	1	599
1918	2	84
1918	3	157
1918	4	435
1918	5	364
1918	6	274
1918	7	132
1918	8	382
1918	9	300
1918	10	119
1918	11	124
1918	12	79
1919	1	71
1919	2	363
1919	3	132
1919	4	66
1919	5	790
1919	6	43
1919	7	61
1919	8	94
1919	9	241
1919	10	414
1919	11	376
1919	12	290
1920	1	346
1920	2	10
1920	3	301
1920	4	645
1920	5	707
1920	6	433
1920	7	209
1920	8	332
1920	9	162
1920	10	515
1920	11	84
1920	12	64
1921	1	151
1921	2	117
1921	3	373
1921	4	475
1921	5	232
1921	6	603
1921	7	151
1921	8	21
1921	9	263
1921	10	106
1921	11	472
1921	12	239
1922	1	240
1922	2	200
1922	3	347
1922	4	478
1922	5	351
1922	6	145
1922	7	272
1922	8	215
1922	9	168
1922	10	123
1922	11	277
1922	12	489
1923	1	85
1923	2	246
1923	3	213
1923	4	363
1923	5	843
1923	6	875
1923	7	705
1923	8	708
1923	9	66
1923	10	310
1923	11	178
1923	12	151
1924	1	150
1924	2	279
1924	3	463
1924	4	240
1924	5	221
1924	6	738
1924	7	228
1924	8	261
1924	9	153
1924	10	165
1924	11	430
1924	12	297
1925	1	137
1925	2	47
1925	3	306
1925	4	1116
1925	5	408
1925	6	517
1925	7	361
1925	8	541
1925	9	778
1925	10	466
1925	11	89
1925	12	265
1926	1	154
1926	2	412
1926	3	126
1926	4	149
1926	5	551
1926	6	336
1926	7	209
1926	8	353
1926	9	673
1926	10	209
1926	11	524
1926	12	285
1927	1	314
1927	2	182
1927	3	264
1927	4	376
1927	5	659
1927	6	378
1927	7	63
1927	8	366
1927	9	488
1927	10	281
1927	11	898
1927	12	421
1928	1	446
1928	2	41
1928	3	242
1928	4	286
1928	5	199
1928	6	749
1928	7	511
1928	8	347
1928	9	87
1928	10	197
1928	11	72
1928	12	250
1929	1	407
1929	2	229
1929	3	290
1929	4	336
1929	5	321
1929	6	544
1929	7	79
1929	8	41
1929	9	172
1929	10	413
1929	11	81
1929	12	606
1930	1	333
1930	2	110
1930	3	437
1930	4	435
1930	5	345
1930	6	449
1930	7	184
1930	8	100
1930	9	671
1930	10	380
1930	11	268
1930	12	57
1931	1	137
1931	2	209
1931	3	290
1931	4	80
1931	5	363
1931	6	356
1931	7	186
1931	8	20
1931	9	810
1931	10	110
1931	11	198
1931	12	86
1932	1	282
1932	2	201
1932	3	436
1932	4	411
1932	5	592
1932	6	357
1932	7	195
1932	8	411
1932	9	10
1932	10	334
1932	11	235
1932	12	250
1933	1	176
1933	2	186
1933	3	208
1933	4	508
1933	5	739
1933	6	312
1933	7	79
1933	8	324
1933	9	411
1933	10	577
1933	11	275
1933	12	348
1934	1	99
1934	2	47
1934	3	644
1934	4	183
1934	5	346
1934	6	624
1934	7	79
1934	8	3
1934	9	280
1934	10	505
1934	11	132
1934	12	149
1935	1	166
1935	2	44
1935	3	346
1935	4	315
1935	5	237
1935	6	465
1935	7	115
1935	8	124
1935	9	46
1935	10	224
1935	11	83
1935	12	73
1936	1	139
1936	2	533
1936	3	94
1936	4	176
1936	5	416
1936	6	610
1936	7	159
1936	8	99
1936	9	258
1936	10	153
1936	11	152
1936	12	226
1937	1	244
1937	2	141
1937	3	190
1937	4	347
1937	5	318
1937	6	356
1937	7	240
1937	8	290
1937	9	225
1937	10	241
1937	11	231
1937	12	423
1938	1	103
1938	2	241
1938	3	359
1938	4	284
1938	5	570
1938	6	503
1938	7	316
1938	8	583
1938	9	178
1938	10	307
1938	11	323
1938	12	69
1939	1	160
1939	2	297
1939	3	328
1939	4	250
1939	5	590
1939	6	652
1939	7	36
1939	8	18
1939	9	256
1939	10	141
1939	11	114
1939	12	414
1940	1	350
1940	2	438
1940	3	276
1940	4	452
1940	5	237
1940	6	380
1940	7	550
1940	8	8
1940	9	304
1940	10	218
1940	11	307
1940	12	87
1941	1	54
1941	2	180
1941	3	173
1941	4	348
1941	5	733
1941	6	972
1941	7	450
1941	8	247
1941	9	479
1941	10	358
1941	11	414
1941	12	156
1942	1	160
1942	2	242
1942	3	132
1942	4	305
1942	5	1300
1942	6	910
1942	7	264
1942	8	64
1942	9	391
1942	10	254
1942	11	346
1942	12	184
1943	1	314
1943	2	170
1943	3	76
1943	4	739
1943	5	572
1943	6	1094
1943	7	175
1943	8	183
1943	9	112
1943	10	407
1943	11	150
1943	12	145
1944	1	0
1944	2	130
1944	3	208
1944	4	281
1944	5	417
1944	6	1091
1944	7	82
1944	8	320
1944	9	389
1944	10	181
1944	11	284
1944	12	279
1945	1	132
1945	2	124
1945	3	218
1945	4	581
1945	5	407
1945	6	604
1945	7	157
1945	8	51
1945	9	544
1945	10	284
1945	11	100
1945	12	500
1946	1	48
1946	2	78
1946	3	424
1946	4	202
1946	5	240
1946	6	806
1946	7	488
1946	8	168
1946	9	170
1946	10	647
1946	11	292
1946	12	246
1947	1	140
1947	2	146
1947	3	216
1947	4	44
1947	5	211
1947	6	1058
1947	7	76
1947	8	801
1947	9	620
1947	10	594
1947	11	702
1947	12	221
1948	1	204
1948	2	186
1948	3	206
1948	4	490
1948	5	1126
1948	6	974
1948	7	745
1948	8	511
1948	9	47
1948	10	69
1948	11	184
1948	12	250
1949	1	213
1949	2	170
1949	3	339
1949	4	142
1949	5	513
1949	6	232
1949	7	194
1949	8	375
1949	9	569
1949	10	194
1949	11	175
1949	12	43
1950	1	440
1950	2	101
1950	3	367
1950	4	168
1950	5	204
1950	6	737
1950	7	476
1950	8	347
1950	9	163
1950	10	386
1950	11	354
1950	12	314
1951	1	112
1951	2	96
1951	3	219
1951	4	798
1951	5	1146
1951	6	539
1951	7	209
1951	8	287
1951	9	347
1951	10	343
1951	11	217
1951	12	499
1952	1	131
1952	2	234
1952	3	165
1952	4	51
1952	5	499
1952	6	661
1952	7	67
1952	8	197
1952	9	269
1952	10	28
1952	11	247
1952	12	68
1953	1	348
1953	2	344
1953	3	211
1953	4	393
1953	5	715
1953	6	621
1953	7	25
1953	8	158
1953	9	109
1953	10	33
1953	11	109
1953	12	62
1954	1	501
1954	2	118
1954	3	202
1954	4	361
1954	5	308
1954	6	783
1954	7	369
1954	8	692
1954	9	344
1954	10	157
1954	11	67
1954	12	43
1955	1	181
1955	2	160
1955	3	259
1955	4	331
1955	5	723
1955	6	438
1955	7	430
1955	8	0
1955	9	251
1955	10	226
1955	11	590
1955	12	511
1956	1	347
1956	2	544
1956	3	254
1956	4	434
1956	5	515
1956	6	848
1956	7	674
1956	8	371
1956	9	295
1956	10	437
1956	11	76
1956	12	201
1957	1	355
1957	2	152
1957	3	313
1957	4	343
1957	5	955
1957	6	657
1957	7	130
1957	8	203
1957	9	87
1957	10	699
1957	11	122
1957	12	168
1958	1	127
1958	2	496
1958	3	113
1958	4	395
1958	5	527
1958	6	699
1958	7	369
1958	8	266
1958	9	377
1958	10	286
1958	11	410
1958	12	517
1959	1	552
1959	2	365
1959	3	122
1959	4	440
1959	5	645
1959	6	645
1959	7	38
1959	8	352
1959	9	1121
1959	10	594
1959	11	473
1959	12	150
1960	1	225
1960	2	161
1960	3	197
1960	4	206
1960	5	659
1960	6	156
1960	7	135
1960	8	448
1960	9	97
1960	10	184
1960	11	317
1960	12	152
1961	1	67
1961	2	102
1961	3	539
1961	4	542
1961	5	1181
1961	6	382
1961	7	132
1961	8	176
1961	9	489
1961	10	371
1961	11	498
1961	12	145
1962	1	430
1962	2	166
1962	3	313
1962	4	224
1962	5	686
1962	6	422
1962	7	91
1962	8	246
1962	9	274
1962	10	477
1962	11	123
1962	12	292
1963	1	824
1963	2	221
1963	3	198
1963	4	203
1963	5	107
1963	6	654
1963	7	103
1963	8	74
1963	9	340
1963	10	214
1963	11	79
1963	12	492
1964	1	143
1964	2	121
1964	3	139
1964	4	390
1964	5	417
1964	6	1150
1964	7	552
1964	8	405
1964	9	185
1964	10	146
1964	11	143
1964	12	648
1965	1	560
1965	2	156
1965	3	252
1965	4	630
1965	5	160
1965	6	482
1965	7	429
1965	8	621
1965	9	589
1965	10	76
1965	11	295
1965	12	140
1966	1	194
1966	2	189
1966	3	150
1966	4	265
1966	5	126
1966	6	1073
1966	7	221
1966	8	430
1966	9	148
1966	10	290
1966	11	595
1966	12	223
1967	1	213
1967	2	15
1967	3	371
1967	4	325
1967	5	691
1967	6	686
1967	7	18
1967	8	0
1967	9	297
1967	10	261
1967	11	184
1967	12	325
1968	1	309
1968	2	151
1968	3	148
1968	4	332
1968	5	321
1968	6	810
1968	7	74
1968	8	966
1968	9	1127
1968	10	271
1968	11	194
1968	12	292
1969	1	602
1969	2	65
1969	3	193
1969	4	229
1969	5	486
1969	6	1279
1969	7	114
1969	8	5
1969	9	184
1969	10	393
1969	11	59
1969	12	250
1970	1	492
1970	2	155
1970	3	454
1970	4	624
1970	5	876
1970	6	746
1970	7	707
1970	8	168
1970	9	315
1970	10	483
1970	11	370
1970	12	158
1971	1	368
1971	2	244
1971	3	120
1971	4	222
1971	5	880
1971	6	685
1971	7	309
1971	8	275
1971	9	158
1971	10	120
1971	11	252
1971	12	397
1972	1	333
1972	2	261
1972	3	453
1972	4	225
1972	5	391
1972	6	383
1972	7	241
1972	8	91
1972	9	458
1972	10	381
1972	11	104
1972	12	322
1973	1	58
1973	2	42
1973	3	64
1973	4	105
1973	5	290
1973	6	779
1973	7	13
1973	8	157
1973	9	338
1973	10	189
1973	11	553
1973	12	445
1974	1	125
1974	2	143
1974	3	359
1974	4	524
1974	5	225
1974	6	386
1974	7	408
1974	8	503
1974	9	251
1974	10	53
1974	11	103
1974	12	85
1975	1	428
1975	2	345
1975	3	317
1975	4	537
1975	5	332
1975	6	358
1975	7	286
1975	8	559
1975	9	194
1975	10	844
1975	11	201
1975	12	164
1976	1	113
1976	2	185
1976	3	189
1976	4	320
1976	5	300
1976	6	783
1976	7	493
1976	8	422
1976	9	146
1976	10	186
1976	11	156
1976	12	57
1977	1	244
1977	2	71
1977	3	301
1977	4	21
1977	5	466
1977	6	179
1977	7	249
1977	8	221
1977	9	567
1977	10	115
1977	11	160
1977	12	640
1978	1	504
1978	2	187
1978	3	267
1978	4	608
1978	5	639
1978	6	585
1978	7	565
1978	8	581
1978	9	533
1978	10	13
1978	11	334
1978	12	288
1979	1	332
1979	2	248
1979	3	301
1979	4	516
1979	5	479
1979	6	59
1979	7	146
1979	8	259
1979	9	64
1979	10	320
1979	11	154
1979	12	272
1980	1	454
1980	2	200
1980	3	249
1980	4	333
1980	5	2081
1980	6	1324
1980	7	315
1980	8	134
1980	9	293
1980	10	376
1980	11	172
1980	12	344
1981	1	245
1981	2	183
1981	3	554
1981	4	305
1981	5	1529
1981	6	1005
1981	7	269
1981	8	219
1981	9	277
1981	10	161
1981	11	384
1981	12	221
1982	1	340
1982	2	906
1982	3	502
1982	4	315
1982	5	617
1982	6	620
1982	7	452
1982	8	193
1982	9	596
1982	10	325
1982	11	167
1982	12	285
1983	1	46
1983	2	129
1983	3	246
1983	4	275
1983	5	663
1983	6	1065
1983	7	942
1983	8	270
1983	9	368
1983	10	230
1983	11	148
1983	12	383
1984	1	213
1984	2	160
1984	3	287
1984	4	789
1984	5	421
1984	6	164
1984	7	69
1984	8	328
1984	9	353
1984	10	371
1984	11	67
1984	12	215
1985	1	77
1985	2	218
1985	3	264
1985	4	217
1985	5	567
1985	6	190
1985	7	0
1985	8	977
1985	9	1002
1985	10	62
1985	11	274
1985	12	102
1986	1	164
1986	2	506
1986	3	87
1986	4	296
1986	5	683
1986	6	894
1986	7	353
1986	8	251
1986	9	867
1986	10	191
1986	11	585
1986	12	190
1987	1	43
1987	2	97
1987	3	628
1987	4	186
1987	5	612
1987	6	486
1987	7	978
1987	8	415
1987	9	124
1987	10	20
1987	11	60
1987	12	227
1988	1	106
1988	2	115
1988	3	143
1988	4	285
1988	5	1149
1988	6	226
1988	7	72
1988	8	61
1988	9	216
1988	10	155
1988	11	286
1988	12	249
1989	1	443
1989	2	304
1989	3	523
1989	4	209
1989	5	549
1989	6	395
1989	7	367
1989	8	766
1989	9	651
1989	10	374
1989	11	417
1989	12	352
1990	1	128
1990	2	120
1990	3	344
1990	4	398
1990	5	859
1990	6	448
1990	7	459
1990	8	400
1990	9	0
1990	10	383
1990	11	265
1990	12	359
1991	1	166
1991	2	120
1991	3	420
1991	4	103
1991	5	679
1991	6	873
1991	7	95
1991	8	257
1991	9	173
1991	10	168
1991	11	326
1991	12	70
1992	1	151
1992	2	87
1992	3	463
1992	4	684
1992	5	406
1992	6	524
1992	7	544
1992	8	350
1992	9	417
1992	10	266
1992	11	228
1992	12	327
1993	1	232
1993	2	290
1993	3	248
1993	4	592
1993	5	547
1993	6	703
1993	7	808
1993	8	540
1993	9	258
1993	10	590
1993	11	256
1993	12	153
1994	1	157
1994	2	145
1994	3	70
1994	4	567
1994	5	505
1994	6	569
1994	7	79
1994	8	28
1994	9	87
1994	10	504
1994	11	173
1994	12	154
1995	1	109
1995	2	103
1995	3	316
1995	4	286
1995	5	544
1995	6	753
1995	7	346
1995	8	423
1995	9	359
1995	10	450
1995	11	329
1995	12	163
1996	1	494
1996	2	105
1996	3	321
1996	4	691
1996	5	872
1996	6	468
1996	7	139
1996	8	68
1996	9	377
1996	10	403
1996	11	515
1996	12	1183
1997	1	257
1997	2	143
1997	3	232
1997	4	368
1997	5	652
1997	6	447
1997	7	482
1997	8	466
1997	9	248
1997	10	359
1997	11	125
1997	12	54
1998	1	107
1998	2	123
1998	3	295
1998	4	404
1998	5	866
1998	6	1058
1998	7	352
1998	8	199
1998	9	251
1998	10	267
1998	11	523
1998	12	175
1999	1	227
1999	2	232
1999	3	93
1999	4	41
1999	5	256
1999	6	570
1999	7	216
1999	8	223
1999	9	84
1999	10	317
1999	11	325
1999	12	84
2000	1	220
2000	2	557
2000	3	153
2000	4	267
2000	5	692
2000	6	138
2000	7	348
2000	8	16
2000	9	599
2000	10	576
2000	11	64
2000	12	209
2001	1	249
2001	2	229
2001	3	246
2001	4	506
2001	5	100
2001	6	1234
2001	7	409
2001	8	3
2001	9	61
2001	10	405
2001	11	100
2001	12	185
2002	1	167
2002	2	256
2002	3	391
2002	4	185
2002	5	855
2002	6	907
2002	7	224
2002	8	239
2002	9	292
2002	10	31
2002	11	176
2002	12	39
2003	1	265
2003	2	155
2003	3	338
2003	4	313
2003	5	688
2003	6	238
2003	7	20
2003	8	100
2003	9	300
2003	10	126
2003	11	242
2003	12	321
2004	1	326
2004	2	87
2004	3	97
2004	4	393
2004	5	970
2004	6	626
2004	7	280
2004	8	608
2004	9	331
2004	10	239
2004	11	37
2004	12	5
2005	1	28
2005	2	15
2005	3	316
2005	4	834
2005	5	502
2005	6	498
2005	7	10
2005	8	48
2005	9	570
2005	10	485
2005	11	285
2005	12	200
2006	1	321
2006	2	231
2006	3	326
2006	4	813
2006	5	236
2006	6	591
2006	7	155
2006	8	53
2006	9	327
2006	10	432
2006	11	267
2006	12	110
2007	1	39
2007	2	360
2007	3	102
2007	4	432
2007	5	647
2007	6	546
2007	7	33
2007	8	78
2007	9	88
2007	10	198
2007	11	176
2007	12	93
2008	1	74
2008	2	64
2008	3	83
2008	4	281
2008	5	526
2008	6	874
2008	7	257
2008	8	752
2008	9	302
2008	10	216
2008	11	279
2008	12	260
2009	1	54
2009	2	160
2009	3	177
2009	4	61
2009	5	334
2009	6	442
2009	7	527
2009	8	360
2009	9	0
2009	10	461
2009	11	127
2009	12	173
2010	1	143
2010	2	88
2010	3	261
2010	4	556
2010	5	735
2010	6	895
2010	7	72
2010	8	1144
2010	9	390
2010	10	374
2010	11	780
2010	12	417
2011	1	262
2011	2	305
2011	3	328
2011	4	654
2011	5	776
2011	6	911
2011	7	291
2011	8	61
2011	9	121
2011	10	534
2011	11	225
2011	12	110
2012	1	204
2012	2	257
2012	3	388
2012	4	454
2012	5	638
2012	6	616
2012	7	177
2012	8	85
2012	9	23
2012	10	466
2012	11	235
2012	12	173
2013	1	159
2013	2	153
2013	3	197
2013	4	482
2013	5	543
2013	6	518
2013	7	36
2013	8	129
2013	9	463
2013	10	195
2013	11	181
2013	12	181
2014	1	202
2014	2	443
2014	3	476
2014	4	411
2014	5	354
2014	6	629
2014	7	94
2014	8	350
2014	9	162
2014	10	328
2014	11	370
2014	12	219
2015	1	182
2015	2	185
2015	3	243
2015	4	208
2015	5	211
2015	6	184
2015	7	253
2015	8	84
2015	9	263
2015	10	128
