1893	1	321
1893	2	640
1893	3	565
1893	4	549
1893	5	301
1893	6	8
1893	7	5
1893	8	1
1893	9	297
1893	10	688
1893	11	813
1893	12	386
1894	1	1384
1894	2	518
1894	3	144
1894	4	551
1894	5	265
1894	6	125
1894	7	31
1894	8	59
1894	9	169
1894	10	510
1894	11	48
1894	12	830
1895	1	1050
1895	2	229
1895	3	198
1895	4	219
1895	5	598
1895	6	20
1895	7	91
1895	8	134
1895	9	561
1895	10	0
1895	11	228
1895	12	916
1896	1	1625
1896	2	331
1896	3	372
1896	4	758
1896	5	1234
1896	6	401
1896	7	71
1896	8	325
1896	9	63
1896	10	300
1896	11	1171
1896	12	820
1897	1	442
1897	2	866
1897	3	1183
1897	4	234
1897	5	356
1897	6	440
1897	7	56
1897	8	25
1897	9	97
1897	10	208
1897	11	708
1897	12	943
1898	1	462
1898	2	539
1898	3	63
1898	4	162
1898	5	588
1898	6	92
1898	7	69
1898	8	147
1898	9	46
1898	10	452
1898	11	825
1898	12	236
1899	1	924
1899	2	541
1899	3	443
1899	4	375
1899	5	512
1899	6	73
1899	7	3
1899	8	281
1899	9	30
1899	10	616
1899	11	610
1899	12	549
1900	1	384
1900	2	353
1900	3	305
1900	4	681
1900	5	535
1900	6	34
1900	7	43
1900	8	84
1900	9	231
1900	10	701
1900	11	249
1900	12	340
1901	1	589
1901	2	842
1901	3	470
1901	4	287
1901	5	373
1901	6	114
1901	7	0
1901	8	38
1901	9	157
1901	10	140
1901	11	353
1901	12	1651
1902	1	447
1902	2	1397
1902	3	328
1902	4	130
1902	5	361
1902	6	236
1902	7	127
1902	8	147
1902	9	51
1902	10	104
1902	11	858
1902	12	1065
1903	1	917
1903	2	208
1903	3	626
1903	4	120
1903	5	185
1903	6	130
1903	7	249
1903	8	302
1903	9	231
1903	10	195
1903	11	1110
1903	12	320
1904	1	442
1904	2	1588
1904	3	1661
1904	4	276
1904	5	41
1904	6	94
1904	7	214
1904	8	76
1904	9	112
1904	10	443
1904	11	168
1904	12	1055
1905	1	668
1905	2	89
1905	3	698
1905	4	148
1905	5	166
1905	6	473
1905	7	0
1905	8	0
1905	9	96
1905	10	42
1905	11	428
1905	12	485
1906	1	1035
1906	2	833
1906	3	779
1906	4	251
1906	5	501
1906	6	251
1906	7	10
1906	8	30
1906	9	176
1906	10	73
1906	11	625
1906	12	1110
1907	1	935
1907	2	617
1907	3	879
1907	4	279
1907	5	53
1907	6	425
1907	7	102
1907	8	152
1907	9	76
1907	10	310
1907	11	419
1907	12	1074
1908	1	307
1908	2	139
1908	3	271
1908	4	210
1908	5	227
1908	6	643
1908	7	89
1908	8	0
1908	9	328
1908	10	422
1908	11	416
1908	12	584
1909	1	1320
1909	2	982
1909	3	143
1909	4	25
1909	5	282
1909	6	66
1909	7	202
1909	8	0
1909	9	172
1909	10	243
1909	11	572
1909	12	932
1910	1	986
1910	2	858
1910	3	242
1910	4	441
1910	5	510
1910	6	20
1910	7	38
1910	8	0
1910	9	91
1910	10	622
1910	11	1440
1910	12	353
1911	1	658
1911	2	213
1911	3	218
1911	4	162
1911	5	475
1911	6	907
1911	7	0
1911	8	0
1911	9	0
1911	10	274
1911	11	435
1911	12	516
1912	1	1080
1912	2	722
1912	3	323
1912	4	387
1912	5	450
1912	6	279
1912	7	165
1912	8	140
1912	9	354
1912	10	277
1912	11	508
1912	12	658
1913	1	1152
1913	2	137
1913	3	604
1913	4	450
1913	5	320
1913	6	795
1913	7	279
1913	8	18
1913	9	69
1913	10	549
1913	11	844
1913	12	588
1914	1	1145
1914	2	300
1914	3	33
1914	4	433
1914	5	210
1914	6	366
1914	7	91
1914	8	0
1914	9	208
1914	10	396
1914	11	8
1914	12	66
1915	1	572
1915	2	811
1915	3	198
1915	4	341
1915	5	1044
1915	6	28
1915	7	386
1915	8	0
1915	9	89
1915	10	61
1915	11	1105
1915	12	1081
1916	1	1809
1916	2	977
1916	3	473
1916	4	187
1916	5	211
1916	6	529
1916	7	264
1916	8	36
1916	9	43
1916	10	214
1916	11	638
1916	12	892
1917	1	527
1917	2	536
1917	3	423
1917	4	609
1917	5	314
1917	6	64
1917	7	0
1917	8	8
1917	9	744
1917	10	0
1917	11	446
1917	12	905
1918	1	582
1918	2	660
1918	3	304
1918	4	310
1918	5	3
1918	6	40
1918	7	450
1918	8	368
1918	9	130
1918	10	588
1918	11	242
1918	12	307
1919	1	638
1919	2	706
1919	3	424
1919	4	311
1919	5	38
1919	6	0
1919	7	0
1919	8	0
1919	9	104
1919	10	298
1919	11	593
1919	12	582
1920	1	150
1920	2	102
1920	3	750
1920	4	386
1920	5	194
1920	6	15
1920	7	3
1920	8	92
1920	9	450
1920	10	639
1920	11	927
1920	12	1042
1921	1	1074
1921	2	696
1921	3	199
1921	4	302
1921	5	729
1921	6	351
1921	7	0
1921	8	76
1921	9	180
1921	10	212
1921	11	1267
1921	12	333
1922	1	373
1922	2	442
1922	3	371
1922	4	429
1922	5	333
1922	6	119
1922	7	110
1922	8	267
1922	9	0
1922	10	133
1922	11	148
1922	12	1703
1923	1	1097
1923	2	102
1923	3	274
1923	4	670
1923	5	664
1923	6	599
1923	7	442
1923	8	33
1923	9	43
1923	10	552
1923	11	196
1923	12	421
1924	1	318
1924	2	541
1924	3	224
1924	4	36
1924	5	18
1924	6	119
1924	7	20
1924	8	185
1924	9	36
1924	10	523
1924	11	559
1924	12	528
1925	1	833
1925	2	859
1925	3	470
1925	4	732
1925	5	323
1925	6	181
1925	7	180
1925	8	241
1925	9	448
1925	10	249
1925	11	435
1925	12	551
1926	1	470
1926	2	962
1926	3	66
1926	4	277
1926	5	347
1926	6	201
1926	7	114
1926	8	574
1926	9	66
1926	10	51
1926	11	2088
1926	12	765
1927	1	679
1927	2	1281
1927	3	293
1927	4	437
1927	5	244
1927	6	361
1927	7	13
1927	8	46
1927	9	232
1927	10	200
1927	11	1492
1927	12	412
1928	1	689
1928	2	172
1928	3	907
1928	4	386
1928	5	0
1928	6	114
1928	7	0
1928	8	8
1928	9	94
1928	10	186
1928	11	357
1928	12	656
1929	1	575
1929	2	344
1929	3	343
1929	4	768
1929	5	94
1929	6	482
1929	7	0
1929	8	0
1929	9	40
1929	10	38
1929	11	0
1929	12	829
1930	1	477
1930	2	788
1930	3	96
1930	4	366
1930	5	255
1930	6	183
1930	7	0
1930	8	153
1930	9	294
1930	10	200
1930	11	583
1930	12	135
1931	1	601
1931	2	433
1931	3	926
1931	4	79
1931	5	21
1931	6	89
1931	7	8
1931	8	0
1931	9	48
1931	10	362
1931	11	834
1931	12	932
1932	1	595
1932	2	244
1932	3	948
1932	4	660
1932	5	471
1932	6	67
1932	7	43
1932	8	21
1932	9	0
1932	10	328
1932	11	496
1932	12	590
1933	1	722
1933	2	557
1933	3	397
1933	4	275
1933	5	347
1933	6	262
1933	7	15
1933	8	25
1933	9	26
1933	10	287
1933	11	85
1933	12	1196
1934	1	557
1934	2	321
1934	3	206
1934	4	94
1934	5	80
1934	6	535
1934	7	5
1934	8	15
1934	9	8
1934	10	450
1934	11	1064
1934	12	548
1935	1	459
1935	2	160
1935	3	371
1935	4	650
1935	5	168
1935	6	203
1935	7	69
1935	8	0
1935	9	36
1935	10	20
1935	11	201
1935	12	638
1936	1	1238
1936	2	797
1936	3	298
1936	4	445
1936	5	57
1936	6	491
1936	7	21
1936	8	10
1936	9	49
1936	10	5
1936	11	0
1936	12	298
1937	1	862
1937	2	747
1937	3	314
1937	4	818
1937	5	93
1937	6	169
1937	7	91
1937	8	0
1937	9	79
1937	10	212
1937	11	1500
1937	12	1037
1938	1	639
1938	2	881
1938	3	1553
1938	4	288
1938	5	128
1938	6	386
1938	7	156
1938	8	38
1938	9	122
1938	10	343
1938	11	571
1938	12	374
1939	1	576
1939	2	551
1939	3	448
1939	4	105
1939	5	89
1939	6	155
1939	7	99
1939	8	13
1939	9	71
1939	10	321
1939	11	38
1939	12	572
1940	1	1043
1940	2	1776
1940	3	1140
1940	4	725
1940	5	41
1940	6	101
1940	7	15
1940	8	0
1940	9	1057
1940	10	980
1940	11	645
1940	12	806
1941	1	874
1941	2	651
1941	3	235
1941	4	427
1941	5	454
1941	6	1058
1941	7	172
1941	8	230
1941	9	196
1941	10	364
1941	11	479
1941	12	1477
1942	1	652
1942	2	816
1942	3	128
1942	4	431
1942	5	1019
1942	6	150
1942	7	25
1942	8	137
1942	9	20
1942	10	338
1942	11	1119
1942	12	1276
1943	1	615
1943	2	340
1943	3	246
1943	4	561
1943	5	211
1943	6	517
1943	7	53
1943	8	28
1943	9	0
1943	10	774
1943	11	302
1943	12	233
1944	1	282
1944	2	721
1944	3	236
1944	4	667
1944	5	79
1944	6	752
1944	7	84
1944	8	0
1944	9	201
1944	10	114
1944	11	1083
1944	12	394
1945	1	389
1945	2	1008
1945	3	666
1945	4	78
1945	5	952
1945	6	413
1945	7	94
1945	8	38
1945	9	451
1945	10	229
1945	11	914
1945	12	1087
1946	1	391
1946	2	651
1946	3	793
1946	4	130
1946	5	257
1946	6	38
1946	7	155
1946	8	89
1946	9	215
1946	10	191
1946	11	1490
1946	12	469
1947	1	278
1947	2	381
1947	3	494
1947	4	188
1947	5	401
1947	6	854
1947	7	0
1947	8	0
1947	9	238
1947	10	828
1947	11	468
1947	12	240
1948	1	566
1948	2	478
1948	3	416
1948	4	626
1948	5	682
1948	6	691
1948	7	0
1948	8	39
1948	9	186
1948	10	135
1948	11	751
1948	12	1082
1949	1	69
1949	2	1697
1949	3	316
1949	4	20
1949	5	455
1949	6	41
1949	7	0
1949	8	10
1949	9	132
1949	10	89
1949	11	953
1949	12	477
1950	1	894
1950	2	566
1950	3	893
1950	4	76
1950	5	213
1950	6	550
1950	7	5
1950	8	0
1950	9	38
1950	10	740
1950	11	361
1950	12	744
1951	1	782
1951	2	594
1951	3	323
1951	4	254
1951	5	188
1951	6	157
1951	7	18
1951	8	183
1951	9	97
1951	10	1014
1951	11	1071
1951	12	1393
1952	1	1838
1952	2	745
1952	3	224
1952	4	147
1952	5	175
1952	6	479
1952	7	147
1952	8	8
1952	9	84
1952	10	8
1952	11	358
1952	12	869
1953	1	1244
1953	2	426
1953	3	348
1953	4	176
1953	5	677
1953	6	383
1953	7	0
1953	8	43
1953	9	0
1953	10	104
1953	11	494
1953	12	545
1954	1	1265
1954	2	392
1954	3	303
1954	4	442
1954	5	237
1954	6	182
1954	7	13
1954	8	90
1954	9	62
1954	10	108
1954	11	412
1954	12	524
1955	1	232
1955	2	280
1955	3	188
1955	4	976
1955	5	177
1955	6	203
1955	7	195
1955	8	0
1955	9	252
1955	10	187
1955	11	828
1955	12	1156
1956	1	1013
1956	2	445
1956	3	221
1956	4	209
1956	5	626
1956	6	1082
1956	7	229
1956	8	190
1956	9	48
1956	10	1436
1956	11	5
1956	12	478
1957	1	659
1957	2	826
1957	3	839
1957	4	485
1957	5	896
1957	6	210
1957	7	0
1957	8	20
1957	9	18
1957	10	408
1957	11	328
1957	12	1228
1958	1	1003
1958	2	788
1958	3	581
1958	4	581
1958	5	412
1958	6	542
1958	7	114
1958	8	20
1958	9	92
1958	10	59
1958	11	328
1958	12	530
1959	1	886
1959	2	493
1959	3	379
1959	4	124
1959	5	318
1959	6	84
1959	7	0
1959	8	150
1959	9	988
1959	10	474
1959	11	226
1959	12	420
1960	1	360
1960	2	680
1960	3	733
1960	4	180
1960	5	707
1960	6	13
1960	7	71
1960	8	320
1960	9	13
1960	10	174
1960	11	1300
1960	12	351
1961	1	483
1961	2	855
1961	3	822
1961	4	105
1961	5	259
1961	6	54
1961	7	114
1961	8	112
1961	9	129
1961	10	596
1961	11	539
1961	12	795
1962	1	209
1962	2	758
1962	3	598
1962	4	211
1962	5	522
1962	6	84
1962	7	18
1962	8	74
1962	9	191
1962	10	1054
1962	11	592
1962	12	647
1963	1	439
1963	2	473
1963	3	259
1963	4	500
1963	5	468
1963	6	272
1963	7	41
1963	8	33
1963	9	130
1963	10	147
1963	11	1115
1963	12	263
1964	1	1270
1964	2	176
1964	3	629
1964	4	271
1964	5	221
1964	6	1206
1964	7	107
1964	8	182
1964	9	254
1964	10	41
1964	11	1066
1964	12	1530
1965	1	1223
1965	2	56
1965	3	97
1965	4	494
1965	5	10
1965	6	451
1965	7	13
1965	8	564
1965	9	71
1965	10	43
1965	11	775
1965	12	154
1966	1	403
1966	2	282
1966	3	574
1966	4	158
1966	5	26
1966	6	175
1966	7	0
1966	8	13
1966	9	111
1966	10	179
1966	11	662
1966	12	1114
1967	1	804
1967	2	182
1967	3	575
1967	4	419
1967	5	386
1967	6	511
1967	7	28
1967	8	10
1967	9	316
1967	10	574
1967	11	399
1967	12	436
1968	1	693
1968	2	1157
1968	3	213
1968	4	193
1968	5	426
1968	6	129
1968	7	0
1968	8	621
1968	9	8
1968	10	326
1968	11	903
1968	12	656
1969	1	1279
1969	2	437
1969	3	120
1969	4	206
1969	5	347
1969	6	637
1969	7	0
1969	8	0
1969	9	241
1969	10	236
1969	11	184
1969	12	1160
1970	1	2338
1970	2	170
1970	3	389
1970	4	249
1970	5	328
1970	6	668
1970	7	69
1970	8	0
1970	9	373
1970	10	458
1970	11	1012
1970	12	1471
1971	1	1335
1971	2	333
1971	3	819
1971	4	188
1971	5	214
1971	6	718
1971	7	0
1971	8	5
1971	9	148
1971	10	251
1971	11	869
1971	12	1040
1972	1	757
1972	2	498
1972	3	523
1972	4	269
1972	5	229
1972	6	326
1972	7	56
1972	8	76
1972	9	158
1972	10	284
1972	11	432
1972	12	958
1973	1	833
1973	2	345
1973	3	526
1973	4	186
1973	5	303
1973	6	13
1973	7	0
1973	8	0
1973	9	264
1973	10	287
1973	11	1839
1973	12	1129
1974	1	959
1974	2	455
1974	3	845
1974	4	242
1974	5	68
1974	6	66
1974	7	221
1974	8	8
1974	9	0
1974	10	153
1974	11	329
1974	12	576
1975	1	734
1975	2	1120
1975	3	996
1975	4	437
1975	5	148
1975	6	470
1975	7	53
1975	8	422
1975	9	0
1975	10	1059
1975	11	463
1975	12	615
1976	1	561
1976	2	596
1976	3	367
1976	4	424
1976	5	117
1976	6	92
1976	7	321
1976	8	549
1976	9	208
1976	10	15
1976	11	5
1976	12	5
1977	1	155
1977	2	167
1977	3	364
1977	4	51
1977	5	565
1977	6	79
1977	7	214
1977	8	169
1977	9	411
1977	10	63
1977	11	813
1977	12	1475
1978	1	920
1978	2	836
1978	3	305
1978	4	849
1978	5	171
1978	6	130
1978	7	139
1978	8	99
1978	9	334
1978	10	0
1978	11	369
1978	12	478
1979	1	432
1979	2	1111
1979	3	305
1979	4	173
1979	5	218
1979	6	140
1979	7	0
1979	8	216
1979	9	28
1979	10	599
1979	11	168
1979	12	615
1980	1	500
1980	2	865
1980	3	368
1980	4	300
1980	5	545
1980	6	283
1980	7	18
1980	8	0
1980	9	675
1980	10	259
1980	11	593
1980	12	1127
1981	1	487
1981	2	707
1981	3	394
1981	4	134
1981	5	322
1981	6	322
1981	7	142
1981	8	8
1981	9	163
1981	10	424
1981	11	1002
1981	12	1130
1982	1	873
1982	2	980
1982	3	432
1982	4	442
1982	5	95
1982	6	220
1982	7	217
1982	8	46
1982	9	214
1982	10	599
1982	11	593
1982	12	1452
1983	1	706
1983	2	1041
1983	3	1297
1983	4	573
1983	5	290
1983	6	146
1983	7	220
1983	8	144
1983	9	88
1983	10	195
1983	11	1070
1983	12	1316
1984	1	290
1984	2	820
1984	3	707
1984	4	553
1984	5	225
1984	6	325
1984	7	69
1984	8	201
1984	9	178
1984	10	408
1984	11	1398
1984	12	727
1985	1	104
1985	2	469
1985	3	419
1985	4	94
1985	5	310
1985	6	111
1985	7	74
1985	8	94
1985	9	777
1985	10	480
1985	11	533
1985	12	358
1986	1	696
1986	2	1133
1986	3	868
1986	4	258
1986	5	316
1986	6	152
1986	7	120
1986	8	18
1986	9	799
1986	10	145
1986	11	410
1986	12	129
1987	1	779
1987	2	392
1987	3	607
1987	4	89
1987	5	472
1987	6	301
1987	7	73
1987	8	59
1987	9	41
1987	10	0
1987	11	542
1987	12	771
1988	1	692
1988	2	213
1988	3	209
1988	4	346
1988	5	295
1988	6	323
1988	7	28
1988	8	25
1988	9	64
1988	10	0
1988	11	1711
1988	12	747
1989	1	914
1989	2	478
1989	3	1048
1989	4	199
1989	5	307
1989	6	131
1989	7	23
1989	8	333
1989	9	498
1989	10	299
1989	11	214
1989	12	48
1990	1	735
1990	2	789
1990	3	464
1990	4	464
1990	5	720
1990	6	82
1990	7	87
1990	8	292
1990	9	0
1990	10	361
1990	11	229
1990	12	187
1991	1	536
1991	2	252
1991	3	758
1991	4	403
1991	5	616
1991	6	178
1991	7	46
1991	8	0
1991	9	132
1991	10	366
1991	11	956
1991	12	366
1992	1	247
1992	2	616
1992	3	76
1992	4	370
1992	5	160
1992	6	467
1992	7	25
1992	8	5
1992	9	31
1992	10	302
1992	11	608
1992	12	1184
1993	1	1033
1993	2	374
1993	3	870
1993	4	623
1993	5	324
1993	6	876
1993	7	180
1993	8	63
1993	9	0
1993	10	193
1993	11	221
1993	12	694
1994	1	622
1994	2	615
1994	3	48
1994	4	537
1994	5	337
1994	6	44
1994	7	36
1994	8	5
1994	9	43
1994	10	226
1994	11	1292
1994	12	739
1995	1	1353
1995	2	367
1995	3	1057
1995	4	413
1995	5	444
1995	6	331
1995	7	249
1995	8	310
1995	9	18
1995	10	239
1995	11	748
1995	12	1312
1996	1	801
1996	2	615
1996	3	267
1996	4	620
1996	5	1094
1996	6	89
1996	7	81
1996	8	11
1996	9	343
1996	10	914
1996	11	847
1996	12	2386
1997	1	1018
1997	2	189
1997	3	423
1997	4	422
1997	5	234
1997	6	428
1997	7	541
1997	8	155
1997	9	111
1997	10	292
1997	11	410
1997	12	472
1998	1	1210
1998	2	660
1998	3	519
1998	4	359
1998	5	1845
1998	6	526
1998	7	109
1998	8	3
1998	9	429
1998	10	10
1998	11	1088
1998	12	832
1999	1	1010
1999	2	2218
1999	3	271
1999	4	79
1999	5	351
1999	6	363
1999	7	5
1999	8	145
1999	9	0
1999	10	211
1999	11	650
1999	12	900
2000	1	742
2000	2	1270
2000	3	449
2000	4	200
2000	5	219
2000	6	215
2000	7	23
2000	8	18
2000	9	191
2000	10	730
2000	11	333
2000	12	440
2001	1	373
2001	2	290
2001	3	402
2001	4	366
2001	5	89
2001	6	343
2001	7	151
2001	8	18
2001	9	139
2001	10	429
2001	11	979
2001	12	1320
2002	1	669
2002	2	297
2002	3	409
2002	4	374
2002	5	25
2002	6	102
2002	7	71
2002	8	240
2002	9	243
2002	10	41
2002	11	222
2002	12	1319
2003	1	894
2003	2	348
2003	3	667
2003	4	651
2003	5	870
2003	6	193
2003	7	89
2003	8	111
2003	9	38
2003	10	43
2003	11	500
2003	12	1396
2004	1	887
2004	2	582
2004	3	298
2004	4	231
2004	5	663
2004	6	523
2004	7	5
2004	8	249
2004	9	153
2004	10	373
2004	11	258
2004	12	930
2005	1	490
2005	2	145
2005	3	749
2005	4	328
2005	5	852
2005	6	426
2005	7	41
2005	8	23
2005	9	51
2005	10	565
2005	11	1089
2005	12	1827
2006	1	1504
2006	2	416
2006	3	1378
2006	4	653
2006	5	130
2006	6	109
2006	7	0
2006	8	79
2006	9	142
2006	10	84
2006	11	982
2006	12	1060
2007	1	38
2007	2	549
2007	3	108
2007	4	241
2007	5	211
2007	6	142
2007	7	0
2007	8	62
2007	9	182
2007	10	539
2007	11	638
2007	12	1076
2008	1	1137
2008	2	544
2008	3	396
2008	4	102
2008	5	227
2008	6	178
2008	7	71
2008	8	33
2008	9	249
2008	10	92
2008	11	413
2008	12	1080
2009	1	232
2009	2	218
2009	3	485
2009	4	140
2009	5	680
2009	6	616
2009	7	89
2009	8	381
2009	9	0
2009	10	595
2009	11	336
2009	12	846
2010	1	1056
2010	2	391
2010	3	315
2010	4	662
2010	5	192
2010	6	843
2010	7	10
2010	8	79
2010	9	13
2010	10	126
2010	11	645
2010	12	1455
2011	1	571
2011	2	399
2011	3	1188
2011	4	302
2011	5	684
2011	6	395
2011	7	43
2011	8	91
2011	9	28
2011	10	652
2011	11	309
2011	12	264
2012	1	1203
2012	2	256
2012	3	912
2012	4	714
2012	5	242
2012	6	180
2012	7	107
2012	8	0
2012	9	3
2012	10	626
2012	11	805
2012	12	1081
2013	1	521
2013	2	254
2013	3	186
2013	4	219
2013	5	265
2013	6	342
2013	7	0
2013	8	46
2013	9	781
2013	10	8
2013	11	363
2013	12	208
2014	1	364
2014	2	760
2014	3	1453
2014	4	493
2014	5	204
2014	6	97
2014	7	8
2014	8	87
2014	9	224
2014	10	380
2014	11	648
2014	12	1255
2015	1	516
2015	2	259
2015	3	351
2015	4	99
2015	5	292
2015	6	133
2015	7	92
2015	8	28
2015	9	243
2015	10	173
