1874	1	1308
1874	2	465
1874	3	622
1874	4	2888
1874	5	886
1874	6	615
1874	7	866
1874	8	564
1874	9	2791
1874	10	803
1874	11	856
1874	12	775
1875	1	1019
1875	2	953
1875	3	1046
1875	4	1184
1875	5	457
1875	6	732
1875	7	1826
1875	8	3030
1875	9	1029
1875	10	864
1875	11	1847
1875	12	1097
1876	1	411
1876	2	1445
1876	3	2685
1876	4	892
1876	5	1201
1876	6	1153
1876	7	1031
1876	8	441
1876	9	1396
1876	10	585
1876	11	1305
1876	12	573
1877	1	680
1877	2	353
1877	3	2036
1877	4	723
1877	5	220
1877	6	890
1877	7	1450
1877	8	962
1877	9	558
1877	10	1924
1877	12	437
1878	1	1789
1878	2	912
1878	3	944
1878	4	460
1878	5	937
1878	6	1063
1878	7	930
1878	8	1437
1878	9	969
1878	10	558
1878	11	1281
1878	12	1468
1879	1	777
1879	2	594
1879	3	1124
1879	4	1350
1879	5	413
1879	6	1496
1879	7	876
1879	8	1998
1879	9	520
1879	10	125
1879	11	630
1879	12	1521
1880	1	836
1880	2	626
1880	3	1342
1880	4	927
1880	5	177
1880	6	406
1880	7	2549
1880	8	1011
1880	9	748
1880	10	891
1880	11	662
1880	12	684
1881	1	1194
1881	2	1442
1881	9	628
1881	10	518
1881	11	784
1881	12	1079
1882	1	1554
1882	2	1042
1882	3	906
1882	4	620
1882	5	1385
1882	6	633
1882	7	716
1882	8	675
1882	9	3253
1882	10	742
1882	11	365
1882	12	580
1883	1	813
1883	2	1109
1883	3	397
1883	4	1241
1883	5	909
1883	6	1051
1883	7	709
1883	8	775
1883	9	917
1883	10	1487
1883	11	406
1883	12	771
1884	1	1613
1884	2	1274
1884	3	1206
1884	4	771
1884	5	1098
1884	6	1160
1884	7	1446
1884	8	2192
1884	9	27
1884	10	1211
1884	11	897
1884	12	1559
1885	1	1029
1885	2	1199
1885	3	210
1885	4	628
1885	5	553
1885	6	339
1885	7	921
1885	8	1865
1885	9	115
1885	10	1170
1885	11	1195
1885	12	848
1886	1	1129
1886	2	1447
1886	3	1132
1886	4	1181
1886	5	1685
1886	6	919
1886	7	1099
1886	8	609
1886	9	258
1886	10	1648
1886	11	1365
1887	8	719
1887	9	691
1887	10	706
1887	11	560
1887	12	1407
1888	1	1463
1888	2	1048
1888	3	1705
1888	4	726
1888	5	1317
1888	6	903
1888	7	753
1888	8	1540
1888	9	2050
1888	10	1390
1888	11	1324
1888	12	979
1889	1	1357
1889	2	761
1889	3	891
1889	4	1376
1889	5	901
1889	6	603
1889	7	2578
1889	8	1295
1889	9	2109
1889	10	1095
1889	11	2558
1889	12	537
1890	1	721
1890	2	1095
1890	3	1716
1890	4	628
1890	5	849
1890	6	1046
1890	7	1150
1890	8	1040
1890	9	1152
1890	10	1971
1890	11	253
1890	12	1028
1891	1	1878
1891	2	1177
1891	3	1029
1891	4	573
1891	5	653
1891	6	641
1891	7	1076
1891	8	1329
1891	9	671
1891	10	932
1891	11	727
1891	12	955
1892	1	1446
1892	2	360
1892	3	1190
1892	4	640
1892	5	1242
1892	6	566
1892	7	1099
1892	8	859
1892	9	335
1892	10	130
1892	11	2111
1892	12	374
1893	1	885
1893	2	1788
1893	3	893
1893	4	1238
1893	5	1091
1893	6	636
1893	7	528
1893	8	1665
1893	9	598
1893	10	1105
1893	11	810
1893	12	1029
1894	1	781
1894	2	1185
1894	3	500
1894	4	779
1894	5	1606
1894	6	576
1894	7	380
1894	8	507
1894	9	2036
1894	10	1684
1894	11	889
1894	12	1227
1895	1	1374
1895	2	272
1895	3	758
1895	4	1248
1895	5	656
1895	6	625
1895	7	1018
1895	8	673
1895	9	190
1895	10	609
1895	11	895
1895	12	820
1896	1	457
1896	2	1985
1896	3	1342
1896	4	443
1896	5	845
1896	6	1001
1896	7	1405
1896	8	390
1896	9	1165
1896	10	476
1896	11	698
1896	12	432
1897	1	835
1897	2	674
1897	3	634
1897	4	926
1897	5	1984
1897	6	761
1897	7	2507
1897	8	1320
1897	9	522
1897	10	601
1897	11	1133
1897	12	1500
1898	1	1621
1898	2	897
1898	3	908
1898	4	1062
1898	5	2071
1898	6	374
1898	7	1145
1898	8	1441
1898	9	465
1898	10	1570
1898	11	1556
1898	12	955
1899	1	1306
1899	2	1191
1899	3	1894
1899	4	511
1899	5	539
1899	6	432
1899	7	1202
1899	8	901
1899	9	1588
1899	10	747
1899	11	491
1899	12	708
1900	1	1261
1900	2	1395
1900	3	783
1900	4	600
1900	5	1465
1900	6	507
1900	7	1144
1900	8	707
1900	9	645
1900	10	971
1900	11	926
1900	12	661
1901	1	681
1901	2	224
1901	3	999
1901	4	1905
1901	5	1408
1901	6	299
1901	7	1656
1901	8	2349
1901	9	640
1901	10	373
1901	11	362
1901	12	2237
1902	1	934
1902	2	1596
1902	3	1055
1902	4	994
1902	5	472
1902	6	1356
1902	7	1036
1902	8	1092
1902	9	1283
1902	10	1765
1902	11	515
1902	12	2001
1903	1	1149
1903	2	1474
1903	3	1020
1903	4	1534
1903	5	183
1903	6	2202
1903	7	1171
1903	8	2145
1903	9	955
1903	10	2306
1903	11	281
1903	12	1091
1904	1	1063
1904	2	677
1904	3	1029
1904	4	1091
1904	5	592
1904	6	697
1904	7	1325
1904	8	1704
1904	9	1312
1904	10	1237
1904	11	511
1904	12	667
1905	1	1179
1905	2	500
1905	3	751
1905	4	708
1905	5	209
1905	6	641
1905	7	985
1905	8	1572
1905	9	1468
1905	10	732
1905	11	441
1905	12	994
1906	1	913
1906	2	639
1906	3	1382
1906	4	1122
1906	5	914
1906	6	918
1906	7	1144
1906	8	947
1906	9	645
1906	10	1227
1906	11	363
1906	12	1197
1907	1	1188
1907	2	637
1907	3	846
1907	4	938
1907	5	1140
1907	6	867
1907	7	595
1907	8	740
1907	9	2216
1907	10	944
1907	11	1567
1907	12	1357
1908	1	1043
1908	2	1097
1908	3	794
1908	4	785
1908	5	1565
1908	6	257
1908	7	1015
1908	8	1650
1908	9	241
1908	10	330
1908	11	231
1908	12	1077
1909	1	912
1909	2	1165
1909	3	1082
1909	4	1584
1909	5	603
1909	6	538
1909	7	262
1909	8	2075
1909	9	790
1909	10	269
1909	11	432
1909	12	1214
1910	1	1352
1910	2	644
1910	3	256
1910	4	1216
1910	5	392
1910	6	1455
1910	7	471
1910	8	958
1910	9	620
1910	10	640
1910	11	1454
1910	12	721
1911	1	951
1911	2	754
1911	3	1141
1911	4	1225
1911	5	38
1911	6	1121
1911	7	688
1911	8	2926
1911	9	736
1911	10	1769
1911	11	1496
1911	12	1133
1912	1	724
1912	2	744
1912	3	2295
1912	4	1121
1912	5	1643
1912	6	284
1912	7	1101
1912	8	773
1912	9	880
1912	10	1766
1912	11	972
1912	12	1395
1913	1	1123
1913	2	636
1913	3	1549
1913	4	2167
1913	5	1067
1913	6	336
1913	7	740
1913	8	2593
1913	9	936
1913	10	2765
1913	11	929
1913	12	1047
1914	1	1522
1914	2	1107
1914	3	1441
1914	4	1136
1914	5	382
1914	6	568
1914	7	1538
1914	8	914
1914	9	54
1914	10	342
1914	11	620
1914	12	1652
1915	1	2216
1915	2	1676
1915	3	419
1915	4	471
1915	5	815
1915	6	724
1915	7	1182
1915	8	2106
1915	9	430
1915	10	725
1915	11	430
1915	12	1239
1916	1	248
1916	2	1190
1916	3	1008
1916	4	887
1916	5	845
1916	6	991
1916	7	869
1916	8	687
1916	9	850
1916	10	226
1916	11	342
1916	12	1446
1917	1	858
1917	2	577
1917	3	1476
1917	4	664
1917	5	1734
1917	6	1814
1917	7	1774
1917	8	1443
1917	9	1319
1917	10	2091
1917	11	120
1917	12	798
1918	1	1384
1918	2	485
1918	3	411
1918	4	1025
1918	5	1054
1918	6	1491
1918	7	3455
1918	8	135
1918	9	1245
1918	10	378
1918	11	765
1918	12	1256
1919	1	1035
1919	2	1645
1919	3	1715
1919	4	1201
1919	5	1384
1919	6	688
1919	7	2417
1919	8	2449
1919	9	575
1919	10	942
1919	11	1152
1919	12	966
1920	1	448
1920	2	1174
1920	3	757
1920	4	1539
1920	5	908
1920	6	2295
1920	7	498
1920	8	1536
1920	9	1442
1920	10	379
1920	11	2008
1920	12	1570
1921	1	674
1921	2	949
1921	3	693
1921	4	1321
1921	5	1059
1921	6	626
1921	7	1408
1921	8	598
1921	9	471
1921	10	84
1921	11	710
1921	12	483
1922	1	899
1922	2	760
1922	3	1160
1922	4	491
1922	5	802
1922	6	1380
1922	7	1106
1922	8	997
1922	9	150
1922	10	184
1922	11	300
1922	12	964
1923	1	1622
1923	2	767
1923	3	995
1923	4	1276
1923	5	376
1923	6	206
1923	7	1319
1923	8	823
1923	9	1100
1923	10	1283
1923	11	514
1923	12	1080
1924	1	1212
1924	2	1446
1924	3	700
1924	4	1622
1924	5	1226
1924	6	706
1924	7	259
1924	8	908
1924	9	765
1924	10	38
1924	11	674
1924	12	553
1925	1	1160
1925	2	358
1925	3	615
1925	4	790
1925	5	528
1925	6	1139
1925	7	1789
1925	8	441
1925	9	739
1925	10	1366
1925	11	922
1925	12	903
1926	1	752
1926	2	1423
1926	3	629
1926	4	579
1926	5	670
1926	6	566
1926	7	1168
1926	8	1599
1926	9	1352
1926	10	1465
1926	11	1149
1926	12	963
1927	1	740
1927	2	981
1927	3	309
1927	4	848
1927	5	881
1927	6	713
1927	7	1512
1927	8	2172
1927	9	898
1927	10	2290
1927	11	1098
1927	12	1255
1928	1	362
1928	2	979
1928	3	783
1928	4	1413
1928	5	691
1928	6	2120
1928	7	1677
1928	8	1190
1928	9	1522
1928	10	153
1928	11	532
1928	12	363
1929	1	1186
1929	2	1044
1929	3	819
1929	4	1993
1929	5	1045
1929	6	729
1929	7	526
1929	8	239
1929	9	771
1929	10	1504
1929	11	880
1929	12	829
1930	1	877
1930	2	885
1930	3	841
1930	4	521
1930	5	596
1930	6	1376
1930	7	1544
1930	8	500
1930	9	404
1930	10	456
1930	11	1049
1930	12	387
1931	1	765
1931	2	600
1931	3	1179
1931	4	674
1931	5	902
1931	6	975
1931	7	521
1931	8	1592
1931	9	363
1931	10	849
1931	11	115
1931	12	704
1932	1	1061
1932	2	518
1932	3	1812
1932	4	1191
1932	5	762
1932	6	997
1932	7	441
1932	8	296
1932	9	488
1932	10	1300
1932	11	2088
1932	12	794
1933	1	511
1933	2	888
1933	3	1598
1933	4	1064
1933	5	1349
1933	6	635
1933	7	642
1933	8	2573
1933	9	1470
1933	10	456
1933	11	285
1933	12	732
1934	1	715
1934	2	1019
1934	3	798
1934	4	869
1934	5	1012
1934	6	818
1934	7	887
1934	8	747
1934	9	1693
1934	10	627
1934	11	814
1934	12	757
1935	1	1408
1935	2	994
1935	3	590
1935	4	696
1935	5	433
1935	6	759
1935	7	1042
1935	8	566
1935	9	1611
1935	10	962
1935	11	1169
1935	12	367
1936	1	1850
1936	2	1095
1936	3	996
1936	4	736
1936	5	481
1936	6	864
1936	7	568
1936	8	801
1936	9	1570
1936	10	830
1936	11	285
1936	12	2254
1937	1	1684
1937	2	562
1937	3	791
1937	4	1123
1937	5	406
1937	6	1021
1937	7	637
1937	8	1660
1937	9	1047
1937	10	2009
1937	11	1221
1937	12	407
1938	1	973
1938	2	642
1938	3	453
1938	4	742
1938	5	1000
1938	6	1624
1938	7	4107
1938	8	1242
1938	9	3001
1938	10	671
1938	11	940
1938	12	588
1939	1	1197
1939	2	1718
1939	3	1431
1939	4	1093
1939	5	54
1939	6	1062
1939	7	179
1939	8	2183
1939	9	529
1939	10	1435
1939	11	406
1939	12	317
1940	1	493
1940	2	1005
1940	3	1247
1940	4	1185
1940	5	1542
1940	6	960
1940	7	620
1940	8	1625
1940	9	633
1940	10	639
1940	11	1393
1940	12	628
1941	1	1343
1941	2	951
1941	3	747
1941	4	574
1941	5	535
1941	6	1100
1941	7	1479
1941	8	591
1941	9	8
1941	10	527
1941	11	689
1941	12	991
1942	1	856
1942	2	633
1942	3	1742
1942	4	376
1942	5	622
1942	6	619
1942	7	3120
1942	8	1376
1942	9	1410
1942	10	621
1942	11	1018
1942	12	1087
1943	1	878
1943	2	511
1943	3	767
1943	4	903
1943	5	679
1943	6	931
1943	7	826
1943	8	445
1943	9	822
1943	10	2422
1943	11	682
1943	12	420
1944	1	1102
1944	2	711
1944	3	1569
1944	4	1853
1944	5	333
1944	6	1463
1944	7	56
1944	8	1172
1944	9	2828
1944	10	897
1944	11	1881
1944	12	747
1945	1	956
1945	2	787
1945	3	538
1945	4	687
1945	5	1199
1945	6	1762
1945	7	2097
1945	8	1041
1945	9	785
1945	10	727
1945	11	1676
1945	12	1364
1946	1	578
1946	2	590
1946	3	642
1946	4	398
1946	5	1190
1946	6	1380
1946	7	836
1946	8	1359
1946	9	1087
1946	10	270
1946	11	268
1946	12	794
1947	1	1008
1947	2	838
1947	3	592
1947	4	1074
1947	5	1240
1947	6	593
1947	7	1338
1947	8	675
1947	9	567
1947	10	1020
1947	11	2317
1947	12	1343
1948	1	1412
1948	2	715
1948	3	1072
1948	4	906
1948	5	2307
1948	6	1546
1948	7	1396
1948	8	1376
1948	9	211
1948	10	662
1948	11	1189
1948	12	1650
1949	1	1528
1949	2	1409
1949	3	693
1949	4	983
1949	5	963
1949	6	11
1949	7	1043
1949	8	1072
1949	9	941
1949	10	432
1949	11	402
1949	12	432
1950	1	460
1950	2	1240
1950	3	982
1950	4	476
1950	5	708
1950	6	457
1950	7	1186
1950	8	2274
1950	9	764
1950	10	442
1950	11	1143
1950	12	1012
1951	1	909
1951	2	1510
1951	3	1146
1951	4	606
1951	5	1014
1951	6	705
1951	7	810
1951	8	600
1951	9	321
1951	10	1327
1951	11	1847
1951	12	1462
1952	1	1622
1952	2	645
1952	3	1670
1952	4	1502
1952	5	2049
1952	6	500
1952	7	336
1952	8	2787
1952	9	578
1952	10	174
1952	11	643
1952	12	1328
1953	1	1194
1953	2	723
1953	3	1952
1953	4	1275
1953	5	1229
1953	6	757
1953	7	1293
1953	8	1170
1953	9	303
1953	10	685
1953	11	758
1953	12	1273
1954	1	330
1954	2	382
1954	3	954
1954	4	736
1954	5	800
1954	6	374
1954	7	403
1954	8	2280
1954	9	2071
1954	10	527
1954	11	1262
1954	12	933
1955	1	163
1955	2	752
1955	3	1256
1955	4	728
1955	5	350
1955	6	903
1955	7	144
1955	8	2714
1955	9	352
1955	10	1730
1955	11	569
1955	12	86
1956	1	591
1956	2	1706
1956	3	1203
1956	4	961
1956	5	935
1956	6	753
1956	7	1123
1956	8	671
1956	9	683
1956	10	1504
1956	11	572
1956	12	1105
1957	1	449
1957	2	719
1957	3	1070
1957	4	1435
1957	5	255
1957	6	364
1957	7	214
1957	8	716
1957	9	702
1957	10	1086
1957	11	1129
1957	12	1547
1958	1	1213
1958	2	1235
1958	3	1451
1958	4	1478
1958	5	1463
1958	6	593
1958	7	907
1958	8	1298
1958	9	738
1958	10	1856
1958	11	603
1958	12	506
1959	1	400
1959	2	434
1959	3	1315
1959	4	642
1959	5	357
1959	6	791
1959	7	2047
1959	8	1409
1959	9	342
1959	10	976
1959	11	1047
1959	12	1090
1960	1	1043
1960	2	1439
1960	3	1060
1960	4	701
1960	5	470
1960	6	677
1960	7	2091
1960	8	1829
1960	9	1961
1960	10	655
1960	11	668
1960	12	920
1961	1	859
1961	2	889
1961	3	1697
1961	4	1271
1961	5	1181
1961	6	626
1961	7	2311
1961	8	816
1961	9	774
1961	10	923
1961	11	557
1961	12	995
1962	1	789
1962	2	1255
1962	3	1141
1962	4	840
1962	5	270
1962	6	1195
1962	7	609
1962	8	1895
1962	9	1141
1962	10	553
1962	11	1540
1962	12	691
1963	1	760
1963	2	681
1963	3	1249
1963	4	244
1963	5	1176
1963	6	120
1963	7	646
1963	8	529
1963	9	1409
1963	10	28
1963	11	1728
1963	12	534
1964	1	1111
1964	2	1077
1964	3	494
1964	4	1637
1964	5	125
1964	6	669
1964	7	1598
1964	8	64
1964	9	1136
1964	10	508
1964	11	569
1964	12	1233
1965	1	1343
1965	2	871
1965	3	1016
1965	4	687
1965	5	421
1965	6	599
1965	7	1103
1965	8	541
1965	9	321
1965	10	318
1965	11	404
1965	12	417
1966	1	1042
1966	2	1245
1966	3	276
1966	4	646
1966	5	1088
1966	6	165
1966	7	266
1966	8	852
1966	9	2465
1966	10	1319
1966	11	553
1966	12	965
1967	1	430
1967	2	880
1967	3	1572
1967	4	786
1967	5	1436
1967	6	666
1967	7	1116
1967	8	1686
1967	9	275
1967	10	588
1967	11	468
1967	12	1526
1968	1	579
1968	2	274
1968	3	1571
1968	4	419
1968	5	1292
1968	6	1834
1968	7	403
1968	8	1311
1968	9	378
1968	10	737
1968	11	1823
1968	12	958
1969	1	341
1969	2	823
1969	3	722
1969	4	712
1969	5	734
1969	6	1284
1969	7	2062
1969	8	1030
1969	9	823
1969	10	529
1969	11	1063
1969	12	2138
1970	1	364
1970	2	941
1970	3	1302
1970	4	1291
1970	5	459
1970	6	948
1970	7	549
1970	8	1636
1970	9	414
1970	10	487
1970	11	1296
1970	12	816
1971	1	689
1971	2	1401
1971	3	930
1971	4	712
1971	5	1097
1971	6	289
1971	7	1105
1971	8	1264
1971	9	1400
1971	10	1451
1971	11	1254
1971	12	422
1972	1	602
1972	2	1193
1972	3	1238
1972	4	869
1972	5	1427
1972	6	1621
1972	7	1319
1972	8	338
1972	9	661
1972	10	1605
1972	11	2523
1972	12	1441
1973	1	1192
1973	2	903
1973	3	1238
1973	4	2001
1973	5	1337
1973	6	1191
1973	7	540
1973	8	922
1973	9	887
1973	10	1204
1973	11	250
1973	12	1758
1974	1	965
1974	2	855
1974	3	1180
1974	4	749
1974	5	744
1974	6	965
1974	7	406
1974	8	1923
1974	9	1652
1974	10	603
1974	11	348
1974	12	2665
1975	1	1417
1975	2	782
1975	3	876
1975	4	1110
1975	5	1176
1975	6	1722
1975	7	1335
1975	8	963
1975	9	1851
1975	10	817
1975	11	759
1975	12	722
1976	1	1327
1976	2	737
1976	3	731
1976	4	482
1976	5	1275
1976	6	374
1976	7	748
1976	8	1951
1976	9	326
1976	10	1597
1976	11	112
1976	12	604
1977	1	885
1977	2	485
1977	3	1128
1977	4	708
1977	5	230
1977	6	863
1977	7	681
1977	8	1706
1977	9	979
1977	10	1142
1977	11	2421
1977	12	1695
1978	1	1770
1978	2	670
1978	3	871
1978	4	592
1978	5	1777
1978	6	671
1978	7	1846
1978	8	1870
1978	9	880
1978	10	612
1978	11	619
1978	12	1543
1979	1	2037
1979	2	1412
1979	3	1140
1979	4	1039
1979	5	2396
1979	6	941
1979	7	535
1979	8	1809
1979	9	1474
1979	10	1017
1979	11	853
1979	12	624
1980	1	650
1980	2	251
1980	3	1553
1980	4	1999
1980	5	763
1980	6	620
1980	7	1015
1980	8	374
1980	9	492
1980	10	693
1980	11	1363
1980	12	315
1981	1	89
1981	2	970
1981	3	424
1981	4	1281
1981	5	670
1981	6	1259
1981	7	889
1981	8	495
1981	9	657
1981	10	1085
1981	11	526
1981	12	1121
1982	1	1379
1982	2	628
1982	3	590
1982	4	1204
1982	5	750
1982	6	1354
1982	7	1281
1982	8	455
1982	9	402
1982	10	660
1982	11	861
1982	12	932
1983	1	841
1983	2	1123
1983	3	2153
1983	4	2494
1983	5	860
1983	6	765
1983	7	686
1983	8	1076
1983	9	674
1983	10	1573
1983	11	1430
1983	12	1493
1984	1	348
1984	2	1469
1984	3	1708
1984	4	1492
1984	5	2083
1984	6	861
1984	7	2714
1984	8	376
1984	9	1088
1984	10	766
1984	11	566
1984	12	756
1985	1	272
1985	2	699
1985	3	384
1985	4	309
1985	5	867
1985	6	1270
1985	7	801
1985	8	882
1985	9	806
1985	10	247
1985	11	1803
1985	12	424
1986	1	901
1986	2	533
1986	3	566
1986	4	1114
1986	5	353
1986	6	383
1986	7	2020
1986	8	1073
1986	9	897
1986	10	687
1986	11	1837
1986	12	1615
1987	1	1911
1987	2	402
1987	3	652
1987	4	1365
1987	5	517
1987	6	1133
1987	7	1423
1987	8	1210
1987	9	1101
1987	10	805
1987	11	1056
1987	12	752
1988	1	548
1988	2	1013
1988	3	696
1988	4	316
1988	5	1292
1988	6	246
1988	7	390
1988	8	372
1988	9	460
1988	10	1211
1988	11	1500
1988	12	81
1989	1	557
1989	2	916
1989	3	1168
1989	4	1271
1989	5	2333
1989	6	1188
1989	7	2386
1989	8	2326
1989	9	1286
1989	10	1405
1989	11	1073
1989	12	79
1990	1	1324
1990	2	554
1990	3	766
1990	4	1210
1990	5	2467
1990	6	460
1990	7	1290
1990	8	2109
1990	9	617
1990	10	1130
1990	11	434
1990	12	1174
1991	1	1649
1991	2	307
1991	3	1144
1991	4	1145
1991	5	693
1991	6	324
1991	7	1093
1991	8	1587
1991	9	1029
1991	10	403
1991	11	539
1991	12	1065
1992	1	404
1992	2	493
1992	3	1027
1992	4	409
1992	5	638
1992	6	1158
1992	7	744
1992	8	2997
1992	9	650
1992	10	377
1992	11	1129
1992	12	1250
1993	1	627
1993	2	755
1993	3	1751
1993	4	991
1993	5	262
1993	6	447
1993	7	1182
1993	8	1236
1993	9	2288
1993	10	1219
1993	11	348
1993	12	847
1994	1	1227
1994	2	879
1994	3	1008
1994	4	536
1994	5	1040
1994	6	705
1994	7	1382
1994	8	2414
1994	9	601
1994	10	200
1994	11	1088
1994	12	612
1995	1	822
1995	2	708
1995	3	416
1995	4	278
1995	5	968
1995	6	447
1995	7	715
1995	8	328
1995	9	972
1995	10	1783
1995	11	1459
1995	12	737
1996	1	1133
1996	2	848
1996	3	944
1996	4	1210
1996	5	795
1996	6	1214
1996	7	1153
1996	8	1399
1996	9	1447
1996	10	1530
1996	11	648
1996	12	1692
1997	1	597
1997	2	674
1997	3	776
1997	4	895
1997	5	992
1997	6	628
1997	7	1195
1997	8	1190
1997	9	639
1997	10	874
1997	11	1019
1997	12	1073
1998	1	1456
1998	2	1617
1998	3	1575
1998	4	1529
1998	5	2042
1998	6	1211
1998	7	891
1998	8	689
1998	9	676
1998	10	390
1998	11	355
1998	12	313
1999	1	2192
1999	2	550
1999	3	1373
1999	4	685
1999	5	984
1999	6	300
1999	7	193
1999	8	1157
1999	9	1509
1999	10	1015
1999	11	613
1999	12	656
2000	1	879
2000	2	369
2000	3	797
2000	4	1148
2000	5	1289
2000	6	926
2000	7	2045
2000	8	1241
2000	9	1605
2000	10	240
2000	11	766
2000	12	656
2001	1	883
2001	2	529
2001	3	1715
2001	4	428
2001	5	406
2001	6	1209
2001	7	698
2001	8	953
2001	9	494
2001	10	233
2001	11	209
2001	12	537
2002	1	666
2002	2	172
2002	3	1185
2002	4	1135
2002	5	891
2002	6	1202
2002	7	336
2002	8	1647
2002	9	1033
2002	10	1941
2002	11	1578
2002	12	1804
2003	1	765
2003	2	1487
2003	3	946
2003	4	1180
2003	5	1106
2003	6	1942
2003	7	868
2003	8	1207
2003	9	1205
2003	10	1176
2003	11	981
2003	12	1466
2004	1	609
2004	2	664
2004	3	831
2004	4	1770
2004	5	421
2004	6	493
2004	7	1610
2004	8	1950
2004	9	1049
2004	10	918
2004	11	1027
2004	12	1010
2005	1	1090
2005	2	565
2005	3	1152
2005	4	845
2005	5	974
2005	6	777
2005	7	1532
2005	8	232
2005	9	130
2005	10	3617
2005	11	1042
2005	12	980
2006	1	1545
2006	2	219
2006	3	318
2006	4	1103
2006	5	1010
2006	6	1544
2006	7	860
2006	8	1120
2006	9	1743
2006	10	1113
2006	11	1640
2006	12	644
2007	1	970
2007	2	353
2007	3	1042
2007	4	2332
2007	5	493
2007	6	1107
2007	7	1186
2007	8	1167
2007	9	296
2007	10	1202
2007	11	640
2007	12	1420
2008	1	546
2008	2	1227
2008	3	1041
2008	4	565
2008	5	999
2008	6	820
2008	7	1069
2008	8	1026
2008	9	1780
2008	10	744
2008	11	920
2008	12	1669
2009	1	827
2009	2	229
2009	3	480
2009	4	1203
2009	5	1173
2009	6	1726
2009	7	1105
2009	8	1904
2009	9	713
2009	10	1339
2009	11	494
2009	12	1961
2010	1	768
2010	2	1369
2010	3	2556
2010	4	698
2010	5	636
2010	6	566
2010	7	610
2010	8	566
2010	9	731
2010	10	1280
2010	11	554
2010	12	944
2011	1	879
2011	2	735
2011	3	1313
2011	4	1506
2011	5	1035
2011	6	780
2011	7	1009
2011	8	5255
2011	9	1851
2011	10	1564
2011	11	838
2011	12	1029
2012	1	573
2012	2	249
2012	3	621
2012	4	851
2012	5	1614
2012	6	1582
2012	7	562
2012	8	1497
2012	9	1562
2012	10	674
2012	11	335
2012	12	1811
2013	1	701
2013	2	997
2013	3	918
2013	4	834
2013	5	1198
2013	6	3066
2013	7	788
2013	8	1801
2013	9	355
2013	10	241
2013	11	755
2013	12	1464
2014	1	1024
2014	2	1541
2014	3	1024
2014	4	1845
2014	5	952
2014	6	852
2014	7	1611
2014	8	1759
2014	9	618
2014	10	1618
2014	11	1408
2014	12	1999
2015	1	1512
2015	2	744
2015	3	1432
2015	4	455
2015	5	440
2015	6	1758
2015	7	531
2015	8	650
2015	9	792
2015	10	638
