1892	12	32
1893	1	32
1893	2	78
1893	3	272
1893	4	0
1893	5	78
1893	6	0
1893	7	579
1893	8	730
1893	9	188
1893	10	9
1893	11	31
1893	12	41
1894	1	49
1894	2	126
1894	3	163
1894	4	0
1894	5	40
1894	6	5
1894	7	629
1894	8	813
1894	9	121
1894	10	187
1894	11	0
1894	12	359
1895	1	77
1895	2	25
1895	3	7
1895	4	0
1895	5	36
1895	6	33
1895	7	308
1895	8	831
1895	9	278
1895	10	150
1895	11	425
1895	12	80
1896	1	50
1896	2	58
1896	3	46
1896	4	9
1896	5	2
1896	6	99
1896	7	865
1896	8	514
1896	9	306
1896	10	1001
1896	11	32
1896	12	72
1897	1	237
1897	2	27
1897	3	58
1897	4	10
1897	5	14
1897	6	27
1897	7	761
1897	8	638
1897	9	565
1897	10	115
1897	11	0
1897	12	47
1898	1	201
1898	2	9
1898	3	87
1898	4	71
1898	5	12
1898	6	180
1898	7	1018
1898	8	962
1898	9	185
1898	10	0
1898	11	73
1898	12	265
1899	1	66
1899	2	32
1899	3	32
1899	4	53
1899	5	0
1899	6	161
1899	7	631
1899	8	410
1899	9	362
1899	10	157
1899	11	40
1899	12	5
1900	1	43
1900	2	100
1900	3	66
1900	4	37
1900	5	8
1900	6	14
1900	7	277
1900	8	490
1900	9	463
1900	10	24
1900	11	95
1900	12	5
1901	1	251
1901	2	154
1901	3	84
1901	4	14
1901	5	74
1901	6	0
1901	7	690
1901	8	956
1901	9	120
1901	10	378
1901	11	42
1901	12	17
1902	1	55
1902	2	13
1902	3	107
1902	4	0
1902	5	4
1902	6	72
1902	7	138
1902	8	878
1902	9	218
1902	10	23
1902	11	139
1902	12	200
1903	1	6
1903	2	120
1903	3	202
1903	4	0
1903	5	51
1903	6	310
1903	7	460
1903	8	492
1903	9	283
1903	10	0
1903	11	0
1903	12	0
1904	1	5
1904	2	25
1904	3	0
1904	4	0
1904	5	130
1904	6	23
1904	7	782
1904	8	427
1904	9	233
1904	10	378
1904	11	0
1904	12	277
1905	1	203
1905	2	685
1905	3	698
1905	4	486
1905	5	0
1905	6	317
1905	7	442
1905	8	831
1905	9	473
1905	10	254
1905	11	694
1905	12	178
1906	1	81
1906	2	272
1906	3	229
1906	4	38
1906	5	0
1906	6	58
1906	7	437
1906	8	1220
1906	9	226
1906	10	79
1906	11	94
1906	12	600
1907	1	493
1907	2	79
1907	3	94
1907	4	53
1907	5	252
1907	6	0
1907	7	677
1907	8	945
1907	9	381
1907	10	160
1907	11	614
1907	12	0
1908	1	127
1908	2	203
1908	3	101
1908	4	21
1908	5	33
1908	6	8
1908	7	951
1908	8	539
1908	9	229
1908	10	13
1908	11	134
1908	12	296
1909	1	5
1909	2	79
1909	3	262
1909	4	0
1909	5	0
1909	6	74
1909	7	890
1909	8	1026
1909	9	167
1909	10	28
1909	11	5
1909	12	252
1910	1	51
1910	2	51
1910	3	25
1910	4	5
1910	5	5
1910	6	272
1910	7	639
1910	8	1137
1910	9	216
1910	10	46
1910	11	167
1910	12	5
1911	1	249
1911	2	415
1911	3	64
1911	4	157
1911	5	0
1911	6	266
1911	7	736
1911	8	582
1911	9	319
1911	10	730
1911	11	142
1911	12	312
1912	1	15
1912	2	119
1912	3	437
1912	4	24
1912	5	0
1912	6	307
1912	7	590
1912	8	1062
1912	9	208
1912	10	178
1912	11	43
1912	12	244
1913	1	285
1913	2	882
1913	3	51
1913	4	20
1913	5	48
1913	6	33
1913	7	841
1913	8	580
1913	9	145
1913	10	0
1913	11	1077
1913	12	267
1914	1	122
1914	2	165
1914	3	105
1914	4	0
1914	5	204
1914	6	63
1914	7	1322
1914	8	1574
1914	9	54
1914	10	706
1914	11	275
1914	12	1448
1915	1	397
1915	2	108
1915	3	280
1915	4	97
1915	5	0
1915	6	0
1915	7	1063
1915	8	390
1915	9	119
1915	10	0
1915	11	122
1915	12	240
1916	1	810
1916	2	26
1916	3	59
1916	4	51
1916	5	315
1916	6	0
1916	7	1094
1916	8	481
1916	9	100
1916	10	206
1916	11	0
1916	12	30
1917	1	452
1917	2	94
1917	3	0
1917	4	0
1917	5	76
1917	6	25
1917	7	1024
1917	8	540
1917	9	732
1917	10	0
1917	11	0
1917	12	0
1918	1	304
1918	2	266
1918	3	36
1918	4	0
1918	5	51
1918	6	419
1918	7	322
1918	8	430
1918	9	112
1918	10	46
1918	11	132
1918	12	178
1919	1	96
1919	2	142
1919	3	18
1919	4	460
1919	5	100
1919	6	142
1919	7	2145
1919	8	829
1919	9	593
1919	10	357
1919	11	1108
1919	12	3
1920	1	294
1920	2	42
1920	3	97
1920	4	29
1920	5	5
1920	6	113
1920	7	134
1920	8	634
1920	9	145
1920	10	267
1920	11	23
1920	12	3
1921	1	30
1921	2	219
1921	3	48
1921	4	0
1921	5	0
1921	6	13
1921	7	1149
1921	8	482
1921	9	160
1921	10	120
1921	11	94
1921	12	49
1922	1	89
1922	2	0
1922	3	119
1922	4	33
1922	5	25
1922	6	78
1922	7	1599
1922	8	526
1922	9	186
1922	10	0
1922	11	212
1922	12	71
1923	1	13
1923	2	235
1923	3	3
1923	4	102
1923	5	0
1923	6	25
1923	7	732
1923	8	547
1923	9	146
1923	10	38
1923	11	590
1923	12	617
1924	1	50
1924	2	18
1924	3	355
1924	4	23
1924	5	0
1924	6	0
1924	7	374
1924	8	245
1924	9	175
1924	10	10
1924	11	3
1924	12	49
1925	1	8
1925	2	8
1925	3	30
1925	4	5
1925	5	62
1925	6	725
1925	7	529
1925	8	345
1925	9	341
1925	10	204
1925	11	104
1925	12	155
1926	1	244
1926	2	148
1926	3	424
1926	4	264
1926	5	104
1926	6	8
1926	7	830
1926	8	279
1926	9	1837
1926	10	300
1926	11	20
1926	12	337
1927	1	0
1927	2	54
1927	3	83
1927	4	155
1927	5	13
1927	6	181
1927	7	766
1927	8	944
1927	9	538
1927	10	183
1927	11	28
1927	12	211
1928	1	0
1928	2	249
1928	3	0
1928	4	8
1928	5	153
1928	6	0
1928	7	615
1928	8	910
1928	9	104
1928	10	996
1928	11	66
1928	12	114
1929	1	67
1929	2	94
1929	3	36
1929	4	0
1929	5	21
1929	6	0
1929	7	1641
1929	8	964
1929	9	874
1929	10	61
1929	11	56
1929	12	175
1930	1	51
1930	2	64
1930	3	232
1930	4	21
1930	5	20
1930	6	76
1930	7	1469
1930	8	881
1930	9	191
1930	10	155
1930	11	168
1930	12	285
1931	1	66
1931	2	821
1931	3	21
1931	4	239
1931	5	13
1931	6	64
1931	7	364
1931	8	1488
1931	9	531
1931	10	354
1931	11	292
1931	12	110
1932	1	188
1932	2	232
1932	3	13
1932	4	13
1932	5	0
1932	6	58
1932	7	1121
1932	8	1098
1932	9	123
1932	10	195
1932	11	0
1932	12	487
1933	1	363
1933	2	404
1933	3	0
1933	4	0
1933	5	0
1933	6	323
1933	7	669
1933	8	294
1933	9	610
1933	10	295
1933	11	249
1933	12	0
1934	1	55
1934	2	68
1934	3	43
1934	4	30
1934	5	155
1934	6	28
1934	7	965
1934	8	1052
1934	9	200
1934	10	54
1934	11	125
1934	12	517
1935	1	44
1935	2	263
1935	3	40
1935	4	0
1935	5	101
1935	6	13
1935	7	132
1935	8	1150
1935	9	275
1935	10	0
1935	11	227
1935	12	163
1936	1	61
1936	2	10
1936	3	102
1936	4	0
1936	5	0
1936	6	24
1936	7	179
1936	8	199
1936	9	250
1936	10	69
1936	11	212
1936	12	110
1937	1	125
1937	2	18
1937	3	20
1937	4	0
1937	5	0
1937	6	66
1937	7	726
1937	8	744
1937	9	312
1937	10	492
1937	11	0
1937	12	460
1938	1	158
1938	2	117
1938	3	74
1938	4	30
1938	5	0
1938	6	188
1938	7	357
1938	8	985
1938	9	181
1938	10	3
1938	11	0
1938	12	547
1939	1	140
1939	2	272
1939	3	3
1939	4	30
1939	5	0
1939	6	0
1939	7	1244
1939	8	221
1939	9	206
1939	10	244
1939	11	480
1939	12	58
1940	1	134
1940	2	279
1940	3	13
1940	4	33
1940	5	213
1940	6	1041
1940	7	483
1940	8	271
1940	9	642
1940	10	11
1940	11	33
1940	12	253
1941	1	218
1941	2	358
1941	3	239
1941	4	180
1941	5	97
1941	6	0
1941	7	775
1941	8	812
1941	9	795
1941	10	122
1941	11	23
1941	12	120
1942	1	117
1942	2	180
1942	3	26
1942	4	323
1942	5	0
1942	6	0
1942	7	733
1942	8	753
1942	9	507
1942	10	150
1942	11	0
1942	12	188
1943	1	61
1943	2	0
1943	3	175
1943	4	0
1943	5	0
1943	6	477
1943	7	785
1943	8	1016
1943	9	295
1943	10	30
1943	11	25
1943	12	175
1944	1	277
1944	2	101
1944	3	323
1944	4	33
1944	5	0
1944	6	10
1944	7	454
1944	8	1241
1944	9	148
1944	10	554
1944	11	283
1944	12	140
1945	1	166
1945	2	23
1945	3	538
1945	4	0
1945	5	0
1945	6	0
1945	7	591
1945	8	793
1945	9	107
1945	10	569
1945	11	0
1945	12	0
1946	1	587
1946	2	0
1946	3	45
1946	4	64
1946	5	3
1946	6	23
1946	7	685
1946	8	1242
1946	9	311
1946	10	178
1946	11	3
1946	12	141
1947	1	108
1947	2	10
1947	3	41
1947	4	25
1947	5	46
1947	6	196
1947	7	799
1947	8	471
1947	9	193
1947	10	0
1947	11	211
1947	12	46
1948	1	0
1948	2	277
1948	3	23
1948	4	0
1948	5	0
1948	6	10
1948	7	744
1948	8	827
1948	9	257
1948	10	143
1948	11	0
1948	12	266
1949	1	614
1949	2	251
1949	3	0
1949	4	5
1949	5	0
1949	6	0
1949	7	1638
1949	8	353
1949	9	661
1949	10	98
1949	11	0
1949	12	188
1950	1	104
1950	2	112
1950	3	28
1950	4	3
1950	5	0
1950	6	199
1950	7	2327
1950	8	331
1950	9	153
1950	10	94
1950	11	0
1950	12	0
1951	1	160
1951	2	8
1951	3	99
1951	4	208
1951	5	117
1951	6	0
1951	7	383
1951	8	668
1951	9	20
1951	10	287
1951	11	145
1951	12	84
1952	1	104
1952	2	21
1952	3	206
1952	4	198
1952	5	49
1952	6	447
1952	7	485
1952	8	346
1952	9	71
1952	10	0
1952	11	109
1952	12	224
1953	1	0
1953	2	168
1953	3	304
1953	4	11
1953	5	8
1953	6	0
1953	7	1048
1953	8	150
1953	9	0
1953	10	8
1953	11	15
1953	12	5
1954	1	203
1954	2	53
1954	3	109
1954	4	0
1954	5	66
1954	6	89
1954	7	1012
1954	8	1083
1954	9	77
1954	10	297
1954	11	0
1954	12	0
1955	1	356
1955	2	11
1955	3	226
1955	4	0
1955	5	0
1955	6	69
1955	7	1039
1955	8	1224
1955	9	36
1955	10	51
1955	11	20
1955	12	20
1956	1	160
1956	2	88
1956	3	0
1956	4	3
1956	5	3
1956	6	112
1956	7	449
1956	8	585
1956	9	0
1956	10	11
1956	11	23
1956	12	43
1957	1	193
1957	2	8
1957	3	255
1957	4	20
1957	5	13
1957	6	26
1957	7	1055
1957	8	643
1957	9	163
1957	10	196
1957	11	0
1957	12	59
1958	1	0
1958	2	223
1958	3	495
1958	4	31
1958	5	19
1958	6	89
1958	7	956
1958	8	733
1958	9	836
1958	10	353
1958	11	94
1958	12	0
1959	1	0
1959	2	74
1959	3	0
1959	4	147
1959	5	0
1959	6	417
1959	7	660
1959	8	1848
1959	9	10
1959	10	54
1959	11	399
1959	12	18
1960	1	690
1960	2	28
1960	3	56
1960	4	0
1960	5	0
1960	6	5
1960	7	645
1960	8	1004
1960	9	360
1960	10	231
1960	11	5
1960	12	36
1961	1	54
1961	2	10
1961	3	3
1961	4	0
1961	5	0
1961	6	303
1961	7	916
1961	8	682
1961	9	331
1961	10	274
1961	11	168
1961	12	353
1962	1	334
1962	2	13
1962	3	151
1962	4	58
1962	5	0
1962	6	81
1962	7	587
1962	8	13
1962	9	356
1962	10	36
1962	11	162
1962	12	355
1963	1	54
1963	2	51
1963	3	21
1963	4	16
1963	5	3
1963	6	10
1963	7	663
1963	8	559
1963	9	564
1963	10	109
1963	11	245
1963	12	81
1964	1	30
1964	2	13
1964	3	123
1964	4	30
1964	5	0
1964	6	0
1964	7	619
1964	8	1060
1964	9	521
1964	10	45
1964	11	41
1964	12	41
1965	1	268
1965	2	115
1965	3	99
1965	4	8
1965	5	33
1965	6	157
1965	7	1189
1965	8	554
1965	9	276
1965	10	5
1965	11	0
1965	12	784
1966	1	204
1966	2	128
1966	3	0
1966	4	64
1966	5	0
1966	6	63
1966	7	1612
1966	8	1183
1966	9	835
1966	10	3
1966	11	64
1966	12	15
1967	1	0
1967	2	25
1967	3	0
1967	4	66
1967	5	125
1967	6	238
1967	7	1036
1967	8	1473
1967	9	404
1967	10	8
1967	11	294
1967	12	1091
1968	1	112
1968	2	288
1968	3	306
1968	4	68
1968	5	0
1968	6	0
1968	7	998
1968	8	861
1968	9	234
1968	10	8
1968	11	296
1968	12	150
1969	1	157
1969	2	109
1969	3	18
1969	4	30
1969	5	110
1969	6	8
1969	7	1143
1969	8	1074
1969	9	366
1969	10	11
1969	11	44
1969	12	234
1970	1	28
1970	2	115
1970	3	239
1970	4	56
1970	5	5
1970	6	22
1970	7	464
1970	8	1155
1970	9	219
1970	10	254
1970	11	0
1970	12	91
1971	1	0
1971	2	178
1971	3	0
1971	4	44
1971	5	5
1971	6	61
1971	7	1124
1971	8	1420
1971	9	481
1971	10	423
1971	11	119
1971	12	543
1972	1	13
1972	2	0
1972	3	0
1972	4	0
1972	5	66
1972	6	564
1972	7	868
1972	8	1298
1972	9	333
1972	10	935
1972	11	152
1972	12	58
1973	1	154
1973	2	434
1973	3	428
1973	4	0
1973	5	250
1973	6	89
1973	7	1298
1973	8	190
1973	9	66
1973	10	13
1973	11	20
1973	12	0
1974	1	326
1974	2	0
1974	3	0
1974	4	0
1974	5	0
1974	6	99
1974	7	1479
1974	8	618
1974	9	439
1974	10	560
1974	11	175
1974	12	8
1975	1	191
1975	2	76
1975	3	221
1975	4	81
1975	5	0
1975	6	5
1975	7	1036
1975	8	186
1975	9	888
1975	10	135
1975	11	173
1975	12	133
1976	1	90
1976	2	303
1976	3	18
1976	4	51
1976	5	187
1976	6	89
1976	7	525
1976	8	171
1976	9	688
1976	10	186
1976	11	217
1976	12	89
1977	1	497
1977	2	5
1977	3	61
1977	4	15
1977	5	3
1977	6	307
1977	7	983
1977	8	722
1977	9	1008
1977	10	1369
1977	11	114
1977	12	216
1978	1	262
1978	2	485
1978	3	300
1978	4	8
1978	5	138
1978	6	218
1978	7	625
1978	8	874
1978	9	71
1978	10	359
1978	11	349
1978	12	389
1979	1	429
1979	2	87
1979	3	153
1979	4	0
1979	5	83
1979	6	104
1979	7	631
1979	8	1137
1979	9	8
1979	10	0
1979	11	77
1979	12	234
1980	1	183
1980	2	478
1980	3	76
1980	4	180
1980	5	10
1980	6	114
1980	7	554
1980	8	436
1980	9	470
1980	10	11
1980	11	79
1980	12	56
1981	1	513
1981	2	92
1981	3	259
1981	4	107
1981	5	86
1981	6	589
1981	7	661
1981	8	135
1981	9	182
1981	10	109
1981	11	398
1981	12	8
1982	1	175
1982	2	23
1982	3	119
1982	4	5
1982	5	165
1982	6	84
1982	7	830
1982	8	501
1982	9	226
1982	10	0
1982	11	274
1982	12	868
1983	1	277
1983	2	138
1983	3	413
1983	4	49
1983	5	0
1983	6	20
1983	7	1204
1983	8	536
1983	9	721
1983	10	708
1983	11	640
1983	12	182
1984	1	239
1984	2	0
1984	3	0
1984	4	53
1984	5	23
1984	6	194
1984	7	1404
1984	8	1842
1984	9	222
1984	10	746
1984	11	115
1984	12	779
1985	1	405
1985	2	290
1985	3	95
1985	4	474
1985	5	5
1985	6	71
1985	7	723
1985	8	538
1985	9	816
1985	10	432
1985	11	254
1985	12	149
1986	1	25
1986	2	162
1986	3	92
1986	4	20
1986	5	35
1986	6	329
1986	7	1190
1986	8	1381
1986	9	239
1986	10	333
1986	11	406
1986	12	744
1987	1	54
1987	2	267
1987	3	93
1987	4	70
1987	5	138
1987	6	256
1987	7	568
1987	8	1275
1987	9	337
1987	10	125
1987	11	25
1987	12	429
1988	1	57
1988	2	15
1988	3	94
1988	4	481
1988	5	18
1988	6	3
1988	7	799
1988	8	1719
1988	9	732
1988	10	724
1988	11	31
1988	12	147
1989	1	246
1989	2	80
1989	3	254
1989	4	43
1989	5	74
1989	6	0
1989	7	828
1989	8	831
1989	9	28
1989	10	246
1989	11	0
1989	12	66
1990	1	131
1990	2	118
1990	3	41
1990	4	86
1990	5	59
1990	6	56
1990	7	1771
1990	8	502
1990	9	615
1990	10	185
1990	11	411
1990	12	263
1991	1	433
1991	2	451
1991	3	125
1991	4	0
1991	5	71
1991	6	181
1991	7	267
1991	8	1444
1991	9	970
1991	10	30
1991	11	99
1991	12	906
1992	1	322
1992	2	123
1992	3	444
1992	4	26
1992	5	487
1992	6	51
1992	7	1105
1992	8	654
1992	9	41
1992	10	133
1992	11	0
1992	12	403
1993	1	662
1993	2	173
1993	3	33
1993	4	0
1993	5	497
1993	6	71
1993	7	1103
1993	8	682
1993	9	108
1993	10	86
1993	11	242
1993	12	41
1994	1	23
1994	2	166
1994	3	143
1994	4	64
1994	5	29
1994	6	208
1994	7	206
1994	8	419
1994	9	317
1994	10	110
1994	11	636
1994	12	829
1995	1	276
1995	2	380
1995	3	92
1995	4	29
1995	5	40
1995	6	0
1995	7	508
1995	8	799
1995	9	451
1995	10	129
1995	11	138
1995	12	87
1996	1	0
1996	2	234
1996	3	20
1996	4	31
1996	5	0
1996	6	516
1996	7	1144
1996	8	894
1996	9	419
1996	10	153
1996	11	115
1996	12	0
1997	1	353
1997	2	219
1997	3	66
1997	4	45
1997	5	77
1997	6	30
1997	7	282
1997	8	899
1997	9	633
1997	10	96
1997	11	193
1997	12	601
1998	1	33
1998	2	512
1998	3	271
1998	4	21
1998	5	0
1998	6	201
1998	7	762
1998	8	882
1998	9	43
1998	10	57
1998	11	88
1998	12	84
1999	1	5
1999	2	3
1999	3	53
1999	4	81
1999	5	0
1999	6	30
1999	7	1503
1999	8	1052
1999	9	188
1999	10	5
1999	11	0
1999	12	3
2000	1	25
2000	2	76
2000	3	58
2000	4	0
2000	5	0
2000	6	684
2000	7	333
2000	8	1016
2000	9	206
2000	10	1555
2000	11	396
2000	12	28
2001	1	215
2001	2	44
2001	3	107
2001	4	133
2001	5	66
2001	6	43
2001	7	359
2001	8	355
2001	9	543
2001	10	293
2001	11	71
2001	12	124
2002	1	51
2002	2	232
2002	3	0
2002	4	0
2002	5	0
2002	6	0
2002	7	646
2002	8	494
2002	9	137
2002	10	50
2002	11	49
2002	12	210
2003	1	18
2003	2	239
2003	3	41
2003	4	0
2003	5	0
2003	6	74
2003	7	297
2003	8	495
2003	9	115
2003	10	123
2003	11	260
2003	12	31
2004	1	289
2004	2	225
2004	3	322
2004	4	509
2004	5	0
2004	6	48
2004	7	684
2004	8	458
2004	9	425
2004	10	49
2004	11	207
2004	12	216
2005	1	533
2005	2	392
2005	3	46
2005	4	36
2005	5	137
2005	6	0
2005	7	354
2005	8	993
2005	9	222
2005	10	199
2005	11	0
2005	12	36
2006	1	10
2006	2	38
2006	3	31
2006	4	0
2006	5	0
2006	6	183
2006	7	615
2006	8	1005
2006	9	705
2006	10	323
2006	11	0
2006	12	66
2007	1	325
2007	2	74
2007	3	341
2007	4	61
2007	5	76
2007	6	172
2007	7	719
2007	8	1146
2007	9	221
2007	10	30
2007	11	89
2007	12	271
2008	1	107
2008	2	66
2008	3	0
2008	4	0
2008	5	124
2008	6	50
2008	7	1350
2008	8	734
2008	9	84
2008	10	64
2008	11	130
2008	12	163
2009	1	155
2009	2	77
2009	3	171
2009	4	8
2009	5	221
2009	6	242
2009	7	457
2009	8	355
2009	9	440
2009	10	113
2009	11	137
2009	12	122
2010	1	416
2010	2	383
2010	3	105
2010	4	66
2010	5	10
2010	6	0
2010	7	714
2010	8	507
2010	9	651
2010	10	186
2010	11	0
2010	12	142
2011	1	0
2011	2	44
2011	3	13
2011	4	5
2011	5	0
2011	6	41
2011	7	733
2011	8	912
2011	9	800
2011	10	15
2011	11	297
2011	12	189
2012	1	15
2012	2	84
2012	3	35
2012	4	0
2012	5	41
2012	6	3
2012	7	630
2012	8	439
2012	9	504
2012	10	0
2012	11	18
2012	12	171
2013	1	68
2013	2	33
2013	3	74
2013	4	10
2013	5	0
2013	6	191
2013	7	709
2013	8	480
2013	9	444
2013	10	0
2013	11	180
2013	12	31
2014	1	3
2014	2	10
2014	3	206
2014	4	86
2014	5	0
2014	6	0
2014	7	781
2014	8	958
2014	9	1251
2014	10	288
2014	11	86
2014	12	227
2015	1	442
2015	2	56
2015	3	382
2015	4	71
2015	5	18
2015	6	33
2015	7	1162
2015	8	577
2015	9	162
2015	10	173
