1896	3	182
1896	4	505
1896	6	6
1896	7	323
1896	8	112
1896	9	88
1896	10	136
1896	11	235
1896	12	110
1897	1	171
1897	2	503
1897	3	318
1897	4	155
1897	5	75
1897	6	54
1897	7	115
1897	8	69
1897	9	167
1897	10	262
1898	1	176
1898	2	71
1898	3	396
1898	4	203
1898	5	1332
1898	7	43
1898	8	151
1898	10	443
1898	11	264
1899	1	254
1899	2	593
1899	4	124
1899	5	281
1899	8	454
1899	11	136
1899	12	218
1900	1	114
1900	2	166
1900	3	33
1900	4	441
1900	5	75
1900	6	25
1900	7	39
1900	8	74
1900	9	267
1900	10	224
1900	11	417
1900	12	84
1901	1	158
1901	2	340
1901	3	256
1901	4	123
1901	5	601
1901	6	68
1901	7	90
1901	8	336
1901	9	68
1901	10	190
1901	11	150
1901	12	365
1902	1	161
1902	2	184
1902	3	211
1902	4	289
1902	5	164
1902	6	31
1902	7	59
1902	8	68
1902	9	32
1902	10	58
1902	11	321
1902	12	282
1903	1	354
1903	2	212
1903	3	346
1903	4	229
1903	5	382
1903	6	13
1903	7	70
1903	8	41
1903	9	106
1903	10	148
1903	11	224
1903	12	127
1904	1	257
1904	2	476
1904	3	565
1904	4	357
1904	5	347
1904	6	0
1904	7	173
1904	8	214
1904	9	46
1904	10	213
1904	11	0
1904	12	134
1905	1	129
1905	2	380
1905	3	227
1905	4	508
1905	5	217
1905	6	28
1905	7	69
1905	8	99
1905	9	741
1905	10	64
1905	11	276
1905	12	309
1906	1	228
1906	2	137
1906	3	253
1906	4	532
1906	5	596
1906	6	178
1906	7	406
1906	8	544
1906	9	292
1906	10	97
1906	11	381
1906	12	508
1907	1	312
1907	2	333
1907	3	389
1907	4	117
1907	5	396
1907	6	295
1907	7	102
1907	8	363
1907	9	10
1907	10	96
1907	11	99
1907	12	530
1908	1	206
1908	2	362
1908	3	353
1908	4	91
1908	5	1168
1908	6	226
1908	7	152
1908	8	350
1908	9	871
1908	10	612
1908	11	373
1908	12	180
1909	1	769
1909	2	437
1909	3	315
1909	4	530
1909	5	412
1909	6	53
1909	7	325
1909	8	654
1909	9	345
1909	10	119
1909	11	319
1909	12	590
1910	1	272
1910	2	509
1910	3	310
1910	4	188
1910	5	13
1910	6	0
1910	7	99
1910	8	203
1910	9	193
1910	10	569
1910	11	345
1910	12	345
1911	1	234
1911	2	212
1911	3	513
1911	4	266
1911	5	241
1911	6	74
1911	7	51
1911	8	15
1911	9	251
1911	10	295
1911	11	188
1911	12	191
1912	1	178
1912	2	213
1912	3	820
1912	4	577
1912	5	376
1912	6	203
1912	7	404
1912	8	307
1912	9	673
1912	10	953
1912	11	419
1912	12	267
1913	1	411
1913	2	570
1913	3	564
1913	4	229
1913	5	99
1913	6	577
1913	7	339
1913	8	303
1913	9	374
1913	10	635
1913	11	367
1913	12	445
1914	1	978
1914	2	191
1914	3	356
1914	4	455
1914	5	18
1914	6	528
1914	7	310
1914	8	102
1914	9	13
1914	10	640
1914	11	10
1914	12	76
1915	1	493
1915	2	907
1915	3	318
1915	4	495
1915	5	859
1915	6	193
1915	7	76
1915	8	132
1915	9	295
1915	10	0
1915	11	246
1915	12	198
1916	1	777
1916	2	467
1916	3	739
1916	4	41
1916	5	234
1916	6	71
1916	7	196
1916	8	338
1916	9	165
1916	10	516
1916	11	76
1916	12	711
1917	1	556
1917	2	249
1917	3	51
1917	4	404
1917	5	754
1917	6	0
1917	7	297
1917	8	69
1917	9	259
1917	10	20
1917	11	422
1917	12	13
1918	1	671
1918	2	211
1918	3	234
1918	4	160
1918	5	193
1918	6	132
1918	7	279
1918	8	13
1918	9	457
1918	10	386
1918	11	295
1918	12	381
1919	1	8
1919	2	559
1919	3	61
1919	4	127
1919	5	165
1919	6	0
1919	7	25
1919	8	89
1919	9	432
1919	10	328
1919	11	178
1919	12	203
1920	1	165
1920	2	538
1920	3	531
1920	4	521
1920	5	376
1920	6	38
1920	7	25
1920	8	394
1920	9	305
1920	10	653
1920	11	170
1920	12	498
1921	1	376
1921	2	330
1921	3	566
1921	4	483
1921	5	737
1921	6	0
1921	7	439
1921	8	191
1921	9	94
1921	10	241
1921	11	38
1921	12	566
1922	1	292
1922	2	533
1922	3	203
1922	4	394
1922	5	254
1922	6	76
1922	7	64
1922	8	244
1922	9	0
1922	10	38
1922	11	437
1922	12	853
1923	1	107
1923	2	259
1923	3	135
1923	4	658
1923	5	255
1923	6	64
1923	7	54
1923	8	345
1923	9	279
1923	10	242
1923	11	106
1923	12	227
1924	1	102
1924	2	21
1924	3	205
1924	4	33
1924	5	166
1924	6	18
1924	7	232
1924	8	148
1924	9	90
1924	10	269
1924	11	123
1924	12	341
1925	1	157
1925	2	233
1925	3	196
1925	4	401
1925	5	330
1925	6	386
1925	7	337
1925	8	467
1925	9	234
1925	10	211
1925	11	138
1925	12	186
1926	1	115
1926	2	419
1926	3	120
1926	4	411
1926	5	396
1926	6	39
1926	7	270
1926	8	234
1926	9	122
1926	10	53
1926	11	227
1926	12	194
1927	1	299
1927	2	354
1927	3	429
1927	4	250
1927	5	229
1927	6	313
1927	7	198
1927	8	203
1927	9	241
1927	10	424
1927	11	377
1927	12	247
1928	1	102
1928	2	86
1928	3	397
1928	4	155
1928	5	513
1928	6	130
1928	7	94
1928	8	51
1928	9	13
1928	10	206
1928	11	315
1928	12	74
1929	1	214
1929	2	418
1929	3	248
1929	4	585
1929	5	46
1929	6	151
1929	7	131
1929	8	236
1929	9	513
1929	10	182
1929	11	82
1929	12	82
1930	1	268
1930	2	236
1930	3	235
1930	4	162
1930	5	311
1930	6	115
1930	7	549
1930	8	411
1930	9	488
1930	10	267
1930	11	217
1930	12	41
1931	1	126
1931	2	128
1931	3	86
1931	4	114
1931	5	66
1931	6	86
1931	7	173
1931	8	266
1931	9	112
1931	10	125
1931	11	317
1931	12	256
1932	1	375
1932	2	327
1932	3	201
1932	4	291
1932	5	117
1932	6	325
1932	7	130
1932	8	373
1932	9	0
1932	10	215
1932	11	97
1932	12	215
1933	1	214
1933	2	116
1933	3	154
1933	4	148
1933	5	208
1933	6	0
1933	7	69
1933	8	137
1933	9	66
1933	10	5
1933	11	102
1933	12	186
1934	1	149
1934	2	405
1934	3	16
1934	4	5
1934	5	18
1934	6	103
1934	7	369
1934	8	359
1934	9	99
1934	10	160
1934	11	444
1934	12	237
1935	1	57
1935	2	99
1935	3	194
1935	4	437
1935	5	401
1935	6	13
1935	7	57
1935	8	247
1935	9	61
1935	10	0
1935	11	103
1935	12	166
1936	1	439
1936	2	446
1936	3	132
1936	4	107
1936	5	18
1936	6	323
1936	7	370
1936	8	397
1936	9	110
1936	10	262
1936	11	171
1936	12	384
1937	1	214
1937	2	365
1937	3	206
1937	4	90
1937	5	257
1937	6	131
1937	7	587
1937	8	97
1937	9	197
1937	10	278
1937	11	126
1937	12	296
1938	1	117
1938	2	178
1938	3	356
1938	4	291
1938	5	503
1938	6	59
1938	7	69
1938	8	170
1938	9	31
1938	10	393
1938	11	148
1938	12	227
1939	1	226
1939	2	153
1939	3	92
1939	4	102
1939	5	193
1939	6	84
1939	7	74
1939	8	254
1939	9	253
1939	10	447
1939	11	13
1939	12	175
1940	1	471
1940	2	465
1940	3	184
1940	4	309
1940	5	18
1940	6	16
1940	7	85
1940	8	63
1940	9	156
1940	10	265
1940	11	261
1940	12	232
1941	1	190
1941	2	511
1941	3	362
1941	4	509
1941	5	285
1941	6	364
1941	7	386
1941	8	227
1941	9	157
1941	10	513
1941	11	145
1941	12	220
1942	1	145
1942	2	268
1942	3	293
1942	4	209
1942	5	311
1942	6	170
1942	7	166
1942	8	167
1942	9	61
1942	10	106
1942	11	201
1942	12	227
1943	1	165
1943	2	282
1943	3	226
1943	4	80
1943	5	66
1943	6	501
1943	7	184
1943	8	215
1943	9	0
1943	10	301
1943	11	89
1943	12	295
1944	1	354
1944	2	135
1944	3	275
1944	4	601
1944	5	506
1944	6	454
1944	7	40
1944	8	10
1944	9	30
1944	10	61
1944	11	428
1944	12	244
1945	1	36
1945	2	317
1945	3	354
1945	4	246
1945	5	277
1945	6	375
1945	7	71
1945	8	625
1945	9	208
1945	10	125
1945	11	295
1945	12	254
1946	1	186
1946	2	11
1946	3	214
1946	4	314
1946	5	219
1946	6	23
1946	7	205
1946	8	224
1946	9	33
1946	10	1123
1946	11	413
1946	12	427
1947	1	122
1947	2	150
1947	3	137
1947	4	404
1947	5	234
1947	6	257
1947	7	74
1947	8	474
1947	9	188
1947	10	491
1947	11	240
1947	12	163
1948	1	138
1948	2	123
1948	3	315
1948	4	113
1948	5	40
1948	6	366
1948	7	16
1948	8	180
1948	9	76
1948	10	236
1948	11	263
1948	12	342
1949	1	304
1949	2	68
1949	3	238
1949	4	51
1949	5	757
1949	6	201
1949	7	51
1949	8	165
1949	9	120
1949	10	404
1949	11	72
1949	12	320
1950	1	200
1950	2	140
1950	3	202
1950	4	90
1950	5	164
1950	6	64
1950	7	141
1950	8	28
1950	9	148
1950	10	76
1950	11	418
1950	12	329
1951	1	150
1951	2	89
1951	3	285
1951	4	514
1951	5	384
1951	6	98
1951	7	386
1951	8	608
1951	9	5
1951	10	282
1951	11	328
1951	12	686
1952	1	295
1952	2	147
1952	3	807
1952	4	237
1952	5	216
1952	6	161
1952	7	155
1952	8	338
1952	9	36
1952	10	0
1952	11	107
1952	12	168
1953	1	385
1953	2	102
1953	3	231
1953	4	258
1953	5	188
1953	6	115
1953	7	188
1953	8	168
1953	9	74
1953	10	132
1953	11	117
1953	12	174
1954	1	69
1954	2	36
1954	3	281
1954	4	56
1954	5	79
1954	6	204
1954	7	184
1954	8	73
1954	9	266
1954	10	142
1954	11	173
1954	12	172
1955	1	281
1955	2	308
1955	3	43
1955	4	177
1955	5	97
1955	6	299
1955	7	185
1955	8	252
1955	9	218
1955	10	98
1955	11	134
1955	12	269
1956	1	383
1956	2	134
1956	3	25
1956	4	218
1956	5	205
1956	6	0
1956	7	79
1956	8	26
1956	9	52
1956	10	214
1956	11	81
1956	12	224
1957	1	129
1957	2	71
1957	3	284
1957	4	749
1957	5	840
1957	6	211
1957	7	33
1957	8	243
1957	9	36
1957	10	128
1957	11	341
1957	12	150
1958	1	169
1958	2	309
1958	3	247
1958	4	238
1958	5	94
1958	6	86
1958	7	38
1958	8	181
1958	9	173
1958	10	5
1958	11	66
1958	12	111
1959	1	163
1959	2	262
1959	3	174
1959	4	151
1959	5	401
1959	6	249
1959	7	0
1959	8	297
1959	9	375
1959	10	25
1959	11	25
1959	12	203
1960	1	144
1960	2	333
1960	3	350
1960	4	139
1960	5	84
1960	6	23
1960	7	36
1960	8	56
1960	9	157
1960	10	369
1960	11	370
1960	12	84
1961	1	0
1961	2	56
1961	3	394
1961	4	116
1961	5	25
1961	6	30
1961	7	348
1961	8	274
1961	9	286
1961	10	422
1961	11	218
1961	12	239
1962	1	145
1962	2	390
1962	3	242
1962	4	458
1962	5	621
1962	6	161
1962	7	273
1962	8	20
1962	9	49
1962	10	119
1962	11	31
1962	12	51
1963	1	333
1963	2	160
1963	3	348
1963	4	757
1963	5	0
1963	6	400
1963	7	61
1963	8	298
1963	9	312
1963	10	289
1963	11	500
1963	12	101
1964	1	223
1964	2	84
1964	3	517
1964	4	530
1964	5	416
1964	6	511
1964	7	15
1964	8	158
1964	9	70
1964	10	102
1964	11	304
1964	12	795
1965	1	282
1965	2	130
1965	3	156
1965	4	308
1965	5	246
1965	6	122
1965	7	432
1965	8	426
1965	9	351
1965	10	48
1965	11	324
1965	12	227
1966	1	114
1966	2	501
1966	3	241
1966	4	116
1966	5	122
1966	6	46
1966	7	122
1966	8	79
1966	9	213
1966	10	378
1966	11	238
1966	12	369
1967	1	411
1967	2	18
1967	3	295
1967	4	237
1967	5	365
1967	6	520
1967	7	162
1967	8	96
1967	9	394
1967	10	71
1967	11	152
1967	12	370
1968	1	125
1968	2	315
1968	3	444
1968	4	531
1968	5	358
1968	6	239
1968	7	193
1968	8	474
1968	9	39
1968	10	346
1968	11	110
1968	12	278
1969	1	313
1969	2	224
1969	3	57
1969	4	281
1969	5	28
1969	6	682
1969	7	148
1969	8	254
1969	9	71
1969	10	433
1969	11	117
1969	12	97
1970	1	220
1970	2	66
1970	3	193
1970	4	272
1970	5	208
1970	6	187
1970	7	225
1970	8	136
1970	9	413
1970	10	218
1970	11	534
1970	12	272
1971	1	110
1971	2	231
1971	3	105
1971	4	538
1971	5	81
1971	6	123
1971	7	13
1971	8	481
1971	9	233
1971	10	468
1971	11	216
1971	12	348
1972	1	51
1972	2	3
1972	3	66
1972	4	203
1972	5	8
1972	6	91
1972	7	28
1972	8	135
1972	9	345
1972	10	657
1972	11	365
1972	12	174
1973	1	386
1973	2	359
1973	3	259
1973	4	310
1973	5	198
1973	6	239
1973	7	216
1973	8	262
1973	9	114
1973	10	58
1973	11	247
1973	12	116
1974	1	161
1974	2	76
1974	3	0
1974	4	687
1974	5	16
1974	6	82
1974	7	53
1974	8	0
1974	9	5
1974	10	554
1974	11	60
1974	12	246
1975	1	318
1975	2	208
1975	3	469
1975	4	330
1975	5	285
1975	6	445
1975	7	294
1975	8	82
1975	9	58
1975	10	463
1975	11	321
1975	12	198
1976	1	224
1976	2	341
1976	3	117
1976	4	244
1976	5	155
1976	6	49
1976	7	308
1976	8	41
1976	9	143
1976	10	15
1976	11	152
1976	12	10
1977	1	82
1977	2	72
1977	3	201
1977	4	48
1977	5	881
1977	6	3
1977	7	297
1977	8	393
1977	9	331
1977	10	233
1977	11	78
1977	12	282
1978	1	541
1978	2	424
1978	3	946
1978	4	558
1978	5	205
1978	6	8
1978	7	18
1978	8	366
1978	9	446
1978	10	13
1978	11	481
1978	12	143
1979	1	430
1979	2	221
1979	3	303
1979	4	154
1979	5	94
1979	6	21
1979	7	0
1979	8	286
1979	9	3
1979	10	394
1979	11	241
1979	12	30
1980	1	565
1980	2	152
1980	3	198
1980	4	115
1980	5	569
1980	6	3
1980	7	176
1980	8	192
1980	9	212
1980	10	257
1980	11	358
1980	12	109
1981	1	216
1981	2	173
1981	3	327
1981	4	124
1981	5	957
1981	6	69
1981	7	105
1981	8	34
1981	9	242
1981	10	877
1981	11	203
1981	12	485
1982	1	216
1982	2	95
1982	3	400
1982	4	105
1982	5	263
1982	6	91
1982	7	255
1982	8	64
1982	9	1344
1982	10	477
1982	11	315
1982	12	205
1983	1	299
1983	2	571
1983	3	647
1983	4	240
1983	5	393
1983	6	263
1983	7	254
1983	8	751
1983	9	361
1983	10	302
1983	11	961
1983	12	571
1984	1	109
1984	2	270
1984	3	265
1984	4	642
1984	5	127
1984	6	534
1984	7	147
1984	8	448
1984	9	279
1984	10	403
1984	11	140
1984	12	76
1985	1	107
1985	2	0
1985	3	268
1985	4	106
1985	5	717
1985	6	305
1985	7	353
1985	8	38
1985	9	294
1985	10	66
1985	11	172
1985	12	127
1986	1	400
1986	2	791
1986	3	452
1986	4	763
1986	5	273
1986	6	0
1986	7	140
1986	8	229
1986	9	439
1986	10	154
1986	11	76
1986	12	84
1987	1	282
1987	2	155
1987	3	224
1987	4	24
1987	5	432
1987	6	143
1987	7	256
1987	8	401
1987	9	28
1987	10	399
1987	11	572
1987	12	21
1988	1	0
1988	2	30
1988	3	144
1988	4	295
1988	5	284
1988	6	15
1988	7	89
1988	8	168
1988	9	152
1988	10	125
1988	11	342
1988	12	111
1989	1	18
1989	2	125
1989	3	316
1989	4	275
1989	5	151
1989	6	106
1989	7	203
1989	8	269
1989	9	216
1989	10	0
1989	11	127
1989	12	26
1990	1	95
1990	2	72
1990	3	212
1990	4	300
1990	5	165
1990	6	188
1990	7	88
1990	8	314
1990	9	341
1990	10	320
1990	11	432
1990	12	39
1991	1	125
1991	2	216
1991	3	217
1991	4	473
1991	5	611
1991	6	211
1991	7	109
1991	8	330
1991	9	578
1991	10	345
1991	11	468
1991	12	117
1992	1	127
1992	2	489
1992	3	181
1992	4	175
1992	5	274
1992	6	81
1992	7	0
1992	8	151
1992	9	310
1992	10	640
1992	11	546
1992	12	186
1993	1	457
1993	2	303
1993	3	108
1993	4	132
1993	5	690
1993	6	351
1993	7	283
1993	8	330
1993	9	102
1993	10	544
1993	11	43
1993	12	84
1994	1	111
1994	2	363
1994	3	230
1994	4	532
1994	5	234
1994	6	0
1994	7	38
1994	8	304
1994	9	324
1994	10	462
1994	11	202
1994	12	133
1995	1	428
1995	2	18
1995	3	505
1995	4	458
1995	5	742
1995	6	304
1995	7	168
1995	8	116
1995	9	169
1995	10	103
1995	11	200
1995	12	170
1996	1	187
1996	2	320
1996	3	367
1996	4	335
1996	5	244
1996	6	51
1996	7	157
1996	8	0
1996	9	145
1996	10	297
1996	11	617
1996	12	386
1997	1	213
1997	2	160
1997	3	48
1997	4	338
1997	5	470
1997	6	417
1997	7	300
1997	8	191
1997	9	505
1997	10	386
1997	11	202
1997	12	460
1998	1	317
1998	2	742
1998	3	308
1998	4	331
1998	5	610
1998	6	767
1998	7	229
1998	8	247
1998	9	213
1998	10	403
1998	11	182
1998	12	204
1999	1	426
1999	2	259
1999	3	139
1999	4	865
1999	5	419
1999	6	232
1999	7	457
1999	8	139
1999	9	40
1999	10	0
1999	11	71
1999	12	141
2000	1	415
2000	2	482
2000	3	205
2000	4	244
2000	5	239
2000	6	28
2000	7	43
2000	8	559
2000	9	386
2000	10	394
2000	11	79
2000	12	11
2001	1	127
2001	2	123
2001	3	259
2001	4	389
2001	5	13
2001	6	41
2001	7	82
2001	8	157
2001	9	61
2001	10	109
2001	11	608
2001	12	119
2002	1	63
2002	2	84
2002	3	386
2002	4	128
2002	5	34
2002	6	53
2002	7	41
2002	8	5
2002	9	631
2002	10	266
2002	11	193
2002	12	67
2003	1	74
2003	2	210
2003	3	257
2003	4	368
2003	5	443
2003	6	340
2003	7	43
2003	8	181
2003	9	117
2003	10	59
2003	11	501
2003	12	211
2004	1	86
2004	2	327
2004	3	122
2004	4	343
2004	5	178
2004	6	152
2004	7	190
2004	8	151
2004	9	191
2004	10	851
2004	11	220
2004	12	69
2005	1	291
2005	2	156
2005	3	393
2005	4	532
2005	5	535
2005	6	170
2005	7	12
2005	8	149
2005	9	127
2005	10	238
2005	11	208
2005	12	119
2006	1	300
2006	2	127
2006	3	441
2006	4	576
2006	5	164
2006	6	96
2006	7	54
2006	8	142
2006	9	300
2006	10	420
2006	11	228
2006	12	85
2007	1	111
2007	2	156
2007	3	180
2007	4	182
2007	5	129
2007	6	168
2007	7	114
2007	8	214
2007	9	342
2007	10	286
2007	11	44
2007	12	216
2008	1	191
2008	2	249
2008	3	156
2008	4	210
2008	5	282
2008	6	97
2008	7	18
2008	8	80
2008	9	318
2008	10	187
2008	11	183
2008	12	107
2009	1	360
2009	2	154
2009	3	292
2009	4	652
2009	5	207
2009	6	484
2009	7	70
2009	8	77
2009	9	275
2009	10	223
2009	11	56
2009	12	137
2010	1	58
2010	2	91
2010	3	241
2010	4	513
2010	5	489
2010	6	211
2010	7	47
2010	8	259
2010	9	111
2010	10	524
2010	11	361
2010	12	533
2011	1	136
2011	2	229
2011	3	356
2011	4	745
2011	5	760
2011	6	242
2011	7	99
2011	8	459
2011	9	110
2011	10	306
2011	11	266
2011	12	24
2012	1	193
2012	2	137
2012	3	172
2012	4	303
2012	5	82
2012	6	0
2012	7	361
2012	8	55
2012	9	298
2012	10	168
2012	11	186
2012	12	525
2013	1	188
2013	2	85
2013	3	127
2013	4	397
2013	5	172
2013	6	10
2013	7	321
2013	8	248
2013	9	465
2013	10	338
2013	11	83
2013	12	121
2014	1	159
2014	2	258
2014	3	289
2014	4	290
2014	5	244
2014	6	196
2014	7	71
2014	8	853
2014	9	467
2014	10	61
2014	11	207
2014	12	456
2015	1	222
2015	2	38
2015	3	127
2015	4	458
2015	5	691
2015	6	120
2015	7	135
2015	8	180
2015	9	187
2015	10	162
