1872	11	319
1872	12	122
1873	6	1335
1873	7	371
1873	8	470
1873	9	636
1873	10	707
1873	11	450
1874	6	1807
1874	8	645
1874	9	1057
1874	10	553
1874	11	927
1874	12	256
1875	7	839
1875	8	790
1875	9	1710
1875	10	490
1875	11	176
1875	12	811
1876	6	2529
1876	7	1742
1876	8	1431
1876	9	1314
1876	10	199
1876	11	767
1876	12	232
1877	6	1595
1877	7	1288
1877	8	670
1877	9	420
1877	10	1660
1877	11	1024
1877	12	612
1878	6	1783
1878	7	1293
1878	8	448
1878	9	1082
1878	10	967
1878	11	174
1878	12	294
1879	6	1282
1879	7	1357
1879	8	424
1879	9	1032
1879	10	705
1879	11	1879
1879	12	649
1880	6	2193
1880	7	1691
1880	8	1020
1880	9	947
1880	10	439
1880	11	730
1880	12	196
1881	6	1577
1881	7	1853
1881	8	713
1881	9	2379
1881	10	1926
1881	11	565
1881	12	217
1882	6	1349
1882	7	579
1882	8	864
1882	9	297
1882	10	1402
1882	11	744
1882	12	411
1883	2	378
1883	3	47
1883	6	1044
1883	7	2141
1883	8	432
1883	9	825
1883	10	763
1883	11	560
1884	2	426
1884	6	1198
1884	7	1339
1884	8	934
1884	9	2375
1884	10	608
1884	11	471
1884	12	735
1885	6	1678
1885	7	1544
1885	8	1184
1885	9	929
1885	10	309
1885	11	168
1885	12	646
1886	1	1102
1886	5	898
1886	6	724
1886	7	302
1886	8	525
1886	9	943
1886	10	799
1886	11	424
1886	12	235
1887	2	411
1887	3	92
1887	4	561
1887	5	248
1887	6	478
1887	7	689
1887	8	535
1887	9	1717
1887	10	388
1887	11	280
1887	12	562
1888	1	461
1888	2	186
1888	3	1473
1888	4	842
1888	5	1736
1888	6	617
1888	7	1057
1888	8	544
1888	9	290
1888	10	277
1888	11	384
1888	12	612
1889	1	302
1889	2	160
1889	3	99
1889	4	742
1889	5	1163
1889	6	1295
1889	7	498
1889	8	305
1889	9	919
1889	10	97
1889	11	234
1889	12	724
1890	1	429
1890	2	224
1890	3	307
1890	4	897
1890	5	1461
1890	6	4199
1890	7	737
1890	8	876
1890	9	919
1890	10	1158
1890	11	378
1890	12	122
1891	1	427
1891	2	353
1891	3	859
1891	4	564
1891	5	505
1891	6	1234
1891	7	876
1891	8	1072
1891	9	343
1891	10	577
1891	11	663
1891	12	808
1892	1	249
1892	2	267
1892	3	688
1892	4	1415
1892	5	1692
1892	6	2954
1892	7	597
1892	8	584
1892	9	523
1892	10	825
1892	11	221
1892	12	300
1893	1	266
1893	2	321
1893	3	564
1893	4	947
1893	5	850
1893	6	876
1893	7	1176
1893	8	517
1893	9	500
1893	10	809
1893	11	355
1893	12	432
1894	1	1270
1894	2	89
1894	3	835
1894	4	960
1894	5	486
1894	6	457
1894	7	53
1894	8	365
1894	9	528
1894	10	857
1894	11	320
1894	12	368
1895	1	361
1895	2	157
1895	3	114
1895	4	418
1895	5	1087
1895	6	984
1895	7	678
1895	8	1198
1895	9	962
1895	10	199
1895	11	490
1895	12	499
1896	1	178
1896	2	79
1896	3	368
1896	4	1339
1896	5	1476
1896	6	625
1896	7	1265
1896	8	486
1896	9	1108
1896	10	876
1896	11	710
1896	12	257
1897	1	693
1897	2	310
1897	3	444
1897	4	762
1897	5	696
1897	6	1727
1897	7	723
1897	8	467
1897	9	1102
1897	10	261
1897	11	275
1897	12	381
1898	1	414
1898	2	669
1898	3	614
1898	4	978
1898	5	835
1898	6	899
1898	7	1107
1898	8	714
1898	9	472
1898	10	986
1898	11	582
1898	12	64
1899	1	103
1899	2	466
1899	3	564
1899	4	983
1899	5	1699
1899	6	1407
1899	7	594
1899	8	593
1899	9	178
1899	10	1122
1899	11	328
1899	12	468
1900	1	224
1900	2	307
1900	3	696
1900	4	668
1900	5	524
1900	6	798
1900	7	1964
1900	8	700
1900	9	945
1900	10	934
1900	11	427
1900	12	128
1901	1	280
1901	2	169
1901	3	826
1901	4	369
1901	5	725
1901	6	939
1901	7	157
1901	8	773
1901	9	1219
1901	10	589
1901	11	166
1901	12	178
1902	1	208
1902	2	376
1902	3	576
1902	4	287
1902	5	3960
1902	6	2238
1902	7	2305
1902	8	1251
1902	9	980
1902	10	374
1902	11	540
1902	12	701
1903	1	10
1903	2	310
1903	3	430
1903	4	940
1903	5	2100
1903	6	485
1903	7	2719
1903	8	1207
1903	9	508
1903	10	440
1903	11	15
1903	12	76
1904	1	119
1904	2	259
1904	3	925
1904	4	592
1904	5	1267
1904	6	513
1904	7	1111
1904	8	967
1904	9	1544
1904	10	517
1904	11	0
1904	12	585
1905	1	175
1905	2	363
1905	3	444
1905	4	667
1905	5	1638
1905	6	1307
1905	7	665
1905	8	1292
1905	9	910
1905	10	756
1905	11	714
1905	12	239
1906	1	873
1906	2	251
1906	3	760
1906	4	922
1906	5	720
1906	6	1025
1906	7	917
1906	8	889
1906	9	1270
1906	10	508
1906	11	794
1906	12	671
1907	1	523
1907	2	180
1907	3	337
1907	4	261
1907	5	594
1907	6	1776
1907	7	1651
1907	8	1062
1907	9	909
1907	10	426
1907	11	424
1907	12	180
1908	1	183
1908	2	435
1908	3	444
1908	4	521
1908	5	2183
1908	6	1501
1908	7	1796
1908	8	648
1908	9	572
1908	10	584
1908	11	310
1908	12	307
1909	1	520
1909	2	700
1909	3	467
1909	4	2038
1909	5	735
1909	6	1721
1909	7	419
1909	8	647
1909	9	703
1909	10	267
1909	11	1030
1909	12	721
1910	1	541
1910	2	252
1910	3	26
1910	4	770
1910	5	715
1910	6	323
1910	7	264
1910	8	1113
1910	9	1221
1910	10	221
1910	11	71
1910	12	181
1911	1	223
1911	2	789
1911	3	279
1911	4	699
1911	5	2218
1911	6	491
1911	7	861
1911	8	1604
1911	9	1263
1911	10	1211
1911	11	449
1911	12	662
1912	1	172
1912	2	162
1912	3	437
1912	4	434
1912	5	762
1912	6	261
1912	7	1083
1912	8	2006
1912	9	1274
1912	10	578
1912	11	165
1912	12	307
1913	1	255
1913	2	152
1913	3	844
1913	4	468
1913	5	1891
1913	6	432
1913	7	870
1913	8	595
1913	9	1205
1913	10	828
1913	11	329
1913	12	134
1914	1	261
1914	2	158
1914	3	703
1914	4	726
1914	5	917
1914	6	1930
1914	7	682
1914	8	942
1914	9	1703
1914	10	980
1914	11	71
1914	12	247
1915	1	594
1915	2	1253
1915	3	198
1915	4	299
1915	5	1978
1915	6	965
1915	7	1950
1915	8	1182
1915	9	1647
1915	10	195
1915	11	952
1915	12	254
1916	1	603
1916	2	152
1916	3	686
1916	4	515
1916	5	848
1916	6	1074
1916	7	216
1916	8	581
1916	9	1328
1916	10	1039
1916	11	239
1916	12	298
1917	1	206
1917	2	129
1917	3	771
1917	4	624
1917	5	851
1917	6	1405
1917	7	698
1917	8	902
1917	9	807
1917	10	482
1917	11	69
1917	12	148
1918	1	336
1918	2	137
1918	3	297
1918	4	845
1918	5	1852
1918	6	1430
1918	7	836
1918	8	1959
1918	9	520
1918	10	348
1918	11	609
1918	12	129
1919	1	152
1919	2	676
1919	3	742
1919	4	830
1919	5	483
1919	6	1579
1919	7	565
1919	8	773
1919	9	1070
1919	10	1111
1919	11	1256
1919	12	215
1920	1	120
1920	2	104
1920	3	806
1920	4	1788
1920	5	716
1920	6	1148
1920	7	1050
1920	8	768
1920	9	1322
1920	10	803
1920	11	749
1920	12	399
1921	1	109
1921	2	227
1921	3	571
1921	4	1166
1921	5	2251
1921	6	1075
1921	7	415
1921	8	2093
1921	9	2481
1921	10	541
1921	11	331
1921	12	307
1922	1	251
1922	2	1158
1922	3	406
1922	4	703
1922	5	980
1922	6	163
1922	7	2425
1922	8	224
1922	9	637
1922	10	999
1922	11	960
1922	12	130
1923	1	221
1923	2	90
1923	3	689
1923	4	551
1923	5	428
1923	6	687
1923	7	838
1923	8	1449
1923	9	1205
1923	10	299
1923	11	178
1923	12	257
1924	1	153
1924	2	285
1924	3	1222
1924	4	289
1924	5	602
1924	6	1245
1924	7	1517
1924	8	1083
1924	9	567
1924	10	160
1924	11	142
1924	12	429
1925	1	38
1925	2	115
1925	3	249
1925	4	338
1925	5	577
1925	6	1876
1925	7	1004
1925	8	803
1925	9	1113
1925	10	668
1925	11	303
1925	12	801
1926	1	333
1926	2	140
1926	3	209
1926	4	469
1926	5	699
1926	6	673
1926	7	1701
1926	8	558
1926	9	1863
1926	10	544
1926	11	682
1926	12	317
1927	1	74
1927	2	162
1927	3	576
1927	4	1016
1927	5	1980
1927	6	321
1927	7	683
1927	8	341
1927	9	1171
1927	10	681
1927	11	563
1927	12	662
1928	1	119
1928	2	788
1928	3	370
1928	4	808
1928	5	646
1928	6	1296
1928	7	930
1928	8	2380
1928	9	1001
1928	10	875
1928	11	1312
1928	12	302
1929	1	799
1929	2	336
1929	3	656
1929	4	1360
1929	5	314
1929	6	452
1929	7	449
1929	8	665
1929	9	1204
1929	10	494
1929	11	272
1929	12	185
1930	1	419
1930	2	139
1930	3	243
1930	4	829
1930	5	784
1930	6	2465
1930	7	867
1930	8	393
1930	9	556
1930	10	430
1930	11	623
1930	12	160
1931	1	147
1931	2	112
1931	3	351
1931	4	620
1931	5	467
1931	6	671
1931	7	374
1931	8	1257
1931	9	2458
1931	10	408
1931	11	1450
1931	12	269
1932	1	493
1932	2	329
1932	3	535
1932	4	691
1932	5	686
1932	6	1122
1932	7	877
1932	8	1195
1932	9	656
1932	10	404
1932	11	468
1932	12	539
1933	1	176
1933	2	137
1933	3	928
1933	4	391
1933	5	1637
1933	6	319
1933	7	1215
1933	8	349
1933	9	867
1933	10	569
1933	11	74
1933	12	336
1934	1	270
1934	2	56
1934	3	320
1934	4	142
1934	5	165
1934	6	724
1934	7	1231
1934	8	1126
1934	9	1310
1934	10	241
1934	11	1734
1934	12	254
1935	1	460
1935	2	223
1935	3	566
1935	4	717
1935	5	773
1935	6	1653
1935	7	817
1935	8	1062
1935	9	396
1935	10	825
1935	11	976
1935	12	323
1936	1	270
1936	2	463
1936	3	462
1936	4	233
1936	5	402
1936	6	579
1936	7	390
1936	8	1411
1936	9	1602
1936	10	289
1936	11	74
1936	12	366
1937	1	503
1937	2	269
1937	3	445
1937	4	493
1937	5	1436
1937	6	1377
1937	7	580
1937	8	1164
1937	9	697
1937	10	719
1937	11	247
1937	12	255
1938	1	267
1938	2	463
1938	3	1047
1938	4	881
1938	5	852
1938	6	1671
1938	7	964
1938	8	915
1938	9	2187
1938	10	229
1938	11	741
1938	12	204
1939	1	316
1939	2	414
1939	3	196
1939	4	488
1939	5	872
1939	6	733
1939	7	902
1939	8	1115
1939	9	452
1939	10	533
1939	11	163
1939	12	71
1940	1	272
1940	2	496
1940	3	308
1940	4	597
1940	5	693
1940	6	833
1940	7	2194
1940	8	1561
1940	9	460
1940	10	934
1940	11	791
1940	12	429
1941	1	316
1941	2	122
1941	3	558
1941	4	750
1941	5	1435
1941	6	1265
1941	7	329
1941	8	371
1941	9	1270
1941	10	1386
1941	11	361
1941	12	495
1942	1	234
1942	2	180
1942	3	479
1942	4	73
1942	5	1215
1942	6	1567
1942	7	1391
1942	8	569
1942	9	1108
1942	10	473
1942	11	568
1942	12	264
1943	1	300
1943	2	174
1943	3	481
1943	4	374
1943	5	931
1943	6	1297
1943	7	558
1943	8	2134
1943	9	526
1943	10	784
1943	11	242
1943	12	221
1944	1	287
1944	2	269
1944	3	754
1944	4	433
1944	5	1556
1944	6	1200
1944	7	821
1944	8	883
1944	9	720
1944	10	246
1944	11	209
1944	12	271
1945	1	190
1945	2	435
1945	3	679
1945	4	1108
1945	5	1108
1945	6	1155
1945	7	790
1945	8	1093
1945	9	934
1945	10	96
1945	11	796
1945	12	500
1946	1	784
1946	2	87
1946	3	968
1946	4	221
1946	5	639
1946	6	1146
1946	7	379
1946	8	402
1946	9	1539
1946	10	795
1946	11	467
1946	12	231
1947	1	241
1947	2	69
1947	3	0
1947	4	619
1947	5	1145
1947	6	2724
1947	7	681
1947	8	19
1947	9	401
1947	10	1251
1947	11	526
1947	12	333
1948	1	41
1948	2	564
1948	3	747
1948	4	691
1948	5	949
1948	6	1231
1948	7	664
1948	8	538
1948	9	557
1948	10	501
1948	11	391
1948	12	371
1949	1	777
1949	2	193
1949	3	520
1949	4	482
1949	5	419
1949	6	1613
1949	7	719
1949	8	772
1949	9	445
1949	10	401
1949	11	157
1949	12	340
1950	1	424
1950	2	529
1950	3	608
1950	4	989
1950	5	1473
1950	6	2170
1950	7	1411
1950	8	360
1950	9	466
1950	10	236
1950	11	99
1950	12	450
1951	1	204
1951	2	450
1951	3	1487
1951	4	2011
1951	5	617
1951	6	1258
1951	7	1605
1951	8	1331
1951	9	506
1951	10	1108
1951	11	342
1951	12	287
1952	1	486
1952	2	125
1952	3	833
1952	4	362
1952	5	1473
1952	6	914
1952	7	535
1952	8	1229
1952	9	484
1952	10	0
1952	11	577
1952	12	391
1953	1	165
1953	2	495
1953	3	627
1953	4	1118
1953	5	451
1953	6	1438
1953	7	1491
1953	8	603
1953	9	198
1953	10	236
1953	11	307
1953	12	406
1954	1	69
1954	2	146
1954	3	319
1954	4	1194
1954	5	1228
1954	6	1597
1954	7	873
1954	8	916
1954	9	836
1954	10	1020
1954	11	59
1954	12	228
1955	1	170
1955	2	295
1955	3	314
1955	4	834
1955	5	952
1955	6	577
1955	7	870
1955	8	249
1955	9	661
1955	10	991
1955	11	107
1955	12	160
1956	1	220
1956	2	71
1956	3	725
1956	4	659
1956	5	1041
1956	6	910
1956	7	998
1956	8	922
1956	9	361
1956	10	482
1956	11	744
1956	12	209
1957	1	90
1957	2	61
1957	3	295
1957	4	439
1957	5	1244
1957	6	1554
1957	7	386
1957	8	917
1957	9	411
1957	10	535
1957	11	258
1957	12	275
1958	1	145
1958	2	8
1958	3	107
1958	4	422
1958	5	318
1958	6	1403
1958	7	1515
1958	8	798
1958	9	637
1958	10	128
1958	11	638
1958	12	92
1959	1	255
1959	2	448
1959	3	1170
1959	4	391
1959	5	2066
1959	6	1832
1959	7	485
1959	8	1569
1959	9	1174
1959	10	680
1959	11	727
1959	12	404
1960	1	453
1960	2	241
1960	3	368
1960	4	1200
1960	5	1147
1960	6	898
1960	7	991
1960	8	1070
1960	9	985
1960	10	574
1960	11	515
1960	12	162
1961	1	79
1961	2	422
1961	3	1040
1961	4	663
1961	5	630
1961	6	620
1961	7	2044
1961	8	675
1961	9	2092
1961	10	1074
1961	11	1010
1961	12	362
1962	1	33
1962	2	735
1962	3	477
1962	4	692
1962	5	2085
1962	6	452
1962	7	2545
1962	8	965
1962	9	485
1962	10	876
1962	11	30
1962	12	109
1963	1	120
1963	2	142
1963	3	581
1963	4	796
1963	5	774
1963	6	561
1963	7	1390
1963	8	713
1963	9	882
1963	10	376
1963	11	412
1963	12	92
1964	1	53
1964	2	33
1964	3	338
1964	4	908
1964	5	861
1964	6	568
1964	7	292
1964	8	1054
1964	9	677
1964	10	107
1964	11	106
1964	12	308
1965	1	193
1965	2	350
1965	3	724
1965	4	996
1965	5	1253
1965	6	912
1965	7	743
1965	8	1008
1965	9	2131
1965	10	521
1965	11	532
1965	12	639
1966	1	267
1966	2	363
1966	3	531
1966	4	623
1966	5	637
1966	6	1440
1966	7	1281
1966	8	514
1966	9	197
1966	10	280
1966	11	94
1966	12	218
1967	1	480
1967	2	215
1967	3	543
1967	4	373
1967	5	612
1967	6	1613
1967	7	308
1967	8	658
1967	9	461
1967	10	815
1967	11	240
1967	12	250
1968	1	269
1968	2	51
1968	3	301
1968	4	1199
1968	5	871
1968	6	1874
1968	7	2273
1968	8	735
1968	9	1182
1968	10	836
1968	11	231
1968	12	606
1969	1	578
1969	2	25
1969	3	223
1969	4	1223
1969	5	1374
1969	6	1957
1969	7	1161
1969	8	59
1969	9	647
1969	10	811
1969	11	127
1969	12	417
1970	1	77
1970	2	77
1970	3	445
1970	4	408
1970	5	1445
1970	6	844
1970	7	1138
1970	8	663
1970	9	1722
1970	10	1074
1970	11	364
1970	12	333
1971	1	319
1971	2	930
1971	3	330
1971	4	371
1971	5	993
1971	6	1661
1971	7	1101
1971	8	82
1971	9	584
1971	10	488
1971	11	729
1971	12	493
1972	1	74
1972	2	238
1972	3	483
1972	4	815
1972	5	1288
1972	6	687
1972	7	1641
1972	8	1074
1972	9	1547
1972	10	1030
1972	11	283
1972	12	442
1973	1	323
1973	2	293
1973	3	788
1973	4	1140
1973	5	1494
1973	6	1494
1973	7	489
1973	8	867
1973	9	1205
1973	10	622
1973	11	498
1973	12	526
1974	1	166
1974	2	299
1974	3	676
1974	4	867
1974	5	1018
1974	6	1464
1974	7	723
1974	8	996
1974	9	331
1974	10	956
1974	11	393
1974	12	506
1975	1	249
1975	2	340
1975	3	590
1975	4	961
1975	5	666
1975	6	1166
1975	7	224
1975	8	1018
1975	9	312
1975	10	74
1975	11	694
1975	12	78
1976	1	96
1976	2	402
1976	3	864
1976	4	1245
1976	5	475
1976	6	516
1976	7	1374
1976	8	1195
1976	9	341
1976	10	467
1976	11	58
1976	12	173
1977	1	218
1977	2	203
1977	3	782
1977	4	671
1977	5	767
1977	6	628
1977	7	1421
1977	8	1909
1977	9	878
1977	10	805
1977	11	568
1977	12	338
1978	1	320
1978	2	151
1978	3	176
1978	4	1521
1978	5	865
1978	6	1514
1978	7	1032
1978	8	824
1978	9	1258
1978	10	340
1978	11	919
1978	12	202
1979	1	560
1979	2	236
1979	3	828
1979	4	872
1979	5	644
1979	6	1141
1979	7	1788
1979	8	2923
1979	9	122
1979	10	737
1979	11	358
1979	12	171
1980	1	451
1980	2	160
1980	3	242
1980	4	420
1980	5	1025
1980	6	1058
1980	7	659
1980	8	2747
1980	9	1023
1980	10	423
1980	11	347
1980	12	158
1981	1	49
1981	2	671
1981	3	93
1981	4	1534
1981	5	833
1981	6	1750
1981	7	1143
1981	8	2535
1981	9	904
1981	10	632
1981	11	437
1981	12	290
1982	1	470
1982	2	42
1982	3	757
1982	4	610
1982	5	1856
1982	6	810
1982	7	1562
1982	8	910
1982	9	672
1982	10	777
1982	11	1020
1982	12	1018
1983	1	211
1983	2	458
1983	3	516
1983	4	834
1983	5	1878
1983	6	1361
1983	7	881
1983	8	305
1983	9	1432
1983	10	1006
1983	11	1044
1983	12	322
1984	1	147
1984	2	302
1984	3	444
1984	4	1238
1984	5	1347
1984	6	1269
1984	7	745
1984	8	196
1984	9	364
1984	10	1096
1984	11	688
1984	12	561
1985	1	238
1985	2	351
1985	3	773
1985	4	675
1985	5	671
1985	6	638
1985	7	1306
1985	8	1367
1985	9	1456
1985	10	717
1985	11	800
1985	12	469
1986	1	295
1986	2	638
1986	3	379
1986	4	698
1986	5	1615
1986	6	820
1986	7	1113
1986	8	974
1986	9	2172
1986	10	744
1986	11	528
1986	12	166
1987	1	152
1987	2	10
1987	3	682
1987	4	511
1987	5	1136
1987	6	880
1987	7	863
1987	8	2352
1987	9	919
1987	10	145
1987	11	665
1987	12	685
1988	1	248
1988	2	160
1988	3	328
1988	4	598
1988	5	351
1988	6	513
1988	7	648
1988	8	639
1988	9	993
1988	10	271
1988	11	661
1988	12	213
1989	1	263
1989	2	133
1989	3	294
1989	4	965
1989	5	800
1989	6	514
1989	7	515
1989	8	1364
1989	9	1228
1989	10	842
1989	11	80
1989	12	113
1990	1	181
1990	2	137
1990	3	877
1990	4	733
1990	5	1129
1990	6	1594
1990	7	1402
1990	8	1834
1990	9	317
1990	10	497
1990	11	411
1990	12	462
1991	1	276
1991	2	53
1991	3	925
1991	4	2010
1991	5	1539
1991	6	925
1991	7	681
1991	8	608
1991	9	1184
1991	10	866
1991	11	1369
1991	12	453
1992	1	292
1992	2	234
1992	3	505
1992	4	858
1992	5	457
1992	6	440
1992	7	1651
1992	8	767
1992	9	1167
1992	10	163
1992	11	1260
1992	12	449
1993	1	277
1993	2	345
1993	3	684
1993	4	1240
1993	5	849
1993	6	2192
1993	7	1736
1993	8	2367
1993	9	813
1993	10	363
1993	11	257
1993	12	188
1994	1	539
1994	2	321
1994	3	28
1994	4	700
1994	5	560
1994	6	1682
1994	7	1779
1994	8	607
1994	9	1088
1994	10	353
1994	11	642
1994	12	373
1995	1	229
1995	2	10
1995	3	646
1995	4	1146
1995	5	932
1995	6	633
1995	7	877
1995	8	1679
1995	9	338
1995	10	472
1995	11	666
1995	12	79
1996	1	685
1996	2	18
1996	3	402
1996	4	568
1996	5	1075
1996	6	2004
1996	7	439
1996	8	615
1996	9	759
1996	10	1018
1996	11	914
1996	12	373
1997	1	345
1997	2	448
1997	3	519
1997	4	285
1997	5	1364
1997	6	1526
1997	7	1395
1997	8	1136
1997	9	1020
1997	10	1504
1997	11	96
1997	12	181
1998	1	247
1998	2	457
1998	3	1165
1998	4	1389
1998	5	1104
1998	6	2125
1998	7	472
1998	8	1795
1998	9	510
1998	10	1347
1998	11	417
1998	12	73
1999	1	483
1999	2	246
1999	3	234
1999	4	1273
1999	5	2660
1999	6	1044
1999	7	2492
1999	8	994
1999	9	272
1999	10	167
1999	11	409
1999	12	249
2000	1	329
2000	2	302
2000	3	306
2000	4	858
2000	5	1294
2000	6	2072
2000	7	332
2000	8	1224
2000	9	646
2000	10	260
2000	11	843
2000	12	684
2001	1	331
2001	2	447
2001	3	304
2001	4	559
2001	5	1522
2001	6	1119
2001	7	1372
2001	8	1324
2001	9	1869
2001	10	573
2001	11	586
2001	12	294
2002	1	48
2002	2	436
2002	3	257
2002	4	805
2002	5	1012
2002	6	981
2002	7	675
2002	8	1349
2002	9	753
2002	10	749
2002	11	66
2002	12	108
2003	1	166
2003	2	105
2003	3	357
2003	4	705
2003	5	1369
2003	6	1108
2003	7	1548
2003	8	117
2003	9	685
2003	10	239
2003	11	1271
2003	12	231
2004	1	122
2004	2	337
2004	3	1287
2004	4	452
2004	5	3247
2004	6	1455
2004	7	1906
2004	8	1280
2004	9	142
2004	10	688
2004	11	432
2004	12	236
2005	1	564
2005	2	359
2005	3	213
2005	4	788
2005	5	837
2005	6	1614
2005	7	1171
2005	8	1844
2005	9	981
2005	10	137
2005	11	622
2005	12	402
2006	1	324
2006	2	53
2006	3	776
2006	4	1112
2006	5	615
2006	6	1021
2006	7	1393
2006	8	594
2006	9	1892
2006	10	338
2006	11	596
2006	12	456
2007	1	379
2007	2	567
2007	3	489
2007	4	1394
2007	5	1065
2007	6	892
2007	7	1714
2007	8	2635
2007	9	805
2007	10	1229
2007	11	31
2007	12	552
2008	1	255
2008	2	240
2008	3	193
2008	4	3042
2008	5	1504
2008	6	2590
2008	7	1302
2008	8	508
2008	9	656
2008	10	434
2008	11	483
2008	12	744
2009	1	223
2009	2	233
2009	3	745
2009	4	1479
2009	5	1131
2009	6	698
2009	7	1703
2009	8	1353
2009	9	617
2009	10	1716
2009	11	168
2009	12	750
2010	1	284
2010	2	278
2010	3	256
2010	4	830
2010	5	1142
2010	6	2449
2010	7	2947
2010	8	398
2010	9	961
2010	10	206
2010	11	444
2010	12	747
2011	1	188
2011	2	706
2011	3	841
2011	4	852
2011	5	953
2011	6	770
2011	7	2144
2011	8	1187
2011	9	1126
2011	10	265
2011	11	516
2011	12	623
2012	1	252
2012	2	244
2012	3	476
2012	4	936
2012	5	1358
2012	6	587
2012	7	796
2012	8	331
2012	9	530
2012	10	929
2012	11	343
2012	12	494
2013	1	300
2013	2	572
2013	3	663
2013	4	1904
2013	5	2730
2013	6	1657
2013	7	485
2013	8	573
2013	9	537
2013	10	556
2013	11	553
2013	12	274
2014	1	347
2014	2	462
2014	3	425
2014	4	2052
2014	5	712
2014	6	2488
2014	7	786
2014	8	1331
2014	9	634
2014	10	725
2014	11	120
2014	12	232
2015	1	122
2015	2	276
2015	3	153
2015	4	979
2015	5	1296
2015	6	1680
2015	7	801
2015	8	941
2015	9	912
2015	10	79
