1872	1	58
1872	2	33
1872	3	269
1872	4	541
1872	5	2327
1872	6	1829
1872	7	2758
1872	8	889
1872	9	775
1872	10	404
1872	11	76
1872	12	185
1873	1	521
1873	4	315
1873	6	914
1873	7	823
1873	8	241
1873	9	1372
1873	10	800
1873	11	84
1874	1	394
1874	2	229
1874	3	231
1874	4	165
1874	5	127
1874	6	1118
1875	12	508
1876	1	229
1876	2	152
1876	3	1143
1876	4	1016
1876	5	356
1876	6	762
1876	7	622
1876	8	1257
1876	9	953
1876	10	419
1876	11	533
1876	12	0
1877	1	203
1877	2	99
1877	3	229
1877	4	686
1877	5	1887
1877	6	1214
1877	7	330
1877	8	673
1877	9	681
1877	10	1194
1877	11	381
1877	12	363
1878	1	97
1878	5	2296
1878	6	2141
1878	7	2350
1879	11	1443
1887	12	254
1888	1	152
1888	2	356
1888	3	724
1888	4	381
1888	5	1968
1888	6	1245
1888	7	457
1888	8	1130
1888	9	152
1888	10	356
1888	11	521
1888	12	305
1889	1	381
1889	2	30
1889	3	64
1889	4	787
1889	5	1041
1889	6	1054
1889	7	1397
1889	8	597
1889	9	368
1889	10	178
1889	11	246
1889	12	64
1890	1	546
1890	2	102
1890	3	495
1890	4	165
1890	5	1123
1890	6	1626
1890	7	292
1890	8	1255
1890	9	665
1890	10	419
1890	11	353
1890	12	0
1891	1	574
1891	2	295
1891	3	480
1891	4	1059
1891	5	810
1891	6	1570
1891	7	889
1891	8	1186
1891	9	51
1891	10	706
1891	11	305
1891	12	577
1892	1	112
1892	2	302
1892	3	645
1892	4	1306
1892	5	2934
1892	6	246
1892	7	1237
1892	8	724
1892	9	160
1892	10	503
1892	11	74
1892	12	549
1893	1	173
1893	2	285
1893	3	668
1893	4	791
1893	5	805
1893	6	1047
1893	7	2247
1893	8	1579
1893	9	604
1893	10	23
1893	11	267
1893	12	193
1894	1	346
1894	2	356
1894	3	297
1894	4	524
1894	5	349
1894	6	1021
1894	7	104
1894	8	59
1894	9	643
1894	10	703
1894	11	140
1894	12	252
1895	1	100
1895	2	340
1895	3	242
1895	4	644
1895	5	758
1895	6	2115
1895	7	1635
1895	8	1179
1895	9	242
1895	10	23
1895	11	312
1895	12	226
1896	1	140
1896	2	86
1896	3	577
1896	4	945
1896	5	1900
1896	6	538
1896	7	1685
1896	8	726
1896	9	652
1896	10	838
1896	11	243
1896	12	244
1897	1	333
1897	2	143
1897	3	543
1897	4	1525
1897	5	510
1897	6	1026
1897	7	668
1897	8	641
1897	9	394
1897	10	413
1897	11	94
1897	12	396
1898	1	360
1898	2	541
1898	3	439
1898	4	939
1898	5	1309
1898	6	737
1898	7	1141
1898	8	295
1898	9	1459
1898	10	663
1898	11	374
1898	12	230
1899	1	62
1899	2	189
1899	3	681
1899	4	1093
1899	5	1802
1899	6	393
1899	7	1369
1899	8	1276
1899	9	221
1899	10	816
1899	11	279
1899	12	476
1900	1	124
1900	2	317
1900	3	272
1900	4	631
1900	5	1133
1900	6	801
1900	7	880
1900	8	1440
1900	9	924
1900	10	1994
1900	11	114
1900	12	127
1901	1	208
1901	2	360
1901	3	925
1901	4	845
1901	5	533
1901	6	1508
1901	7	1315
1901	8	165
1901	9	1242
1901	10	1023
1901	11	330
1901	12	192
1902	1	313
1902	2	76
1902	3	234
1902	4	455
1902	5	1823
1902	6	2972
1902	7	2038
1902	8	1717
1902	9	1198
1902	10	1074
1902	11	524
1902	12	642
1903	1	36
1903	2	299
1903	3	251
1903	4	488
1903	5	2380
1903	6	837
1903	7	513
1903	8	2411
1903	9	625
1903	10	297
1903	11	287
1903	12	43
1904	1	539
1904	2	35
1904	3	718
1904	4	1243
1904	5	1046
1904	6	1234
1904	7	1849
1904	8	1059
1904	9	353
1904	10	436
1904	11	23
1904	12	223
1905	1	221
1905	2	297
1905	3	447
1905	4	738
1905	5	1611
1905	6	965
1905	7	1324
1905	8	755
1905	9	1561
1905	10	593
1905	11	866
1905	12	48
1906	1	208
1906	2	392
1906	3	523
1906	4	716
1906	5	336
1906	6	619
1906	7	874
1906	8	732
1906	9	575
1906	10	285
1906	11	335
1906	12	310
1907	1	254
1907	2	168
1907	3	310
1907	4	512
1907	5	831
1907	6	1527
1907	7	1428
1907	8	1322
1907	9	749
1907	10	630
1907	11	401
1907	12	522
1908	1	51
1908	2	498
1908	3	166
1908	4	292
1908	5	2174
1908	6	1786
1908	7	924
1908	8	1469
1908	9	91
1908	10	1301
1908	11	376
1908	12	69
1909	1	323
1909	2	173
1909	3	445
1909	4	741
1909	5	1215
1909	6	2639
1909	7	1917
1909	8	240
1909	9	1419
1909	10	705
1909	11	1457
1909	12	477
1910	1	439
1910	2	69
1910	3	0
1910	4	493
1910	5	1575
1910	6	503
1910	7	551
1910	8	516
1910	9	1044
1910	10	394
1910	11	91
1910	12	94
1911	1	142
1911	2	1031
1911	3	292
1911	4	857
1911	5	1205
1911	6	193
1911	7	273
1911	8	639
1911	9	683
1911	10	989
1911	11	278
1911	12	666
1912	1	28
1912	2	697
1912	3	523
1912	4	662
1912	5	609
1912	6	714
1912	7	569
1912	8	1397
1912	9	1053
1912	10	808
1912	11	221
1912	12	86
1913	1	292
1913	2	221
1913	3	729
1913	4	738
1913	5	1470
1913	6	1040
1913	7	823
1913	8	130
1913	9	1890
1913	10	698
1913	11	297
1913	12	1201
1914	1	170
1914	2	391
1914	3	531
1914	4	674
1914	5	105
1914	6	807
1914	7	511
1914	8	953
1914	9	2470
1914	10	798
1914	11	66
1914	12	324
1915	1	503
1915	2	831
1915	3	394
1915	4	338
1915	5	2146
1915	6	1434
1915	7	3607
1915	8	832
1915	9	1559
1915	10	223
1915	11	418
1915	12	136
1916	1	591
1916	2	58
1916	3	65
1916	4	491
1916	5	1386
1916	6	1306
1916	7	313
1916	8	993
1916	9	2467
1916	10	455
1916	11	616
1916	12	192
1917	1	171
1917	2	33
1917	3	391
1917	4	1070
1917	5	1219
1917	6	1938
1917	7	62
1917	8	839
1917	9	242
1917	10	579
1917	11	74
1917	12	57
1918	1	134
1918	2	242
1918	3	29
1918	4	606
1918	5	879
1918	6	1252
1918	7	538
1918	8	784
1918	9	390
1918	10	1854
1918	11	560
1918	12	299
1919	1	129
1919	2	762
1919	3	922
1919	4	1497
1919	5	679
1919	6	1664
1919	7	576
1919	8	399
1919	9	1999
1919	10	657
1919	11	1011
1919	12	148
1920	1	61
1920	2	230
1920	3	454
1920	4	1144
1920	5	960
1920	6	344
1920	7	928
1920	8	765
1920	9	536
1920	10	566
1920	11	588
1920	12	207
1921	1	155
1921	2	76
1921	3	213
1921	4	557
1921	5	572
1921	6	826
1921	7	1116
1921	8	767
1921	9	1471
1921	10	790
1921	11	0
1921	12	97
1922	1	254
1922	2	333
1922	3	512
1922	4	734
1922	5	1203
1922	6	910
1922	7	1652
1922	8	938
1922	9	758
1922	10	662
1922	11	934
1922	12	48
1923	1	77
1923	2	36
1923	3	602
1923	4	498
1923	5	653
1923	6	1130
1923	7	520
1923	8	1301
1923	9	821
1923	10	312
1923	11	58
1923	12	69
1924	1	205
1924	2	360
1924	3	330
1924	4	287
1924	5	345
1924	6	1830
1924	7	921
1924	8	604
1924	9	489
1924	10	30
1924	11	183
1924	12	736
1925	1	127
1925	2	496
1925	3	356
1925	4	885
1925	5	179
1925	6	1334
1925	7	488
1925	8	2045
1925	9	1634
1925	10	586
1925	11	113
1925	12	233
1926	1	388
1926	2	218
1926	3	219
1926	4	102
1926	5	762
1926	6	1171
1926	7	1415
1926	8	896
1926	9	4488
1926	10	471
1926	11	335
1926	12	263
1927	1	81
1927	2	186
1927	3	888
1927	4	1117
1927	5	458
1927	6	604
1927	7	980
1927	8	424
1927	9	883
1927	10	579
1927	11	11
1927	12	226
1928	1	216
1928	2	165
1928	3	239
1928	4	767
1928	5	602
1928	6	2082
1928	7	1433
1928	8	832
1928	9	1873
1928	10	799
1928	11	1312
1928	12	195
1929	1	244
1929	2	172
1929	3	397
1929	4	1790
1929	5	1013
1929	6	1386
1929	7	2235
1929	8	563
1929	9	987
1929	10	1130
1929	11	398
1929	12	10
1930	1	505
1930	2	124
1930	3	221
1930	4	682
1930	5	1251
1930	6	1407
1930	7	237
1930	8	945
1930	9	218
1930	10	626
1930	11	693
1930	12	81
1931	1	76
1931	2	183
1931	3	443
1931	4	469
1931	5	612
1931	6	1347
1931	7	714
1931	8	1554
1931	9	1830
1931	10	1001
1931	11	1301
1931	12	579
1932	1	269
1932	2	264
1932	3	237
1932	4	592
1932	5	813
1932	6	1105
1932	7	822
1932	8	2391
1932	9	739
1932	10	243
1932	11	488
1932	12	322
1933	1	84
1933	2	45
1933	3	955
1933	4	125
1933	5	696
1933	6	655
1933	7	810
1933	8	2341
1933	9	1347
1933	10	285
1933	11	122
1933	12	304
1934	1	172
1934	2	165
1934	3	79
1934	4	59
1934	5	527
1934	6	678
1934	7	249
1934	8	727
1934	9	1353
1934	10	713
1934	11	1290
1934	12	39
1935	1	213
1935	2	224
1935	3	112
1935	4	318
1935	5	1260
1935	6	2013
1935	7	476
1935	8	339
1935	9	1369
1935	10	854
1935	11	712
1935	12	130
1936	1	804
1936	2	148
1936	3	186
1936	4	385
1936	5	1269
1936	6	973
1936	7	125
1936	8	446
1936	9	1253
1936	10	426
1936	11	74
1936	12	373
1937	1	421
1937	2	150
1937	3	434
1937	4	773
1937	5	886
1937	6	484
1937	7	1605
1937	8	225
1937	9	150
1937	10	290
1937	11	173
1937	12	93
1938	1	58
1938	2	112
1938	3	504
1938	4	641
1938	5	1566
1938	6	978
1938	7	679
1938	8	1296
1938	9	697
1938	10	46
1938	11	696
1938	12	128
1939	1	161
1939	2	432
1939	3	618
1939	4	630
1939	5	459
1939	6	2669
1939	7	803
1939	8	611
1939	9	119
1939	10	320
1939	11	48
1939	12	222
1940	1	384
1940	2	289
1940	3	437
1940	4	934
1940	5	317
1940	6	795
1940	7	1769
1940	8	2559
1940	9	143
1940	10	183
1940	11	573
1940	12	301
1941	1	416
1941	2	111
1941	3	214
1941	4	693
1941	5	1072
1941	6	1889
1941	7	501
1941	8	642
1941	9	2215
1941	10	2651
1941	11	603
1941	12	389
1942	1	211
1942	2	438
1942	3	595
1942	4	69
1942	5	1628
1942	6	1568
1942	7	794
1942	8	957
1942	9	1258
1942	10	587
1942	11	219
1942	12	381
1943	1	31
1943	2	145
1943	3	341
1943	4	430
1943	5	1150
1943	6	3313
1943	7	654
1943	8	1550
1943	9	879
1943	10	277
1943	11	169
1943	12	194
1944	1	254
1944	2	159
1944	3	589
1944	4	1483
1944	5	1139
1944	6	745
1944	7	559
1944	8	1885
1944	9	529
1944	10	530
1944	11	334
1944	12	388
1945	1	107
1945	2	348
1945	3	800
1945	4	1076
1945	5	1203
1945	6	1245
1945	7	966
1945	8	1126
1945	9	825
1945	10	197
1945	11	208
1945	12	267
1946	1	131
1946	2	0
1946	3	1753
1946	4	185
1946	5	516
1946	6	1257
1946	7	564
1946	8	262
1946	9	404
1946	10	630
1946	11	86
1946	12	5
1947	1	132
1947	2	25
1947	3	536
1947	4	1458
1947	5	1012
1947	6	3035
1947	7	33
1947	8	0
1947	9	404
1947	10	401
1947	11	438
1947	12	264
1948	1	40
1948	2	307
1948	3	234
1948	4	650
1948	5	244
1948	6	818
1948	7	566
1948	8	607
1948	9	603
1948	10	568
1948	11	577
1948	12	340
1949	1	660
1949	2	122
1949	3	511
1949	4	224
1949	5	737
1949	6	2445
1949	7	385
1949	8	300
1949	9	707
1949	10	578
1949	11	150
1949	12	291
1950	1	150
1950	2	300
1950	3	173
1950	4	406
1950	5	1439
1950	6	824
1950	7	1169
1950	8	1635
1950	9	457
1950	10	145
1950	11	201
1950	12	0
1951	1	124
1951	2	680
1951	3	916
1951	4	778
1951	5	2038
1951	6	2054
1951	7	1080
1951	8	1645
1951	9	913
1951	10	433
1951	11	362
1951	12	88
1952	1	128
1952	2	149
1952	3	742
1952	4	714
1952	5	948
1952	6	1172
1952	7	693
1952	8	1553
1952	9	305
1952	10	0
1952	11	900
1952	12	263
1953	1	58
1953	2	293
1953	3	508
1953	4	968
1953	5	253
1953	6	1621
1953	7	356
1953	8	841
1953	9	348
1953	10	25
1953	11	325
1953	12	191
1954	1	0
1954	2	394
1954	3	172
1954	4	1000
1954	5	640
1954	6	1158
1954	7	33
1954	8	1923
1954	9	267
1954	10	1433
1954	11	31
1954	12	81
1955	1	359
1955	2	1016
1955	3	228
1955	4	531
1955	5	429
1955	6	1522
1955	7	163
1955	8	306
1955	9	613
1955	10	319
1955	11	33
1955	12	26
1956	1	64
1956	2	128
1956	3	74
1956	4	224
1956	5	571
1956	6	921
1956	7	1387
1956	8	1398
1956	9	206
1956	10	374
1956	11	835
1956	12	176
1957	1	153
1957	2	35
1957	3	776
1957	4	895
1957	5	1142
1957	6	1692
1957	7	305
1957	8	681
1957	9	1194
1957	10	1127
1957	11	384
1957	12	216
1958	1	257
1958	2	173
1958	3	227
1958	4	284
1958	5	1310
1958	6	419
1958	7	4370
1958	8	359
1958	9	1711
1958	10	69
1958	11	516
1958	12	10
1959	1	214
1959	2	257
1959	3	909
1959	4	531
1959	5	2259
1959	6	1154
1959	7	891
1959	8	1425
1959	9	1714
1959	10	592
1959	11	193
1959	12	556
1960	1	854
1960	2	312
1960	3	385
1960	4	623
1960	5	977
1960	6	1635
1960	7	790
1960	8	2715
1960	9	856
1960	10	447
1960	11	126
1960	12	125
1961	1	69
1961	2	544
1961	3	1274
1961	4	594
1961	5	816
1961	6	1378
1961	7	1649
1961	8	950
1961	9	3063
1961	10	767
1961	11	702
1961	12	407
1962	1	232
1962	2	535
1962	3	189
1962	4	365
1962	5	1951
1962	6	534
1962	7	2454
1962	8	986
1962	9	873
1962	10	936
1962	11	310
1962	12	136
1963	1	106
1963	2	95
1963	3	820
1963	4	1769
1963	5	1098
1963	6	478
1963	7	1034
1963	8	1950
1963	9	1057
1963	10	390
1963	11	292
1963	12	127
1964	1	50
1964	2	38
1964	3	476
1964	4	1640
1964	5	1636
1964	6	1872
1964	7	902
1964	8	795
1964	9	1433
1964	10	84
1964	11	379
1964	12	223
1965	1	365
1965	2	324
1965	3	695
1965	4	541
1965	5	1384
1965	6	1619
1965	7	1778
1965	8	915
1965	9	1933
1965	10	127
1965	11	318
1965	12	427
1966	1	363
1966	2	65
1966	3	430
1966	4	184
1966	5	920
1966	6	1363
1966	7	1107
1966	8	668
1966	9	673
1966	10	116
1966	11	127
1966	12	195
1967	1	177
1967	2	119
1967	3	595
1967	4	784
1967	5	987
1967	6	2333
1967	7	488
1967	8	269
1967	9	697
1967	10	913
1967	11	127
1967	12	363
1968	1	137
1968	2	41
1968	3	141
1968	4	1042
1968	5	1044
1968	6	1103
1968	7	890
1968	8	995
1968	9	588
1968	10	807
1968	11	247
1968	12	571
1969	1	152
1969	2	234
1969	3	340
1969	4	1246
1969	5	1366
1969	6	1528
1969	7	1931
1969	8	640
1969	9	591
1969	10	1186
1969	11	119
1969	12	180
1970	1	46
1970	2	38
1970	3	426
1970	4	973
1970	5	628
1970	6	691
1970	7	806
1970	8	1050
1970	9	1026
1970	10	1080
1970	11	569
1970	12	195
1971	1	477
1971	2	526
1971	3	144
1971	4	437
1971	5	1879
1971	6	629
1971	7	771
1971	8	1654
1971	9	560
1971	10	1046
1971	11	1102
1971	12	250
1972	1	94
1972	2	97
1972	3	315
1972	4	914
1972	5	1056
1972	6	935
1972	7	1744
1972	8	811
1972	9	1266
1972	10	1072
1972	11	1026
1972	12	540
1973	1	619
1973	2	636
1973	3	1738
1973	4	1064
1973	5	1103
1973	6	426
1973	7	2070
1973	8	1336
1973	9	2132
1973	10	1216
1973	11	728
1973	12	684
1974	1	354
1974	2	152
1974	3	335
1974	4	1189
1974	5	1445
1974	6	734
1974	7	193
1974	8	831
1974	9	332
1974	10	956
1974	11	507
1974	12	315
1975	1	464
1975	2	386
1975	3	512
1975	4	523
1975	5	1242
1975	6	2397
1975	7	166
1975	8	558
1975	9	1231
1975	10	96
1975	11	924
1975	12	201
1976	1	76
1976	2	679
1976	3	569
1976	4	1402
1976	5	871
1976	6	646
1976	7	551
1976	8	719
1976	9	688
1976	10	435
1976	11	0
1976	12	36
1977	1	196
1977	2	63
1977	3	1038
1977	4	318
1977	5	1268
1977	6	1011
1977	7	878
1977	8	4217
1977	9	1725
1977	10	1670
1977	11	582
1977	12	106
1978	1	140
1978	2	218
1978	3	286
1978	4	1953
1978	5	1479
1978	6	943
1978	7	2127
1978	8	995
1978	9	1771
1978	10	145
1978	11	726
1978	12	86
1979	1	539
1979	2	85
1979	3	1273
1979	4	814
1979	5	613
1979	6	894
1979	7	1834
1979	8	548
1979	9	928
1979	10	1155
1979	11	523
1979	12	120
1980	1	214
1980	2	120
1980	3	532
1980	4	556
1980	5	311
1980	6	1717
1980	7	583
1980	8	2215
1980	9	206
1980	10	556
1980	11	161
1980	12	383
1981	1	0
1981	2	140
1981	3	469
1981	4	789
1981	5	1116
1981	6	1018
1981	7	2069
1981	8	1063
1981	9	910
1981	10	551
1981	11	576
1981	12	534
1982	1	580
1982	2	119
1982	3	1310
1982	4	841
1982	5	2016
1982	6	978
1982	7	1041
1982	8	2803
1982	9	1115
1982	10	471
1982	11	553
1982	12	715
1983	1	236
1983	2	135
1983	3	695
1983	4	476
1983	5	1168
1983	6	1933
1983	7	348
1983	8	334
1983	9	778
1983	10	980
1983	11	1457
1983	12	213
1984	1	102
1984	2	303
1984	3	770
1984	4	1845
1984	5	1444
1984	6	1647
1984	7	472
1984	8	221
1984	9	851
1984	10	1489
1984	11	74
1984	12	476
1985	1	152
1985	2	330
1985	3	444
1985	4	542
1985	5	836
1985	6	511
1985	7	1758
1985	8	1025
1985	9	1272
1985	10	912
1985	11	244
1985	12	222
1986	1	0
1986	2	373
1986	3	617
1986	4	1585
1986	5	953
1986	6	1158
1986	7	1515
1986	8	652
1986	9	1985
1986	10	902
1986	11	253
1986	12	455
1987	1	30
1987	2	103
1987	3	939
1987	4	462
1987	5	2481
1987	6	930
1987	7	2821
1987	8	2289
1987	9	672
1987	10	214
1987	11	934
1987	12	315
1988	1	89
1988	2	132
1988	3	94
1988	4	422
1988	5	344
1988	6	180
1988	7	1011
1988	8	637
1988	9	835
1988	10	112
1988	11	417
1988	12	124
1989	1	295
1989	2	184
1989	3	98
1989	4	208
1989	5	515
1989	6	1306
1989	7	1222
1989	8	1190
1989	9	2096
1989	10	533
1989	11	3
1989	12	112
1990	1	323
1990	2	108
1990	3	1112
1990	4	347
1990	5	1309
1990	6	2060
1990	7	1205
1990	8	937
1990	9	206
1990	10	356
1990	11	612
1990	12	254
1991	1	214
1991	2	38
1991	3	1026
1991	4	1243
1991	5	1121
1991	6	1486
1991	7	767
1991	8	424
1991	9	506
1991	10	499
1991	11	995
1991	12	292
1992	1	319
1992	2	303
1992	3	763
1992	4	897
1992	5	452
1992	6	490
1992	7	1782
1992	8	503
1992	9	1841
1992	10	330
1992	11	1259
1992	12	531
1993	1	311
1993	2	228
1993	3	527
1993	4	320
1993	5	2381
1993	6	1867
1993	7	3681
1993	8	1160
1993	9	1587
1993	10	386
1993	11	179
1993	12	236
1994	1	168
1994	2	196
1994	3	63
1994	4	470
1994	5	400
1994	6	1827
1994	7	543
1994	8	416
1994	9	694
1994	10	653
1994	11	425
1994	12	371
1995	1	219
1995	2	176
1995	3	682
1995	4	1031
1995	5	1859
1995	6	680
1995	7	909
1995	8	568
1995	9	431
1995	10	242
1995	11	473
1995	12	160
1996	1	306
1996	2	82
1996	3	245
1996	4	680
1996	5	2411
1996	6	1145
1996	7	1046
1996	8	1098
1996	9	789
1996	10	859
1996	11	946
1996	12	47
1997	1	201
1997	2	287
1997	3	287
1997	4	865
1997	5	1470
1997	6	882
1997	7	911
1997	8	813
1997	9	528
1997	10	904
1997	11	739
1997	12	452
1998	1	180
1998	2	580
1998	3	1106
1998	4	707
1998	5	1096
1998	6	2008
1998	7	1590
1998	8	235
1998	9	459
1998	10	839
1998	11	770
1998	12	76
1999	1	170
1999	2	389
1999	3	290
1999	4	1631
1999	5	1433
1999	6	948
1999	7	1212
1999	8	1375
1999	9	653
1999	10	56
1999	11	379
1999	12	92
2000	1	54
2000	2	541
2000	3	376
2000	4	622
2000	5	518
2000	6	2771
2000	7	2437
2000	8	809
2000	9	348
2000	10	552
2000	11	481
2000	12	296
2001	1	470
2001	2	781
2001	3	418
2001	4	765
2001	5	1618
2001	6	1194
2001	7	1085
2001	8	301
2001	9	1314
2001	10	862
2001	11	271
2001	12	158
2002	1	79
2002	2	229
2002	3	258
2002	4	588
2002	5	1265
2002	6	473
2002	7	731
2002	8	1165
2002	9	561
2002	10	1080
2002	11	95
2002	12	0
2003	1	135
2003	2	84
2003	3	274
2003	4	1009
2003	5	1442
2003	6	1000
2003	7	734
2003	8	534
2003	9	474
2003	10	222
2003	11	1490
2003	12	337
2004	1	297
2004	2	155
2004	3	1287
2004	4	172
2004	5	2463
2004	6	742
2004	7	1357
2004	8	1221
2004	9	289
2004	10	178
2004	11	395
2004	12	114
2005	1	338
2005	2	648
2005	3	275
2005	4	1090
2005	5	1403
2005	6	1616
2005	7	1644
2005	8	520
2005	9	77
2005	10	444
2005	11	339
2005	12	308
2006	1	194
2006	2	30
2006	3	682
2006	4	991
2006	5	743
2006	6	707
2006	7	848
2006	8	2107
2006	9	848
2006	10	665
2006	11	457
2006	12	749
2007	1	227
2007	2	281
2007	3	1118
2007	4	797
2007	5	2558
2007	6	608
2007	7	559
2007	8	2674
2007	9	528
2007	10	1482
2007	11	25
2007	12	873
2008	1	93
2008	2	264
2008	3	536
2008	4	766
2008	5	1579
2008	6	3325
2008	7	344
2008	8	233
2008	9	1288
2008	10	1695
2008	11	388
2008	12	265
2009	1	29
2009	2	204
2009	3	599
2009	4	1114
2009	5	971
2009	6	1699
2009	7	594
2009	8	858
2009	9	283
2009	10	1131
2009	11	575
2009	12	687
2010	1	351
2010	2	218
2010	3	801
2010	4	879
2010	5	1002
2010	6	2276
2010	7	1433
2010	8	511
2010	9	2098
2010	10	432
2010	11	597
2010	12	81
2011	1	170
2011	2	190
2011	3	353
2011	4	1188
2011	5	1717
2011	6	1490
2011	7	987
2011	8	2510
2011	9	180
2011	10	117
2011	11	812
2011	12	698
2012	1	89
2012	2	221
2012	3	1012
2012	4	1209
2012	5	485
2012	6	1109
2012	7	486
2012	8	1745
2012	9	348
2012	10	812
2012	11	274
2012	12	265
2013	1	190
2013	2	198
2013	3	176
2013	4	1211
2013	5	1909
2013	6	1262
2013	7	241
2013	8	290
2013	9	629
2013	10	432
2013	11	250
2013	12	122
2014	1	41
2014	2	331
2014	3	54
2014	4	805
2014	5	955
2014	6	2064
2014	7	726
2014	8	2203
2014	9	718
2014	10	981
2014	11	111
2014	12	322
2015	1	35
2015	2	346
2015	3	303
2015	4	1051
2015	5	1907
2015	6	2153
2015	7	2899
2015	8	1012
2015	9	1314
2015	10	45
