1891	11	917
1892	1	1290
1892	2	1278
1892	3	795
1892	4	747
1892	5	533
1892	6	2680
1892	7	1773
1892	8	1120
1892	9	1303
1892	10	130
1892	11	1130
1892	12	782
1893	1	508
1893	2	2065
1893	3	569
1893	4	597
1893	5	871
1893	6	1628
1893	7	470
1893	8	1303
1893	9	1059
1893	10	947
1893	11	424
1893	12	414
1894	1	1455
1894	2	1351
1894	3	711
1894	4	467
1894	5	782
1894	6	1196
1894	7	1577
1894	8	1001
1894	9	696
1894	10	787
1894	11	206
1894	12	1641
1895	1	2085
1895	2	531
1895	3	1514
1895	4	1402
1895	5	1095
1895	6	1267
1895	7	330
1895	8	1834
1895	9	33
1895	10	310
1895	11	704
1895	12	1212
1896	1	1064
1896	2	1318
1896	3	429
1896	4	234
1896	5	1186
1896	6	493
1896	7	2865
1896	8	259
1896	9	2339
1896	10	478
1896	11	1918
1896	12	404
1897	1	945
1897	2	1684
1897	3	1562
1897	4	1085
1897	5	206
1897	6	681
1897	7	699
1897	8	620
1897	9	386
1897	10	1074
1897	11	917
1897	12	752
1898	1	876
1898	2	246
1898	3	813
1898	4	922
1898	5	216
1898	6	434
1898	7	2619
1898	8	2009
1898	9	1402
1898	10	1509
1898	11	765
1898	12	935
1899	1	1425
1899	2	2014
1899	3	2037
1899	4	686
1899	5	320
1899	6	894
1899	7	1016
1899	8	762
1899	9	366
1899	10	851
1899	11	597
1899	12	871
1900	1	711
1900	2	2545
1900	3	1402
1900	4	1877
1900	5	538
1900	6	3630
1900	7	658
1900	8	871
1900	9	671
1900	10	968
1900	11	592
1900	12	1013
1901	1	1351
1901	2	958
1901	3	1570
1901	4	1699
1901	5	1819
1901	6	2012
1901	7	650
1901	8	3345
1901	9	1735
1901	10	76
1901	11	191
1901	12	2413
1902	1	1052
1902	2	2398
1902	3	1194
1902	4	373
1902	5	361
1902	6	1087
1902	7	1184
1902	8	805
1902	9	1377
1902	10	798
1902	11	1125
1902	12	1326
1903	1	1323
1903	2	3170
1903	3	2085
1903	4	1059
1903	5	152
1903	6	1019
1903	7	574
1903	8	1120
1903	9	478
1903	10	406
1903	11	617
1903	12	533
1904	1	975
1904	2	983
1904	3	1212
1904	4	409
1904	5	528
1904	6	970
1904	7	366
1904	8	2408
1904	9	480
1904	10	0
1904	11	612
1904	12	904
1905	1	919
1905	2	1245
1905	3	310
1905	4	709
1905	5	2197
1905	6	272
1905	7	1852
1905	8	1829
1905	9	422
1905	10	892
1905	11	378
1905	12	2563
1906	1	2959
1906	2	274
1906	3	2037
1906	4	480
1906	5	696
1906	6	1440
1906	7	4514
1906	8	1867
1906	9	2240
1906	10	1044
1906	11	422
1906	12	1516
1907	1	295
1907	2	919
1907	3	790
1907	4	1186
1907	5	1090
1907	6	564
1907	7	612
1907	8	1204
1907	9	828
1907	10	401
1907	11	1232
1907	12	1892
1908	1	1913
1908	2	1379
1908	3	1331
1908	4	1567
1908	5	401
1908	6	1229
1908	7	1687
1908	8	1872
1908	9	462
1908	10	1425
1908	11	422
1908	12	1499
1909	1	1204
1909	2	1595
1909	3	1595
1909	4	485
1909	5	1737
1909	6	2652
1909	7	1024
1909	8	1859
1909	9	1003
1909	10	638
1909	11	284
1909	12	1245
1910	1	792
1910	2	818
1910	3	338
1910	4	549
1910	5	2398
1910	6	1875
1910	7	1052
1910	8	1011
1910	9	1572
1910	10	356
1910	11	84
1910	12	1189
1911	1	897
1911	2	754
1911	3	1120
1911	4	1633
1911	5	452
1911	6	241
1911	7	1430
1911	8	1311
1911	9	856
1911	10	1864
1911	11	1212
1911	12	2182
1912	1	935
1912	2	1872
1912	3	2588
1912	4	1468
1912	5	1354
1912	6	2266
1912	7	1158
1912	8	851
1912	9	1575
1912	10	1240
1912	11	1021
1912	12	584
1913	1	1321
1913	2	1514
1913	3	1875
1913	4	765
1913	5	904
1913	6	1643
1913	7	1130
1913	8	1341
1913	9	1168
1913	10	825
1913	11	226
1913	12	1290
1914	1	300
1914	2	780
1914	3	371
1914	4	1417
1914	5	84
1914	6	66
1914	7	1003
1914	8	1135
1914	9	1125
1914	10	1161
1914	11	1059
1914	12	2794
1915	1	1770
1915	2	1613
1915	3	833
1915	4	0
1915	5	1511
1915	6	724
1915	7	678
1915	8	1516
1915	9	787
1915	10	1567
1915	11	757
1915	12	2235
1916	1	762
1916	2	1491
1916	3	401
1916	4	772
1916	5	1168
1916	6	1232
1916	7	2149
1916	8	587
1916	9	518
1916	10	630
1916	11	475
1916	12	1036
1917	1	1148
1917	2	1996
1917	3	2588
1917	4	942
1917	5	798
1917	6	1135
1917	7	973
1917	8	823
1917	9	1415
1917	10	439
1917	11	274
1917	12	267
1918	1	2568
1918	2	686
1918	3	706
1918	4	1080
1918	5	450
1918	6	1138
1918	7	1646
1918	8	1361
1918	9	1016
1918	10	2680
1918	11	762
1918	12	1928
1919	1	1679
1919	2	1138
1919	3	1293
1919	4	564
1919	5	1976
1919	6	2324
1919	7	1636
1919	8	787
1919	9	267
1919	10	1275
1919	11	660
1919	12	1443
1920	1	1737
1920	2	986
1920	3	2568
1920	4	1918
1920	5	792
1920	6	1379
1920	7	1511
1920	8	2273
1920	9	1189
1920	10	71
1920	11	1146
1920	12	1608
1921	1	1339
1921	2	2286
1921	3	851
1921	4	815
1921	5	1054
1921	6	742
1921	7	1300
1921	8	1585
1921	9	1915
1921	10	587
1921	11	1425
1921	12	709
1922	1	1712
1922	2	1902
1922	3	1882
1922	4	1707
1922	5	2042
1922	6	1245
1922	7	2327
1922	8	409
1922	9	470
1922	10	1262
1922	11	79
1922	12	2311
1923	1	930
1923	2	1483
1923	3	1237
1923	4	1463
1923	5	2789
1923	6	544
1923	7	1516
1923	8	1532
1923	9	114
1923	10	135
1923	11	930
1923	12	1676
1924	1	1306
1924	2	1407
1924	3	668
1924	4	1842
1924	5	1153
1924	6	899
1924	7	978
1924	8	874
1924	9	3498
1924	10	188
1924	11	145
1924	12	1768
1925	1	1918
1925	2	368
1925	3	678
1925	4	790
1925	5	447
1925	6	343
1925	7	612
1925	8	76
1925	9	254
1925	10	1483
1925	11	1273
1925	12	472
1926	1	2149
1926	2	1115
1926	3	1516
1926	4	533
1926	5	84
1926	6	1130
1926	7	963
1926	8	864
1926	9	752
1926	10	693
1926	11	1092
1926	12	1918
1927	1	277
1927	2	1222
1927	3	1176
1927	4	970
1927	5	323
1927	6	1176
1927	7	1636
1927	8	564
1927	9	295
1927	10	544
1927	11	503
1927	12	2418
1928	1	787
1928	2	932
1928	3	1153
1928	4	1461
1928	5	2253
1928	6	1511
1928	7	1331
1928	8	2253
1928	9	1008
1928	10	574
1928	11	251
1928	12	318
1929	1	1118
1929	2	2598
1929	3	2266
1929	4	1641
1929	5	2088
1929	6	1443
1929	7	734
1929	8	424
1929	9	2093
1929	10	1527
1929	11	1384
1929	12	813
1930	1	1330
1930	2	411
1930	3	918
1930	4	739
1930	5	986
1930	6	1444
1930	7	926
1930	8	333
1930	9	338
1930	10	505
1930	11	1074
1930	12	1224
1931	1	602
1931	2	933
1931	3	878
1931	4	1321
1931	5	2638
1931	6	94
1931	7	672
1931	8	376
1931	9	381
1931	10	572
1931	11	376
1931	12	3150
1932	1	1965
1932	2	1182
1932	3	1442
1932	4	796
1932	5	783
1932	6	1651
1932	7	783
1932	8	1525
1932	9	312
1932	10	2315
1932	11	1219
1932	12	3556
1933	1	675
1933	2	1300
1933	3	538
1933	4	718
1933	5	1189
1933	6	620
1933	7	2469
1933	8	996
1933	9	544
1933	10	103
1933	11	655
1933	12	1097
1934	1	687
1934	2	1182
1934	3	1423
1934	4	940
1934	5	1517
1934	6	1286
1934	7	1969
1934	8	1467
1934	9	604
1934	10	1424
1934	11	831
1934	12	1188
1935	1	788
1935	2	874
1935	3	871
1935	4	1278
1935	5	716
1935	6	652
1935	7	1634
1935	8	1411
1935	9	372
1935	10	635
1935	11	1613
1935	12	617
1936	1	3394
1936	2	1730
1936	3	1144
1936	4	1982
1936	5	165
1936	6	594
1936	7	1356
1936	8	1016
1936	9	2819
1936	10	2128
1936	11	460
1936	12	1843
1937	1	2718
1937	2	1287
1937	3	529
1937	4	1776
1937	5	880
1937	6	572
1937	7	1625
1937	8	1797
1937	9	732
1937	10	2332
1937	11	379
1937	12	544
1938	1	647
1938	2	317
1938	3	1796
1938	4	998
1938	5	615
1938	6	1293
1938	7	2086
1938	8	765
1938	9	995
1938	10	33
1938	11	392
1938	12	742
1939	1	1484
1939	2	2801
1939	3	1106
1939	4	806
1939	5	1219
1939	6	838
1939	7	937
1939	8	1793
1939	9	236
1939	10	151
1939	11	161
1939	12	1201
1940	1	1081
1940	2	1304
1940	3	1773
1940	4	635
1940	5	541
1940	6	725
1940	7	1582
1940	8	3591
1940	9	43
1940	10	188
1940	11	1131
1940	12	940
1941	1	590
1941	2	287
1941	3	1099
1941	4	471
1941	5	183
1941	6	684
1941	7	1666
1941	8	1499
1941	9	159
1941	10	574
1941	11	242
1941	12	1745
1942	1	907
1942	2	1357
1942	3	1951
1942	4	257
1942	5	1456
1942	6	960
1942	7	559
1942	8	1143
1942	9	918
1942	10	700
1942	11	293
1942	12	1888
1943	1	1897
1943	2	599
1943	3	1525
1943	4	1335
1943	5	877
1943	6	1196
1943	7	1873
1943	8	1104
1943	9	1092
1943	10	315
1943	11	464
1943	12	953
1944	1	882
1944	2	2273
1944	3	2845
1944	4	1347
1944	5	488
1944	6	753
1944	7	1044
1944	8	849
1944	9	1072
1944	10	556
1944	11	916
1944	12	688
1945	1	912
1945	2	1871
1945	3	1212
1945	4	1313
1945	5	1155
1945	6	761
1945	7	1037
1945	8	948
1945	9	965
1945	10	602
1945	11	635
1945	12	2241
1946	1	2005
1946	2	1333
1946	3	1128
1946	4	1316
1946	5	1382
1946	6	562
1946	7	1354
1946	8	1568
1946	9	347
1946	10	782
1946	11	971
1946	12	577
1947	1	2009
1947	2	514
1947	3	999
1947	4	990
1947	5	449
1947	6	1501
1947	7	283
1947	8	657
1947	9	741
1947	10	1451
1947	11	1950
1947	12	724
1948	1	828
1948	2	1328
1948	3	2151
1948	4	392
1948	5	834
1948	6	1063
1948	7	1473
1948	8	851
1948	9	904
1948	10	287
1948	11	3343
1948	12	1270
1949	1	1354
1949	2	1591
1949	3	888
1949	4	2053
1949	5	897
1949	6	816
1949	7	2136
1949	8	1872
1949	9	1861
1949	10	1373
1949	11	847
1949	12	883
1950	1	830
1950	2	454
1950	3	902
1950	4	293
1950	5	808
1950	6	1465
1950	7	2680
1950	8	701
1950	9	812
1950	10	970
1950	11	124
1950	12	1194
1951	1	417
1951	2	537
1951	3	1519
1951	4	1085
1951	5	295
1951	6	1355
1951	7	554
1951	8	1298
1951	9	995
1951	10	369
1951	11	673
1951	12	2516
1952	1	652
1952	2	897
1952	3	3640
1952	4	1056
1952	5	733
1952	6	205
1952	7	954
1952	8	1881
1952	9	389
1952	10	183
1952	11	612
1952	12	1422
1953	1	1387
1953	2	2220
1953	3	1265
1953	4	932
1953	5	999
1953	6	1003
1953	7	772
1953	8	534
1953	9	1418
1953	10	323
1953	11	251
1953	12	2143
1954	1	1006
1954	2	554
1954	3	1844
1954	4	710
1954	5	666
1954	6	649
1954	7	493
1954	8	473
1954	9	38
1954	10	104
1954	11	927
1954	12	1138
1955	1	792
1955	2	1306
1955	3	881
1955	4	1125
1955	5	861
1955	6	480
1955	7	1002
1955	8	1393
1955	9	401
1955	10	702
1955	11	799
1955	12	426
1956	1	464
1956	2	2538
1956	3	1313
1956	4	1582
1956	5	911
1956	6	412
1956	7	1047
1956	8	524
1956	9	1423
1956	10	503
1956	11	833
1956	12	879
1957	1	1286
1957	2	1375
1957	3	1092
1957	4	1773
1957	5	752
1957	6	1597
1957	7	257
1957	8	1044
1957	9	1395
1957	10	1357
1957	11	1895
1957	12	911
1958	1	983
1958	2	1413
1958	3	1563
1958	4	1482
1958	5	791
1958	6	574
1958	7	1796
1958	8	1862
1958	9	236
1958	10	524
1958	11	432
1958	12	759
1959	1	777
1959	2	975
1959	3	1558
1959	4	1688
1959	5	2003
1959	6	223
1959	7	2267
1959	8	1593
1959	9	1423
1959	10	2453
1959	11	460
1959	12	1005
1960	1	1557
1960	2	1648
1960	3	1169
1960	4	650
1960	5	1024
1960	6	773
1960	7	739
1960	8	1118
1960	9	945
1960	10	1062
1960	11	277
1960	12	547
1961	1	819
1961	2	2542
1961	3	1195
1961	4	1481
1961	5	800
1961	6	2104
1961	7	1107
1961	8	2607
1961	9	286
1961	10	180
1961	11	1182
1961	12	2585
1962	1	1225
1962	2	1377
1962	3	1941
1962	4	1387
1962	5	497
1962	6	1814
1962	7	391
1962	8	590
1962	9	881
1962	10	1005
1962	11	1136
1962	12	1439
1963	1	1109
1963	2	818
1963	3	2706
1963	4	1816
1963	5	966
1963	6	1800
1963	7	1254
1963	8	841
1963	9	1331
1963	10	241
1963	11	1206
1963	12	918
1964	1	2006
1964	2	1216
1964	3	2470
1964	4	3195
1964	5	729
1964	6	1112
1964	7	1763
1964	8	1808
1964	9	343
1964	10	1143
1964	11	800
1964	12	1081
1965	1	644
1965	2	1301
1965	3	1952
1965	4	1308
1965	5	477
1965	6	1315
1965	7	958
1965	8	307
1965	9	414
1965	10	1709
1965	11	850
1965	12	145
1966	1	1399
1966	2	2134
1966	3	940
1966	4	857
1966	5	920
1966	6	508
1966	7	341
1966	8	1294
1966	9	1012
1966	10	1211
1966	11	624
1966	12	796
1967	1	1240
1967	2	927
1967	3	552
1967	4	783
1967	5	1309
1967	6	1806
1967	7	1094
1967	8	1888
1967	9	292
1967	10	876
1967	11	1146
1967	12	1641
1968	1	1234
1968	2	363
1968	3	977
1968	4	736
1968	5	1022
1968	6	939
1968	7	2814
1968	8	1100
1968	9	788
1968	10	1646
1968	11	1640
1968	12	1207
1969	1	1260
1969	2	1493
1969	3	1267
1969	4	1905
1969	5	852
1969	6	1679
1969	7	487
1969	8	1087
1969	9	729
1969	10	554
1969	11	775
1969	12	1129
1970	1	586
1970	2	929
1970	3	1037
1970	4	916
1970	5	721
1970	6	389
1970	7	598
1970	8	1768
1970	9	399
1970	10	1513
1970	11	377
1970	12	780
1971	1	1248
1971	2	1692
1971	3	1620
1971	4	870
1971	5	1038
1971	6	957
1971	7	1662
1971	8	1204
1971	9	970
1971	10	1565
1971	11	1557
1971	12	1530
1972	1	2026
1972	2	895
1972	3	1322
1972	4	462
1972	5	1537
1972	6	1862
1972	7	1111
1972	8	347
1972	9	406
1972	10	903
1972	11	1327
1972	12	1967
1973	1	1250
1973	2	1141
1973	3	2213
1973	4	1241
1973	5	1784
1973	6	1135
1973	7	895
1973	8	761
1973	9	1674
1973	10	325
1973	11	669
1973	12	1629
1974	1	2448
1974	2	1532
1974	3	951
1974	4	1002
1974	5	1216
1974	6	944
1974	7	1230
1974	8	1708
1974	9	873
1974	10	180
1974	11	752
1974	12	1062
1975	1	1529
1975	2	2022
1975	3	2758
1975	4	378
1975	5	2572
1975	6	1412
1975	7	1331
1975	8	453
1975	9	2012
1975	10	1646
1975	11	1110
1975	12	955
1976	1	1517
1976	2	696
1976	3	2157
1976	4	268
1976	5	1952
1976	6	1037
1976	7	1320
1976	8	940
1976	9	1424
1976	10	1788
1976	11	1007
1976	12	1895
1977	1	1181
1977	2	643
1977	3	2414
1977	4	892
1977	5	694
1977	6	464
1977	7	552
1977	8	589
1977	9	1627
1977	10	1844
1977	11	1228
1977	12	1050
1978	1	2108
1978	2	168
1978	3	1427
1978	4	835
1978	5	1440
1978	6	1081
1978	7	1170
1978	8	1291
1978	9	892
1978	10	127
1978	11	815
1978	12	1216
1979	1	1821
1979	2	1487
1979	3	1321
1979	4	2484
1979	5	1584
1979	6	1352
1979	7	2304
1979	8	1186
1979	9	1379
1979	10	942
1979	11	1831
1979	12	388
1980	1	1587
1980	2	470
1980	3	3466
1980	4	1129
1980	5	1468
1980	6	696
1980	7	232
1980	8	308
1980	9	1906
1980	10	1253
1980	11	786
1980	12	163
1981	1	164
1981	2	1292
1981	3	771
1981	4	319
1981	5	969
1981	6	873
1981	7	738
1981	8	92
1981	9	648
1981	10	913
1981	11	399
1981	12	1959
1982	1	2112
1982	2	2105
1982	3	657
1982	4	1094
1982	5	341
1982	6	1107
1982	7	1010
1982	8	1304
1982	9	415
1982	10	795
1982	11	1064
1982	12	1591
1983	1	852
1983	2	1454
1983	3	1525
1983	4	1135
1983	5	1440
1983	6	257
1983	7	354
1983	8	454
1983	9	842
1983	10	902
1983	11	1679
1983	12	2644
1984	1	1147
1984	2	1547
1984	3	1423
1984	4	1584
1984	5	1413
1984	6	1178
1984	7	2816
1984	8	1227
1984	9	43
1984	10	763
1984	11	591
1984	12	781
1985	1	1011
1985	2	1862
1985	3	260
1985	4	623
1985	5	968
1985	6	673
1985	7	2517
1985	8	2032
1985	9	100
1985	10	1505
1985	11	1769
1985	12	303
1986	1	384
1986	2	402
1986	3	793
1986	4	198
1986	5	793
1986	6	76
1986	7	730
1986	8	939
1986	9	1221
1986	10	2079
1986	11	1554
1986	12	1286
1987	1	1440
1987	2	1474
1987	3	1630
1987	4	634
1987	5	746
1987	6	1052
1987	7	561
1987	8	1046
1987	9	760
1987	10	87
1987	11	1103
1987	12	1524
1988	1	1377
1988	2	569
1988	3	558
1988	4	1055
1988	5	522
1988	6	168
1988	7	1073
1988	8	1084
1988	9	1435
1988	10	651
1988	11	947
1988	12	396
1989	1	686
1989	2	1501
1989	3	1210
1989	4	875
1989	5	1331
1989	6	1669
1989	7	2053
1989	8	1558
1989	9	1425
1989	10	1089
1989	11	1153
1989	12	1165
1990	1	2051
1990	2	1328
1990	3	2343
1990	4	428
1990	5	648
1990	6	448
1990	7	707
1990	8	1646
1990	9	1322
1990	10	1840
1990	11	397
1990	12	993
1991	1	1384
1991	2	846
1991	3	1519
1991	4	1480
1991	5	1358
1991	6	1398
1991	7	845
1991	8	2250
1991	9	857
1991	10	39
1991	11	397
1991	12	849
1992	1	781
1992	2	1531
1992	3	1375
1992	4	648
1992	5	1118
1992	6	982
1992	7	505
1992	8	2569
1992	9	1544
1992	10	1018
1992	11	2352
1992	12	1671
1993	1	2034
1993	2	1042
1993	3	2240
1993	4	895
1993	5	998
1993	6	228
1993	7	308
1993	8	1146
1993	9	1134
1993	10	630
1993	11	1163
1993	12	1052
1994	1	1202
1994	2	1358
1994	3	1401
1994	4	765
1994	5	478
1994	6	1877
1994	7	2175
1994	8	2771
1994	9	569
1994	10	1298
1994	11	679
1994	12	933
1995	1	1452
1995	2	1424
1995	3	823
1995	4	533
1995	5	642
1995	6	1277
1995	7	739
1995	8	2892
1995	9	397
1995	10	1993
1995	11	1384
1995	12	664
1996	1	1856
1996	2	1083
1996	3	2174
1996	4	1268
1996	5	1559
1996	6	502
1996	7	584
1996	8	630
1996	9	1094
1996	10	513
1996	11	673
1996	12	1215
1997	1	1408
1997	2	1475
1997	3	1103
1997	4	1383
1997	5	760
1997	6	936
1997	7	950
1997	8	940
1997	9	1141
1997	10	1400
1997	11	1008
1997	12	1275
1998	1	2130
1998	2	1944
1998	3	1035
1998	4	2662
1998	5	1211
1998	6	1013
1998	7	742
1998	8	525
1998	9	1405
1998	10	1001
1998	11	723
1998	12	1227
1999	1	1188
1999	2	1394
1999	3	502
1999	4	1631
1999	5	581
1999	6	833
1999	7	587
1999	8	650
1999	9	745
1999	10	1479
1999	11	695
1999	12	789
2000	1	1273
2000	2	533
2000	3	1317
2000	4	1097
2000	5	39
2000	6	705
2000	7	482
2000	8	985
2000	9	928
2000	10	5
2000	11	1354
2000	12	737
2001	1	884
2001	2	583
2001	3	1708
2001	4	234
2001	5	513
2001	6	987
2001	7	1208
2001	8	1536
2001	9	1013
2001	10	246
2001	11	371
2001	12	742
2002	1	1502
2002	2	499
2002	3	1660
2002	4	292
2002	5	977
2002	6	602
2002	7	496
2002	8	1094
2002	9	2152
2002	10	1391
2002	11	1330
2002	12	2071
2003	1	581
2003	2	1727
2003	3	2161
2003	4	1108
2003	5	1879
2003	6	1856
2003	7	2767
2003	8	1274
2003	9	633
2003	10	1013
2003	11	1068
2003	12	905
2004	1	569
2004	2	1098
2004	3	299
2004	4	236
2004	5	1013
2004	6	1202
2004	7	1854
2004	8	918
2004	9	2398
2004	10	419
2004	11	1208
2004	12	1372
2005	1	546
2005	2	1009
2005	3	1558
2005	4	867
2005	5	1046
2005	6	2458
2005	7	2302
2005	8	987
2005	9	168
2005	10	717
2005	11	956
2005	12	1382
2006	1	1087
2006	2	506
2006	3	480
2006	4	1034
2006	5	221
2006	6	1333
2006	7	555
2006	8	661
2006	9	1295
2006	10	1138
2006	11	740
2006	12	1118
2007	1	1464
2007	2	1003
2007	3	922
2007	4	277
2007	5	376
2007	6	847
2007	7	776
2007	8	435
2007	9	572
2007	10	407
2007	11	320
2007	12	1458
2008	1	621
2008	2	1222
2008	3	1179
2008	4	923
2008	5	581
2008	6	155
2008	7	361
2008	8	1705
2008	9	126
2008	10	671
2008	11	489
2008	12	1170
2009	1	1116
2009	2	612
2009	3	2049
2009	4	910
2009	5	1449
2009	6	566
2009	7	283
2009	8	755
2009	9	1108
2009	10	1662
2009	11	1672
2009	12	2487
2010	1	1738
2010	2	1137
2010	3	713
2010	4	652
2010	5	1380
2010	6	1069
2010	7	571
2010	8	1172
2010	9	881
2010	10	424
2010	11	552
2010	12	802
2011	1	612
2011	2	833
2011	3	1982
2011	4	801
2011	5	489
2011	6	1089
2011	7	658
2011	8	264
2011	9	1467
2011	10	450
2011	11	1228
2011	12	1097
2012	1	1222
2012	2	553
2012	3	782
2012	4	744
2012	5	1267
2012	6	1433
2012	7	1136
2012	8	2156
2012	9	637
2012	10	916
2012	11	191
2012	12	1432
2013	1	2009
2013	2	1126
2013	3	1217
2013	4	1243
2013	5	1311
2013	6	1601
2013	7	4842
2013	8	3007
2013	9	728
2013	10	545
2013	11	951
2013	12	1954
2014	1	954
2014	2	701
2014	3	978
2014	4	1457
2014	5	1208
2014	6	844
2014	7	801
2014	8	1581
2014	9	897
2014	10	880
2014	11	1048
2014	12	993
2015	1	1010
2015	2	1102
2015	3	676
2015	4	1539
2015	5	447
2015	6	1149
2015	7	918
2015	8	1673
2015	9	899
2015	10	1347
