1893	1	19
1893	2	41
1893	3	78
1893	4	166
1893	5	195
1893	6	75
1893	7	95
1893	8	91
1893	9	46
1893	10	102
1894	2	29
1894	4	280
1894	5	45
1894	6	206
1894	7	214
1894	8	99
1894	9	211
1894	10	36
1894	11	10
1894	12	41
1895	2	35
1895	3	341
1895	4	212
1895	5	848
1895	6	426
1895	7	251
1895	8	38
1895	9	65
1895	10	266
1895	11	160
1895	12	57
1896	1	120
1896	2	76
1896	3	266
1896	4	383
1896	5	561
1896	6	357
1896	7	159
1896	8	126
1896	9	223
1896	10	133
1896	11	121
1896	12	0
1897	1	51
1897	2	34
1897	3	291
1897	4	191
1897	5	257
1897	6	172
1897	7	136
1897	8	338
1897	9	79
1897	10	161
1897	11	163
1897	12	65
1898	1	83
1898	2	29
1898	3	143
1898	4	123
1898	5	725
1898	6	201
1898	7	182
1898	8	75
1898	9	77
1898	10	113
1898	11	129
1898	12	59
1899	1	178
1899	2	33
1899	3	512
1899	4	306
1899	5	531
1899	6	351
1899	7	152
1899	8	25
1899	9	305
1899	10	272
1899	11	0
1899	12	81
1900	1	18
1900	2	173
1900	3	0
1900	4	765
1900	5	127
1900	6	0
1900	7	470
1900	8	0
1900	9	239
1900	10	178
1900	11	0
1900	12	160
1901	1	25
1901	2	231
1901	3	305
1901	4	262
1901	5	399
1901	6	559
1901	7	323
1901	8	89
1901	9	0
1901	10	368
1901	11	127
1901	12	348
1902	1	104
1902	2	3
1902	3	145
1902	4	132
1902	5	607
1902	6	229
1902	7	343
1902	8	58
1902	9	198
1902	10	69
1902	11	20
1902	12	272
1903	1	234
1903	2	76
1903	3	157
1903	4	310
1903	5	361
1903	6	135
1903	7	239
1903	8	157
1903	9	404
1903	10	94
1903	11	0
1903	12	51
1904	1	69
1904	2	43
1904	3	221
1904	4	119
1904	5	721
1904	6	363
1904	7	91
1904	8	163
1904	9	145
1904	10	483
1904	11	0
1904	12	28
1905	1	211
1905	2	69
1905	3	107
1905	4	384
1905	5	422
1905	6	165
1905	7	434
1905	8	81
1905	9	401
1905	10	90
1905	11	66
1905	12	10
1906	1	47
1906	2	39
1906	3	350
1906	4	381
1906	5	554
1906	6	168
1906	7	214
1906	8	735
1906	9	314
1906	10	206
1906	11	68
1906	12	115
1907	1	61
1907	2	143
1907	3	140
1907	4	77
1907	5	403
1907	6	192
1907	7	56
1907	8	51
1907	9	161
1907	10	62
1907	11	5
1907	12	54
1908	1	45
1908	2	46
1908	3	119
1908	4	230
1908	5	991
1908	6	281
1908	7	232
1908	8	443
1908	9	194
1908	10	262
1908	11	42
1908	12	59
1909	1	56
1909	2	151
1909	3	68
1909	4	89
1909	5	541
1909	6	424
1909	7	102
1909	8	490
1909	9	307
1909	10	178
1909	11	150
1909	12	150
1910	1	82
1910	2	38
1910	3	83
1910	4	359
1910	5	332
1910	6	435
1910	7	338
1910	8	0
1910	9	69
1910	10	728
1910	11	54
1910	12	24
1911	1	39
1911	2	56
1911	3	23
1911	4	415
1911	5	318
1911	6	186
1911	7	206
1911	8	28
1911	9	137
1911	10	349
1911	11	133
1911	12	116
1912	1	31
1912	2	82
1912	3	532
1912	4	143
1912	5	528
1912	6	224
1912	7	484
1912	8	212
1912	9	546
1912	10	357
1912	11	49
1912	12	117
1913	1	14
1913	2	33
1913	3	55
1913	4	27
1913	5	211
1913	6	325
1913	7	127
1913	8	79
1913	9	69
1913	10	364
1913	11	114
1913	12	246
1914	1	8
1914	2	109
1914	3	97
1914	4	546
1914	5	210
1914	6	131
1914	7	325
1914	8	168
1914	9	20
1914	10	334
1914	11	0
1914	12	15
1915	1	90
1915	2	94
1915	3	262
1915	4	510
1915	5	634
1915	6	640
1915	7	220
1915	8	350
1915	9	907
1915	10	96
1915	11	169
1915	12	224
1916	1	104
1916	2	102
1916	3	173
1916	4	330
1916	5	275
1916	6	3
1916	7	29
1916	8	107
1916	9	86
1916	10	173
1916	11	72
1916	12	146
1917	1	79
1917	2	74
1917	3	124
1917	4	377
1917	5	759
1917	6	183
1917	7	11
1917	8	165
1917	9	154
1917	10	99
1917	11	66
1917	12	63
1918	1	162
1918	2	143
1918	3	121
1918	4	581
1918	5	584
1918	6	259
1918	7	426
1918	8	61
1918	9	439
1918	10	148
1918	11	64
1918	12	57
1919	1	0
1919	2	74
1919	3	43
1919	4	491
1919	5	191
1919	6	41
1919	7	120
1919	8	39
1919	9	270
1919	10	342
1919	11	185
1919	12	56
1920	1	49
1920	2	170
1920	3	186
1920	4	436
1920	5	635
1920	6	128
1920	7	175
1920	8	274
1920	9	8
1920	10	419
1920	11	178
1920	12	76
1921	1	99
1921	2	86
1921	3	122
1921	4	241
1921	5	513
1921	6	592
1921	7	81
1921	8	300
1921	9	71
1921	10	56
1921	11	119
1921	12	366
1922	1	91
1922	2	79
1922	3	71
1922	4	635
1922	5	617
1922	6	28
1922	7	137
1922	8	239
1922	9	3
1922	10	143
1922	11	225
1922	12	63
1923	1	119
1923	2	244
1923	3	54
1923	4	118
1923	5	365
1923	6	153
1923	7	654
1923	8	145
1923	9	1398
1923	10	156
1923	11	46
1923	12	133
1924	1	52
1924	2	91
1924	3	128
1924	4	112
1924	5	537
1924	6	66
1924	7	74
1924	8	67
1924	9	439
1924	10	646
1924	11	213
1924	12	94
1925	1	43
1925	2	66
1925	3	8
1925	4	366
1925	5	398
1925	6	432
1925	7	404
1925	8	168
1925	9	277
1925	10	356
1925	11	10
1925	12	188
1926	1	61
1926	2	81
1926	3	103
1926	4	201
1926	5	765
1926	6	450
1926	7	840
1926	8	292
1926	9	450
1926	10	135
1926	11	183
1926	12	69
1927	1	21
1927	2	46
1927	3	287
1927	4	297
1927	5	246
1927	6	275
1927	7	343
1927	8	360
1927	9	218
1927	10	795
1927	11	157
1927	12	23
1928	1	99
1928	2	43
1928	3	114
1928	4	97
1928	5	762
1928	6	748
1928	7	165
1928	8	79
1928	9	84
1928	10	351
1928	11	212
1928	12	68
1929	1	91
1929	2	33
1929	3	229
1929	4	447
1929	5	815
1929	6	38
1929	7	58
1929	8	82
1929	9	498
1929	10	231
1929	11	107
1929	12	25
1930	1	69
1930	2	97
1930	3	124
1930	4	192
1930	5	787
1930	6	122
1930	7	279
1930	8	800
1930	9	79
1930	10	175
1930	11	53
1930	12	145
1931	1	30
1931	2	70
1931	3	207
1931	4	236
1931	5	599
1931	6	513
1931	7	1364
1931	8	729
1931	9	196
1931	10	247
1931	11	156
1931	12	38
1932	1	107
1932	2	34
1932	3	128
1932	4	420
1932	5	357
1932	6	212
1932	7	36
1932	8	237
1932	9	41
1932	10	116
1932	11	43
1932	12	126
1933	1	18
1933	2	69
1933	3	189
1933	4	153
1933	5	466
1933	6	38
1933	7	119
1933	8	316
1933	9	347
1933	10	20
1933	11	265
1933	12	6
1934	1	33
1934	2	203
1934	3	113
1934	4	237
1934	5	58
1934	6	228
1934	7	361
1934	8	61
1934	9	422
1934	10	3
1934	11	177
1934	12	41
1935	1	21
1935	2	53
1935	3	89
1935	4	280
1935	5	914
1935	6	72
1935	7	0
1935	8	438
1935	9	297
1935	10	131
1935	11	88
1935	12	96
1936	1	79
1936	2	100
1936	3	169
1936	4	196
1936	5	91
1936	6	546
1936	7	318
1936	8	313
1936	9	102
1936	10	325
1936	11	203
1936	12	95
1937	1	99
1937	2	134
1937	3	283
1937	4	366
1937	5	354
1937	6	448
1937	7	1320
1937	8	232
1937	9	86
1937	10	295
1937	11	308
1937	12	173
1938	1	84
1938	2	49
1938	3	82
1938	4	470
1938	5	538
1938	6	135
1938	7	103
1938	8	452
1938	9	251
1938	10	112
1938	11	177
1938	12	80
1939	1	92
1939	2	194
1939	3	68
1939	4	224
1939	5	248
1939	6	250
1939	7	61
1939	8	74
1939	9	191
1939	10	279
1939	11	0
1939	12	36
1940	1	75
1940	2	111
1940	3	90
1940	4	687
1940	5	74
1940	6	37
1940	7	368
1940	8	102
1940	9	270
1940	10	83
1940	11	165
1940	12	13
1941	1	48
1941	2	130
1941	3	176
1941	4	881
1941	5	283
1941	6	373
1941	7	400
1941	8	631
1941	9	266
1941	10	566
1941	11	151
1941	12	124
1942	1	48
1942	2	57
1942	3	58
1942	4	311
1942	5	489
1942	6	66
1942	7	343
1942	8	110
1942	9	169
1942	10	444
1942	11	186
1942	12	37
1943	1	66
1943	2	19
1943	3	123
1943	4	277
1943	5	178
1943	6	252
1943	7	33
1943	8	65
1943	9	249
1943	10	160
1943	11	56
1943	12	107
1944	1	160
1944	2	114
1944	3	192
1944	4	357
1944	5	286
1944	6	261
1944	7	212
1944	8	16
1944	9	290
1944	10	116
1944	11	176
1944	12	62
1945	1	90
1945	2	109
1945	3	266
1945	4	448
1945	5	162
1945	6	531
1945	7	36
1945	8	349
1945	9	312
1945	10	126
1945	11	36
1945	12	145
1946	1	55
1946	2	47
1946	3	200
1946	4	99
1946	5	892
1946	6	239
1946	7	77
1946	8	207
1946	9	357
1946	10	406
1946	11	89
1946	12	59
1947	1	51
1947	2	41
1947	3	53
1947	4	234
1947	5	644
1947	6	1007
1947	7	258
1947	8	166
1947	9	99
1947	10	209
1947	11	177
1947	12	160
1948	1	28
1948	2	138
1948	3	93
1948	4	29
1948	5	158
1948	6	584
1948	7	43
1948	8	186
1948	9	178
1948	10	165
1948	11	107
1948	12	41
1949	1	349
1949	2	31
1949	3	72
1949	4	206
1949	5	721
1949	6	203
1949	7	307
1949	8	56
1949	9	104
1949	10	527
1949	11	92
1949	12	92
1950	1	77
1950	2	48
1950	3	194
1950	4	517
1950	5	508
1950	6	239
1950	7	290
1950	8	11
1950	9	525
1950	10	175
1950	11	42
1950	12	16
1951	1	85
1951	2	29
1951	3	57
1951	4	328
1951	5	536
1951	6	391
1951	7	178
1951	8	100
1951	9	285
1951	10	546
1951	11	18
1951	12	94
1952	1	0
1952	2	216
1952	3	122
1952	4	52
1952	5	1173
1952	6	185
1952	7	111
1952	8	319
1952	9	23
1952	10	38
1952	11	66
1952	12	54
1953	1	56
1953	2	197
1953	3	107
1953	4	362
1953	5	495
1953	6	79
1953	7	64
1953	8	110
1953	9	42
1953	10	51
1953	11	122
1953	12	70
1954	1	21
1954	2	97
1954	3	398
1954	4	123
1954	5	133
1954	6	246
1954	7	267
1954	8	96
1954	9	96
1954	10	462
1954	11	28
1954	12	140
1955	1	160
1955	2	162
1955	3	175
1955	4	115
1955	5	206
1955	6	396
1955	7	127
1955	8	95
1955	9	195
1955	10	134
1955	11	161
1955	12	71
1956	1	56
1956	2	16
1956	3	102
1956	4	135
1956	5	267
1956	6	6
1956	7	216
1956	8	171
1956	9	26
1956	10	158
1956	11	178
1956	12	79
1957	1	16
1957	2	16
1957	3	216
1957	4	226
1957	5	378
1957	6	672
1957	7	391
1957	8	293
1957	9	208
1957	10	440
1957	11	141
1957	12	26
1958	1	76
1958	2	65
1958	3	339
1958	4	290
1958	5	368
1958	6	277
1958	7	303
1958	8	300
1958	9	90
1958	10	20
1958	11	184
1958	12	149
1959	1	77
1959	2	180
1959	3	412
1959	4	115
1959	5	348
1959	6	323
1959	7	23
1959	8	140
1959	9	514
1959	10	125
1959	11	46
1959	12	49
1960	1	64
1960	2	165
1960	3	59
1960	4	136
1960	5	199
1960	6	245
1960	7	92
1960	8	323
1960	9	121
1960	10	61
1960	11	127
1960	12	53
1961	1	8
1961	2	110
1961	3	107
1961	4	148
1961	5	322
1961	6	313
1961	7	216
1961	8	58
1961	9	467
1961	10	155
1961	11	75
1961	12	0
1962	1	0
1962	2	107
1962	3	28
1962	4	20
1962	5	614
1962	6	252
1962	7	444
1962	8	150
1962	9	135
1962	10	640
1962	11	84
1962	12	10
1963	1	44
1963	2	89
1963	3	150
1963	4	459
1963	5	120
1963	6	604
1963	7	186
1963	8	338
1963	9	158
1963	10	46
1963	11	62
1963	12	76
1964	1	125
1964	2	264
1964	3	182
1964	4	456
1964	5	645
1964	6	357
1964	7	131
1964	8	75
1964	9	51
1964	10	0
1964	11	132
1964	12	100
1965	1	61
1965	2	76
1965	3	48
1965	4	273
1965	5	933
1965	6	489
1965	7	113
1965	8	147
1965	9	455
1965	10	23
1965	11	15
1965	12	297
1966	1	62
1966	2	124
1966	3	64
1966	4	219
1966	5	153
1966	6	376
1966	7	159
1966	8	234
1966	9	124
1966	10	588
1966	11	122
1966	12	31
1967	1	138
1967	2	136
1967	3	86
1967	4	279
1967	5	362
1967	6	802
1967	7	229
1967	8	24
1967	9	364
1967	10	263
1967	11	173
1967	12	211
1968	1	92
1968	2	95
1968	3	146
1968	4	417
1968	5	472
1968	6	296
1968	7	64
1968	8	203
1968	9	35
1968	10	64
1968	11	164
1968	12	153
1969	1	26
1969	2	205
1969	3	125
1969	4	325
1969	5	5
1969	6	546
1969	7	300
1969	8	120
1969	9	67
1969	10	233
1969	11	160
1969	12	97
1970	1	42
1970	2	23
1970	3	400
1970	4	312
1970	5	355
1970	6	951
1970	7	61
1970	8	41
1970	9	50
1970	10	143
1970	11	214
1970	12	135
1971	1	52
1971	2	121
1971	3	184
1971	4	419
1971	5	753
1971	6	3
1971	7	103
1971	8	0
1971	9	284
1971	10	433
1971	11	97
1971	12	46
1972	1	89
1972	2	91
1972	3	223
1972	4	424
1972	5	426
1972	6	466
1972	7	92
1972	8	384
1972	9	32
1972	10	470
1972	11	214
1972	12	79
1973	1	133
1973	2	110
1973	3	364
1973	4	545
1973	5	230
1973	6	96
1973	7	568
1973	8	10
1973	9	465
1973	10	69
1973	11	149
1973	12	323
1974	1	95
1974	2	104
1974	3	73
1974	4	855
1974	5	25
1974	6	473
1974	7	238
1974	8	167
1974	9	132
1974	10	205
1974	11	26
1974	12	69
1975	1	120
1975	2	31
1975	3	133
1975	4	134
1975	5	990
1975	6	162
1975	7	103
1975	8	33
1975	9	244
1975	10	164
1975	11	62
1975	12	100
1976	1	100
1976	2	87
1976	3	32
1976	4	493
1976	5	294
1976	6	361
1976	7	251
1976	8	87
1976	9	239
1976	10	166
1976	11	18
1976	12	36
1977	1	49
1977	2	10
1977	3	234
1977	4	320
1977	5	607
1977	6	31
1977	7	365
1977	8	164
1977	9	116
1977	10	76
1977	11	188
1977	12	41
1978	1	97
1978	2	83
1978	3	81
1978	4	427
1978	5	1272
1978	6	54
1978	7	414
1978	8	231
1978	9	41
1978	10	72
1978	11	97
1978	12	135
1979	1	59
1979	2	49
1979	3	139
1979	4	242
1979	5	655
1979	6	396
1979	7	25
1979	8	587
1979	9	44
1979	10	480
1979	11	191
1979	12	54
1980	1	174
1980	2	69
1980	3	263
1980	4	53
1980	5	519
1980	6	16
1980	7	55
1980	8	281
1980	9	14
1980	10	279
1980	11	76
1980	12	67
1981	1	26
1981	2	28
1981	3	445
1981	4	205
1981	5	778
1981	6	67
1981	7	388
1981	8	275
1981	9	97
1981	10	247
1981	11	156
1981	12	34
1982	1	18
1982	2	70
1982	3	81
1982	4	184
1982	5	549
1982	6	455
1982	7	155
1982	8	47
1982	9	447
1982	10	376
1982	11	94
1982	12	307
1983	1	111
1983	2	44
1983	3	374
1983	4	391
1983	5	330
1983	6	418
1983	7	234
1983	8	323
1983	9	111
1983	10	251
1983	11	221
1983	12	59
1984	1	103
1984	2	97
1984	3	173
1984	4	279
1984	5	206
1984	6	180
1984	7	530
1984	8	44
1984	9	98
1984	10	192
1984	11	104
1984	12	30
1985	1	113
1985	2	104
1985	3	112
1985	4	86
1985	5	283
1985	6	255
1985	7	145
1985	8	68
1985	9	277
1985	10	94
1985	11	202
1985	12	53
1986	1	117
1986	2	83
1986	3	114
1986	4	337
1986	5	199
1986	6	363
1986	7	221
1986	8	103
1986	9	118
1986	10	524
1986	11	121
1986	12	11
1987	1	86
1987	2	262
1987	3	133
1987	4	38
1987	5	267
1987	6	160
1987	7	257
1987	8	204
1987	9	61
1987	10	89
1987	11	165
1987	12	58
1988	1	59
1988	2	61
1988	3	191
1988	4	89
1988	5	234
1988	6	21
1988	7	161
1988	8	89
1988	9	469
1988	10	3
1988	11	110
1988	12	23
1989	1	5
1989	2	244
1989	3	25
1989	4	8
1989	5	569
1989	6	327
1989	7	130
1989	8	161
1989	9	369
1989	10	207
1989	11	13
1989	12	33
1990	1	11
1990	2	44
1990	3	163
1990	4	313
1990	5	353
1990	6	64
1990	7	345
1990	8	79
1990	9	118
1990	10	206
1990	11	89
1990	12	46
1991	1	51
1991	2	0
1991	3	138
1991	4	173
1991	5	660
1991	6	721
1991	7	98
1991	8	142
1991	9	162
1991	10	71
1991	11	229
1991	12	100
1992	1	99
1992	2	212
1992	3	148
1992	4	112
1992	5	377
1992	6	625
1992	7	365
1992	8	422
1992	9	201
1992	10	72
1992	11	236
1992	12	256
1993	1	84
1993	2	271
1993	3	76
1993	4	585
1993	5	440
1993	6	580
1993	7	430
1993	8	209
1993	9	228
1993	10	347
1993	11	313
1993	12	191
1994	1	276
1994	2	179
1994	3	117
1994	4	266
1994	5	133
1994	6	120
1994	7	53
1994	8	263
1994	9	181
1994	10	960
1994	11	158
1994	12	185
1995	1	196
1995	2	160
1995	3	242
1995	4	338
1995	5	2262
1995	6	664
1995	7	97
1995	8	56
1995	9	413
1995	10	505
1995	11	125
1995	12	145
1996	1	167
1996	2	36
1996	3	109
1996	4	745
1996	5	508
1996	6	203
1996	7	262
1996	8	149
1996	9	150
1996	10	871
1996	11	314
1996	12	156
1997	1	328
1997	2	432
1997	3	123
1997	4	381
1997	5	767
1997	6	312
1997	7	200
1997	8	447
1997	9	226
1997	10	264
1997	11	5
1997	12	209
1998	1	276
1998	2	233
1998	3	213
1998	4	191
1998	5	138
1998	6	903
1998	7	314
1998	8	255
1998	9	247
1998	10	1637
1998	11	188
1998	12	20
1999	1	263
1999	2	195
1999	3	79
1999	4	657
1999	5	673
1999	6	388
1999	7	193
1999	8	117
1999	9	340
1999	10	43
1999	11	262
1999	12	173
2000	1	270
2000	2	199
2000	3	246
2000	4	539
2000	5	676
2000	6	297
2000	7	56
2000	8	287
2000	9	359
2000	10	39
2000	11	412
2000	12	225
2001	1	193
2001	2	191
2001	3	48
2001	4	373
2001	5	199
2001	6	41
2001	7	500
2001	8	378
2001	9	283
2001	10	280
2001	11	224
2001	12	52
2002	1	73
2002	2	163
2002	3	221
2002	4	306
2002	5	176
2002	6	89
2002	7	157
2002	8	69
2002	9	391
2002	10	249
2002	11	127
2002	12	158
2003	1	35
2003	2	247
2003	3	237
2003	4	421
2003	5	222
2003	6	701
2003	7	186
2003	8	231
2003	9	331
2003	10	130
2003	11	132
2003	12	192
2004	1	19
2004	2	266
2004	3	97
2004	4	100
2004	5	205
2004	6	219
2004	7	139
2004	8	3
2004	9	427
2004	10	224
2004	11	190
2004	12	54
2005	1	98
2005	2	79
2005	3	283
2005	4	247
2005	5	689
2005	6	165
2005	7	279
2005	8	147
2005	9	143
2005	10	295
2005	11	198
2005	12	266
2006	1	470
2006	2	167
2006	3	141
2006	4	309
2006	5	211
2006	6	5
2006	7	220
2006	8	183
2006	9	500
2006	10	102
2006	11	201
2006	12	119
2007	1	276
2007	2	144
2007	3	383
2007	4	44
2007	5	780
2007	6	432
2007	7	145
2007	8	201
2007	9	104
2007	10	411
2007	11	5
2007	12	246
2008	1	257
2008	2	88
2008	3	330
2008	4	332
2008	5	1159
2008	6	274
2008	7	77
2008	8	122
2008	9	289
2008	10	340
2008	11	107
2008	12	73
2009	1	325
2009	2	255
2009	3	350
2009	4	917
2009	5	291
2009	6	764
2009	7	448
2009	8	180
2009	9	261
2009	10	589
2009	11	8
2009	12	218
2010	1	28
2010	2	74
2010	3	478
2010	4	586
2010	5	418
2010	6	704
2010	7	186
2010	8	74
2010	9	55
2010	10	377
2010	11	254
2010	12	305
2011	1	134
2011	2	195
2011	3	241
2011	4	617
2011	5	928
2011	6	500
2011	7	279
2011	8	97
2011	9	36
2011	10	384
2011	11	190
2011	12	224
2012	1	307
2012	2	277
2012	3	23
2012	4	193
2012	5	316
2012	6	0
2012	7	133
2012	8	0
2012	9	92
2012	10	102
2012	11	66
2012	12	59
2013	1	25
2013	2	270
2013	3	113
2013	4	461
2013	5	541
2013	6	71
2013	7	147
2013	8	155
2013	9	820
2013	10	868
2013	11	16
2013	12	262
2014	1	129
2014	2	61
2014	3	649
2014	4	333
2014	5	254
2014	6	244
2014	7	354
2014	8	501
2014	9	381
2014	10	145
2014	11	94
2014	12	243
2015	1	102
2015	2	115
2015	3	143
2015	4	452
2015	5	1341
2015	6	297
2015	7	171
2015	8	147
2015	9	117
2015	10	250
