1868	9	907
1868	10	132
1868	11	622
1868	12	178
1869	1	584
1869	2	533
1869	3	1156
1869	4	457
1869	5	1516
1869	6	1295
1869	7	1168
1869	8	279
1869	9	1372
1869	10	457
1869	11	729
1876	4	257
1876	5	1621
1876	6	1260
1876	7	2316
1876	8	754
1876	9	1412
1876	10	749
1876	11	632
1876	12	376
1877	1	617
1877	2	142
1877	3	2017
1878	5	114
1878	6	1255
1879	5	175
1879	6	1257
1879	7	2662
1879	12	930
1880	1	876
1880	2	643
1880	3	366
1880	4	1097
1880	5	582
1880	6	1062
1880	7	699
1880	8	953
1880	9	605
1880	10	297
1880	11	765
1880	12	912
1881	1	792
1881	2	1146
1881	3	1273
1881	4	640
1881	5	683
1881	6	1560
1881	7	1273
1881	8	246
1881	9	1046
1881	10	983
1881	11	899
1881	12	127
1882	1	632
1882	2	445
1882	3	787
1882	4	152
1882	5	1590
1883	1	533
1883	2	1415
1883	3	401
1883	4	361
1883	5	1369
1883	6	866
1883	7	1486
1883	8	577
1883	9	749
1883	10	846
1883	11	658
1883	12	1115
1884	1	909
1884	2	1021
1884	3	876
1884	4	51
1884	5	541
1884	6	584
1884	7	848
1884	8	434
1884	9	1036
1884	10	376
1884	11	249
1884	12	1039
1885	1	1191
1885	2	411
1885	3	315
1885	4	549
1885	5	1295
1887	3	688
1887	4	759
1887	5	884
1887	6	1468
1887	7	239
1887	8	457
1887	9	528
1887	10	279
1887	11	561
1887	12	681
1888	1	848
1888	2	617
1888	3	848
1888	4	630
1888	5	970
1888	6	587
1888	7	1153
1888	8	1105
1888	9	488
1888	10	808
1888	11	1257
1888	12	353
1889	1	1100
1889	2	615
1889	3	541
1889	4	401
1889	5	754
1889	6	1234
1889	7	1709
1889	8	503
1889	9	1029
1889	10	345
1889	11	897
1889	12	998
1890	1	1196
1890	2	1575
1890	3	1110
1890	4	787
1890	5	1618
1890	6	1250
1890	7	678
1890	8	1184
1890	9	1303
1890	10	1892
1890	11	665
1890	12	442
1891	1	754
1891	2	1016
1891	3	942
1891	4	422
1891	5	569
1891	6	1811
1891	7	823
1891	8	457
1891	9	236
1891	10	338
1891	11	1455
1891	12	742
1892	1	635
1892	3	859
1892	4	620
1892	5	1953
1892	6	2004
1892	7	1201
1892	8	683
1892	9	813
1892	10	94
1892	11	523
1892	12	442
1893	1	1019
1893	2	1608
1893	3	480
1893	4	1438
1893	5	1595
1893	6	638
1893	7	351
1893	8	389
1893	9	470
1893	10	1308
1893	11	632
1893	12	681
1894	1	556
1894	2	856
1894	3	599
1894	4	442
1894	5	1120
1894	6	566
1894	7	351
1894	8	193
1894	9	1080
1894	10	597
1894	11	612
1894	12	800
1895	1	1008
1895	2	104
1895	3	503
1895	4	429
1895	5	351
1895	6	1067
1895	7	556
1895	8	584
1895	9	996
1895	10	292
1895	11	1069
1895	12	892
1896	1	439
1896	2	577
1896	3	932
1896	4	848
1896	5	866
1896	6	1011
1896	7	2045
1896	8	498
1896	9	1311
1896	10	180
1896	11	452
1896	12	772
1897	1	869
1897	2	671
1897	3	714
1897	4	699
1897	5	1262
1897	6	757
1897	7	988
1897	8	980
1897	9	74
1897	10	226
1897	11	1463
1897	12	635
1898	1	1041
1898	2	577
1898	3	1636
1898	4	650
1898	5	1168
1898	6	686
1898	7	1725
1898	8	1405
1898	9	546
1898	10	1087
1898	11	1052
1898	12	582
1899	1	836
1899	2	417
1899	3	1003
1899	4	325
1899	5	1123
1899	6	495
1899	7	947
1899	8	135
1899	9	1412
1899	10	561
1899	11	404
1899	12	706
1900	1	706
1900	2	697
1900	3	594
1900	4	432
1900	5	566
1900	6	942
1900	7	1436
1900	8	1517
1900	9	557
1900	10	533
1900	11	1093
1900	12	252
1901	1	401
1901	2	304
1901	3	786
1901	4	626
1901	5	1094
1901	6	1226
1901	7	842
1901	8	910
1901	9	1433
1901	10	200
1901	11	413
1901	12	881
1902	1	161
1902	2	212
1902	3	761
1902	4	395
1902	5	653
1902	6	1411
1902	7	1335
1902	8	477
1902	9	759
1902	10	182
1902	11	459
1902	12	1060
1903	1	900
1903	2	734
1903	3	409
1903	4	424
1903	5	251
1903	6	809
1903	7	530
1903	8	282
1903	9	0
1903	10	539
1903	11	547
1903	12	495
1904	1	1341
1904	2	990
1904	3	1555
1904	4	1674
1904	5	767
1904	6	297
1904	7	997
1904	8	0
1904	9	563
1904	10	220
1904	11	101
1904	12	630
1905	1	465
1905	2	346
1905	3	408
1905	4	460
1905	5	1312
1905	6	1104
1905	7	1280
1905	8	958
1905	9	1296
1905	10	589
1905	11	41
1905	12	92
1906	1	465
1906	2	271
1906	3	907
1906	4	450
1906	5	757
1906	6	969
1906	7	998
1906	8	1291
1906	9	1312
1906	10	903
1906	11	462
1906	12	964
1907	1	1757
1907	2	276
1907	3	1372
1907	4	603
1907	5	554
1907	6	709
1907	7	1006
1907	8	417
1907	9	617
1907	10	593
1907	11	312
1907	12	815
1908	1	498
1908	2	988
1908	3	712
1908	4	715
1908	5	760
1908	6	424
1908	7	874
1908	8	805
1908	9	175
1908	10	235
1908	11	277
1908	12	487
1909	1	674
1909	2	1325
1909	3	693
1909	4	704
1909	5	753
1909	6	1432
1909	7	985
1909	8	1145
1909	9	210
1909	10	371
1909	11	738
1909	12	646
1910	1	1343
1910	2	1121
1910	3	138
1910	4	769
1910	5	1009
1910	6	578
1910	7	285
1910	8	241
1910	9	659
1910	10	722
1910	11	551
1910	12	583
1911	1	743
1911	2	566
1911	3	626
1911	4	798
1911	5	470
1911	6	366
1911	7	651
1911	8	1115
1911	9	1658
1911	10	1054
1911	11	636
1911	12	975
1912	1	584
1912	2	401
1912	3	959
1912	4	440
1912	5	1361
1912	6	561
1912	7	1636
1912	8	1863
1912	9	1095
1912	10	200
1912	11	403
1912	12	521
1913	1	1590
1913	2	542
1913	3	2527
1913	4	777
1913	5	417
1913	6	247
1913	7	711
1913	8	952
1913	9	230
1913	10	628
1913	11	908
1913	12	487
1914	1	415
1914	2	496
1914	3	296
1914	4	1024
1914	5	630
1914	6	109
1914	7	312
1914	8	864
1914	9	145
1914	10	797
1914	11	427
1914	12	781
1915	1	590
1915	2	517
1915	3	299
1915	4	359
1915	5	711
1915	6	1605
1915	7	2122
1915	8	999
1915	9	1245
1915	10	725
1915	11	673
1915	12	843
1916	1	1264
1916	2	439
1916	3	1200
1916	4	742
1916	5	750
1916	6	1283
1916	7	561
1916	8	574
1916	9	271
1916	10	503
1916	11	669
1916	12	618
1917	1	791
1917	2	332
1917	3	932
1917	4	508
1917	5	999
1917	6	1229
1917	7	558
1917	8	620
1917	9	375
1917	10	1209
1917	11	122
1917	12	417
1918	1	676
1918	2	606
1918	3	511
1918	4	753
1918	5	1240
1918	6	487
1918	7	681
1918	8	769
1918	9	832
1918	10	717
1918	11	364
1918	12	943
1919	1	305
1919	2	243
1919	3	958
1919	4	677
1919	5	1568
1919	6	667
1919	7	1631
1919	8	1872
1919	9	371
1919	10	1524
1919	11	688
1919	12	429
1920	1	628
1920	2	231
1920	3	527
1920	4	1440
1920	5	403
1920	6	2098
1920	7	822
1920	8	1841
1920	9	539
1920	10	331
1920	11	623
1920	12	491
1921	1	509
1921	2	611
1921	3	1590
1921	4	1087
1921	5	868
1921	6	705
1921	7	741
1921	8	472
1921	9	1615
1921	10	402
1921	11	1448
1921	12	598
1922	1	434
1922	2	576
1922	3	967
1922	4	1117
1922	5	1424
1922	6	774
1922	7	1282
1922	8	297
1922	9	226
1922	10	424
1922	11	432
1922	12	795
1923	1	1098
1923	2	455
1923	3	632
1923	4	578
1923	5	1044
1923	6	507
1923	7	528
1923	8	1193
1923	9	782
1923	10	351
1923	11	716
1923	12	1335
1924	1	934
1924	2	548
1924	3	716
1924	4	727
1924	5	1049
1924	6	1625
1924	7	1098
1924	8	596
1924	9	1368
1924	10	75
1924	11	271
1924	12	874
1925	1	462
1925	2	534
1925	3	637
1925	4	474
1925	5	621
1925	6	571
1925	7	1041
1925	8	478
1925	9	1037
1925	10	763
1925	11	896
1925	12	239
1926	1	671
1926	2	711
1926	3	476
1926	4	639
1926	5	670
1926	6	910
1926	7	634
1926	8	700
1926	9	1897
1926	10	1344
1926	11	671
1926	12	430
1927	1	709
1927	2	693
1927	3	1045
1927	4	768
1927	5	1130
1927	6	854
1927	7	1088
1927	8	731
1927	9	683
1927	10	230
1927	11	1765
1927	12	1300
1928	1	472
1928	2	808
1928	3	894
1928	4	678
1928	5	430
1928	6	1313
1928	7	953
1928	8	642
1928	9	165
1928	10	551
1928	11	740
1928	12	470
1929	1	1344
1929	2	666
1929	3	810
1929	4	1418
1929	5	1229
1929	6	1042
1929	7	1724
1929	8	320
1929	9	422
1929	10	601
1929	11	899
1929	12	793
1930	1	1353
1930	2	670
1930	3	779
1930	4	566
1930	5	403
1930	6	727
1930	7	434
1930	8	671
1930	9	643
1930	10	459
1930	11	308
1930	12	297
1931	1	359
1931	2	458
1931	3	401
1931	4	1041
1931	5	1132
1931	6	888
1931	7	754
1931	8	1188
1931	9	884
1931	10	457
1931	11	510
1931	12	992
1932	1	1476
1932	2	314
1932	3	685
1932	4	647
1932	5	490
1932	6	872
1932	7	798
1932	8	512
1932	9	490
1932	10	904
1932	11	828
1932	12	764
1933	1	388
1933	2	366
1933	3	1414
1933	4	882
1933	5	1210
1933	6	425
1933	7	440
1933	8	979
1933	9	1075
1933	10	380
1933	11	381
1933	12	585
1934	1	352
1934	2	297
1934	3	602
1934	4	712
1934	5	109
1934	6	1144
1934	7	648
1934	8	1069
1934	9	1552
1934	10	246
1934	11	584
1934	12	283
1935	1	656
1935	2	443
1935	3	665
1935	4	257
1935	5	1060
1935	6	1244
1935	7	2362
1935	8	2422
1935	9	498
1935	10	666
1935	11	737
1935	12	763
1936	1	364
1936	2	826
1936	3	1182
1936	4	625
1936	5	643
1936	6	362
1936	7	1426
1936	8	1386
1936	9	676
1936	10	861
1936	11	546
1936	12	380
1937	1	2284
1937	2	391
1937	3	495
1937	4	1217
1937	5	894
1937	6	1267
1937	7	794
1937	8	698
1937	9	665
1937	10	1095
1937	11	203
1937	12	709
1938	1	365
1938	2	544
1938	3	1275
1938	4	825
1938	5	1116
1938	6	1198
1938	7	975
1938	8	675
1938	9	811
1938	10	124
1938	11	831
1938	12	316
1939	1	623
1939	2	832
1939	3	1169
1939	4	731
1939	5	367
1939	6	1245
1939	7	445
1939	8	745
1939	9	484
1939	10	720
1939	11	141
1939	12	256
1940	1	392
1940	2	754
1940	3	818
1940	4	1137
1940	5	1046
1940	6	1464
1940	7	1023
1940	8	1300
1940	9	294
1940	10	419
1940	11	699
1940	12	744
1941	1	367
1941	2	236
1941	3	284
1941	4	159
1941	5	753
1941	6	941
1941	7	1455
1941	8	851
1941	9	558
1941	10	1041
1941	11	485
1941	12	457
1942	1	344
1942	2	617
1942	3	625
1942	4	544
1942	5	948
1942	6	845
1942	7	539
1942	8	336
1942	9	704
1942	10	566
1942	11	603
1942	12	879
1943	1	412
1943	2	371
1943	3	805
1943	4	590
1943	5	1592
1943	6	224
1943	7	1453
1943	8	875
1943	9	453
1943	10	432
1943	11	206
1943	12	171
1944	1	207
1944	2	417
1944	3	956
1944	4	1099
1944	5	1542
1944	6	898
1944	7	315
1944	8	859
1944	9	287
1944	10	241
1944	11	260
1944	12	582
1945	1	241
1945	2	508
1945	3	1590
1945	4	845
1945	5	1221
1945	6	1218
1945	7	742
1945	8	444
1945	9	1417
1945	10	722
1945	11	598
1945	12	391
1946	1	189
1946	2	719
1946	3	646
1946	4	189
1946	5	1818
1946	6	1795
1946	7	755
1946	8	321
1946	9	291
1946	10	918
1946	11	607
1946	12	550
1947	1	1021
1947	2	120
1947	3	253
1947	4	1215
1947	5	1461
1947	6	2550
1947	7	927
1947	8	1794
1947	9	949
1947	10	418
1947	11	563
1947	12	270
1948	1	475
1948	2	581
1948	3	1135
1948	4	1029
1948	5	902
1948	6	1385
1948	7	370
1948	8	534
1948	9	557
1948	10	591
1948	11	599
1948	12	769
1949	1	1018
1949	2	554
1949	3	513
1949	4	709
1949	5	658
1949	6	1088
1949	7	1246
1949	8	863
1949	9	529
1949	10	249
1949	11	239
1949	12	663
1950	1	2092
1950	2	1056
1950	3	562
1950	4	850
1950	5	1284
1950	6	1341
1950	7	1095
1950	8	1358
1950	9	340
1950	10	320
1950	11	1298
1950	12	767
1951	1	820
1951	2	901
1951	3	984
1951	4	932
1951	5	800
1951	6	812
1951	7	1079
1951	8	210
1951	9	1279
1951	10	328
1951	11	1017
1951	12	1264
1952	1	1264
1952	2	455
1952	3	848
1952	4	785
1952	5	686
1952	6	259
1952	7	1202
1952	8	736
1952	9	796
1952	10	262
1952	11	379
1952	12	470
1953	1	1004
1953	2	233
1953	3	590
1953	4	690
1953	5	1206
1953	6	394
1953	7	934
1953	8	364
1953	9	307
1953	10	83
1953	11	258
1953	12	420
1954	1	674
1954	2	252
1954	3	1080
1954	4	1223
1954	5	298
1954	6	443
1954	7	361
1954	8	647
1954	9	427
1954	10	1839
1954	11	270
1954	12	506
1955	1	454
1955	2	622
1955	3	1322
1955	4	643
1955	5	555
1955	6	478
1955	7	1746
1955	8	884
1955	9	724
1955	10	843
1955	11	940
1955	12	26
1956	1	382
1956	2	1182
1956	3	1054
1956	4	713
1956	5	1963
1956	6	1191
1956	7	1374
1956	8	974
1956	9	961
1956	10	238
1956	11	271
1956	12	735
1957	1	468
1957	2	359
1957	3	496
1957	4	1565
1957	5	1233
1957	6	2141
1957	7	954
1957	8	955
1957	9	1479
1957	10	382
1957	11	498
1957	12	814
1958	1	424
1958	2	205
1958	3	259
1958	4	1036
1958	5	767
1958	6	1673
1958	7	2092
1958	8	1228
1958	9	705
1958	10	198
1958	11	519
1958	12	156
1959	1	1454
1959	2	809
1959	3	545
1959	4	1016
1959	5	579
1959	6	1033
1959	7	1111
1959	8	1008
1959	9	1173
1959	10	953
1959	11	748
1959	12	635
1960	1	631
1960	2	568
1960	3	385
1960	4	249
1960	5	939
1960	6	929
1960	7	864
1960	8	1096
1960	9	151
1960	10	350
1960	11	390
1960	12	413
1961	1	241
1961	2	737
1961	3	926
1961	4	1101
1961	5	540
1961	6	1330
1961	7	1164
1961	8	900
1961	9	571
1961	10	355
1961	11	826
1961	12	386
1962	1	617
1962	2	511
1962	3	654
1962	4	247
1962	5	675
1962	6	356
1962	7	913
1962	8	383
1962	9	1120
1962	10	550
1962	11	600
1962	12	465
1963	1	324
1963	2	203
1963	3	1231
1963	4	720
1963	5	686
1963	6	607
1963	7	925
1963	8	568
1963	9	183
1963	10	23
1963	11	447
1963	12	225
1964	1	398
1964	2	374
1964	3	1951
1964	4	1401
1964	5	1132
1964	6	559
1964	7	1278
1964	8	1130
1964	9	142
1964	10	287
1964	11	337
1964	12	906
1965	1	786
1965	2	666
1965	3	533
1965	4	635
1965	5	1163
1965	6	562
1965	7	567
1965	8	1166
1965	9	890
1965	10	1005
1965	11	573
1965	12	332
1966	1	562
1966	2	552
1966	3	430
1966	4	928
1966	5	693
1966	6	429
1966	7	557
1966	8	877
1966	9	426
1966	10	325
1966	11	1318
1966	12	565
1967	1	216
1967	2	499
1967	3	925
1967	4	808
1967	5	1218
1967	6	231
1967	7	293
1967	8	764
1967	9	878
1967	10	446
1967	11	671
1967	12	654
1968	1	1020
1968	2	54
1968	3	574
1968	4	447
1968	5	1845
1968	6	908
1968	7	543
1968	8	875
1968	9	715
1968	10	361
1968	11	954
1968	12	929
1969	1	568
1969	2	152
1969	3	233
1969	4	1238
1969	5	1142
1969	6	992
1969	7	3250
1969	8	770
1969	9	595
1969	10	399
1969	11	633
1969	12	545
1970	1	342
1970	2	341
1970	3	436
1970	4	1235
1970	5	1476
1970	6	1186
1970	7	929
1970	8	284
1970	9	1067
1970	10	813
1970	11	944
1970	12	710
1971	1	333
1971	2	718
1971	3	560
1971	4	203
1971	5	844
1971	6	486
1971	7	1106
1971	8	122
1971	9	831
1971	10	328
1971	11	368
1971	12	920
1972	1	304
1972	2	428
1972	3	790
1972	4	1115
1972	5	711
1972	6	855
1972	7	1703
1972	8	979
1972	9	1502
1972	10	345
1972	11	1196
1972	12	663
1973	1	483
1973	2	515
1973	3	962
1973	4	807
1973	5	1417
1973	6	1202
1973	7	811
1973	8	817
1973	9	546
1973	10	815
1973	11	755
1973	12	598
1974	1	753
1974	2	351
1974	3	1185
1974	4	610
1974	5	1170
1974	6	651
1974	7	181
1974	8	1402
1974	9	509
1974	10	351
1974	11	1065
1974	12	859
1975	1	999
1975	2	967
1975	3	759
1975	4	328
1975	5	743
1975	6	982
1975	7	335
1975	8	1323
1975	9	1366
1975	10	623
1975	11	359
1975	12	681
1976	1	713
1976	2	710
1976	3	666
1976	4	431
1976	5	455
1976	6	934
1976	7	811
1976	8	1215
1976	9	697
1976	10	651
1976	11	127
1976	12	232
1977	1	386
1977	2	327
1977	3	994
1977	4	999
1977	5	266
1977	6	826
1977	7	2205
1977	8	1490
1977	9	1420
1977	10	501
1977	11	727
1977	12	1140
1978	1	779
1978	2	112
1978	3	593
1978	4	800
1978	5	1250
1978	6	973
1978	7	387
1978	8	917
1978	9	245
1978	10	1163
1978	11	348
1978	12	1066
1979	1	832
1979	2	676
1979	3	349
1979	4	1047
1979	5	935
1979	6	833
1979	7	794
1979	8	1267
1979	9	2174
1979	10	411
1979	11	712
1979	12	458
1980	1	357
1980	2	288
1980	3	1107
1980	4	726
1980	5	916
1980	6	1262
1980	7	1409
1980	8	2403
1980	9	408
1980	10	442
1980	11	448
1980	12	380
1981	1	137
1981	2	752
1981	3	216
1981	4	1146
1981	5	916
1981	6	1339
1981	7	846
1981	8	516
1981	9	941
1981	10	456
1981	11	440
1981	12	642
1982	1	759
1982	2	554
1982	3	890
1982	4	392
1982	5	963
1982	6	1195
1982	7	621
1982	8	688
1982	9	645
1982	10	153
1982	11	1068
1982	12	856
1983	1	288
1983	2	255
1983	3	561
1983	4	1001
1983	5	1456
1983	6	435
1983	7	978
1983	8	691
1983	9	640
1983	10	900
1983	11	1113
1983	12	650
1984	1	233
1984	2	566
1984	3	831
1984	4	1007
1984	5	1370
1984	6	422
1984	7	747
1984	8	1293
1984	9	566
1984	10	764
1984	11	896
1984	12	632
1985	1	252
1985	2	347
1985	3	828
1985	4	334
1985	5	1539
1985	6	857
1985	7	1058
1985	8	1179
1985	9	256
1985	10	449
1985	11	2391
1985	12	577
1986	1	328
1986	2	738
1986	3	547
1986	4	583
1986	5	854
1986	6	1425
1986	7	1127
1986	8	337
1986	9	925
1986	10	1091
1986	11	770
1986	12	751
1987	1	413
1987	2	79
1987	3	623
1987	4	1018
1987	5	634
1987	6	1442
1987	7	801
1987	8	1256
1987	9	700
1987	10	351
1987	11	267
1987	12	531
1988	1	350
1988	2	741
1988	3	607
1988	4	702
1988	5	400
1988	6	173
1988	7	1977
1988	8	1048
1988	9	948
1988	10	505
1988	11	1070
1988	12	461
1989	1	429
1989	2	598
1989	3	998
1989	4	560
1989	5	1522
1989	6	2207
1989	7	520
1989	8	295
1989	9	1399
1989	10	819
1989	11	426
1989	12	410
1990	1	439
1990	2	1183
1990	3	288
1990	4	726
1990	5	1601
1990	6	757
1990	7	2019
1990	8	1392
1990	9	1377
1990	10	1489
1990	11	509
1990	12	1760
1991	1	471
1991	2	281
1991	3	610
1991	4	1031
1991	5	1014
1991	6	471
1991	7	262
1991	8	937
1991	9	818
1991	10	396
1991	11	508
1991	12	618
1992	1	423
1992	2	319
1992	3	820
1992	4	714
1992	5	680
1992	6	708
1992	7	2583
1992	8	1273
1992	9	1090
1992	10	564
1992	11	1400
1992	12	324
1993	1	811
1993	2	406
1993	3	945
1993	4	1175
1993	5	447
1993	6	1344
1993	7	706
1993	8	183
1993	9	1305
1993	10	920
1993	11	1177
1993	12	568
1994	1	811
1994	2	294
1994	3	611
1994	4	1491
1994	5	603
1994	6	1375
1994	7	676
1994	8	1600
1994	9	404
1994	10	262
1994	11	648
1994	12	696
1995	1	1465
1995	2	267
1995	3	394
1995	4	1076
1995	5	1554
1995	6	795
1995	7	1318
1995	8	1008
1995	9	349
1995	10	1403
1995	11	799
1995	12	364
1996	1	836
1996	2	478
1996	3	710
1996	4	1598
1996	5	1601
1996	6	1636
1996	7	1103
1996	8	645
1996	9	1738
1996	10	869
1996	11	822
1996	12	1249
1997	1	443
1997	2	441
1997	3	967
1997	4	532
1997	5	1355
1997	6	1536
1997	7	611
1997	8	920
1997	9	466
1997	10	464
1997	11	505
1997	12	475
1998	1	656
1998	2	519
1998	3	753
1998	4	1329
1998	5	567
1998	6	1833
1998	7	731
1998	8	1465
1998	9	241
1998	10	1177
1998	11	539
1998	12	506
1999	1	890
1999	2	478
1999	3	450
1999	4	1588
1999	5	610
1999	6	335
1999	7	1127
1999	8	860
1999	9	615
1999	10	630
1999	11	805
1999	12	448
2000	1	670
2000	2	625
2000	3	590
2000	4	1219
2000	5	1482
2000	6	1160
2000	7	596
2000	8	1164
2000	9	929
2000	10	632
2000	11	445
2000	12	877
2001	1	233
2001	2	322
2001	3	317
2001	4	1164
2001	5	1346
2001	6	490
2001	7	377
2001	8	1393
2001	9	780
2001	10	1414
2001	11	865
2001	12	768
2002	1	519
2002	2	433
2002	3	907
2002	4	1089
2002	5	1228
2002	6	938
2002	7	211
2002	8	483
2002	9	1029
2002	10	621
2002	11	808
2002	12	626
2003	1	389
2003	2	559
2003	3	707
2003	4	660
2003	5	1748
2003	6	1105
2003	7	1838
2003	8	1054
2003	9	1837
2003	10	574
2003	11	737
2003	12	710
2004	1	817
2004	2	294
2004	3	1030
2004	4	931
2004	5	2113
2004	6	2065
2004	7	939
2004	8	1658
2004	9	1135
2004	10	633
2004	11	742
2004	12	1018
2005	1	1661
2005	2	435
2005	3	467
2005	4	1296
2005	5	721
2005	6	408
2005	7	1385
2005	8	1415
2005	9	951
2005	10	1051
2005	11	587
2005	12	167
2006	1	441
2006	2	418
2006	3	521
2006	4	525
2006	5	1653
2006	6	1464
2006	7	2042
2006	8	399
2006	9	817
2006	10	1520
2006	11	642
2006	12	949
2007	1	989
2007	2	412
2007	3	1119
2007	4	810
2007	5	825
2007	6	611
2007	7	1663
2007	8	1446
2007	9	645
2007	10	1180
2007	11	883
2007	12	956
2008	1	349
2008	2	1400
2008	3	1550
2008	4	468
2008	5	978
2008	6	1854
2008	7	1383
2008	8	448
2008	9	912
2008	10	542
2008	11	498
2008	12	1000
2009	1	590
2009	2	367
2009	3	670
2009	4	1084
2009	5	1059
2009	6	1251
2009	7	914
2009	8	1804
2009	9	789
2009	10	1059
2009	11	323
2009	12	686
2010	1	361
2010	2	421
2010	3	729
2010	4	542
2010	5	1040
2010	6	2304
2010	7	1469
2010	8	681
2010	9	862
2010	10	488
2010	11	1036
2010	12	407
2011	1	306
2011	2	1158
2011	3	942
2011	4	1306
2011	5	2215
2011	6	1000
2011	7	881
2011	8	1092
2011	9	1219
2011	10	1301
2011	11	1027
2011	12	1160
2012	1	644
2012	2	413
2012	3	624
2012	4	351
2012	5	763
2012	6	789
2012	7	674
2012	8	686
2012	9	1519
2012	10	1522
2012	11	213
2012	12	910
2013	1	470
2013	2	431
2013	3	487
2013	4	1313
2013	5	456
2013	6	1684
2013	7	1920
2013	8	595
2013	9	874
2013	10	978
2013	11	895
2013	12	887
2014	1	369
2014	2	404
2014	3	581
2014	4	1654
2014	5	1001
2014	6	1820
2014	7	849
2014	8	1300
2014	9	252
2014	10	683
2014	11	526
2014	12	504
2015	1	720
2015	2	346
2015	3	686
2015	4	877
2015	5	1210
2015	6	1824
2015	7	1131
2015	8	237
2015	9	1072
2015	10	391
