1891	8	473
1891	11	2431
1891	12	4229
1892	3	1056
1892	7	240
1892	9	542
1892	10	761
1893	1	774
1893	2	2372
1893	3	1785
1893	4	2307
1893	5	1305
1893	6	706
1893	7	97
1893	8	63
1893	9	1165
1893	10	3204
1893	11	3506
1893	12	2177
1894	1	4515
1894	2	2025
1894	3	3496
1894	4	1266
1894	5	894
1894	6	1616
1894	7	126
1894	8	17
1894	9	1703
1894	10	2879
1894	11	1122
1894	12	1953
1895	1	4348
1895	2	606
1895	3	1818
1895	4	1386
1895	5	2700
1895	6	213
1895	7	219
1895	8	27
1895	9	821
1895	10	50
1895	11	1905
1895	12	4682
1896	1	3287
1896	2	1907
1896	3	1733
1896	4	2880
1896	5	3576
1896	6	788
1896	7	0
1896	8	623
1896	9	399
1896	10	1195
1896	11	5577
1896	12	3382
1897	1	1383
1897	2	2788
1897	3	2982
1897	4	1268
1897	5	742
1897	6	1341
1897	7	557
1897	8	317
1897	9	1246
1897	10	1085
1897	11	4642
1897	12	4011
1898	1	1600
1898	2	2721
1898	3	1017
1898	4	1273
1898	5	1114
1898	6	911
1898	7	456
1898	8	211
1898	9	1877
1898	10	969
1898	11	3038
1898	12	2104
1899	1	2784
1899	2	2256
1899	3	1651
1899	4	2212
1899	5	2129
1899	6	684
1899	7	71
1899	8	1534
1899	9	703
1899	10	2053
1899	11	3139
1899	12	2212
1900	1	2258
1900	2	2083
1900	3	2313
1900	4	1006
1900	5	1949
1900	6	973
1900	7	435
1900	8	589
1900	9	1242
1900	10	2717
1900	11	2640
1900	12	2337
1901	1	2991
1901	2	2954
1901	3	2550
1901	4	1461
1901	5	1104
1901	6	1315
1901	7	135
1901	8	31
1901	9	1651
1901	10	566
1901	11	2332
1901	12	2185
1902	1	1692
1902	2	2549
1902	3	3106
1902	4	2411
1902	5	1958
1902	6	564
1902	7	1249
1902	8	300
1902	9	793
1902	10	429
1902	11	4413
1902	12	3590
1903	1	3028
1903	2	731
1903	3	1237
1903	4	1474
1903	5	1310
1903	6	1101
1903	7	491
1903	8	518
1903	9	1257
1903	10	1409
1903	11	3066
1903	12	1770
1904	1	3140
1904	2	3237
1904	3	3921
1904	4	1488
1904	5	353
1904	6	482
1904	7	302
1904	8	107
1904	9	173
1904	10	940
1904	11	2046
1904	12	3095
1905	1	1497
1905	2	896
1905	3	1847
1905	4	810
1905	5	2001
1905	6	781
1905	7	76
1905	8	165
1905	9	1297
1905	10	2435
1905	11	1291
1905	12	2428
1906	1	2052
1906	2	2297
1906	3	1071
1906	4	914
1906	5	1159
1906	6	1599
1906	7	13
1906	8	200
1906	9	1475
1906	10	2417
1906	11	3758
1906	12	3097
1907	1	3181
1907	2	2179
1907	3	1827
1907	4	1987
1907	5	870
1907	6	1314
1907	7	323
1907	8	832
1907	9	829
1907	10	507
1907	11	3029
1907	12	3793
1908	1	1686
1908	2	1235
1908	3	2847
1908	4	1047
1908	5	2035
1908	6	1126
1908	7	72
1908	8	613
1908	9	94
1908	10	2415
1908	11	1167
1908	12	1932
1909	1	3157
1909	2	2467
1909	3	1405
1909	4	1150
1909	5	1410
1909	6	171
1909	7	1252
1909	8	266
1909	9	865
1909	10	1395
1909	11	5486
1909	12	1687
1910	1	3054
1910	2	3159
1910	3	1846
1910	4	1277
1910	5	1272
1910	6	658
1910	7	0
1910	8	23
1910	9	318
1910	10	1597
1910	11	3245
1910	12	2031
1911	1	2743
1911	2	1360
1911	3	689
1911	4	805
1911	5	1976
1911	6	591
1911	7	101
1911	8	134
1911	9	1932
1911	10	1201
1911	11	2299
1911	12	2948
1912	1	3885
1912	2	2620
1912	3	1007
1912	4	1239
1912	5	1495
1912	6	1443
1912	7	234
1912	8	1674
1912	9	501
1912	10	1548
1912	11	2411
1912	12	2720
1913	1	2143
1913	2	1226
1913	3	2948
1913	4	1356
1913	5	994
1913	6	1733
1913	7	369
1913	8	395
1913	9	1355
1913	10	1924
1913	11	2509
1913	12	1473
1914	1	3546
1914	2	2038
1914	3	1505
1914	4	1947
1914	5	696
1914	6	1368
1914	7	597
1914	8	0
1914	9	2202
1914	10	1363
1914	11	1770
1914	12	811
1915	1	2323
1915	2	1743
1915	3	1243
1915	4	1003
1915	5	2109
1915	6	1392
1915	7	1043
1915	8	16
1915	9	691
1915	10	1603
1915	11	4192
1915	12	3669
1916	1	2186
1916	2	2935
1916	3	4175
1916	4	1980
1916	5	1713
1916	6	1189
1916	7	1371
1916	8	153
1916	9	744
1916	10	574
1916	11	2793
1916	12	2440
1917	1	2112
1917	2	1344
1917	3	2730
1917	4	2573
1917	5	1340
1917	6	1060
1917	7	46
1917	8	0
1917	9	1370
1917	10	146
1917	11	1681
1917	12	6342
1918	1	3285
1918	2	2662
1918	3	1479
1918	4	930
1918	5	1200
1918	6	50
1918	7	464
1918	8	329
1918	9	176
1918	10	1971
1918	11	2001
1918	12	1743
1919	1	3146
1919	2	2976
1919	3	2394
1919	4	2236
1919	5	1164
1919	6	463
1919	7	122
1919	8	18
1919	9	1414
1919	10	1595
1919	11	4178
1919	12	3341
1920	1	2012
1920	2	129
1920	3	2247
1920	4	3146
1920	5	537
1920	6	1161
1920	7	599
1920	8	579
1920	9	2122
1920	10	2100
1920	11	1990
1920	12	3407
1921	1	3618
1921	2	3684
1921	3	2532
1921	4	1896
1921	5	788
1921	6	1045
1921	7	109
1921	8	297
1921	9	1264
1921	10	1415
1921	11	5404
1921	12	1286
1922	1	1504
1922	2	1573
1922	3	2765
1922	4	1920
1922	5	809
1922	6	122
1922	7	0
1922	8	719
1922	9	588
1922	10	1672
1922	11	1463
1922	12	3397
1923	1	4622
1923	2	1170
1923	3	1507
1923	4	1046
1923	5	1603
1923	6	995
1923	7	854
1923	8	414
1923	9	455
1923	10	1016
1923	11	2286
1923	12	2965
1924	1	1616
1924	2	2245
1924	3	1371
1924	4	940
1924	5	292
1924	6	795
1924	7	59
1924	8	401
1924	9	1164
1924	10	1727
1924	11	3266
1924	12	2328
1925	1	4166
1925	2	2685
1925	3	1396
1925	4	2024
1925	5	1126
1925	6	624
1925	7	0
1925	8	415
1925	9	573
1925	10	380
1925	11	2256
1925	12	2160
1926	1	1938
1926	2	3337
1926	3	673
1926	4	837
1926	5	1466
1926	6	514
1926	7	0
1926	8	1009
1926	9	1393
1926	10	2107
1926	11	2672
1926	12	2386
1927	1	2683
1927	2	2556
1927	3	1781
1927	4	1247
1927	5	1591
1927	6	693
1927	7	114
1927	8	149
1927	9	3101
1927	10	1625
1927	11	4471
1927	12	1746
1928	1	2166
1928	2	776
1928	3	3491
1928	4	1943
1928	5	574
1928	6	922
1928	7	361
1928	8	46
1928	9	176
1928	10	1382
1928	11	2008
1928	12	2866
1929	1	2189
1929	2	757
1929	3	1906
1929	4	1980
1929	5	964
1929	6	951
1929	7	24
1929	8	96
1929	9	396
1929	10	671
1929	11	345
1929	12	3871
1930	1	1174
1930	2	2651
1930	3	1158
1930	4	1181
1930	5	1862
1930	6	816
1930	7	0
1930	8	21
1930	9	768
1930	10	2135
1930	11	1503
1930	12	1534
1931	1	1781
1931	2	1096
1931	3	4092
1931	4	1093
1931	5	820
1931	6	1723
1931	7	35
1931	8	25
1931	9	769
1931	10	1878
1931	11	2695
1931	12	2610
1932	1	3536
1932	2	1555
1932	3	3801
1932	4	1528
1932	5	1382
1932	6	196
1932	7	465
1932	8	342
1932	9	226
1932	10	3470
1932	11	4899
1932	12	3333
1933	1	5454
1933	2	3819
1933	3	3070
1933	4	773
1933	5	2477
1933	6	1021
1933	7	76
1933	8	1113
1933	9	3799
1933	10	2863
1933	11	2181
1933	12	8368
1934	1	3422
1934	2	607
1934	3	2607
1934	4	1400
1934	5	1026
1934	6	507
1934	7	162
1934	8	424
1934	9	670
1934	10	2062
1934	11	4686
1934	12	4252
1935	1	2008
1935	2	1479
1935	3	2794
1935	4	1807
1935	5	649
1935	6	1328
1935	7	196
1935	8	82
1935	9	533
1935	10	1432
1935	11	1194
1935	12	1933
1936	1	4249
1936	2	2162
1936	3	2760
1936	4	657
1936	5	1974
1936	6	1241
1936	7	694
1936	8	92
1936	9	869
1936	10	407
1936	11	196
1936	12	3337
1937	1	2755
1937	2	2857
1937	3	1453
1937	4	3182
1937	5	940
1937	6	2435
1937	7	81
1937	8	719
1937	9	660
1937	10	1731
1937	11	5394
1937	12	4627
1938	1	2688
1938	2	2072
1938	3	3311
1938	4	1897
1938	5	935
1938	6	646
1938	7	142
1938	8	196
1938	9	442
1938	10	1623
1938	11	2756
1938	12	2286
1939	1	2449
1939	2	3102
1939	3	1852
1939	4	430
1939	5	881
1939	6	1492
1939	7	462
1939	8	459
1939	9	276
1939	10	1654
1939	11	851
1939	12	3099
1940	1	947
1940	2	4237
1940	3	2639
1940	4	1746
1940	5	659
1940	6	112
1940	7	293
1940	8	69
1940	9	1534
1940	10	2045
1940	11	2925
1940	12	2033
1941	1	2103
1941	2	741
1941	3	815
1941	4	1002
1941	5	2535
1941	6	1197
1941	7	3
1941	8	799
1941	9	2278
1941	10	1423
1941	11	2785
1941	12	3440
1942	1	1322
1942	2	3304
1942	3	1515
1942	4	1569
1942	5	2380
1942	6	1812
1942	7	554
1942	8	103
1942	9	64
1942	10	2229
1942	11	7818
1942	12	5357
1943	1	3645
1943	2	2520
1943	3	2918
1943	4	1863
1943	5	1074
1943	6	2099
1943	7	121
1943	8	706
1943	9	147
1943	10	2631
1943	11	1198
1943	12	1360
1944	1	1453
1944	2	2119
1944	3	1670
1944	4	1803
1944	5	948
1944	6	723
1944	7	82
1944	8	165
1944	9	1673
1944	10	582
1944	11	2065
1944	12	1046
1945	1	2947
1945	2	2726
1945	3	3171
1945	4	2733
1945	5	2520
1945	6	190
1945	7	170
1945	8	333
1945	9	1716
1945	10	1203
1945	11	4991
1945	12	3144
1946	1	3451
1946	2	2446
1946	3	2311
1946	4	1121
1946	5	1013
1946	6	1381
1946	7	542
1946	8	196
1946	9	658
1946	10	3036
1946	11	3054
1946	12	3375
1947	1	2707
1947	2	845
1947	3	1984
1947	4	1289
1947	5	514
1947	6	2312
1947	7	370
1947	8	379
1947	9	760
1947	10	4509
1947	11	3443
1947	12	2510
1948	1	3056
1948	2	3177
1948	3	2296
1948	4	1845
1948	5	2012
1948	6	977
1948	7	820
1948	8	533
1948	9	1285
1948	10	1459
1948	11	4282
1948	12	4883
1949	1	957
1949	2	5052
1949	3	1439
1949	4	571
1949	5	1287
1949	6	597
1949	7	414
1949	8	236
1949	9	1017
1949	10	1956
1949	11	2463
1949	12	3295
1950	1	4024
1950	2	3227
1950	3	3159
1950	4	1690
1950	5	924
1950	6	1386
1950	7	370
1950	8	365
1950	9	966
1950	10	3570
1950	11	4490
1950	12	3671
1951	1	5369
1951	2	1924
1951	3	2963
1951	4	751
1951	5	1213
1951	6	117
1951	7	308
1951	8	191
1951	9	1113
1951	10	3184
1951	11	2369
1951	12	2348
1952	1	2083
1952	2	1862
1952	3	2512
1952	4	725
1952	5	611
1952	6	1560
1952	7	13
1952	8	18
1952	9	292
1952	10	388
1952	11	378
1952	12	3053
1953	1	5926
1953	2	2296
1953	3	2360
1953	4	1241
1953	5	2488
1953	6	1372
1953	7	56
1953	8	882
1953	9	677
1953	10	873
1953	11	3670
1953	12	4081
1954	1	4325
1954	2	1492
1954	3	1120
1954	4	1451
1954	5	1368
1954	6	2237
1954	7	826
1954	8	799
1954	9	480
1954	10	1389
1954	11	2348
1954	12	2460
1955	1	1516
1955	2	1348
1955	3	2334
1955	4	2793
1955	5	989
1955	6	863
1955	7	604
1955	8	0
1955	9	1264
1955	10	3233
1955	11	4253
1955	12	4243
1956	1	4386
1956	2	2194
1956	3	2765
1956	4	305
1956	5	1439
1956	6	1421
1956	7	33
1956	8	1324
1956	9	620
1956	10	3218
1956	11	1016
1956	12	2283
1957	1	1561
1957	2	1772
1957	3	3775
1957	4	1403
1957	5	1143
1957	6	943
1957	7	127
1957	8	221
1957	9	269
1957	10	1617
1957	11	1827
1957	12	4136
1958	1	3528
1958	2	2460
1958	3	1162
1958	4	2690
1958	5	441
1958	6	1809
1958	7	0
1958	8	165
1958	9	1149
1958	10	1064
1958	11	4152
1958	12	3170
1959	1	3950
1959	2	2178
1959	3	2786
1959	4	1202
1959	5	1693
1959	6	1082
1959	7	267
1959	8	186
1959	9	2376
1959	10	2472
1959	11	1356
1959	12	1559
1960	1	1889
1960	2	2092
1960	3	2885
1960	4	2006
1960	5	2452
1960	6	612
1960	7	5
1960	8	798
1960	9	694
1960	10	1992
1960	11	4539
1960	12	1696
1961	1	1687
1961	2	4982
1961	3	3098
1961	4	1765
1961	5	1817
1961	6	276
1961	7	171
1961	8	234
1961	9	1179
1961	10	2229
1961	11	2266
1961	12	2910
1962	1	1309
1962	2	1700
1962	3	3091
1962	4	2122
1962	5	2382
1962	6	365
1962	7	152
1962	8	587
1962	9	841
1962	10	1673
1962	11	3847
1962	12	1279
1963	1	1148
1963	2	2246
1963	3	2472
1963	4	2164
1963	5	1641
1963	6	1238
1963	7	780
1963	8	500
1963	9	971
1963	10	1366
1963	11	2934
1963	12	2094
1964	1	4590
1964	2	1257
1964	3	2010
1964	4	1670
1964	5	1070
1964	6	1727
1964	7	527
1964	8	879
1964	9	783
1964	10	823
1964	11	2962
1964	12	4546
1965	1	4445
1965	2	1944
1965	3	645
1965	4	1398
1965	5	743
1965	6	313
1965	7	196
1965	8	1012
1965	9	216
1965	10	1180
1965	11	2000
1965	12	2939
1966	1	3406
1966	2	1420
1966	3	2576
1966	4	1109
1966	5	583
1966	6	615
1966	7	954
1966	8	196
1966	9	724
1966	10	1870
1966	11	2960
1966	12	2994
1967	1	3936
1967	2	1715
1967	3	2004
1967	4	1160
1967	5	733
1967	6	646
1967	7	0
1967	8	8
1967	9	534
1967	10	2957
1967	11	1466
1967	12	3116
1968	1	1837
1968	2	3057
1968	3	1403
1968	4	1513
1968	5	1304
1968	6	1363
1968	7	318
1968	8	1817
1968	9	1025
1968	10	2799
1968	11	3805
1968	12	4316
1969	1	3848
1969	2	1169
1969	3	1297
1969	4	1021
1969	5	1072
1969	6	1788
1969	7	194
1969	8	249
1969	9	1398
1969	10	1749
1969	11	1488
1969	12	3135
1970	1	4965
1970	2	1442
1970	3	1583
1970	4	2605
1970	5	751
1970	6	542
1970	7	145
1970	8	6
1970	9	1618
1970	10	1662
1970	11	3019
1970	12	3101
1971	1	4471
1971	2	2244
1971	3	2663
1971	4	1738
1971	5	951
1971	6	1274
1971	7	180
1971	8	671
1971	9	1752
1971	10	2130
1971	11	3249
1971	12	4025
1972	1	3660
1972	2	2602
1972	3	2930
1972	4	2837
1972	5	1341
1972	6	655
1972	7	246
1972	8	58
1972	9	1747
1972	10	577
1972	11	2160
1972	12	3926
1973	1	2054
1973	2	853
1973	3	1800
1973	4	1114
1973	5	915
1973	6	1095
1973	7	13
1973	8	522
1973	9	1962
1973	10	1978
1973	11	4639
1973	12	4490
1974	1	3859
1974	2	2866
1974	3	3047
1974	4	2016
1974	5	1681
1974	6	537
1974	7	966
1974	8	333
1974	9	115
1974	10	730
1974	11	2694
1974	12	3574
1975	1	3727
1975	2	2115
1975	3	2397
1975	4	1390
1975	5	1165
1975	6	912
1975	7	143
1975	8	1263
1975	9	0
1975	10	2915
1975	11	2765
1975	12	3837
1976	1	3186
1976	2	2648
1976	3	1835
1976	4	1847
1976	5	1204
1976	6	513
1976	7	452
1976	8	1158
1976	9	458
1976	10	840
1976	11	542
1976	12	1047
1977	1	815
1977	2	1251
1977	3	3131
1977	4	691
1977	5	2538
1977	6	482
1977	7	243
1977	8	1155
1977	9	1906
1977	10	1164
1977	11	2934
1977	12	4526
1978	1	2169
1978	2	1383
1978	3	755
1978	4	2158
1978	5	1505
1978	6	992
1978	7	706
1978	8	1411
1978	9	1206
1978	10	232
1978	11	1941
1978	12	2224
1979	1	1138
1979	2	3839
1979	3	1736
1979	4	2176
1979	5	972
1979	6	746
1979	7	409
1979	8	537
1979	9	717
1979	10	2327
1979	11	1620
1979	12	2646
1980	1	3386
1980	2	1964
1980	3	2474
1980	4	1467
1980	5	1125
1980	6	1608
1980	7	137
1980	8	391
1980	9	1007
1980	10	634
1980	11	3008
1980	12	3808
1981	1	820
1981	2	2088
1981	3	1383
1981	4	1692
1981	5	1647
1981	6	2319
1981	7	234
1981	8	33
1981	9	1375
1981	10	1572
1981	11	1562
1981	12	4037
1982	1	3629
1982	2	3642
1982	3	1580
1982	4	1438
1982	5	495
1982	6	593
1982	7	338
1982	8	681
1982	9	1946
1982	10	2110
1982	11	2023
1982	12	3208
1983	1	3183
1983	2	3458
1983	3	2950
1983	4	1166
1983	5	1416
1983	6	1718
1983	7	1666
1983	8	622
1983	9	572
1983	10	1060
1983	11	3213
1983	12	2615
1984	1	2074
1984	2	2039
1984	3	2484
1984	4	1959
1984	5	2212
1984	6	2347
1984	7	0
1984	8	97
1984	9	1268
1984	10	2404
1984	11	4030
1984	12	2224
1985	1	99
1985	2	2016
1985	3	1743
1985	4	1155
1985	5	982
1985	6	1049
1985	7	148
1985	8	671
1985	9	1621
1985	10	1869
1985	11	3026
1985	12	728
1986	1	2393
1986	2	3312
1986	3	1380
1986	4	1535
1986	5	1088
1986	6	397
1986	7	806
1986	8	191
1986	9	1770
1986	10	686
1986	11	3282
1986	12	1063
1987	1	2443
1987	2	1476
1987	3	2304
1987	4	1408
1987	5	1078
1987	6	206
1987	7	418
1987	8	225
1987	9	332
1987	10	79
1987	11	1527
1987	12	3582
1988	1	2795
1988	2	1707
1988	3	2544
1988	4	2724
1988	5	1462
1988	6	846
1988	7	503
1988	8	71
1988	9	699
1988	10	262
1988	11	4291
1988	12	1744
1989	1	3090
1989	2	1567
1989	3	3237
1989	4	1597
1989	5	1177
1989	6	501
1989	7	316
1989	8	555
1989	9	720
1989	10	1154
1989	11	2085
1989	12	1708
1990	1	3729
1990	2	2581
1990	3	1188
1990	4	2215
1990	5	1388
1990	6	1397
1990	7	358
1990	8	505
1990	9	345
1990	10	3377
1990	11	2637
1990	12	2100
1991	1	1921
1991	2	2362
1991	3	1987
1991	4	2242
1991	5	2215
1991	6	1087
1991	7	188
1991	8	412
1991	9	252
1991	10	925
1991	11	4132
1991	12	2461
1992	1	1712
1992	2	1958
1992	3	587
1992	4	2403
1992	5	146
1992	6	480
1992	7	841
1992	8	310
1992	9	1455
1992	10	1659
1992	11	2875
1992	12	2508
1993	1	1509
1993	2	201
1993	3	2730
1993	4	3348
1993	5	2242
1993	6	1496
1993	7	927
1993	8	302
1993	9	5
1993	10	735
1993	11	1164
1993	12	2155
1994	1	2607
1994	2	2588
1994	3	1782
1994	4	1642
1994	5	643
1994	6	1239
1994	7	143
1994	8	59
1994	9	494
1994	10	3534
1994	11	3681
1994	12	2647
1995	1	3103
1995	2	2231
1995	3	1540
1995	4	1783
1995	5	1204
1995	6	1556
1995	7	438
1995	8	875
1995	9	1641
1995	10	2240
1995	11	4912
1995	12	3224
1996	1	3873
1996	2	4062
1996	3	1421
1996	4	2313
1996	5	2000
1996	6	484
1996	7	114
1996	8	169
1996	9	1200
1996	10	3101
1996	11	3950
1996	12	5800
1997	1	2913
1997	2	1535
1997	3	3656
1997	4	2395
1997	5	1273
1997	6	876
1997	7	533
1997	8	411
1997	9	1563
1997	10	2462
1997	11	1275
1997	12	1679
1998	1	3351
1998	2	1915
1998	3	1877
1998	4	1347
1998	5	2745
1998	6	1107
1998	7	96
1998	8	31
1998	9	920
1998	10	1423
1998	11	3269
1998	12	4159
1999	1	2640
1999	2	3374
1999	3	1880
1999	4	956
1999	5	1774
1999	6	1108
1999	7	324
1999	8	322
1999	9	46
1999	10	1379
1999	11	3391
1999	12	2839
2000	1	2816
2000	2	2665
2000	3	1387
2000	4	891
2000	5	2105
2000	6	794
2000	7	50
2000	8	111
2000	9	1027
2000	10	1936
2000	11	1178
2000	12	1510
2001	1	1006
2001	2	1082
2001	3	1903
2001	4	2006
2001	5	915
2001	6	1447
2001	7	443
2001	8	374
2001	9	385
2001	10	2237
2001	11	2790
2001	12	3547
2002	1	3394
2002	2	1302
2002	3	2071
2002	4	1365
2002	5	789
2002	6	966
2002	7	104
2002	8	33
2002	9	685
2002	10	434
2002	11	1104
2002	12	3141
2003	1	3441
2003	2	1565
2003	3	3133
2003	4	2508
2003	5	948
2003	6	378
2003	7	8
2003	8	25
2003	9	1226
2003	10	1257
2003	11	2233
2003	12	3936
2004	1	3430
2004	2	1999
2004	3	1217
2004	4	796
2004	5	1628
2004	6	822
2004	7	33
2004	8	1507
2004	9	1065
2004	10	1988
2004	11	1207
2004	12	2282
2005	1	1239
2005	2	577
2005	3	1838
2005	4	1991
2005	5	1942
2005	6	1381
2005	7	315
2005	8	219
2005	9	599
2005	10	2053
2005	11	2711
2005	12	3472
2006	1	4402
2006	2	1769
2006	3	1609
2006	4	1610
2006	5	1309
2006	6	613
2006	7	71
2006	8	109
2006	9	778
2006	10	1173
2006	11	5654
2006	12	2972
2007	1	2215
2007	2	2436
2007	3	2284
2007	4	1191
2007	5	453
2007	6	658
2007	7	236
2007	8	397
2007	9	1118
2007	10	2059
2007	11	2250
2007	12	4046
2008	1	3119
2008	2	1655
2008	3	2477
2008	4	1895
2008	5	1534
2008	6	885
2008	7	50
2008	8	922
2008	9	374
2008	10	956
2008	11	2828
2008	12	2894
2009	1	2677
2009	2	935
2009	3	3083
2009	4	1707
2009	5	1575
2009	6	429
2009	7	201
2009	8	49
2009	9	605
2009	10	1989
2009	11	2918
2009	12	2046
2010	1	2196
2010	2	1161
2010	3	2285
2010	4	1684
2010	5	2403
2010	6	2088
2010	7	207
2010	8	285
2010	9	1183
2010	10	1642
2010	11	4040
2010	12	3557
2011	1	2396
2011	2	2242
2011	3	3239
2011	4	2951
2011	5	2034
2011	6	793
2011	7	540
2011	8	62
2011	9	532
2011	10	1425
2011	11	2324
2011	12	1895
2012	1	3277
2012	2	2457
2012	3	3865
2012	4	2024
2012	5	1299
2012	6	2248
2012	7	133
2012	8	13
2012	9	30
2012	10	3295
2012	11	3241
2012	12	3447
2013	1	3215
2013	2	1418
2013	3	1260
2013	4	1928
2013	5	1990
2013	6	674
2013	7	0
2013	8	132
2013	9	2710
2013	10	1041
2013	11	2008
2013	12	2116
2014	1	2008
2014	2	2835
2014	3	3428
2014	4	2209
2014	5	1345
2014	6	1214
2014	7	280
2014	8	121
2014	9	465
2014	10	2624
2014	11	2384
2014	12	2827
2015	1	1515
2015	2	1841
2015	3	2051
2015	4	1457
2015	5	709
2015	6	241
2015	7	112
2015	8	389
2015	9	445
2015	10	784
