1870	1	1486
1870	2	511
1870	3	919
1870	4	1483
1870	5	1577
1870	6	1552
1873	1	767
1873	2	279
1873	3	406
1873	5	762
1874	1	592
1874	2	343
1874	3	124
1874	4	124
1878	1	572
1878	2	785
1878	3	1001
1878	4	732
1878	5	1016
1878	6	607
1878	7	1367
1878	8	1367
1878	9	1725
1878	10	671
1878	11	663
1878	12	833
1879	1	297
1879	2	419
1879	3	732
1879	4	589
1879	5	993
1879	6	925
1879	7	704
1879	8	754
1879	9	1265
1879	10	239
1879	11	1491
1879	12	963
1880	1	907
1880	2	792
1880	3	729
1880	4	1511
1880	5	1410
1880	6	902
1880	7	1346
1880	8	1062
1880	9	790
1880	10	767
1880	11	607
1880	12	122
1881	1	455
1881	2	1458
1881	3	897
1881	4	617
1881	5	495
1881	6	2263
1881	7	1262
1881	8	607
1881	9	1547
1881	10	2720
1881	11	2268
1881	12	1669
1882	1	559
1882	2	716
1882	3	1321
1882	4	665
1882	5	1956
1882	6	1461
1882	7	696
1882	8	1361
1882	9	505
1882	10	1080
1882	11	927
1882	12	503
1883	1	437
1883	2	1080
1883	3	432
1883	4	544
1883	5	584
1883	6	1923
1883	7	1905
1883	8	1156
1883	9	505
1883	10	1110
1883	11	851
1883	12	495
1884	1	411
1884	2	1133
1884	3	678
1884	4	432
1884	5	1722
1884	6	739
1884	7	599
1884	8	277
1884	9	457
1884	10	945
1884	11	467
1884	12	902
1885	1	450
1885	2	274
1885	3	203
1885	4	965
1885	5	1308
1885	6	1016
1885	7	1140
1885	8	1240
1885	9	1031
1885	10	1313
1885	11	942
1885	12	615
1886	1	544
1886	2	254
1886	3	584
1886	4	559
1886	5	825
1886	6	569
1886	7	335
1886	8	1359
1886	9	1519
1886	10	442
1886	11	968
1886	12	683
1887	1	1085
1887	2	1651
1887	3	269
1887	4	305
1887	5	673
1887	6	1120
1887	7	366
1887	8	531
1887	9	1691
1887	10	516
1887	11	813
1887	12	704
1888	1	419
1888	2	559
1888	3	757
1888	4	841
1888	5	686
1888	6	1322
1888	7	984
1888	8	395
1888	9	304
1888	10	417
1888	11	729
1888	12	388
1889	1	455
1889	2	298
1889	3	353
1889	4	158
1889	5	1608
1889	6	1139
1889	7	1044
1889	8	251
1889	9	244
1889	10	323
1889	11	424
1889	12	961
1890	1	1309
1890	2	767
1890	3	419
1890	4	989
1890	5	1306
1890	6	663
1890	7	366
1890	8	1272
1890	9	1031
1890	10	1893
1890	11	952
1890	12	480
1891	1	389
1891	2	1654
1891	3	696
1891	4	668
1891	5	493
1891	6	950
1891	7	1181
1891	8	1095
1891	9	432
1891	10	577
1891	11	1501
1891	12	514
1892	1	313
1892	2	660
1892	3	763
1892	4	765
1892	5	2332
1892	6	2211
1892	7	1234
1892	8	1097
1892	9	1559
1892	10	116
1892	11	1518
1892	12	611
1893	1	406
1893	2	1014
1893	3	617
1893	4	1387
1893	5	917
1893	6	925
1893	7	402
1893	8	287
1893	9	382
1893	10	1141
1893	11	1338
1893	12	1087
1894	1	374
1894	2	818
1894	3	591
1894	4	853
1894	5	2329
1894	6	858
1894	7	547
1894	8	122
1894	9	1398
1894	10	784
1894	11	507
1894	12	593
1895	1	625
1895	2	123
1895	3	291
1895	4	334
1895	5	824
1895	6	251
1895	7	165
1895	8	891
1895	9	401
1895	10	312
1895	11	1529
1895	12	1308
1896	1	443
1896	2	267
1896	3	376
1896	4	1220
1896	5	960
1896	6	1254
1896	7	1626
1896	8	1234
1896	9	1339
1896	10	244
1896	11	409
1896	12	317
1897	1	599
1897	2	212
1897	3	755
1897	4	776
1897	5	868
1897	6	823
1897	7	396
1897	8	817
1897	9	228
1897	10	244
1897	11	1020
1897	12	394
1898	1	798
1898	2	326
1898	3	1214
1898	4	401
1898	5	849
1898	6	1331
1898	7	1012
1898	8	458
1898	9	1136
1898	10	1385
1898	11	595
1898	12	471
1899	1	486
1899	2	523
1899	3	984
1899	4	150
1899	5	1415
1899	6	851
1899	7	1546
1899	8	533
1899	9	823
1899	10	696
1899	11	470
1899	12	607
1900	1	184
1900	2	829
1900	3	738
1900	4	471
1900	5	846
1900	6	800
1900	7	1788
1900	8	634
1900	9	539
1900	10	718
1900	11	991
1900	12	70
1901	1	539
1901	2	333
1901	3	603
1901	4	336
1901	5	643
1901	6	567
1901	7	446
1901	8	521
1901	9	247
1901	10	880
1901	11	480
1901	12	738
1902	1	157
1902	2	178
1902	3	644
1902	4	214
1902	5	945
1902	6	2549
1902	7	973
1902	8	228
1902	9	1357
1902	10	346
1902	11	316
1902	12	405
1903	1	102
1903	2	355
1903	3	127
1903	4	1021
1903	5	348
1903	6	719
1903	7	1574
1903	8	1333
1903	9	477
1903	10	217
1903	11	354
1903	12	453
1904	1	748
1904	2	837
1904	3	661
1904	4	173
1904	5	560
1904	6	178
1904	7	864
1904	8	825
1904	9	827
1904	10	165
1904	11	0
1904	12	372
1905	1	330
1905	2	279
1905	3	303
1905	4	517
1905	5	1252
1905	6	1727
1905	7	749
1905	8	809
1905	9	483
1905	10	483
1905	11	645
1905	12	381
1906	1	458
1906	2	152
1906	3	394
1906	4	705
1906	5	1208
1906	6	1272
1906	7	834
1906	8	1327
1906	9	508
1906	10	602
1906	11	711
1906	12	1100
1907	1	927
1907	2	51
1907	3	821
1907	4	579
1907	5	872
1907	6	1369
1907	7	619
1907	8	482
1907	9	1595
1907	10	532
1907	11	473
1907	12	865
1908	1	439
1908	2	427
1908	3	607
1908	4	656
1908	5	1538
1908	6	536
1908	7	399
1908	8	1647
1908	9	81
1908	10	603
1908	11	274
1908	12	578
1909	1	755
1909	2	679
1909	3	490
1909	4	1027
1909	5	963
1909	6	761
1909	7	694
1909	8	335
1909	9	362
1909	10	373
1909	11	1251
1909	12	783
1910	1	815
1910	2	522
1910	3	61
1910	4	925
1910	5	946
1910	6	420
1910	7	828
1910	8	401
1910	9	1351
1910	10	393
1910	11	441
1910	12	328
1911	1	350
1911	2	531
1911	3	288
1911	4	922
1911	5	829
1911	6	1194
1911	7	706
1911	8	1097
1911	9	1031
1911	10	1053
1911	11	1328
1911	12	476
1912	1	218
1912	2	815
1912	3	370
1912	4	876
1912	5	674
1912	6	493
1912	7	1068
1912	8	710
1912	9	705
1912	10	763
1912	11	536
1912	12	269
1913	1	739
1913	2	347
1913	3	946
1913	4	1031
1913	5	1178
1913	6	275
1913	7	615
1913	8	676
1913	9	493
1913	10	598
1913	11	550
1913	12	381
1914	1	716
1914	2	511
1914	3	564
1914	4	856
1914	5	1849
1914	6	476
1914	7	403
1914	8	1653
1914	9	716
1914	10	684
1914	11	278
1914	12	674
1915	1	249
1915	2	57
1915	3	205
1915	4	256
1915	5	862
1915	6	597
1915	7	1973
1915	8	1053
1915	9	889
1915	10	248
1915	11	568
1915	12	271
1916	1	741
1916	2	76
1916	3	536
1916	4	152
1916	5	1136
1916	6	834
1916	7	64
1916	8	508
1916	9	635
1916	10	678
1916	11	343
1916	12	807
1917	1	102
1917	2	108
1917	3	755
1917	4	917
1917	5	872
1917	6	1012
1917	7	834
1917	8	776
1917	9	686
1917	10	1089
1917	11	53
1917	12	158
1918	1	236
1918	2	521
1918	3	790
1918	4	470
1918	5	353
1918	6	470
1918	7	62
1918	8	615
1918	9	732
1918	10	462
1918	11	567
1918	12	1285
1919	1	177
1919	2	248
1919	3	720
1919	4	1270
1919	5	1375
1919	6	466
1919	7	318
1919	8	825
1919	9	855
1919	10	1057
1919	11	452
1919	12	102
1920	1	213
1920	2	127
1920	3	510
1920	4	845
1920	5	439
1920	6	832
1920	7	906
1920	8	1097
1920	9	823
1920	10	356
1920	11	770
1920	12	794
1921	1	219
1921	2	254
1921	3	1274
1921	4	1027
1921	5	954
1921	6	1352
1921	7	500
1921	8	809
1921	9	1618
1921	10	667
1921	11	722
1921	12	389
1922	1	432
1922	2	313
1922	3	1260
1922	4	1291
1922	5	1357
1922	6	799
1922	7	1276
1922	8	471
1922	9	692
1922	10	830
1922	11	395
1922	12	591
1923	1	349
1923	2	240
1923	3	996
1923	4	484
1923	5	950
1923	6	783
1923	7	211
1923	8	430
1923	9	1103
1923	10	427
1923	11	390
1923	12	1172
1924	1	636
1924	2	490
1924	3	753
1924	4	489
1924	5	719
1924	6	819
1924	7	518
1924	8	259
1924	9	967
1924	10	172
1924	11	176
1924	12	861
1925	1	331
1925	2	488
1925	3	1022
1925	4	402
1925	5	397
1925	6	787
1925	7	388
1925	8	1127
1925	9	1156
1925	10	918
1925	11	1055
1925	12	272
1926	1	599
1926	2	783
1926	3	613
1926	4	833
1926	5	393
1926	6	670
1926	7	171
1926	8	1655
1926	9	1821
1926	10	673
1926	11	494
1926	12	541
1927	1	429
1927	2	612
1927	3	507
1927	4	640
1927	5	468
1927	6	839
1927	7	905
1927	8	516
1927	9	949
1927	10	209
1927	11	1883
1927	12	1112
1928	1	293
1928	2	641
1928	3	486
1928	4	487
1928	5	694
1928	6	1190
1928	7	727
1928	8	454
1928	9	303
1928	10	449
1928	11	590
1928	12	446
1929	1	907
1929	2	198
1929	3	929
1929	4	1600
1929	5	884
1929	6	844
1929	7	443
1929	8	177
1929	9	648
1929	10	593
1929	11	1022
1929	12	727
1930	1	1053
1930	2	331
1930	3	178
1930	4	830
1930	5	621
1930	6	830
1930	7	104
1930	8	165
1930	9	448
1930	10	523
1930	11	293
1930	12	110
1931	1	216
1931	2	343
1931	3	521
1931	4	428
1931	5	577
1931	6	1431
1931	7	401
1931	8	556
1931	9	1184
1931	10	324
1931	11	810
1931	12	595
1932	1	1319
1932	2	264
1932	3	463
1932	4	426
1932	5	883
1932	6	470
1932	7	480
1932	8	541
1932	9	1168
1932	10	776
1932	11	360
1932	12	806
1933	1	290
1933	2	417
1933	3	505
1933	4	780
1933	5	1433
1933	6	329
1933	7	877
1933	8	524
1933	9	750
1933	10	433
1933	11	193
1933	12	273
1934	1	315
1934	2	61
1934	3	555
1934	4	933
1934	5	265
1934	6	159
1934	7	206
1934	8	500
1934	9	895
1934	10	290
1934	11	418
1934	12	573
1935	1	424
1935	2	261
1935	3	376
1935	4	491
1935	5	905
1935	6	812
1935	7	366
1935	8	1356
1935	9	342
1935	10	300
1935	11	649
1935	12	393
1936	1	329
1936	2	726
1936	3	376
1936	4	583
1936	5	554
1936	6	639
1936	7	516
1936	8	290
1936	9	1258
1936	10	763
1936	11	636
1936	12	744
1937	1	903
1937	2	325
1937	3	258
1937	4	1309
1937	5	840
1937	6	2631
1937	7	1619
1937	8	785
1937	9	368
1937	10	768
1937	11	378
1937	12	447
1938	1	178
1938	2	670
1938	3	1225
1938	4	522
1938	5	954
1938	6	697
1938	7	728
1938	8	1027
1938	9	489
1938	10	107
1938	11	452
1938	12	644
1939	1	659
1939	2	1163
1939	3	537
1939	4	992
1939	5	164
1939	6	1357
1939	7	677
1939	8	315
1939	9	699
1939	10	465
1939	11	231
1939	12	266
1940	1	419
1940	2	294
1940	3	400
1940	4	648
1940	5	848
1940	6	827
1940	7	288
1940	8	1302
1940	9	260
1940	10	891
1940	11	730
1940	12	481
1941	1	284
1941	2	93
1941	3	197
1941	4	727
1941	5	768
1941	6	750
1941	7	456
1941	8	440
1941	9	644
1941	10	1524
1941	11	640
1941	12	283
1942	1	367
1942	2	482
1942	3	668
1942	4	503
1942	5	741
1942	6	1120
1942	7	1305
1942	8	1184
1942	9	649
1942	10	962
1942	11	752
1942	12	322
1943	1	587
1943	2	101
1943	3	477
1943	4	955
1943	5	2839
1943	6	795
1943	7	1641
1943	8	290
1943	9	1079
1943	10	386
1943	11	579
1943	12	42
1944	1	188
1944	2	373
1944	3	901
1944	4	1092
1944	5	1239
1944	6	1530
1944	7	387
1944	8	631
1944	9	309
1944	10	125
1944	11	436
1944	12	409
1945	1	165
1945	2	256
1945	3	1274
1945	4	871
1945	5	2043
1945	6	923
1945	7	313
1945	8	833
1945	9	1287
1945	10	774
1945	11	351
1945	12	387
1946	1	252
1946	2	379
1946	3	717
1946	4	231
1946	5	1240
1946	6	1137
1946	7	284
1946	8	458
1946	9	523
1946	10	761
1946	11	580
1946	12	667
1947	1	781
1947	2	86
1947	3	635
1947	4	1732
1947	5	1256
1947	6	945
1947	7	384
1947	8	903
1947	9	778
1947	10	683
1947	11	553
1947	12	498
1948	1	320
1948	2	576
1948	3	1136
1948	4	541
1948	5	671
1948	6	586
1948	7	612
1948	8	252
1948	9	1013
1948	10	273
1948	11	963
1948	12	633
1949	1	843
1949	2	671
1949	3	705
1949	4	459
1949	5	1040
1949	6	905
1949	7	317
1949	8	582
1949	9	635
1949	10	1016
1949	11	258
1949	12	907
1950	1	1395
1950	2	1125
1950	3	913
1950	4	1658
1950	5	275
1950	6	1146
1950	7	1076
1950	8	536
1950	9	1724
1950	10	602
1950	11	1039
1950	12	558
1951	1	406
1951	2	840
1951	3	685
1951	4	670
1951	5	1022
1951	6	923
1951	7	2242
1951	8	420
1951	9	426
1951	10	1169
1951	11	891
1951	12	925
1952	1	675
1952	2	358
1952	3	765
1952	4	911
1952	5	955
1952	6	236
1952	7	1001
1952	8	327
1952	9	259
1952	10	235
1952	11	570
1952	12	462
1953	1	384
1953	2	208
1953	3	928
1953	4	648
1953	5	555
1953	6	455
1953	7	648
1953	8	523
1953	9	561
1953	10	204
1953	11	262
1953	12	424
1954	1	556
1954	2	894
1954	3	1151
1954	4	891
1954	5	486
1954	6	695
1954	7	561
1954	8	638
1954	9	567
1954	10	1689
1954	11	446
1954	12	364
1955	1	468
1955	2	594
1955	3	508
1955	4	554
1955	5	1001
1955	6	866
1955	7	860
1955	8	490
1955	9	280
1955	10	1110
1955	11	811
1955	12	118
1956	1	231
1956	2	661
1956	3	823
1956	4	1374
1956	5	1004
1956	6	1170
1956	7	1216
1956	8	692
1956	9	56
1956	10	269
1956	11	509
1956	12	421
1957	1	410
1957	2	454
1957	3	252
1957	4	1458
1957	5	642
1957	6	706
1957	7	733
1957	8	1358
1957	9	460
1957	10	1214
1957	11	448
1957	12	970
1958	1	235
1958	2	126
1958	3	90
1958	4	629
1958	5	621
1958	6	904
1958	7	1297
1958	8	796
1958	9	1219
1958	10	665
1958	11	836
1958	12	35
1959	1	606
1959	2	466
1959	3	543
1959	4	1094
1959	5	604
1959	6	399
1959	7	1003
1959	8	1102
1959	9	903
1959	10	1367
1959	11	1061
1959	12	606
1960	1	862
1960	2	645
1960	3	153
1960	4	658
1960	5	647
1960	6	1189
1960	7	1021
1960	8	442
1960	9	588
1960	10	324
1960	11	231
1960	12	160
1961	1	31
1961	2	663
1961	3	909
1961	4	1769
1961	5	657
1961	6	910
1961	7	1129
1961	8	991
1961	9	1444
1961	10	295
1961	11	623
1961	12	397
1962	1	515
1962	2	637
1962	3	335
1962	4	314
1962	5	418
1962	6	483
1962	7	895
1962	8	989
1962	9	607
1962	10	491
1962	11	298
1962	12	257
1963	1	218
1963	2	156
1963	3	671
1963	4	597
1963	5	605
1963	6	255
1963	7	673
1963	8	477
1963	9	380
1963	10	242
1963	11	499
1963	12	176
1964	1	356
1964	2	216
1964	3	909
1964	4	908
1964	5	305
1964	6	735
1964	7	983
1964	8	1443
1964	9	514
1964	10	74
1964	11	262
1964	12	409
1965	1	871
1965	2	716
1965	3	644
1965	4	537
1965	5	487
1965	6	545
1965	7	575
1965	8	1618
1965	9	1027
1965	10	736
1965	11	436
1965	12	1210
1966	1	93
1966	2	284
1966	3	575
1966	4	667
1966	5	702
1966	6	727
1966	7	419
1966	8	1287
1966	9	260
1966	10	299
1966	11	1040
1966	12	1228
1967	1	341
1967	2	284
1967	3	268
1967	4	1011
1967	5	378
1967	6	1329
1967	7	824
1967	8	587
1967	9	614
1967	10	1440
1967	11	737
1967	12	1284
1968	1	399
1968	2	375
1968	3	508
1968	4	610
1968	5	1932
1968	6	1349
1968	7	1163
1968	8	891
1968	9	796
1968	10	333
1968	11	962
1968	12	1041
1969	1	830
1969	2	84
1969	3	462
1969	4	1225
1969	5	1032
1969	6	925
1969	7	1459
1969	8	211
1969	9	415
1969	10	592
1969	11	659
1969	12	280
1970	1	167
1970	2	218
1970	3	753
1970	4	891
1970	5	838
1970	6	1325
1970	7	1758
1970	8	204
1970	9	780
1970	10	889
1970	11	811
1970	12	476
1971	1	172
1971	2	868
1971	3	295
1971	4	246
1971	5	503
1971	6	437
1971	7	617
1971	8	102
1971	9	672
1971	10	399
1971	11	453
1971	12	1114
1972	1	415
1972	2	121
1972	3	681
1972	4	911
1972	5	753
1972	6	516
1972	7	844
1972	8	874
1972	9	1938
1972	10	502
1972	11	814
1972	12	680
1973	1	447
1973	2	266
1973	3	1099
1973	4	335
1973	5	1388
1973	6	1070
1973	7	1263
1973	8	346
1973	9	429
1973	10	488
1973	11	695
1973	12	957
1974	1	730
1974	2	517
1974	3	968
1974	4	816
1974	5	1231
1974	6	1108
1974	7	170
1974	8	461
1974	9	755
1974	10	177
1974	11	959
1974	12	782
1975	1	757
1975	2	607
1975	3	454
1975	4	1126
1975	5	889
1975	6	841
1975	7	1346
1975	8	1236
1975	9	586
1975	10	493
1975	11	783
1975	12	976
1976	1	372
1976	2	801
1976	3	1182
1976	4	529
1976	5	644
1976	6	1531
1976	7	680
1976	8	25
1976	9	950
1976	10	782
1976	11	257
1976	12	131
1977	1	216
1977	2	450
1977	3	1237
1977	4	1337
1977	5	290
1977	6	1045
1977	7	595
1977	8	1257
1977	9	900
1977	10	365
1977	11	605
1977	12	929
1978	1	839
1978	2	78
1978	3	751
1978	4	1048
1978	5	767
1978	6	716
1978	7	296
1978	8	775
1978	9	976
1978	10	628
1978	11	669
1978	12	743
1979	1	419
1979	2	74
1979	3	654
1979	4	1046
1979	5	877
1979	6	784
1979	7	1197
1979	8	1451
1979	9	76
1979	10	646
1979	11	1146
1979	12	669
1980	1	183
1980	2	293
1980	3	967
1980	4	985
1980	5	973
1980	6	981
1980	7	922
1980	8	2339
1980	9	546
1980	10	422
1980	11	207
1980	12	833
1981	1	83
1981	2	670
1981	3	149
1981	4	1024
1981	5	873
1981	6	1663
1981	7	1407
1981	8	498
1981	9	2405
1981	10	667
1981	11	316
1981	12	543
1982	1	937
1982	2	543
1982	3	904
1982	4	523
1982	5	950
1982	6	895
1982	7	556
1982	8	376
1982	9	610
1982	10	376
1982	11	1604
1982	12	836
1983	1	261
1983	2	196
1983	3	740
1983	4	1473
1983	5	1373
1983	6	1082
1983	7	659
1983	8	662
1983	9	549
1983	10	838
1983	11	1176
1983	12	973
1984	1	166
1984	2	247
1984	3	780
1984	4	1095
1984	5	1036
1984	6	231
1984	7	450
1984	8	524
1984	9	1059
1984	10	811
1984	11	458
1984	12	687
1985	1	520
1985	2	919
1985	3	989
1985	4	607
1985	5	714
1985	6	800
1985	7	881
1985	8	1016
1985	9	783
1985	10	707
1985	11	1606
1985	12	348
1986	1	231
1986	2	943
1986	3	592
1986	4	715
1986	5	571
1986	6	903
1986	7	777
1986	8	704
1986	9	1614
1986	10	891
1986	11	438
1986	12	381
1987	1	366
1987	2	191
1987	3	521
1987	4	470
1987	5	579
1987	6	1523
1987	7	142
1987	8	1711
1987	9	814
1987	10	633
1987	11	762
1987	12	1226
1988	1	333
1988	2	401
1988	3	379
1988	4	482
1988	5	265
1988	6	145
1988	7	479
1988	8	1117
1988	9	864
1988	10	1080
1988	11	1121
1988	12	511
1989	1	420
1989	2	172
1989	3	508
1989	4	694
1989	5	1665
1989	6	1006
1989	7	978
1989	8	709
1989	9	1089
1989	10	438
1989	11	562
1989	12	200
1990	1	478
1990	2	1223
1990	3	596
1990	4	797
1990	5	1174
1990	6	1329
1990	7	441
1990	8	1680
1990	9	879
1990	10	1093
1990	11	715
1990	12	1298
1991	1	297
1991	2	298
1991	3	435
1991	4	800
1991	5	932
1991	6	352
1991	7	649
1991	8	1067
1991	9	483
1991	10	1173
1991	11	617
1991	12	403
1992	1	419
1992	2	259
1992	3	683
1992	4	815
1992	5	525
1992	6	717
1992	7	1801
1992	8	656
1992	9	1483
1992	10	656
1992	11	1307
1992	12	626
1993	1	981
1993	2	338
1993	3	776
1993	4	770
1993	5	393
1993	6	1212
1993	7	1126
1993	8	635
1993	9	1371
1993	10	649
1993	11	648
1993	12	219
1994	1	464
1994	2	295
1994	3	383
1994	4	1093
1994	5	244
1994	6	1428
1994	7	392
1994	8	1306
1994	9	459
1994	10	452
1994	11	806
1994	12	656
1995	1	687
1995	2	118
1995	3	455
1995	4	1027
1995	5	1074
1995	6	312
1995	7	1042
1995	8	1723
1995	9	363
1995	10	959
1995	11	815
1995	12	173
1996	1	543
1996	2	293
1996	3	536
1996	4	1194
1996	5	631
1996	6	1241
1996	7	359
1996	8	183
1996	9	726
1996	10	646
1996	11	781
1996	12	1038
1997	1	763
1997	2	996
1997	3	864
1997	4	395
1997	5	1122
1997	6	1600
1997	7	420
1997	8	1716
1997	9	1045
1997	10	545
1997	11	458
1997	12	521
1998	1	733
1998	2	984
1998	3	1002
1998	4	935
1998	5	772
1998	6	937
1998	7	714
1998	8	1952
1998	9	556
1998	10	774
1998	11	372
1998	12	204
1999	1	1053
1999	2	421
1999	3	436
1999	4	1448
1999	5	582
1999	6	940
1999	7	968
1999	8	357
1999	9	533
1999	10	372
1999	11	374
1999	12	541
2000	1	363
2000	2	282
2000	3	342
2000	4	892
2000	5	2020
2000	6	1614
2000	7	814
2000	8	1158
2000	9	1193
2000	10	503
2000	11	404
2000	12	877
2001	1	181
2001	2	585
2001	3	137
2001	4	975
2001	5	1633
2001	6	735
2001	7	227
2001	8	831
2001	9	1235
2001	10	1690
2001	11	565
2001	12	478
2002	1	597
2002	2	319
2002	3	586
2002	4	1018
2002	5	1055
2002	6	722
2002	7	845
2002	8	457
2002	9	1454
2002	10	324
2002	11	531
2002	12	404
2003	1	190
2003	2	326
2003	3	732
2003	4	629
2003	5	1271
2003	6	627
2003	7	915
2003	8	2055
2003	9	1470
2003	10	618
2003	11	667
2003	12	685
2004	1	384
2004	2	99
2004	3	736
2004	4	422
2004	5	1990
2004	6	1766
2004	7	933
2004	8	516
2004	9	297
2004	10	457
2004	11	874
2004	12	677
2005	1	967
2005	2	788
2005	3	161
2005	4	437
2005	5	374
2005	6	395
2005	7	890
2005	8	483
2005	9	695
2005	10	31
2005	11	1308
2005	12	602
2006	1	953
2006	2	535
2006	3	728
2006	4	390
2006	5	1561
2006	6	1177
2006	7	1845
2006	8	744
2006	9	782
2006	10	1093
2006	11	748
2006	12	1013
2007	1	856
2007	2	233
2007	3	534
2007	4	913
2007	5	352
2007	6	1040
2007	7	833
2007	8	2355
2007	9	535
2007	10	683
2007	11	533
2007	12	991
2008	1	702
2008	2	1171
2008	3	937
2008	4	539
2008	5	737
2008	6	1335
2008	7	1403
2008	8	102
2008	9	1253
2008	10	403
2008	11	663
2008	12	937
2009	1	330
2009	2	713
2009	3	1336
2009	4	1134
2009	5	643
2009	6	1273
2009	7	463
2009	8	1177
2009	9	552
2009	10	1160
2009	11	363
2009	12	758
2010	1	172
2010	2	398
2010	3	432
2010	4	793
2010	5	1734
2010	6	783
2010	7	1580
2010	8	257
2010	9	720
2010	10	266
2010	11	970
2010	12	247
2011	1	324
2011	2	526
2011	3	861
2011	4	1731
2011	5	1498
2011	6	200
2011	7	735
2011	8	896
2011	9	1204
2011	10	784
2011	11	1974
2011	12	736
2012	1	624
2012	2	519
2012	3	310
2012	4	213
2012	5	551
2012	6	549
2012	7	376
2012	8	824
2012	9	621
2012	10	606
2012	11	181
2012	12	606
2013	1	905
2013	2	671
2013	3	139
2013	4	1448
2013	5	544
2013	6	2328
2013	7	1505
2013	8	209
2013	9	732
2013	10	725
2013	11	486
2013	12	645
2014	1	479
2014	2	752
2014	3	256
2014	4	908
2014	5	739
2014	6	1107
2014	7	522
2014	8	740
2014	9	1124
2014	10	829
2014	11	460
2014	12	396
2015	1	237
2015	2	269
2015	3	200
2015	4	750
2015	5	1021
2015	6	2735
2015	7	809
2015	8	377
2015	9	730
2015	10	186
