1891	11	127
1892	1	81
1892	2	152
1892	3	152
1892	4	914
1892	5	450
1892	6	559
1892	7	988
1892	8	381
1892	9	25
1892	10	61
1892	11	38
1892	12	97
1893	1	219
1893	2	0
1893	3	152
1893	4	114
1893	5	737
1893	6	369
1893	7	476
1893	8	117
1893	9	404
1893	10	95
1893	11	5
1893	12	269
1894	1	30
1894	2	0
1894	3	239
1894	4	609
1894	5	229
1894	6	1138
1894	7	874
1894	8	241
1894	9	228
1894	10	147
1894	11	0
1894	12	0
1895	1	25
1895	2	81
1895	3	269
1895	4	345
1895	5	430
1895	6	833
1895	7	627
1895	8	129
1895	9	33
1895	10	0
1895	11	87
1895	12	127
1896	1	234
1896	2	142
1896	3	256
1896	4	597
1896	5	1311
1896	6	646
1896	7	394
1896	8	148
1896	9	76
1896	10	181
1896	11	673
1896	12	38
1897	1	381
1897	2	304
1897	3	561
1897	4	490
1897	5	185
1897	6	302
1897	7	594
1897	8	269
1897	9	91
1897	10	38
1897	11	216
1897	12	0
1898	1	0
1898	2	51
1898	3	96
1898	4	259
1898	5	508
1898	6	330
1898	7	414
1898	8	196
1898	9	200
1898	10	693
1898	11	76
1898	12	203
1899	1	30
1899	2	51
1899	3	208
1899	4	465
1899	5	892
1899	6	659
1899	7	709
1899	8	866
1899	9	20
1899	10	363
1899	11	55
1899	12	70
1900	1	53
1900	2	159
1900	3	243
1900	4	165
1900	5	122
1900	6	211
1900	7	302
1900	8	800
1900	9	649
1900	10	120
1900	11	140
1900	12	25
1901	1	3
1901	2	100
1901	3	178
1901	4	157
1901	5	33
1901	6	973
1901	7	937
1901	8	114
1901	9	211
1901	10	55
1901	11	203
1901	12	317
1902	1	45
1902	2	363
1902	3	671
1902	4	41
1902	5	767
1902	6	650
1902	7	848
1902	8	480
1902	9	13
1902	10	25
1902	11	102
1902	12	76
1903	1	216
1903	2	51
1903	3	0
1903	4	80
1903	5	913
1903	6	301
1903	7	133
1903	8	1403
1903	9	941
1903	10	21
1903	11	33
1903	12	208
1904	1	85
1904	2	151
1904	3	513
1904	4	234
1904	5	230
1904	6	1550
1904	7	81
1904	8	681
1904	9	67
1904	10	56
1904	11	10
1904	12	203
1905	1	58
1905	2	125
1905	3	38
1905	4	23
1905	5	696
1905	6	954
1905	7	877
1905	8	376
1905	9	523
1905	10	181
1905	11	332
1905	12	20
1906	1	165
1906	2	101
1906	3	249
1906	4	279
1906	5	1804
1906	6	1371
1906	7	42
1906	8	670
1906	9	64
1906	10	36
1906	11	222
1906	12	192
1907	1	201
1907	2	36
1907	3	99
1907	4	76
1907	5	346
1907	6	641
1907	7	1224
1907	8	456
1907	9	284
1907	10	25
1907	11	5
1907	12	57
1908	1	72
1908	2	187
1908	3	360
1908	4	322
1908	5	892
1908	6	1092
1908	7	359
1908	8	358
1908	9	426
1908	10	628
1908	11	199
1908	12	62
1909	1	70
1909	2	132
1909	3	65
1909	4	130
1909	5	1468
1909	6	834
1909	7	482
1909	8	1407
1909	9	212
1909	10	275
1909	11	73
1909	12	262
1910	1	86
1910	2	246
1910	3	209
1910	4	435
1910	5	320
1910	6	767
1910	7	527
1910	8	410
1910	9	178
1910	10	137
1910	11	38
1910	12	38
1911	1	229
1911	2	140
1911	3	109
1911	4	122
1911	5	415
1911	6	664
1911	7	324
1911	8	555
1911	9	161
1911	10	550
1911	11	143
1911	12	56
1912	1	107
1912	2	31
1912	3	128
1912	4	615
1912	5	1015
1912	6	489
1912	7	967
1912	8	681
1912	9	480
1912	10	293
1912	11	45
1912	12	0
1913	1	33
1913	2	11
1913	3	311
1913	4	132
1913	5	454
1913	6	451
1913	7	346
1913	8	687
1913	9	237
1913	10	264
1913	11	109
1913	12	0
1914	1	11
1914	2	110
1914	3	323
1914	4	203
1914	5	663
1914	6	2002
1914	7	1398
1914	8	521
1914	9	305
1914	10	107
1914	11	64
1914	12	74
1915	1	18
1915	2	39
1915	3	54
1915	4	155
1915	5	934
1915	6	1398
1915	7	942
1915	8	115
1915	9	567
1915	10	452
1915	11	293
1915	12	57
1916	1	203
1916	2	81
1916	3	302
1916	4	688
1916	5	555
1916	6	955
1916	7	625
1916	8	450
1916	9	185
1916	10	279
1916	11	97
1916	12	186
1917	1	153
1917	2	59
1917	3	122
1917	4	295
1917	5	89
1917	6	646
1917	7	356
1917	8	364
1917	9	50
1917	10	57
1917	11	0
1917	12	155
1918	1	100
1918	2	64
1918	3	79
1918	4	537
1918	5	425
1918	6	408
1918	7	440
1918	8	759
1918	9	122
1918	10	106
1918	11	25
1918	12	76
1919	1	0
1919	2	170
1919	3	129
1919	4	325
1919	5	634
1919	6	132
1919	7	134
1919	8	149
1919	9	178
1919	10	148
1919	11	86
1919	12	40
1920	1	200
1920	2	13
1920	3	47
1920	4	224
1920	5	354
1920	6	1097
1920	7	701
1920	8	597
1920	9	450
1920	10	282
1920	11	25
1920	12	26
1921	1	58
1921	2	89
1921	3	258
1921	4	259
1921	5	452
1921	6	786
1921	7	410
1921	8	693
1921	9	547
1921	10	33
1921	11	266
1921	12	155
1922	1	56
1922	2	277
1922	3	93
1922	4	308
1922	5	501
1922	6	1669
1922	7	490
1922	8	176
1922	9	270
1922	10	147
1922	11	439
1922	12	148
1923	1	76
1923	2	51
1923	3	95
1923	4	395
1923	5	371
1923	6	1140
1923	7	1201
1923	8	208
1923	9	1066
1923	10	284
1923	11	79
1923	12	45
1924	1	8
1924	2	48
1924	3	282
1924	4	261
1924	5	284
1924	6	829
1924	7	683
1924	8	197
1924	9	168
1924	10	856
1924	11	31
1924	12	195
1925	1	127
1925	2	45
1925	3	90
1925	4	319
1925	5	226
1925	6	1096
1925	7	328
1925	8	330
1925	9	119
1925	10	250
1925	11	33
1925	12	140
1926	1	115
1926	2	97
1926	3	72
1926	4	116
1926	5	736
1926	6	488
1926	7	295
1926	8	396
1926	9	376
1926	10	255
1926	11	197
1926	12	190
1927	1	127
1927	2	41
1927	3	96
1927	4	534
1927	5	1442
1927	6	540
1927	7	745
1927	8	327
1927	9	368
1927	10	150
1927	11	278
1927	12	338
1928	1	115
1928	2	71
1928	3	94
1928	4	294
1928	5	311
1928	6	862
1928	7	873
1928	8	859
1928	9	127
1928	10	147
1928	11	21
1928	12	100
1929	1	466
1929	2	100
1929	3	539
1929	4	154
1929	5	886
1929	6	736
1929	7	138
1929	8	24
1929	9	426
1929	10	357
1929	11	160
1929	12	402
1930	1	164
1930	2	329
1930	3	14
1930	4	472
1930	5	314
1930	6	1096
1930	7	22
1930	8	141
1930	9	387
1930	10	367
1930	11	115
1930	12	96
1931	1	58
1931	2	156
1931	3	275
1931	4	29
1931	5	308
1931	6	881
1931	7	711
1931	8	522
1931	9	769
1931	10	219
1931	11	98
1931	12	96
1932	1	180
1932	2	59
1932	3	157
1932	4	497
1932	5	415
1932	6	1307
1932	7	260
1932	8	682
1932	9	54
1932	10	542
1932	11	116
1932	12	72
1933	1	214
1933	2	90
1933	3	63
1933	4	219
1933	5	651
1933	6	321
1933	7	670
1933	8	183
1933	9	126
1933	10	140
1933	11	154
1933	12	105
1934	1	53
1934	2	13
1934	3	167
1934	4	177
1934	5	47
1934	6	985
1934	7	190
1934	8	116
1934	9	101
1934	10	28
1934	11	36
1934	12	59
1935	1	99
1935	2	50
1935	3	298
1935	4	582
1935	5	706
1935	6	544
1935	7	745
1935	8	464
1935	9	18
1935	10	3
1935	11	197
1935	12	115
1936	1	142
1936	2	108
1936	3	150
1936	4	55
1936	5	155
1936	6	234
1936	7	74
1936	8	315
1936	9	60
1936	10	100
1936	11	126
1936	12	200
1937	1	106
1937	2	100
1937	3	155
1937	4	214
1937	5	409
1937	6	1605
1937	7	698
1937	8	265
1937	9	254
1937	10	95
1937	11	135
1937	12	109
1938	1	252
1938	2	154
1938	3	103
1938	4	158
1938	5	755
1938	6	1196
1938	7	792
1938	8	208
1938	9	26
1938	10	188
1938	11	360
1938	12	47
1939	1	98
1939	2	149
1939	3	119
1939	4	366
1939	5	819
1939	6	1133
1939	7	490
1939	8	633
1939	9	28
1939	10	120
1939	11	0
1939	12	54
1940	1	11
1940	2	123
1940	3	180
1940	4	1278
1940	5	232
1940	6	390
1940	7	792
1940	8	95
1940	9	473
1940	10	571
1940	11	125
1940	12	60
1941	1	45
1941	2	64
1941	3	102
1941	4	521
1941	5	1357
1941	6	2560
1941	7	947
1941	8	401
1941	9	1474
1941	10	305
1941	11	82
1941	12	53
1942	1	44
1942	2	197
1942	3	139
1942	4	597
1942	5	738
1942	6	1230
1942	7	609
1942	8	642
1942	9	578
1942	10	129
1942	11	43
1942	12	84
1943	1	287
1943	2	56
1943	3	188
1943	4	369
1943	5	253
1943	6	1044
1943	7	462
1943	8	811
1943	9	51
1943	10	204
1943	11	92
1943	12	13
1944	1	140
1944	2	32
1944	3	144
1944	4	166
1944	5	571
1944	6	1938
1944	7	166
1944	8	576
1944	9	641
1944	10	28
1944	11	800
1944	12	46
1945	1	72
1945	2	63
1945	3	592
1945	4	399
1945	5	305
1945	6	719
1945	7	346
1945	8	161
1945	9	276
1945	10	28
1945	11	80
1945	12	69
1946	1	17
1946	2	79
1946	3	160
1946	4	143
1946	5	714
1946	6	699
1946	7	351
1946	8	227
1946	9	245
1946	10	701
1946	11	54
1946	12	283
1947	1	86
1947	2	33
1947	3	200
1947	4	433
1947	5	187
1947	6	2155
1947	7	546
1947	8	655
1947	9	175
1947	10	155
1947	11	115
1947	12	64
1948	1	132
1948	2	208
1948	3	85
1948	4	368
1948	5	814
1948	6	729
1948	7	805
1948	8	362
1948	9	57
1948	10	140
1948	11	293
1948	12	105
1949	1	314
1949	2	155
1949	3	155
1949	4	36
1949	5	339
1949	6	309
1949	7	721
1949	8	107
1949	9	106
1949	10	447
1949	11	3
1949	12	53
1950	1	196
1950	2	120
1950	3	460
1950	4	348
1950	5	542
1950	6	731
1950	7	174
1950	8	223
1950	9	451
1950	10	222
1950	11	253
1950	12	131
1951	1	116
1951	2	230
1951	3	40
1951	4	161
1951	5	403
1951	6	682
1951	7	608
1951	8	774
1951	9	441
1951	10	606
1951	11	54
1951	12	138
1952	1	123
1952	2	170
1952	3	186
1952	4	0
1952	5	108
1952	6	964
1952	7	470
1952	8	786
1952	9	160
1952	10	10
1952	11	66
1952	12	0
1953	1	44
1953	2	68
1953	3	326
1953	4	889
1953	5	883
1953	6	1016
1953	7	630
1953	8	454
1953	9	56
1953	10	491
1953	11	19
1953	12	61
1954	1	118
1954	2	218
1954	3	333
1954	4	125
1954	5	425
1954	6	724
1954	7	152
1954	8	1734
1954	9	168
1954	10	99
1954	11	28
1954	12	33
1955	1	77
1955	2	179
1955	3	40
1955	4	485
1955	5	621
1955	6	1196
1955	7	274
1955	8	206
1955	9	388
1955	10	46
1955	11	182
1955	12	33
1956	1	111
1956	2	33
1956	3	147
1956	4	57
1956	5	735
1956	6	297
1956	7	766
1956	8	648
1956	9	192
1956	10	109
1956	11	127
1956	12	9
1957	1	104
1957	2	54
1957	3	83
1957	4	658
1957	5	535
1957	6	1679
1957	7	879
1957	8	379
1957	9	504
1957	10	494
1957	11	224
1957	12	41
1958	1	33
1958	2	257
1958	3	43
1958	4	145
1958	5	115
1958	6	828
1958	7	982
1958	8	145
1958	9	16
1958	10	165
1958	11	346
1958	12	30
1959	1	63
1959	2	214
1959	3	29
1959	4	41
1959	5	493
1959	6	782
1959	7	247
1959	8	136
1959	9	1154
1959	10	83
1959	11	132
1959	12	36
1960	1	35
1960	2	31
1960	3	150
1960	4	90
1960	5	567
1960	6	777
1960	7	147
1960	8	548
1960	9	36
1960	10	5
1960	11	183
1960	12	36
1961	1	13
1961	2	151
1961	3	128
1961	4	480
1961	5	366
1961	6	716
1961	7	421
1961	8	427
1961	9	777
1961	10	29
1961	11	0
1961	12	29
1962	1	86
1962	2	40
1962	3	252
1962	4	285
1962	5	1570
1962	6	529
1962	7	819
1962	8	641
1962	9	190
1962	10	140
1962	11	71
1962	12	43
1963	1	93
1963	2	118
1963	3	455
1963	4	961
1963	5	937
1963	6	1078
1963	7	473
1963	8	265
1963	9	344
1963	10	51
1963	11	0
1963	12	39
1964	1	72
1964	2	19
1964	3	58
1964	4	350
1964	5	472
1964	6	1554
1964	7	1121
1964	8	728
1964	9	158
1964	10	3
1964	11	137
1964	12	87
1965	1	106
1965	2	61
1965	3	54
1965	4	867
1965	5	1541
1965	6	1080
1965	7	783
1965	8	418
1965	9	415
1965	10	0
1965	11	104
1965	12	71
1966	1	81
1966	2	46
1966	3	178
1966	4	210
1966	5	550
1966	6	1256
1966	7	556
1966	8	866
1966	9	237
1966	10	121
1966	11	69
1966	12	74
1967	1	129
1967	2	123
1967	3	68
1967	4	982
1967	5	708
1967	6	413
1967	7	183
1967	8	104
1967	9	631
1967	10	154
1967	11	39
1967	12	82
1968	1	68
1968	2	28
1968	3	46
1968	4	259
1968	5	317
1968	6	858
1968	7	721
1968	8	1014
1968	9	109
1968	10	231
1968	11	87
1968	12	259
1969	1	168
1969	2	93
1969	3	65
1969	4	183
1969	5	336
1969	6	1557
1969	7	1119
1969	8	132
1969	9	79
1969	10	219
1969	11	0
1969	12	214
1970	1	170
1970	2	11
1970	3	142
1970	4	896
1970	5	1613
1970	6	503
1970	7	981
1970	8	73
1970	9	377
1970	10	101
1970	11	214
1970	12	42
1971	1	66
1971	2	128
1971	3	173
1971	4	761
1971	5	222
1971	6	1915
1971	7	64
1971	8	62
1971	9	913
1971	10	808
1971	11	129
1971	12	95
1972	1	128
1972	2	55
1972	3	175
1972	4	324
1972	5	1295
1972	6	1091
1972	7	690
1972	8	737
1972	9	190
1972	10	396
1972	11	11
1972	12	191
1973	1	25
1973	2	107
1973	3	99
1973	4	815
1973	5	332
1973	6	772
1973	7	232
1973	8	119
1973	9	566
1973	10	171
1973	11	79
1973	12	122
1974	1	13
1974	2	21
1974	3	103
1974	4	716
1974	5	1055
1974	6	508
1974	7	381
1974	8	229
1974	9	142
1974	10	132
1974	11	259
1974	12	44
1975	1	0
1975	2	64
1975	3	421
1975	4	1079
1975	5	850
1975	6	1084
1975	7	163
1975	8	137
1975	9	203
1975	10	360
1975	11	83
1975	12	57
1976	1	168
1976	2	18
1976	3	76
1976	4	537
1976	5	361
1976	6	950
1976	7	192
1976	8	102
1976	9	449
1976	10	167
1976	11	35
1976	12	170
1977	1	112
1977	2	92
1977	3	333
1977	4	33
1977	5	658
1977	6	1367
1977	7	274
1977	8	387
1977	9	1468
1977	10	548
1977	11	279
1977	12	326
1978	1	64
1978	2	101
1978	3	23
1978	4	459
1978	5	1015
1978	6	534
1978	7	613
1978	8	510
1978	9	650
1978	10	74
1978	11	340
1978	12	100
1979	1	69
1979	2	249
1979	3	58
1979	4	325
1979	5	198
1979	6	777
1979	7	565
1979	8	562
1979	9	324
1979	10	43
1979	11	29
1979	12	26
1980	1	130
1980	2	57
1980	3	86
1980	4	8
1980	5	31
1980	6	678
1980	7	364
1980	8	842
1980	9	194
1980	10	612
1980	11	94
1980	12	106
1981	1	26
1981	2	8
1981	3	0
1981	4	168
1981	5	331
1981	6	942
1981	7	401
1981	8	1030
1981	9	699
1981	10	58
1981	11	216
1981	12	130
1982	1	217
1982	2	102
1982	3	427
1982	4	469
1982	5	1098
1982	6	871
1982	7	513
1982	8	668
1982	9	450
1982	10	1653
1982	11	160
1982	12	125
1983	1	89
1983	2	13
1983	3	242
1983	4	82
1983	5	292
1983	6	871
1983	7	714
1983	8	295
1983	9	270
1983	10	64
1983	11	166
1983	12	104
1984	1	47
1984	2	28
1984	3	259
1984	4	736
1984	5	13
1984	6	1134
1984	7	169
1984	8	742
1984	9	233
1984	10	302
1984	11	23
1984	12	139
1985	1	20
1985	2	15
1985	3	173
1985	4	221
1985	5	1096
1985	6	541
1985	7	486
1985	8	444
1985	9	409
1985	10	521
1985	11	217
1985	12	173
1986	1	106
1986	2	187
1986	3	49
1986	4	592
1986	5	721
1986	6	1085
1986	7	996
1986	8	138
1986	9	1171
1986	10	92
1986	11	355
1986	12	15
1987	1	29
1987	2	124
1987	3	540
1987	4	46
1987	5	474
1987	6	590
1987	7	1229
1987	8	718
1987	9	218
1987	10	43
1987	11	33
1987	12	0
1988	1	181
1988	2	97
1988	3	221
1988	4	0
1988	5	554
1988	6	369
1988	7	436
1988	8	38
1988	9	209
1988	10	61
1988	11	48
1988	12	124
1989	1	108
1989	2	129
1989	3	58
1989	4	841
1989	5	477
1989	6	380
1989	7	147
1989	8	340
1989	9	195
1989	10	345
1989	11	169
1989	12	53
1990	1	41
1990	2	26
1990	3	79
1990	4	342
1990	5	468
1990	6	1471
1990	7	297
1990	8	31
1990	9	136
1990	10	140
1990	11	10
1990	12	102
1991	1	56
1991	2	53
1991	3	80
1991	4	641
1991	5	366
1991	6	1133
1991	7	223
1991	8	298
1991	9	501
1991	10	353
1991	11	72
1991	12	3
1992	1	142
1992	2	18
1992	3	227
1992	4	215
1992	5	279
1992	6	833
1992	7	913
1992	8	389
1992	9	277
1992	10	8
1992	11	231
1992	12	79
1993	1	76
1993	2	89
1993	3	122
1993	4	460
1993	5	402
1993	6	1324
1993	7	1157
1993	8	231
1993	9	96
1993	10	8
1993	11	215
1993	12	138
1994	1	128
1994	2	79
1994	3	114
1994	4	323
1994	5	258
1994	6	1470
1994	7	329
1994	8	114
1994	9	345
1994	10	1179
1994	11	109
1994	12	30
1995	1	51
1995	2	115
1995	3	296
1995	4	179
1995	5	1304
1995	6	385
1995	7	1429
1995	8	968
1995	9	56
1995	10	137
1995	11	71
1995	12	86
1996	1	142
1996	2	120
1996	3	276
1996	4	254
1996	5	796
1996	6	509
1996	7	597
1996	8	590
1996	9	580
1996	10	74
1996	11	329
1996	12	81
1997	1	153
1997	2	40
1997	3	217
1997	4	837
1997	5	233
1997	6	558
1997	7	1616
1997	8	231
1997	9	23
1997	10	248
1997	11	53
1997	12	8
1998	1	43
1998	2	414
1998	3	106
1998	4	215
1998	5	473
1998	6	1665
1998	7	462
1998	8	737
1998	9	516
1998	10	1143
1998	11	270
1998	12	64
1999	1	181
1999	2	133
1999	3	3
1999	4	376
1999	5	1002
1999	6	506
1999	7	252
1999	8	820
1999	9	570
1999	10	81
1999	11	28
1999	12	74
2000	1	71
2000	2	172
2000	3	56
2000	4	352
2000	5	459
2000	6	784
2000	7	878
2000	8	90
2000	9	283
2000	10	186
2000	11	686
2000	12	90
2001	1	101
2001	2	62
2001	3	53
2001	4	529
2001	5	445
2001	6	1817
2001	7	1014
2001	8	0
2001	9	644
2001	10	62
2001	11	28
2001	12	48
2002	1	34
2002	2	132
2002	3	196
2002	4	355
2002	5	523
2002	6	1923
2002	7	758
2002	8	714
2002	9	43
2002	10	334
2002	11	41
2002	12	138
2003	1	104
2003	2	67
2003	3	612
2003	4	175
2003	5	679
2003	6	716
2003	7	237
2003	8	370
2003	9	748
2003	10	182
2003	11	81
2003	12	255
2004	1	216
2004	2	125
2004	3	313
2004	4	244
2004	5	358
2004	6	138
2004	7	614
2004	8	161
2004	9	389
2004	10	707
2004	11	48
2004	12	15
2005	1	29
2005	2	18
2005	3	235
2005	4	102
2005	5	1119
2005	6	1964
2005	7	351
2005	8	302
2005	9	106
2005	10	49
2005	11	286
2005	12	112
2006	1	69
2006	2	24
2006	3	254
2006	4	639
2006	5	529
2006	6	174
2006	7	339
2006	8	274
2006	9	473
2006	10	377
2006	11	28
2006	12	75
2007	1	26
2007	2	138
2007	3	143
2007	4	361
2007	5	1059
2007	6	417
2007	7	282
2007	8	419
2007	9	356
2007	10	109
2007	11	6
2007	12	34
2008	1	37
2008	2	29
2008	3	16
2008	4	67
2008	5	464
2008	6	615
2008	7	464
2008	8	229
2008	9	233
2008	10	308
2008	11	322
2008	12	286
2009	1	69
2009	2	339
2009	3	761
2009	4	206
2009	5	581
2009	6	1013
2009	7	765
2009	8	240
2009	9	361
2009	10	388
2009	11	0
2009	12	316
2010	1	140
2010	2	90
2010	3	133
2010	4	229
2010	5	808
2010	6	984
2010	7	975
2010	8	197
2010	9	777
2010	10	71
2010	11	238
2010	12	150
2011	1	294
2011	2	162
2011	3	82
2011	4	552
2011	5	1253
2011	6	428
2011	7	584
2011	8	355
2011	9	270
2011	10	122
2011	11	18
2011	12	41
2012	1	69
2012	2	129
2012	3	50
2012	4	463
2012	5	530
2012	6	596
2012	7	630
2012	8	277
2012	9	40
2012	10	262
2012	11	149
2012	12	92
2013	1	68
2013	2	39
2013	3	257
2013	4	287
2013	5	1648
2013	6	821
2013	7	487
2013	8	407
2013	9	641
2013	10	441
2013	11	65
2013	12	137
2014	1	43
2014	2	67
2014	3	240
2014	4	320
2014	5	771
2014	6	764
2014	7	368
2014	8	1220
2014	9	0
2014	10	0
2014	11	0
2014	12	0
2015	1	53
2015	2	0
2015	3	103
2015	4	185
2015	5	340
2015	6	127
2015	7	685
2015	8	226
2015	9	77
2015	10	477
