1884	4	612
1884	5	983
1884	6	457
1884	7	922
1884	8	269
1884	9	566
1884	10	287
1884	11	480
1884	12	1105
1885	1	1341
1885	2	592
1885	3	206
1885	4	739
1885	5	589
1885	6	638
1885	7	676
1885	8	2443
1885	9	886
1885	10	1113
1885	11	765
1885	12	445
1886	1	1024
1886	2	381
1886	3	772
1886	4	770
1886	5	978
1886	6	1295
1886	7	1260
1886	8	742
1886	9	1026
1886	10	274
1886	11	1565
1886	12	480
1887	1	442
1887	2	1763
1887	3	447
1887	4	1488
1887	5	864
1887	6	1105
1887	7	919
1887	8	140
1887	9	419
1887	10	132
1887	11	696
1887	12	546
1888	1	1049
1888	2	419
1888	3	538
1888	4	483
1888	5	1133
1888	6	726
1888	7	1333
1888	8	1567
1888	9	1189
1888	10	1280
1888	11	1222
1888	12	417
1889	1	871
1889	2	508
1889	3	236
1889	4	597
1889	5	810
1889	6	1130
1889	7	1072
1889	8	231
1889	9	970
1889	10	531
1889	11	1110
1889	12	615
1890	1	1382
1890	2	1290
1890	3	1354
1890	4	643
1890	5	1499
1890	6	2090
1890	7	663
1890	8	2019
1890	9	1664
1890	10	950
1890	11	782
1890	12	935
1891	1	1443
1891	2	1758
1891	3	904
1891	4	493
1891	5	955
1891	6	1875
1891	7	1775
1891	8	874
1891	9	518
1891	10	381
1891	11	765
1891	12	429
1892	1	602
1892	2	744
1892	3	612
1892	4	518
1892	5	1483
1892	6	1504
1892	7	1331
1892	8	526
1892	9	470
1892	10	109
1892	11	498
1892	12	643
1893	1	587
1893	2	1260
1893	3	505
1893	4	1333
1893	5	1138
1893	6	1173
1893	7	549
1893	8	696
1893	9	472
1893	10	1435
1893	11	488
1893	12	693
1894	1	556
1894	2	851
1894	3	533
1894	4	798
1894	5	640
1894	6	714
1894	7	175
1894	8	798
1894	9	531
1894	10	424
1894	11	462
1894	12	1011
1895	1	1394
1895	2	231
1895	3	480
1895	4	391
1895	5	655
1895	6	429
1895	7	312
1895	8	978
1895	9	564
1895	10	439
1895	11	551
1895	12	1029
1896	1	488
1896	2	556
1896	3	851
1896	4	792
1896	5	495
1896	6	1636
1896	7	2258
1896	8	790
1896	9	963
1896	10	437
1896	11	798
1896	12	287
1897	1	561
1897	2	1709
1897	3	1077
1897	4	892
1897	5	935
1897	6	1255
1897	7	1321
1897	8	523
1897	9	196
1897	10	142
1897	11	1839
1897	12	1260
1898	1	1745
1898	2	940
1898	3	1661
1898	4	846
1898	5	1118
1898	6	1052
1898	7	706
1898	8	1359
1898	9	607
1898	10	896
1898	11	732
1898	12	714
1899	1	747
1899	2	730
1899	3	1327
1899	4	417
1899	5	1062
1899	6	872
1899	7	1422
1899	8	445
1899	9	1487
1899	10	357
1899	11	401
1899	12	859
1900	1	693
1900	2	905
1900	3	511
1900	4	246
1900	5	630
1900	6	663
1900	7	873
1900	8	849
1900	9	282
1900	10	395
1900	11	1412
1900	12	414
1901	1	358
1901	2	298
1901	3	709
1901	4	1756
1901	5	1476
1901	6	2194
1901	7	1373
1901	8	0
1901	9	465
1901	10	69
1901	11	455
1901	12	1180
1902	1	510
1902	2	470
1902	3	775
1902	4	702
1902	5	573
1902	6	1847
1902	7	869
1902	8	420
1902	9	1033
1902	10	678
1902	11	644
1902	12	1235
1903	1	592
1903	2	1168
1903	3	1231
1903	4	1047
1903	5	727
1903	6	755
1903	7	951
1903	8	264
1903	9	59
1903	10	673
1903	11	493
1903	12	574
1904	1	619
1904	2	485
1904	3	1352
1904	4	847
1904	5	1216
1904	6	855
1904	7	327
1904	8	771
1904	9	406
1904	10	402
1904	11	104
1904	12	926
1905	1	422
1905	2	143
1905	3	1012
1905	4	776
1905	5	1583
1905	6	716
1905	7	683
1905	8	633
1905	9	743
1905	10	1335
1905	11	713
1905	12	846
1906	1	865
1906	2	299
1906	3	1057
1906	4	579
1906	5	492
1906	6	1194
1906	7	1398
1906	8	1189
1906	9	1021
1906	10	896
1906	11	414
1906	12	921
1907	1	1489
1907	2	279
1907	3	2027
1907	4	850
1907	5	797
1907	6	811
1907	7	2741
1907	8	700
1907	9	1425
1907	10	534
1907	11	350
1907	12	597
1908	1	551
1908	2	512
1908	3	1484
1908	4	1070
1908	5	1354
1908	6	356
1908	7	1462
1908	8	414
1908	9	92
1908	10	192
1908	11	289
1908	12	563
1909	1	1038
1909	2	1538
1909	3	757
1909	4	985
1909	5	1167
1909	6	1730
1909	7	618
1909	8	1087
1909	9	344
1909	10	577
1909	11	406
1909	12	776
1910	1	1776
1910	2	1202
1910	3	35
1910	4	834
1910	5	1407
1910	6	664
1910	7	413
1910	8	612
1910	9	171
1910	10	513
1910	11	451
1910	12	627
1911	1	1285
1911	2	437
1911	3	566
1911	4	1202
1911	5	394
1911	6	1035
1911	7	466
1911	8	1589
1911	9	1049
1911	10	1546
1911	11	932
1911	12	1095
1912	1	445
1912	2	588
1912	3	1127
1912	4	1407
1912	5	683
1912	6	916
1912	7	1896
1912	8	1217
1912	9	567
1912	10	645
1912	11	183
1912	12	731
1913	1	1871
1913	2	401
1913	3	1414
1913	4	578
1913	5	1100
1913	6	471
1913	7	2608
1913	8	760
1913	9	759
1913	10	827
1913	11	1185
1913	12	636
1914	1	438
1914	2	807
1914	3	709
1914	4	1179
1914	5	817
1914	6	1160
1914	7	355
1914	8	1738
1914	9	252
1914	10	842
1914	11	365
1914	12	1295
1915	1	1110
1915	2	777
1915	3	351
1915	4	488
1915	5	1154
1915	6	1279
1915	7	1566
1915	8	1508
1915	9	1404
1915	10	516
1915	11	847
1915	12	1427
1916	1	1026
1916	2	881
1916	3	1161
1916	4	564
1916	5	1401
1916	6	1439
1916	7	528
1916	8	466
1916	9	422
1916	10	637
1916	11	592
1916	12	971
1917	1	1227
1917	2	483
1917	3	1092
1917	4	1179
1917	5	898
1917	6	1951
1917	7	1420
1917	8	967
1917	9	341
1917	10	1494
1917	11	158
1917	12	389
1918	1	811
1918	2	839
1918	3	670
1918	4	1262
1918	5	1639
1918	6	789
1918	7	555
1918	8	931
1918	9	554
1918	10	858
1918	11	626
1918	12	1151
1919	1	646
1919	2	381
1919	3	1004
1919	4	741
1919	5	1154
1919	6	603
1919	7	1240
1919	8	1562
1919	9	277
1919	10	1877
1919	11	1428
1919	12	853
1920	1	984
1920	2	604
1920	3	711
1920	4	1525
1920	5	1070
1920	6	1677
1920	7	1476
1920	8	517
1920	9	610
1920	10	326
1920	11	568
1920	12	470
1921	1	921
1921	2	480
1921	3	1481
1921	4	608
1921	5	1077
1921	6	744
1921	7	1006
1921	8	1108
1921	9	1777
1921	10	287
1921	11	1420
1921	12	1249
1922	1	475
1922	2	442
1922	3	1548
1922	4	1226
1922	5	889
1922	6	1266
1922	7	694
1922	8	1037
1922	9	650
1922	10	752
1922	11	343
1922	12	678
1923	1	1006
1923	2	635
1923	3	829
1923	4	844
1923	5	967
1923	6	1375
1923	7	1627
1923	8	1568
1923	9	1006
1923	10	406
1923	11	823
1923	12	1560
1924	1	1016
1924	2	753
1924	3	1327
1924	4	830
1924	5	1108
1924	6	1068
1924	7	921
1924	8	432
1924	9	1063
1924	10	33
1924	11	417
1924	12	516
1925	1	760
1925	2	656
1925	3	624
1925	4	603
1925	5	997
1925	6	1043
1925	7	1264
1925	8	577
1925	9	203
1925	10	1486
1925	11	835
1925	12	178
1926	1	686
1926	2	986
1926	3	584
1926	4	602
1926	5	735
1926	6	900
1926	7	1947
1926	8	1249
1926	9	1327
1926	10	1274
1926	11	692
1926	12	684
1927	1	1109
1927	2	891
1927	3	1069
1927	4	1261
1927	5	1630
1927	6	1152
1927	7	1060
1927	8	400
1927	9	380
1927	10	445
1927	11	1344
1927	12	1132
1928	1	450
1928	2	868
1928	3	952
1928	4	956
1928	5	688
1928	6	2210
1928	7	1230
1928	8	701
1928	9	291
1928	10	634
1928	11	795
1928	12	491
1929	1	1041
1929	2	805
1929	3	584
1929	4	1140
1929	5	1686
1929	6	915
1929	7	816
1929	8	1864
1929	9	615
1929	10	814
1929	11	1083
1929	12	507
1930	1	831
1930	2	529
1930	3	1064
1930	4	506
1930	5	216
1930	6	462
1930	7	218
1930	8	533
1930	9	457
1930	10	180
1930	11	290
1930	12	397
1931	1	237
1931	2	721
1931	3	421
1931	4	1569
1931	5	710
1931	6	863
1931	7	1099
1931	8	1362
1931	9	1280
1931	10	544
1931	11	611
1931	12	885
1932	1	1100
1932	2	284
1932	3	1133
1932	4	362
1932	5	488
1932	6	1155
1932	7	1104
1932	8	495
1932	9	271
1932	10	523
1932	11	883
1932	12	798
1933	1	449
1933	2	432
1933	3	1791
1933	4	1132
1933	5	1711
1933	6	396
1933	7	942
1933	8	583
1933	9	819
1933	10	267
1933	11	283
1933	12	627
1934	1	458
1934	2	343
1934	3	878
1934	4	511
1934	5	269
1934	6	866
1934	7	1655
1934	8	938
1934	9	978
1934	10	51
1934	11	477
1934	12	234
1935	1	917
1935	2	637
1935	3	795
1935	4	745
1935	5	1658
1935	6	1289
1935	7	1128
1935	8	2099
1935	9	1154
1935	10	602
1935	11	527
1935	12	692
1936	1	591
1936	2	535
1936	3	1189
1936	4	906
1936	5	307
1936	6	595
1936	7	1192
1936	8	859
1936	9	218
1936	10	1474
1936	11	933
1936	12	732
1937	1	2821
1937	2	450
1937	3	340
1937	4	725
1937	5	1731
1937	6	2117
1937	7	1204
1937	8	887
1937	9	558
1937	10	795
1937	11	299
1937	12	799
1938	1	502
1938	2	693
1938	3	1594
1938	4	985
1938	5	1717
1938	6	1035
1938	7	810
1938	8	1047
1938	9	976
1938	10	247
1938	11	531
1938	12	374
1939	1	600
1939	2	1403
1939	3	867
1939	4	1523
1939	5	142
1939	6	1715
1939	7	1146
1939	8	363
1939	9	679
1939	10	889
1939	11	58
1939	12	448
1940	1	357
1940	2	1158
1940	3	876
1940	4	1407
1940	5	1186
1940	6	1442
1940	7	1007
1940	8	1593
1940	9	475
1940	10	298
1940	11	1129
1940	12	742
1941	1	683
1941	2	143
1941	3	289
1941	4	376
1941	5	570
1941	6	1894
1941	7	983
1941	8	1204
1941	9	613
1941	10	908
1941	11	648
1941	12	379
1942	1	302
1942	2	634
1942	3	854
1942	4	687
1942	5	1177
1942	6	986
1942	7	1027
1942	8	890
1942	9	637
1942	10	552
1942	11	864
1942	12	1033
1943	1	520
1943	2	403
1943	3	1234
1943	4	1167
1943	5	2004
1943	6	881
1943	7	1089
1943	8	766
1943	9	124
1943	10	451
1943	11	262
1943	12	455
1944	1	329
1944	2	745
1944	3	1707
1944	4	1213
1944	5	1314
1944	6	817
1944	7	313
1944	8	1102
1944	9	539
1944	10	787
1944	11	458
1944	12	970
1945	1	549
1945	2	1035
1945	3	1817
1945	4	1334
1945	5	1386
1945	6	856
1945	7	635
1945	8	749
1945	9	1998
1945	10	682
1945	11	1303
1945	12	505
1946	1	206
1946	2	856
1946	3	962
1946	4	744
1946	5	1430
1946	6	1400
1946	7	806
1946	8	832
1946	9	435
1946	10	747
1946	11	529
1946	12	619
1947	1	1245
1947	2	236
1947	3	326
1947	4	1091
1947	5	1693
1947	6	884
1947	7	1127
1947	8	959
1947	9	1262
1947	10	228
1947	11	676
1947	12	537
1948	1	671
1948	2	835
1948	3	1099
1948	4	1550
1948	5	925
1948	6	1094
1948	7	2426
1948	8	428
1948	9	1473
1948	10	467
1948	11	877
1948	12	887
1949	1	1324
1949	2	735
1949	3	824
1949	4	649
1949	5	699
1949	6	1210
1949	7	1801
1949	8	290
1949	9	401
1949	10	447
1949	11	482
1949	12	837
1950	1	2157
1950	2	944
1950	3	717
1950	4	828
1950	5	1052
1950	6	2106
1950	7	1403
1950	8	607
1950	9	779
1950	10	431
1950	11	1104
1950	12	597
1951	1	1595
1951	2	1059
1951	3	1443
1951	4	799
1951	5	800
1951	6	1326
1951	7	506
1951	8	323
1951	9	757
1951	10	387
1951	11	935
1951	12	1111
1952	1	1245
1952	2	702
1952	3	995
1952	4	715
1952	5	571
1952	6	1060
1952	7	1106
1952	8	487
1952	9	695
1952	10	312
1952	11	300
1952	12	626
1953	1	1237
1953	2	435
1953	3	769
1953	4	685
1953	5	763
1953	6	1426
1953	7	511
1953	8	251
1953	9	373
1953	10	194
1953	11	279
1953	12	426
1954	1	706
1954	2	137
1954	3	864
1954	4	801
1954	5	853
1954	6	1267
1954	7	832
1954	8	1403
1954	9	340
1954	10	1210
1954	11	333
1954	12	851
1955	1	333
1955	2	1062
1955	3	1161
1955	4	839
1955	5	1033
1955	6	680
1955	7	1062
1955	8	1187
1955	9	469
1955	10	849
1955	11	514
1955	12	90
1956	1	609
1956	2	1401
1956	3	1543
1956	4	1015
1956	5	1428
1956	6	1308
1956	7	953
1956	8	827
1956	9	799
1956	10	589
1956	11	294
1956	12	864
1957	1	622
1957	2	561
1957	3	469
1957	4	955
1957	5	1035
1957	6	760
1957	7	403
1957	8	351
1957	9	656
1957	10	596
1957	11	913
1957	12	1049
1958	1	600
1958	2	347
1958	3	433
1958	4	1027
1958	5	1171
1958	6	1327
1958	7	2262
1958	8	1600
1958	9	1128
1958	10	308
1958	11	638
1958	12	268
1959	1	1187
1959	2	854
1959	3	631
1959	4	811
1959	5	889
1959	6	375
1959	7	1072
1959	8	795
1959	9	218
1959	10	1447
1959	11	852
1959	12	677
1960	1	750
1960	2	872
1960	3	363
1960	4	399
1960	5	1193
1960	6	609
1960	7	1157
1960	8	789
1960	9	453
1960	10	603
1960	11	691
1960	12	480
1961	1	419
1961	2	773
1961	3	1159
1961	4	1608
1961	5	1339
1961	6	1321
1961	7	1862
1961	8	1347
1961	9	355
1961	10	645
1961	11	706
1961	12	791
1962	1	758
1962	2	1255
1962	3	1005
1962	4	666
1962	5	546
1962	6	444
1962	7	1212
1962	8	320
1962	9	1587
1962	10	769
1962	11	866
1962	12	752
1963	1	414
1963	2	324
1963	3	1828
1963	4	429
1963	5	470
1963	6	796
1963	7	1461
1963	8	885
1963	9	333
1963	10	38
1963	11	353
1963	12	462
1964	1	688
1964	2	539
1964	3	1932
1964	4	2044
1964	5	401
1964	6	1002
1964	7	661
1964	8	814
1964	9	434
1964	10	199
1964	11	482
1964	12	1159
1965	1	705
1965	2	957
1965	3	741
1965	4	1544
1965	5	403
1965	6	269
1965	7	691
1965	8	529
1965	9	1683
1965	10	873
1965	11	535
1965	12	231
1966	1	1075
1966	2	829
1966	3	430
1966	4	876
1966	5	667
1966	6	272
1966	7	1470
1966	8	355
1966	9	565
1966	10	453
1966	11	1300
1966	12	691
1967	1	260
1967	2	801
1967	3	1580
1967	4	797
1967	5	1326
1967	6	72
1967	7	1030
1967	8	528
1967	9	401
1967	10	683
1967	11	742
1967	12	757
1968	1	829
1968	2	195
1968	3	1179
1968	4	572
1968	5	2563
1968	6	1416
1968	7	581
1968	8	1725
1968	9	539
1968	10	772
1968	11	736
1968	12	793
1969	1	771
1969	2	187
1969	3	326
1969	4	924
1969	5	1021
1969	6	1239
1969	7	1160
1969	8	861
1969	9	545
1969	10	233
1969	11	673
1969	12	740
1970	1	384
1970	2	529
1970	3	950
1970	4	1261
1970	5	590
1970	6	428
1970	7	1196
1970	8	1425
1970	9	961
1970	10	1126
1970	11	559
1970	12	871
1971	1	551
1971	2	1173
1971	3	615
1971	4	211
1971	5	921
1971	6	714
1971	7	1355
1971	8	1194
1971	9	709
1971	10	338
1971	11	468
1971	12	1040
1972	1	623
1972	2	722
1972	3	694
1972	4	1365
1972	5	599
1972	6	946
1972	7	940
1972	8	1195
1972	9	895
1972	10	330
1972	11	1502
1972	12	1191
1973	1	749
1973	2	541
1973	3	787
1973	4	1608
1973	5	1053
1973	6	665
1973	7	1133
1973	8	619
1973	9	734
1973	10	936
1973	11	829
1973	12	564
1974	1	892
1974	2	429
1974	3	777
1974	4	710
1974	5	1657
1974	6	2282
1974	7	759
1974	8	2877
1974	9	1799
1974	10	318
1974	11	687
1974	12	798
1975	1	773
1975	2	1244
1975	3	1177
1975	4	880
1975	5	1809
1975	6	1132
1975	7	997
1975	8	2403
1975	9	2061
1975	10	968
1975	11	290
1975	12	895
1976	1	1038
1976	2	577
1976	3	709
1976	4	465
1976	5	499
1976	6	1511
1976	7	2165
1976	8	1011
1976	9	808
1976	10	876
1976	11	151
1976	12	363
1977	1	423
1977	2	120
1977	3	847
1977	4	1183
1977	5	375
1977	6	1371
1977	7	1316
1977	8	976
1977	9	442
1977	10	757
1977	11	577
1977	12	733
1978	1	1387
1978	2	115
1978	3	561
1978	4	564
1978	5	817
1978	6	1173
1978	7	1541
1978	8	907
1978	9	625
1978	10	1435
1978	11	604
1978	12	1442
1979	1	1457
1979	2	1055
1979	3	397
1979	4	872
1979	5	1443
1979	6	1129
1979	7	1297
1979	8	1709
1979	9	1413
1979	10	557
1979	11	731
1979	12	430
1980	1	498
1980	2	406
1980	3	1529
1980	4	493
1980	5	1121
1980	6	1218
1980	7	1926
1980	8	1824
1980	9	552
1980	10	521
1980	11	553
1980	12	488
1981	1	188
1981	2	1198
1981	3	661
1981	4	1151
1981	5	1819
1981	6	1828
1981	7	1181
1981	8	302
1981	9	895
1981	10	453
1981	11	411
1981	12	533
1982	1	1066
1982	2	604
1982	3	1507
1982	4	493
1982	5	1326
1982	6	843
1982	7	1359
1982	8	820
1982	9	870
1982	10	132
1982	11	1221
1982	12	1380
1983	1	265
1983	2	264
1983	3	498
1983	4	1703
1983	5	1946
1983	6	463
1983	7	1238
1983	8	580
1983	9	794
1983	10	1957
1983	11	913
1983	12	893
1984	1	290
1984	2	562
1984	3	1020
1984	4	1291
1984	5	1039
1984	6	209
1984	7	636
1984	8	679
1984	9	178
1984	10	1061
1984	11	994
1984	12	1054
1985	1	717
1985	2	578
1985	3	1160
1985	4	588
1985	5	859
1985	6	921
1985	7	1738
1985	8	1098
1985	9	186
1985	10	626
1985	11	2807
1985	12	549
1986	1	476
1986	2	626
1986	3	478
1986	4	432
1986	5	459
1986	6	998
1986	7	1405
1986	8	770
1986	9	632
1986	10	666
1986	11	1334
1986	12	1063
1987	1	371
1987	2	193
1987	3	734
1987	4	979
1987	5	1077
1987	6	962
1987	7	525
1987	8	761
1987	9	481
1987	10	541
1987	11	480
1987	12	934
1988	1	511
1988	2	1125
1988	3	977
1988	4	747
1988	5	737
1988	6	224
1988	7	1174
1988	8	1072
1988	9	741
1988	10	820
1988	11	1199
1988	12	581
1989	1	808
1989	2	1145
1989	3	1200
1989	4	1693
1989	5	1746
1989	6	1659
1989	7	716
1989	8	1364
1989	9	982
1989	10	826
1989	11	597
1989	12	496
1990	1	785
1990	2	1014
1990	3	492
1990	4	559
1990	5	2138
1990	6	1335
1990	7	1432
1990	8	901
1990	9	1089
1990	10	863
1990	11	648
1990	12	1812
1991	1	761
1991	2	589
1991	3	1033
1991	4	882
1991	5	249
1991	6	473
1991	7	909
1991	8	991
1991	9	491
1991	10	272
1991	11	413
1991	12	1088
1992	1	392
1992	2	358
1992	3	1096
1992	4	638
1992	5	780
1992	6	92
1992	7	3196
1992	8	836
1992	9	565
1992	10	281
1992	11	980
1992	12	434
1993	1	849
1993	2	459
1993	3	1294
1993	4	1048
1993	5	604
1993	6	1201
1993	7	772
1993	8	403
1993	9	791
1993	10	1065
1993	11	1157
1993	12	494
1994	1	1488
1994	2	608
1994	3	465
1994	4	1596
1994	5	868
1994	6	830
1994	7	1030
1994	8	967
1994	9	409
1994	10	114
1994	11	816
1994	12	1392
1995	1	1364
1995	2	181
1995	3	475
1995	4	640
1995	5	2215
1995	6	1177
1995	7	457
1995	8	979
1995	9	372
1995	10	1082
1995	11	577
1995	12	820
1996	1	1216
1996	2	678
1996	3	1065
1996	4	951
1996	5	1850
1996	6	1298
1996	7	1945
1996	8	443
1996	9	2216
1996	10	520
1996	11	897
1996	12	838
1997	1	717
1997	2	389
1997	3	1804
1997	4	410
1997	5	1261
1997	6	1053
1997	7	1168
1997	8	2406
1997	9	422
1997	10	448
1997	11	801
1997	12	463
1998	1	1006
1998	2	791
1998	3	872
1998	4	1471
1998	5	1330
1998	6	3054
1998	7	508
1998	8	634
1998	9	1186
1998	10	813
1998	11	489
1998	12	482
1999	1	1684
1999	2	695
1999	3	661
1999	4	843
1999	5	726
1999	6	394
1999	7	960
1999	8	991
1999	9	273
1999	10	599
1999	11	1130
1999	12	639
2000	1	456
2000	2	1284
2000	3	883
2000	4	1149
2000	5	1268
2000	6	1704
2000	7	886
2000	8	706
2000	9	871
2000	10	555
2000	11	337
2000	12	811
2001	1	621
2001	2	356
2001	3	897
2001	4	1018
2001	5	1504
2001	6	1043
2001	7	1015
2001	8	1232
2001	9	449
2001	10	775
2001	11	825
2001	12	610
2002	1	621
2002	2	294
2002	3	1078
2002	4	1332
2002	5	1384
2002	6	854
2002	7	1323
2002	8	151
2002	9	848
2002	10	1046
2002	11	802
2002	12	629
2003	1	565
2003	2	1131
2003	3	331
2003	4	565
2003	5	1518
2003	6	951
2003	7	1052
2003	8	996
2003	9	1565
2003	10	777
2003	11	1163
2003	12	935
2004	1	1113
2004	2	510
2004	3	804
2004	4	1173
2004	5	1935
2004	6	1145
2004	7	1322
2004	8	963
2004	9	3005
2004	10	770
2004	11	868
2004	12	899
2005	1	2033
2005	2	473
2005	3	1146
2005	4	1403
2005	5	825
2005	6	589
2005	7	982
2005	8	1242
2005	9	648
2005	10	951
2005	11	799
2005	12	434
2006	1	1044
2006	2	292
2006	3	684
2006	4	1050
2006	5	789
2006	6	1013
2006	7	1166
2006	8	770
2006	9	1535
2006	10	1644
2006	11	425
2006	12	447
2007	1	1984
2007	2	699
2007	3	939
2007	4	866
2007	5	264
2007	6	840
2007	7	1047
2007	8	1031
2007	9	518
2007	10	772
2007	11	952
2007	12	1304
2008	1	586
2008	2	1221
2008	3	1834
2008	4	692
2008	5	1212
2008	6	1745
2008	7	1344
2008	8	766
2008	9	221
2008	10	505
2008	11	542
2008	12	1161
2009	1	877
2009	2	312
2009	3	442
2009	4	1016
2009	5	1130
2009	6	731
2009	7	917
2009	8	611
2009	9	466
2009	10	758
2009	11	318
2009	12	983
2010	1	882
2010	2	749
2010	3	808
2010	4	367
2010	5	1811
2010	6	1243
2010	7	923
2010	8	958
2010	9	380
2010	10	623
2010	11	875
2010	12	791
2011	1	429
2011	2	1203
2011	3	1424
2011	4	2447
2011	5	1135
2011	6	1187
2011	7	1324
2011	8	1470
2011	9	1220
2011	10	1392
2011	11	1308
2011	12	860
2012	1	932
2012	2	359
2012	3	944
2012	4	102
2012	5	1191
2012	6	180
2012	7	903
2012	8	717
2012	9	1225
2012	10	639
2012	11	147
2012	12	1750
2013	1	787
2013	2	528
2013	3	680
2013	4	591
2013	5	488
2013	6	1286
2013	7	1853
2013	8	1472
2013	9	418
2013	10	597
2013	11	894
2013	12	1171
2014	1	228
2014	2	662
2014	3	612
2014	4	1219
2014	5	1109
2014	6	878
2014	7	405
2014	8	910
2014	9	226
2014	10	892
2014	11	441
2014	12	809
2015	1	667
2015	2	372
2015	3	1341
2015	4	1701
2015	5	616
2015	6	277
2015	7	75
2015	8	599
2015	9	1146
2015	10	359
