1893	2	1422
1893	8	14
1894	1	3437
1894	4	700
1894	5	364
1894	6	496
1894	9	608
1894	10	1151
1895	1	2950
1895	2	463
1895	3	1474
1895	4	914
1895	5	1510
1895	10	6
1895	11	911
1895	12	3012
1896	1	2525
1896	4	1936
1896	5	1686
1896	6	162
1896	8	179
1896	9	145
1896	10	799
1896	11	3126
1897	1	760
1897	2	1897
1897	4	409
1897	5	282
1897	6	351
1897	7	3
1897	8	91
1897	9	618
1897	10	680
1897	11	2347
1897	12	1476
1898	1	1180
1898	2	1460
1898	3	712
1898	4	378
1898	5	574
1898	6	182
1898	7	7
1898	8	128
1898	9	682
1898	10	549
1898	11	2047
1898	12	844
1899	1	1874
1899	2	1774
1899	3	1186
1899	4	957
1899	5	853
1899	6	171
1899	7	7
1899	8	320
1899	9	196
1899	10	1170
1899	11	2929
1899	12	2267
1900	1	1594
1900	2	860
1900	3	981
1900	4	855
1900	5	993
1900	6	499
1900	7	29
1900	8	20
1900	9	345
1900	10	1574
1900	11	1091
1900	12	1063
1901	1	2594
1901	2	1090
1901	3	1108
1901	4	1040
1901	5	400
1901	6	131
1901	7	0
1901	8	47
1901	9	1017
1901	10	518
1901	11	1271
1901	12	1227
1902	1	1017
1902	2	2292
1902	3	1589
1902	4	1319
1902	5	799
1902	6	184
1902	7	265
1902	8	1
1902	9	224
1902	10	450
1902	11	2939
1902	12	814
1903	1	3380
1903	2	536
1903	3	1022
1903	4	427
1903	5	265
1903	6	88
1903	7	166
1903	8	223
1903	9	286
1903	10	377
1903	11	3048
1903	12	755
1904	1	1622
1904	2	4322
1904	3	3481
1904	4	818
1904	5	388
1904	6	53
1904	7	356
1904	8	20
1904	9	257
1904	10	866
1904	11	970
1904	12	2553
1905	1	983
1905	2	396
1905	3	1693
1905	4	237
1905	5	567
1905	6	334
1905	7	0
1905	8	8
1905	9	226
1905	10	1108
1905	11	963
1905	12	1746
1906	1	1447
1906	2	1938
1906	3	861
1906	4	587
1906	5	1223
1906	6	877
1906	7	0
1906	8	5
1906	9	709
1906	10	706
1906	11	1720
1906	12	1457
1907	1	2788
1907	2	2026
1907	3	1527
1907	4	1164
1907	5	250
1907	6	497
1907	7	0
1907	8	259
1907	9	317
1907	10	364
1907	11	1474
1907	12	3909
1908	1	793
1908	2	915
1908	3	1038
1908	4	275
1908	5	734
1908	6	457
1908	7	0
1908	8	153
1908	9	117
1908	10	1369
1908	11	776
1908	12	1232
1909	1	3020
1909	2	2962
1909	3	532
1909	4	201
1909	5	440
1909	6	204
1909	7	213
1909	8	18
1909	9	274
1909	10	1205
1909	11	3297
1909	12	1187
1910	1	1618
1910	2	1295
1910	3	727
1910	4	584
1910	5	459
1910	6	283
1910	7	0
1910	8	0
1910	9	157
1910	10	764
1910	11	2845
1910	12	1325
1911	1	1693
1911	2	900
1911	3	269
1911	4	870
1911	5	828
1911	6	209
1911	7	3
1911	8	0
1911	9	1090
1911	10	348
1911	11	1496
1911	12	1512
1912	1	2652
1912	2	1498
1912	3	1422
1912	4	1169
1912	5	944
1912	6	1076
1912	7	50
1912	8	334
1912	9	614
1912	10	1077
1912	11	1664
1912	12	1910
1913	1	2237
1913	2	225
1913	3	1315
1913	4	868
1913	5	439
1913	6	684
1913	7	178
1913	8	30
1913	9	419
1913	10	859
1913	11	1788
1913	12	1168
1914	1	2970
1914	2	1051
1914	3	954
1914	4	889
1914	5	341
1914	6	551
1914	7	0
1914	8	46
1914	9	1313
1914	10	1268
1914	11	1312
1914	12	1041
1915	1	1253
1915	2	1135
1915	3	715
1915	4	357
1915	5	1512
1915	6	221
1915	7	339
1915	8	0
1915	9	121
1915	10	427
1915	11	3742
1915	12	2101
1916	1	2059
1916	2	2051
1916	3	2442
1916	4	800
1916	5	909
1916	6	353
1916	7	892
1916	8	109
1916	9	198
1916	10	328
1916	11	1708
1916	12	1538
1917	1	1043
1917	2	1570
1917	3	1711
1917	4	1025
1917	5	594
1917	6	111
1917	7	0
1917	8	8
1917	9	217
1917	10	0
1917	11	2111
1917	12	1867
1918	1	1736
1918	2	2442
1918	3	989
1918	4	310
1918	5	694
1918	6	51
1918	7	90
1918	8	377
1918	9	257
1918	10	577
1918	11	1500
1918	12	1059
1919	1	2504
1919	2	2867
1919	3	2147
1919	4	1319
1919	5	512
1919	6	183
1919	7	36
1919	8	58
1919	9	859
1919	10	624
1919	11	1938
1919	12	1559
1920	1	830
1920	2	76
1920	3	1237
1920	4	1148
1920	5	130
1920	6	569
1920	7	71
1920	8	228
1920	9	1144
1920	10	1327
1920	11	2217
1920	12	2910
1921	1	1726
1921	2	1778
1921	3	711
1921	4	776
1921	5	397
1921	6	265
1921	7	0
1921	8	5
1921	9	431
1921	10	716
1921	11	2662
1921	12	700
1922	1	1276
1922	2	1410
1922	3	1725
1922	4	776
1922	5	591
1922	6	36
1922	7	0
1922	8	84
1922	9	419
1922	10	1153
1922	11	883
1922	12	2303
1923	1	3039
1923	2	382
1923	3	711
1923	4	886
1923	5	530
1923	6	259
1923	7	206
1923	8	119
1923	9	239
1923	10	902
1923	11	877
1923	12	1646
1924	1	767
1924	2	819
1924	3	735
1924	4	237
1924	5	175
1924	6	122
1924	7	0
1924	8	196
1924	9	688
1924	10	3045
1924	11	2398
1924	12	1616
1925	1	2134
1925	2	1863
1925	3	375
1925	4	1043
1925	5	594
1925	6	159
1925	7	13
1925	8	168
1925	9	344
1925	10	8
1925	11	1140
1925	12	1219
1926	1	1043
1926	2	2888
1926	3	151
1926	4	453
1926	5	630
1926	6	35
1926	7	0
1926	8	380
1926	9	464
1926	10	902
1926	11	2608
1926	12	1269
1927	1	2610
1927	2	2514
1927	3	886
1927	4	452
1927	5	661
1927	6	300
1927	7	0
1927	8	15
1927	9	1044
1927	10	606
1927	11	1914
1927	12	1284
1928	1	1398
1928	2	692
1928	3	2202
1928	4	1618
1928	5	104
1928	6	124
1928	7	28
1928	8	0
1928	9	429
1928	10	376
1928	11	892
1928	12	1675
1929	1	1657
1929	2	370
1929	3	781
1929	4	1098
1929	5	286
1929	6	571
1929	7	3
1929	8	25
1929	9	36
1929	10	272
1929	11	183
1929	12	3325
1930	1	1150
1930	2	1566
1930	3	307
1930	4	821
1930	5	795
1930	6	137
1930	7	0
1930	8	0
1930	9	485
1930	10	477
1930	11	1219
1930	12	624
1931	1	1231
1931	2	712
1931	3	1536
1931	4	664
1931	5	104
1931	6	709
1931	7	0
1931	8	0
1931	9	358
1931	10	1339
1931	11	1875
1931	12	2494
1932	1	1742
1932	2	547
1932	3	1695
1932	4	1049
1932	5	833
1932	6	191
1932	7	43
1932	8	64
1932	9	30
1932	10	714
1932	11	2103
1932	12	2205
1933	1	3184
1933	2	1452
1933	3	1123
1933	4	337
1933	5	1204
1933	6	470
1933	7	0
1933	8	76
1933	9	602
1933	10	470
1933	11	399
1933	12	2150
1934	1	1532
1934	2	398
1934	3	984
1934	4	442
1934	5	348
1934	6	119
1934	7	25
1934	8	84
1934	9	104
1934	10	1433
1934	11	2881
1934	12	1669
1935	1	1610
1935	2	724
1935	3	1354
1935	4	912
1935	5	92
1935	6	102
1935	7	46
1935	8	48
1935	9	218
1935	10	843
1935	11	950
1935	12	1141
1936	1	2733
1936	2	1661
1936	3	880
1936	4	632
1936	5	1061
1936	6	398
1936	7	65
1936	8	0
1936	9	206
1936	10	50
1936	11	121
1936	12	1336
1937	1	1876
1937	2	2415
1937	3	1017
1937	4	1865
1937	5	632
1937	6	926
1937	7	20
1937	8	144
1937	9	399
1937	10	1100
1937	11	3012
1937	12	1999
1938	1	1445
1938	2	2405
1938	3	3026
1938	4	868
1938	5	285
1938	6	168
1938	7	43
1938	8	3
1938	9	341
1938	10	678
1938	11	1455
1938	12	1021
1939	1	1339
1939	2	1664
1939	3	1026
1939	4	233
1939	5	574
1939	6	363
1939	7	107
1939	8	211
1939	9	153
1939	10	978
1939	11	141
1939	12	2246
1940	1	1177
1940	2	3051
1940	3	1326
1940	4	525
1940	5	440
1940	6	52
1940	7	56
1940	8	7
1940	9	902
1940	10	886
1940	11	1471
1940	12	2281
1941	1	1504
1941	2	583
1941	3	470
1941	4	687
1941	5	1101
1941	6	540
1941	7	64
1941	8	262
1941	9	665
1941	10	715
1941	11	1907
1941	12	3137
1942	1	995
1942	2	955
1942	3	399
1942	4	1016
1942	5	1027
1942	6	495
1942	7	67
1942	8	0
1942	9	63
1942	10	670
1942	11	3692
1942	12	4636
1943	1	2360
1943	2	699
1943	3	1462
1943	4	957
1943	5	397
1943	6	783
1943	7	48
1943	8	361
1943	9	0
1943	10	1727
1943	11	1016
1943	12	591
1944	1	828
1944	2	1251
1944	3	913
1944	4	1212
1944	5	432
1944	6	153
1944	7	3
1944	8	0
1944	9	333
1944	10	493
1944	11	1459
1944	12	654
1945	1	1283
1945	2	2043
1945	3	2197
1945	4	1077
1945	5	863
1945	6	163
1945	7	124
1945	8	76
1945	9	318
1945	10	517
1945	11	3606
1945	12	2767
1946	1	1952
1946	2	1437
1946	3	1808
1946	4	242
1946	5	368
1946	6	470
1946	7	150
1946	8	25
1946	9	556
1946	10	1274
1946	11	2654
1946	12	1328
1947	1	1240
1947	2	1279
1947	3	1919
1947	4	881
1947	5	122
1947	6	1039
1947	7	780
1947	8	211
1947	9	225
1947	10	2652
1947	11	1290
1947	12	1192
1948	1	2321
1948	2	2261
1948	3	1307
1948	4	1080
1948	5	827
1948	6	50
1948	7	102
1948	8	67
1948	9	486
1948	10	334
1948	11	1639
1948	12	2630
1949	1	327
1949	2	2754
1949	3	1101
1949	4	180
1949	5	969
1949	6	208
1949	7	0
1949	8	0
1949	9	813
1949	10	726
1949	11	1542
1949	12	1325
1950	1	3250
1950	2	1368
1950	3	1788
1950	4	478
1950	5	370
1950	6	547
1950	7	5
1950	8	96
1950	9	193
1950	10	4006
1950	11	2339
1950	12	1711
1951	1	4609
1951	2	1795
1951	3	1344
1951	4	239
1951	5	642
1951	6	0
1951	7	0
1951	8	60
1951	9	310
1951	10	2075
1951	11	2495
1951	12	2766
1952	1	2563
1952	2	1565
1952	3	1135
1952	4	526
1952	5	167
1952	6	990
1952	7	0
1952	8	20
1952	9	314
1952	10	118
1952	11	479
1952	12	3334
1953	1	3576
1953	2	1747
1953	3	1411
1953	4	1031
1953	5	1158
1953	6	527
1953	7	0
1953	8	334
1953	9	343
1953	10	759
1953	11	2294
1953	12	2400
1954	1	3377
1954	2	1131
1954	3	1059
1954	4	871
1954	5	275
1954	6	574
1954	7	58
1954	8	389
1954	9	302
1954	10	648
1954	11	965
1954	12	2078
1955	1	1164
1955	2	751
1955	3	1642
1955	4	1611
1955	5	314
1955	6	309
1955	7	123
1955	8	0
1955	9	385
1955	10	1539
1955	11	1989
1955	12	5571
1956	1	2644
1956	2	2095
1956	3	1156
1956	4	378
1956	5	899
1956	6	605
1956	7	5
1956	8	21
1956	9	109
1956	10	2238
1956	11	419
1956	12	1614
1957	1	868
1957	2	1609
1957	3	2398
1957	4	620
1957	5	884
1957	6	127
1957	7	84
1957	8	82
1957	9	405
1957	10	806
1957	11	1053
1957	12	3803
1958	1	2145
1958	2	2827
1958	3	597
1958	4	863
1958	5	295
1958	6	841
1958	7	142
1958	8	5
1958	9	105
1958	10	713
1958	11	2167
1958	12	1102
1959	1	2976
1959	2	1702
1959	3	1092
1959	4	237
1959	5	746
1959	6	334
1959	7	35
1959	8	0
1959	9	425
1959	10	893
1959	11	414
1959	12	890
1960	1	1118
1960	2	2008
1960	3	2515
1960	4	1068
1960	5	1709
1960	6	5
1960	7	0
1960	8	156
1960	9	233
1960	10	865
1960	11	3361
1960	12	822
1961	1	1123
1961	2	2872
1961	3	2134
1961	4	477
1961	5	942
1961	6	112
1961	7	114
1961	8	10
1961	9	442
1961	10	1252
1961	11	2548
1961	12	1923
1962	1	495
1962	2	1041
1962	3	1997
1962	4	558
1962	5	573
1962	6	203
1962	7	0
1962	8	252
1962	9	340
1962	10	1650
1962	11	1248
1962	12	931
1963	1	53
1963	2	1538
1963	3	1630
1963	4	1774
1963	5	1143
1963	6	498
1963	7	84
1963	8	0
1963	9	740
1963	10	806
1963	11	2033
1963	12	570
1964	1	3311
1964	2	446
1964	3	1054
1964	4	432
1964	5	301
1964	6	333
1964	7	92
1964	8	62
1964	9	173
1964	10	245
1964	11	2502
1964	12	4526
1965	1	2380
1965	2	556
1965	3	180
1965	4	1141
1965	5	370
1965	6	191
1965	7	13
1965	8	233
1965	9	0
1965	10	488
1965	11	1386
1965	12	2072
1966	1	2522
1966	2	652
1966	3	1423
1966	4	246
1966	5	176
1966	6	33
1966	7	348
1966	8	0
1966	9	252
1966	10	707
1966	11	2273
1966	12	1858
1967	1	2122
1967	2	435
1967	3	899
1967	4	790
1967	5	449
1967	6	150
1967	7	0
1967	8	0
1967	9	361
1967	10	1496
1967	11	1055
1967	12	1200
1968	1	1829
1968	2	1689
1968	3	909
1968	4	528
1968	5	647
1968	6	147
1968	7	53
1968	8	939
1968	9	352
1968	10	1447
1968	11	2009
1968	12	3034
1969	1	2071
1969	2	993
1969	3	460
1969	4	658
1969	5	751
1969	6	603
1969	7	0
1969	8	0
1969	9	368
1969	10	1413
1969	11	635
1969	12	3020
1970	1	3387
1970	2	750
1970	3	908
1970	4	1086
1970	5	391
1970	6	334
1970	7	0
1970	8	0
1970	9	306
1970	10	1189
1970	11	2024
1970	12	2331
1971	1	2380
1971	2	1596
1971	3	2060
1971	4	825
1971	5	590
1971	6	625
1971	7	0
1971	8	160
1971	9	740
1971	10	691
1971	11	2430
1971	12	2430
1972	1	2948
1972	2	1858
1972	3	1664
1972	4	1526
1972	5	427
1972	6	214
1972	7	0
1972	8	201
1972	9	455
1972	10	430
1972	11	1081
1972	12	1846
1973	1	1333
1973	2	618
1973	3	1083
1973	4	504
1973	5	244
1973	6	165
1973	7	0
1973	8	107
1973	9	858
1973	10	579
1973	11	4998
1973	12	2552
1974	1	2973
1974	2	2226
1974	3	2518
1974	4	737
1974	5	328
1974	6	183
1974	7	250
1974	8	43
1974	9	5
1974	10	551
1974	11	1418
1974	12	2211
1975	1	1936
1975	2	1854
1975	3	1978
1975	4	965
1975	5	447
1975	6	145
1975	7	132
1975	8	437
1975	9	5
1975	10	1576
1975	11	1724
1975	12	2103
1976	1	2260
1976	2	1553
1976	3	1526
1976	4	525
1976	5	278
1976	6	55
1976	7	48
1976	8	549
1976	9	213
1976	10	524
1976	11	316
1976	12	313
1977	1	349
1977	2	954
1977	3	1512
1977	4	298
1977	5	863
1977	6	101
1977	7	0
1977	8	533
1977	9	573
1977	10	691
1977	11	2187
1977	12	2894
1978	1	1622
1978	2	1105
1978	3	482
1978	4	1282
1978	5	553
1978	6	184
1978	7	150
1978	8	609
1978	9	671
1978	10	102
1978	11	985
1978	12	1043
1979	1	917
1979	2	2214
1979	3	860
1979	4	1718
1979	5	720
1979	6	185
1979	7	89
1979	8	445
1979	9	348
1979	10	1646
1979	11	1630
1979	12	1628
1980	1	1814
1980	2	757
1980	3	1342
1980	4	1010
1980	5	320
1980	6	516
1980	7	49
1980	8	0
1980	9	163
1980	10	521
1980	11	1570
1980	12	3258
1981	1	671
1981	2	1048
1981	3	798
1981	4	710
1981	5	747
1981	6	618
1981	7	31
1981	8	10
1981	9	707
1981	10	1351
1981	11	2092
1981	12	4009
1982	1	2516
1982	2	1521
1982	3	1153
1982	4	1822
1982	5	145
1982	6	458
1982	7	109
1982	8	217
1982	9	606
1982	10	1116
1982	11	1716
1982	12	2669
1983	1	1514
1983	2	2900
1983	3	2660
1983	4	1003
1983	5	701
1983	6	284
1983	7	546
1983	8	917
1983	9	248
1983	10	380
1983	11	3100
1983	12	1967
1984	1	567
1984	2	2182
1984	3	1521
1984	4	1253
1984	5	743
1984	6	686
1984	7	46
1984	8	13
1984	9	205
1984	10	1542
1984	11	4374
1984	12	1194
1985	1	155
1985	2	1162
1985	3	1453
1985	4	375
1985	5	326
1985	6	445
1985	7	183
1985	8	64
1985	9	450
1985	10	1136
1985	11	1542
1985	12	889
1986	1	1880
1986	2	3153
1986	3	1065
1986	4	585
1986	5	1031
1986	6	178
1986	7	129
1986	8	5
1986	9	1156
1986	10	537
1986	11	2224
1986	12	719
1987	1	1843
1987	2	1380
1987	3	965
1987	4	445
1987	5	271
1987	6	46
1987	7	737
1987	8	53
1987	9	11
1987	10	15
1987	11	1231
1987	12	3590
1988	1	2381
1988	2	376
1988	3	1124
1988	4	1082
1988	5	974
1988	6	489
1988	7	42
1988	8	33
1988	9	234
1988	10	63
1988	11	3166
1988	12	1424
1989	1	1573
1989	2	765
1989	3	1920
1989	4	501
1989	5	616
1989	6	221
1989	7	73
1989	8	369
1989	9	48
1989	10	766
1989	11	1151
1989	12	370
1990	1	2662
1990	2	1769
1990	3	700
1990	4	593
1990	5	481
1990	6	275
1990	7	102
1990	8	373
1990	9	50
1990	10	1531
1990	11	1699
1990	12	1028
1991	1	864
1991	2	771
1991	3	1848
1991	4	917
1991	5	986
1991	6	216
1991	7	59
1991	8	107
1991	9	25
1991	10	830
1991	11	2073
1991	12	1115
1992	1	1013
1992	2	875
1992	3	518
1992	4	1504
1992	5	23
1992	6	716
1992	7	109
1992	8	0
1992	9	310
1992	10	964
1992	11	1366
1992	12	2838
1993	1	1397
1993	2	1011
1993	3	1271
1993	4	1994
1993	5	1208
1993	6	596
1993	7	315
1993	8	290
1993	9	0
1993	10	274
1993	11	387
1993	12	1697
1994	1	1101
1994	2	1098
1994	3	939
1994	4	550
1994	5	429
1994	6	313
1994	7	10
1994	8	0
1994	9	246
1994	10	607
1994	11	2510
1994	12	1391
1995	1	3189
1995	2	891
1995	3	1230
1995	4	1609
1995	5	513
1995	6	739
1995	7	163
1995	8	78
1995	9	343
1995	10	701
1995	11	2107
1995	12	3203
1996	1	3043
1996	2	2638
1996	3	770
1996	4	1412
1996	5	1553
1996	6	88
1996	7	81
1996	8	10
1996	9	523
1996	10	1773
1996	11	2947
1996	12	4872
1997	1	2006
1997	2	944
1997	3	1631
1997	4	1148
1997	5	591
1997	6	358
1997	7	33
1997	8	464
1997	9	781
1997	10	1518
1997	11	826
1997	12	917
1998	1	2157
1998	2	2042
1998	3	1549
1998	4	844
1998	5	1610
1998	6	251
1998	7	8
1998	8	0
1998	9	143
1998	10	659
1998	11	3518
1998	12	3026
1999	1	2324
1999	2	3392
1999	3	1371
1999	4	389
1999	5	753
1999	6	191
1999	7	30
1999	8	516
1999	9	3
1999	10	845
1999	11	2188
1999	12	1376
2000	1	3492
2000	2	2022
2000	3	731
2000	4	891
2000	5	729
2000	6	254
2000	7	28
2000	8	0
2000	9	393
2000	10	833
2000	11	615
2000	12	1387
2001	1	633
2001	2	517
2001	3	712
2001	4	605
2001	5	436
2001	6	489
2001	7	149
2001	8	94
2001	9	160
2001	10	922
2001	11	2128
2001	12	2519
2002	1	2165
2002	2	1003
2002	3	1317
2002	4	934
2002	5	404
2002	6	209
2002	7	0
2002	8	94
2002	9	338
2002	10	173
2002	11	1528
2002	12	3540
2003	1	1695
2003	2	1020
2003	3	1595
2003	4	1421
2003	5	375
2003	6	47
2003	7	0
2003	8	9
2003	9	331
2003	10	352
2003	11	1528
2003	12	3049
2004	1	2172
2004	2	1202
2004	3	905
2004	4	963
2004	5	730
2004	6	400
2004	7	0
2004	8	277
2004	9	425
2004	10	1067
2004	11	528
2004	12	1548
2005	1	843
2005	2	636
2005	3	1432
2005	4	830
2005	5	1559
2005	6	262
2005	7	59
2005	8	199
2005	9	211
2005	10	749
2005	11	2096
2005	12	3333
2006	1	3947
2006	2	1187
2006	3	1665
2006	4	1144
2006	5	684
2006	6	299
2006	7	24
2006	8	13
2006	9	249
2006	10	337
2006	11	4040
2006	12	2620
2007	1	1284
2007	2	1783
2007	3	893
2007	4	810
2007	5	327
2007	6	117
2007	7	169
2007	8	222
2007	9	348
2007	10	1609
2007	11	1632
2007	12	2883
2008	1	3072
2008	2	1157
2008	3	1555
2008	4	815
2008	5	168
2008	6	245
2008	7	3
2008	8	179
2008	9	37
2008	10	497
2008	11	1358
2008	12	2690
2009	1	750
2009	2	1084
2009	3	1239
2009	4	512
2009	5	964
2009	6	186
2009	7	41
2009	8	30
2009	9	300
2009	10	1264
2009	11	1942
2009	12	1278
2010	1	1685
2010	2	1079
2010	3	1832
2010	4	1818
2010	5	1276
2010	6	786
2010	7	10
2010	8	119
2010	9	792
2010	10	1064
2010	11	1910
2010	12	2633
2011	1	949
2011	2	1290
2011	3	2320
2011	4	1352
2011	5	795
2011	6	257
2011	7	397
2011	8	3
2011	9	24
2011	10	739
2011	11	1563
2011	12	1228
2012	1	2629
2012	2	1423
2012	3	3082
2012	4	1105
2012	5	509
2012	6	706
2012	7	120
2012	8	0
2012	9	5
2012	10	1376
2012	11	2565
2012	12	2965
2013	1	746
2013	2	501
2013	3	890
2013	4	737
2013	5	669
2013	6	165
2013	7	0
2013	8	220
2013	9	1639
2013	10	221
2013	11	959
2013	12	457
2014	1	951
2014	2	2512
2014	3	2164
2014	4	717
2014	5	522
2014	6	315
2014	7	99
2014	8	23
2014	9	437
2014	10	1626
2014	11	1932
2014	12	2436
2015	1	466
2015	2	1718
2015	3	735
2015	4	603
2015	5	50
2015	6	264
2015	7	28
2015	8	76
2015	9	206
2015	10	240
