1893	4	1458
1893	5	1798
1893	6	626
1893	7	536
1893	8	563
1893	9	350
1893	10	1492
1893	11	613
1893	12	816
1894	1	623
1894	2	478
1894	4	612
1894	5	914
1894	6	1039
1894	7	635
1894	8	275
1894	9	1015
1894	10	475
1894	11	675
1894	12	1182
1895	1	991
1895	2	168
1895	3	405
1895	4	482
1895	5	395
1895	6	758
1895	7	568
1895	8	870
1895	9	571
1895	10	260
1895	11	1334
1896	1	537
1896	2	497
1896	3	526
1896	4	892
1896	5	570
1896	6	1781
1896	7	1753
1896	8	610
1896	9	1500
1897	3	1505
1897	6	899
1897	7	1310
1897	8	809
1897	9	192
1897	10	136
1897	11	2138
1897	12	820
1898	1	1332
1898	2	620
1898	3	1701
1898	4	1082
1898	5	1308
1898	6	1120
1898	7	792
1898	8	1334
1898	9	503
1898	10	968
1898	11	902
1898	12	811
1899	1	532
1899	2	651
1899	3	1133
1899	4	378
1899	5	1275
1899	6	917
1899	7	1273
1899	8	319
1899	9	870
1899	10	576
1899	11	487
1899	12	802
1900	1	571
1900	2	850
1900	3	694
1900	4	512
1900	5	551
1900	6	570
1900	7	1035
1900	8	1085
1900	9	282
1900	10	318
1900	11	1181
1900	12	351
1901	1	433
1901	2	225
1901	3	732
1901	4	1634
1901	5	1287
1901	6	1532
1901	7	833
1901	8	882
1901	9	711
1901	10	63
1901	11	449
1901	12	1023
1902	1	323
1902	2	299
1902	3	696
1902	4	646
1902	5	563
1902	6	1972
1902	7	1100
1902	8	443
1902	9	854
1902	10	688
1902	11	756
1902	12	1179
1903	1	724
1903	2	1384
1903	3	1012
1903	4	1293
1903	5	542
1903	6	876
1903	7	791
1903	8	571
1903	9	214
1903	10	620
1903	11	637
1903	12	484
1904	1	827
1904	2	649
1904	3	1385
1904	4	992
1904	5	950
1904	6	782
1904	7	1291
1904	8	597
1904	9	451
1904	10	642
1904	11	141
1904	12	924
1905	1	395
1905	2	391
1905	3	710
1905	4	746
1905	5	1175
1905	6	1099
1905	7	763
1905	8	1062
1905	9	1219
1905	10	1296
1905	11	553
1905	12	709
1906	1	530
1906	2	268
1906	3	1056
1906	4	743
1906	5	574
1906	6	1009
1906	7	1132
1906	8	1113
1906	9	736
1906	10	886
1906	11	584
1906	12	804
1907	1	1386
1907	2	283
1907	3	1681
1907	4	1021
1907	5	1063
1907	6	1063
1907	7	2093
1907	8	687
1907	9	1373
1907	10	527
1907	11	487
1907	12	713
1908	1	432
1908	2	859
1908	3	1529
1908	4	1211
1908	5	1249
1908	6	520
1908	7	1222
1908	8	674
1908	9	157
1908	10	533
1908	11	729
1908	12	840
1909	1	1091
1909	2	1426
1909	3	1006
1909	4	1355
1909	5	1726
1909	6	1867
1909	7	1054
1909	8	795
1909	9	539
1909	10	608
1909	11	427
1909	12	775
1910	1	1281
1910	2	943
1910	3	16
1910	4	655
1910	5	881
1910	6	1239
1910	7	634
1910	8	528
1910	9	1507
1910	10	1088
1910	11	389
1910	12	603
1911	1	1039
1911	2	541
1911	3	599
1911	4	1268
1911	5	345
1911	6	814
1911	7	739
1911	8	2024
1911	9	1489
1911	10	1054
1911	11	771
1911	12	1413
1912	1	378
1912	2	371
1912	3	986
1912	4	1268
1912	5	838
1912	6	1143
1912	7	1386
1912	8	1014
1912	9	955
1912	10	930
1912	11	133
1912	12	759
1913	1	1911
1913	2	727
1913	3	984
1913	4	767
1913	5	884
1913	6	505
1913	7	1892
1913	8	676
1913	9	592
1913	10	801
1913	11	1060
1913	12	534
1914	1	514
1914	2	1247
1914	3	787
1914	4	1132
1914	5	643
1914	6	1082
1914	7	539
1914	8	1346
1914	9	261
1914	10	1174
1914	11	630
1914	12	1433
1915	1	1057
1915	2	575
1915	3	368
1915	4	353
1915	5	790
1915	6	1497
1915	7	2210
1915	8	1130
1915	9	1280
1915	10	363
1915	11	828
1915	12	1067
1916	1	1087
1916	2	406
1916	3	1026
1916	4	667
1916	5	1207
1916	6	1498
1916	7	588
1916	8	658
1916	9	864
1916	10	579
1916	11	918
1916	12	688
1917	1	516
1917	2	404
1917	3	1193
1917	4	1043
1917	5	1110
1917	6	1530
1917	7	1404
1917	8	626
1917	9	360
1917	10	1295
1917	11	306
1917	12	455
1918	1	567
1918	2	727
1918	3	398
1918	4	770
1918	5	1455
1918	6	308
1918	7	740
1918	8	1135
1918	9	854
1918	10	714
1918	11	680
1918	12	1153
1919	1	533
1919	2	332
1919	3	1158
1919	4	785
1919	5	1783
1919	6	617
1919	7	727
1919	8	1587
1919	9	798
1919	10	1578
1919	11	1124
1919	12	740
1920	1	600
1920	2	302
1920	3	571
1920	4	1681
1920	5	287
1920	6	1065
1920	7	1914
1920	8	1970
1920	9	538
1920	10	383
1920	11	467
1920	12	630
1921	1	857
1921	2	673
1921	3	1399
1921	4	1215
1921	5	691
1921	6	749
1921	7	716
1921	8	1521
1921	9	1558
1921	10	304
1921	11	1882
1921	12	995
1922	1	358
1922	2	445
1922	3	1073
1922	4	1384
1922	5	871
1922	6	681
1922	7	748
1922	8	705
1922	9	1271
1922	10	662
1922	11	363
1922	12	590
1923	1	743
1923	2	485
1923	3	740
1923	4	680
1923	5	837
1923	6	909
1923	7	602
1923	8	1443
1923	9	729
1923	10	439
1923	11	711
1923	12	1493
1924	1	1113
1924	2	536
1924	3	1001
1924	4	552
1924	5	1354
1924	6	1763
1924	7	462
1924	8	406
1924	9	1237
1924	10	11
1924	11	328
1924	12	795
1925	1	555
1925	2	615
1925	3	644
1925	4	312
1925	5	788
1925	6	1146
1925	7	1208
1925	8	458
1925	9	615
1925	10	1148
1925	11	1028
1925	12	249
1926	1	612
1926	2	954
1926	3	482
1926	4	851
1926	5	544
1926	6	965
1926	7	1497
1926	8	1817
1926	9	2744
1926	10	1491
1926	11	742
1926	12	667
1927	1	1112
1927	2	624
1927	3	1206
1927	4	981
1927	5	1211
1927	6	1011
1927	7	1378
1927	8	549
1927	9	535
1927	10	400
1927	11	1331
1927	12	1410
1928	1	507
1928	2	792
1928	3	648
1928	4	742
1928	5	347
1928	6	1867
1928	7	1439
1928	8	527
1928	9	139
1928	10	687
1928	11	613
1928	12	466
1929	1	1029
1929	2	957
1929	3	792
1929	4	1206
1929	5	1500
1929	6	1028
1929	7	595
1929	8	711
1929	9	1069
1929	10	651
1929	11	1250
1929	12	1088
1930	1	983
1930	2	640
1930	3	693
1930	4	488
1930	5	598
1930	6	431
1930	7	160
1930	8	254
1930	9	453
1930	10	189
1930	11	328
1930	12	381
1931	1	380
1931	2	627
1931	3	397
1931	4	1184
1931	5	842
1931	6	567
1931	7	656
1931	8	1188
1931	9	1076
1931	10	550
1931	11	968
1931	12	1205
1932	1	1688
1932	2	272
1932	3	723
1932	4	564
1932	5	481
1932	6	783
1932	7	1132
1932	8	863
1932	9	187
1932	10	835
1932	11	855
1932	12	835
1933	1	480
1933	2	536
1933	3	1446
1933	4	986
1933	5	1494
1933	6	848
1933	7	767
1933	8	904
1933	9	1199
1933	10	315
1933	11	457
1933	12	505
1934	1	481
1934	2	261
1934	3	733
1934	4	428
1934	5	121
1934	6	1754
1934	7	349
1934	8	1607
1934	9	960
1934	10	143
1934	11	544
1934	12	285
1935	1	724
1935	2	556
1935	3	658
1935	4	415
1935	5	978
1935	6	912
1935	7	1895
1935	8	2929
1935	9	607
1935	10	430
1935	11	990
1935	12	763
1936	1	568
1936	2	734
1936	3	1095
1936	4	737
1936	5	381
1936	6	561
1936	7	1268
1936	8	1886
1936	9	672
1936	10	879
1936	11	777
1936	12	736
1937	1	2945
1937	2	277
1937	3	354
1937	4	1113
1937	5	1255
1937	6	2279
1937	7	1015
1937	8	808
1937	9	267
1937	10	1070
1937	11	334
1937	12	887
1938	1	542
1938	2	715
1938	3	1603
1938	4	1030
1938	5	1430
1938	6	1104
1938	7	864
1938	8	777
1938	9	1031
1938	10	162
1938	11	1028
1938	12	407
1939	1	691
1939	2	1252
1939	3	908
1939	4	1086
1939	5	275
1939	6	2016
1939	7	1711
1939	8	1360
1939	9	599
1939	10	1006
1939	11	233
1939	12	430
1940	1	378
1940	2	996
1940	3	1022
1940	4	1591
1940	5	1406
1940	6	1629
1940	7	842
1940	8	1675
1940	9	546
1940	10	488
1940	11	1160
1940	12	776
1941	1	416
1941	2	163
1941	3	297
1941	4	273
1941	5	664
1941	6	1665
1941	7	1906
1941	8	1560
1941	9	299
1941	10	1383
1941	11	496
1941	12	598
1942	1	383
1942	2	541
1942	3	952
1942	4	640
1942	5	1191
1942	6	1256
1942	7	532
1942	8	818
1942	9	908
1942	10	637
1942	11	859
1942	12	926
1943	1	531
1943	2	517
1943	3	1216
1943	4	787
1943	5	2757
1943	6	529
1943	7	1041
1943	8	1202
1943	9	196
1943	10	508
1943	11	392
1943	12	294
1944	1	277
1944	2	486
1944	3	1494
1944	4	1081
1944	5	761
1944	6	615
1944	7	359
1944	8	956
1944	9	512
1944	10	331
1944	11	282
1944	12	734
1945	1	322
1945	2	740
1945	3	1875
1945	4	713
1945	5	1126
1945	6	1109
1945	7	920
1945	8	256
1945	9	2642
1945	10	572
1945	11	1001
1945	12	467
1946	1	181
1946	2	1031
1946	3	593
1946	4	338
1946	5	1613
1946	6	1703
1946	7	1466
1946	8	820
1946	9	200
1946	10	1316
1946	11	862
1946	12	694
1947	1	1309
1947	2	116
1947	3	278
1947	4	1191
1947	5	1808
1947	6	1660
1947	7	670
1947	8	784
1947	9	790
1947	10	262
1947	11	705
1947	12	334
1948	1	647
1948	2	866
1948	3	1193
1948	4	1335
1948	5	919
1948	6	1064
1948	7	460
1948	8	463
1948	9	1311
1948	10	592
1948	11	730
1948	12	590
1949	1	1447
1949	2	720
1949	3	832
1949	4	780
1949	5	778
1949	6	976
1949	7	1851
1949	8	1083
1949	9	874
1949	10	271
1949	11	353
1949	12	698
1950	1	2335
1950	2	1012
1950	3	652
1950	4	1109
1950	5	1036
1950	6	807
1950	7	1534
1950	8	148
1950	9	627
1950	10	309
1950	11	1481
1950	12	686
1951	1	1151
1951	2	879
1951	3	1433
1951	4	1112
1951	5	561
1951	6	1703
1951	7	712
1951	8	20
1951	9	966
1951	10	475
1951	11	1360
1951	12	1342
1952	1	1787
1952	2	614
1952	3	1048
1952	4	1367
1952	5	861
1952	6	358
1952	7	883
1952	8	549
1952	9	462
1952	10	196
1952	11	440
1952	12	715
1953	1	1322
1953	2	389
1953	3	768
1953	4	772
1953	5	983
1953	6	819
1953	7	965
1953	8	397
1953	9	310
1953	10	242
1953	11	241
1953	12	604
1954	1	634
1954	2	246
1954	3	1417
1954	4	1137
1954	5	599
1954	6	523
1954	7	740
1954	8	841
1954	9	416
1954	10	1480
1954	11	400
1954	12	759
1955	1	360
1955	2	856
1955	3	1100
1955	4	1050
1955	5	688
1955	6	594
1955	7	1791
1955	8	1135
1955	9	576
1955	10	666
1955	11	1025
1955	12	42
1956	1	122
1956	2	1306
1956	3	1076
1956	4	1295
1956	5	1738
1956	6	1992
1956	7	1315
1956	8	835
1956	9	596
1956	10	384
1956	11	366
1956	12	956
1957	1	503
1957	2	287
1957	3	510
1957	4	1345
1957	5	1487
1957	6	2202
1957	7	682
1957	8	419
1957	9	1098
1957	10	447
1957	11	802
1957	12	1206
1958	1	504
1958	2	351
1958	3	306
1958	4	1087
1958	5	983
1958	6	1372
1958	7	1745
1958	8	834
1958	9	714
1958	10	181
1958	11	603
1958	12	285
1959	1	1291
1959	2	740
1959	3	654
1959	4	969
1959	5	989
1959	6	1315
1959	7	1448
1959	8	600
1959	9	864
1959	10	1624
1959	11	1037
1959	12	617
1960	1	726
1960	2	994
1960	3	229
1960	4	609
1960	5	858
1960	6	1307
1960	7	599
1960	8	874
1960	9	65
1960	10	646
1960	11	450
1960	12	416
1961	1	439
1961	2	990
1961	3	1067
1961	4	1659
1961	5	622
1961	6	668
1961	7	2041
1961	8	745
1961	9	219
1961	10	723
1961	11	766
1961	12	436
1962	1	856
1962	2	920
1962	3	770
1962	4	401
1962	5	880
1962	6	286
1962	7	1137
1962	8	216
1962	9	1140
1962	10	459
1962	11	735
1962	12	474
1963	1	366
1963	2	200
1963	3	1761
1963	4	708
1963	5	564
1963	6	589
1963	7	748
1963	8	924
1963	9	43
1963	10	63
1963	11	483
1963	12	285
1964	1	673
1964	2	486
1964	3	2157
1964	4	1555
1964	5	744
1964	6	1252
1964	7	595
1964	8	799
1964	9	310
1964	10	242
1964	11	471
1964	12	1284
1965	1	719
1965	2	1031
1965	3	760
1965	4	919
1965	5	412
1965	6	560
1965	7	1111
1965	8	1104
1965	9	1664
1965	10	945
1965	11	573
1965	12	198
1966	1	851
1966	2	607
1966	3	353
1966	4	1415
1966	5	714
1966	6	385
1966	7	1187
1966	8	653
1966	9	644
1966	10	205
1966	11	1218
1966	12	769
1967	1	195
1967	2	492
1967	3	1163
1967	4	1067
1967	5	1144
1967	6	414
1967	7	1598
1967	8	461
1967	9	805
1967	10	643
1967	11	892
1967	12	786
1968	1	645
1968	2	473
1968	3	1110
1968	4	635
1968	5	1856
1968	6	506
1968	7	1600
1968	8	706
1968	9	585
1968	10	721
1968	11	866
1968	12	879
1969	1	704
1969	2	189
1969	3	351
1969	4	435
1969	5	761
1969	6	1605
1969	7	1861
1969	8	467
1969	9	320
1969	10	620
1969	11	800
1969	12	587
1970	1	268
1970	2	455
1970	3	601
1970	4	1583
1970	5	976
1970	6	1237
1970	7	788
1970	8	249
1970	9	1208
1970	10	1214
1970	11	629
1970	12	770
1971	1	383
1971	2	833
1971	3	583
1971	4	163
1971	5	1008
1971	6	529
1971	7	966
1971	8	824
1971	9	725
1971	10	283
1971	11	513
1971	12	1077
1972	1	440
1972	2	498
1972	3	739
1972	4	1185
1972	5	688
1972	6	1077
1972	7	985
1972	8	1015
1972	9	972
1972	10	431
1972	11	1314
1972	12	854
1973	1	509
1973	2	425
1973	3	1169
1973	4	946
1973	5	962
1973	6	599
1973	7	1729
1973	8	608
1973	9	588
1973	10	1061
1973	11	1407
1973	12	563
1974	1	696
1974	2	490
1974	3	753
1974	4	1094
1974	5	1114
1974	6	1247
1974	7	467
1974	8	1480
1974	9	823
1974	10	312
1974	11	844
1974	12	1035
1975	1	801
1975	2	1084
1975	3	891
1975	4	1033
1975	5	1203
1975	6	845
1975	7	667
1975	8	1604
1975	9	1680
1975	10	768
1975	11	421
1975	12	800
1976	1	679
1976	2	740
1976	3	796
1976	4	526
1976	5	577
1976	6	1279
1976	7	1733
1976	8	1079
1976	9	595
1976	10	781
1976	11	174
1976	12	303
1977	1	356
1977	2	219
1977	3	1020
1977	4	1101
1977	5	211
1977	6	891
1977	7	1375
1977	8	860
1977	9	1087
1977	10	641
1977	11	1130
1977	12	874
1978	1	1325
1978	2	75
1978	3	698
1978	4	842
1978	5	1088
1978	6	1297
1978	7	739
1978	8	2106
1978	9	621
1978	10	1086
1978	11	492
1978	12	1283
1979	1	959
1979	2	916
1979	3	471
1979	4	1304
1979	5	1137
1979	6	947
1979	7	1394
1979	8	2193
1979	9	1785
1979	10	605
1979	11	799
1979	12	502
1980	1	486
1980	2	247
1980	3	1443
1980	4	1023
1980	5	1417
1980	6	1179
1980	7	1237
1980	8	3144
1980	9	839
1980	10	754
1980	11	547
1980	12	456
1981	1	113
1981	2	1180
1981	3	425
1981	4	1806
1981	5	1576
1981	6	1963
1981	7	1022
1981	8	628
1981	9	704
1981	10	524
1981	11	554
1981	12	612
1982	1	1256
1982	2	466
1982	3	999
1982	4	592
1982	5	583
1982	6	1005
1982	7	1149
1982	8	714
1982	9	459
1982	10	348
1982	11	1436
1982	12	896
1983	1	341
1983	2	630
1983	3	519
1983	4	1790
1983	5	1555
1983	6	910
1983	7	1212
1983	8	470
1983	9	799
1983	10	1283
1983	11	1108
1983	12	978
1984	1	277
1984	2	605
1984	3	982
1984	4	1029
1984	5	1532
1984	6	148
1984	7	815
1984	8	1075
1984	9	400
1984	10	647
1984	11	1061
1984	12	906
1985	1	326
1985	2	638
1985	3	936
1985	4	313
1985	5	1817
1985	6	661
1985	7	937
1985	8	496
1985	9	163
1985	10	488
1985	11	2945
1985	12	494
1986	1	468
1986	2	798
1986	3	438
1986	4	348
1986	5	359
1986	6	1377
1986	7	1429
1986	8	460
1986	9	1633
1986	10	843
1986	11	754
1986	12	919
1987	1	470
1987	2	224
1987	3	493
1987	4	897
1987	5	750
1987	6	1187
1987	7	536
1987	8	1124
1987	9	354
1987	10	970
1987	11	412
1987	12	694
1988	1	368
1988	2	1000
1988	3	573
1988	4	504
1988	5	526
1988	6	275
1988	7	829
1988	8	801
1988	9	701
1988	10	457
1988	11	1086
1988	12	560
1989	1	726
1989	2	744
1989	3	1208
1989	4	737
1989	5	1641
1989	6	1933
1989	7	1680
1989	8	333
1989	9	789
1989	10	643
1989	11	640
1989	12	481
1990	1	687
1990	2	1052
1990	3	308
1990	4	897
1990	5	1980
1990	6	1554
1990	7	1765
1990	8	863
1990	9	1264
1990	10	959
1990	11	522
1990	12	2078
1991	1	648
1991	2	499
1991	3	778
1991	4	947
1991	5	406
1991	6	390
1991	7	512
1991	8	644
1991	9	1045
1991	10	242
1991	11	532
1991	12	874
1992	1	438
1992	2	255
1992	3	960
1992	4	516
1992	5	693
1992	6	373
1992	7	3408
1992	8	1364
1992	9	534
1992	10	296
1992	11	859
1992	12	293
1993	1	692
1993	2	598
1993	3	1231
1993	4	892
1993	5	737
1993	6	1308
1993	7	1621
1993	8	542
1993	9	1118
1993	10	858
1993	11	1372
1993	12	717
1994	1	919
1994	2	412
1994	3	810
1994	4	1149
1994	5	493
1994	6	1103
1994	7	1030
1994	8	1862
1994	9	359
1994	10	171
1994	11	934
1994	12	637
1995	1	1073
1995	2	440
1995	3	1128
1995	4	855
1995	5	1348
1995	6	1050
1995	7	745
1995	8	773
1995	9	292
1995	10	1241
1995	11	578
1995	12	437
1996	1	975
1996	2	709
1996	3	800
1996	4	1402
1996	5	1381
1996	6	1346
1996	7	1157
1996	8	354
1996	9	1491
1996	10	629
1996	11	894
1996	12	941
1997	1	524
1997	2	412
1997	3	1127
1997	4	679
1997	5	1410
1997	6	839
1997	7	591
1997	8	1396
1997	9	479
1997	10	343
1997	11	1102
1997	12	520
1998	1	1104
1998	2	620
1998	3	692
1998	4	1433
1998	5	1570
1998	6	1923
1998	7	406
1998	8	844
1998	9	466
1998	10	1104
1998	11	495
1998	12	817
1999	1	1108
1999	2	763
1999	3	535
1999	4	1337
1999	5	600
1999	6	282
1999	7	1028
1999	8	920
1999	9	468
1999	10	496
1999	11	923
1999	12	533
2000	1	723
2000	2	750
2000	3	874
2000	4	1288
2000	5	1281
2000	6	853
2000	7	857
2000	8	1151
2000	9	815
2000	10	797
2000	11	377
2000	12	942
2001	1	1105
2001	2	339
2001	3	668
2001	4	1164
2001	5	1167
2001	6	620
2001	7	1352
2001	8	1041
2001	9	395
2001	10	1205
2001	11	870
2001	12	863
2002	1	658
2002	2	388
2002	3	1037
2002	4	1621
2002	5	1502
2002	6	956
2002	7	468
2002	8	489
2002	9	742
2002	10	876
2002	11	665
2002	12	560
2003	1	348
2003	2	658
2003	3	607
2003	4	761
2003	5	1843
2003	6	650
2003	7	948
2003	8	2104
2003	9	1722
2003	10	734
2003	11	654
2003	12	704
2004	1	1222
2004	2	551
2004	3	808
2004	4	931
2004	5	2370
2004	6	1596
2004	7	1976
2004	8	1613
2004	9	1304
2004	10	668
2004	11	1091
2004	12	997
2005	1	1993
2005	2	513
2005	3	519
2005	4	1180
2005	5	604
2005	6	296
2005	7	735
2005	8	1532
2005	9	711
2005	10	703
2005	11	978
2005	12	363
2006	1	977
2006	2	415
2006	3	809
2006	4	787
2006	5	1131
2006	6	1076
2006	7	1825
2006	8	415
2006	9	1773
2006	10	1460
2006	11	523
2006	12	608
2007	1	1186
2007	2	619
2007	3	1614
2007	4	733
2007	5	568
2007	6	727
2007	7	650
2007	8	1321
2007	9	460
2007	10	1000
2007	11	782
2007	12	1210
2008	1	534
2008	2	1261
2008	3	2035
2008	4	651
2008	5	1287
2008	6	1759
2008	7	1081
2008	8	402
2008	9	501
2008	10	441
2008	11	704
2008	12	1318
2009	1	771
2009	2	431
2009	3	544
2009	4	1097
2009	5	641
2009	6	864
2009	7	1159
2009	8	699
2009	9	1095
2009	10	974
2009	11	281
2009	12	825
2010	1	612
2010	2	608
2010	3	797
2010	4	590
2010	5	1341
2010	6	1749
2010	7	720
2010	8	720
2010	9	793
2010	10	653
2010	11	1333
2010	12	300
2011	1	417
2011	2	1091
2011	3	1191
2011	4	1621
2011	5	990
2011	6	1587
2011	7	901
2011	8	1703
2011	9	954
2011	10	1376
2011	11	1432
2011	12	1249
2012	1	909
2012	2	455
2012	3	654
2012	4	405
2012	5	808
2012	6	780
2012	7	517
2012	8	219
2012	9	1274
2012	10	1139
2012	11	234
2012	12	1232
2013	1	457
2013	2	509
2013	3	552
2013	4	922
2013	5	645
2013	6	2223
2013	7	1681
2013	8	902
2013	9	193
2013	10	789
2013	11	829
2013	12	935
2014	1	563
2014	2	553
2014	3	555
2014	4	1643
2014	5	1549
2014	6	1931
2014	7	838
2014	8	2434
2014	9	146
2014	10	709
2014	11	442
2014	12	773
2015	1	505
2015	2	454
2015	3	1028
2015	4	1327
2015	5	1394
2015	6	1996
2015	7	811
2015	8	336
2015	9	701
2015	10	295
