1892	4	969
1892	5	2173
1892	6	579
1892	7	1312
1892	8	379
1892	9	743
1892	10	321
1892	11	746
1892	12	485
1893	1	96
1893	2	629
1893	3	706
1893	4	1830
1893	5	1839
1893	6	1374
1893	7	1301
1893	8	716
1893	9	457
1893	10	198
1893	11	437
1893	12	107
1894	1	582
1894	2	443
1894	3	408
1894	4	592
1894	5	789
1894	6	1299
1894	7	246
1894	8	320
1894	9	759
1894	10	386
1894	11	427
1894	12	300
1895	1	263
1895	2	85
1895	3	430
1895	4	337
1895	5	1235
1895	6	1757
1895	7	1814
1895	8	1764
1895	9	680
1895	10	76
1895	11	834
1895	12	1669
1896	1	337
1896	2	426
1896	3	170
1896	4	970
1896	5	1887
1896	6	857
1896	7	1891
1896	8	578
1896	9	1195
1896	10	713
1896	11	445
1896	12	272
1897	1	1627
1897	2	326
1897	3	1102
1897	4	1242
1897	5	639
1897	6	1873
1897	7	925
1897	8	393
1897	9	148
1897	10	133
1897	11	552
1897	12	560
1898	1	898
1898	2	337
1898	3	1439
1898	4	748
1898	5	2996
1898	6	1488
1898	7	1217
1898	8	649
1898	9	1705
1898	10	872
1898	11	632
1898	12	397
1899	1	243
1899	2	390
1899	3	566
1899	4	893
1899	5	2277
1899	6	1356
1899	7	980
1899	8	1417
1899	9	386
1899	10	422
1899	11	240
1899	12	337
1900	1	312
1900	2	1238
1900	3	247
1900	4	863
1900	5	996
1900	6	1639
1900	7	809
1900	8	427
1900	9	1355
1900	10	1117
1900	11	316
1900	12	124
1901	1	392
1901	2	268
1901	3	1162
1901	4	367
1901	5	115
1901	6	420
1901	7	889
1901	8	176
1901	9	671
1901	10	231
1901	11	254
1901	12	433
1902	1	193
1902	2	243
1902	3	685
1902	4	403
1902	5	1381
1902	6	1636
1902	7	958
1902	8	996
1902	9	937
1902	10	775
1902	11	917
1902	12	507
1903	1	370
1903	2	551
1903	3	533
1903	4	1388
1903	5	1235
1903	6	1034
1903	7	827
1903	8	1313
1903	9	1306
1903	10	518
1903	11	116
1903	12	364
1904	1	833
1904	2	157
1904	3	831
1904	4	1985
1904	5	1546
1904	6	821
1904	7	1031
1904	8	976
1904	9	957
1904	10	152
1904	11	46
1904	12	622
1905	1	262
1905	2	385
1905	3	440
1905	4	1150
1905	5	782
1905	6	1748
1905	7	1125
1905	8	1207
1905	9	1695
1905	10	707
1905	11	445
1905	12	293
1906	1	683
1906	2	842
1906	3	686
1906	4	635
1906	5	776
1906	6	638
1906	7	332
1906	8	1067
1906	9	1527
1906	10	140
1906	11	607
1906	12	420
1907	1	1481
1907	2	175
1907	3	821
1907	4	486
1907	5	1187
1907	6	1092
1907	7	1437
1907	8	801
1907	9	326
1907	10	287
1907	11	490
1907	12	385
1908	1	178
1908	2	972
1908	3	211
1908	4	751
1908	5	1605
1908	6	1625
1908	7	1057
1908	8	577
1908	9	454
1908	10	426
1908	11	851
1908	12	112
1909	1	608
1909	2	808
1909	3	840
1909	4	1289
1909	5	1762
1909	6	1071
1909	7	1993
1909	8	0
1909	9	1631
1909	10	909
1909	11	805
1909	12	703
1910	1	543
1910	2	213
1910	3	150
1910	4	880
1910	5	1951
1910	6	454
1910	7	1861
1910	8	507
1910	9	1308
1910	10	119
1910	11	36
1910	12	269
1911	1	387
1911	2	897
1911	3	574
1911	4	1093
1911	5	450
1911	6	281
1911	7	719
1911	8	430
1911	9	2536
1911	10	914
1911	11	874
1911	12	842
1912	1	84
1912	2	576
1912	3	754
1912	4	669
1912	5	1153
1912	6	729
1912	7	147
1912	8	1435
1912	9	208
1912	10	862
1912	11	315
1912	12	171
1913	1	382
1913	2	516
1913	3	945
1913	4	676
1913	5	722
1913	6	846
1913	7	330
1913	8	222
1913	9	909
1913	10	585
1913	11	626
1913	12	381
1914	1	444
1914	2	501
1914	3	1474
1914	4	696
1914	5	140
1914	6	644
1914	7	631
1914	8	725
1914	9	1321
1914	10	1105
1914	11	69
1914	12	455
1915	1	564
1915	2	640
1915	3	341
1915	4	345
1915	5	2252
1915	6	1963
1915	7	2788
1915	8	451
1915	9	1601
1915	10	305
1915	11	1070
1915	12	369
1916	1	1694
1916	2	157
1916	3	800
1916	4	701
1916	5	2420
1916	6	1801
1916	7	31
1916	8	1716
1916	9	546
1916	10	827
1916	11	500
1916	12	106
1917	1	137
1917	2	15
1917	3	1080
1917	4	1538
1917	5	1667
1917	6	889
1917	7	508
1917	8	341
1917	9	658
1917	10	254
1917	11	31
1917	12	103
1918	1	199
1918	2	254
1918	3	5
1918	4	729
1918	5	946
1918	6	755
1918	7	1029
1918	8	653
1918	9	851
1918	10	765
1918	11	672
1918	12	465
1919	1	84
1919	2	541
1919	3	524
1919	4	600
1919	5	1402
1919	6	1137
1919	7	854
1919	8	1880
1919	9	744
1919	10	604
1919	11	749
1919	12	54
1920	1	127
1920	2	46
1920	3	1193
1920	4	1397
1920	5	994
1920	6	489
1920	7	752
1920	8	1576
1920	9	1664
1920	10	586
1920	11	510
1920	12	316
1921	1	381
1921	2	173
1921	3	937
1921	4	1365
1921	5	564
1921	6	925
1921	7	503
1921	8	1524
1921	9	2134
1921	10	1341
1921	11	253
1921	12	539
1922	1	217
1922	2	527
1922	3	1437
1922	4	1124
1922	5	800
1922	6	404
1922	7	1549
1922	8	975
1922	9	1159
1922	10	190
1922	11	648
1922	12	54
1923	1	247
1923	2	43
1923	3	951
1923	4	533
1923	5	788
1923	6	1254
1923	7	477
1923	8	1802
1923	9	1000
1923	10	399
1923	11	484
1923	12	528
1924	1	302
1924	2	422
1924	3	717
1924	4	282
1924	5	827
1924	6	1785
1924	7	808
1924	8	1174
1924	9	854
1924	10	724
1924	11	305
1924	12	780
1925	1	97
1925	2	516
1925	3	468
1925	4	775
1925	5	914
1925	6	2043
1925	7	636
1925	8	1656
1925	9	1202
1925	10	829
1925	11	552
1925	12	680
1926	1	371
1926	2	645
1926	3	827
1926	4	997
1926	5	498
1926	6	1707
1926	7	698
1926	8	1179
1926	9	3331
1926	10	1797
1926	11	610
1926	12	457
1927	1	290
1927	2	245
1927	3	597
1927	4	1948
1927	5	1992
1927	6	1854
1927	7	522
1927	8	1036
1927	9	641
1927	10	1128
1927	11	253
1927	12	658
1928	1	64
1928	2	568
1928	3	175
1928	4	671
1928	5	590
1928	6	1912
1928	7	437
1928	8	1102
1928	9	1001
1928	10	1165
1928	11	2070
1928	12	554
1929	1	609
1929	2	134
1929	3	657
1929	4	2529
1929	5	1452
1929	6	1259
1929	7	369
1929	8	538
1929	9	607
1929	10	2016
1929	11	452
1929	12	270
1930	1	577
1930	2	183
1930	3	332
1930	4	398
1930	5	535
1930	6	1827
1930	7	23
1930	8	607
1930	9	797
1930	10	122
1930	11	862
1930	12	229
1931	1	132
1931	2	333
1931	3	726
1931	4	794
1931	5	1273
1931	6	816
1931	7	492
1931	8	898
1931	9	1538
1931	10	1034
1931	11	1240
1931	12	594
1932	1	417
1932	2	196
1932	3	284
1932	4	547
1932	5	512
1932	6	1669
1932	7	1097
1932	8	1381
1932	9	300
1932	10	959
1932	11	594
1932	12	964
1933	1	416
1933	2	216
1933	3	821
1933	4	405
1933	5	1367
1933	6	1072
1933	7	543
1933	8	643
1933	9	427
1933	10	373
1933	11	89
1933	12	339
1934	1	199
1934	2	183
1934	3	468
1934	4	646
1934	5	467
1934	6	340
1934	7	66
1934	8	864
1934	9	2325
1934	10	415
1934	11	1507
1934	12	173
1935	1	411
1935	2	533
1935	3	554
1935	4	788
1935	5	2472
1935	6	982
1935	7	729
1935	8	55
1935	9	869
1935	10	302
1935	11	1203
1935	12	218
1936	1	331
1936	2	526
1936	3	185
1936	4	429
1936	5	845
1936	6	399
1936	7	663
1936	8	128
1936	9	2002
1936	10	466
1936	11	233
1936	12	542
1937	1	1026
1937	2	252
1937	3	224
1937	4	311
1937	5	871
1937	6	594
1937	7	1273
1937	8	1257
1937	9	344
1937	10	379
1937	11	580
1937	12	371
1938	1	739
1938	2	387
1938	3	949
1938	4	1003
1938	5	1163
1938	6	1391
1938	7	820
1938	8	988
1938	9	361
1938	10	266
1938	11	1331
1938	12	371
1939	1	330
1939	2	307
1939	3	1156
1939	4	796
1939	5	650
1939	6	2185
1939	7	1518
1939	8	2372
1939	9	68
1939	10	243
1939	11	777
1939	12	320
1940	1	319
1940	2	156
1940	3	542
1940	4	552
1940	5	390
1940	6	1335
1940	7	120
1940	8	1344
1940	9	77
1940	10	972
1940	11	824
1940	12	418
1941	1	899
1941	2	135
1941	3	188
1941	4	524
1941	5	366
1941	6	1220
1941	7	503
1941	8	721
1941	9	1465
1941	10	2536
1941	11	549
1941	12	584
1942	1	142
1942	2	1083
1942	3	617
1942	4	955
1942	5	1225
1942	6	2094
1942	7	1400
1942	8	873
1942	9	677
1942	10	321
1942	11	1060
1942	12	701
1943	1	186
1943	2	282
1943	3	374
1943	4	612
1943	5	1692
1943	6	1845
1943	7	621
1943	8	547
1943	9	791
1943	10	696
1943	11	191
1943	12	559
1944	1	28
1944	2	381
1944	3	1365
1944	4	1892
1944	5	1351
1944	6	362
1944	7	376
1944	8	1694
1944	9	1133
1944	10	513
1944	11	1070
1944	12	399
1945	1	216
1945	2	256
1945	3	1004
1945	4	1448
1945	5	1024
1945	6	2065
1945	7	495
1945	8	487
1945	9	2326
1945	10	228
1945	11	367
1945	12	559
1946	1	824
1946	2	196
1946	3	891
1946	4	590
1946	5	1085
1946	6	861
1946	7	407
1946	8	943
1946	9	848
1946	10	1625
1946	11	464
1946	12	527
1947	1	347
1947	2	14
1947	3	691
1947	4	1612
1947	5	1096
1947	6	2986
1947	7	987
1947	8	1064
1947	9	1512
1947	10	850
1947	11	477
1947	12	575
1948	1	406
1948	2	327
1948	3	1523
1948	4	498
1948	5	637
1948	6	965
1948	7	1216
1948	8	787
1948	9	542
1948	10	544
1948	11	1000
1948	12	495
1949	1	1218
1949	2	460
1949	3	607
1949	4	405
1949	5	878
1949	6	2014
1949	7	2711
1949	8	259
1949	9	1402
1949	10	890
1949	11	112
1949	12	771
1950	1	534
1950	2	350
1950	3	306
1950	4	807
1950	5	915
1950	6	1186
1950	7	1027
1950	8	1216
1950	9	144
1950	10	120
1950	11	110
1950	12	71
1951	1	254
1951	2	972
1951	3	1052
1951	4	656
1951	5	988
1951	6	2832
1951	7	493
1951	8	1031
1951	9	1236
1951	10	747
1951	11	620
1951	12	252
1952	1	134
1952	2	275
1952	3	975
1952	4	950
1952	5	1102
1952	6	1129
1952	7	516
1952	8	1580
1952	9	795
1952	10	132
1952	11	473
1952	12	469
1953	1	196
1953	2	712
1953	3	1109
1953	4	698
1953	5	736
1953	6	790
1953	7	238
1953	8	623
1953	9	356
1953	10	212
1953	11	179
1953	12	351
1954	1	239
1954	2	578
1954	3	798
1954	4	1063
1954	5	899
1954	6	1111
1954	7	398
1954	8	2369
1954	9	417
1954	10	1799
1954	11	73
1954	12	526
1955	1	528
1955	2	697
1955	3	516
1955	4	763
1955	5	1987
1955	6	1170
1955	7	845
1955	8	1184
1955	9	487
1955	10	1351
1955	11	102
1955	12	72
1956	1	54
1956	2	284
1956	3	76
1956	4	849
1956	5	841
1956	6	1154
1956	7	1954
1956	8	1023
1956	9	119
1956	10	186
1956	11	108
1956	12	379
1957	1	496
1957	2	325
1957	3	811
1957	4	1168
1957	5	1387
1957	6	1309
1957	7	1730
1957	8	402
1957	9	920
1957	10	1519
1957	11	635
1957	12	776
1958	1	249
1958	2	336
1958	3	268
1958	4	624
1958	5	1116
1958	6	1196
1958	7	4487
1958	8	757
1958	9	627
1958	10	469
1958	11	560
1958	12	127
1959	1	393
1959	2	495
1959	3	925
1959	4	778
1959	5	1516
1959	6	333
1959	7	1163
1959	8	1065
1959	9	1384
1959	10	549
1959	11	43
1959	12	655
1960	1	505
1960	2	289
1960	3	325
1960	4	767
1960	5	1564
1960	6	1824
1960	7	894
1960	8	555
1960	9	177
1960	10	928
1960	11	361
1960	12	348
1961	1	93
1961	2	449
1961	3	1629
1961	4	966
1961	5	986
1961	6	1036
1961	7	1776
1961	8	694
1961	9	2998
1961	10	1283
1961	11	1137
1961	12	358
1962	1	584
1962	2	345
1962	3	636
1962	4	417
1962	5	728
1962	6	702
1962	7	640
1962	8	274
1962	9	1156
1962	10	1028
1962	11	226
1962	12	229
1963	1	90
1963	2	94
1963	3	639
1963	4	282
1963	5	1493
1963	6	241
1963	7	1224
1963	8	932
1963	9	431
1963	10	477
1963	11	541
1963	12	73
1964	1	97
1964	2	222
1964	3	1000
1964	4	1745
1964	5	859
1964	6	927
1964	7	150
1964	8	1066
1964	9	1662
1964	10	0
1964	11	870
1964	12	262
1965	1	1474
1965	2	249
1965	3	829
1965	4	1024
1965	5	272
1965	6	2378
1965	7	1099
1965	8	985
1965	9	2317
1965	10	129
1965	11	70
1965	12	374
1966	1	86
1966	2	67
1966	3	762
1966	4	907
1966	5	958
1966	6	1657
1966	7	1575
1966	8	363
1966	9	1242
1966	10	867
1966	11	282
1966	12	442
1967	1	358
1967	2	102
1967	3	539
1967	4	1764
1967	5	984
1967	6	1771
1967	7	1852
1967	8	211
1967	9	904
1967	10	1627
1967	11	193
1967	12	529
1968	1	116
1968	2	307
1968	3	244
1968	4	718
1968	5	776
1968	6	468
1968	7	765
1968	8	1601
1968	9	1063
1968	10	565
1968	11	865
1968	12	451
1969	1	857
1969	2	271
1969	3	404
1969	4	1859
1969	5	772
1969	6	3103
1969	7	1994
1969	8	582
1969	9	1087
1969	10	2837
1969	11	89
1969	12	360
1970	1	115
1970	2	71
1970	3	437
1970	4	2685
1970	5	2153
1970	6	1614
1970	7	325
1970	8	1732
1970	9	1798
1970	10	1350
1970	11	525
1970	12	745
1971	1	115
1971	2	414
1971	3	264
1971	4	242
1971	5	1582
1971	6	1242
1971	7	1807
1971	8	611
1971	9	1059
1971	10	699
1971	11	746
1971	12	1166
1972	1	214
1972	2	159
1972	3	754
1972	4	546
1972	5	1768
1972	6	765
1972	7	1286
1972	8	1397
1972	9	1295
1972	10	800
1972	11	1034
1972	12	387
1973	1	767
1973	2	478
1973	3	1997
1973	4	1971
1973	5	1803
1973	6	1208
1973	7	1755
1973	8	404
1973	9	2626
1973	10	655
1973	11	439
1973	12	371
1974	1	549
1974	2	401
1974	3	470
1974	4	628
1974	5	1551
1974	6	751
1974	7	724
1974	8	1876
1974	9	632
1974	10	869
1974	11	1106
1974	12	733
1975	1	501
1975	2	729
1975	3	485
1975	4	1370
1975	5	1211
1975	6	774
1975	7	66
1975	8	1150
1975	9	672
1975	10	257
1975	11	689
1975	12	453
1976	1	191
1976	2	458
1976	3	1290
1976	4	1220
1976	5	985
1976	6	541
1976	7	159
1976	8	925
1976	9	452
1976	10	1328
1976	11	99
1976	12	114
1977	1	438
1977	2	112
1977	3	1027
1977	4	458
1977	5	784
1977	6	822
1977	7	647
1977	8	1545
1977	9	2308
1977	10	1572
1977	11	1100
1977	12	428
1978	1	132
1978	2	367
1978	3	754
1978	4	1721
1978	5	1674
1978	6	846
1978	7	1642
1978	8	564
1978	9	948
1978	10	652
1978	11	1039
1978	12	433
1979	1	357
1979	2	277
1979	3	665
1979	4	786
1979	5	606
1979	6	1316
1979	7	598
1979	8	986
1979	9	15
1979	10	884
1979	11	514
1979	12	262
1980	1	392
1980	2	208
1980	3	798
1980	4	249
1980	5	810
1980	6	993
1980	7	529
1980	8	1109
1980	9	1228
1980	10	457
1980	11	297
1980	12	886
1981	1	13
1981	2	470
1981	3	256
1981	4	927
1981	5	2460
1981	6	3005
1981	7	2794
1981	8	203
1981	9	917
1981	10	843
1981	11	1039
1981	12	339
1982	1	841
1982	2	295
1982	3	927
1982	4	381
1982	5	1869
1982	6	1164
1982	7	978
1982	8	1826
1982	9	765
1982	10	805
1982	11	720
1982	12	1516
1983	1	147
1983	2	131
1983	3	862
1983	4	1595
1983	5	1230
1983	6	727
1983	7	717
1983	8	557
1983	9	903
1983	10	1240
1983	11	1903
1983	12	585
1984	1	173
1984	2	364
1984	3	1029
1984	4	1483
1984	5	1635
1984	6	1499
1984	7	754
1984	8	109
1984	9	753
1984	10	1561
1984	11	726
1984	12	1134
1985	1	401
1985	2	1042
1985	3	1043
1985	4	373
1985	5	1170
1985	6	1439
1985	7	1272
1985	8	1729
1985	9	735
1985	10	1352
1985	11	1984
1985	12	522
1986	1	0
1986	2	400
1986	3	351
1986	4	433
1986	5	1450
1986	6	682
1986	7	927
1986	8	311
1986	9	3933
1986	10	1973
1986	11	356
1986	12	522
1987	1	465
1987	2	285
1987	3	462
1987	4	559
1987	5	747
1987	6	682
1987	7	1446
1987	8	993
1987	9	560
1987	10	318
1987	11	760
1987	12	1001
1988	1	389
1988	2	312
1988	3	707
1988	4	425
1988	5	545
1988	6	342
1988	7	265
1988	8	744
1988	9	567
1988	10	231
1988	11	874
1988	12	211
1989	1	262
1989	2	263
1989	3	454
1989	4	470
1989	5	1063
1989	6	1649
1989	7	774
1989	8	1840
1989	9	1140
1989	10	797
1989	11	25
1989	12	297
1990	1	426
1990	2	1083
1990	3	1118
1990	4	953
1990	5	2074
1990	6	1137
1990	7	1673
1990	8	1266
1990	9	318
1990	10	578
1990	11	1079
1990	12	686
1991	1	389
1991	2	61
1991	3	568
1991	4	931
1991	5	1057
1991	6	363
1991	7	1207
1991	8	951
1991	9	1079
1991	10	849
1991	11	1253
1991	12	563
1992	1	173
1992	2	484
1992	3	997
1992	4	1050
1992	5	184
1992	6	130
1992	7	1326
1992	8	420
1992	9	635
1992	10	360
1992	11	2069
1992	12	615
1993	1	729
1993	2	644
1993	3	1030
1993	4	1530
1993	5	1062
1993	6	1720
1993	7	2778
1993	8	1376
1993	9	2715
1993	10	552
1993	11	635
1993	12	560
1994	1	278
1994	2	782
1994	3	302
1994	4	2499
1994	5	517
1994	6	365
1994	7	300
1994	8	602
1994	9	971
1994	10	883
1994	11	1065
1994	12	478
1995	1	945
1995	2	296
1995	3	265
1995	4	1353
1995	5	2894
1995	6	1631
1995	7	623
1995	8	1578
1995	9	679
1995	10	195
1995	11	296
1995	12	173
1996	1	562
1996	2	135
1996	3	707
1996	4	585
1996	5	2488
1996	6	625
1996	7	750
1996	8	165
1996	9	833
1996	10	506
1996	11	568
1996	12	159
1997	1	572
1997	2	1399
1997	3	429
1997	4	1270
1997	5	909
1997	6	1276
1997	7	234
1997	8	610
1997	9	728
1997	10	849
1997	11	400
1997	12	462
1998	1	562
1998	2	681
1998	3	1752
1998	4	1022
1998	5	768
1998	6	2485
1998	7	1452
1998	8	539
1998	9	1443
1998	10	1204
1998	11	798
1998	12	627
1999	1	736
1999	2	547
1999	3	821
1999	4	1533
1999	5	1121
1999	6	1133
1999	7	1479
1999	8	481
1999	9	872
1999	10	435
1999	11	145
1999	12	913
2000	1	197
2000	2	694
2000	3	459
2000	4	224
2000	5	978
2000	6	1657
2000	7	974
2000	8	1817
2000	9	758
2000	10	827
2000	11	621
2000	12	214
2001	1	613
2001	2	1051
2001	3	547
2001	4	847
2001	5	1697
2001	6	1453
2001	7	909
2001	8	1218
2001	9	1121
2001	10	811
2001	11	255
2001	12	237
2002	1	871
2002	2	262
2002	3	536
2002	4	1217
2002	5	2693
2002	6	849
2002	7	1150
2002	8	630
2002	9	312
2002	10	1004
2002	11	64
2002	12	307
2003	1	240
2003	2	495
2003	3	761
2003	4	918
2003	5	1332
2003	6	1491
2003	7	285
2003	8	1333
2003	9	1796
2003	10	520
2003	11	605
2003	12	628
2004	1	196
2004	2	168
2004	3	1240
2004	4	680
2004	5	1151
2004	6	1305
2004	7	1034
2004	8	2568
2004	9	1019
2004	10	1083
2004	11	834
2004	12	288
2005	1	1150
2005	2	513
2005	3	252
2005	4	701
2005	5	697
2005	6	1300
2005	7	266
2005	8	1252
2005	9	353
2005	10	683
2005	11	389
2005	12	301
2006	1	473
2006	2	127
2006	3	1283
2006	4	520
2006	5	1225
2006	6	1039
2006	7	1481
2006	8	1547
2006	9	879
2006	10	727
2006	11	900
2006	12	564
2007	1	857
2007	2	351
2007	3	1220
2007	4	1214
2007	5	985
2007	6	1594
2007	7	125
2007	8	806
2007	9	679
2007	10	772
2007	11	317
2007	12	825
2008	1	685
2008	2	1154
2008	3	1004
2008	4	1027
2008	5	1028
2008	6	1587
2008	7	4122
2008	8	551
2008	9	2640
2008	10	1150
2008	11	236
2008	12	1433
2009	1	18
2009	2	249
2009	3	1185
2009	4	2164
2009	5	862
2009	6	1768
2009	7	774
2009	8	1457
2009	9	814
2009	10	2432
2009	11	630
2009	12	771
2010	1	407
2010	2	613
2010	3	579
2010	4	2074
2010	5	1407
2010	6	2134
2010	7	3007
2010	8	1476
2010	9	2046
2010	10	160
2010	11	681
2010	12	217
2011	1	338
2011	2	659
2011	3	455
2011	4	1042
2011	5	1150
2011	6	1280
2011	7	451
2011	8	344
2011	9	219
2011	10	255
2011	11	1432
2011	12	1091
2012	1	133
2012	2	446
2012	3	1264
2012	4	1263
2012	5	773
2012	6	570
2012	7	363
2012	8	85
2012	9	1413
2012	10	1129
2012	11	566
2012	12	366
2013	1	731
2013	2	940
2013	3	807
2013	4	2310
2013	5	1668
2013	6	817
2013	7	361
2013	8	322
2013	9	569
2013	10	1000
2013	11	577
2013	12	437
2014	1	123
2014	2	335
2014	3	170
2014	4	1560
2014	5	640
2014	6	1414
2014	7	924
2014	8	1196
2014	9	644
2014	10	2034
2014	11	385
2014	12	449
2015	1	212
2015	2	444
2015	3	587
2015	4	649
2015	5	1187
2015	6	2994
2015	7	2230
2015	8	729
2015	9	201
2015	10	120
