1883	9	30
1883	10	0
1883	11	0
1883	12	335
1884	1	0
1884	2	472
1884	3	528
1884	4	25
1884	5	191
1884	6	0
1884	7	0
1884	8	0
1884	9	0
1888	12	503
1889	1	853
1889	2	18
1889	7	20
1889	8	323
1889	10	64
1889	12	838
1890	2	0
1890	3	53
1891	7	127
1891	8	157
1891	9	203
1891	10	0
1891	11	0
1891	12	0
1892	1	211
1892	2	333
1892	3	64
1892	4	33
1892	5	114
1892	6	0
1892	7	25
1892	8	0
1892	9	0
1892	10	0
1892	12	0
1893	1	0
1893	2	0
1893	3	140
1893	4	0
1893	5	76
1893	6	0
1893	7	368
1893	8	132
1893	9	10
1893	10	0
1893	11	305
1893	12	175
1894	1	0
1894	2	30
1894	3	165
1894	4	0
1894	5	0
1894	6	0
1894	7	23
1894	8	36
1894	9	53
1894	10	152
1894	11	0
1894	12	371
1895	1	351
1895	2	8
1895	3	15
1895	4	23
1895	5	0
1895	6	0
1895	7	0
1895	8	0
1895	9	46
1895	10	0
1895	11	0
1895	12	0
1896	1	0
1896	2	0
1896	3	69
1896	4	13
1896	5	0
1896	6	0
1896	7	0
1896	8	71
1896	9	0
1896	10	0
1896	11	0
1896	12	338
1897	1	594
1897	2	5
1897	3	0
1897	4	0
1897	5	0
1897	6	0
1897	7	0
1897	8	91
1897	9	102
1897	10	0
1897	11	15
1897	12	25
1898	1	89
1898	2	0
1898	3	33
1898	4	0
1898	5	28
1898	6	15
1898	7	5
1898	8	175
1898	9	0
1898	10	0
1898	11	0
1898	12	185
1899	1	147
1899	2	0
1899	3	0
1899	4	0
1899	5	23
1899	6	20
1899	7	254
1899	8	0
1899	9	71
1899	10	48
1899	11	198
1899	12	0
1900	1	5
1900	2	0
1900	3	0
1900	4	15
1900	5	0
1900	6	0
1900	7	279
1900	8	0
1900	9	2
1900	10	7
1900	11	30
1900	12	0
1901	1	0
1901	2	41
1901	3	53
1901	4	0
1901	5	0
1901	6	0
1901	7	0
1901	8	127
1901	9	0
1901	10	0
1901	11	0
1901	12	0
1902	1	13
1902	2	0
1902	3	13
1902	4	0
1902	5	0
1902	6	0
1902	7	30
1902	8	33
1902	9	152
1902	10	0
1902	11	559
1902	12	140
1903	1	155
1903	2	0
1903	3	165
1903	4	0
1903	5	0
1903	6	0
1903	7	0
1903	8	69
1903	9	112
1903	10	18
1903	11	0
1903	12	0
1904	1	0
1904	2	25
1904	3	0
1904	4	0
1904	5	0
1904	6	0
1904	7	0
1904	8	229
1904	9	10
1904	10	0
1904	11	0
1904	12	51
1905	1	241
1905	2	1143
1905	3	368
1905	4	127
1905	5	25
1905	6	0
1905	7	15
1905	8	152
1905	9	127
1905	10	127
1905	11	559
1905	12	0
1906	1	25
1906	2	229
1906	3	419
1906	4	127
1906	5	0
1906	6	0
1906	7	150
1906	8	1438
1906	9	0
1906	10	0
1906	11	127
1906	12	203
1907	1	53
1907	2	41
1907	3	0
1907	4	0
1907	5	0
1907	6	0
1907	7	0
1907	8	0
1907	9	0
1907	10	28
1907	11	0
1907	12	122
1908	1	155
1908	2	0
1908	3	0
1908	4	13
1908	5	28
1908	6	0
1908	7	3
1908	8	3
1908	9	373
1908	10	135
1908	11	0
1908	12	119
1909	1	33
1909	2	104
1909	3	363
1909	4	0
1909	5	0
1909	6	0
1909	7	356
1909	8	1831
1909	9	373
1909	10	0
1909	11	0
1909	12	305
1910	1	224
1910	2	0
1910	3	28
1910	4	53
1910	5	0
1910	6	0
1910	7	112
1910	8	231
1910	9	0
1910	10	0
1910	11	368
1910	12	18
1911	1	130
1911	2	0
1911	3	15
1911	4	97
1911	5	8
1911	6	25
1911	7	107
1911	8	0
1911	9	51
1911	10	18
1911	11	0
1911	12	0
1912	1	0
1912	2	0
1912	3	587
1912	4	25
1912	5	0
1912	6	64
1912	7	340
1912	8	38
1912	9	0
1912	10	292
1912	11	0
1912	12	38
1913	1	58
1913	2	396
1913	3	0
1913	4	5
1913	5	0
1913	6	0
1913	7	142
1913	8	0
1913	9	46
1913	10	0
1913	11	452
1913	12	43
1914	1	376
1914	2	279
1914	3	137
1914	4	254
1914	5	0
1914	6	30
1914	7	206
1914	8	33
1914	9	0
1914	10	137
1914	11	20
1914	12	300
1915	1	650
1915	2	297
1915	3	0
1915	4	150
1915	5	0
1915	6	0
1915	7	69
1915	8	64
1915	9	13
1915	10	0
1915	11	152
1915	12	13
1916	1	396
1916	2	69
1916	3	10
1916	4	0
1916	5	38
1916	6	0
1916	7	76
1916	8	81
1916	9	198
1916	10	0
1916	11	0
1916	12	0
1917	1	206
1917	2	36
1917	3	0
1917	4	203
1917	5	157
1917	6	0
1917	7	137
1917	8	119
1917	9	94
1917	10	0
1917	11	0
1917	12	0
1918	1	66
1918	2	99
1918	3	221
1918	4	15
1918	5	0
1918	6	224
1918	7	196
1918	8	724
1918	9	20
1918	10	33
1918	11	48
1918	12	305
1919	1	46
1919	2	155
1919	3	165
1919	4	0
1919	5	0
1919	6	0
1919	7	86
1919	8	51
1919	9	348
1919	10	33
1919	11	208
1919	12	36
1920	1	358
1920	2	470
1920	3	28
1920	4	0
1920	5	61
1920	6	122
1920	7	25
1920	8	25
1920	9	0
1920	10	99
1920	11	0
1920	12	0
1921	1	335
1921	2	53
1921	3	36
1921	4	81
1921	5	198
1921	6	0
1921	7	23
1921	8	963
1921	9	432
1921	10	246
1921	11	5
1921	12	424
1922	1	64
1922	2	79
1922	3	135
1922	4	0
1922	5	48
1922	6	25
1922	7	3
1922	8	373
1922	9	140
1922	10	0
1922	11	46
1922	12	5
1923	1	46
1923	2	23
1923	3	56
1923	4	127
1923	5	0
1923	6	0
1923	7	282
1923	8	36
1923	9	333
1923	10	5
1923	11	475
1923	12	645
1924	1	0
1924	2	0
1924	3	33
1924	4	20
1924	5	15
1924	6	0
1924	7	76
1924	8	5
1924	9	10
1924	10	0
1924	11	0
1924	12	142
1925	1	0
1925	2	30
1925	3	188
1925	4	178
1925	5	3
1925	6	132
1925	7	107
1925	8	36
1925	9	28
1925	10	602
1925	11	41
1925	12	53
1926	1	3
1926	2	48
1926	3	28
1926	4	241
1926	5	3
1926	6	0
1926	7	18
1926	8	28
1926	9	41
1926	10	0
1926	11	5
1926	12	919
1927	1	117
1927	2	216
1927	3	86
1927	4	0
1927	5	15
1927	6	0
1927	7	157
1927	8	13
1927	9	0
1927	10	536
1927	11	36
1927	12	340
1928	1	0
1928	2	432
1928	3	5
1928	4	0
1928	5	61
1928	6	0
1928	7	0
1928	8	30
1928	9	0
1928	10	10
1928	11	0
1928	12	127
1929	1	91
1929	2	13
1929	3	0
1929	4	41
1929	5	0
1929	6	0
1929	7	56
1929	8	130
1929	9	76
1929	10	0
1929	11	0
1929	12	0
1930	1	188
1930	2	5
1930	3	269
1930	4	5
1930	5	69
1930	6	0
1930	7	76
1930	8	74
1930	9	0
1930	10	119
1930	11	102
1930	12	0
1931	1	99
1931	2	584
1931	3	3
1931	4	216
1931	5	5
1931	6	33
1931	7	0
1931	8	505
1931	9	53
1931	10	5
1931	11	51
1931	12	257
1932	1	0
1932	2	569
1932	3	0
1932	4	0
1932	5	0
1932	6	112
1932	7	0
1932	8	3
1932	9	86
1932	10	76
1932	11	0
1932	12	142
1933	1	274
1933	2	0
1933	3	0
1933	4	46
1933	5	0
1933	6	3
1933	7	20
1933	8	0
1933	9	0
1933	10	46
1933	11	5
1933	12	71
1934	1	10
1934	2	30
1934	3	0
1934	4	0
1934	5	0
1934	6	0
1934	7	20
1934	8	58
1934	9	0
1934	10	56
1934	11	107
1934	12	665
1935	1	122
1935	2	665
1935	3	61
1935	4	5
1935	5	30
1935	6	0
1935	7	15
1935	8	107
1935	9	10
1935	10	5
1935	11	46
1935	12	193
1936	1	5
1936	2	320
1936	3	76
1936	4	0
1936	5	0
1936	6	0
1936	7	3
1936	8	10
1936	9	0
1936	10	391
1936	11	15
1936	12	328
1937	1	122
1937	2	36
1937	3	208
1937	4	0
1937	5	0
1937	6	0
1937	7	97
1937	8	25
1937	9	81
1937	10	0
1937	11	0
1937	12	127
1938	1	10
1938	2	127
1938	3	376
1938	4	0
1938	5	0
1938	6	0
1938	7	0
1938	8	5
1938	9	15
1938	10	18
1938	11	0
1938	12	495
1939	1	335
1939	2	97
1939	3	36
1939	4	71
1939	5	0
1939	6	0
1939	7	478
1939	8	203
1939	9	1933
1939	10	0
1939	11	239
1939	12	20
1940	1	76
1940	2	335
1940	3	71
1940	4	25
1940	5	0
1940	6	13
1940	7	0
1940	8	0
1940	9	251
1940	10	48
1940	11	56
1940	12	747
1941	1	213
1941	2	101
1941	3	672
1941	4	538
1941	5	0
1941	6	0
1941	7	15
1941	8	553
1941	9	13
1941	10	140
1941	11	170
1941	12	369
1942	1	46
1942	2	0
1942	3	68
1942	4	43
1942	5	0
1942	6	0
1942	7	0
1942	8	312
1942	9	0
1942	10	44
1942	11	8
1942	12	0
1943	1	495
1943	2	8
1943	3	102
1943	4	97
1943	5	0
1943	6	0
1943	7	28
1943	8	211
1943	9	165
1943	10	41
1943	11	0
1943	12	95
1944	1	0
1944	2	453
1944	3	59
1944	4	13
1944	5	0
1944	6	0
1944	7	0
1944	8	0
1944	9	0
1944	10	35
1944	11	221
1944	12	122
1945	1	46
1945	2	191
1945	3	229
1945	4	0
1945	5	0
1945	6	0
1945	7	0
1945	8	612
1945	9	30
1945	10	230
1945	11	0
1945	12	262
1946	1	48
1946	2	3
1946	3	0
1946	4	3
1946	5	0
1946	6	0
1946	7	290
1946	8	43
1946	9	267
1946	10	151
1946	11	307
1946	12	68
1947	1	0
1947	2	0
1947	3	0
1947	4	0
1947	5	43
1947	6	0
1947	7	0
1947	8	183
1947	9	0
1947	10	168
1947	11	8
1947	12	201
1948	1	0
1948	2	31
1948	3	13
1948	4	0
1948	5	0
1948	6	0
1948	7	26
1948	8	20
1948	9	13
1948	10	104
1948	11	0
1948	12	182
1949	1	1064
1949	2	26
1949	3	0
1949	4	3
1949	5	3
1949	6	0
1949	7	5
1949	8	48
1949	9	28
1949	10	21
1949	11	38
1949	12	81
1950	1	10
1950	2	3
1950	3	77
1950	4	0
1950	5	0
1950	6	0
1950	7	101
1950	8	0
1950	9	122
1950	10	0
1950	11	8
1950	12	0
1951	1	96
1951	2	0
1951	3	0
1951	4	82
1951	5	79
1951	6	0
1951	7	54
1951	8	1068
1951	9	58
1951	10	124
1951	11	120
1951	12	191
1952	1	148
1952	2	18
1952	3	259
1952	4	272
1952	5	0
1952	6	23
1952	7	247
1952	8	46
1952	9	114
1952	10	0
1952	11	126
1952	12	226
1953	1	0
1953	2	135
1953	3	46
1953	4	8
1953	5	0
1953	6	0
1953	7	355
1953	8	99
1953	9	0
1953	10	0
1953	11	8
1953	12	0
1954	1	285
1954	2	13
1954	3	429
1954	4	0
1954	5	0
1954	6	0
1954	7	162
1954	8	38
1954	9	18
1954	10	0
1954	11	0
1954	12	8
1955	1	488
1955	2	0
1955	3	0
1955	4	23
1955	5	0
1955	6	0
1955	7	302
1955	8	402
1955	9	0
1955	10	0
1955	11	25
1955	12	0
1956	1	150
1956	2	0
1956	3	0
1956	4	5
1956	5	0
1956	6	0
1956	7	206
1956	8	33
1956	9	0
1956	10	0
1956	11	0
1956	12	0
1957	1	81
1957	2	36
1957	3	5
1957	4	64
1957	5	41
1957	6	13
1957	7	0
1957	8	275
1957	9	0
1957	10	348
1957	11	117
1957	12	41
1958	1	84
1958	2	259
1958	3	205
1958	4	67
1958	5	168
1958	6	0
1958	7	0
1958	8	203
1958	9	23
1958	10	135
1958	11	0
1958	12	0
1959	1	51
1959	2	49
1959	3	0
1959	4	5
1959	5	0
1959	6	3
1959	7	48
1959	8	530
1959	9	79
1959	10	280
1959	11	0
1959	12	527
1960	1	137
1960	2	163
1960	3	0
1960	4	0
1960	5	8
1960	6	0
1960	7	8
1960	8	10
1960	9	175
1960	10	0
1960	11	292
1960	12	0
1961	1	36
1961	2	0
1961	3	18
1961	4	5
1961	5	30
1961	6	0
1961	7	10
1961	8	140
1961	9	5
1961	10	102
1961	11	5
1961	12	43
1962	1	3
1962	2	87
1962	3	0
1962	4	0
1962	5	0
1962	6	3
1962	7	43
1962	8	38
1962	9	8
1962	10	41
1962	11	0
1962	12	87
1963	1	0
1963	2	166
1963	3	10
1963	4	3
1963	5	0
1963	6	0
1963	7	0
1963	8	92
1963	9	265
1963	10	419
1963	11	163
1963	12	0
1964	1	0
1964	2	0
1964	3	5
1964	4	83
1964	5	0
1964	6	0
1964	7	76
1964	8	48
1964	9	5
1964	10	15
1964	11	221
1964	12	53
1965	1	46
1965	2	107
1965	3	399
1965	4	715
1965	5	0
1965	6	0
1965	7	30
1965	8	13
1965	9	28
1965	10	38
1965	11	437
1965	12	622
1966	1	43
1966	2	252
1966	3	148
1966	4	0
1966	5	0
1966	6	5
1966	7	43
1966	8	23
1966	9	10
1966	10	168
1966	11	101
1966	12	225
1967	1	48
1967	2	0
1967	3	3
1967	4	82
1967	5	3
1967	6	0
1967	7	51
1967	8	25
1967	9	197
1967	10	0
1967	11	132
1967	12	180
1968	1	0
1968	2	110
1968	3	82
1968	4	0
1968	5	0
1968	6	35
1968	7	394
1968	8	3
1968	9	0
1968	10	0
1968	11	23
1968	12	48
1969	1	150
1969	2	43
1969	3	11
1969	4	0
1969	5	43
1969	6	5
1969	7	23
1969	8	36
1969	9	505
1969	10	10
1969	11	64
1969	12	0
1970	1	3
1970	2	209
1970	3	84
1970	4	5
1970	5	0
1970	6	0
1970	7	142
1970	8	369
1970	9	25
1970	10	8
1970	11	36
1970	12	66
1971	1	0
1971	2	20
1971	3	0
1971	4	0
1971	5	86
1971	6	0
1971	7	3
1971	8	711
1971	9	25
1971	10	79
1971	11	10
1971	12	153
1972	1	0
1972	2	0
1972	3	0
1972	4	0
1972	5	0
1972	6	104
1972	7	5
1972	8	91
1972	9	81
1972	10	229
1972	11	264
1972	12	41
1973	1	31
1973	2	209
1973	3	329
1973	4	15
1973	5	0
1973	6	21
1973	7	0
1973	8	60
1973	9	0
1973	10	0
1973	11	91
1973	12	0
1974	1	394
1974	2	0
1974	3	165
1974	4	0
1974	5	0
1974	6	0
1974	7	561
1974	8	74
1974	9	43
1974	10	23
1974	11	91
1974	12	101
1975	1	0
1975	2	54
1975	3	125
1975	4	20
1975	5	0
1975	6	0
1975	7	3
1975	8	0
1975	9	406
1975	10	28
1975	11	21
1975	12	49
1976	1	0
1976	2	397
1976	3	0
1976	4	122
1976	5	0
1976	6	0
1976	7	3
1976	8	36
1976	9	1200
1976	10	214
1976	11	58
1976	12	71
1977	1	64
1977	2	0
1977	3	67
1977	4	16
1977	5	53
1977	6	3
1977	7	31
1977	8	386
1977	9	94
1977	10	213
1977	11	8
1977	12	29
1978	1	610
1978	2	312
1978	3	328
1978	4	224
1978	5	28
1978	6	0
1978	7	16
1978	8	0
1978	9	0
1978	10	201
1978	11	191
1978	12	320
1979	1	277
1979	2	58
1979	3	342
1979	4	0
1979	5	8
1979	6	0
1979	7	351
1979	8	167
1979	9	0
1979	10	18
1979	11	0
1979	12	0
1980	1	277
1980	2	308
1980	3	224
1980	4	193
1980	5	5
1980	6	3
1980	7	393
1980	8	0
1980	9	82
1980	10	13
1980	11	0
1980	12	10
1981	1	10
1981	2	56
1981	3	234
1981	4	0
1981	5	46
1981	6	3
1981	7	28
1981	8	71
1981	9	173
1981	10	160
1981	11	112
1981	12	0
1982	1	56
1982	2	211
1982	3	224
1982	4	8
1982	5	97
1982	6	0
1982	7	96
1982	8	467
1982	9	26
1982	10	23
1982	11	158
1982	12	252
1983	1	41
1983	2	231
1983	3	480
1983	4	48
1983	5	0
1983	6	0
1983	7	10
1983	8	847
1983	9	137
1983	10	289
1983	11	18
1983	12	107
1984	1	0
1984	2	0
1984	3	0
1984	4	5
1984	5	0
1984	6	0
1984	7	150
1984	8	405
1984	9	97
1984	10	0
1984	11	162
1984	12	660
1985	1	312
1985	2	41
1985	3	84
1985	4	23
1985	5	0
1985	6	0
1985	7	30
1985	8	0
1985	9	112
1985	10	66
1985	11	311
1985	12	36
1986	1	76
1986	2	147
1986	3	148
1986	4	64
1986	5	0
1986	6	0
1986	7	30
1986	8	375
1986	9	25
1986	10	54
1986	11	158
1986	12	289
1987	1	51
1987	2	10
1987	3	5
1987	4	5
1987	5	5
1987	6	18
1987	7	0
1987	8	53
1987	9	66
1987	10	166
1987	11	390
1987	12	63
1988	1	130
1988	2	239
1988	3	8
1988	4	594
1988	5	0
1988	6	8
1988	7	66
1988	8	492
1988	9	23
1988	10	5
1988	11	38
1988	12	0
1989	1	272
1989	2	0
1989	3	0
1989	4	0
1989	5	5
1989	6	0
1989	7	18
1989	8	50
1989	9	10
1989	10	76
1989	11	0
1989	12	23
1990	1	235
1990	2	30
1990	3	26
1990	4	61
1990	5	185
1990	6	0
1990	7	213
1990	8	71
1990	9	432
1990	10	25
1990	11	8
1990	12	0
1991	1	343
1991	2	86
1991	3	540
1991	4	0
1991	5	0
1991	6	25
1991	7	0
1991	8	0
1991	9	138
1991	10	0
1991	11	102
1991	12	221
1992	1	180
1992	2	449
1992	3	810
1992	4	5
1992	5	191
1992	6	0
1992	7	0
1992	8	204
1992	9	5
1992	10	151
1992	11	0
1992	12	399
1993	1	926
1993	2	647
1993	3	110
1993	4	0
1993	5	23
1993	6	3
1993	7	0
1993	8	40
1993	9	0
1993	10	0
1993	11	87
1993	12	3
1994	1	38
1994	2	74
1994	3	360
1994	4	0
1994	5	39
1994	6	0
1994	7	23
1994	8	23
1994	9	0
1994	10	41
1994	11	97
1994	12	460
1995	1	595
1995	2	58
1995	3	113
1995	4	89
1995	5	33
1995	6	0
1995	7	0
1995	8	48
1995	9	8
1995	10	0
1995	11	0
1995	12	0
1996	1	3
1996	2	57
1996	3	11
1996	4	0
1996	5	39
1996	6	0
1996	7	117
1996	8	8
1996	9	233
1996	10	30
1996	11	132
1996	12	3
1997	1	136
1997	2	26
1997	3	0
1997	4	13
1997	5	0
1997	6	15
1997	7	10
1997	8	84
1997	9	409
1997	10	25
1997	11	81
1997	12	74
1998	1	96
1998	2	915
1998	3	117
1998	4	31
1998	5	13
1998	6	0
1998	7	74
1998	8	16
1998	9	668
1998	10	25
1998	11	71
1998	12	0
1999	1	5
1999	2	112
1999	3	0
1999	4	125
1999	5	0
1999	6	3
1999	7	196
1999	8	33
1999	9	110
1999	10	0
1999	11	0
1999	12	0
2000	1	0
2000	2	81
2000	3	109
2000	4	0
2000	5	0
2000	6	122
2000	7	0
2000	8	54
2000	9	5
2000	10	164
2000	11	0
2000	12	0
2001	1	404
2001	2	251
2001	3	307
2001	4	38
2001	5	0
2001	6	0
2001	7	31
2001	8	74
2001	9	0
2001	10	0
2001	11	23
2001	12	56
2002	1	8
2002	2	0
2002	3	6
2002	4	10
2002	5	0
2002	6	0
2002	7	5
2002	8	0
2002	9	20
2002	10	63
2002	11	122
2002	12	0
2003	1	76
2003	2	502
2003	3	207
2003	4	44
2003	5	3
2003	6	0
2003	7	6
2003	8	147
2003	9	69
2003	10	0
2003	11	95
2003	12	15
2004	1	0
2004	2	387
2004	3	15
2004	4	264
2004	5	0
2004	6	0
2004	7	0
2004	8	102
2004	9	21
2004	10	337
2004	11	353
2004	12	130
2005	1	468
2005	2	605
2005	3	39
2005	4	0
2005	5	0
2005	6	0
2005	7	0
2005	8	170
2005	9	0
2005	10	0
2005	11	8
2005	12	0
2006	1	0
2006	2	0
2006	3	30
2006	4	5
2006	5	0
2006	6	36
2006	7	38
2006	8	0
2006	9	10
2006	10	46
2006	11	0
2006	12	13
2007	1	43
2007	2	6
2007	3	13
2007	4	15
2007	5	0
2007	6	0
2007	7	5
2007	8	0
2007	9	64
2007	10	0
2007	11	186
2007	12	80
2008	1	279
2008	2	125
2008	3	5
2008	4	0
2008	5	0
2008	6	0
2008	7	125
2008	8	432
2008	9	8
2008	10	0
2008	11	218
2008	12	284
2009	1	16
2009	2	236
2009	3	0
2009	4	0
2009	5	3
2009	6	0
2009	7	0
2009	8	102
2009	9	0
2009	10	0
2009	11	25
2009	12	193
2010	1	688
2010	2	191
2010	3	160
2010	4	0
2010	5	0
2010	6	30
2010	7	0
2010	8	20
2010	9	3
2010	10	117
2010	11	0
2010	12	309
2011	1	0
2011	2	183
2011	3	20
2011	4	23
2011	5	114
2011	6	0
2011	7	43
2011	8	10
2011	9	279
2011	10	99
2011	11	79
2011	12	73
2012	1	0
2012	2	23
2012	3	29
2012	4	107
2012	5	0
2012	6	0
2012	7	347
2012	8	81
2012	9	53
2012	10	183
2012	11	0
2012	12	251
2013	1	116
2013	2	20
2013	3	64
2013	4	0
2013	5	0
2013	6	0
2013	7	46
2013	8	723
2013	9	66
2013	10	8
2013	11	232
2013	12	3
2014	1	0
2014	2	21
2014	3	0
2014	4	3
2014	5	0
2014	6	0
2014	7	440
2014	8	686
2014	9	221
2014	10	26
2014	11	0
2014	12	101
2015	1	170
2015	2	114
2015	3	201
2015	4	0
2015	5	10
2015	6	53
2015	7	272
2015	8	0
2015	9	0
2015	10	127
