1883	7	619
1883	9	152
1883	10	616
1883	11	72
1884	3	110
1884	4	386
1884	5	38
1884	6	1131
1884	7	654
1884	11	47
1885	1	80
1885	2	51
1885	3	81
1885	4	228
1885	5	652
1885	6	650
1885	7	909
1885	8	308
1885	9	41
1885	10	175
1885	11	99
1885	12	117
1886	1	156
1886	2	98
1886	3	76
1886	4	488
1886	5	372
1886	6	284
1886	7	490
1886	8	321
1886	9	738
1886	10	366
1886	11	57
1886	12	26
1887	1	91
1887	2	66
1887	3	137
1887	4	295
1887	5	411
1887	6	1506
1887	7	666
1887	8	544
1887	9	309
1887	10	87
1887	11	108
1887	12	158
1888	1	125
1888	2	75
1888	3	356
1888	4	196
1888	5	168
1888	6	940
1888	7	749
1888	8	84
1888	9	95
1888	10	250
1888	11	64
1888	12	66
1889	1	93
1889	2	128
1889	3	86
1889	4	194
1889	5	268
1889	6	187
1889	7	336
1889	8	365
1889	9	558
1889	10	33
1889	11	117
1889	12	141
1890	1	72
1890	2	131
1890	3	74
1890	4	168
1890	5	378
1890	6	688
1890	7	802
1890	8	860
1890	9	725
1890	10	559
1890	11	51
1890	12	29
1891	1	106
1891	2	108
1891	3	77
1891	4	262
1891	5	138
1891	6	1466
1891	7	733
1891	8	435
1891	9	326
1891	10	357
1891	11	205
1891	12	144
1892	1	124
1892	2	102
1892	3	264
1892	4	267
1892	5	89
1892	6	579
1892	7	925
1892	8	546
1892	9	384
1892	10	292
1892	11	155
1892	12	0
1893	1	50
1893	2	0
1893	3	216
1893	4	25
1893	5	225
1893	6	1106
1893	7	376
1893	8	140
1893	9	292
1893	10	302
1893	11	89
1893	12	12
1894	1	28
1894	2	6
1894	3	305
1894	4	509
1894	5	160
1894	6	308
1894	7	51
1894	8	152
1894	9	734
1894	10	623
1894	11	166
1894	12	31
1895	1	191
1895	2	76
1895	3	38
1895	4	203
1895	5	922
1895	6	950
1895	7	691
1895	8	254
1895	9	259
1895	10	0
1895	11	279
1895	12	8
1896	1	76
1896	2	102
1896	3	102
1896	4	914
1896	5	1028
1896	6	1508
1896	7	373
1896	8	0
1896	9	523
1896	10	292
1896	11	305
1896	12	76
1897	1	0
1897	2	102
1897	3	264
1897	4	168
1897	5	178
1897	6	704
1897	7	686
1897	8	43
1897	9	54
1897	10	131
1897	11	108
1897	12	126
1898	1	96
1898	2	178
1898	3	190
1898	4	140
1898	5	13
1898	6	788
1898	7	596
1898	8	535
1898	9	367
1898	10	966
1898	11	178
1898	12	126
1899	1	190
1899	2	68
1899	3	292
1899	4	292
1899	5	752
1899	6	1575
1899	7	507
1899	8	371
1899	9	186
1899	10	613
1899	11	191
1899	12	101
1900	1	94
1900	2	202
1900	3	215
1900	4	50
1900	5	178
1900	6	127
1900	7	711
1900	8	815
1900	9	1636
1900	10	241
1900	11	203
1900	12	157
1901	1	114
1901	2	5
1901	3	237
1901	4	43
1901	5	43
1901	6	1798
1901	7	958
1901	8	229
1901	9	612
1901	10	0
1901	11	0
1901	12	178
1902	1	0
1902	2	385
1902	3	978
1902	4	25
1902	5	25
1902	6	1191
1902	7	5
1902	8	254
1902	9	112
1902	10	254
1902	11	77
1902	12	50
1903	1	127
1903	2	76
1903	3	50
1903	4	0
1903	5	1021
1903	6	351
1903	7	366
1903	8	899
1903	9	859
1903	10	401
1903	11	102
1903	12	178
1904	1	91
1904	2	206
1904	3	254
1904	4	33
1904	5	273
1904	6	838
1904	7	1303
1904	8	825
1904	9	191
1904	10	0
1904	11	0
1904	12	26
1905	1	0
1905	2	13
1905	3	266
1905	4	120
1905	5	1526
1905	6	1383
1905	7	921
1905	8	774
1905	9	647
1905	10	226
1905	11	165
1905	12	0
1906	1	224
1906	2	64
1906	3	104
1906	4	176
1906	5	1037
1906	6	1233
1906	7	477
1906	8	460
1906	9	373
1906	10	243
1906	11	543
1906	12	310
1907	1	267
1907	2	13
1907	3	285
1907	4	73
1907	5	40
1907	6	482
1907	7	692
1907	8	609
1907	9	274
1907	10	68
1907	11	10
1907	12	13
1908	1	46
1908	2	118
1908	3	89
1908	4	331
1908	5	580
1908	6	1817
1908	7	564
1908	8	790
1908	9	146
1908	10	158
1908	11	119
1908	12	117
1909	1	155
1909	2	275
1909	3	578
1909	4	223
1909	5	1128
1909	6	422
1909	7	1162
1909	8	350
1909	9	136
1909	10	109
1909	11	119
1909	12	445
1910	1	102
1910	2	34
1910	3	183
1910	4	340
1910	5	431
1910	6	494
1910	7	567
1910	8	195
1910	9	462
1910	10	130
1910	11	175
1910	12	124
1911	1	263
1911	2	78
1911	3	58
1911	4	138
1911	5	579
1911	6	632
1911	7	788
1911	8	1214
1911	9	685
1911	10	630
1911	11	68
1911	12	58
1912	1	150
1912	2	101
1912	3	86
1912	4	346
1912	5	915
1912	6	222
1912	7	527
1912	8	543
1912	9	661
1912	10	392
1912	11	107
1912	12	793
1913	1	80
1913	2	48
1913	3	199
1913	4	82
1913	5	276
1913	6	463
1913	7	395
1913	8	792
1913	9	261
1913	10	192
1913	11	38
1913	12	16
1914	1	146
1914	2	39
1914	3	82
1914	4	342
1914	5	597
1914	6	656
1914	7	454
1914	8	415
1914	9	242
1914	10	173
1914	11	130
1914	12	34
1915	1	25
1915	2	46
1915	3	9
1915	4	417
1915	5	613
1915	6	748
1915	7	230
1915	8	120
1915	9	552
1915	10	158
1915	11	178
1915	12	150
1916	1	275
1916	2	62
1916	3	118
1916	4	238
1916	5	273
1916	6	777
1916	7	600
1916	8	1207
1916	9	287
1916	10	275
1916	11	61
1916	12	92
1917	1	102
1917	2	132
1917	3	26
1917	4	363
1917	5	5
1917	6	485
1917	7	475
1917	8	243
1917	9	113
1917	10	294
1917	11	36
1917	12	105
1918	1	72
1918	2	27
1918	3	8
1918	4	190
1918	5	491
1918	6	542
1918	7	399
1918	8	991
1918	9	90
1918	10	142
1918	11	158
1918	12	120
1919	1	72
1919	2	92
1919	3	107
1919	4	190
1919	5	410
1919	6	331
1919	7	180
1919	8	801
1919	9	244
1919	10	216
1919	11	104
1919	12	82
1920	1	228
1920	2	84
1920	3	233
1920	4	198
1920	5	187
1920	6	949
1920	7	503
1920	8	1226
1920	9	244
1920	10	69
1920	11	66
1920	12	109
1921	1	25
1921	2	99
1921	3	71
1921	4	415
1921	5	550
1921	6	696
1921	7	277
1921	8	803
1921	9	1194
1921	10	174
1921	11	97
1921	12	51
1922	1	55
1922	2	79
1922	3	136
1922	4	251
1922	5	1069
1922	6	816
1922	7	312
1922	8	466
1922	9	508
1922	10	107
1922	11	355
1922	12	147
1923	1	84
1923	2	127
1923	3	41
1923	4	216
1923	5	335
1923	6	1479
1923	7	874
1923	8	1266
1923	9	267
1923	10	142
1923	11	68
1923	12	44
1924	1	46
1924	2	18
1924	3	58
1924	4	126
1924	5	67
1924	6	697
1924	7	642
1924	8	461
1924	9	470
1924	10	627
1924	11	122
1924	12	107
1925	1	47
1925	2	106
1925	3	141
1925	4	350
1925	5	321
1925	6	1069
1925	7	533
1925	8	257
1925	9	382
1925	10	248
1925	11	46
1925	12	3
1926	1	76
1926	2	101
1926	3	99
1926	4	127
1926	5	341
1926	6	1002
1926	7	292
1926	8	304
1926	9	707
1926	10	407
1926	11	172
1926	12	92
1927	1	58
1927	2	32
1927	3	77
1927	4	352
1927	5	1331
1927	6	438
1927	7	1110
1927	8	829
1927	9	172
1927	10	543
1927	11	178
1927	12	48
1928	1	44
1928	2	0
1928	3	160
1928	4	78
1928	5	312
1928	6	1945
1928	7	1336
1928	8	556
1928	9	63
1928	10	25
1928	11	0
1928	12	59
1929	1	156
1929	2	59
1929	3	80
1929	4	350
1929	5	676
1929	6	421
1929	7	297
1929	8	242
1929	9	391
1929	10	326
1929	11	164
1929	12	116
1930	1	29
1930	2	93
1930	3	30
1930	4	149
1930	5	532
1930	6	1074
1930	7	311
1930	8	204
1930	9	323
1930	10	369
1930	11	269
1930	12	43
1931	1	25
1931	2	21
1931	3	79
1931	4	11
1931	5	72
1931	6	385
1931	7	525
1931	8	685
1931	9	634
1931	10	133
1931	11	8
1931	12	3
1932	1	96
1932	2	34
1932	3	160
1932	4	97
1932	5	168
1932	6	1500
1932	7	801
1932	8	288
1932	9	97
1932	10	892
1932	11	56
1932	12	61
1933	1	86
1933	2	71
1933	3	66
1933	4	527
1933	5	584
1933	6	408
1933	7	406
1933	8	414
1933	9	272
1933	10	115
1933	11	196
1933	12	226
1934	1	90
1934	2	30
1934	3	74
1934	4	102
1934	5	59
1934	6	564
1934	7	147
1934	8	477
1934	9	252
1934	10	137
1934	11	63
1934	12	156
1935	1	184
1935	2	5
1935	3	294
1935	4	279
1935	5	789
1935	6	623
1935	7	1335
1935	8	702
1935	9	337
1935	10	21
1935	11	229
1935	12	142
1936	1	147
1936	2	207
1936	3	108
1936	4	23
1936	5	185
1936	6	447
1936	7	191
1936	8	249
1936	9	561
1936	10	87
1936	11	33
1936	12	208
1937	1	153
1937	2	95
1937	3	43
1937	4	451
1937	5	513
1937	6	1395
1937	7	979
1937	8	874
1937	9	342
1937	10	239
1937	11	84
1937	12	80
1938	1	135
1938	2	201
1938	3	264
1938	4	65
1938	5	514
1938	6	561
1938	7	971
1938	8	653
1938	9	11
1938	10	133
1938	11	143
1938	12	65
1939	1	88
1939	2	97
1939	3	56
1939	4	228
1939	5	231
1939	6	799
1939	7	312
1939	8	484
1939	9	147
1939	10	84
1939	11	23
1939	12	15
1940	1	46
1940	2	245
1940	3	190
1940	4	207
1940	5	416
1940	6	883
1940	7	909
1940	8	665
1940	9	130
1940	10	315
1940	11	105
1940	12	66
1941	1	150
1941	2	60
1941	3	137
1941	4	437
1941	5	1129
1941	6	800
1941	7	478
1941	8	781
1941	9	1358
1941	10	295
1941	11	145
1941	12	49
1942	1	21
1942	2	41
1942	3	632
1942	4	262
1942	5	382
1942	6	417
1942	7	456
1942	8	1063
1942	9	96
1942	10	15
1942	11	33
1942	12	167
1943	1	155
1943	2	64
1943	3	234
1943	4	351
1943	5	542
1943	6	798
1943	7	210
1943	8	913
1943	9	190
1943	10	64
1943	11	48
1943	12	23
1944	1	64
1944	2	133
1944	3	472
1944	4	155
1944	5	1145
1944	6	3056
1944	7	514
1944	8	898
1944	9	408
1944	10	10
1944	11	71
1944	12	18
1945	1	82
1945	2	30
1945	3	546
1945	4	231
1945	5	327
1945	6	755
1945	7	543
1945	8	558
1945	9	245
1945	10	192
1945	11	130
1945	12	79
1946	1	71
1946	2	171
1946	3	227
1946	4	35
1946	5	151
1946	6	691
1946	7	556
1946	8	245
1946	9	262
1946	10	460
1946	11	55
1946	12	45
1947	1	172
1947	2	182
1947	3	86
1947	4	297
1947	5	270
1947	6	1736
1947	7	421
1947	8	1419
1947	9	298
1947	10	94
1947	11	141
1947	12	155
1948	1	122
1948	2	130
1948	3	63
1948	4	604
1948	5	390
1948	6	495
1948	7	1604
1948	8	434
1948	9	0
1948	10	269
1948	11	181
1948	12	370
1949	1	173
1949	2	59
1949	3	132
1949	4	114
1949	5	1023
1949	6	883
1949	7	624
1949	8	164
1949	9	145
1949	10	578
1949	11	191
1949	12	67
1950	1	145
1950	2	59
1950	3	16
1950	4	243
1950	5	745
1950	6	1198
1950	7	761
1950	8	422
1950	9	376
1950	10	107
1950	11	95
1950	12	202
1951	1	82
1951	2	139
1951	3	164
1951	4	220
1951	5	210
1951	6	599
1951	7	360
1951	8	1772
1951	9	544
1951	10	246
1951	11	32
1951	12	42
1952	1	104
1952	2	8
1952	3	34
1952	4	0
1952	5	110
1952	6	825
1952	7	517
1952	8	546
1952	9	138
1952	10	42
1952	11	57
1952	12	15
1953	1	134
1953	2	92
1953	3	242
1953	4	452
1953	5	1242
1953	6	648
1953	7	323
1953	8	44
1953	9	266
1953	10	116
1953	11	79
1953	12	151
1954	1	169
1954	2	15
1954	3	58
1954	4	370
1954	5	557
1954	6	2652
1954	7	205
1954	8	727
1954	9	892
1954	10	204
1954	11	62
1954	12	11
1955	1	222
1955	2	65
1955	3	341
1955	4	273
1955	5	505
1955	6	1015
1955	7	1158
1955	8	591
1955	9	591
1955	10	92
1955	11	233
1955	12	73
1956	1	81
1956	2	50
1956	3	125
1956	4	18
1956	5	477
1956	6	1007
1956	7	505
1956	8	477
1956	9	118
1956	10	69
1956	11	306
1956	12	73
1957	1	57
1957	2	65
1957	3	86
1957	4	296
1957	5	303
1957	6	833
1957	7	307
1957	8	376
1957	9	114
1957	10	428
1957	11	64
1957	12	24
1958	1	91
1958	2	75
1958	3	66
1958	4	25
1958	5	3
1958	6	301
1958	7	1021
1958	8	168
1958	9	179
1958	10	111
1958	11	180
1958	12	45
1959	1	41
1959	2	110
1959	3	43
1959	4	51
1959	5	591
1959	6	981
1959	7	549
1959	8	1665
1959	9	819
1959	10	702
1959	11	186
1959	12	36
1960	1	97
1960	2	36
1960	3	80
1960	4	261
1960	5	906
1960	6	250
1960	7	389
1960	8	834
1960	9	41
1960	10	18
1960	11	43
1960	12	77
1961	1	64
1961	2	150
1961	3	11
1961	4	273
1961	5	301
1961	6	216
1961	7	241
1961	8	129
1961	9	957
1961	10	0
1961	11	18
1961	12	33
1962	1	76
1962	2	74
1962	3	90
1962	4	154
1962	5	901
1962	6	895
1962	7	930
1962	8	921
1962	9	39
1962	10	383
1962	11	125
1962	12	85
1963	1	13
1963	2	49
1963	3	74
1963	4	640
1963	5	904
1963	6	1175
1963	7	887
1963	8	275
1963	9	351
1963	10	115
1963	11	20
1963	12	91
1964	1	15
1964	2	71
1964	3	56
1964	4	402
1964	5	723
1964	6	1114
1964	7	607
1964	8	729
1964	9	444
1964	10	52
1964	11	194
1964	12	63
1965	1	18
1965	2	0
1965	3	13
1965	4	151
1965	5	1199
1965	6	843
1965	7	1274
1965	8	603
1965	9	827
1965	10	18
1965	11	113
1965	12	61
1966	1	36
1966	2	30
1966	3	96
1966	4	414
1966	5	500
1966	6	1066
1966	7	773
1966	8	930
1966	9	141
1966	10	178
1966	11	145
1966	12	119
1967	1	285
1967	2	59
1967	3	262
1967	4	759
1967	5	214
1967	6	345
1967	7	69
1967	8	293
1967	9	103
1967	10	437
1967	11	107
1967	12	331
1968	1	168
1968	2	10
1968	3	35
1968	4	221
1968	5	228
1968	6	342
1968	7	1254
1968	8	2673
1968	9	579
1968	10	176
1968	11	117
1968	12	29
1969	1	279
1969	2	316
1969	3	98
1969	4	111
1969	5	384
1969	6	1112
1969	7	666
1969	8	601
1969	9	30
1969	10	634
1969	11	20
1969	12	136
1970	1	51
1970	2	109
1970	3	180
1970	4	495
1970	5	592
1970	6	667
1970	7	1191
1970	8	199
1970	9	611
1970	10	340
1970	11	117
1970	12	166
1971	1	208
1971	2	0
1971	3	345
1971	4	337
1971	5	506
1971	6	1945
1971	7	1017
1971	8	193
1971	9	805
1971	10	1170
1971	11	147
1971	12	56
1972	1	257
1972	2	198
1972	3	368
1972	4	234
1972	5	478
1972	6	976
1972	7	450
1972	8	1011
1972	9	521
1972	10	144
1972	11	53
1972	12	89
1973	1	0
1973	2	56
1973	3	53
1973	4	335
1973	5	424
1973	6	1212
1973	7	923
1973	8	704
1973	9	2119
1973	10	274
1973	11	251
1973	12	251
1974	1	254
1974	2	79
1974	3	133
1974	4	518
1974	5	1107
1974	6	198
1974	7	1606
1974	8	1357
1974	9	120
1974	10	150
1974	11	41
1974	12	201
1975	1	139
1975	2	51
1975	3	470
1975	4	1854
1975	5	544
1975	6	838
1975	7	936
1975	8	562
1975	9	773
1975	10	500
1975	11	232
1975	12	300
1976	1	86
1976	2	587
1976	3	301
1976	4	226
1976	5	128
1976	6	1157
1976	7	661
1976	8	511
1976	9	26
1976	10	137
1976	11	13
1976	12	105
1977	1	124
1977	2	99
1977	3	0
1977	4	0
1977	5	1102
1977	6	590
1977	7	707
1977	8	366
1977	9	894
1977	10	130
1977	11	170
1977	12	343
1978	1	112
1978	2	94
1978	3	31
1978	4	211
1978	5	722
1978	6	282
1978	7	853
1978	8	550
1978	9	264
1978	10	119
1978	11	195
1978	12	300
1979	1	28
1979	2	213
1979	3	346
1979	4	605
1979	5	367
1979	6	203
1979	7	384
1979	8	208
1979	9	494
1979	10	156
1979	11	150
1979	12	135
1980	1	282
1980	2	223
1980	3	162
1980	4	63
1980	5	188
1980	6	939
1980	7	539
1980	8	1861
1980	9	1122
1980	10	357
1980	11	216
1980	12	70
1981	1	64
1981	2	29
1981	3	30
1981	4	224
1981	5	341
1981	6	617
1981	7	185
1981	8	693
1981	9	579
1981	10	398
1981	11	108
1981	12	56
1982	1	203
1982	2	28
1982	3	238
1982	4	152
1982	5	875
1982	6	760
1982	7	674
1982	8	951
1982	9	541
1982	10	730
1982	11	46
1982	12	251
1983	1	79
1983	2	79
1983	3	313
1983	4	82
1983	5	361
1983	6	806
1983	7	734
1983	8	279
1983	9	684
1983	10	259
1983	11	150
1983	12	69
1984	1	49
1984	2	64
1984	3	119
1984	4	1015
1984	5	177
1984	6	454
1984	7	165
1984	8	256
1984	9	374
1984	10	736
1984	11	301
1984	12	120
1985	1	120
1985	2	68
1985	3	305
1985	4	232
1985	5	737
1985	6	907
1985	7	48
1985	8	1022
1985	9	309
1985	10	206
1985	11	254
1985	12	101
1986	1	53
1986	2	70
1986	3	77
1986	4	724
1986	5	328
1986	6	767
1986	7	1037
1986	8	272
1986	9	453
1986	10	122
1986	11	267
1986	12	15
1987	1	109
1987	2	138
1987	3	356
1987	4	5
1987	5	423
1987	6	678
1987	7	1769
1987	8	412
1987	9	129
1987	10	74
1987	11	58
1987	12	34
1988	1	71
1988	2	24
1988	3	282
1988	4	36
1988	5	607
1988	6	354
1988	7	595
1988	8	347
1988	9	641
1988	10	66
1988	11	312
1988	12	153
1989	1	153
1989	2	47
1989	3	108
1989	4	141
1989	5	453
1989	6	1228
1989	7	298
1989	8	332
1989	9	470
1989	10	52
1989	11	161
1989	12	20
1990	1	70
1990	2	60
1990	3	300
1990	4	224
1990	5	620
1990	6	1234
1990	7	974
1990	8	619
1990	9	275
1990	10	29
1990	11	26
1990	12	164
1991	1	61
1991	2	112
1991	3	74
1991	4	668
1991	5	302
1991	6	998
1991	7	1347
1991	8	848
1991	9	551
1991	10	401
1991	11	105
1991	12	124
1992	1	115
1992	2	53
1992	3	124
1992	4	173
1992	5	229
1992	6	344
1992	7	493
1992	8	364
1992	9	251
1992	10	46
1992	11	176
1992	12	159
1993	1	61
1993	2	3
1993	3	135
1993	4	101
1993	5	387
1993	6	1054
1993	7	1341
1993	8	798
1993	9	228
1993	10	45
1993	11	50
1993	12	109
1994	1	148
1994	2	71
1994	3	20
1994	4	38
1994	5	520
1994	6	1293
1994	7	500
1994	8	467
1994	9	416
1994	10	1137
1994	11	178
1994	12	132
1995	1	146
1995	2	104
1995	3	376
1995	4	154
1995	5	671
1995	6	751
1995	7	473
1995	8	571
1995	9	288
1995	10	401
1995	11	316
1995	12	150
1996	1	120
1996	2	127
1996	3	305
1996	4	201
1996	5	509
1996	6	558
1996	7	934
1996	8	211
1996	9	269
1996	10	356
1996	11	257
1996	12	191
1997	1	133
1997	2	25
1997	3	102
1997	4	349
1997	5	119
1997	6	571
1997	7	896
1997	8	430
1997	9	76
1997	10	424
1997	11	34
1997	12	31
1998	1	128
1998	2	298
1998	3	59
1998	4	175
1998	5	815
1998	6	1419
1998	7	373
1998	8	2010
1998	9	302
1998	10	678
1998	11	254
1998	12	28
1999	1	201
1999	2	105
1999	3	168
1999	4	107
1999	5	1672
1999	6	580
1999	7	1423
1999	8	753
1999	9	618
1999	10	64
1999	11	43
1999	12	72
2000	1	72
2000	2	367
2000	3	365
2000	4	357
2000	5	833
2000	6	1123
2000	7	641
2000	8	714
2000	9	455
2000	10	314
2000	11	544
2000	12	170
2001	1	13
2001	2	49
2001	3	131
2001	4	295
2001	5	561
2001	6	1117
2001	7	1291
2001	8	97
2001	9	96
2001	10	124
2001	11	74
2001	12	99
2002	1	69
2002	2	8
2002	3	140
2002	4	242
2002	5	567
2002	6	1414
2002	7	217
2002	8	871
2002	9	203
2002	10	140
2002	11	46
2002	12	280
2003	1	147
2003	2	54
2003	3	31
2003	4	265
2003	5	694
2003	6	779
2003	7	407
2003	8	425
2003	9	561
2003	10	130
2003	11	152
2003	12	143
2004	1	251
2004	2	50
2004	3	298
2004	4	237
2004	5	1357
2004	6	1040
2004	7	645
2004	8	734
2004	9	379
2004	10	251
2004	11	31
2004	12	170
2005	1	270
2005	2	0
2005	3	196
2005	4	46
2005	5	1184
2005	6	2294
2005	7	1341
2005	8	257
2005	9	43
2005	10	740
2005	11	475
2005	12	147
2006	1	64
2006	2	201
2006	3	478
2006	4	255
2006	5	337
2006	6	364
2006	7	109
2006	8	412
2006	9	231
2006	10	112
2006	11	252
2006	12	165
2007	1	56
2007	2	54
2007	3	513
2007	4	20
2007	5	870
2007	6	1042
2007	7	356
2007	8	270
2007	9	99
2007	10	102
2007	11	127
2007	12	137
2008	1	25
2008	2	208
2008	3	110
2008	4	144
2008	5	204
2008	6	1019
2008	7	497
2008	8	1651
2008	9	601
2008	10	602
2008	11	343
2008	12	196
2009	1	169
2009	2	283
2009	3	152
2009	4	366
2009	5	614
2009	6	350
2009	7	717
2009	8	277
2009	9	444
2009	10	617
2009	11	13
2009	12	250
2010	1	312
2010	2	241
2010	3	54
2010	4	627
2010	5	947
2010	6	1509
2010	7	519
2010	8	1103
2010	9	691
2010	10	684
2010	11	472
2010	12	546
2011	1	351
2011	2	187
2011	3	148
2011	4	341
2011	5	1107
2011	6	1635
2011	7	448
2011	8	333
2011	9	339
2011	10	440
2011	11	82
2011	12	122
2012	1	196
2012	2	54
2012	3	292
2012	4	451
2012	5	165
2012	6	743
2012	7	36
2012	8	698
2012	9	71
2012	10	340
2012	11	465
2012	12	207
2013	1	96
2013	2	186
2013	3	376
2013	4	130
2013	5	640
2013	6	796
2013	7	1113
2013	8	317
2013	9	493
2013	10	1102
2013	11	135
2013	12	232
2014	1	200
2014	2	111
2014	3	81
2014	4	743
2014	5	571
2014	6	1267
2014	7	778
2014	8	1541
2014	9	206
2014	10	129
2014	11	145
2014	12	48
2015	1	207
2015	2	167
2015	3	174
2015	4	128
2015	5	347
2015	6	1202
2015	7	362
2015	8	332
2015	9	1020
2015	10	215
