1882	8	1455
1882	11	566
1882	12	709
1883	3	257
1883	4	744
1883	5	960
1883	7	1570
1883	9	221
1883	10	2596
1884	10	323
1884	11	439
1884	12	1712
1885	1	828
1885	2	254
1885	3	168
1885	4	1171
1885	5	856
1885	6	2195
1885	7	1072
1885	8	1839
1885	9	1527
1885	10	932
1885	11	645
1885	12	986
1886	1	1181
1886	2	592
1886	3	864
1886	4	831
1886	5	602
1886	6	912
1886	7	389
1886	8	1151
1886	9	1361
1886	10	157
1893	1	457
1893	2	1029
1893	3	604
1893	4	1964
1893	5	900
1893	6	1104
1893	7	368
1893	8	408
1893	9	819
1893	10	643
1893	11	576
1893	12	362
1894	1	591
1894	2	705
1894	3	765
1894	4	639
1894	5	947
1894	6	489
1894	7	643
1894	8	389
1894	9	705
1894	10	444
1894	11	489
1894	12	724
1895	1	683
1895	2	234
1895	3	237
1895	4	678
1895	5	293
1895	6	568
1895	7	919
1895	8	461
1895	9	273
1895	10	120
1895	11	1158
1895	12	865
1896	1	220
1896	2	564
1896	3	651
1896	4	271
1896	5	1271
1896	6	1460
1896	7	1750
1896	8	1235
1896	9	1345
1896	10	342
1896	11	1282
1896	12	290
1897	1	1008
1897	2	750
1897	3	1647
1897	4	928
1897	5	691
1897	6	1365
1897	7	851
1897	8	272
1897	9	138
1897	10	277
1897	11	1695
1897	12	1010
1898	1	2029
1898	2	686
1898	3	2697
1898	4	536
1898	5	794
1898	6	1063
1898	7	737
1898	8	838
1898	9	1448
1898	10	1194
1898	11	711
1898	12	483
1899	1	940
1899	2	635
1899	3	1067
1899	4	457
1899	5	949
1899	6	406
1899	7	960
1899	8	534
1899	9	471
1899	10	704
1899	11	779
1899	12	792
1900	1	171
1900	2	891
1900	3	501
1900	4	184
1900	5	1611
1900	6	2155
1900	7	1237
1900	8	699
1900	9	675
1900	10	782
1900	11	1066
1900	12	348
1901	1	308
1901	2	483
1901	3	909
1901	4	757
1901	5	716
1901	6	2021
1901	7	0
1901	8	803
1901	9	143
1901	10	1218
1901	11	278
1901	12	1086
1902	1	155
1902	2	268
1902	3	863
1902	4	435
1902	5	801
1902	6	1747
1902	7	1124
1902	8	693
1902	9	1636
1902	10	559
1902	11	928
1902	12	1010
1903	1	418
1903	2	883
1903	3	552
1903	4	1075
1903	5	1083
1903	6	928
1903	7	855
1903	8	1425
1903	9	713
1903	10	841
1903	11	222
1903	12	458
1904	1	949
1904	2	460
1904	3	2234
1904	4	1490
1904	5	658
1904	6	819
1904	7	771
1904	8	505
1904	9	769
1904	10	257
1904	11	38
1904	12	1162
1905	1	407
1905	2	613
1905	3	459
1905	4	842
1905	5	1927
1905	6	1387
1905	7	1175
1905	8	914
1905	9	940
1905	10	1143
1905	11	476
1905	12	603
1906	1	1006
1906	2	224
1906	3	1566
1906	4	726
1906	5	801
1906	6	787
1906	7	862
1906	8	628
1906	9	1325
1906	10	415
1906	11	1037
1906	12	1102
1907	1	1758
1907	2	75
1907	3	1141
1907	4	495
1907	5	824
1907	6	1180
1907	7	1560
1907	8	807
1907	9	471
1907	10	616
1907	11	574
1907	12	988
1908	1	397
1908	2	1318
1908	3	920
1908	4	1135
1908	5	1559
1908	6	641
1908	7	565
1908	8	185
1908	9	337
1908	10	65
1908	11	618
1908	12	328
1909	1	658
1909	2	1146
1909	3	611
1909	4	1206
1909	5	1379
1909	6	1719
1909	7	1534
1909	8	683
1909	9	759
1909	10	1060
1909	11	840
1909	12	859
1910	1	734
1910	2	647
1910	3	58
1910	4	807
1910	5	1053
1910	6	683
1910	7	1787
1910	8	441
1910	9	1227
1910	10	1274
1910	11	477
1910	12	363
1911	1	845
1911	2	353
1911	3	593
1911	4	1404
1911	5	521
1911	6	782
1911	7	412
1911	8	547
1911	9	2396
1911	10	846
1911	11	940
1911	12	702
1912	1	451
1912	2	606
1912	3	1113
1912	4	1189
1912	5	1212
1912	6	776
1912	7	1484
1912	8	1026
1912	9	767
1912	10	498
1912	11	621
1912	12	280
1913	1	1982
1913	2	297
1913	3	2298
1913	4	870
1913	5	322
1913	6	491
1913	7	626
1913	8	482
1913	9	703
1913	10	904
1913	11	1035
1913	12	339
1914	1	611
1914	2	587
1914	3	800
1914	4	761
1914	5	551
1914	6	417
1914	7	493
1914	8	826
1914	9	606
1914	10	397
1914	11	418
1914	12	633
1915	1	760
1915	2	414
1915	3	411
1915	4	234
1915	5	1371
1915	6	780
1915	7	1799
1915	8	2321
1915	9	1336
1915	10	564
1915	11	971
1915	12	1287
1916	1	1831
1916	2	337
1916	3	389
1916	4	282
1916	5	923
1916	6	2373
1916	7	306
1916	8	671
1916	9	465
1916	10	183
1916	11	531
1916	12	404
1917	1	685
1917	2	237
1917	3	1335
1917	4	1158
1917	5	1260
1917	6	2176
1917	7	825
1917	8	612
1917	9	968
1917	10	857
1917	11	41
1917	12	370
1918	1	639
1918	2	145
1918	3	1082
1918	4	1535
1918	5	1252
1918	6	848
1918	7	699
1918	8	635
1918	9	1097
1918	10	691
1918	11	540
1918	12	1806
1919	1	417
1919	2	343
1919	3	1444
1919	4	670
1919	5	1269
1919	6	345
1919	7	135
1919	8	572
1919	9	292
1919	10	2215
1919	11	1164
1919	12	5
1920	1	377
1920	2	204
1920	3	1110
1920	4	1578
1920	5	931
1920	6	481
1920	7	963
1920	8	987
1920	9	508
1920	10	563
1920	11	334
1920	12	1052
1921	1	599
1921	2	283
1921	3	1668
1921	4	1043
1921	5	571
1921	6	594
1921	7	208
1921	8	2021
1921	9	1957
1921	10	711
1921	11	1291
1921	12	924
1922	1	523
1922	2	427
1922	3	2599
1922	4	2889
1922	5	970
1922	6	416
1922	7	1247
1922	8	791
1922	9	483
1922	10	521
1922	11	556
1922	12	1529
1923	1	528
1923	2	987
1923	3	812
1923	4	652
1923	5	2056
1923	6	175
1923	7	734
1923	8	1449
1923	9	1110
1923	10	638
1923	11	553
1923	12	1275
1924	1	925
1924	2	252
1924	3	1016
1924	4	701
1924	5	1390
1924	6	1616
1924	7	304
1924	8	1753
1924	9	331
1924	10	134
1924	11	617
1924	12	1857
1925	1	305
1925	2	178
1925	3	1077
1925	4	765
1925	5	531
1925	6	1897
1925	7	1796
1925	8	562
1925	9	983
1925	10	702
1925	11	1135
1925	12	323
1926	1	426
1926	2	1258
1926	3	1052
1926	4	1240
1926	5	845
1926	6	394
1926	7	814
1926	8	2572
1926	9	2477
1926	10	1034
1926	11	952
1926	12	503
1927	1	687
1927	2	461
1927	3	1974
1927	4	1783
1927	5	1806
1927	6	509
1927	7	1024
1927	8	1295
1927	9	2050
1927	10	683
1927	11	1161
1927	12	907
1928	1	594
1928	2	1214
1928	3	925
1928	4	827
1928	5	812
1928	6	2445
1928	7	1109
1928	8	1048
1928	9	603
1928	10	1096
1928	11	1067
1928	12	644
1929	1	1117
1929	2	242
1929	3	918
1929	4	1421
1929	5	2765
1929	6	1582
1929	7	1802
1929	8	552
1929	9	621
1929	10	1123
1929	11	651
1929	12	863
1930	1	1419
1930	2	605
1930	3	315
1930	4	789
1930	5	510
1930	6	674
1930	7	578
1930	8	521
1930	9	972
1930	10	521
1930	11	434
1930	12	123
1931	1	174
1931	2	457
1931	3	636
1931	4	561
1931	5	774
1931	6	1161
1931	7	1029
1931	8	472
1931	9	1265
1931	10	1707
1931	11	1064
1931	12	1205
1932	1	1271
1932	2	547
1932	3	419
1932	4	412
1932	5	576
1932	6	1619
1932	7	752
1932	8	1189
1932	9	1595
1932	10	1074
1932	11	622
1932	12	1064
1933	1	549
1933	2	446
1933	3	1007
1933	4	998
1933	5	2343
1933	6	18
1933	7	288
1933	8	660
1933	9	960
1933	10	651
1933	11	201
1933	12	346
1934	1	328
1934	2	123
1934	3	612
1934	4	605
1934	5	286
1934	6	874
1934	7	643
1934	8	2630
1934	9	1759
1934	10	69
1934	11	929
1934	12	525
1935	1	628
1935	2	117
1935	3	545
1935	4	435
1935	5	2046
1935	6	1009
1935	7	1104
1935	8	595
1935	9	726
1935	10	275
1935	11	1165
1935	12	401
1936	1	316
1936	2	668
1936	3	454
1936	4	925
1936	5	386
1936	6	168
1936	7	290
1936	8	595
1936	9	1718
1936	10	1192
1936	11	990
1936	12	752
1937	1	2222
1937	2	455
1937	3	557
1937	4	1413
1937	5	1107
1937	6	1341
1937	7	763
1937	8	1092
1937	9	848
1937	10	2007
1937	11	425
1937	12	956
1938	1	297
1938	2	784
1938	3	2350
1938	4	996
1938	5	1533
1938	6	1287
1938	7	1887
1938	8	1257
1938	9	316
1938	10	264
1938	11	1109
1938	12	536
1939	1	1445
1939	2	959
1939	3	988
1939	4	1585
1939	5	497
1939	6	1464
1939	7	919
1939	8	491
1939	9	202
1939	10	610
1939	11	420
1939	12	303
1940	1	486
1940	2	547
1940	3	454
1940	4	1566
1940	5	1536
1940	6	1399
1940	7	255
1940	8	850
1940	9	308
1940	10	361
1940	11	1048
1940	12	789
1941	1	338
1941	2	211
1941	3	286
1941	4	705
1941	5	679
1941	6	3638
1941	7	348
1941	8	460
1941	9	1042
1941	10	1757
1941	11	920
1941	12	456
1942	1	346
1942	2	1022
1942	3	782
1942	4	775
1942	5	1488
1942	6	1955
1942	7	1202
1942	8	673
1942	9	681
1942	10	367
1942	11	1380
1942	12	564
1943	1	322
1943	2	283
1943	3	678
1943	4	654
1943	5	2710
1943	6	470
1943	7	846
1943	8	710
1943	9	1143
1943	10	340
1943	11	859
1943	12	467
1944	1	67
1944	2	699
1944	3	917
1944	4	1781
1944	5	881
1944	6	1092
1944	7	638
1944	8	986
1944	9	364
1944	10	318
1944	11	773
1944	12	345
1945	1	160
1945	2	579
1945	3	2008
1945	4	1105
1945	5	1425
1945	6	2091
1945	7	717
1945	8	1045
1945	9	1653
1945	10	576
1945	11	1165
1945	12	746
1946	1	407
1946	2	753
1946	3	590
1946	4	307
1946	5	2811
1946	6	477
1946	7	482
1946	8	891
1946	9	366
1946	10	587
1946	11	958
1946	12	987
1947	1	886
1947	2	50
1947	3	558
1947	4	1521
1947	5	1183
1947	6	1971
1947	7	615
1947	8	2195
1947	9	1344
1947	10	533
1947	11	419
1947	12	337
1948	1	555
1948	2	547
1948	3	1884
1948	4	552
1948	5	876
1948	6	1213
1948	7	1246
1948	8	611
1948	9	912
1948	10	640
1948	11	1329
1948	12	815
1949	1	1914
1949	2	600
1949	3	846
1949	4	446
1949	5	961
1949	6	1327
1949	7	1076
1949	8	758
1949	9	402
1949	10	1290
1949	11	281
1949	12	880
1950	1	3474
1950	2	1167
1950	3	972
1950	4	1071
1950	5	280
1950	6	1598
1950	7	806
1950	8	336
1950	9	3636
1950	10	305
1950	11	1426
1950	12	534
1951	1	702
1951	2	884
1951	3	703
1951	4	828
1951	5	1002
1951	6	1408
1951	7	2296
1951	8	559
1951	9	684
1951	10	931
1951	11	804
1951	12	996
1952	1	827
1952	2	402
1952	3	1325
1952	4	1054
1952	5	809
1952	6	2313
1952	7	575
1952	8	365
1952	9	692
1952	10	91
1952	11	834
1952	12	528
1953	1	611
1953	2	371
1953	3	1571
1953	4	909
1953	5	1001
1953	6	1188
1953	7	1417
1953	8	306
1953	9	234
1953	10	559
1953	11	338
1953	12	439
1954	1	636
1954	2	602
1954	3	825
1954	4	577
1954	5	672
1954	6	457
1954	7	729
1954	8	807
1954	9	317
1954	10	1175
1954	11	381
1954	12	703
1955	1	712
1955	2	570
1955	3	905
1955	4	922
1955	5	1134
1955	6	1025
1955	7	1044
1955	8	210
1955	9	1925
1955	10	1028
1955	11	1069
1955	12	231
1956	1	358
1956	2	1330
1956	3	382
1956	4	1444
1956	5	1279
1956	6	1300
1956	7	716
1956	8	878
1956	9	409
1956	10	554
1956	11	791
1956	12	1159
1957	1	880
1957	2	566
1957	3	513
1957	4	1773
1957	5	1633
1957	6	2617
1957	7	903
1957	8	1446
1957	9	338
1957	10	1025
1957	11	1190
1957	12	1842
1958	1	378
1958	2	86
1958	3	387
1958	4	663
1958	5	1034
1958	6	2116
1958	7	1776
1958	8	1058
1958	9	1113
1958	10	531
1958	11	1115
1958	12	40
1959	1	1007
1959	2	841
1959	3	855
1959	4	1391
1959	5	532
1959	6	610
1959	7	536
1959	8	934
1959	9	956
1959	10	1059
1959	11	793
1959	12	761
1960	1	666
1960	2	948
1960	3	411
1960	4	396
1960	5	1325
1960	6	1705
1960	7	508
1960	8	1154
1960	9	592
1960	10	354
1960	11	735
1960	12	581
1961	1	240
1961	2	661
1961	3	1524
1961	4	1288
1961	5	1646
1961	6	1488
1961	7	693
1961	8	887
1961	9	886
1961	10	682
1961	11	862
1961	12	694
1962	1	1147
1962	2	589
1962	3	934
1962	4	356
1962	5	1522
1962	6	745
1962	7	2078
1962	8	768
1962	9	2799
1962	10	414
1962	11	368
1962	12	356
1963	1	281
1963	2	178
1963	3	2060
1963	4	801
1963	5	657
1963	6	401
1963	7	1308
1963	8	1217
1963	9	36
1963	10	41
1963	11	624
1963	12	226
1964	1	384
1964	2	547
1964	3	1642
1964	4	2132
1964	5	488
1964	6	734
1964	7	892
1964	8	382
1964	9	333
1964	10	124
1964	11	773
1964	12	559
1965	1	1220
1965	2	881
1965	3	430
1965	4	971
1965	5	1068
1965	6	1092
1965	7	939
1965	8	1079
1965	9	1457
1965	10	390
1965	11	255
1965	12	502
1966	1	551
1966	2	414
1966	3	429
1966	4	887
1966	5	487
1966	6	479
1966	7	869
1966	8	539
1966	9	1380
1966	10	550
1966	11	1040
1966	12	1172
1967	1	381
1967	2	493
1967	3	885
1967	4	860
1967	5	1578
1967	6	648
1967	7	525
1967	8	1079
1967	9	572
1967	10	1390
1967	11	475
1967	12	1682
1968	1	761
1968	2	288
1968	3	549
1968	4	806
1968	5	2825
1968	6	988
1968	7	352
1968	8	869
1968	9	821
1968	10	427
1968	11	1329
1968	12	950
1969	1	1606
1969	2	356
1969	3	486
1969	4	1247
1969	5	687
1969	6	1269
1969	7	1537
1969	8	484
1969	9	1550
1969	10	1037
1969	11	1142
1969	12	448
1970	1	408
1970	2	419
1970	3	848
1970	4	1417
1970	5	1000
1970	6	981
1970	7	1052
1970	8	932
1970	9	1045
1970	10	978
1970	11	612
1970	12	556
1971	1	379
1971	2	1579
1971	3	342
1971	4	234
1971	5	1407
1971	6	1160
1971	7	1789
1971	8	840
1971	9	835
1971	10	444
1971	11	312
1971	12	1555
1972	1	369
1972	2	253
1972	3	557
1972	4	1582
1972	5	596
1972	6	920
1972	7	695
1972	8	932
1972	9	1437
1972	10	751
1972	11	1716
1972	12	982
1973	1	519
1973	2	377
1973	3	1617
1973	4	942
1973	5	628
1973	6	2131
1973	7	1502
1973	8	1072
1973	9	294
1973	10	755
1973	11	1438
1973	12	1215
1974	1	1106
1974	2	660
1974	3	1081
1974	4	1052
1974	5	1875
1974	6	1309
1974	7	150
1974	8	1809
1974	9	1192
1974	10	521
1974	11	693
1974	12	844
1975	1	1257
1975	2	1061
1975	3	1042
1975	4	947
1975	5	791
1975	6	1092
1975	7	691
1975	8	1252
1975	9	616
1975	10	614
1975	11	1075
1975	12	778
1976	1	595
1976	2	808
1976	3	1116
1976	4	290
1976	5	420
1976	6	1588
1976	7	1090
1976	8	321
1976	9	745
1976	10	790
1976	11	188
1976	12	67
1977	1	364
1977	2	711
1977	3	1476
1977	4	590
1977	5	867
1977	6	758
1977	7	1698
1977	8	1399
1977	9	439
1977	10	991
1977	11	651
1977	12	1224
1978	1	594
1978	2	115
1978	3	1185
1978	4	808
1978	5	1457
1978	6	512
1978	7	1794
1978	8	2079
1978	9	534
1978	10	862
1978	11	783
1978	12	717
1979	1	1016
1979	2	523
1979	3	865
1979	4	1068
1979	5	933
1979	6	1412
1979	7	2998
1979	8	2848
1979	9	110
1979	10	1032
1979	11	1164
1979	12	492
1980	1	343
1980	2	547
1980	3	1084
1980	4	642
1980	5	627
1980	6	1406
1980	7	1735
1980	8	1752
1980	9	1200
1980	10	716
1980	11	357
1980	12	192
1981	1	73
1981	2	779
1981	3	335
1981	4	1715
1981	5	2747
1981	6	215
1981	7	2679
1981	8	979
1981	9	1278
1981	10	548
1981	11	313
1981	12	933
1982	1	1292
1982	2	447
1982	3	1416
1982	4	697
1982	5	1733
1982	6	1459
1982	7	1445
1982	8	812
1982	9	375
1982	10	489
1982	11	951
1982	12	2010
1983	1	229
1983	2	274
1983	3	960
1983	4	1018
1983	5	1282
1983	6	864
1983	7	617
1983	8	761
1983	9	453
1983	10	1388
1983	11	1288
1983	12	1095
1984	1	178
1984	2	593
1984	3	648
1984	4	1047
1984	5	1266
1984	6	441
1984	7	882
1984	8	503
1984	9	1466
1984	10	809
1984	11	1458
1984	12	849
1985	1	385
1985	2	1113
1985	3	1345
1985	4	642
1985	5	1039
1985	6	1033
1985	7	1112
1985	8	1506
1985	9	500
1985	10	425
1985	11	2737
1985	12	923
1986	1	57
1986	2	764
1986	3	687
1986	4	525
1986	5	1923
1986	6	1201
1986	7	1634
1986	8	447
1986	9	851
1986	10	2385
1986	11	475
1986	12	499
1987	1	530
1987	2	151
1987	3	576
1987	4	557
1987	5	711
1987	6	1391
1987	7	2519
1987	8	297
1987	9	795
1987	10	463
1987	11	754
1987	12	1228
1988	1	359
1988	2	1107
1988	3	952
1988	4	952
1988	5	229
1988	6	13
1988	7	1357
1988	8	58
1988	9	473
1988	10	1151
1988	11	1357
1988	12	497
1989	1	400
1989	2	348
1989	3	960
1989	4	1588
1989	5	1334
1989	6	541
1989	7	1024
1989	8	2438
1989	9	2323
1989	10	526
1989	11	686
1989	12	280
1990	1	519
1990	2	1392
1990	3	706
1990	4	446
1990	5	1946
1990	6	848
1990	7	1745
1990	8	1027
1990	9	676
1990	10	1206
1990	11	1401
1990	12	2013
1991	1	410
1991	2	307
1991	3	1314
1991	4	1059
1991	5	790
1991	6	635
1991	7	1202
1991	8	660
1991	9	512
1991	10	1882
1991	11	1026
1991	12	410
1992	1	541
1992	2	405
1992	3	655
1992	4	1347
1992	5	396
1992	6	480
1992	7	2815
1992	8	654
1992	9	1117
1992	10	179
1992	11	2397
1992	12	461
1993	1	958
1993	2	557
1993	3	565
1993	4	1116
1993	5	1199
1993	6	1417
1993	7	843
1993	8	1925
1993	9	1679
1993	10	609
1993	11	1962
1993	12	425
1994	1	637
1994	2	301
1994	3	281
1994	4	1382
1994	5	959
1994	6	1249
1994	7	623
1994	8	464
1994	9	695
1994	10	225
1994	11	1310
1994	12	249
1995	1	595
1995	2	253
1995	3	843
1995	4	938
1995	5	1536
1995	6	969
1995	7	697
1995	8	1162
1995	9	201
1995	10	460
1995	11	620
1995	12	644
1996	1	871
1996	2	277
1996	3	1272
1996	4	1846
1996	5	2417
1996	6	910
1996	7	846
1996	8	351
1996	9	1151
1996	10	386
1996	11	1015
1996	12	707
1997	1	1070
1997	2	1067
1997	3	1370
1997	4	529
1997	5	1552
1997	6	1211
1997	7	213
1997	8	712
1997	9	467
1997	10	323
1997	11	528
1997	12	373
1998	1	891
1998	2	324
1998	3	1175
1998	4	1303
1998	5	1378
1998	6	2678
1998	7	990
1998	8	665
1998	9	429
1998	10	1260
1998	11	543
1998	12	404
1999	1	1374
1999	2	1190
1999	3	348
1999	4	1113
1999	5	997
1999	6	1507
1999	7	1065
1999	8	210
1999	9	115
1999	10	626
1999	11	143
1999	12	763
2000	1	354
2000	2	909
2000	3	519
2000	4	1273
2000	5	1180
2000	6	1569
2000	7	751
2000	8	1995
2000	9	1817
2000	10	947
2000	11	854
2000	12	695
2001	1	197
2001	2	588
2001	3	112
2001	4	637
2001	5	711
2001	6	1268
2001	7	1796
2001	8	1095
2001	9	1198
2001	10	2096
2001	11	763
2001	12	850
2002	1	284
2002	2	865
2002	3	1264
2002	4	1499
2002	5	2176
2002	6	1077
2002	7	1065
2002	8	601
2002	9	1284
2002	10	870
2002	11	594
2002	12	729
2003	1	300
2003	2	753
2003	3	728
2003	4	641
2003	5	1465
2003	6	537
2003	7	2582
2003	8	428
2003	9	2956
2003	10	572
2003	11	957
2003	12	790
2004	1	939
2004	2	188
2004	3	966
2004	4	260
2004	5	2255
2004	6	781
2004	7	1399
2004	8	963
2004	9	95
2004	10	1121
2004	11	1263
2004	12	615
2005	1	2411
2005	2	579
2005	3	407
2005	4	938
2005	5	1151
2005	6	1124
2005	7	1463
2005	8	1501
2005	9	1266
2005	10	342
2005	11	1227
2005	12	730
2006	1	911
2006	2	422
2006	3	1462
2006	4	1031
2006	5	1430
2006	6	1377
2006	7	688
2006	8	1007
2006	9	2091
2006	10	1791
2006	11	1020
2006	12	1484
2007	1	1236
2007	2	598
2007	3	1094
2007	4	749
2007	5	487
2007	6	869
2007	7	950
2007	8	726
2007	9	697
2007	10	991
2007	11	670
2007	12	1149
2008	1	705
2008	2	1218
2008	3	1772
2008	4	926
2008	5	1686
2008	6	3723
2008	7	1746
2008	8	115
2008	9	927
2008	10	458
2008	11	497
2008	12	1439
2009	1	452
2009	2	577
2009	3	293
2009	4	1864
2009	5	1946
2009	6	1653
2009	7	1235
2009	8	846
2009	9	311
2009	10	1785
2009	11	416
2009	12	1046
2010	1	443
2010	2	384
2010	3	772
2010	4	554
2010	5	1328
2010	6	2531
2010	7	1582
2010	8	131
2010	9	221
2010	10	304
2010	11	1102
2010	12	420
2011	1	730
2011	2	1643
2011	3	949
2011	4	2996
2011	5	1029
2011	6	1546
2011	7	547
2011	8	530
2011	9	1050
2011	10	874
2011	11	1446
2011	12	1074
2012	1	931
2012	2	485
2012	3	752
2012	4	783
2012	5	780
2012	6	125
2012	7	127
2012	8	1845
2012	9	1798
2012	10	1278
2012	11	289
2012	12	832
2013	1	1713
2013	2	731
2013	3	456
2013	4	2590
2013	5	1004
2013	6	1769
2013	7	976
2013	8	404
2013	9	215
2013	10	617
2013	11	837
2013	12	1219
2014	1	605
2014	2	443
2014	3	464
2014	4	1371
2014	5	1152
2014	6	1284
2014	7	1112
2014	8	1138
2014	9	1128
2014	10	1287
2014	11	586
2014	12	693
2015	1	559
2015	2	383
2015	3	1079
2015	4	1269
2015	5	829
2015	6	2360
2015	7	1516
2015	8	301
2015	9	1095
2015	10	106
