1893	1	1188
1893	2	1995
1893	3	506
1893	4	670
1893	5	345
1893	6	268
1893	7	718
1893	8	578
1893	9	439
1893	10	601
1893	11	256
1893	12	746
1894	1	433
1894	2	116
1894	4	784
1894	5	1069
1894	6	777
1894	7	442
1894	8	170
1894	9	641
1894	10	671
1894	11	781
1894	12	205
1895	1	249
1895	2	98
1895	3	60
1895	4	330
1895	5	778
1895	6	629
1895	7	667
1895	8	530
1895	9	951
1895	10	107
1895	11	271
1895	12	425
1896	1	208
1896	2	73
1896	3	255
1896	4	944
1896	5	965
1896	6	545
1896	7	566
1896	8	1266
1896	9	641
1896	10	610
1896	11	1042
1896	12	200
1897	1	304
1897	2	241
1897	3	766
1897	4	457
1897	5	604
1897	6	976
1897	7	785
1897	8	333
1897	9	410
1897	10	549
1897	11	470
1897	12	345
1898	1	140
1898	2	318
1898	3	356
1898	4	399
1898	5	874
1898	6	710
1898	7	860
1898	8	409
1898	9	604
1898	10	602
1898	11	324
1898	12	56
1899	1	221
1899	2	321
1899	3	757
1899	4	1177
1899	5	1004
1899	6	1080
1899	7	711
1899	8	1008
1899	9	631
1899	10	757
1899	11	25
1899	12	399
1900	1	102
1900	2	356
1900	3	201
1900	4	807
1900	5	711
1900	6	679
1900	7	1586
1900	8	1113
1900	9	1269
1900	10	844
1900	11	210
1900	12	386
1901	1	157
1901	2	123
1901	3	720
1901	4	138
1901	5	680
1901	6	823
1901	7	910
1901	8	727
1901	9	457
1901	10	443
1901	11	296
1901	12	147
1902	1	105
1902	2	223
1902	3	277
1902	4	817
1902	5	642
1902	6	720
1902	7	1042
1902	8	549
1902	9	477
1902	10	377
1902	11	697
1902	12	393
1903	1	137
1903	2	446
1903	3	778
1903	4	829
1903	5	1684
1903	6	446
1903	7	970
1903	8	1348
1903	9	1196
1903	10	724
1903	11	650
1903	12	213
1904	1	101
1904	2	355
1904	3	374
1904	4	254
1904	5	1314
1904	6	686
1904	7	630
1904	8	788
1904	9	1234
1904	10	895
1904	11	5
1904	12	501
1905	1	254
1905	2	254
1905	3	447
1905	4	304
1905	5	655
1905	6	1087
1905	7	1197
1905	8	333
1905	9	1095
1905	10	444
1905	11	313
1905	12	262
1906	1	403
1906	2	82
1906	3	603
1906	4	440
1906	5	563
1906	6	1455
1906	7	553
1906	8	700
1906	9	961
1906	10	785
1906	11	912
1906	12	520
1907	1	277
1907	2	195
1907	3	263
1907	4	663
1907	5	557
1907	6	327
1907	7	528
1907	8	365
1907	9	1078
1907	10	222
1907	11	381
1907	12	178
1908	1	203
1908	2	294
1908	3	560
1908	4	884
1908	5	748
1908	6	249
1908	7	1237
1908	8	68
1908	9	404
1908	10	201
1908	11	391
1908	12	185
1909	1	193
1909	2	495
1909	3	378
1909	4	856
1909	5	455
1909	6	452
1909	7	2201
1909	8	216
1909	9	137
1909	10	407
1909	11	633
1909	12	397
1910	1	127
1910	2	304
1910	3	29
1910	4	1207
1910	5	575
1910	6	180
1910	7	411
1910	8	651
1910	9	361
1910	10	599
1910	11	284
1910	12	132
1911	1	183
1911	2	257
1911	3	336
1911	4	76
1911	5	1120
1911	6	388
1911	7	2086
1911	8	1669
1911	9	596
1911	10	1018
1911	11	577
1911	12	562
1912	1	88
1912	2	33
1912	3	36
1912	4	694
1912	5	1161
1912	6	232
1912	7	950
1912	8	1720
1912	9	951
1912	10	617
1912	11	310
1912	12	409
1913	1	165
1913	2	290
1913	3	724
1913	4	519
1913	5	803
1913	6	602
1913	7	1046
1913	8	505
1913	9	1133
1913	10	599
1913	11	226
1913	12	28
1914	1	236
1914	2	93
1914	3	288
1914	4	1120
1914	5	109
1914	6	1247
1914	7	2393
1914	8	1212
1914	9	427
1914	10	196
1914	11	363
1914	12	310
1915	1	584
1915	2	461
1915	3	41
1915	4	522
1915	5	869
1915	6	926
1915	7	1401
1915	8	976
1915	9	573
1915	10	515
1915	11	518
1915	12	320
1916	1	475
1916	2	79
1916	3	674
1916	4	715
1916	5	871
1916	6	2431
1916	7	640
1916	8	731
1916	9	1120
1916	10	1047
1916	11	361
1916	12	167
1917	1	173
1917	2	162
1917	3	616
1917	4	526
1917	5	313
1917	6	1562
1917	7	346
1917	8	1208
1917	9	442
1917	10	608
1917	11	55
1917	12	97
1918	1	118
1918	2	261
1918	3	136
1918	4	336
1918	5	1357
1918	6	1213
1918	7	707
1918	8	1433
1918	9	782
1918	10	808
1918	11	824
1918	12	328
1919	1	119
1919	2	376
1919	3	280
1919	4	356
1919	5	304
1919	6	904
1919	7	313
1919	8	689
1919	9	786
1919	10	1250
1919	11	1128
1919	12	94
1920	1	287
1920	2	122
1920	3	472
1920	4	677
1920	5	355
1920	6	1726
1920	7	876
1920	8	673
1920	9	319
1920	10	178
1920	11	585
1920	12	564
1921	1	127
1921	2	228
1921	3	546
1921	4	882
1921	5	958
1921	6	488
1921	7	752
1921	8	863
1921	9	830
1921	10	318
1921	11	230
1921	12	382
1922	1	142
1922	2	901
1922	3	233
1922	4	781
1922	5	533
1922	6	1123
1922	7	878
1922	8	439
1922	9	1082
1922	10	275
1922	11	554
1922	12	375
1923	1	333
1923	2	106
1923	3	463
1923	4	389
1923	5	182
1923	6	2170
1923	7	1962
1923	8	372
1923	9	1336
1923	10	353
1923	11	168
1923	12	344
1924	1	288
1924	2	223
1924	3	330
1924	4	853
1924	5	1060
1924	6	573
1924	7	1151
1924	8	1543
1924	9	571
1924	10	207
1924	11	349
1924	12	356
1925	1	166
1925	2	236
1925	3	81
1925	4	267
1925	5	297
1925	6	1187
1925	7	663
1925	8	851
1925	9	1219
1925	10	317
1925	11	97
1925	12	287
1926	1	99
1926	2	475
1926	3	665
1926	4	237
1926	5	288
1926	6	954
1926	7	822
1926	8	1215
1926	9	1078
1926	10	851
1926	11	630
1926	12	452
1927	1	213
1927	2	180
1927	3	238
1927	4	191
1927	5	948
1927	6	468
1927	7	1456
1927	8	442
1927	9	783
1927	10	643
1927	11	807
1927	12	1028
1928	1	216
1928	2	313
1928	3	223
1928	4	660
1928	5	496
1928	6	919
1928	7	1053
1928	8	1072
1928	9	1740
1928	10	1070
1928	11	194
1928	12	107
1929	1	607
1929	2	236
1929	3	366
1929	4	679
1929	5	1000
1929	6	834
1929	7	817
1929	8	446
1929	9	732
1929	10	488
1929	11	227
1929	12	404
1930	1	171
1930	2	208
1930	3	183
1930	4	325
1930	5	1156
1930	6	1070
1930	7	779
1930	8	325
1930	9	405
1930	10	362
1930	11	308
1930	12	46
1931	1	209
1931	2	361
1931	3	278
1931	4	188
1931	5	501
1931	6	932
1931	7	707
1931	8	732
1931	9	1348
1931	10	764
1931	11	913
1931	12	250
1932	1	422
1932	2	333
1932	3	260
1932	4	496
1932	5	742
1932	6	529
1932	7	785
1932	8	1811
1932	9	422
1932	10	383
1932	11	745
1932	12	405
1933	1	244
1933	2	352
1933	3	253
1933	4	526
1933	5	896
1933	6	836
1933	7	206
1933	8	136
1933	9	634
1933	10	632
1933	11	246
1933	12	370
1934	1	283
1934	2	115
1934	3	470
1934	4	699
1934	5	399
1934	6	707
1934	7	411
1934	8	570
1934	9	1151
1934	10	363
1934	11	1306
1934	12	468
1935	1	525
1935	2	206
1935	3	308
1935	4	559
1935	5	498
1935	6	1156
1935	7	1311
1935	8	812
1935	9	465
1935	10	543
1935	11	415
1935	12	172
1936	1	337
1936	2	291
1936	3	475
1936	4	153
1936	5	736
1936	6	411
1936	7	290
1936	8	1456
1936	9	600
1936	10	565
1936	11	231
1936	12	422
1937	1	638
1937	2	673
1937	3	13
1937	4	661
1937	5	176
1937	6	67
1937	7	641
1937	8	379
1937	9	928
1937	10	724
1937	11	442
1937	12	213
1938	1	486
1938	2	407
1938	3	814
1938	4	723
1938	5	1292
1938	6	972
1938	7	1063
1938	8	1341
1938	9	791
1938	10	578
1938	11	309
1938	12	759
1939	1	674
1939	2	570
1939	3	575
1939	4	530
1939	5	1309
1939	6	1164
1939	7	371
1939	8	970
1939	9	397
1939	10	411
1939	11	227
1939	12	414
1940	1	371
1940	2	582
1940	3	312
1940	4	497
1940	5	1163
1940	6	1508
1940	7	927
1940	8	1018
1940	9	412
1940	10	745
1940	11	917
1940	12	445
1941	1	302
1941	2	170
1941	3	209
1941	4	475
1941	5	794
1941	6	231
1941	7	628
1941	8	2830
1941	9	1628
1941	10	1001
1941	11	373
1941	12	333
1942	1	84
1942	2	213
1942	3	988
1942	4	455
1942	5	1300
1942	6	1735
1942	7	1502
1942	8	553
1942	9	1127
1942	10	717
1942	11	572
1942	12	505
1943	1	424
1943	2	318
1943	3	642
1943	4	655
1943	5	696
1943	6	1591
1943	7	577
1943	8	847
1943	9	435
1943	10	376
1943	11	608
1943	12	10
1944	1	247
1944	2	173
1944	3	428
1944	4	525
1944	5	867
1944	6	987
1944	7	755
1944	8	780
1944	9	1003
1944	10	123
1944	11	644
1944	12	122
1945	1	184
1945	2	665
1945	3	343
1945	4	1139
1945	5	813
1945	6	655
1945	7	689
1945	8	878
1945	9	1120
1945	10	335
1945	11	1418
1945	12	395
1946	1	694
1946	2	234
1946	3	254
1946	4	216
1946	5	706
1946	6	1638
1946	7	614
1946	8	567
1946	9	1099
1946	10	542
1946	11	587
1946	12	513
1947	1	181
1947	2	134
1947	3	251
1947	4	958
1947	5	736
1947	6	593
1947	7	448
1947	8	780
1947	9	765
1947	10	413
1947	11	563
1947	12	229
1948	1	256
1948	2	339
1948	3	328
1948	4	585
1948	5	214
1948	6	773
1948	7	786
1948	8	763
1948	9	375
1948	10	250
1948	11	1500
1948	12	208
1949	1	449
1949	2	149
1949	3	325
1949	4	158
1949	5	552
1949	6	1056
1949	7	961
1949	8	437
1949	9	761
1949	10	567
1949	11	536
1949	12	314
1950	1	796
1950	2	297
1950	3	581
1950	4	859
1950	5	743
1950	6	758
1950	7	1223
1950	8	794
1950	9	310
1950	10	278
1950	11	405
1950	12	560
1951	1	162
1951	2	381
1951	3	877
1951	4	1796
1951	5	119
1951	6	1859
1951	7	1985
1951	8	1695
1951	9	1154
1951	10	741
1951	11	434
1951	12	310
1952	1	488
1952	2	247
1952	3	566
1952	4	134
1952	5	378
1952	6	853
1952	7	2199
1952	8	1119
1952	9	292
1952	10	36
1952	11	370
1952	12	354
1953	1	244
1953	2	510
1953	3	510
1953	4	893
1953	5	850
1953	6	1351
1953	7	1118
1953	8	860
1953	9	448
1953	10	152
1953	11	372
1953	12	365
1954	1	265
1954	2	355
1954	3	582
1954	4	1367
1954	5	733
1954	6	1089
1954	7	613
1954	8	873
1954	9	1749
1954	10	784
1954	11	300
1954	12	128
1955	1	187
1955	2	250
1955	3	845
1955	4	597
1955	5	730
1955	6	801
1955	7	590
1955	8	412
1955	9	246
1955	10	855
1955	11	327
1955	12	482
1956	1	171
1956	2	81
1956	3	283
1956	4	337
1956	5	615
1956	6	1083
1956	7	1017
1956	8	1495
1956	9	447
1956	10	160
1956	11	369
1956	12	289
1957	1	121
1957	2	291
1957	3	220
1957	4	715
1957	5	876
1957	6	465
1957	7	526
1957	8	1068
1957	9	1314
1957	10	413
1957	11	400
1957	12	303
1958	1	123
1958	2	22
1958	3	156
1958	4	515
1958	5	697
1958	6	1289
1958	7	1150
1958	8	1120
1958	9	476
1958	10	762
1958	11	773
1958	12	217
1959	1	139
1959	2	115
1959	3	484
1959	4	572
1959	5	615
1959	6	582
1959	7	871
1959	8	2502
1959	9	1153
1959	10	1071
1959	11	269
1959	12	810
1960	1	408
1960	2	167
1960	3	80
1960	4	911
1960	5	1776
1960	6	1045
1960	7	1051
1960	8	824
1960	9	782
1960	10	729
1960	11	557
1960	12	74
1961	1	32
1961	2	419
1961	3	604
1961	4	442
1961	5	783
1961	6	556
1961	7	1011
1961	8	812
1961	9	1128
1961	10	654
1961	11	642
1961	12	408
1962	1	208
1962	2	634
1962	3	216
1962	4	541
1962	5	661
1962	6	1625
1962	7	932
1962	8	1364
1962	9	850
1962	10	318
1962	11	127
1962	12	270
1963	1	101
1963	2	134
1963	3	266
1963	4	280
1963	5	1006
1963	6	699
1963	7	849
1963	8	693
1963	9	625
1963	10	142
1963	11	265
1963	12	299
1964	1	387
1964	2	54
1964	3	225
1964	4	851
1964	5	1066
1964	6	514
1964	7	1357
1964	8	1333
1964	9	1296
1964	10	119
1964	11	641
1964	12	400
1965	1	101
1965	2	281
1965	3	308
1965	4	754
1965	5	1586
1965	6	816
1965	7	646
1965	8	583
1965	9	1488
1965	10	163
1965	11	901
1965	12	492
1966	1	208
1966	2	114
1966	3	974
1966	4	412
1966	5	298
1966	6	945
1966	7	272
1966	8	829
1966	9	469
1966	10	704
1966	11	367
1966	12	324
1967	1	584
1967	2	491
1967	3	287
1967	4	1106
1967	5	603
1967	6	1305
1967	7	276
1967	8	1102
1967	9	559
1967	10	1114
1967	11	105
1967	12	257
1968	1	217
1968	2	206
1968	3	144
1968	4	982
1968	5	912
1968	6	1874
1968	7	1291
1968	8	490
1968	9	1593
1968	10	616
1968	11	105
1968	12	563
1969	1	671
1969	2	18
1969	3	290
1969	4	333
1969	5	624
1969	6	1377
1969	7	582
1969	8	69
1969	9	281
1969	10	859
1969	11	253
1969	12	255
1970	1	330
1970	2	117
1970	3	253
1970	4	490
1970	5	1134
1970	6	618
1970	7	1084
1970	8	567
1970	9	1154
1970	10	1275
1970	11	631
1970	12	311
1971	1	412
1971	2	598
1971	3	436
1971	4	92
1971	5	713
1971	6	1220
1971	7	553
1971	8	682
1971	9	957
1971	10	1106
1971	11	458
1971	12	450
1972	1	300
1972	2	307
1972	3	627
1972	4	519
1972	5	751
1972	6	292
1972	7	807
1972	8	1421
1972	9	1270
1972	10	530
1972	11	386
1972	12	482
1973	1	199
1973	2	124
1973	3	689
1973	4	802
1973	5	1491
1973	6	1234
1973	7	1141
1973	8	523
1973	9	515
1973	10	881
1973	11	313
1973	12	88
1974	1	54
1974	2	139
1974	3	107
1974	4	438
1974	5	887
1974	6	1026
1974	7	1012
1974	8	1491
1974	9	917
1974	10	329
1974	11	644
1974	12	112
1975	1	557
1975	2	340
1975	3	265
1975	4	345
1975	5	730
1975	6	1287
1975	7	425
1975	8	1116
1975	9	706
1975	10	331
1975	11	590
1975	12	435
1976	1	518
1976	2	171
1976	3	772
1976	4	610
1976	5	1369
1976	6	446
1976	7	291
1976	8	644
1976	9	205
1976	10	133
1976	11	124
1976	12	172
1977	1	161
1977	2	234
1977	3	919
1977	4	1298
1977	5	640
1977	6	633
1977	7	953
1977	8	966
1977	9	1405
1977	10	509
1977	11	788
1977	12	493
1978	1	224
1978	2	53
1978	3	135
1978	4	385
1978	5	1022
1978	6	630
1978	7	1448
1978	8	1530
1978	9	1341
1978	10	352
1978	11	472
1978	12	434
1979	1	424
1979	2	360
1979	3	805
1979	4	264
1979	5	811
1979	6	1128
1979	7	783
1979	8	1090
1979	9	298
1979	10	1282
1979	11	450
1979	12	117
1980	1	415
1980	2	48
1980	3	61
1980	4	384
1980	5	326
1980	6	677
1980	7	1024
1980	8	1259
1980	9	1593
1980	10	294
1980	11	255
1980	12	344
1981	1	67
1981	2	514
1981	3	122
1981	4	629
1981	5	587
1981	6	1647
1981	7	637
1981	8	1127
1981	9	499
1981	10	608
1981	11	160
1981	12	384
1982	1	431
1982	2	40
1982	3	382
1982	4	529
1982	5	713
1982	6	859
1982	7	1409
1982	8	790
1982	9	1531
1982	10	679
1982	11	628
1982	12	694
1983	1	286
1983	2	108
1983	3	473
1983	4	423
1983	5	1102
1983	6	591
1983	7	773
1983	8	1310
1983	9	998
1983	10	1326
1983	11	821
1983	12	404
1984	1	146
1984	2	526
1984	3	302
1984	4	648
1984	5	257
1984	6	1127
1984	7	699
1984	8	586
1984	9	1302
1984	10	726
1984	11	657
1984	12	552
1985	1	148
1985	2	198
1985	3	461
1985	4	964
1985	5	943
1985	6	744
1985	7	703
1985	8	1079
1985	9	1381
1985	10	834
1985	11	1377
1985	12	329
1986	1	181
1986	2	206
1986	3	515
1986	4	686
1986	5	100
1986	6	680
1986	7	676
1986	8	623
1986	9	1230
1986	10	854
1986	11	259
1986	12	94
1987	1	176
1987	2	43
1987	3	281
1987	4	572
1987	5	462
1987	6	389
1987	7	1166
1987	8	1159
1987	9	732
1987	10	490
1987	11	584
1987	12	440
1988	1	266
1988	2	52
1988	3	291
1988	4	346
1988	5	160
1988	6	332
1988	7	892
1988	8	1183
1988	9	746
1988	10	842
1988	11	638
1988	12	404
1989	1	406
1989	2	159
1989	3	535
1989	4	60
1989	5	837
1989	6	1119
1989	7	317
1989	8	729
1989	9	209
1989	10	370
1989	11	218
1989	12	217
1990	1	134
1990	2	203
1990	3	71
1990	4	94
1990	5	1123
1990	6	1068
1990	7	506
1990	8	1244
1990	9	989
1990	10	831
1990	11	235
1990	12	283
1991	1	123
1991	2	148
1991	3	852
1991	4	812
1991	5	1423
1991	6	673
1991	7	1245
1991	8	188
1991	9	735
1991	10	1085
1991	11	1024
1991	12	313
1992	1	275
1992	2	224
1992	3	263
1992	4	516
1992	5	729
1992	6	546
1992	7	703
1992	8	818
1992	9	1025
1992	10	374
1992	11	1240
1992	12	578
1993	1	362
1993	2	13
1993	3	97
1993	4	743
1993	5	1385
1993	6	1386
1993	7	562
1993	8	952
1993	9	828
1993	10	502
1993	11	432
1993	12	141
1994	1	196
1994	2	160
1994	3	410
1994	4	467
1994	5	506
1994	6	690
1994	7	1340
1994	8	628
1994	9	1534
1994	10	540
1994	11	472
1994	12	46
1995	1	178
1995	2	76
1995	3	515
1995	4	667
1995	5	1004
1995	6	1077
1995	7	835
1995	8	1739
1995	9	732
1995	10	1199
1995	11	395
1995	12	627
1996	1	1019
1996	2	322
1996	3	485
1996	4	1044
1996	5	303
1996	6	1424
1996	7	1557
1996	8	483
1996	9	1135
1996	10	786
1996	11	244
1996	12	894
1997	1	726
1997	2	63
1997	3	588
1997	4	201
1997	5	680
1997	6	1000
1997	7	534
1997	8	963
1997	9	544
1997	10	998
1997	11	96
1997	12	197
1998	1	657
1998	2	394
1998	3	988
1998	4	448
1998	5	300
1998	6	827
1998	7	498
1998	8	689
1998	9	392
1998	10	631
1998	11	599
1998	12	274
1999	1	749
1999	2	544
1999	3	69
1999	4	418
1999	5	1697
1999	6	634
1999	7	2882
1999	8	738
1999	9	608
1999	10	559
1999	11	250
1999	12	246
2000	1	471
2000	2	376
2000	3	554
2000	4	659
2000	5	551
2000	6	1135
2000	7	1541
2000	8	1083
2000	9	1555
2000	10	193
2000	11	588
2000	12	305
2001	1	332
2001	2	371
2001	3	159
2001	4	693
2001	5	867
2001	6	923
2001	7	500
2001	8	405
2001	9	863
2001	10	621
2001	11	553
2001	12	310
2002	1	62
2002	2	451
2002	3	784
2002	4	1428
2002	5	978
2002	6	897
2002	7	980
2002	8	992
2002	9	903
2002	10	1589
2002	11	80
2002	12	138
2003	1	81
2003	2	458
2003	3	667
2003	4	890
2003	5	764
2003	6	700
2003	7	297
2003	8	1352
2003	9	1133
2003	10	299
2003	11	487
2003	12	392
2004	1	245
2004	2	486
2004	3	1036
2004	4	506
2004	5	1154
2004	6	896
2004	7	732
2004	8	886
2004	9	441
2004	10	1245
2004	11	453
2004	12	487
2005	1	306
2005	2	281
2005	3	190
2005	4	426
2005	5	607
2005	6	673
2005	7	809
2005	8	679
2005	9	725
2005	10	1304
2005	11	783
2005	12	290
2006	1	383
2006	2	331
2006	3	341
2006	4	191
2006	5	1551
2006	6	316
2006	7	692
2006	8	1318
2006	9	749
2006	10	455
2006	11	407
2006	12	492
2007	1	245
2007	2	221
2007	3	531
2007	4	366
2007	5	224
2007	6	724
2007	7	620
2007	8	452
2007	9	734
2007	10	1634
2007	11	135
2007	12	616
2008	1	412
2008	2	324
2008	3	231
2008	4	1309
2008	5	822
2008	6	861
2008	7	375
2008	8	190
2008	9	505
2008	10	337
2008	11	336
2008	12	540
2009	1	167
2009	2	311
2009	3	121
2009	4	1114
2009	5	935
2009	6	579
2009	7	493
2009	8	791
2009	9	311
2009	10	1200
2009	11	149
2009	12	571
2010	1	163
2010	2	80
2010	3	155
2010	4	101
2010	5	362
2010	6	2021
2010	7	1539
2010	8	884
2010	9	2170
2010	10	784
2010	11	515
2010	12	325
2011	1	144
2011	2	36
2011	3	347
2011	4	799
2011	5	1175
2011	6	936
2011	7	542
2011	8	404
2011	9	826
2011	10	372
2011	11	263
2011	12	371
2012	1	283
2012	2	281
2012	3	435
2012	4	271
2012	5	786
2012	6	554
2012	7	939
2012	8	304
2012	9	500
2012	10	937
2012	11	345
2012	12	395
2013	1	320
2013	2	404
2013	3	478
2013	4	937
2013	5	922
2013	6	1188
2013	7	619
2013	8	1014
2013	9	552
2013	10	671
2013	11	719
2013	12	317
2014	1	371
2014	2	364
2014	3	236
2014	4	897
2014	5	723
2014	6	866
2014	7	425
2014	8	799
2014	9	1661
2014	10	866
2014	11	826
2014	12	570
2015	1	160
2015	2	71
2015	3	160
2015	4	862
2015	5	1515
2015	6	1060
2015	7	675
2015	8	865
2015	9	808
2015	10	413
