1893	1	39
1893	2	179
1893	4	0
1893	5	149
1893	6	9
1893	7	371
1893	9	861
1893	10	3
1893	11	1
1894	1	40
1894	2	134
1894	3	172
1894	4	40
1894	5	137
1894	6	81
1894	7	147
1894	8	665
1894	9	85
1894	10	50
1894	11	0
1894	12	100
1895	1	103
1895	2	224
1895	3	1
1895	4	19
1895	5	322
1895	6	112
1895	7	1173
1895	8	571
1895	9	118
1895	10	338
1895	11	406
1895	12	12
1896	1	59
1896	2	37
1896	3	4
1896	4	0
1896	5	10
1896	6	191
1896	7	598
1896	8	337
1896	9	287
1896	10	1255
1896	11	30
1896	12	144
1897	1	296
1897	2	2
1897	3	237
1897	4	170
1897	5	549
1897	6	142
1897	7	1031
1897	8	647
1897	9	737
1897	10	196
1897	11	70
1897	12	30
1898	1	215
1898	2	208
1898	3	228
1898	4	42
1898	5	105
1898	6	511
1898	7	1920
1898	8	671
1898	9	281
1898	10	2
1898	11	419
1898	12	455
1899	1	136
1899	2	48
1899	3	173
1899	4	117
1899	5	35
1899	6	135
1899	7	1096
1899	8	331
1899	9	362
1899	10	85
1899	11	476
1899	12	278
1900	1	219
1900	2	55
1900	3	248
1900	4	94
1900	5	222
1900	6	223
1900	7	452
1900	8	468
1900	9	1034
1900	10	459
1900	11	64
1900	12	107
1901	1	23
1901	2	441
1901	3	68
1901	4	126
1901	5	165
1901	6	56
1901	7	680
1901	8	406
1901	9	362
1901	10	423
1901	11	1017
1901	12	140
1902	1	81
1902	2	30
1902	3	88
1902	4	0
1902	5	228
1902	6	95
1902	7	566
1902	8	974
1902	9	274
1902	10	200
1902	11	256
1902	12	308
1903	1	78
1903	2	564
1903	3	100
1903	4	20
1903	5	160
1903	6	474
1903	7	113
1903	8	359
1903	9	282
1903	10	28
1903	11	0
1903	12	11
1904	1	54
1904	2	12
1904	3	9
1904	4	19
1904	5	83
1904	6	153
1904	7	337
1904	8	707
1904	9	1205
1904	10	447
1904	11	14
1904	12	212
1905	1	329
1905	2	426
1905	3	379
1905	4	813
1905	5	27
1905	6	342
1905	7	345
1905	8	353
1905	9	507
1905	10	58
1905	11	1030
1905	12	579
1906	1	150
1906	2	195
1906	3	95
1906	4	292
1906	5	68
1906	6	30
1906	7	380
1906	8	522
1906	9	521
1906	10	244
1906	11	593
1906	12	611
1907	1	330
1907	2	113
1907	3	66
1907	4	253
1907	5	256
1907	6	266
1907	7	364
1907	8	1127
1907	9	231
1907	10	540
1907	11	401
1907	12	75
1908	1	38
1908	2	152
1908	3	38
1908	4	292
1908	5	122
1908	6	193
1908	7	757
1908	8	557
1908	9	51
1908	10	89
1908	11	165
1908	12	76
1909	1	101
1909	2	129
1909	3	347
1909	4	0
1909	5	0
1909	6	256
1909	7	600
1909	8	679
1909	9	86
1909	10	25
1909	11	0
1909	12	191
1910	1	127
1910	2	0
1910	3	0
1910	4	89
1910	5	0
1910	6	67
1910	7	72
1910	8	637
1910	9	33
1910	10	152
1910	11	13
1910	12	0
1911	1	0
1911	2	313
1911	3	102
1911	4	288
1911	5	0
1911	6	177
1911	7	917
1911	8	264
1911	9	483
1911	10	175
1911	11	5
1911	12	112
1912	1	0
1912	2	234
1912	3	101
1912	4	143
1912	5	20
1912	6	452
1912	7	351
1912	8	1035
1912	9	408
1912	10	109
1912	11	0
1912	12	79
1913	1	285
1913	2	328
1913	3	257
1913	4	210
1913	5	0
1913	6	500
1913	7	14
1913	8	501
1913	9	294
1913	10	0
1913	11	188
1913	12	102
1914	1	0
1914	2	127
1914	3	64
1914	4	191
1914	5	318
1914	6	128
1914	7	959
1914	8	305
1914	9	127
1914	10	254
1914	11	76
1914	12	523
1915	1	64
1915	2	571
1915	3	282
1915	4	609
1915	5	76
1915	6	3
1915	7	909
1915	8	292
1915	9	541
1915	10	41
1915	11	20
1915	12	49
1916	1	404
1916	2	0
1916	3	107
1916	4	236
1916	5	43
1916	6	0
1916	7	99
1916	8	130
1916	9	109
1916	10	502
1916	11	0
1916	12	145
1917	1	351
1917	2	8
1917	3	0
1917	4	0
1917	5	102
1917	6	15
1917	7	117
1917	8	129
1917	9	64
1917	10	0
1917	11	41
1917	12	0
1918	1	213
1918	2	86
1918	3	56
1918	4	0
1918	5	0
1918	6	13
1918	7	735
1918	8	512
1918	9	0
1918	10	882
1918	11	151
1918	12	307
1919	1	0
1919	2	28
1919	3	247
1919	4	389
1919	5	100
1919	6	403
1919	7	330
1919	8	211
1919	9	172
1919	10	26
1919	11	497
1919	12	97
1920	1	112
1920	2	178
1920	3	102
1920	4	0
1920	5	81
1920	6	312
1920	7	206
1920	8	472
1920	9	521
1920	10	387
1920	11	0
1920	12	0
1921	1	127
1921	2	33
1921	3	333
1921	4	0
1921	5	51
1921	6	353
1921	7	1429
1921	8	545
1921	9	315
1921	10	46
1921	11	0
1921	12	0
1922	1	134
1922	2	0
1922	3	61
1922	4	79
1922	5	38
1922	6	58
1922	7	218
1922	8	447
1922	9	54
1922	10	343
1922	11	307
1922	12	69
1923	1	104
1923	2	366
1923	3	216
1923	4	203
1923	5	53
1923	6	0
1923	7	338
1923	8	765
1923	9	555
1923	10	160
1923	11	673
1923	12	1034
1924	1	13
1924	2	0
1924	3	132
1924	4	91
1924	5	53
1924	6	89
1924	7	643
1924	8	28
1924	9	84
1924	10	64
1924	11	51
1924	12	142
1925	1	69
1925	2	0
1925	3	76
1925	4	5
1925	5	257
1925	6	148
1925	7	551
1925	8	528
1925	9	137
1925	10	246
1925	11	41
1925	12	68
1926	1	264
1926	2	0
1926	3	727
1926	4	130
1926	5	608
1926	6	395
1926	7	752
1926	8	197
1926	9	939
1926	10	358
1926	11	0
1926	12	864
1927	1	38
1927	2	8
1927	3	107
1927	4	94
1927	5	0
1927	6	346
1927	7	1021
1927	8	1010
1927	9	539
1927	10	74
1927	11	0
1927	12	132
1928	1	0
1928	2	447
1928	3	117
1928	4	201
1928	5	751
1928	6	0
1928	7	462
1928	8	1738
1928	9	271
1928	10	871
1928	11	239
1928	12	147
1929	1	0
1929	2	260
1929	3	191
1929	4	15
1929	5	637
1929	6	0
1929	7	1844
1929	8	625
1929	9	213
1929	10	191
1929	11	245
1929	12	0
1930	1	264
1930	2	182
1930	3	343
1930	4	25
1930	5	254
1930	6	163
1930	7	909
1930	8	934
1930	9	91
1930	10	233
1930	11	396
1930	12	124
1931	1	370
1931	2	892
1931	3	685
1931	4	1237
1931	5	82
1931	6	262
1931	7	1034
1931	8	1054
1931	9	1209
1931	10	1021
1931	11	424
1931	12	775
1932	1	332
1932	2	379
1932	3	691
1932	4	30
1932	5	498
1932	6	581
1932	7	503
1932	8	1482
1932	9	1025
1932	10	310
1932	11	0
1932	12	424
1933	1	111
1933	2	406
1933	3	94
1933	4	371
1933	5	334
1933	6	1037
1933	7	655
1933	8	683
1933	9	407
1933	10	384
1933	11	140
1933	12	163
1934	1	76
1934	2	10
1934	3	187
1934	4	115
1934	5	292
1934	6	10
1934	7	386
1934	8	411
1934	9	76
1934	10	5
1934	11	418
1934	12	209
1935	1	247
1935	2	147
1935	3	105
1935	4	0
1935	5	522
1935	6	1009
1935	7	684
1935	8	2015
1935	9	664
1935	10	102
1935	11	300
1935	12	247
1936	1	737
1936	2	479
1936	3	180
1936	4	267
1936	5	718
1936	6	291
1936	7	696
1936	8	343
1936	9	828
1936	10	81
1936	11	99
1936	12	226
1937	1	38
1937	2	381
1937	3	199
1937	4	91
1937	5	440
1937	6	259
1937	7	110
1937	8	352
1937	9	338
1937	10	259
1937	11	5
1937	12	162
1938	1	217
1938	2	155
1938	3	89
1938	4	43
1938	5	3
1938	6	464
1938	7	980
1938	8	185
1938	9	794
1938	10	46
1938	11	36
1938	12	270
1939	1	219
1939	2	26
1939	3	237
1939	4	194
1939	5	10
1939	6	90
1939	7	636
1939	8	544
1939	9	546
1939	10	228
1939	11	168
1939	12	61
1940	1	78
1940	2	318
1940	3	23
1940	4	3
1940	5	506
1940	6	371
1940	7	298
1940	8	293
1940	9	95
1940	10	41
1940	11	208
1940	12	103
1941	1	519
1941	2	248
1941	3	413
1941	4	146
1941	5	596
1941	6	308
1941	7	639
1941	8	616
1941	9	2462
1941	10	708
1941	11	248
1941	12	245
1942	1	6
1942	2	196
1942	3	19
1942	4	550
1942	5	0
1942	6	97
1942	7	475
1942	8	1017
1942	9	419
1942	10	171
1942	11	0
1942	12	313
1943	1	72
1943	2	0
1943	3	77
1943	4	18
1943	5	360
1943	6	537
1943	7	441
1943	8	16
1943	9	221
1943	10	206
1943	11	104
1943	12	363
1944	1	305
1944	2	126
1944	3	10
1944	4	122
1944	5	96
1944	6	23
1944	7	415
1944	8	751
1944	9	355
1944	10	254
1944	11	267
1944	12	252
1945	1	160
1945	2	6
1945	3	194
1945	4	111
1945	5	0
1945	6	3
1945	7	464
1945	8	115
1945	9	80
1945	10	66
1945	11	0
1945	12	75
1946	1	200
1946	2	21
1946	3	77
1946	4	170
1946	5	106
1946	6	176
1946	7	369
1946	8	385
1946	9	344
1946	10	252
1946	11	127
1946	12	183
1947	1	54
1947	2	33
1947	3	42
1947	4	13
1947	5	129
1947	6	43
1947	7	305
1947	8	330
1947	9	15
1947	10	140
1947	11	310
1947	12	208
1948	1	68
1948	2	341
1948	3	54
1948	4	74
1948	5	386
1948	6	311
1948	7	204
1948	8	212
1948	9	97
1948	10	141
1948	11	91
1948	12	227
1949	1	346
1949	2	317
1949	3	134
1949	4	241
1949	5	119
1949	6	267
1949	7	963
1949	8	444
1949	9	564
1949	10	310
1949	11	0
1949	12	229
1950	1	13
1950	2	53
1950	3	0
1950	4	89
1950	5	0
1950	6	309
1950	7	868
1950	8	447
1950	9	566
1950	10	48
1950	11	0
1950	12	0
1951	1	182
1951	2	163
1951	3	216
1951	4	142
1951	5	79
1951	6	25
1951	7	536
1951	8	686
1951	9	76
1951	10	340
1951	11	134
1951	12	132
1952	1	50
1952	2	43
1952	3	174
1952	4	202
1952	5	41
1952	6	277
1952	7	287
1952	8	583
1952	9	538
1952	10	0
1952	11	165
1952	12	193
1953	1	18
1953	2	183
1953	3	528
1953	4	145
1953	5	153
1953	6	147
1953	7	816
1953	8	341
1953	9	269
1953	10	115
1953	11	211
1953	12	84
1954	1	66
1954	2	8
1954	3	156
1954	4	46
1954	5	510
1954	6	257
1954	7	420
1954	8	482
1954	9	736
1954	10	411
1954	11	0
1954	12	86
1955	1	283
1955	2	10
1955	3	82
1955	4	23
1955	5	61
1955	6	117
1955	7	504
1955	8	483
1955	9	300
1955	10	150
1955	11	0
1955	12	54
1956	1	75
1956	2	137
1956	3	0
1956	4	15
1956	5	36
1956	6	170
1956	7	545
1956	8	635
1956	9	10
1956	10	211
1956	11	0
1956	12	0
1957	1	91
1957	2	411
1957	3	449
1957	4	157
1957	5	99
1957	6	29
1957	7	525
1957	8	679
1957	9	61
1957	10	595
1957	11	307
1957	12	51
1958	1	124
1958	2	82
1958	3	700
1958	4	330
1958	5	349
1958	6	821
1958	7	1017
1958	8	330
1958	9	1081
1958	10	369
1958	11	241
1958	12	51
1959	1	33
1959	2	81
1959	3	15
1959	4	127
1959	5	174
1959	6	381
1959	7	708
1959	8	899
1959	9	36
1959	10	293
1959	11	26
1959	12	317
1960	1	429
1960	2	69
1960	3	21
1960	4	0
1960	5	344
1960	6	501
1960	7	959
1960	8	218
1960	9	388
1960	10	261
1960	11	18
1960	12	158
1961	1	109
1961	2	20
1961	3	259
1961	4	114
1961	5	112
1961	6	279
1961	7	241
1961	8	1000
1961	9	816
1961	10	211
1961	11	297
1961	12	337
1962	1	237
1962	2	65
1962	3	57
1962	4	185
1962	5	5
1962	6	119
1962	7	1363
1962	8	181
1962	9	1020
1962	10	335
1962	11	356
1962	12	278
1963	1	41
1963	2	86
1963	3	51
1963	4	142
1963	5	18
1963	6	54
1963	7	198
1963	8	1275
1963	9	525
1963	10	91
1963	11	102
1963	12	56
1964	1	33
1964	2	67
1964	3	112
1964	4	74
1964	5	242
1964	6	97
1964	7	319
1964	8	268
1964	9	361
1964	10	0
1964	11	13
1964	12	87
1965	1	115
1965	2	89
1965	3	134
1965	4	110
1965	5	216
1965	6	200
1965	7	552
1965	8	607
1965	9	1591
1965	10	118
1965	11	77
1965	12	370
1966	1	175
1966	2	225
1966	3	18
1966	4	3
1966	5	24
1966	6	595
1966	7	351
1966	8	1325
1966	9	309
1966	10	84
1966	11	76
1966	12	63
1967	1	0
1967	2	111
1967	3	64
1967	4	10
1967	5	3
1967	6	510
1967	7	400
1967	8	1159
1967	9	577
1967	10	0
1967	11	107
1967	12	234
1968	1	180
1968	2	294
1968	3	278
1968	4	46
1968	5	76
1968	6	159
1968	7	812
1968	8	601
1968	9	155
1968	10	262
1968	11	254
1968	12	208
1969	1	69
1969	2	196
1969	3	170
1969	4	79
1969	5	343
1969	6	46
1969	7	857
1969	8	795
1969	9	551
1969	10	316
1969	11	13
1969	12	255
1970	1	0
1970	2	48
1970	3	120
1970	4	31
1970	5	30
1970	6	198
1970	7	521
1970	8	345
1970	9	46
1970	10	404
1970	11	31
1970	12	191
1971	1	30
1971	2	74
1971	3	0
1971	4	115
1971	5	0
1971	6	86
1971	7	724
1971	8	687
1971	9	450
1971	10	562
1971	11	513
1971	12	435
1972	1	193
1972	2	89
1972	3	8
1972	4	0
1972	5	139
1972	6	259
1972	7	579
1972	8	1201
1972	9	728
1972	10	934
1972	11	332
1972	12	311
1973	1	180
1973	2	116
1973	3	446
1973	4	0
1973	5	315
1973	6	175
1973	7	796
1973	8	241
1973	9	109
1973	10	0
1973	11	28
1973	12	0
1974	1	153
1974	2	107
1974	3	147
1974	4	0
1974	5	35
1974	6	48
1974	7	518
1974	8	816
1974	9	485
1974	10	1058
1974	11	102
1974	12	289
1975	1	129
1975	2	308
1975	3	295
1975	4	18
1975	5	0
1975	6	28
1975	7	708
1975	8	643
1975	9	374
1975	10	0
1975	11	322
1975	12	63
1976	1	0
1976	2	154
1976	3	25
1976	4	181
1976	5	504
1976	6	203
1976	7	527
1976	8	321
1976	9	828
1976	10	10
1976	11	51
1976	12	0
1977	1	268
1977	2	181
1977	3	49
1977	4	373
1977	5	120
1977	6	23
1977	7	347
1977	8	1230
1977	9	294
1977	10	31
1977	11	102
1977	12	51
1978	1	714
1978	2	259
1978	3	191
1978	4	13
1978	5	298
1978	6	107
1978	7	102
1978	8	0
1978	9	188
1978	10	559
1978	11	783
1978	12	375
1979	1	454
1979	2	214
1979	3	28
1979	4	18
1979	5	359
1979	6	260
1979	7	726
1979	8	718
1979	9	375
1979	10	119
1979	11	53
1979	12	226
1980	1	171
1980	2	138
1980	3	96
1980	4	158
1980	5	94
1980	6	152
1980	7	236
1980	8	805
1980	9	812
1980	10	13
1980	11	23
1980	12	173
1981	1	33
1981	2	66
1981	3	341
1981	4	48
1981	5	158
1981	6	214
1981	7	505
1981	8	946
1981	9	185
1981	10	188
1981	11	145
1981	12	25
1982	1	463
1982	2	28
1982	3	56
1982	4	0
1982	5	115
1982	6	36
1982	7	434
1982	8	319
1982	9	554
1982	10	96
1982	11	86
1982	12	145
1983	1	234
1983	2	151
1983	3	343
1983	4	92
1983	5	137
1983	6	89
1983	7	472
1983	8	121
1983	9	162
1983	10	455
1983	11	484
1983	12	81
1984	1	48
1984	2	8
1984	3	5
1984	4	71
1984	5	239
1984	6	542
1984	7	248
1984	8	819
1984	9	127
1984	10	658
1984	11	313
1984	12	457
1985	1	468
1985	2	112
1985	3	257
1985	4	236
1985	5	36
1985	6	43
1985	7	321
1985	8	214
1985	9	542
1985	10	1230
1985	11	122
1985	12	33
1986	1	41
1986	2	308
1986	3	312
1986	4	38
1986	5	246
1986	6	637
1986	7	592
1986	8	629
1986	9	505
1986	10	1039
1986	11	465
1986	12	243
1987	1	53
1987	2	206
1987	3	20
1987	4	134
1987	5	341
1987	6	308
1987	7	134
1987	8	967
1987	9	160
1987	10	119
1987	11	210
1987	12	165
1988	1	59
1988	2	53
1988	3	38
1988	4	205
1988	5	142
1988	6	286
1988	7	350
1988	8	988
1988	9	480
1988	10	0
1988	11	0
1988	12	152
1989	1	147
1989	2	188
1989	3	74
1989	4	0
1989	5	181
1989	6	152
1989	7	920
1989	8	855
1989	9	221
1989	10	0
1989	11	0
1989	12	40
1990	1	34
1990	2	384
1990	3	297
1990	4	227
1990	5	199
1990	6	49
1990	7	741
1990	8	429
1990	9	827
1990	10	185
1990	11	366
1990	12	467
1991	1	158
1991	2	244
1991	3	78
1991	4	0
1991	5	13
1991	6	67
1991	7	1608
1991	8	547
1991	9	317
1991	10	152
1991	11	277
1991	12	665
1992	1	381
1992	2	76
1992	3	314
1992	4	519
1992	5	877
1992	6	204
1992	7	280
1992	8	777
1992	9	135
1992	10	252
1992	11	76
1992	12	262
1993	1	366
1993	2	243
1993	3	65
1993	4	0
1993	5	79
1993	6	404
1993	7	895
1993	8	868
1993	9	73
1993	10	360
1993	11	186
1993	12	171
1994	1	135
1994	2	53
1994	3	205
1994	4	13
1994	5	412
1994	6	330
1994	7	472
1994	8	417
1994	9	295
1994	10	185
1994	11	445
1994	12	757
1995	1	208
1995	2	13
1995	3	127
1995	4	84
1995	5	0
1995	6	272
1995	7	228
1995	8	209
1995	9	604
1995	10	0
1995	11	64
1995	12	66
1996	1	155
1996	2	153
1996	3	38
1996	4	10
1996	5	0
1996	6	581
1996	7	553
1996	8	492
1996	9	1270
1996	10	310
1996	11	94
1996	12	0
1997	1	297
1997	2	277
1997	3	33
1997	4	503
1997	5	432
1997	6	411
1997	7	875
1997	8	386
1997	9	493
1997	10	129
1997	11	206
1997	12	481
1998	1	30
1998	2	183
1998	3	572
1998	4	8
1998	5	0
1998	6	20
1998	7	1027
1998	8	496
1998	9	53
1998	10	919
1998	11	170
1998	12	172
1999	1	36
1999	2	0
1999	3	337
1999	4	143
1999	5	30
1999	6	465
1999	7	582
1999	8	963
1999	9	662
1999	10	84
1999	11	0
1999	12	76
2000	1	0
2000	2	0
2000	3	325
2000	4	46
2000	5	0
2000	6	800
2000	7	97
2000	8	515
2000	9	84
2000	10	890
2000	11	249
2000	12	322
2001	1	348
2001	2	630
2001	3	239
2001	4	71
2001	5	137
2001	6	58
2001	7	84
2001	8	498
2001	9	218
2001	10	38
2001	11	134
2001	12	163
2002	1	289
2002	2	127
2002	3	30
2002	4	68
2002	5	0
2002	6	163
2002	7	993
2002	8	376
2002	9	600
2002	10	383
2002	11	122
2002	12	605
2003	1	56
2003	2	263
2003	3	145
2003	4	56
2003	5	51
2003	6	288
2003	7	223
2003	8	391
2003	9	99
2003	10	373
2003	11	102
2003	12	0
2004	1	58
2004	2	272
2004	3	81
2004	4	262
2004	5	81
2004	6	160
2004	7	191
2004	8	969
2004	9	374
2004	10	431
2004	11	183
2004	12	318
2005	1	490
2005	2	538
2005	3	175
2005	4	254
2005	5	348
2005	6	0
2005	7	620
2005	8	356
2005	9	496
2005	10	383
2005	11	0
2005	12	0
2006	1	0
2006	2	25
2006	3	91
2006	4	30
2006	5	33
2006	6	622
2006	7	722
2006	8	1212
2006	9	529
2006	10	888
2006	11	33
2006	12	216
2007	1	193
2007	2	325
2007	3	162
2007	4	161
2007	5	626
2007	6	71
2007	7	322
2007	8	266
2007	9	366
2007	10	0
2007	11	0
2007	12	124
2008	1	78
2008	2	38
2008	3	0
2008	4	0
2008	5	137
2008	6	114
2008	7	1351
2008	8	592
2008	9	516
2008	10	310
2008	11	26
2008	12	89
2009	1	20
2009	2	0
2009	3	59
2009	4	33
2009	5	257
2009	6	356
2009	7	574
2009	8	104
2009	9	246
2009	10	409
2009	11	107
2009	12	321
2010	1	200
2010	2	224
2010	3	157
2010	4	404
2010	5	20
2010	6	148
2010	7	1122
2010	8	277
2010	9	92
2010	10	505
2010	11	15
2010	12	101
2011	1	2
2011	2	73
2011	3	0
2011	4	0
2011	5	0
2011	6	0
2011	7	442
2011	8	449
2011	9	188
2011	10	312
2011	11	74
2011	12	248
2012	1	57
2012	2	76
2012	3	53
2012	4	62
2012	5	138
2012	6	52
2012	7	511
2012	8	378
2012	9	271
2012	10	75
2012	11	36
2012	12	142
2013	1	78
2013	2	72
2013	3	44
2013	4	3
2013	5	46
2013	6	45
2013	7	731
2013	8	513
2013	9	765
2013	10	77
2013	11	102
2013	12	95
2014	1	0
2014	2	62
2014	3	156
2014	4	63
2014	5	218
2014	6	10
2014	7	933
2014	8	536
2014	9	786
2014	10	150
2014	11	162
2014	12	122
2015	1	309
2015	2	80
2015	3	178
2015	4	129
2015	5	520
2015	6	387
2015	7	696
2015	8	455
2015	9	155
2015	10	626
