1893	1	30
1893	2	199
1893	3	236
1893	4	54
1893	5	339
1893	6	645
1893	7	331
1893	8	252
1893	9	49
1893	10	56
1893	11	43
1893	12	137
1894	1	138
1894	2	140
1894	3	210
1894	4	224
1894	5	72
1894	6	731
1894	7	346
1894	8	182
1894	9	64
1894	10	64
1894	11	13
1894	12	15
1895	1	178
1895	2	216
1895	3	51
1895	4	371
1895	5	408
1895	6	991
1895	7	328
1895	8	51
1895	9	242
1895	10	47
1895	11	111
1895	12	60
1896	1	51
1896	2	127
1896	3	711
1896	4	440
1896	5	747
1896	6	835
1896	7	764
1896	8	244
1896	9	335
1896	10	152
1896	11	127
1896	12	0
1897	1	38
1897	2	101
1897	3	572
1897	4	534
1897	5	858
1897	6	361
1897	7	547
1897	8	917
1897	9	0
1897	10	381
1897	11	50
1897	12	152
1898	1	102
1898	2	25
1898	3	25
1898	4	25
1898	5	902
1898	6	0
1898	7	407
1898	8	0
1898	9	572
1898	10	25
1898	11	178
1898	12	126
1899	1	381
1899	2	178
1899	3	203
1899	4	279
1899	5	317
1899	6	357
1899	7	675
1899	8	140
1899	9	0
1899	10	0
1899	11	0
1899	12	81
1900	1	0
1900	2	228
1900	3	0
1900	4	1544
1900	5	602
1900	6	457
1900	7	762
1900	8	389
1900	9	0
1900	10	0
1900	11	25
1900	12	76
1901	1	0
1901	2	203
1901	3	711
1901	4	127
1901	5	127
1901	6	687
1901	7	191
1901	8	762
1901	9	318
1901	10	64
1901	11	0
1901	12	279
1902	1	127
1902	2	76
1902	3	335
1902	4	191
1902	5	305
1902	6	959
1902	7	602
1902	8	323
1902	9	622
1902	10	259
1902	11	22
1902	12	431
1903	1	0
1903	2	458
1903	3	132
1903	4	246
1903	5	0
1903	6	213
1903	7	737
1903	8	711
1903	9	140
1903	10	0
1903	11	0
1903	12	21
1904	1	0
1904	2	51
1904	3	0
1904	4	267
1904	5	355
1904	6	508
1904	7	881
1904	8	572
1904	9	635
1904	10	470
1904	11	0
1904	12	39
1905	1	153
1905	2	76
1905	3	369
1905	4	921
1905	5	1194
1905	6	508
1905	7	2051
1905	8	483
1905	9	623
1905	10	313
1905	11	74
1905	12	1
1906	1	31
1906	2	65
1906	3	456
1906	4	1194
1906	5	617
1906	6	419
1906	7	305
1906	8	649
1906	9	534
1906	10	528
1906	11	228
1906	12	76
1907	1	124
1907	2	38
1907	3	202
1907	4	56
1907	5	566
1907	6	762
1907	7	534
1907	8	584
1907	9	292
1907	10	0
1907	11	127
1907	12	165
1908	1	30
1908	2	0
1908	3	25
1908	4	318
1908	5	1461
1908	6	1117
1908	7	925
1908	8	697
1908	9	25
1908	10	619
1908	11	360
1908	12	68
1909	1	38
1909	2	343
1909	3	313
1909	4	249
1909	5	764
1909	6	1892
1909	7	502
1909	8	518
1909	9	588
1909	10	80
1909	11	268
1909	12	270
1910	1	46
1910	2	45
1910	3	110
1910	4	206
1910	5	512
1910	6	438
1910	7	285
1910	8	358
1910	9	518
1910	10	0
1910	11	13
1910	12	64
1911	1	140
1911	2	0
1911	3	0
1911	4	501
1911	5	332
1911	6	515
1911	7	171
1911	8	288
1911	9	66
1911	10	511
1911	11	51
1911	12	153
1912	1	229
1912	2	419
1912	3	736
1912	4	386
1912	5	635
1912	6	266
1912	7	774
1912	8	720
1912	9	603
1912	10	361
1912	11	81
1912	12	76
1913	1	25
1913	2	317
1913	3	355
1913	4	731
1913	5	315
1913	6	264
1913	7	435
1913	8	234
1913	9	980
1913	10	188
1913	11	18
1913	12	581
1914	1	0
1914	2	102
1914	3	8
1914	4	1509
1914	5	1056
1914	6	770
1914	7	277
1914	8	779
1914	9	203
1914	10	487
1914	11	0
1914	12	114
1915	1	254
1915	2	165
1915	3	388
1915	4	1759
1915	5	1601
1915	6	868
1915	7	474
1915	8	515
1915	9	582
1915	10	396
1915	11	51
1915	12	152
1916	1	76
1916	2	127
1916	3	25
1916	4	347
1916	5	496
1916	6	328
1916	7	447
1916	8	575
1916	9	398
1916	10	215
1916	11	246
1916	12	101
1917	1	178
1917	2	76
1917	3	305
1917	4	498
1917	5	996
1917	6	620
1917	7	324
1917	8	395
1917	9	304
1917	10	163
1917	11	20
1917	12	64
1918	1	122
1918	2	72
1918	3	201
1918	4	853
1918	5	543
1918	6	128
1918	7	1200
1918	8	1077
1918	9	488
1918	10	182
1918	11	0
1918	12	340
1919	1	76
1919	2	380
1919	3	64
1919	4	439
1919	5	690
1919	6	994
1919	7	486
1919	8	308
1919	9	493
1919	10	360
1919	11	390
1919	12	135
1920	1	51
1920	2	51
1920	3	150
1920	4	1473
1920	5	427
1920	6	710
1920	7	473
1920	8	780
1920	9	293
1920	10	211
1920	11	0
1920	12	152
1921	1	409
1921	2	102
1921	3	165
1921	4	540
1921	5	622
1921	6	550
1921	7	660
1921	8	568
1921	9	135
1921	10	487
1921	11	122
1921	12	203
1922	1	127
1922	2	127
1922	3	25
1922	4	811
1922	5	401
1922	6	568
1922	7	950
1922	8	392
1922	9	86
1922	10	94
1922	11	490
1922	12	51
1923	1	0
1923	2	51
1923	3	330
1923	4	673
1923	5	1629
1923	6	1109
1923	7	350
1923	8	1143
1923	9	221
1923	10	721
1923	11	129
1923	12	114
1924	1	76
1924	2	236
1924	3	407
1924	4	183
1924	5	701
1924	6	81
1924	7	313
1924	8	221
1924	9	741
1924	10	381
1924	11	148
1924	12	407
1925	1	0
1925	2	0
1925	3	110
1925	4	293
1925	5	477
1925	6	895
1925	7	548
1925	8	732
1925	9	213
1925	10	559
1925	11	160
1925	12	407
1926	1	117
1926	2	89
1926	3	305
1926	4	444
1926	5	821
1926	6	357
1926	7	732
1926	8	858
1926	9	567
1926	10	201
1926	11	360
1926	12	76
1927	1	50
1927	2	305
1927	3	584
1927	4	846
1927	5	277
1927	6	812
1927	7	274
1927	8	902
1927	9	223
1927	10	236
1927	11	51
1927	12	50
1928	1	89
1928	2	198
1928	3	117
1928	4	117
1928	5	582
1928	6	1561
1928	7	1042
1928	8	402
1928	9	66
1928	10	349
1928	11	287
1928	12	0
1929	1	76
1929	2	279
1929	3	145
1929	4	799
1929	5	299
1929	6	324
1929	7	1086
1929	8	333
1929	9	744
1929	10	406
1929	11	322
1929	12	0
1930	1	89
1930	2	147
1930	3	50
1930	4	620
1930	5	1419
1930	6	455
1930	7	612
1930	8	1199
1930	9	347
1930	10	317
1930	11	178
1930	12	64
1931	1	0
1931	2	188
1931	3	270
1931	4	397
1931	5	218
1931	6	762
1931	7	283
1931	8	153
1931	9	323
1931	10	101
1931	11	116
1931	12	152
1932	1	30
1932	2	114
1932	3	164
1932	4	645
1932	5	314
1932	6	633
1932	7	687
1932	8	435
1932	9	10
1932	10	468
1932	11	0
1932	12	101
1933	1	20
1933	2	20
1933	3	139
1933	4	874
1933	5	868
1933	6	245
1933	7	641
1933	8	1112
1933	9	302
1933	10	0
1933	11	13
1933	12	237
1934	1	72
1934	2	96
1934	3	64
1934	4	152
1934	5	435
1934	6	879
1934	7	388
1934	8	536
1934	9	106
1934	10	0
1934	11	43
1934	12	5
1935	1	20
1935	2	51
1935	3	129
1935	4	1131
1935	5	1176
1935	6	501
1935	7	239
1935	8	0
1935	9	259
1935	10	0
1935	11	152
1935	12	25
1936	1	38
1936	2	35
1936	3	183
1936	4	477
1936	5	765
1936	6	492
1936	7	427
1936	8	693
1936	9	99
1936	10	96
1936	11	87
1936	12	93
1937	1	51
1937	2	0
1937	3	277
1937	4	66
1937	5	313
1937	6	648
1937	7	451
1937	8	206
1937	9	187
1937	10	96
1937	11	0
1937	12	289
1938	1	97
1938	2	61
1938	3	286
1938	4	1093
1938	5	1005
1938	6	702
1938	7	807
1938	8	490
1938	9	513
1938	10	0
1938	11	76
1938	12	152
1939	1	318
1939	2	102
1939	3	331
1939	4	137
1939	5	760
1939	6	499
1939	7	201
1939	8	107
1939	9	188
1939	10	199
1939	11	0
1939	12	132
1940	1	281
1940	2	224
1940	3	356
1940	4	304
1940	5	243
1940	6	452
1940	7	409
1940	8	280
1940	9	218
1940	10	176
1940	11	0
1940	12	203
1941	1	51
1941	2	72
1941	3	368
1941	4	802
1941	5	455
1941	6	1153
1941	7	645
1941	8	702
1941	9	696
1941	10	492
1941	11	41
1941	12	325
1942	1	46
1942	2	314
1942	3	254
1942	4	1019
1942	5	1137
1942	6	904
1942	7	316
1942	8	328
1942	9	1519
1942	10	574
1942	11	163
1942	12	183
1943	1	0
1943	2	142
1943	3	233
1943	4	546
1943	5	668
1943	6	521
1943	7	614
1943	8	374
1943	9	46
1943	10	241
1943	11	25
1943	12	102
1944	1	203
1944	2	216
1944	3	455
1944	4	536
1944	5	649
1944	6	258
1944	7	1471
1944	8	214
1944	9	152
1944	10	71
1944	11	414
1944	12	82
1945	1	190
1945	2	151
1945	3	229
1945	4	641
1945	5	1347
1945	6	845
1945	7	998
1945	8	1273
1945	9	535
1945	10	28
1945	11	67
1945	12	89
1946	1	20
1946	2	15
1946	3	490
1946	4	500
1946	5	915
1946	6	538
1946	7	243
1946	8	331
1946	9	300
1946	10	448
1946	11	495
1946	12	38
1947	1	84
1947	2	20
1947	3	170
1947	4	633
1947	5	793
1947	6	2461
1947	7	583
1947	8	231
1947	9	493
1947	10	226
1947	11	328
1947	12	122
1948	1	60
1948	2	102
1948	3	251
1948	4	10
1948	5	199
1948	6	1048
1948	7	861
1948	8	553
1948	9	340
1948	10	145
1948	11	285
1948	12	153
1949	1	343
1949	2	0
1949	3	401
1949	4	269
1949	5	1684
1949	6	1288
1949	7	749
1949	8	462
1949	9	315
1949	10	270
1949	11	0
1949	12	13
1950	1	77
1950	2	54
1950	3	153
1950	4	175
1950	5	610
1950	6	346
1950	7	737
1950	8	1406
1950	9	836
1950	10	64
1950	11	144
1950	12	84
1951	1	23
1951	2	18
1951	3	23
1951	4	518
1951	5	423
1951	6	1646
1951	7	436
1951	8	601
1951	9	1481
1951	10	366
1951	11	13
1951	12	236
1952	1	26
1952	2	250
1952	3	340
1952	4	552
1952	5	1372
1952	6	478
1952	7	191
1952	8	384
1952	9	384
1952	10	109
1952	11	457
1952	12	178
1953	1	45
1953	2	101
1953	3	124
1953	4	900
1953	5	188
1953	6	737
1953	7	650
1953	8	1239
1953	9	0
1953	10	435
1953	11	202
1953	12	107
1954	1	0
1954	2	0
1954	3	336
1954	4	214
1954	5	792
1954	6	515
1954	7	477
1954	8	834
1954	9	79
1954	10	235
1954	11	89
1954	12	0
1955	1	107
1955	2	127
1955	3	184
1955	4	523
1955	5	1070
1955	6	1046
1955	7	170
1955	8	1003
1955	9	463
1955	10	102
1955	11	208
1955	12	56
1956	1	38
1956	2	43
1956	3	25
1956	4	287
1956	5	475
1956	6	1186
1956	7	714
1956	8	270
1956	9	31
1956	10	20
1956	11	129
1956	12	104
1957	1	36
1957	2	0
1957	3	285
1957	4	712
1957	5	1176
1957	6	472
1957	7	635
1957	8	213
1957	9	55
1957	10	404
1957	11	69
1957	12	38
1958	1	13
1958	2	177
1958	3	278
1958	4	850
1958	5	881
1958	6	925
1958	7	1819
1958	8	1038
1958	9	825
1958	10	142
1958	11	73
1958	12	257
1959	1	114
1959	2	23
1959	3	660
1959	4	173
1959	5	1219
1959	6	308
1959	7	215
1959	8	313
1959	9	469
1959	10	420
1959	11	0
1959	12	18
1960	1	195
1960	2	233
1960	3	249
1960	4	432
1960	5	1105
1960	6	950
1960	7	119
1960	8	78
1960	9	206
1960	10	219
1960	11	124
1960	12	175
1961	1	0
1961	2	89
1961	3	477
1961	4	592
1961	5	1543
1961	6	406
1961	7	1005
1961	8	120
1961	9	594
1961	10	74
1961	11	123
1961	12	59
1962	1	54
1962	2	130
1962	3	88
1962	4	142
1962	5	1087
1962	6	1457
1962	7	856
1962	8	684
1962	9	0
1962	10	429
1962	11	53
1962	12	71
1963	1	343
1963	2	54
1963	3	388
1963	4	197
1963	5	563
1963	6	756
1963	7	372
1963	8	680
1963	9	540
1963	10	523
1963	11	41
1963	12	46
1964	1	0
1964	2	112
1964	3	243
1964	4	709
1964	5	150
1964	6	785
1964	7	666
1964	8	66
1964	9	59
1964	10	84
1964	11	8
1964	12	51
1965	1	104
1965	2	137
1965	3	60
1965	4	171
1965	5	782
1965	6	1816
1965	7	901
1965	8	424
1965	9	718
1965	10	531
1965	11	66
1965	12	180
1966	1	150
1966	2	89
1966	3	175
1966	4	587
1966	5	18
1966	6	987
1966	7	709
1966	8	657
1966	9	678
1966	10	167
1966	11	86
1966	12	33
1967	1	44
1967	2	0
1967	3	94
1967	4	333
1967	5	962
1967	6	1097
1967	7	1083
1967	8	164
1967	9	74
1967	10	84
1967	11	86
1967	12	259
1968	1	0
1968	2	77
1968	3	74
1968	4	419
1968	5	1011
1968	6	360
1968	7	288
1968	8	2524
1968	9	13
1968	10	129
1968	11	25
1968	12	142
1969	1	46
1969	2	74
1969	3	84
1969	4	132
1969	5	1430
1969	6	1097
1969	7	946
1969	8	101
1969	9	13
1969	10	793
1969	11	173
1969	12	38
1970	1	110
1970	2	0
1970	3	294
1970	4	725
1970	5	399
1970	6	1580
1970	7	513
1970	8	5
1970	9	96
1970	10	155
1970	11	112
1970	12	92
1971	1	120
1971	2	218
1971	3	450
1971	4	571
1971	5	1084
1971	6	689
1971	7	584
1971	8	282
1971	9	437
1971	10	127
1971	11	43
1971	12	61
1972	1	61
1972	2	10
1972	3	28
1972	4	427
1972	5	272
1972	6	956
1972	7	1442
1972	8	313
1972	9	465
1972	10	143
1972	11	572
1972	12	87
1973	1	312
1973	2	54
1973	3	724
1973	4	922
1973	5	508
1973	6	259
1973	7	498
1973	8	117
1973	9	1203
1973	10	259
1973	11	260
1973	12	297
1974	1	66
1974	2	196
1974	3	247
1974	4	447
1974	5	228
1974	6	605
1974	7	327
1974	8	651
1974	9	99
1974	10	0
1974	11	66
1974	12	43
1975	1	63
1975	2	97
1975	3	436
1975	4	403
1975	5	1475
1975	6	588
1975	7	543
1975	8	295
1975	9	114
1975	10	114
1975	11	388
1975	12	173
1976	1	269
1976	2	142
1976	3	71
1976	4	652
1976	5	789
1976	6	308
1976	7	682
1976	8	663
1976	9	28
1976	10	153
1976	11	36
1976	12	0
1977	1	77
1977	2	26
1977	3	749
1977	4	1151
1977	5	684
1977	6	417
1977	7	147
1977	8	803
1977	9	69
1977	10	120
1977	11	201
1977	12	18
1978	1	144
1978	2	244
1978	3	51
1978	4	402
1978	5	1046
1978	6	401
1978	7	718
1978	8	253
1978	9	232
1978	10	132
1978	11	107
1978	12	287
1979	1	170
1979	2	18
1979	3	798
1979	4	461
1979	5	654
1979	6	936
1979	7	712
1979	8	745
1979	9	188
1979	10	474
1979	11	490
1979	12	38
1980	1	169
1980	2	94
1980	3	536
1980	4	373
1980	5	743
1980	6	782
1980	7	361
1980	8	498
1980	9	49
1980	10	124
1980	11	30
1980	12	0
1981	1	87
1981	2	81
1981	3	871
1981	4	622
1981	5	1458
1981	6	394
1981	7	1198
1981	8	901
1981	9	150
1981	10	295
1981	11	122
1981	12	0
1982	1	51
1982	2	46
1982	3	238
1982	4	99
1982	5	1084
1982	6	1324
1982	7	1134
1982	8	262
1982	9	191
1982	10	124
1982	11	390
1982	12	385
1983	1	0
1983	2	8
1983	3	965
1983	4	633
1983	5	630
1983	6	941
1983	7	379
1983	8	919
1983	9	46
1983	10	140
1983	11	675
1983	12	81
1984	1	134
1984	2	310
1984	3	170
1984	4	1057
1984	5	429
1984	6	556
1984	7	315
1984	8	224
1984	9	114
1984	10	376
1984	11	13
1984	12	276
1985	1	84
1985	2	15
1985	3	0
1985	4	549
1985	5	685
1985	6	419
1985	7	927
1985	8	582
1985	9	670
1985	10	68
1985	11	231
1985	12	349
1986	1	0
1986	2	267
1986	3	163
1986	4	971
1986	5	628
1986	6	1047
1986	7	514
1986	8	345
1986	9	749
1986	10	290
1986	11	92
1986	12	86
1987	1	25
1987	2	542
1987	3	407
1987	4	122
1987	5	1589
1987	6	993
1987	7	657
1987	8	470
1987	9	272
1987	10	76
1987	11	230
1987	12	267
1988	1	274
1988	2	0
1988	3	581
1988	4	118
1988	5	2128
1988	6	363
1988	7	904
1988	8	419
1988	9	399
1988	10	0
1988	11	33
1988	12	56
1989	1	71
1989	2	229
1989	3	141
1989	4	123
1989	5	1003
1989	6	100
1989	7	663
1989	8	801
1989	9	719
1989	10	81
1989	11	20
1989	12	91
1990	1	234
1990	2	39
1990	3	411
1990	4	225
1990	5	944
1990	6	183
1990	7	555
1990	8	261
1990	9	282
1990	10	287
1990	11	205
1990	12	5
1991	1	28
1991	2	77
1991	3	262
1991	4	78
1991	5	881
1991	6	1162
1991	7	323
1991	8	509
1991	9	532
1991	10	175
1991	11	259
1991	12	0
1992	1	165
1992	2	185
1992	3	489
1992	4	107
1992	5	284
1992	6	1792
1992	7	1143
1992	8	1133
1992	9	58
1992	10	112
1992	11	101
1992	12	66
1993	1	96
1993	2	198
1993	3	325
1993	4	414
1993	5	439
1993	6	688
1993	7	455
1993	8	854
1993	9	494
1993	10	165
1993	11	303
1993	12	81
1994	1	74
1994	2	158
1994	3	48
1994	4	209
1994	5	56
1994	6	638
1994	7	775
1994	8	117
1994	9	264
1994	10	1388
1994	11	183
1994	12	209
1995	1	31
1995	2	64
1995	3	153
1995	4	610
1995	5	1368
1995	6	1480
1995	7	389
1995	8	421
1995	9	231
1995	10	216
1995	11	74
1995	12	10
1996	1	110
1996	2	0
1996	3	165
1996	4	269
1996	5	765
1996	6	618
1996	7	369
1996	8	1077
1996	9	1332
1996	10	59
1996	11	94
1996	12	0
1997	1	39
1997	2	76
1997	3	69
1997	4	146
1997	5	782
1997	6	1066
1997	7	355
1997	8	547
1997	9	252
1997	10	464
1997	11	5
1997	12	95
1998	1	23
1998	2	109
1998	3	84
1998	4	191
1998	5	616
1998	6	1145
1998	7	1120
1998	8	677
1998	9	281
1998	10	1137
1998	11	333
1998	12	95
1999	1	20
1999	2	23
1999	3	88
1999	4	999
1999	5	578
1999	6	901
1999	7	679
1999	8	851
1999	9	373
1999	10	20
1999	11	30
1999	12	26
2000	1	84
2000	2	107
2000	3	640
2000	4	1016
2000	5	691
2000	6	282
2000	7	451
2000	8	118
2000	9	458
2000	10	305
2000	11	136
2000	12	33
2001	1	135
2001	2	112
2001	3	188
2001	4	457
2001	5	553
2001	6	288
2001	7	786
2001	8	628
2001	9	873
2001	10	193
2001	11	309
2001	12	0
2002	1	30
2002	2	28
2002	3	183
2002	4	299
2002	5	239
2002	6	311
2002	7	474
2002	8	975
2002	9	61
2002	10	623
2002	11	61
2002	12	0
2003	1	28
2003	2	85
2003	3	477
2003	4	538
2003	5	559
2003	6	754
2003	7	572
2003	8	152
2003	9	263
2003	10	74
2003	11	83
2003	12	84
2004	1	30
2004	2	197
2004	3	160
2004	4	595
2004	5	602
2004	6	655
2004	7	605
2004	8	625
2004	9	630
2004	10	387
2004	11	198
2004	12	20
2005	1	74
2005	2	46
2005	3	217
2005	4	660
2005	5	427
2005	6	1587
2005	7	611
2005	8	607
2005	9	71
2005	10	683
2005	11	61
2005	12	15
2006	1	104
2006	2	86
2006	3	310
2006	4	196
2006	5	313
2006	6	714
2006	7	219
2006	8	803
2006	9	338
2006	10	241
2006	11	13
2006	12	310
2007	1	143
2007	2	69
2007	3	434
2007	4	650
2007	5	1036
2007	6	474
2007	7	704
2007	8	396
2007	9	144
2007	10	120
2007	11	10
2007	12	246
2008	1	0
2008	2	28
2008	3	170
2008	4	500
2008	5	876
2008	6	451
2008	7	1187
2008	8	580
2008	9	551
2008	10	322
2008	11	69
2008	12	68
2009	1	74
2009	2	0
2009	3	120
2009	4	744
2009	5	576
2009	6	1581
2009	7	838
2009	8	840
2009	9	396
2009	10	667
2009	11	53
2009	12	105
2010	1	0
2010	2	170
2010	3	307
2010	4	640
2010	5	810
2010	6	972
2010	7	837
2010	8	567
2010	9	94
2010	10	174
2010	11	108
2010	12	62
2011	1	110
2011	2	116
2011	3	283
2011	4	588
2011	5	1238
2011	6	1071
2011	7	981
2011	8	850
2011	9	229
2011	10	329
2011	11	88
2011	12	47
2012	1	7
2012	2	121
2012	3	27
2012	4	315
2012	5	152
2012	6	207
2012	7	404
2012	8	42
2012	9	87
2012	10	163
2012	11	32
2012	12	68
2013	1	44
2013	2	153
2013	3	123
2013	4	478
2013	5	779
2013	6	342
2013	7	589
2013	8	429
2013	9	543
2013	10	351
2013	11	105
2013	12	110
2014	1	71
2014	2	201
2014	3	211
2014	4	170
2014	5	947
2014	6	1087
2014	7	188
2014	8	732
2014	9	615
2014	10	141
2014	11	96
2014	12	301
2015	1	100
2015	2	139
2015	3	50
2015	4	968
2015	5	2205
2015	6	603
2015	7	956
2015	8	327
2015	9	213
2015	10	321
