1893	1	377
1893	2	406
1893	5	65
1893	6	0
1893	9	135
1893	10	3
1893	11	167
1893	12	494
1894	1	101
1894	2	332
1894	3	141
1894	4	38
1894	5	85
1894	6	0
1894	7	178
1894	8	413
1894	9	64
1894	10	72
1894	12	1045
1895	1	1650
1895	2	317
1895	3	193
1895	4	14
1895	5	201
1895	6	60
1895	7	75
1896	1	154
1896	3	434
1896	4	218
1896	5	153
1897	3	479
1897	4	35
1897	5	101
1897	6	8
1897	7	130
1897	8	116
1897	9	546
1897	10	266
1897	11	6
1897	12	205
1898	1	605
1898	2	125
1898	3	201
1898	4	300
1898	5	510
1898	6	124
1898	7	278
1898	8	616
1898	9	0
1898	10	0
1898	11	89
1898	12	140
1899	1	213
1899	2	123
1899	3	91
1899	4	39
1899	5	9
1899	6	204
1899	7	292
1899	8	487
1899	9	26
1899	10	314
1899	11	114
1899	12	114
1900	1	78
1900	2	33
1900	3	89
1900	4	1012
1900	5	147
1900	6	12
1900	7	77
1900	8	300
1900	9	111
1900	10	306
1900	11	277
1900	12	0
1901	1	243
1901	2	1080
1901	3	104
1901	4	47
1901	5	208
1901	6	11
1901	7	241
1901	8	425
1901	9	0
1901	10	195
1901	11	118
1901	12	0
1902	1	285
1902	2	233
1902	3	338
1902	4	69
1902	5	85
1902	6	0
1902	7	123
1902	8	516
1902	9	137
1902	10	13
1902	11	520
1902	12	208
1903	1	221
1903	2	328
1903	3	345
1903	4	231
1903	5	157
1903	6	231
1903	7	414
1903	8	360
1903	9	46
1903	10	5
1903	11	0
1903	12	0
1904	1	152
1904	2	152
1904	3	254
1904	4	0
1904	5	0
1904	6	0
1904	7	1524
1904	8	1788
1904	9	44
1904	10	0
1904	11	0
1904	12	152
1905	1	380
1905	2	1102
1905	3	511
1905	4	660
1905	5	419
1905	6	0
1905	7	318
1905	8	592
1905	9	1002
1905	10	78
1905	11	1768
1905	12	434
1906	1	195
1906	2	86
1906	3	218
1906	4	261
1906	5	51
1906	6	0
1906	7	177
1906	8	1295
1906	9	523
1906	10	51
1906	11	889
1906	12	1908
1907	1	838
1907	2	513
1907	3	603
1907	4	147
1907	5	517
1907	6	50
1907	7	1047
1907	8	1599
1907	9	1215
1907	10	2152
1907	11	401
1907	12	248
1908	1	305
1908	2	713
1908	3	368
1908	4	284
1908	5	482
1908	6	13
1908	7	897
1908	8	838
1908	9	117
1908	10	262
1908	11	120
1908	12	1323
1909	1	719
1909	2	663
1909	3	610
1909	4	97
1909	5	137
1909	6	5
1909	7	866
1909	8	1996
1909	9	272
1909	10	0
1909	11	269
1909	12	991
1910	1	378
1910	2	267
1910	3	495
1910	4	0
1910	5	0
1910	6	122
1910	7	775
1910	8	973
1910	9	246
1910	10	15
1910	11	330
1910	12	376
1911	1	584
1911	2	526
1911	3	551
1911	4	46
1911	5	36
1911	6	89
1911	7	1450
1911	8	542
1911	9	825
1911	10	419
1911	11	0
1911	12	254
1912	1	51
1912	2	64
1912	3	483
1912	4	329
1912	5	0
1912	6	10
1912	7	567
1912	8	0
1912	9	0
1912	10	737
1912	11	0
1912	12	18
1913	1	267
1913	2	914
1913	3	229
1913	4	3
1913	5	0
1913	6	0
1913	7	979
1913	8	248
1913	9	127
1913	10	0
1913	11	687
1913	12	399
1914	1	952
1914	2	76
1914	3	0
1914	4	101
1914	5	167
1914	6	61
1914	7	368
1914	8	366
1914	9	315
1914	10	252
1914	11	0
1914	12	361
1915	1	384
1915	2	460
1915	3	96
1915	4	569
1915	5	429
1915	6	33
1915	7	463
1915	8	58
1915	9	225
1915	10	51
1915	11	257
1915	12	498
1916	1	1107
1916	2	187
1916	3	379
1916	4	15
1916	5	0
1916	6	0
1916	7	643
1916	8	483
1916	9	138
1916	10	587
1916	11	0
1916	12	137
1917	1	584
1917	2	234
1917	3	71
1917	4	503
1917	5	369
1917	6	0
1917	7	384
1917	8	320
1917	9	226
1917	10	36
1917	11	0
1917	12	0
1918	1	127
1918	2	346
1918	3	690
1918	4	38
1918	5	0
1918	6	254
1918	7	1086
1918	8	583
1918	9	381
1918	10	318
1918	11	177
1918	12	558
1919	1	152
1919	2	686
1919	3	331
1919	4	13
1919	5	165
1919	6	231
1919	7	607
1919	8	152
1919	9	369
1919	10	584
1919	11	775
1919	12	157
1920	1	310
1920	2	751
1920	3	363
1920	4	106
1920	5	318
1920	6	16
1920	7	44
1920	8	107
1920	9	265
1920	10	328
1920	11	157
1920	12	188
1921	1	255
1921	2	122
1921	3	283
1921	4	49
1921	5	202
1921	6	122
1921	7	623
1921	8	1022
1921	9	53
1921	10	526
1921	11	225
1921	12	445
1922	1	708
1922	2	478
1922	3	310
1922	4	167
1922	5	150
1922	6	73
1922	7	358
1922	8	523
1922	9	325
1922	10	216
1922	11	459
1922	12	287
1923	1	272
1923	2	501
1923	3	468
1923	4	371
1923	5	153
1923	6	0
1923	7	499
1923	8	908
1923	9	397
1923	10	92
1923	11	199
1923	12	850
1924	1	46
1924	2	5
1924	3	952
1924	4	272
1924	5	94
1924	6	0
1924	7	571
1924	8	97
1924	9	525
1924	10	434
1924	11	76
1924	12	512
1925	1	49
1925	2	231
1925	3	239
1925	4	255
1925	5	0
1925	6	248
1925	7	527
1925	8	609
1925	9	883
1925	10	822
1925	11	354
1925	12	252
1926	1	41
1926	2	347
1926	3	232
1926	4	1006
1926	5	351
1926	6	125
1926	7	150
1926	8	632
1926	9	493
1926	10	135
1926	11	193
1926	12	727
1927	1	201
1927	2	1117
1927	3	252
1927	4	101
1927	5	51
1927	6	790
1927	7	238
1927	8	958
1927	9	864
1927	10	396
1927	11	124
1927	12	599
1928	1	93
1928	2	632
1928	3	274
1928	4	191
1928	5	237
1928	6	36
1928	7	196
1928	8	762
1928	9	8
1928	10	318
1928	11	256
1928	12	315
1929	1	320
1929	2	455
1929	3	89
1929	4	107
1929	5	33
1929	6	13
1929	7	844
1929	8	590
1929	9	218
1929	10	67
1929	11	0
1929	12	0
1930	1	480
1930	2	233
1930	3	255
1930	4	170
1930	5	437
1930	6	129
1930	7	901
1930	8	482
1930	9	237
1930	10	66
1930	11	347
1930	12	0
1931	1	145
1931	2	472
1931	3	99
1931	4	245
1931	5	330
1931	6	211
1931	7	300
1931	8	373
1931	9	349
1931	10	76
1931	11	596
1931	12	623
1932	1	335
1932	2	1016
1932	3	147
1932	4	39
1932	5	359
1932	6	68
1932	7	241
1932	8	367
1932	9	59
1932	10	241
1932	11	8
1932	12	357
1933	1	465
1933	2	25
1933	3	25
1933	4	206
1933	5	186
1933	6	23
1933	7	683
1933	8	393
1933	9	277
1933	10	194
1933	11	102
1933	12	112
1934	1	51
1934	2	300
1934	3	58
1934	4	330
1934	5	292
1934	6	41
1934	7	373
1934	8	556
1934	9	97
1934	10	46
1934	11	359
1934	12	58
1935	1	387
1935	2	295
1935	3	513
1935	4	127
1935	5	268
1935	6	0
1935	7	543
1935	8	800
1935	9	355
1935	10	25
1935	11	125
1935	12	137
1936	1	46
1936	2	691
1936	3	431
1936	4	26
1936	5	51
1936	6	39
1936	7	457
1936	8	693
1936	9	371
1936	10	554
1936	11	130
1936	12	559
1937	1	543
1937	2	663
1937	3	649
1937	4	178
1937	5	68
1937	6	23
1937	7	426
1937	8	309
1937	9	1415
1937	10	0
1937	11	6
1937	12	538
1938	1	352
1938	2	736
1938	3	970
1938	4	28
1938	5	323
1938	6	251
1938	7	88
1938	8	852
1938	9	81
1938	10	167
1938	11	87
1938	12	425
1939	1	417
1939	2	310
1939	3	330
1939	4	246
1939	5	109
1939	6	0
1939	7	394
1939	8	125
1939	9	2195
1939	10	114
1939	11	183
1939	12	78
1940	1	661
1940	2	725
1940	3	147
1940	4	572
1940	5	71
1940	6	213
1940	7	68
1940	8	907
1940	9	778
1940	10	401
1940	11	267
1940	12	733
1941	1	597
1941	2	933
1941	3	697
1941	4	791
1941	5	226
1941	6	227
1941	7	245
1941	8	536
1941	9	448
1941	10	823
1941	11	107
1941	12	635
1942	1	49
1942	2	353
1942	3	192
1942	4	214
1942	5	3
1942	6	0
1942	7	458
1942	8	195
1942	9	178
1942	10	87
1942	11	124
1942	12	499
1943	1	544
1943	2	216
1943	3	387
1943	4	147
1943	5	0
1943	6	0
1943	7	316
1943	8	617
1943	9	262
1943	10	250
1943	11	69
1943	12	311
1944	1	217
1944	2	576
1944	3	476
1944	4	375
1944	5	168
1944	6	23
1944	7	217
1944	8	92
1944	9	8
1944	10	115
1944	11	334
1944	12	178
1945	1	173
1945	2	345
1945	3	650
1945	4	118
1945	5	16
1945	6	8
1945	7	282
1945	8	555
1945	9	48
1945	10	272
1945	11	6
1945	12	745
1946	1	338
1946	2	100
1946	3	443
1946	4	603
1946	5	95
1946	6	0
1946	7	961
1946	8	742
1946	9	412
1946	10	386
1946	11	487
1946	12	190
1947	1	87
1947	2	64
1947	3	77
1947	4	84
1947	5	196
1947	6	54
1947	7	311
1947	8	819
1947	9	35
1947	10	452
1947	11	290
1947	12	534
1948	1	178
1948	2	297
1948	3	319
1948	4	61
1948	5	0
1948	6	132
1948	7	502
1948	8	673
1948	9	228
1948	10	364
1948	11	13
1948	12	591
1949	1	1052
1949	2	298
1949	3	204
1949	4	16
1949	5	179
1949	6	253
1949	7	324
1949	8	453
1949	9	928
1949	10	72
1949	11	114
1949	12	412
1950	1	315
1950	2	516
1950	3	379
1950	4	0
1950	5	89
1950	6	5
1950	7	564
1950	8	204
1950	9	444
1950	10	30
1950	11	28
1950	12	20
1951	1	259
1951	2	234
1951	3	221
1951	4	218
1951	5	140
1951	6	0
1951	7	171
1951	8	974
1951	9	317
1951	10	635
1951	11	143
1951	12	1069
1952	1	608
1952	2	182
1952	3	671
1952	4	600
1952	5	0
1952	6	135
1952	7	551
1952	8	507
1952	9	640
1952	10	0
1952	11	370
1952	12	263
1953	1	221
1953	2	79
1953	3	192
1953	4	231
1953	5	8
1953	6	102
1953	7	714
1953	8	904
1953	9	0
1953	10	99
1953	11	134
1953	12	84
1954	1	267
1954	2	175
1954	3	787
1954	4	0
1954	5	123
1954	6	287
1954	7	364
1954	8	168
1954	9	699
1954	10	91
1954	11	35
1954	12	178
1955	1	438
1955	2	405
1955	3	79
1955	4	97
1955	5	30
1955	6	646
1955	7	350
1955	8	532
1955	9	13
1955	10	0
1955	11	251
1955	12	176
1956	1	414
1956	2	136
1956	3	25
1956	4	64
1956	5	82
1956	6	84
1956	7	491
1956	8	89
1956	9	0
1956	10	278
1956	11	0
1956	12	267
1957	1	952
1957	2	196
1957	3	207
1957	4	234
1957	5	615
1957	6	127
1957	7	423
1957	8	737
1957	9	10
1957	10	846
1957	11	626
1957	12	259
1958	1	153
1958	2	501
1958	3	835
1958	4	219
1958	5	332
1958	6	0
1958	7	43
1958	8	745
1958	9	980
1958	10	178
1958	11	202
1958	12	58
1959	1	74
1959	2	581
1959	3	0
1959	4	460
1959	5	41
1959	6	206
1959	7	148
1959	8	392
1959	9	72
1959	10	340
1959	11	234
1959	12	756
1960	1	340
1960	2	669
1960	3	105
1960	4	320
1960	5	102
1960	6	128
1960	7	94
1960	8	36
1960	9	576
1960	10	949
1960	11	148
1960	12	348
1961	1	193
1961	2	76
1961	3	686
1961	4	159
1961	5	36
1961	6	0
1961	7	416
1961	8	1063
1961	9	365
1961	10	51
1961	11	168
1961	12	412
1962	1	385
1962	2	581
1962	3	242
1962	4	0
1962	5	132
1962	6	296
1962	7	229
1962	8	234
1962	9	148
1962	10	346
1962	11	99
1962	12	219
1963	1	107
1963	2	401
1963	3	188
1963	4	276
1963	5	41
1963	6	0
1963	7	104
1963	8	1513
1963	9	455
1963	10	214
1963	11	189
1963	12	35
1964	1	240
1964	2	19
1964	3	505
1964	4	568
1964	5	180
1964	6	173
1964	7	282
1964	8	287
1964	9	72
1964	10	0
1964	11	200
1964	12	386
1965	1	412
1965	2	393
1965	3	485
1965	4	821
1965	5	761
1965	6	155
1965	7	188
1965	8	101
1965	9	506
1965	10	114
1965	11	689
1965	12	634
1966	1	76
1966	2	469
1966	3	112
1966	4	175
1966	5	97
1966	6	41
1966	7	706
1966	8	558
1966	9	138
1966	10	360
1966	11	332
1966	12	1372
1967	1	267
1967	2	0
1967	3	102
1967	4	112
1967	5	199
1967	6	188
1967	7	507
1967	8	383
1967	9	682
1967	10	51
1967	11	59
1967	12	640
1968	1	234
1968	2	128
1968	3	319
1968	4	478
1968	5	25
1968	6	241
1968	7	768
1968	8	574
1968	9	0
1968	10	127
1968	11	213
1968	12	324
1969	1	974
1969	2	685
1969	3	223
1969	4	71
1969	5	203
1969	6	84
1969	7	496
1969	8	435
1969	9	441
1969	10	270
1969	11	293
1969	12	97
1970	1	160
1970	2	81
1970	3	1367
1970	4	110
1970	5	0
1970	6	63
1970	7	237
1970	8	813
1970	9	185
1970	10	67
1970	11	259
1970	12	218
1971	1	5
1971	2	377
1971	3	49
1971	4	46
1971	5	141
1971	6	25
1971	7	275
1971	8	815
1971	9	0
1971	10	663
1971	11	33
1971	12	209
1972	1	0
1972	2	0
1972	3	0
1972	4	74
1972	5	0
1972	6	614
1972	7	130
1972	8	620
1972	9	297
1972	10	1546
1972	11	346
1972	12	599
1973	1	575
1973	2	490
1973	3	858
1973	4	379
1973	5	127
1973	6	338
1973	7	209
1973	8	180
1973	9	69
1973	10	41
1973	11	354
1973	12	58
1974	1	807
1974	2	76
1974	3	133
1974	4	180
1974	5	0
1974	6	0
1974	7	864
1974	8	430
1974	9	166
1974	10	545
1974	11	203
1974	12	278
1975	1	319
1975	2	256
1975	3	778
1975	4	288
1975	5	41
1975	6	5
1975	7	663
1975	8	221
1975	9	206
1975	10	46
1975	11	279
1975	12	419
1976	1	0
1976	2	16
1976	3	165
1976	4	183
1976	5	272
1976	6	61
1976	7	510
1976	8	60
1976	9	590
1976	10	30
1976	11	0
1976	12	13
1977	1	261
1977	2	0
1977	3	170
1977	4	120
1977	5	231
1977	6	275
1977	7	596
1977	8	357
1977	9	122
1977	10	158
1977	11	242
1977	12	81
1978	1	1042
1978	2	725
1978	3	1145
1978	4	254
1978	5	112
1978	6	0
1978	7	230
1978	8	126
1978	9	194
1978	10	282
1978	11	1336
1978	12	985
1979	1	753
1979	2	433
1979	3	903
1979	4	66
1979	5	462
1979	6	152
1979	7	167
1979	8	351
1979	9	0
1979	10	335
1979	11	202
1979	12	275
1980	1	805
1980	2	957
1980	3	717
1980	4	244
1980	5	151
1980	6	0
1980	7	951
1980	8	439
1980	9	231
1980	10	497
1980	11	8
1980	12	173
1981	1	133
1981	2	216
1981	3	694
1981	4	271
1981	5	273
1981	6	185
1981	7	955
1981	8	827
1981	9	802
1981	10	404
1981	11	291
1981	12	77
1982	1	701
1982	2	585
1982	3	838
1982	4	459
1982	5	220
1982	6	0
1982	7	561
1982	8	705
1982	9	429
1982	10	244
1982	11	958
1982	12	716
1983	1	355
1983	2	640
1983	3	728
1983	4	292
1983	5	41
1983	6	0
1983	7	1163
1983	8	453
1983	9	684
1983	10	233
1983	11	528
1983	12	476
1984	1	61
1984	2	12
1984	3	260
1984	4	155
1984	5	8
1984	6	214
1984	7	830
1984	8	893
1984	9	117
1984	10	184
1984	11	257
1984	12	695
1985	1	669
1985	2	272
1985	3	573
1985	4	339
1985	5	120
1985	6	64
1985	7	289
1985	8	74
1985	9	325
1985	10	206
1985	11	1025
1985	12	94
1986	1	61
1986	2	417
1986	3	498
1986	4	455
1986	5	201
1986	6	101
1986	7	145
1986	8	402
1986	9	326
1986	10	495
1986	11	363
1986	12	386
1987	1	245
1987	2	409
1987	3	458
1987	4	145
1987	5	289
1987	6	357
1987	7	468
1987	8	763
1987	9	166
1987	10	622
1987	11	443
1987	12	342
1988	1	452
1988	2	423
1988	3	35
1988	4	809
1988	5	107
1988	6	571
1988	7	120
1988	8	736
1988	9	55
1988	10	141
1988	11	508
1988	12	199
1989	1	419
1989	2	171
1989	3	249
1989	4	4
1989	5	119
1989	6	0
1989	7	87
1989	8	1110
1989	9	25
1989	10	0
1989	11	0
1989	12	20
1990	1	371
1990	2	629
1990	3	264
1990	4	580
1990	5	109
1990	6	56
1990	7	254
1990	8	592
1990	9	803
1990	10	130
1990	11	278
1990	12	399
1991	1	427
1991	2	137
1991	3	997
1991	4	0
1991	5	23
1991	6	43
1991	7	445
1991	8	89
1991	9	651
1991	10	163
1991	11	353
1991	12	327
1992	1	190
1992	2	290
1992	3	1031
1992	4	0
1992	5	667
1992	6	50
1992	7	491
1992	8	727
1992	9	569
1992	10	389
1992	11	10
1992	12	689
1993	1	1380
1993	2	1004
1993	3	322
1993	4	0
1993	5	104
1993	6	112
1993	7	0
1993	8	1154
1993	9	82
1993	10	532
1993	11	218
1993	12	198
1994	1	129
1994	2	509
1994	3	346
1994	4	244
1994	5	18
1994	6	13
1994	7	358
1994	8	417
1994	9	293
1994	10	404
1994	11	261
1994	12	335
1995	1	915
1995	2	585
1995	3	1102
1995	4	439
1995	5	99
1995	6	73
1995	7	742
1995	8	633
1995	9	598
1995	10	0
1995	11	163
1995	12	51
1996	1	137
1996	2	393
1996	3	292
1996	4	33
1996	5	18
1996	6	0
1996	7	698
1996	8	180
1996	9	430
1996	10	245
1996	11	386
1996	12	251
1997	1	663
1997	2	307
1997	3	0
1997	4	290
1997	5	15
1997	6	266
1997	7	378
1997	8	556
1997	9	1198
1997	10	231
1997	11	187
1997	12	353
1998	1	313
1998	2	673
1998	3	732
1998	4	313
1998	5	112
1998	6	33
1998	7	652
1998	8	425
1998	9	735
1998	10	644
1998	11	236
1998	12	125
1999	1	83
1999	2	186
1999	3	21
1999	4	530
1999	5	312
1999	6	154
1999	7	1366
1999	8	771
1999	9	454
1999	10	0
1999	11	0
1999	12	48
2000	1	402
2000	2	285
2000	3	514
2000	4	64
2000	5	0
2000	6	31
2000	7	58
2000	8	744
2000	9	74
2000	10	1078
2000	11	130
2000	12	91
2001	1	541
2001	2	263
2001	3	572
2001	4	243
2001	5	57
2001	6	8
2001	7	642
2001	8	1345
2001	9	52
2001	10	92
2001	11	196
2001	12	734
2002	1	115
2002	2	30
2002	3	248
2002	4	39
2002	5	0
2002	6	0
2002	7	533
2002	8	79
2002	9	550
2002	10	219
2002	11	191
2002	12	264
2003	1	167
2003	2	484
2003	3	575
2003	4	135
2003	5	53
2003	6	0
2003	7	147
2003	8	645
2003	9	117
2003	10	191
2003	11	391
2003	12	138
2004	1	251
2004	2	416
2004	3	66
2004	4	461
2004	5	0
2004	6	87
2004	7	803
2004	8	432
2004	9	829
2004	10	1348
2004	11	690
2004	12	389
2005	1	1284
2005	2	659
2005	3	405
2005	4	241
2005	5	93
2005	6	83
2005	7	167
2005	8	374
2005	9	66
2005	10	155
2005	11	23
2005	12	30
2006	1	74
2006	2	21
2006	3	365
2006	4	155
2006	5	0
2006	6	28
2006	7	79
2006	8	808
2006	9	270
2006	10	573
2006	11	5
2006	12	104
2007	1	190
2007	2	187
2007	3	244
2007	4	101
2007	5	412
2007	6	0
2007	7	813
2007	8	547
2007	9	293
2007	10	105
2007	11	54
2007	12	531
2008	1	416
2008	2	169
2008	3	0
2008	4	0
2008	5	0
2008	6	119
2008	7	421
2008	8	911
2008	9	46
2008	10	56
2008	11	74
2008	12	762
2009	1	43
2009	2	0
2009	3	0
2009	4	72
2009	5	269
2009	6	47
2009	7	245
2009	8	237
2009	9	59
2009	10	34
2009	11	5
2009	12	420
2010	1	663
2010	2	244
2010	3	170
2010	4	127
2010	5	0
2010	6	38
2010	7	585
2010	8	332
2010	9	13
2010	10	539
2010	11	170
2010	12	340
2011	1	1
2011	2	564
2011	3	319
2011	4	149
2011	5	116
2011	6	2
2011	7	430
2011	8	413
2011	9	822
2011	10	262
2011	11	339
2011	12	125
2012	1	174
2012	2	283
2012	3	375
2012	4	152
2012	5	0
2012	6	25
2012	7	813
2012	8	624
2012	9	272
2012	10	146
2012	11	108
2012	12	427
2013	1	365
2013	2	104
2013	3	180
2013	4	33
2013	5	14
2013	6	1
2013	7	996
2013	8	681
2013	9	688
2013	10	95
2013	11	311
2013	12	197
2014	1	77
2014	2	55
2014	3	222
2014	4	150
2014	5	33
2014	6	0
2014	7	601
2014	8	1053
2014	9	526
2014	10	79
2014	11	54
2014	12	291
2015	1	341
2015	2	239
2015	3	436
2015	4	135
2015	5	333
2015	6	139
2015	7	541
2015	8	550
2015	9	241
2015	10	613
