1878	4	432
1878	5	991
1878	6	1257
1878	7	495
1878	8	851
1878	9	635
1884	2	1257
1884	3	2256
1884	4	1146
1884	5	429
1884	6	1941
1884	7	640
1884	8	859
1884	9	0
1884	10	175
1884	11	391
1884	12	1491
1885	1	2126
1885	2	861
1885	3	843
1885	4	249
1885	5	1702
1885	6	1031
1885	7	772
1885	8	1956
1885	9	2383
1885	10	1219
1885	11	442
1885	12	676
1886	1	1857
1886	2	396
1886	3	1450
1886	4	328
1886	5	658
1886	6	2786
1886	7	1036
1886	8	1407
1886	9	150
1886	10	0
1886	11	732
1886	12	825
1887	1	947
1887	2	1359
1887	3	526
1887	4	450
1887	5	805
1887	6	373
1887	7	4087
1887	8	980
1887	9	373
1887	10	1354
1887	11	287
1887	12	1504
1888	1	1600
1888	2	1610
1888	3	2743
1888	4	251
1888	5	1494
1888	6	676
1888	7	620
1888	8	1168
1888	9	2794
1888	10	1565
1888	11	1120
1888	12	1422
1889	1	1760
1889	2	1321
1889	3	810
1889	4	1092
1889	5	183
1889	6	622
1889	7	2339
1889	8	1090
1889	9	635
1889	10	419
1889	11	998
1889	12	99
1890	1	445
1890	2	442
1890	3	630
1890	4	782
1890	5	1138
1890	6	513
1890	7	1681
1890	8	1123
1890	9	3289
1890	10	1420
1890	11	0
1890	12	572
1891	1	1092
1891	2	1463
1891	3	3221
1891	4	102
1891	5	767
1891	6	1171
1891	7	1024
1891	8	2403
1891	9	246
1891	10	79
1891	11	767
1891	12	866
1892	1	1862
1892	2	1049
1892	3	1422
1892	4	91
1892	5	493
1892	6	1008
1892	7	1648
1892	8	1410
1892	9	1821
1892	10	74
1892	11	711
1892	12	703
1893	1	724
1893	2	1415
1893	3	1041
1893	4	455
1893	5	947
1893	6	1017
1893	7	1714
1893	8	2657
1893	9	640
1893	10	279
1893	11	317
1893	12	361
1894	1	800
1894	2	1859
1894	3	823
1894	4	688
1894	5	453
1894	6	529
1894	7	2597
1894	8	1890
1894	9	791
1894	10	976
1894	11	383
1894	12	865
1895	1	1585
1895	2	483
1895	3	1898
1895	4	1150
1895	5	1369
1895	6	386
1895	7	699
1895	8	1506
1895	9	102
1895	10	292
1895	11	310
1895	12	945
1896	1	1001
1896	2	1707
1896	3	762
1896	4	180
1896	5	714
1896	6	945
1896	7	1955
1896	8	599
1896	9	415
1896	10	473
1896	11	1842
1896	12	1173
1897	1	406
1897	2	1991
1897	3	2701
1897	4	643
1897	5	475
1897	6	324
1897	7	471
1897	8	1199
1897	9	401
1897	10	409
1897	11	308
1897	12	527
1898	1	491
1898	2	205
1898	3	744
1898	4	1673
1898	5	272
1898	6	592
1898	7	1684
1898	8	1746
1898	9	710
1898	10	1510
1898	11	1379
1898	12	780
1899	1	1636
1899	2	1924
1899	3	1054
1899	4	832
1899	5	367
1899	6	641
1899	7	873
1899	8	1008
1899	9	355
1899	10	806
1899	11	583
1899	12	770
1900	1	532
1900	2	2542
1900	3	1298
1900	4	1294
1900	5	675
1900	6	1792
1900	7	1292
1900	8	362
1900	9	624
1900	10	696
1900	11	936
1900	12	1180
1901	1	1048
1901	2	910
1901	3	1183
1901	4	1387
1901	5	828
1901	6	1462
1901	7	639
1901	8	2173
1901	9	1245
1901	10	117
1901	11	203
1901	12	1497
1902	1	666
1902	2	1658
1902	3	2187
1902	4	797
1902	5	422
1902	6	1174
1902	7	1550
1902	8	1030
1902	9	926
1902	10	1306
1902	11	1008
1902	12	782
1903	1	890
1903	2	1979
1903	3	1520
1903	4	757
1903	5	1353
1903	6	1335
1903	7	346
1903	8	1763
1903	9	1137
1903	10	656
1903	11	447
1903	12	602
1904	1	572
1904	2	922
1904	3	317
1904	4	277
1904	5	638
1904	6	200
1904	7	711
1904	8	1751
1904	9	0
1904	10	176
1904	11	686
1904	12	1115
1905	1	490
1905	2	2183
1905	3	715
1905	4	756
1905	5	1152
1905	6	823
1905	7	1384
1905	8	744
1905	9	715
1905	10	330
1905	11	401
1905	12	2010
1906	1	1354
1906	2	597
1906	3	1247
1906	4	284
1906	5	436
1906	6	2572
1906	7	2327
1906	8	1575
1906	9	1078
1906	10	682
1906	11	198
1906	12	1024
1907	1	335
1907	2	968
1907	3	299
1907	4	1351
1907	5	1075
1907	6	627
1907	7	1183
1907	8	549
1907	9	2095
1907	10	139
1907	11	1179
1907	12	1639
1908	1	988
1908	2	1803
1908	3	1559
1908	4	2232
1908	5	439
1908	6	764
1908	7	1418
1908	8	629
1908	9	279
1908	10	548
1908	11	289
1908	12	913
1909	1	272
1909	2	1666
1909	3	1958
1909	4	594
1909	5	1068
1909	6	869
1909	7	1254
1909	8	640
1909	9	363
1909	10	360
1909	11	173
1909	12	705
1910	1	1138
1910	2	1197
1910	3	261
1910	4	761
1910	5	486
1910	6	1577
1910	7	1517
1910	8	523
1910	9	493
1910	10	970
1910	11	541
1910	12	739
1911	1	544
1911	2	582
1911	3	655
1911	4	763
1911	5	349
1911	6	537
1911	7	1436
1911	8	1896
1911	9	684
1911	10	1910
1911	11	887
1911	12	1817
1912	1	1235
1912	2	1375
1912	3	2000
1912	4	2108
1912	5	1149
1912	6	1815
1912	7	656
1912	8	1029
1912	9	1300
1912	10	369
1912	11	991
1912	12	908
1913	1	592
1913	2	823
1913	3	3211
1913	4	781
1913	5	126
1913	6	1627
1913	7	1546
1913	8	182
1913	9	869
1913	10	569
1913	11	366
1913	12	669
1914	1	593
1914	2	903
1914	3	689
1914	4	679
1914	5	74
1914	6	735
1914	7	1091
1914	8	1872
1914	9	1124
1914	10	1751
1914	11	1359
1914	12	676
1915	1	1600
1915	2	815
1915	3	563
1915	4	46
1915	5	1331
1915	6	706
1915	7	842
1915	8	1130
1915	9	338
1915	10	1613
1915	11	460
1915	12	920
1916	1	496
1916	2	1117
1916	3	594
1916	4	337
1916	5	417
1916	6	615
1916	7	4057
1916	8	1044
1916	9	453
1916	10	490
1916	11	259
1916	12	618
1917	1	1222
1917	2	761
1917	3	1600
1917	4	1247
1917	5	572
1917	6	627
1917	7	1304
1917	8	962
1917	9	1694
1917	10	410
1917	11	426
1917	12	437
1918	1	1611
1918	2	642
1918	3	366
1918	4	856
1918	5	812
1918	6	831
1918	7	1940
1918	8	697
1918	9	853
1918	10	778
1918	11	1221
1918	12	1124
1919	1	1456
1919	2	1773
1919	3	752
1919	4	554
1919	5	703
1919	6	1797
1919	7	3411
1919	8	985
1919	9	113
1919	10	1628
1919	11	104
1919	12	871
1920	1	1438
1920	2	860
1920	3	2005
1920	4	1691
1920	5	1193
1920	6	467
1920	7	1361
1920	8	1627
1920	9	726
1920	10	165
1920	11	801
1920	12	1142
1921	1	718
1921	2	896
1921	3	325
1921	4	597
1921	5	1194
1921	6	828
1921	7	1539
1921	8	970
1921	9	203
1921	10	657
1921	11	999
1921	12	460
1922	1	966
1922	2	1807
1922	3	2873
1922	4	1084
1922	5	1993
1922	6	1392
1922	7	1300
1922	8	1168
1922	9	160
1922	10	1128
1922	11	422
1922	12	930
1923	1	1177
1923	2	1267
1923	3	1882
1923	4	840
1923	5	1914
1923	6	1213
1923	7	1871
1923	8	2936
1923	9	833
1923	10	89
1923	11	612
1923	12	940
1924	1	1266
1924	2	874
1924	3	506
1924	4	1113
1924	5	633
1924	6	1151
1924	7	1076
1924	8	567
1924	9	4731
1924	10	221
1924	11	110
1924	12	1945
1925	1	3554
1925	2	406
1925	3	322
1925	4	320
1925	5	239
1925	6	934
1925	7	1296
1925	8	267
1925	9	305
1925	10	690
1925	11	1169
1925	12	758
1926	1	1632
1926	2	1118
1926	3	1405
1926	4	400
1926	5	229
1926	6	1008
1926	7	911
1926	8	595
1926	9	883
1926	10	301
1926	11	865
1926	12	777
1927	1	211
1927	2	810
1927	3	675
1927	4	555
1927	5	750
1927	6	1169
1927	7	2926
1927	8	1415
1927	9	157
1927	10	337
1927	11	242
1927	12	1627
1928	1	282
1928	2	953
1928	3	1495
1928	4	1909
1928	5	1674
1928	6	1529
1928	7	2192
1928	8	3757
1928	9	1285
1928	10	403
1928	11	155
1928	12	539
1929	1	1186
1929	2	3051
1929	3	2611
1929	4	686
1929	5	1017
1929	6	1186
1929	7	1651
1929	8	498
1929	9	2839
1929	10	1852
1929	11	1498
1929	12	1229
1930	1	1084
1930	2	262
1930	3	1678
1930	4	1102
1930	5	526
1930	6	745
1930	7	1165
1930	8	285
1930	9	1090
1930	10	571
1930	11	1423
1930	12	869
1931	1	838
1931	2	663
1931	3	637
1931	4	508
1931	5	1791
1931	6	33
1931	7	918
1931	8	869
1931	9	813
1931	10	226
1931	11	51
1931	12	1494
1932	1	1956
1932	2	1200
1932	3	1149
1932	4	217
1932	5	785
1932	6	1125
1932	7	1508
1932	8	1110
1932	9	303
1932	10	879
1932	11	815
1932	12	1167
1933	1	670
1933	2	1530
1933	3	640
1933	4	850
1933	5	851
1933	6	897
1933	7	1436
1933	8	1359
1933	9	735
1933	10	1201
1933	11	228
1933	12	435
1934	1	807
1934	2	988
1934	3	1328
1934	4	2107
1934	5	727
1934	6	1120
1934	7	836
1934	8	1173
1934	9	467
1934	10	493
1934	11	165
1934	12	676
1935	1	586
1935	2	450
1935	3	998
1935	4	945
1935	5	226
1935	6	630
1935	7	1265
1935	8	1415
1935	9	396
1935	10	13
1935	11	638
1935	12	905
1936	1	2355
1936	2	1509
1936	3	797
1936	4	2309
1936	5	158
1936	6	587
1936	7	1419
1936	8	1105
1936	9	662
1936	10	417
1936	11	555
1936	12	1164
1937	1	1358
1937	2	1497
1937	3	902
1937	4	1997
1937	5	617
1937	6	947
1937	7	946
1937	8	1256
1937	9	657
1937	10	1064
1937	11	461
1937	12	735
1938	1	466
1938	2	199
1938	3	531
1938	4	2362
1938	5	912
1938	6	940
1938	7	2014
1938	8	802
1938	9	465
1938	10	162
1938	11	603
1938	12	688
1939	1	719
1939	2	2508
1939	3	1469
1939	4	653
1939	5	559
1939	6	878
1939	7	1439
1939	8	1268
1939	9	544
1939	10	5
1939	11	246
1939	12	1583
1940	1	1450
1940	2	927
1940	3	890
1940	4	950
1940	5	432
1940	6	446
1940	7	2283
1940	8	1990
1940	9	403
1940	10	206
1940	11	1671
1940	12	1085
1941	1	274
1941	2	601
1941	3	981
1941	4	369
1941	5	105
1941	6	1270
1941	7	1448
1941	8	424
1941	9	498
1941	10	790
1941	11	334
1941	12	2055
1942	1	946
1942	2	1029
1942	3	2312
1942	4	264
1942	5	1118
1942	6	592
1942	7	2153
1942	8	1031
1942	9	1564
1942	10	678
1942	11	594
1942	12	1447
1943	1	1643
1943	2	409
1943	3	1886
1943	4	893
1943	5	804
1943	6	1345
1943	7	828
1943	8	1254
1943	9	477
1943	10	69
1943	11	915
1943	12	978
1944	1	875
1944	2	1720
1944	3	2767
1944	4	1454
1944	5	693
1944	6	848
1944	7	1199
1944	8	922
1944	9	691
1944	10	625
1944	11	427
1944	12	460
1945	1	572
1945	2	1128
1945	3	371
1945	4	1481
1945	5	533
1945	6	253
1945	7	1924
1945	8	472
1945	9	513
1945	10	586
1945	11	535
1945	12	2134
1946	1	1116
1946	2	670
1946	3	1089
1946	4	841
1946	5	1248
1946	6	1098
1946	7	1712
1946	8	814
1946	9	1139
1946	10	774
1946	11	487
1946	12	129
1947	1	1848
1947	2	373
1947	3	2129
1947	4	900
1947	5	671
1947	6	2096
1947	7	1053
1947	8	1042
1947	9	473
1947	10	744
1947	11	2227
1947	12	1761
1948	1	1189
1948	2	1347
1948	3	1361
1948	4	732
1948	5	1031
1948	6	667
1948	7	1086
1948	8	923
1948	9	506
1948	10	486
1948	11	2565
1948	12	1487
1949	1	316
1949	2	1699
1949	3	513
1949	4	1060
1949	5	1260
1949	6	838
1949	7	1842
1949	8	1782
1949	9	676
1949	10	492
1949	11	320
1949	12	634
1950	1	335
1950	2	486
1950	3	1441
1950	4	218
1950	5	1313
1950	6	429
1950	7	2009
1950	8	66
1950	9	1114
1950	10	1044
1950	11	90
1950	12	1460
1951	1	410
1951	2	510
1951	3	857
1951	4	730
1951	5	239
1951	6	1138
1951	7	1607
1951	8	1096
1951	9	582
1951	10	430
1951	11	722
1951	12	1231
1952	1	660
1952	2	1217
1952	3	2539
1952	4	872
1952	5	1008
1952	6	942
1952	7	515
1952	8	1036
1952	9	613
1952	10	305
1952	11	280
1952	12	1098
1953	1	1216
1953	2	1599
1953	3	827
1953	4	847
1953	5	3820
1953	6	901
1953	7	1256
1953	8	693
1953	9	1672
1953	10	161
1953	11	226
1953	12	2162
1954	1	179
1954	2	365
1954	3	975
1954	4	533
1954	5	734
1954	6	150
1954	7	504
1954	8	983
1954	9	193
1954	10	145
1954	11	865
1954	12	569
1955	1	1369
1955	2	727
1955	3	529
1955	4	1251
1955	5	1309
1955	6	476
1955	7	954
1955	8	475
1955	9	1074
1955	10	389
1955	11	1245
1955	12	239
1956	1	439
1956	2	2114
1956	3	1302
1956	4	875
1956	5	487
1956	6	403
1956	7	1553
1956	8	965
1956	9	1432
1956	10	511
1956	11	58
1956	12	1007
1957	1	1014
1957	2	767
1957	3	1393
1957	4	536
1957	5	3246
1957	6	1244
1957	7	1626
1957	8	801
1957	9	1564
1957	10	598
1957	11	1685
1957	12	731
1958	1	1115
1958	2	1298
1958	3	1204
1958	4	1133
1958	5	276
1958	6	1801
1958	7	1956
1958	8	865
1958	9	490
1958	10	35
1958	11	272
1958	12	822
1959	1	978
1959	2	1587
1959	3	1456
1959	4	366
1959	5	934
1959	6	549
1959	7	777
1959	8	562
1959	9	1221
1959	10	1751
1959	11	313
1959	12	436
1960	1	1780
1960	2	2014
1960	3	1483
1960	4	734
1960	5	475
1960	6	468
1960	7	1302
1960	8	837
1960	9	983
1960	10	64
1960	11	142
1960	12	291
1961	1	925
1961	2	2900
1961	3	1198
1961	4	2299
1961	5	1844
1961	6	654
1961	7	656
1961	8	2147
1961	9	434
1961	10	0
1961	11	216
1961	12	1912
1962	1	2140
1962	2	1607
1962	3	1653
1962	4	1832
1962	5	409
1962	6	1103
1962	7	1681
1962	8	997
1962	9	1133
1962	10	655
1962	11	937
1962	12	656
1963	1	1561
1963	2	984
1963	3	729
1963	4	891
1963	5	2331
1963	6	1632
1963	7	2611
1963	8	113
1963	9	222
1963	10	0
1963	11	765
1963	12	921
1964	1	2192
1964	2	1353
1964	3	1313
1964	4	2263
1964	5	745
1964	6	906
1964	7	2186
1964	8	997
1964	9	564
1964	10	1422
1964	11	391
1964	12	1684
1965	1	334
1965	2	1374
1965	3	1532
1965	4	799
1965	5	61
1965	6	1763
1965	7	1704
1965	8	357
1965	9	1200
1965	10	589
1965	11	452
1965	12	365
1966	1	1840
1966	2	1687
1966	3	925
1966	4	309
1966	5	2279
1966	6	1362
1966	7	549
1966	8	1198
1966	9	869
1966	10	766
1966	11	552
1966	12	1021
1967	1	813
1967	2	916
1967	3	336
1967	4	335
1967	5	1263
1967	6	1346
1967	7	1265
1967	8	1146
1967	9	175
1967	10	204
1967	11	470
1967	12	1310
1968	1	1018
1968	2	285
1968	3	429
1968	4	776
1968	5	1234
1968	6	589
1968	7	991
1968	8	851
1968	9	315
1968	10	637
1968	11	834
1968	12	807
1969	1	501
1969	2	768
1969	3	938
1969	4	425
1969	5	895
1969	6	435
1969	7	738
1969	8	3035
1969	9	662
1969	10	94
1969	11	554
1969	12	1083
1970	1	782
1970	2	888
1970	3	1218
1970	4	377
1970	5	834
1970	6	199
1970	7	742
1970	8	636
1970	9	161
1970	10	2041
1970	11	180
1970	12	1342
1971	1	1457
1971	2	1327
1971	3	2156
1971	4	892
1971	5	1520
1971	6	1089
1971	7	1605
1971	8	1013
1971	9	927
1971	10	254
1971	11	897
1971	12	706
1972	1	1827
1972	2	837
1972	3	560
1972	4	174
1972	5	719
1972	6	899
1972	7	637
1972	8	836
1972	9	164
1972	10	402
1972	11	785
1972	12	1454
1973	1	1882
1973	2	1455
1973	3	1398
1973	4	1600
1973	5	925
1973	6	767
1973	7	722
1973	8	1267
1973	9	300
1973	10	206
1973	11	378
1973	12	516
1974	1	1554
1974	2	1806
1974	3	1024
1974	4	708
1974	5	1029
1974	6	1413
1974	7	489
1974	8	2771
1974	9	743
1974	10	125
1974	11	617
1974	12	1600
1975	1	1255
1975	2	1769
1975	3	1590
1975	4	1616
1975	5	1713
1975	6	1037
1975	7	1803
1975	8	1336
1975	9	731
1975	10	1286
1975	11	1226
1975	12	1019
1976	1	841
1976	2	254
1976	3	1369
1976	4	300
1976	5	2098
1976	6	601
1976	7	857
1976	8	802
1976	9	1767
1976	10	653
1976	11	1117
1976	12	1212
1977	1	849
1977	2	523
1977	3	2108
1977	4	553
1977	5	639
1977	6	347
1977	7	727
1977	8	1423
1977	9	428
1977	10	575
1977	11	837
1977	12	1044
1978	1	1661
1978	2	265
1978	3	885
1978	4	807
1978	5	1079
1978	6	1245
1978	7	346
1978	8	882
1978	9	924
1978	10	87
1978	11	344
1978	12	549
1979	1	1344
1979	2	1859
1979	3	887
1979	4	1681
1979	5	604
1979	6	244
1979	7	981
1979	8	1807
1979	9	1202
1979	10	546
1979	11	977
1979	12	505
1980	1	1114
1980	2	790
1980	3	3246
1980	4	611
1980	5	676
1980	6	1018
1980	7	588
1980	8	259
1980	9	1286
1980	10	759
1980	11	709
1980	12	268
1981	1	254
1981	2	1975
1981	3	813
1981	4	917
1981	5	587
1981	6	1187
1981	7	761
1981	8	1076
1981	9	132
1981	10	1105
1981	11	162
1981	12	1175
1982	1	958
1982	2	1032
1982	3	279
1982	4	773
1982	5	721
1982	6	864
1982	7	2000
1982	8	227
1982	9	765
1982	10	854
1982	11	983
1982	12	1644
1983	1	690
1983	2	566
1983	3	1812
1983	4	322
1983	5	238
1983	6	693
1983	7	287
1983	8	556
1983	9	1044
1983	10	336
1983	11	1537
1983	12	729
1984	1	1153
1984	2	432
1984	3	1023
1984	4	796
1984	5	1044
1984	6	478
1984	7	1108
1984	8	618
1984	9	13
1984	10	425
1984	11	328
1984	12	531
1985	1	749
1985	2	1528
1985	3	306
1985	4	333
1985	5	614
1985	6	779
1985	7	2237
1985	8	906
1985	9	272
1985	10	1072
1985	11	2030
1985	12	470
1986	1	225
1986	2	911
1986	3	1107
1986	4	147
1986	5	955
1986	6	568
1986	7	191
1986	8	2183
1986	9	1123
1986	10	944
1986	11	1858
1986	12	1288
1987	1	1835
1987	2	1734
1987	3	1616
1987	4	123
1987	5	147
1987	6	1313
1987	7	396
1987	8	960
1987	9	285
1987	10	0
1987	11	836
1987	12	556
1988	1	1319
1988	2	514
1988	3	712
1988	4	1454
1988	5	556
1988	6	790
1988	7	684
1988	8	1633
1988	9	1490
1988	10	811
1988	11	642
1988	12	140
1989	1	745
1989	2	1005
1989	3	1179
1989	4	1391
1989	5	1293
1989	6	1524
1989	7	1990
1989	8	814
1989	9	1181
1989	10	832
1989	11	544
1989	12	1437
1990	1	1397
1990	2	880
1990	3	1001
1990	4	316
1990	5	999
1990	6	77
1990	7	695
1990	8	1034
1990	9	590
1990	10	1717
1990	11	361
1990	12	716
1991	1	2132
1991	2	456
1991	3	2083
1991	4	1888
1991	5	545
1991	6	1572
1991	7	678
1991	8	1577
1991	9	585
1991	10	51
1991	11	453
1991	12	1102
1992	1	1413
1992	2	1014
1992	3	988
1992	4	671
1992	5	233
1992	6	1209
1992	7	2141
1992	8	2540
1992	9	1097
1992	10	1024
1992	11	2643
1992	12	769
1993	1	1082
1993	2	1428
1993	3	2508
1993	4	998
1993	5	396
1993	6	601
1993	7	246
1993	8	1092
1993	9	1044
1993	10	1341
1993	11	707
1993	12	833
1994	1	960
1994	2	1082
1994	3	1971
1994	4	223
1994	5	442
1994	6	2975
1994	7	2298
1994	8	1263
1994	9	950
1994	10	2298
1994	11	1007
1994	12	813
1995	1	1006
1995	2	1607
1995	3	960
1995	4	431
1995	5	193
1995	6	1622
1995	7	800
1995	8	1095
1995	9	470
1995	10	1305
1995	11	874
1995	12	708
1996	1	1532
1996	2	841
1996	3	1590
1996	4	788
1996	5	721
1996	6	584
1996	7	1020
1996	8	984
1996	9	1455
1996	10	1062
1996	11	447
1996	12	1310
1997	1	1036
1997	2	1404
1997	3	276
1997	4	570
1997	5	608
1997	6	737
1997	7	1098
1997	8	422
1997	9	1751
1997	10	918
1997	11	1653
1997	12	1840
1998	1	1701
1998	2	1710
1998	3	1910
1998	4	2099
1998	5	267
1998	6	353
1998	7	502
1998	8	294
1998	9	2154
1998	10	516
1998	11	279
1998	12	465
1999	1	1281
1999	2	777
1999	3	798
1999	4	308
1999	5	454
1999	6	1507
1999	7	1015
1999	8	377
1999	9	1175
1999	10	621
1999	11	686
1999	12	295
2000	1	1628
2000	2	66
2000	3	1123
2000	4	232
2000	5	99
2000	6	433
2000	7	372
2000	8	1118
2000	9	1438
2000	10	183
2000	11	1085
2000	12	834
2001	1	890
2001	2	752
2001	3	2827
2001	4	339
2001	5	493
2001	6	1984
2001	7	1553
2001	8	369
2001	9	898
2001	10	35
2001	11	168
2001	12	381
2002	1	840
2002	2	1017
2002	3	1752
2002	4	699
2002	5	837
2002	6	365
2002	7	689
2002	8	1093
2002	9	1453
2002	10	1082
2002	11	973
2002	12	1022
2003	1	501
2003	2	1128
2003	3	2029
2003	4	1389
2003	5	1929
2003	6	1240
2003	7	1441
2003	8	829
2003	9	297
2003	10	358
2003	11	446
2003	12	563
2004	1	1086
2004	2	1362
2004	3	100
2004	4	345
2004	5	568
2004	6	1371
2004	7	511
2004	8	1267
2004	9	3108
2004	10	457
2004	11	1424
2004	12	193
2005	1	619
2005	2	1295
2005	3	1819
2005	4	678
2005	5	982
2005	6	1738
2005	7	1208
2005	8	1950
2005	9	5
2005	10	523
2005	11	383
2005	12	911
2006	1	861
2006	2	1091
2006	3	393
2006	4	578
2006	5	373
2006	6	869
2006	7	1102
2006	8	1382
2006	9	553
2006	10	386
2006	11	744
2006	12	999
2007	1	1285
2007	2	709
2007	3	808
2007	4	524
2007	5	0
2007	6	1189
2007	7	1431
2007	8	2123
2007	9	1278
2007	10	320
2007	11	193
2007	12	1869
2008	1	879
2008	2	1507
2008	3	655
2008	4	611
2008	5	1227
2008	6	393
2008	7	640
2008	8	1314
2008	9	578
2008	10	1085
2008	11	1793
2008	12	1359
2009	1	457
2009	2	500
2009	3	1502
2009	4	1565
2009	5	1158
2009	6	384
2009	7	463
2009	8	1416
2009	9	2806
2009	10	1460
2009	11	1197
2009	12	2354
2010	1	1059
2010	2	725
2010	3	1040
2010	4	480
2010	5	719
2010	6	1839
2010	7	762
2010	8	1563
2010	9	1405
2010	10	115
2010	11	323
2010	12	495
2011	1	727
2011	2	911
2011	3	1495
2011	4	398
2011	5	389
2011	6	338
2011	7	836
2011	8	244
2011	9	1077
2011	10	664
2011	11	498
2011	12	464
2012	1	389
2012	2	701
2012	3	487
2012	4	271
2012	5	969
2012	6	493
2012	7	1013
2012	8	1607
2012	9	506
2012	10	201
2012	11	412
2012	12	1161
2013	1	499
2013	2	2579
2013	3	907
2013	4	1816
2013	5	1566
2013	6	2195
2013	7	2373
2013	8	2104
2013	9	244
2013	10	163
2013	11	727
2013	12	2258
2014	1	811
2014	2	1247
2014	3	1096
2014	4	1412
2014	5	1314
2014	6	938
2014	7	1269
2014	8	609
2014	9	1183
2014	10	404
2014	11	1097
2014	12	1436
2015	1	677
2015	2	1011
2015	3	817
2015	4	1330
2015	5	244
2015	6	733
2015	7	542
2015	8	1432
2015	9	837
2015	10	646
