1883	1	305
1883	2	234
1883	3	229
1883	4	622
1883	5	686
1883	6	470
1883	7	152
1883	8	356
1883	9	102
1883	10	1143
1883	11	0
1883	12	279
1884	1	76
1884	2	229
1884	3	279
1884	4	305
1884	5	1326
1884	6	401
1884	7	1994
1884	8	648
1884	9	241
1884	10	279
1884	11	64
1884	12	409
1885	1	130
1885	2	401
1885	3	56
1885	4	559
1885	5	605
1885	6	808
1885	7	1483
1885	8	564
1885	9	825
1885	10	559
1885	11	140
1885	12	320
1886	1	610
1886	2	269
1886	3	724
1886	4	587
1886	5	406
1886	6	724
1886	7	1626
1886	8	729
1886	9	165
1886	10	89
1886	11	279
1886	12	76
1887	1	102
1887	2	229
1887	3	13
1887	4	546
1887	5	533
1887	6	945
1887	7	546
1887	8	800
1887	9	318
1887	10	216
1887	11	127
1887	12	178
1888	1	89
1888	2	51
1888	3	343
1888	4	165
1888	5	655
1888	6	406
1888	7	437
1888	8	318
1888	9	25
1888	10	254
1888	11	64
1888	12	25
1889	1	300
1889	2	216
1889	3	310
1889	4	445
1889	5	1097
1889	6	1072
1889	7	267
1889	8	445
1889	9	13
1889	10	279
1889	11	445
1889	12	0
1890	1	170
1890	2	198
1890	3	13
1890	4	869
1890	5	140
1890	6	356
1890	7	564
1890	8	630
1890	9	318
1890	10	114
1890	11	203
1890	12	13
1891	1	267
1891	2	89
1891	3	419
1891	4	234
1891	5	521
1891	6	1229
1891	7	1039
1891	8	328
1891	9	1201
1891	10	404
1891	11	33
1891	12	386
1892	1	81
1892	2	460
1892	3	523
1892	4	234
1892	5	1237
1892	6	564
1892	7	1151
1892	8	744
1892	9	18
1892	10	152
1892	11	76
1892	12	160
1893	1	69
1893	2	0
1893	3	0
1893	4	102
1893	5	254
1893	6	457
1893	7	1092
1893	8	389
1893	9	508
1893	10	0
1893	11	102
1893	12	102
1894	1	41
1894	2	305
1894	3	13
1894	4	635
1894	5	127
1894	6	762
1894	7	152
1894	8	30
1894	9	127
1894	10	0
1894	11	0
1894	12	152
1895	1	241
1895	2	513
1895	3	25
1895	4	864
1895	5	373
1895	6	762
1895	7	833
1895	8	533
1895	9	170
1895	10	246
1895	11	259
1895	12	81
1896	1	173
1896	2	5
1896	3	140
1896	4	937
1896	5	612
1896	6	1123
1896	7	460
1896	8	297
1896	9	348
1896	10	521
1896	11	89
1896	12	38
1897	1	175
1897	2	124
1897	3	89
1897	4	1514
1897	5	292
1897	6	508
1897	7	833
1897	8	445
1897	9	282
1897	10	653
1897	11	18
1897	12	69
1898	1	325
1898	2	64
1898	3	91
1898	4	310
1898	5	1333
1898	6	572
1898	7	208
1898	8	198
1898	9	1659
1898	10	107
1898	11	259
1898	12	140
1899	1	64
1899	2	89
1899	3	76
1899	4	130
1899	5	216
1899	6	1102
1899	7	1382
1899	8	130
1899	9	467
1899	10	140
1899	11	409
1899	12	165
1900	1	0
1900	2	236
1900	3	165
1900	4	1090
1900	5	1064
1900	6	1194
1900	7	368
1900	8	894
1900	9	1372
1900	10	203
1900	11	38
1900	12	64
1901	1	51
1901	2	191
1901	3	345
1901	4	876
1901	5	378
1901	6	399
1901	7	457
1901	8	930
1901	9	879
1901	10	485
1901	11	36
1901	12	140
1902	1	160
1902	2	150
1902	3	185
1902	4	94
1902	5	1059
1902	6	1659
1902	7	577
1902	8	1115
1902	9	1829
1902	10	587
1902	11	10
1902	12	249
1903	1	23
1903	2	584
1903	3	145
1903	4	864
1903	5	1519
1903	6	762
1903	7	719
1903	8	620
1903	9	201
1903	10	462
1903	11	239
1903	12	38
1904	1	41
1904	2	0
1904	3	71
1904	4	548
1904	5	756
1904	6	1172
1904	7	1015
1904	8	853
1904	9	332
1904	10	460
1904	11	102
1904	12	165
1905	1	191
1905	2	292
1905	3	100
1905	4	665
1905	5	962
1905	6	888
1905	7	1688
1905	8	94
1905	9	515
1905	10	211
1905	11	696
1905	12	0
1906	1	56
1906	2	102
1906	3	177
1906	4	906
1906	5	338
1906	6	591
1906	7	1151
1906	8	971
1906	9	404
1906	10	1054
1906	11	85
1906	12	143
1907	1	86
1907	2	89
1907	3	189
1907	4	94
1907	5	213
1907	6	1257
1907	7	1024
1907	8	1209
1907	9	441
1907	10	163
1907	11	43
1907	12	283
1908	1	0
1908	2	161
1908	3	13
1908	4	105
1908	5	1080
1908	6	1133
1908	7	831
1908	8	627
1908	9	217
1908	10	336
1908	11	671
1908	12	0
1909	1	51
1909	2	33
1909	3	639
1909	4	140
1909	5	308
1909	6	3068
1909	7	871
1909	8	175
1909	9	1086
1909	10	359
1909	11	951
1909	12	203
1910	1	89
1910	2	38
1910	3	0
1910	4	59
1910	5	892
1910	6	262
1910	7	454
1910	8	586
1910	9	581
1910	10	105
1910	11	0
1910	12	43
1911	1	38
1911	2	326
1911	3	5
1911	4	283
1911	5	603
1911	6	114
1911	7	905
1911	8	582
1911	9	674
1911	10	171
1911	11	18
1911	12	300
1912	1	3
1912	2	399
1912	3	367
1912	4	419
1912	5	188
1912	6	1144
1912	7	469
1912	8	721
1912	9	144
1912	10	166
1912	11	229
1912	12	0
1913	1	28
1913	2	102
1913	3	20
1913	4	494
1913	5	389
1913	6	1291
1913	7	781
1913	8	82
1913	9	1064
1913	10	51
1913	11	284
1913	12	1326
1914	1	0
1914	2	58
1914	3	74
1914	4	447
1914	5	558
1914	6	793
1914	7	770
1914	8	1244
1914	9	458
1914	10	76
1914	11	0
1914	12	89
1915	1	81
1915	2	396
1915	3	432
1915	4	864
1915	5	1304
1915	6	1230
1915	7	1640
1915	8	1264
1915	9	516
1915	10	279
1915	11	46
1915	12	13
1916	1	145
1916	2	43
1916	3	173
1916	4	558
1916	5	447
1916	6	1049
1916	7	645
1916	8	401
1916	9	239
1916	10	170
1916	11	0
1916	12	102
1917	1	51
1917	2	0
1917	3	63
1917	4	665
1917	5	246
1917	6	341
1917	7	333
1917	8	967
1917	9	879
1917	10	78
1917	11	152
1917	12	34
1918	1	127
1918	2	737
1918	3	338
1918	4	483
1918	5	1126
1918	6	127
1918	7	848
1918	8	424
1918	9	223
1918	10	527
1918	11	321
1918	12	765
1919	1	0
1919	2	549
1919	3	188
1919	4	1322
1919	5	675
1919	6	863
1919	7	869
1919	8	274
1919	9	1760
1919	10	411
1919	11	366
1919	12	30
1920	1	0
1920	2	68
1920	3	0
1920	4	694
1920	5	980
1920	6	709
1920	7	258
1920	8	813
1920	9	322
1920	10	701
1920	11	178
1920	12	138
1921	1	114
1921	2	38
1921	3	69
1921	4	857
1921	5	498
1921	6	1219
1921	7	1319
1921	8	750
1921	9	570
1921	10	54
1921	11	0
1921	12	127
1922	1	0
1922	2	64
1922	3	508
1922	4	1296
1922	5	761
1922	6	711
1922	7	331
1922	8	396
1922	9	119
1922	10	65
1922	11	158
1922	12	0
1923	1	0
1923	2	13
1923	3	223
1923	4	777
1923	5	1582
1923	6	1856
1923	7	495
1923	8	1079
1923	9	880
1923	10	1148
1923	11	74
1923	12	137
1924	1	88
1924	2	50
1924	3	889
1924	4	149
1924	5	443
1924	6	56
1924	7	1017
1924	8	334
1924	9	131
1924	10	170
1924	11	30
1924	12	382
1925	1	30
1925	2	96
1925	3	51
1925	4	480
1925	5	447
1925	6	457
1925	7	665
1925	8	2190
1925	9	214
1925	10	69
1925	11	254
1925	12	0
1926	1	18
1926	2	102
1926	3	132
1926	4	203
1926	5	893
1926	6	943
1926	7	428
1926	8	170
1926	9	218
1926	10	13
1926	11	122
1926	12	102
1927	1	25
1927	2	204
1927	3	472
1927	4	1095
1927	5	374
1927	6	1973
1927	7	582
1927	8	797
1927	9	419
1927	10	102
1927	11	18
1927	12	41
1928	1	13
1928	2	484
1928	3	528
1928	4	186
1928	5	874
1928	6	1689
1928	7	2287
1928	8	548
1928	9	303
1928	10	848
1928	11	452
1928	12	0
1929	1	38
1929	2	171
1929	3	8
1929	4	807
1929	5	489
1929	6	332
1929	7	705
1929	8	236
1929	9	693
1929	10	791
1929	11	354
1929	12	0
1930	1	52
1930	2	112
1930	3	13
1930	4	796
1930	5	866
1930	6	877
1930	7	1379
1930	8	942
1930	9	383
1930	10	1130
1930	11	731
1930	12	8
1931	1	0
1931	2	135
1931	3	781
1931	4	653
1931	5	427
1931	6	524
1931	7	737
1931	8	1542
1931	9	211
1931	10	526
1931	11	436
1931	12	81
1932	1	287
1932	2	136
1932	3	219
1932	4	559
1932	5	417
1932	6	1467
1932	7	684
1932	8	441
1932	9	1345
1932	10	327
1932	11	0
1932	12	142
1933	1	18
1933	2	0
1933	3	29
1933	4	546
1933	5	947
1933	6	193
1933	7	618
1933	8	1049
1933	9	631
1933	10	31
1933	11	102
1933	12	267
1934	1	5
1934	2	191
1934	3	115
1934	4	178
1934	5	481
1934	6	1263
1934	7	43
1934	8	378
1934	9	236
1934	10	73
1934	11	213
1934	12	43
1935	1	0
1935	2	97
1935	3	26
1935	4	180
1935	5	1995
1935	6	1818
1935	7	25
1935	8	236
1935	9	978
1935	10	361
1935	11	351
1935	12	13
1936	1	45
1936	2	26
1936	3	13
1936	4	250
1936	5	1308
1936	6	311
1936	7	145
1936	8	353
1936	9	752
1936	10	295
1936	11	0
1936	12	145
1937	1	115
1937	2	153
1937	3	99
1937	4	88
1937	5	531
1937	6	568
1937	7	818
1937	8	155
1937	9	99
1937	10	402
1937	11	38
1937	12	63
1938	1	30
1938	2	94
1938	3	252
1938	4	686
1938	5	2401
1938	6	1042
1938	7	563
1938	8	74
1938	9	595
1938	10	0
1938	11	18
1938	12	0
1939	1	41
1939	2	321
1939	3	587
1939	4	321
1939	5	309
1939	6	1607
1939	7	162
1939	8	774
1939	9	46
1939	10	13
1939	11	15
1939	12	146
1940	1	187
1940	2	120
1940	3	368
1940	4	487
1940	5	890
1940	6	501
1940	7	543
1940	8	794
1940	9	789
1940	10	112
1940	11	448
1940	12	148
1941	1	265
1941	2	204
1941	3	82
1941	4	705
1941	5	775
1941	6	1973
1941	7	696
1941	8	630
1941	9	1433
1941	10	398
1941	11	125
1941	12	258
1942	1	41
1942	2	168
1942	3	254
1942	4	1530
1942	5	232
1942	6	1054
1942	7	437
1942	8	1038
1942	9	482
1942	10	267
1942	11	58
1942	12	208
1943	1	13
1943	2	101
1943	3	109
1943	4	757
1943	5	457
1943	6	235
1943	7	688
1943	8	650
1943	9	135
1943	10	36
1943	11	38
1943	12	127
1944	1	379
1944	2	203
1944	3	716
1944	4	1373
1944	5	740
1944	6	514
1944	7	1221
1944	8	1451
1944	9	170
1944	10	348
1944	11	263
1944	12	168
1945	1	282
1945	2	52
1945	3	38
1945	4	1199
1945	5	623
1945	6	1450
1945	7	570
1945	8	244
1945	9	432
1945	10	74
1945	11	3
1945	12	270
1946	1	89
1946	2	15
1946	3	849
1946	4	153
1946	5	1035
1946	6	681
1946	7	903
1946	8	359
1946	9	1247
1946	10	1945
1946	11	679
1946	12	6
1947	1	203
1947	2	106
1947	3	316
1947	4	201
1947	5	1078
1947	6	1196
1947	7	335
1947	8	272
1947	9	61
1947	10	252
1947	11	379
1947	12	315
1948	1	69
1948	2	354
1948	3	708
1948	4	168
1948	5	508
1948	6	1911
1948	7	858
1948	8	820
1948	9	86
1948	10	119
1948	11	768
1948	12	74
1949	1	423
1949	2	252
1949	3	608
1949	4	582
1949	5	1078
1949	6	1450
1949	7	446
1949	8	463
1949	9	201
1949	10	496
1949	11	0
1949	12	18
1950	1	16
1950	2	158
1950	3	195
1950	4	140
1950	5	1384
1950	6	147
1950	7	1249
1950	8	1355
1950	9	36
1950	10	312
1950	11	33
1950	12	20
1951	1	195
1951	2	310
1951	3	333
1951	4	458
1951	5	1866
1951	6	3212
1951	7	993
1951	8	663
1951	9	1049
1951	10	217
1951	11	54
1951	12	30
1952	1	41
1952	2	138
1952	3	535
1952	4	809
1952	5	580
1952	6	77
1952	7	541
1952	8	328
1952	9	277
1952	10	0
1952	11	577
1952	12	295
1953	1	71
1953	2	74
1953	3	589
1953	4	651
1953	5	378
1953	6	468
1953	7	934
1953	8	668
1953	9	122
1953	10	305
1953	11	835
1953	12	471
1954	1	35
1954	2	366
1954	3	88
1954	4	170
1954	5	1474
1954	6	313
1954	7	131
1954	8	623
1954	9	565
1954	10	450
1954	11	0
1954	12	58
1955	1	190
1955	2	175
1955	3	94
1955	4	544
1955	5	1089
1955	6	951
1955	7	498
1955	8	97
1955	9	1099
1955	10	21
1955	11	18
1955	12	102
1956	1	193
1956	2	230
1956	3	79
1956	4	224
1956	5	518
1956	6	247
1956	7	808
1956	8	660
1956	9	13
1956	10	382
1956	11	34
1956	12	20
1957	1	108
1957	2	76
1957	3	1065
1957	4	763
1957	5	1397
1957	6	2598
1957	7	536
1957	8	771
1957	9	1110
1957	10	432
1957	11	282
1957	12	18
1958	1	125
1958	2	306
1958	3	1432
1958	4	388
1958	5	1108
1958	6	492
1958	7	1624
1958	8	795
1958	9	92
1958	10	21
1958	11	272
1958	12	71
1959	1	196
1959	2	148
1959	3	384
1959	4	195
1959	5	598
1959	6	553
1959	7	692
1959	8	1038
1959	9	981
1959	10	1010
1959	11	5
1959	12	69
1960	1	498
1960	2	582
1960	3	399
1960	4	681
1960	5	814
1960	6	683
1960	7	70
1960	8	1732
1960	9	531
1960	10	521
1960	11	51
1960	12	298
1961	1	5
1961	2	56
1961	3	503
1961	4	439
1961	5	1622
1961	6	1289
1961	7	1605
1961	8	1671
1961	9	931
1961	10	295
1961	11	702
1961	12	208
1962	1	150
1962	2	174
1962	3	453
1962	4	208
1962	5	397
1962	6	1444
1962	7	1060
1962	8	493
1962	9	469
1962	10	89
1962	11	130
1962	12	48
1963	1	163
1963	2	41
1963	3	315
1963	4	51
1963	5	486
1963	6	892
1963	7	864
1963	8	228
1963	9	1228
1963	10	30
1963	11	5
1963	12	115
1964	1	6
1964	2	310
1964	3	361
1964	4	262
1964	5	721
1964	6	694
1964	7	295
1964	8	361
1964	9	405
1964	10	28
1964	11	372
1964	12	38
1965	1	148
1965	2	254
1965	3	154
1965	4	237
1965	5	1336
1965	6	2184
1965	7	1261
1965	8	942
1965	9	728
1965	10	1403
1965	11	23
1965	12	305
1966	1	104
1966	2	130
1966	3	41
1966	4	219
1966	5	62
1966	6	760
1966	7	666
1966	8	681
1966	9	463
1966	10	187
1966	11	64
1966	12	297
1967	1	69
1967	2	8
1967	3	48
1967	4	401
1967	5	1042
1967	6	1503
1967	7	1232
1967	8	336
1967	9	588
1967	10	51
1967	11	105
1967	12	150
1968	1	14
1968	2	53
1968	3	0
1968	4	239
1968	5	712
1968	6	471
1968	7	838
1968	8	1829
1968	9	196
1968	10	387
1968	11	211
1968	12	153
1969	1	41
1969	2	369
1969	3	350
1969	4	1019
1969	5	1263
1969	6	645
1969	7	849
1969	8	499
1969	9	318
1969	10	893
1969	11	26
1969	12	122
1970	1	49
1970	2	8
1970	3	768
1970	4	521
1970	5	1567
1970	6	965
1970	7	679
1970	8	740
1970	9	995
1970	10	222
1970	11	36
1970	12	0
1971	1	162
1971	2	542
1971	3	82
1971	4	664
1971	5	887
1971	6	569
1971	7	811
1971	8	312
1971	9	282
1971	10	491
1971	11	480
1971	12	156
1972	1	54
1972	2	3
1972	3	61
1972	4	356
1972	5	1609
1972	6	623
1972	7	578
1972	8	1377
1972	9	851
1972	10	85
1972	11	857
1972	12	155
1973	1	252
1973	2	52
1973	3	1791
1973	4	489
1973	5	670
1973	6	439
1973	7	867
1973	8	701
1973	9	1318
1973	10	341
1973	11	359
1973	12	543
1974	1	69
1974	2	28
1974	3	287
1974	4	547
1974	5	94
1974	6	619
1974	7	155
1974	8	609
1974	9	48
1974	10	590
1974	11	486
1974	12	107
1975	1	21
1975	2	160
1975	3	200
1975	4	514
1975	5	1596
1975	6	1107
1975	7	942
1975	8	1234
1975	9	275
1975	10	0
1975	11	789
1975	12	8
1976	1	0
1976	2	284
1976	3	214
1976	4	850
1976	5	721
1976	6	257
1976	7	522
1976	8	72
1976	9	1394
1976	10	406
1976	11	41
1976	12	0
1977	1	221
1977	2	26
1977	3	139
1977	4	1125
1977	5	973
1977	6	464
1977	7	423
1977	8	1351
1977	9	63
1977	10	106
1977	11	123
1977	12	77
1978	1	88
1978	2	354
1978	3	147
1978	4	298
1978	5	1207
1978	6	645
1978	7	752
1978	8	374
1978	9	61
1978	10	63
1978	11	597
1978	12	102
1979	1	355
1979	2	35
1979	3	1102
1979	4	559
1979	5	602
1979	6	516
1979	7	1301
1979	8	686
1979	9	48
1979	10	774
1979	11	76
1979	12	198
1980	1	244
1980	2	303
1980	3	826
1980	4	460
1980	5	575
1980	6	307
1980	7	165
1980	8	1346
1980	9	356
1980	10	218
1980	11	13
1980	12	110
1981	1	63
1981	2	23
1981	3	529
1981	4	346
1981	5	1395
1981	6	46
1981	7	933
1981	8	368
1981	9	610
1981	10	193
1981	11	339
1981	12	84
1982	1	61
1982	2	270
1982	3	393
1982	4	456
1982	5	876
1982	6	1297
1982	7	633
1982	8	559
1982	9	271
1982	10	292
1982	11	165
1982	12	322
1983	1	87
1983	2	364
1983	3	572
1983	4	382
1983	5	399
1983	6	787
1983	7	175
1983	8	350
1983	9	178
1983	10	373
1983	11	701
1983	12	226
1984	1	175
1984	2	168
1984	3	1149
1984	4	1585
1984	5	479
1984	6	610
1984	7	168
1984	8	1179
1984	9	143
1984	10	968
1984	11	69
1984	12	493
1985	1	563
1985	2	90
1985	3	213
1985	4	460
1985	5	1053
1985	6	153
1985	7	981
1985	8	380
1985	9	615
1985	10	234
1985	11	183
1985	12	92
1986	1	0
1986	2	90
1986	3	107
1986	4	190
1986	5	685
1986	6	702
1986	7	1273
1986	8	471
1986	9	1324
1986	10	851
1986	11	228
1986	12	210
1987	1	51
1987	2	379
1987	3	1391
1987	4	521
1987	5	562
1987	6	515
1987	7	1064
1987	8	1002
1987	9	355
1987	10	31
1987	11	225
1987	12	97
1988	1	303
1988	2	122
1988	3	107
1988	4	834
1988	5	522
1988	6	92
1988	7	947
1988	8	282
1988	9	419
1988	10	81
1988	11	307
1988	12	10
1989	1	91
1989	2	109
1989	3	201
1989	4	99
1989	5	615
1989	6	1178
1989	7	866
1989	8	222
1989	9	1110
1989	10	211
1989	11	0
1989	12	87
1990	1	320
1990	2	58
1990	3	535
1990	4	780
1990	5	1383
1990	6	415
1990	7	872
1990	8	1082
1990	9	394
1990	10	122
1990	11	138
1990	12	178
1991	1	72
1991	2	3
1991	3	294
1991	4	561
1991	5	808
1991	6	526
1991	7	440
1991	8	649
1991	9	213
1991	10	241
1991	11	461
1991	12	374
1992	1	409
1992	2	231
1992	3	621
1992	4	79
1992	5	562
1992	6	1220
1992	7	1243
1992	8	1146
1992	9	414
1992	10	346
1992	11	497
1992	12	214
1993	1	454
1993	2	711
1993	3	590
1993	4	298
1993	5	1479
1993	6	617
1993	7	3394
1993	8	917
1993	9	434
1993	10	158
1993	11	148
1993	12	266
1994	1	312
1994	2	198
1994	3	20
1994	4	829
1994	5	290
1994	6	473
1994	7	1027
1994	8	183
1994	9	200
1994	10	224
1994	11	481
1994	12	272
1995	1	338
1995	2	104
1995	3	238
1995	4	413
1995	5	3079
1995	6	863
1995	7	764
1995	8	307
1995	9	1587
1995	10	5
1995	11	105
1995	12	28
1996	1	178
1996	2	41
1996	3	188
1996	4	269
1996	5	1739
1996	6	1232
1996	7	1483
1996	8	944
1996	9	692
1996	10	257
1996	11	736
1996	12	5
1997	1	8
1997	2	544
1997	3	0
1997	4	464
1997	5	670
1997	6	1033
1997	7	1013
1997	8	1308
1997	9	839
1997	10	1331
1997	11	135
1997	12	438
1998	1	14
1998	2	320
1998	3	534
1998	4	673
1998	5	841
1998	6	555
1998	7	1368
1998	8	1738
1998	9	167
1998	10	296
1998	11	1030
1998	12	76
1999	1	155
1999	2	42
1999	3	473
1999	4	827
1999	5	314
1999	6	1373
1999	7	1304
1999	8	1256
1999	9	586
1999	10	58
1999	11	76
1999	12	56
2000	1	94
2000	2	251
2000	3	1274
2000	4	624
2000	5	897
2000	6	351
2000	7	1286
2000	8	105
2000	9	107
2000	10	768
2000	11	333
2000	12	33
2001	1	237
2001	2	563
2001	3	243
2001	4	276
2001	5	2281
2001	6	376
2001	7	1454
2001	8	362
2001	9	1346
2001	10	86
2001	11	84
2001	12	81
2002	1	173
2002	2	124
2002	3	61
2002	4	606
2002	5	339
2002	6	526
2002	7	353
2002	8	520
2002	9	239
2002	10	826
2002	11	28
2002	12	35
2003	1	21
2003	2	218
2003	3	384
2003	4	564
2003	5	596
2003	6	1343
2003	7	13
2003	8	960
2003	9	79
2003	10	78
2003	11	81
2003	12	39
2004	1	66
2004	2	192
2004	3	303
2004	4	491
2004	5	212
2004	6	1349
2004	7	1748
2004	8	506
2004	9	681
2004	10	279
2004	11	246
2004	12	18
2005	1	343
2005	2	435
2005	3	733
2005	4	176
2005	5	679
2005	6	1168
2005	7	719
2005	8	878
2005	9	226
2005	10	574
2005	11	305
2005	12	84
2006	1	20
2006	2	0
2006	3	309
2006	4	352
2006	5	224
2006	6	1111
2006	7	193
2006	8	886
2006	9	1086
2006	10	779
2006	11	52
2006	12	724
2007	1	193
2007	2	84
2007	3	856
2007	4	509
2007	5	992
2007	6	1063
2007	7	802
2007	8	713
2007	9	390
2007	10	72
2007	11	43
2007	12	426
2008	1	51
2008	2	177
2008	3	231
2008	4	469
2008	5	1591
2008	6	318
2008	7	759
2008	8	855
2008	9	343
2008	10	1367
2008	11	114
2008	12	66
2009	1	25
2009	2	61
2009	3	0
2009	4	1152
2009	5	871
2009	6	540
2009	7	1251
2009	8	680
2009	9	342
2009	10	921
2009	11	141
2009	12	395
2010	1	31
2010	2	142
2010	3	584
2010	4	957
2010	5	869
2010	6	483
2010	7	179
2010	8	511
2010	9	756
2010	10	118
2010	11	138
2010	12	74
2011	1	58
2011	2	139
2011	3	208
2011	4	342
2011	5	504
2011	6	644
2011	7	1267
2011	8	820
2011	9	181
2011	10	498
2011	11	142
2011	12	490
2012	1	0
2012	2	338
2012	3	330
2012	4	0
2012	5	69
2012	6	254
2012	7	412
2012	8	437
2012	9	223
2012	10	171
2012	11	0
2012	12	259
2013	1	46
2013	2	256
2013	3	197
2013	4	186
2013	5	1030
2013	6	186
2013	7	356
2013	8	323
2013	9	659
2013	10	284
2013	11	216
2013	12	18
2014	1	51
2014	2	356
2014	3	20
2014	4	407
2014	5	119
2014	6	1171
2014	7	193
2014	8	866
2014	9	594
2014	10	470
2014	11	20
2014	12	132
2015	1	107
2015	2	18
2015	3	10
2015	4	355
2015	5	844
2015	6	183
2015	7	424
2015	8	173
2015	9	153
2015	10	412
