1889	7	2083
1889	9	1872
1889	10	81
1889	11	1354
1889	12	198
1890	1	699
1890	2	1532
1890	3	757
1890	4	876
1890	5	1918
1890	6	856
1890	7	1443
1890	8	1123
1890	9	2413
1890	11	140
1890	12	724
1891	1	1417
1891	2	1458
1891	3	2692
1891	5	699
1891	6	1153
1891	7	1392
1891	8	1715
1891	11	1333
1891	12	660
1892	2	721
1892	4	1455
1892	5	364
1892	6	2576
1892	7	1357
1892	8	1193
1892	9	1196
1892	10	111
1892	11	1116
1892	12	927
1893	1	810
1893	2	1670
1893	3	794
1893	4	1049
1893	5	1288
1893	6	1893
1893	7	785
1893	8	2383
1893	9	1790
1893	10	643
1893	11	570
1893	12	600
1894	1	1142
1894	2	1547
1894	3	784
1894	4	550
1894	5	980
1894	6	833
1894	7	1277
1894	8	1354
1894	9	771
1894	10	870
1894	11	261
1894	12	1922
1895	1	1983
1895	2	468
1895	3	1766
1895	4	1911
1895	5	1265
1895	6	912
1895	7	808
1895	8	2309
1895	9	362
1895	10	473
1895	11	727
1895	12	1111
1896	1	1043
1896	2	946
1896	3	747
1896	4	464
1896	5	979
1896	6	1277
1896	7	2044
1896	8	594
1896	9	1372
1896	10	430
1896	11	813
1896	12	139
1897	1	1017
1897	2	1632
1897	3	1799
1897	4	2134
1897	5	305
1897	6	764
1897	7	847
1897	8	882
1897	9	203
1897	10	1034
1897	11	945
1897	12	1044
1898	1	1024
1898	2	152
1898	3	1288
1898	4	1154
1898	5	326
1898	6	470
1898	7	2286
1898	8	1954
1898	9	1367
1898	10	1384
1898	11	814
1898	12	1385
1899	1	1193
1899	2	1653
1899	3	2172
1899	4	856
1899	5	327
1899	6	711
1899	7	881
1899	8	737
1899	9	267
1899	10	938
1899	11	610
1899	12	884
1900	1	727
1900	2	2402
1900	3	1144
1900	4	1747
1900	5	320
1900	6	3858
1900	7	425
1900	8	541
1900	9	1087
1900	10	1318
1900	11	879
1900	12	1026
1901	1	1299
1901	2	749
1901	3	2092
1901	4	1919
1901	5	1337
1901	6	914
1901	7	721
1901	8	4479
1901	9	1071
1901	10	140
1901	11	92
1901	12	2021
1902	1	419
1902	2	1925
1902	3	1206
1902	4	220
1902	5	495
1902	6	626
1902	7	736
1902	8	850
1902	9	1879
1902	10	889
1902	11	1168
1902	12	1554
1903	1	609
1903	2	1829
1903	3	2540
1903	4	1372
1903	5	178
1903	6	991
1903	7	612
1903	8	1803
1903	9	1446
1903	10	597
1903	11	407
1903	12	742
1904	1	865
1904	2	1030
1904	3	1401
1904	4	433
1904	5	1186
1904	6	1196
1904	7	1257
1904	8	2657
1904	9	267
1904	10	0
1904	11	894
1904	12	1135
1905	1	1229
1905	2	1435
1905	3	462
1905	4	741
1905	5	2210
1905	6	1601
1905	7	3455
1905	8	1587
1905	9	650
1905	10	1257
1905	11	488
1905	12	2486
1906	1	2692
1906	2	396
1906	3	2605
1906	4	533
1906	5	716
1906	6	1981
1906	7	3522
1906	8	1947
1906	9	3650
1906	10	1382
1906	11	600
1906	12	1960
1907	1	146
1907	2	987
1907	3	719
1907	4	1441
1907	5	1150
1907	6	1156
1907	7	1371
1907	8	1034
1907	9	1191
1907	10	470
1907	11	1702
1907	12	2184
1908	1	853
1908	2	2073
1908	3	1324
1908	4	1693
1908	5	696
1908	6	980
1908	7	1516
1908	8	3114
1908	9	627
1908	10	1682
1908	11	432
1908	12	1402
1909	1	928
1909	2	2112
1909	3	1649
1909	4	1400
1909	5	1803
1909	6	1872
1909	7	1126
1909	8	1041
1909	9	2032
1909	10	744
1909	11	160
1909	12	1234
1910	1	956
1910	2	1458
1910	3	503
1910	4	750
1910	5	1460
1910	6	1666
1910	7	1453
1910	8	1121
1910	9	896
1910	10	842
1910	11	124
1910	12	1056
1911	1	776
1911	2	837
1911	3	920
1911	4	2484
1911	5	450
1911	6	582
1911	7	1352
1911	8	1082
1911	9	979
1911	10	1750
1911	11	1251
1911	12	1921
1912	1	1131
1912	2	1798
1912	3	2660
1912	4	1922
1912	5	1186
1912	6	1766
1912	7	1984
1912	8	953
1912	9	1219
1912	10	617
1912	11	644
1912	12	761
1913	1	1368
1913	2	1524
1913	3	2574
1913	4	778
1913	5	912
1913	6	1419
1913	7	1398
1913	8	1091
1913	9	1387
1913	10	759
1913	11	334
1913	12	1326
1914	1	535
1914	2	1036
1914	3	673
1914	4	1335
1914	5	216
1914	6	836
1914	7	1385
1914	8	1270
1914	9	713
1914	10	1909
1914	11	1634
1914	12	2185
1915	1	1759
1915	2	1668
1915	3	675
1915	4	313
1915	5	1676
1915	6	2220
1915	7	910
1915	8	2403
1915	9	961
1915	10	1733
1915	11	914
1915	12	2458
1916	1	1176
1916	2	1419
1916	3	672
1916	4	277
1916	5	1091
1916	6	1160
1916	7	3692
1916	8	1479
1916	9	754
1916	10	642
1916	11	605
1916	12	1150
1917	1	1353
1917	2	2019
1917	3	2936
1917	4	1074
1917	5	815
1917	6	1079
1917	7	1525
1917	8	1653
1917	9	1546
1917	10	889
1917	11	143
1917	12	340
1918	1	1959
1918	2	827
1918	3	509
1918	4	910
1918	5	403
1918	6	827
1918	7	1032
1918	8	811
1918	9	896
1918	10	3534
1918	11	893
1918	12	3414
1919	1	1766
1919	2	1641
1919	3	1777
1919	4	699
1919	5	1961
1919	6	3046
1919	7	2251
1919	8	766
1919	9	51
1919	10	870
1919	11	878
1919	12	2244
1920	1	1756
1920	2	1214
1920	3	2354
1920	4	2555
1920	5	904
1920	6	1274
1920	7	1535
1920	8	3744
1920	9	1768
1920	10	203
1920	11	928
1920	12	1722
1921	1	1241
1921	2	2459
1921	3	672
1921	4	860
1921	5	942
1921	6	508
1921	7	1345
1921	8	1799
1921	9	1885
1921	10	769
1921	11	1326
1921	12	857
1922	1	1877
1922	2	1784
1922	3	2016
1922	4	1563
1922	5	1785
1922	6	1125
1922	7	1799
1922	8	329
1922	9	143
1922	10	1104
1922	11	159
1922	12	2161
1923	1	933
1923	2	1200
1923	3	1359
1923	4	1251
1923	5	2590
1923	6	472
1923	7	1011
1923	8	2192
1923	9	475
1923	10	209
1923	11	1154
1923	12	1458
1924	1	1574
1924	2	1606
1924	3	795
1924	4	2343
1924	5	1161
1924	6	463
1924	7	846
1924	8	670
1924	9	4030
1924	10	277
1924	11	216
1924	12	1865
1925	1	2034
1925	2	473
1925	3	709
1925	4	930
1925	5	618
1925	6	852
1925	7	943
1925	8	152
1925	9	255
1925	10	1321
1925	11	1557
1925	12	616
1926	1	2419
1926	2	1213
1926	3	1476
1926	4	658
1926	5	208
1926	6	1088
1926	7	1490
1926	8	1155
1926	9	919
1926	10	1015
1926	11	1257
1926	12	2021
1927	1	359
1927	2	1924
1927	3	1139
1927	4	874
1927	5	537
1927	6	1173
1927	7	947
1927	8	991
1927	9	505
1927	10	922
1927	11	615
1927	12	2891
1928	1	818
1928	2	864
1928	3	1405
1928	4	1400
1928	5	1349
1928	6	1438
1928	7	3211
1928	8	3248
1928	9	1026
1928	10	978
1928	11	320
1928	12	279
1929	1	1209
1929	2	2304
1929	3	2779
1929	4	1410
1929	5	1842
1929	6	625
1929	7	500
1929	8	638
1929	9	3642
1929	10	1315
1929	11	1745
1929	12	803
1930	1	1163
1930	2	493
1930	3	1232
1930	4	672
1930	5	1666
1930	6	789
1930	7	614
1930	8	283
1930	9	530
1930	10	543
1930	11	1656
1930	12	1263
1931	1	871
1931	2	1176
1931	3	1097
1931	4	1178
1931	5	1090
1931	6	432
1931	7	919
1931	8	951
1931	9	266
1931	10	328
1931	11	578
1931	12	4042
1932	1	2018
1932	2	1332
1932	3	2114
1932	4	746
1932	5	1294
1932	6	1312
1932	7	434
1932	8	1651
1932	9	1399
1932	10	3020
1932	11	796
1932	12	3479
1933	1	729
1933	2	1336
1933	3	778
1933	4	1485
1933	5	1458
1933	6	730
1933	7	1021
1933	8	1491
1933	9	945
1933	10	589
1933	11	575
1933	12	1107
1934	1	881
1934	2	1224
1934	3	2091
1934	4	1003
1934	5	1333
1934	6	2162
1934	7	905
1934	8	1367
1934	9	1798
1934	10	1867
1934	11	1041
1934	12	1087
1935	1	1598
1935	2	808
1935	3	1057
1935	4	1527
1935	5	1082
1935	6	1081
1935	7	2062
1935	8	2045
1935	9	427
1935	10	680
1935	11	2231
1935	12	876
1936	1	3371
1936	2	1745
1936	3	1108
1936	4	2623
1936	5	89
1936	6	871
1936	7	1656
1936	8	1581
1936	9	2495
1936	10	1894
1936	11	643
1936	12	2480
1937	1	2919
1937	2	1669
1937	3	847
1937	4	2076
1937	5	545
1937	6	1914
1937	7	1592
1937	8	2023
1937	9	168
1937	10	2685
1937	11	653
1937	12	537
1938	1	760
1938	2	518
1938	3	1624
1938	4	1030
1938	5	846
1938	6	1852
1938	7	2024
1938	8	1175
1938	9	196
1938	10	0
1938	11	769
1938	12	750
1939	1	1301
1939	2	3067
1939	3	1166
1939	4	755
1939	5	856
1939	6	1120
1939	7	1046
1939	8	2639
1939	9	264
1939	10	97
1939	11	185
1939	12	1044
1940	1	871
1940	2	1354
1940	3	1798
1940	4	742
1940	5	612
1940	6	805
1940	7	1413
1940	8	3607
1940	9	66
1940	10	348
1940	11	729
1940	12	1218
1941	1	604
1941	2	285
1941	3	1408
1941	4	649
1941	5	234
1941	6	1213
1941	7	2947
1941	8	1248
1941	9	191
1941	10	546
1941	11	574
1941	12	1694
1942	1	871
1942	2	1870
1942	3	2342
1942	4	251
1942	5	1412
1942	6	1255
1942	7	1296
1942	8	1216
1942	9	971
1942	10	712
1942	11	493
1942	12	2060
1943	1	1374
1943	2	844
1943	3	2491
1943	4	1846
1943	5	856
1943	6	1652
1943	7	2705
1943	8	930
1943	9	1078
1943	10	545
1943	11	508
1943	12	1003
1944	1	962
1944	2	2381
1944	3	3075
1944	4	1393
1944	5	556
1944	6	86
1944	7	1634
1944	8	1358
1944	9	939
1944	10	485
1944	11	970
1944	12	920
1945	1	826
1945	2	1943
1945	3	1177
1945	4	1753
1945	5	708
1945	6	1011
1945	7	1816
1945	8	1187
1945	9	1600
1945	10	863
1945	11	692
1945	12	2412
1946	1	2950
1946	2	1564
1946	3	1953
1946	4	1087
1946	5	1846
1946	6	598
1946	7	817
1946	8	789
1946	9	556
1946	10	1095
1946	11	1367
1946	12	673
1947	1	2250
1947	2	531
1947	3	1065
1947	4	1041
1947	5	553
1947	6	1331
1947	7	113
1947	8	396
1947	9	495
1947	10	1616
1947	11	2220
1947	12	759
1948	1	1016
1948	2	1429
1948	3	2320
1948	4	322
1948	5	1373
1948	6	1389
1948	7	1527
1948	8	2326
1948	9	1184
1948	10	311
1948	11	4318
1948	12	1210
1949	1	1693
1949	2	1493
1949	3	1449
1949	4	2350
1949	5	983
1949	6	1069
1949	7	2611
1949	8	2044
1949	9	1909
1949	10	2141
1949	11	497
1949	12	1129
1950	1	814
1950	2	498
1950	3	1116
1950	4	551
1950	5	1074
1950	6	1360
1950	7	2839
1950	8	1269
1950	9	1621
1950	10	2071
1950	11	132
1950	12	536
1951	1	436
1951	2	714
1951	3	1899
1951	4	1007
1951	5	1262
1951	6	1692
1951	7	689
1951	8	1059
1951	9	1328
1951	10	751
1951	11	1105
1951	12	2574
1952	1	1104
1952	2	1147
1952	3	3641
1952	4	919
1952	5	617
1952	6	589
1952	7	1000
1952	8	1384
1952	9	243
1952	10	244
1952	11	691
1952	12	1236
1953	1	1663
1953	2	2417
1953	3	1566
1953	4	425
1953	5	1646
1953	6	2337
1953	7	663
1953	8	1327
1953	9	1946
1953	10	976
1953	11	609
1953	12	2414
1954	1	2585
1954	2	713
1954	3	1522
1954	4	1311
1954	5	698
1954	6	696
1954	7	735
1954	8	630
1954	9	25
1954	10	107
1954	11	1002
1954	12	1342
1955	1	821
1955	2	1905
1955	3	719
1955	4	1103
1955	5	1813
1955	6	805
1955	7	896
1955	8	729
1955	9	312
1955	10	1252
1955	11	760
1955	12	248
1956	1	417
1956	2	2855
1956	3	1309
1956	4	1953
1956	5	1000
1956	6	480
1956	7	1103
1956	8	1195
1956	9	1461
1956	10	867
1956	11	815
1956	12	1102
1957	1	1587
1957	2	1695
1957	3	996
1957	4	1991
1957	5	990
1957	6	1045
1957	7	366
1957	8	627
1957	9	2055
1957	10	1581
1957	11	2096
1957	12	1096
1958	1	1055
1958	2	1602
1958	3	1628
1958	4	1641
1958	5	769
1958	6	663
1958	7	2274
1958	8	1064
1958	9	285
1958	10	368
1958	11	569
1958	12	888
1959	1	902
1959	2	936
1959	3	1511
1959	4	1632
1959	5	1815
1959	6	1917
1959	7	1558
1959	8	502
1959	9	1770
1959	10	2231
1959	11	632
1959	12	1016
1960	1	1768
1960	2	1723
1960	3	1684
1960	4	708
1960	5	755
1960	6	1394
1960	7	1308
1960	8	1625
1960	9	1852
1960	10	1365
1960	11	529
1960	12	730
1961	1	925
1961	2	2955
1961	3	1274
1961	4	1306
1961	5	794
1961	6	4129
1961	7	1384
1961	8	1903
1961	9	367
1961	10	238
1961	11	1497
1961	12	3150
1962	1	1499
1962	2	1295
1962	3	1810
1962	4	1569
1962	5	363
1962	6	1371
1962	7	838
1962	8	1477
1962	9	1051
1962	10	1360
1962	11	1080
1962	12	1104
1963	1	1143
1963	2	796
1963	3	2907
1963	4	2116
1963	5	820
1963	6	1924
1963	7	2712
1963	8	762
1963	9	1444
1963	10	81
1963	11	1732
1963	12	996
1964	1	2532
1964	2	1313
1964	3	2707
1964	4	3125
1964	5	547
1964	6	508
1964	7	2915
1964	8	2157
1964	9	1173
1964	10	1818
1964	11	826
1964	12	1274
1965	1	785
1965	2	1597
1965	3	2280
1965	4	1424
1965	5	831
1965	6	2191
1965	7	765
1965	8	443
1965	9	651
1965	10	1804
1965	11	809
1965	12	160
1966	1	1354
1966	2	2628
1966	3	1137
1966	4	1246
1966	5	1651
1966	6	310
1966	7	623
1966	8	2289
1966	9	1157
1966	10	1446
1966	11	835
1966	12	964
1967	1	1167
1967	2	986
1967	3	742
1967	4	884
1967	5	1383
1967	6	2714
1967	7	1479
1967	8	2326
1967	9	534
1967	10	1129
1967	11	1154
1967	12	2159
1968	1	1213
1968	2	312
1968	3	1454
1968	4	956
1968	5	1098
1968	6	1365
1968	7	962
1968	8	516
1968	9	701
1968	10	1212
1968	11	1428
1968	12	1323
1969	1	1583
1969	2	1634
1969	3	1097
1969	4	1819
1969	5	1100
1969	6	1393
1969	7	2258
1969	8	2141
1969	9	1270
1969	10	905
1969	11	1088
1969	12	1237
1970	1	832
1970	2	785
1970	3	1052
1970	4	999
1970	5	897
1970	6	371
1970	7	575
1970	8	1506
1970	9	528
1970	10	1353
1970	11	488
1970	12	836
1971	1	1509
1971	2	1945
1971	3	1425
1971	4	812
1971	5	1090
1971	6	1132
1971	7	1766
1971	8	1261
1971	9	1762
1971	10	828
1971	11	1053
1971	12	1706
1972	1	1966
1972	2	820
1972	3	1483
1972	4	604
1972	5	2097
1972	6	1944
1972	7	1026
1972	8	634
1972	9	632
1972	10	1446
1972	11	1416
1972	12	2348
1973	1	1276
1973	2	1197
1973	3	2504
1973	4	2111
1973	5	2786
1973	6	882
1973	7	1042
1973	8	1015
1973	9	977
1973	10	591
1973	11	930
1973	12	2215
1974	1	2546
1974	2	1646
1974	3	955
1974	4	1149
1974	5	1622
1974	6	583
1974	7	1885
1974	8	1781
1974	9	665
1974	10	475
1974	11	902
1974	12	1064
1975	1	1313
1975	2	2254
1975	3	2851
1975	4	375
1975	5	1365
1975	6	1237
1975	7	725
1975	8	887
1975	9	2743
1975	10	1263
1975	11	1809
1975	12	1091
1976	1	1662
1976	2	646
1976	3	2517
1976	4	239
1976	5	4166
1976	6	1397
1976	7	1407
1976	8	1171
1976	9	1340
1976	10	1781
1976	11	905
1976	12	1730
1977	1	1048
1977	2	653
1977	3	3020
1977	4	950
1977	5	445
1977	6	1247
1977	7	518
1977	8	1129
1977	9	2163
1977	10	1983
1977	11	1737
1977	12	1240
1978	1	2343
1978	2	137
1978	3	1327
1978	4	681
1978	5	1521
1978	6	866
1978	7	1435
1978	8	2593
1978	9	697
1978	10	147
1978	11	871
1978	12	1310
1979	1	2266
1979	2	1786
1979	3	1414
1979	4	2738
1979	5	1766
1979	6	1372
1979	7	1654
1979	8	1416
1979	9	1616
1979	10	766
1979	11	2429
1979	12	356
1980	1	1779
1980	2	544
1980	3	3919
1980	4	1451
1980	5	2017
1980	6	890
1980	7	477
1980	8	293
1980	9	1959
1980	10	1032
1980	11	867
1980	12	131
1981	1	141
1981	2	1575
1981	3	841
1981	4	439
1981	5	1068
1981	6	914
1981	7	1040
1981	8	260
1981	9	721
1981	10	1095
1981	11	515
1981	12	1470
1982	1	2241
1982	2	2221
1982	3	615
1982	4	1412
1982	5	422
1982	6	667
1982	7	1789
1982	8	1338
1982	9	846
1982	10	1121
1982	11	1530
1982	12	1826
1983	1	831
1983	2	1323
1983	3	1914
1983	4	1555
1983	5	1954
1983	6	318
1983	7	636
1983	8	732
1983	9	1443
1983	10	982
1983	11	1749
1983	12	2658
1984	1	1211
1984	2	1580
1984	3	1057
1984	4	1641
1984	5	1774
1984	6	1283
1984	7	3302
1984	8	1315
1984	9	5
1984	10	842
1984	11	752
1984	12	793
1985	1	1031
1985	2	1925
1985	3	307
1985	4	482
1985	5	1521
1985	6	965
1985	7	2355
1985	8	2677
1985	9	109
1985	10	1551
1985	11	1994
1985	12	276
1986	1	562
1986	2	337
1986	3	771
1986	4	274
1986	5	982
1986	6	157
1986	7	448
1986	8	913
1986	9	861
1986	10	2088
1986	11	2094
1986	12	1553
1987	1	1330
1987	2	1489
1987	3	1706
1987	4	585
1987	5	810
1987	6	923
1987	7	1236
1987	8	1214
1987	9	1150
1987	10	69
1987	11	950
1987	12	1342
1988	1	1203
1988	2	627
1988	3	611
1988	4	1229
1988	5	391
1988	6	491
1988	7	1069
1988	8	917
1988	9	1120
1988	10	1064
1988	11	1115
1988	12	473
1989	1	909
1989	2	1373
1989	3	1422
1989	4	898
1989	5	1351
1989	6	2986
1989	7	2560
1989	8	1359
1989	9	1790
1989	10	1560
1989	11	1092
1989	12	1176
1990	1	2043
1990	2	1680
1990	3	2660
1990	4	638
1990	5	962
1990	6	491
1990	7	968
1990	8	1144
1990	9	2479
1990	10	1759
1990	11	521
1990	12	1232
1991	1	1288
1991	2	848
1991	3	1569
1991	4	1868
1991	5	2765
1991	6	1895
1991	7	1564
1991	8	2133
1991	9	371
1991	10	56
1991	11	626
1991	12	1146
1992	1	858
1992	2	1972
1992	3	1773
1992	4	445
1992	5	1372
1992	6	2433
1992	7	1006
1992	8	2915
1992	9	1614
1992	10	1163
1992	11	2734
1992	12	2027
1993	1	2424
1993	2	1053
1993	3	2047
1993	4	1230
1993	5	1144
1993	6	723
1993	7	471
1993	8	231
1993	9	806
1993	10	587
1993	11	1162
1993	12	953
1994	1	1489
1994	2	1443
1994	3	2113
1994	4	1139
1994	5	930
1994	6	2175
1994	7	1486
1994	8	3679
1994	9	647
1994	10	1887
1994	11	649
1994	12	991
1995	1	1557
1995	2	1302
1995	3	1016
1995	4	506
1995	5	1949
1995	6	1864
1995	7	338
1995	8	3470
1995	9	305
1995	10	2508
1995	11	1765
1995	12	737
1996	1	1533
1996	2	1090
1996	3	1654
1996	4	1198
1996	5	677
1996	6	526
1996	7	578
1996	8	1754
1996	9	1871
1996	10	201
1996	11	824
1996	12	1587
1997	1	1754
1997	2	1597
1997	3	1329
1997	4	1739
1997	5	1300
1997	6	911
1997	7	1209
1997	8	229
1997	9	1597
1997	10	2255
1997	11	650
1997	12	1336
1998	1	2006
1998	2	2401
1998	3	845
1998	4	2223
1998	5	876
1998	6	892
1998	7	815
1998	8	593
1998	9	1037
1998	10	1070
1998	11	864
1998	12	1200
1999	1	1389
1999	2	1455
1999	3	471
1999	4	1063
1999	5	541
1999	6	1221
1999	7	539
1999	8	569
1999	9	1122
1999	10	1344
1999	11	1602
1999	12	639
2000	1	1151
2000	2	692
2000	3	1125
2000	4	1451
2000	5	61
2000	6	828
2000	7	965
2000	8	1240
2000	9	1500
2000	10	460
2000	11	1405
2000	12	584
2001	1	1003
2001	2	632
2001	3	1599
2001	4	190
2001	5	594
2001	6	775
2001	7	1881
2001	8	781
2001	9	1025
2001	10	422
2001	11	461
2001	12	773
2002	1	1329
2002	2	427
2002	3	1736
2002	4	352
2002	5	1031
2002	6	709
2002	7	597
2002	8	1528
2002	9	2971
2002	10	1352
2002	11	1530
2002	12	2347
2003	1	500
2003	2	1599
2003	3	1599
2003	4	1384
2003	5	1779
2003	6	1195
2003	7	2768
2003	8	1814
2003	9	1065
2003	10	688
2003	11	1008
2003	12	975
2004	1	603
2004	2	1077
2004	3	497
2004	4	458
2004	5	1223
2004	6	2268
2004	7	2233
2004	8	1017
2004	9	4957
2004	10	316
2004	11	1609
2004	12	1832
2005	1	597
2005	2	1274
2005	3	1406
2005	4	1281
2005	5	806
2005	6	2811
2005	7	3378
2005	8	1740
2005	9	224
2005	10	774
2005	11	998
2005	12	1503
2006	1	1290
2006	2	493
2006	3	531
2006	4	617
2006	5	548
2006	6	2089
2006	7	797
2006	8	1177
2006	9	1075
2006	10	1448
2006	11	984
2006	12	1166
2007	1	1593
2007	2	750
2007	3	1232
2007	4	473
2007	5	354
2007	6	632
2007	7	954
2007	8	415
2007	9	689
2007	10	516
2007	11	522
2007	12	1654
2008	1	598
2008	2	1329
2008	3	1252
2008	4	852
2008	5	1568
2008	6	626
2008	7	721
2008	8	2241
2008	9	583
2008	10	677
2008	11	505
2008	12	1626
2009	1	1291
2009	2	582
2009	3	2100
2009	4	1108
2009	5	1838
2009	6	973
2009	7	573
2009	8	1126
2009	9	3248
2009	10	1807
2009	11	1971
2009	12	2506
2010	1	2077
2010	2	1224
2010	3	850
2010	4	1141
2010	5	1331
2010	6	1563
2010	7	503
2010	8	1459
2010	9	1125
2010	10	528
2010	11	782
2010	12	1087
2011	1	803
2011	2	814
2011	3	2995
2011	4	847
2011	5	637
2011	6	1931
2011	7	356
2011	8	536
2011	9	664
2011	10	861
2011	11	1441
2011	12	1234
2012	1	1380
2012	2	414
2012	3	1241
2012	4	614
2012	5	1336
2012	6	411
2012	7	1234
2012	8	1701
2012	9	829
2012	10	898
2012	11	195
2012	12	1723
2013	1	2580
2013	2	1338
2013	3	1319
2013	4	2218
2013	5	1101
2013	6	1612
2013	7	3845
2013	8	3009
2013	9	1019
2013	10	644
2013	11	1460
2013	12	2276
2014	1	907
2014	2	693
2014	3	1008
2014	4	1413
2014	5	1561
2014	6	1183
2014	7	1425
2014	8	1438
2014	9	1191
2014	10	1375
2014	11	1090
2014	12	929
2015	1	1308
2015	2	1122
2015	3	826
2015	4	1565
2015	5	406
2015	6	1378
2015	7	970
2015	8	1532
2015	9	1137
2015	10	1319
