1883	4	358
1883	6	1770
1883	7	800
1885	11	757
1885	12	531
1886	1	775
1886	2	328
1886	3	429
1886	4	500
1886	5	732
1886	6	1684
1886	7	719
1886	8	1603
1886	9	632
1886	10	328
1886	11	1044
1887	3	665
1887	4	940
1887	8	917
1887	9	424
1887	10	132
1893	1	722
1893	2	1118
1893	3	922
1893	4	1761
1893	5	1408
1893	6	845
1893	7	559
1893	8	244
1893	9	516
1893	10	907
1893	11	604
1893	12	482
1894	1	301
1894	2	812
1894	3	784
1894	4	470
1894	5	1362
1894	6	669
1894	7	217
1894	8	303
1894	9	739
1894	10	512
1894	11	642
1894	12	679
1895	1	958
1895	2	247
1895	3	333
1895	4	358
1895	5	409
1895	6	1126
1895	7	278
1895	8	553
1895	9	452
1895	10	156
1895	11	1661
1895	12	953
1896	1	289
1896	2	501
1896	3	742
1896	4	309
1896	5	1094
1896	6	1054
1896	7	1471
1896	8	1561
1896	9	1132
1896	10	183
1896	11	854
1896	12	279
1897	1	579
1897	2	677
1897	3	1866
1897	4	1192
1897	5	735
1897	6	1062
1897	7	1140
1897	8	369
1897	9	318
1897	10	213
1897	11	2079
1897	12	726
1898	1	1255
1898	2	449
1898	3	2244
1898	4	315
1898	5	1013
1898	6	824
1898	7	833
1898	8	1019
1898	9	1149
1898	10	1056
1898	11	617
1898	12	701
1899	1	753
1899	2	494
1899	3	1060
1899	4	434
1899	5	775
1899	6	483
1899	7	676
1899	8	1035
1899	9	308
1899	10	535
1899	11	670
1899	12	752
1900	1	528
1900	2	782
1900	3	436
1900	4	437
1900	5	1459
1900	6	973
1900	7	1277
1900	8	1073
1900	9	657
1900	10	391
1900	11	827
1900	12	305
1901	1	291
1901	2	282
1901	3	756
1901	4	633
1901	5	770
1901	6	986
1901	7	572
1901	8	717
1901	9	452
1901	10	556
1901	11	242
1901	12	947
1902	1	321
1902	2	184
1902	3	742
1902	4	490
1902	5	810
1902	6	2236
1902	7	565
1902	8	364
1902	9	1437
1902	10	605
1902	11	971
1902	12	972
1903	1	597
1903	2	816
1903	3	771
1903	4	756
1903	5	1397
1903	6	808
1903	7	1090
1903	8	813
1903	9	313
1903	10	748
1903	11	750
1903	12	478
1904	1	580
1904	2	909
1904	3	2553
1904	4	544
1904	5	1285
1904	6	584
1904	7	838
1904	8	279
1904	9	779
1904	10	248
1904	11	66
1904	12	1270
1905	1	434
1905	2	469
1905	3	567
1905	4	812
1905	5	1280
1905	6	761
1905	7	479
1905	8	1295
1905	9	444
1905	10	1334
1905	11	508
1905	12	377
1906	1	521
1906	2	204
1906	3	1740
1906	4	660
1906	5	396
1906	6	1310
1906	7	516
1906	8	1544
1906	9	923
1906	10	469
1906	11	1182
1906	12	856
1907	1	2010
1907	2	0
1907	3	1268
1907	4	617
1907	5	803
1907	6	883
1907	7	1460
1907	8	644
1907	9	611
1907	10	654
1907	11	852
1907	12	1026
1908	1	458
1908	2	1211
1908	3	1204
1908	4	983
1908	5	1977
1908	6	549
1908	7	489
1908	8	615
1908	9	196
1908	10	114
1908	11	506
1908	12	361
1909	1	615
1909	2	1551
1909	3	638
1909	4	1102
1909	5	1144
1909	6	1303
1909	7	1464
1909	8	819
1909	9	869
1909	10	1182
1909	11	820
1909	12	787
1910	1	748
1910	2	848
1910	3	0
1910	4	731
1910	5	1097
1910	6	549
1910	7	1641
1910	8	254
1910	9	1400
1910	10	1798
1910	11	460
1910	12	454
1911	1	679
1911	2	256
1911	3	251
1911	4	820
1911	5	584
1911	6	1206
1911	7	155
1911	8	198
1911	9	1229
1911	10	1103
1911	11	714
1911	12	314
1912	1	335
1912	2	877
1912	3	1308
1912	4	1146
1912	5	1223
1912	6	470
1912	7	1422
1912	8	1818
1912	9	1028
1912	10	267
1912	11	284
1912	12	284
1913	1	1695
1913	2	244
1913	3	2250
1913	4	622
1913	5	533
1913	6	734
1913	7	1560
1913	8	800
1913	9	539
1913	10	747
1913	11	1375
1913	12	109
1914	1	540
1914	2	720
1914	3	432
1914	4	823
1914	5	405
1914	6	711
1914	7	356
1914	8	1128
1914	9	587
1914	10	406
1914	11	317
1914	12	410
1915	1	970
1915	2	244
1915	3	338
1915	4	272
1915	5	881
1915	6	670
1915	7	2230
1915	8	1989
1915	9	1133
1915	10	722
1915	11	816
1915	12	712
1916	1	993
1916	2	241
1916	3	554
1916	4	507
1916	5	1164
1916	6	1746
1916	7	646
1916	8	1202
1916	9	595
1916	10	176
1916	11	445
1916	12	883
1917	1	956
1917	2	193
1917	3	1072
1917	4	1183
1917	5	1102
1917	6	1305
1917	7	671
1917	8	312
1917	9	829
1917	10	1124
1917	11	30
1917	12	215
1918	1	750
1918	2	330
1918	3	655
1918	4	1295
1918	5	1334
1918	6	892
1918	7	410
1918	8	984
1918	9	1078
1918	10	354
1918	11	826
1918	12	1340
1919	1	308
1919	2	272
1919	3	1549
1919	4	611
1919	5	1187
1919	6	960
1919	7	290
1919	8	564
1919	9	498
1919	10	2350
1919	11	833
1919	12	181
1920	1	352
1920	2	272
1920	3	651
1920	4	1502
1920	5	941
1920	6	1329
1920	7	1337
1920	8	803
1920	9	902
1920	10	345
1920	11	710
1920	12	742
1921	1	885
1921	2	297
1921	3	2061
1921	4	1621
1921	5	481
1921	6	738
1921	7	1046
1921	8	1522
1921	9	1365
1921	10	590
1921	11	2883
1921	12	861
1922	1	407
1922	2	650
1922	3	10
1922	4	2662
1922	5	652
1922	6	477
1922	7	1000
1922	8	1341
1922	9	356
1922	10	577
1922	11	744
1922	12	823
1923	1	661
1923	2	449
1923	3	873
1923	4	264
1923	5	1590
1923	6	688
1923	7	1070
1923	8	1148
1923	9	511
1923	10	789
1923	11	492
1923	12	450
1924	1	493
1924	2	198
1924	3	905
1924	4	1016
1924	5	1017
1924	6	1581
1924	7	1114
1924	8	1173
1924	9	893
1924	10	71
1924	11	480
1924	12	1211
1925	1	56
1925	2	488
1925	3	641
1925	4	435
1925	5	557
1925	6	1264
1925	7	970
1925	8	472
1925	9	1669
1925	10	1134
1925	11	1514
1925	12	284
1926	1	867
1926	2	568
1926	3	805
1926	4	988
1926	5	902
1926	6	520
1926	7	585
1926	8	3294
1926	9	2773
1926	10	902
1926	11	395
1926	12	315
1927	1	347
1927	2	287
1927	3	1295
1927	4	2724
1927	5	1394
1927	6	331
1927	7	940
1927	8	1029
1927	9	558
1927	10	462
1927	11	1025
1927	12	406
1928	1	283
1928	2	206
1928	3	630
1928	4	816
1928	5	688
1928	6	1826
1928	7	779
1928	8	747
1928	9	140
1928	10	1191
1928	11	951
1928	12	541
1929	1	930
1929	2	423
1929	3	923
1929	4	1121
1929	5	2092
1929	6	1670
1929	7	2030
1929	8	711
1929	9	635
1929	10	598
1929	11	709
1929	12	583
1930	1	1599
1930	2	698
1930	3	441
1930	4	764
1930	5	649
1930	6	684
1930	7	306
1930	8	413
1930	9	895
1930	10	378
1930	11	406
1930	12	234
1931	1	112
1931	2	488
1931	3	705
1931	4	939
1931	5	680
1931	6	979
1931	7	579
1931	8	1033
1931	9	673
1931	10	972
1931	11	712
1931	12	1009
1932	1	1197
1932	2	266
1932	3	1180
1932	4	587
1932	5	162
1932	6	1536
1932	7	991
1932	8	651
1932	9	2455
1932	10	953
1932	11	648
1932	12	1014
1933	1	672
1933	2	360
1933	3	1588
1933	4	836
1933	5	1931
1933	6	405
1933	7	336
1933	8	300
1933	9	1273
1933	10	246
1933	11	229
1933	12	516
1934	1	340
1934	2	186
1934	3	774
1934	4	317
1934	5	215
1934	6	752
1934	7	712
1934	8	539
1934	9	1076
1934	10	66
1934	11	395
1934	12	417
1935	1	514
1935	2	61
1935	3	780
1935	4	342
1935	5	2025
1935	6	1077
1935	7	2008
1935	8	544
1935	9	1115
1935	10	429
1935	11	953
1935	12	566
1936	1	363
1936	2	790
1936	3	752
1936	4	996
1936	5	297
1936	6	280
1936	7	109
1936	8	715
1936	9	1612
1936	10	815
1936	11	1229
1936	12	619
1937	1	2410
1937	2	493
1937	3	368
1937	4	950
1937	5	734
1937	6	1074
1937	7	830
1937	8	949
1937	9	865
1937	10	1136
1937	11	330
1937	12	852
1938	1	269
1938	2	692
1938	3	2129
1938	4	791
1938	5	2009
1938	6	1730
1938	7	1055
1938	8	953
1938	9	647
1938	10	236
1938	11	952
1938	12	305
1939	1	1256
1939	2	969
1939	3	914
1939	4	1702
1939	5	673
1939	6	1312
1939	7	1472
1939	8	648
1939	9	266
1939	10	660
1939	11	360
1939	12	287
1940	1	366
1940	2	594
1940	3	318
1940	4	1527
1940	5	1067
1940	6	606
1940	7	307
1940	8	339
1940	9	153
1940	10	365
1940	11	841
1940	12	582
1941	1	350
1941	2	162
1941	3	264
1941	4	416
1941	5	208
1941	6	1382
1941	7	499
1941	8	451
1941	9	389
1941	10	2351
1941	11	653
1941	12	402
1942	1	204
1942	2	1015
1942	3	1238
1942	4	683
1942	5	1543
1942	6	1794
1942	7	392
1942	8	1393
1942	9	703
1942	10	299
1942	11	1164
1942	12	660
1943	1	239
1943	2	543
1943	3	1164
1943	4	590
1943	5	2063
1943	6	1348
1943	7	1593
1943	8	201
1943	9	905
1943	10	457
1943	11	462
1943	12	209
1944	1	74
1944	2	698
1944	3	1303
1944	4	1966
1944	5	595
1944	6	503
1944	7	440
1944	8	647
1944	9	580
1944	10	158
1944	11	749
1944	12	428
1945	1	223
1945	2	742
1945	3	1766
1945	4	1360
1945	5	813
1945	6	1795
1945	7	1019
1945	8	770
1945	9	1373
1945	10	409
1945	11	944
1945	12	681
1946	1	277
1946	2	679
1946	3	971
1946	4	337
1946	5	2129
1946	6	894
1946	7	662
1946	8	836
1946	9	244
1946	10	661
1946	11	822
1946	12	769
1947	1	1167
1947	2	95
1947	3	538
1947	4	1573
1947	5	988
1947	6	1117
1947	7	1727
1947	8	916
1947	9	868
1947	10	674
1947	11	339
1947	12	436
1948	1	674
1948	2	637
1948	3	1521
1948	4	1292
1948	5	969
1948	6	1294
1948	7	783
1948	8	315
1948	9	648
1948	10	855
1948	11	1221
1948	12	640
1949	1	1691
1949	2	671
1949	3	917
1949	4	472
1949	5	821
1949	6	1160
1949	7	823
1949	8	534
1949	9	825
1949	10	823
1949	11	148
1949	12	779
1950	1	2931
1950	2	1448
1950	3	913
1950	4	979
1950	5	1069
1950	6	1740
1950	7	778
1950	8	713
1950	9	1424
1950	10	289
1950	11	1300
1950	12	643
1951	1	769
1951	2	825
1951	3	834
1951	4	908
1951	5	1127
1951	6	1426
1951	7	767
1951	8	317
1951	9	419
1951	10	282
1951	11	1148
1951	12	1132
1952	1	979
1952	2	654
1952	3	1238
1952	4	776
1952	5	727
1952	6	1529
1952	7	650
1952	8	685
1952	9	1610
1952	10	150
1952	11	749
1952	12	582
1953	1	559
1953	2	383
1953	3	1088
1953	4	626
1953	5	1262
1953	6	871
1953	7	1097
1953	8	710
1953	9	349
1953	10	315
1953	11	395
1953	12	602
1954	1	923
1954	2	602
1954	3	677
1954	4	1155
1954	5	718
1954	6	298
1954	7	376
1954	8	1284
1954	9	287
1954	10	1516
1954	11	285
1954	12	482
1955	1	524
1955	2	496
1955	3	744
1955	4	1016
1955	5	1121
1955	6	1004
1955	7	1396
1955	8	633
1955	9	2080
1955	10	762
1955	11	1533
1955	12	94
1956	1	401
1956	2	741
1956	3	521
1956	4	749
1956	5	2386
1956	6	392
1956	7	675
1956	8	773
1956	9	267
1956	10	109
1956	11	408
1956	12	873
1957	1	488
1957	2	366
1957	3	425
1957	4	1454
1957	5	1684
1957	6	1654
1957	7	554
1957	8	899
1957	9	575
1957	10	739
1957	11	643
1957	12	1146
1958	1	382
1958	2	92
1958	3	292
1958	4	742
1958	5	1105
1958	6	2776
1958	7	2356
1958	8	1133
1958	9	991
1958	10	363
1958	11	1129
1958	12	41
1959	1	1238
1959	2	501
1959	3	553
1959	4	1083
1959	5	1283
1959	6	322
1959	7	1007
1959	8	427
1959	9	405
1959	10	1337
1959	11	781
1959	12	514
1960	1	561
1960	2	769
1960	3	254
1960	4	285
1960	5	1233
1960	6	1236
1960	7	1016
1960	8	592
1960	9	559
1960	10	369
1960	11	328
1960	12	396
1961	1	246
1961	2	645
1961	3	1205
1961	4	1521
1961	5	1232
1961	6	789
1961	7	1314
1961	8	606
1961	9	776
1961	10	587
1961	11	775
1961	12	732
1962	1	985
1962	2	564
1962	3	843
1962	4	209
1962	5	996
1962	6	209
1962	7	1927
1962	8	1069
1962	9	672
1962	10	465
1962	11	426
1962	12	178
1963	1	203
1963	2	175
1963	3	2065
1963	4	1086
1963	5	751
1963	6	506
1963	7	1004
1963	8	549
1963	9	51
1963	10	69
1963	11	641
1963	12	177
1964	1	365
1964	2	640
1964	3	1872
1964	4	2201
1964	5	255
1964	6	545
1964	7	1621
1964	8	554
1964	9	417
1964	10	110
1964	11	660
1964	12	791
1965	1	1078
1965	2	1051
1965	3	659
1965	4	1416
1965	5	265
1965	6	821
1965	7	994
1965	8	950
1965	9	1613
1965	10	657
1965	11	336
1965	12	464
1966	1	702
1966	2	599
1966	3	332
1966	4	820
1966	5	630
1966	6	768
1966	7	813
1966	8	720
1966	9	1535
1966	10	393
1966	11	1253
1966	12	1003
1967	1	417
1967	2	498
1967	3	1042
1967	4	1024
1967	5	1741
1967	6	395
1967	7	171
1967	8	383
1967	9	205
1967	10	1298
1967	11	632
1967	12	1623
1968	1	1248
1968	2	544
1968	3	574
1968	4	1111
1968	5	2270
1968	6	741
1968	7	1346
1968	8	2070
1968	9	791
1968	10	485
1968	11	1121
1968	12	689
1969	1	1600
1969	2	406
1969	3	445
1969	4	1091
1969	5	556
1969	6	1394
1969	7	2259
1969	8	863
1969	9	1104
1969	10	914
1969	11	687
1969	12	770
1970	1	384
1970	2	606
1970	3	446
1970	4	1078
1970	5	964
1970	6	905
1970	7	2225
1970	8	497
1970	9	583
1970	10	1259
1970	11	657
1970	12	811
1971	1	770
1971	2	1738
1971	3	681
1971	4	277
1971	5	1045
1971	6	782
1971	7	1032
1971	8	326
1971	9	1342
1971	10	799
1971	11	134
1971	12	1520
1972	1	407
1972	2	368
1972	3	295
1972	4	1402
1972	5	531
1972	6	1275
1972	7	667
1972	8	619
1972	9	1722
1972	10	623
1972	11	1737
1972	12	544
1973	1	301
1973	2	360
1973	3	1531
1973	4	858
1973	5	760
1973	6	2192
1973	7	1704
1973	8	756
1973	9	473
1973	10	576
1973	11	1183
1973	12	1072
1974	1	773
1974	2	596
1974	3	631
1974	4	758
1974	5	1515
1974	6	2003
1974	7	124
1974	8	1123
1974	9	827
1974	10	278
1974	11	721
1974	12	851
1975	1	1255
1975	2	1009
1975	3	1112
1975	4	1305
1975	5	527
1975	6	1271
1975	7	819
1975	8	418
1975	9	724
1975	10	859
1975	11	952
1975	12	949
1976	1	576
1976	2	372
1976	3	812
1976	4	282
1976	5	673
1976	6	1334
1976	7	1102
1976	8	849
1976	9	478
1976	10	695
1976	11	196
1976	12	88
1977	1	306
1977	2	792
1977	3	908
1977	4	1062
1977	5	618
1977	6	416
1977	7	1875
1977	8	1379
1977	9	438
1977	10	1401
1977	11	793
1977	12	1175
1978	1	713
1978	2	107
1978	3	691
1978	4	1042
1978	5	1168
1978	6	1484
1978	7	1372
1978	8	2718
1978	9	353
1978	10	1030
1978	11	792
1978	12	922
1979	1	1113
1979	2	687
1979	3	426
1979	4	1040
1979	5	736
1979	6	713
1979	7	2474
1979	8	2539
1979	9	346
1979	10	819
1979	11	1308
1979	12	637
1980	1	396
1980	2	400
1980	3	1014
1980	4	557
1980	5	1052
1980	6	1722
1980	7	1430
1980	8	2856
1980	9	629
1980	10	541
1980	11	409
1980	12	164
1981	1	69
1981	2	679
1981	3	418
1981	4	1562
1981	5	2414
1981	6	724
1981	7	980
1981	8	1126
1981	9	440
1981	10	722
1981	11	263
1981	12	964
1982	1	836
1982	2	636
1982	3	1130
1982	4	485
1982	5	1059
1982	6	1006
1982	7	714
1982	8	624
1982	9	194
1982	10	191
1982	11	1474
1982	12	1106
1983	1	235
1983	2	214
1983	3	683
1983	4	1180
1983	5	1318
1983	6	541
1983	7	1023
1983	8	917
1983	9	221
1983	10	1487
1983	11	1383
1983	12	1030
1984	1	204
1984	2	635
1984	3	666
1984	4	2112
1984	5	999
1984	6	284
1984	7	1394
1984	8	1061
1984	9	1349
1984	10	857
1984	11	1258
1984	12	1128
1985	1	329
1985	2	868
1985	3	1393
1985	4	780
1985	5	1494
1985	6	840
1985	7	1479
1985	8	1829
1985	9	443
1985	10	637
1985	11	2471
1985	12	751
1986	1	332
1986	2	757
1986	3	898
1986	4	859
1986	5	1543
1986	6	576
1986	7	1223
1986	8	484
1986	9	1606
1986	10	2266
1986	11	473
1986	12	332
1987	1	297
1987	2	133
1987	3	742
1987	4	656
1987	5	640
1987	6	580
1987	7	2909
1987	8	253
1987	9	172
1987	10	404
1987	11	744
1987	12	1109
1988	1	404
1988	2	931
1988	3	712
1988	4	959
1988	5	284
1988	6	101
1988	7	1397
1988	8	330
1988	9	719
1988	10	679
1988	11	1380
1988	12	582
1989	1	521
1989	2	455
1989	3	1417
1989	4	1073
1989	5	1846
1989	6	680
1989	7	1864
1989	8	863
1989	9	2017
1989	10	339
1989	11	778
1989	12	354
1990	1	435
1990	2	1305
1990	3	895
1990	4	698
1990	5	2434
1990	6	1053
1990	7	1551
1990	8	1245
1990	9	825
1990	10	1082
1990	11	825
1990	12	1972
1991	1	515
1991	2	583
1991	3	1598
1991	4	870
1991	5	691
1991	6	542
1991	7	1207
1991	8	670
1991	9	979
1991	10	1669
1991	11	856
1991	12	473
1992	1	471
1992	2	282
1992	3	572
1992	4	1260
1992	5	618
1992	6	1430
1992	7	2069
1992	8	729
1992	9	700
1992	10	403
1992	11	1605
1992	12	396
1993	1	781
1993	2	576
1993	3	596
1993	4	1217
1993	5	707
1993	6	1925
1993	7	1395
1993	8	932
1993	9	1835
1993	10	728
1993	11	2072
1993	12	690
1994	1	834
1994	2	335
1994	3	297
1994	4	1317
1994	5	835
1994	6	1561
1994	7	530
1994	8	1170
1994	9	444
1994	10	244
1994	11	1167
1994	12	539
1995	1	771
1995	2	240
1995	3	1171
1995	4	943
1995	5	2331
1995	6	728
1995	7	411
1995	8	1008
1995	9	358
1995	10	585
1995	11	643
1995	12	582
1996	1	930
1996	2	189
1996	3	696
1996	4	2235
1996	5	2718
1996	6	1153
1996	7	1238
1996	8	851
1996	9	2041
1996	10	373
1996	11	1460
1996	12	849
1997	1	954
1997	2	597
1997	3	1074
1997	4	535
1997	5	1073
1997	6	1394
1997	7	859
1997	8	1145
1997	9	446
1997	10	397
1997	11	762
1997	12	354
1998	1	650
1998	2	389
1998	3	1194
1998	4	1455
1998	5	1721
1998	6	2671
1998	7	744
1998	8	540
1998	9	102
1998	10	1101
1998	11	615
1998	12	442
1999	1	1306
1999	2	1092
1999	3	385
1999	4	971
1999	5	621
1999	6	719
1999	7	477
1999	8	439
1999	9	368
1999	10	384
1999	11	350
1999	12	902
2000	1	551
2000	2	702
2000	3	370
2000	4	1159
2000	5	1489
2000	6	1775
2000	7	984
2000	8	756
2000	9	1420
2000	10	921
2000	11	695
2000	12	713
2001	1	235
2001	2	438
2001	3	326
2001	4	529
2001	5	1203
2001	6	1122
2001	7	2285
2001	8	1050
2001	9	1436
2001	10	1863
2001	11	758
2001	12	893
2002	1	283
2002	2	666
2002	3	1280
2002	4	1597
2002	5	1726
2002	6	1891
2002	7	1390
2002	8	488
2002	9	1028
2002	10	738
2002	11	659
2002	12	816
2003	1	435
2003	2	1033
2003	3	747
2003	4	751
2003	5	1523
2003	6	704
2003	7	2481
2003	8	519
2003	9	2057
2003	10	862
2003	11	1199
2003	12	730
2004	1	1172
2004	2	236
2004	3	1052
2004	4	456
2004	5	1467
2004	6	1452
2004	7	1138
2004	8	1321
2004	9	10
2004	10	993
2004	11	1142
2004	12	650
2005	1	2358
2005	2	677
2005	3	458
2005	4	1255
2005	5	834
2005	6	1163
2005	7	1708
2005	8	1688
2005	9	1275
2005	10	1048
2005	11	991
2005	12	746
2006	1	949
2006	2	397
2006	3	1606
2006	4	1501
2006	5	1776
2006	6	1186
2006	7	1343
2006	8	1406
2006	9	1207
2006	10	1555
2006	11	767
2006	12	1748
2007	1	1298
2007	2	800
2007	3	1484
2007	4	1328
2007	5	331
2007	6	752
2007	7	389
2007	8	841
2007	9	460
2007	10	824
2007	11	730
2007	12	1323
2008	1	838
2008	2	1151
2008	3	1596
2008	4	629
2008	5	2130
2008	6	2619
2008	7	1455
2008	8	653
2008	9	713
2008	10	518
2008	11	686
2008	12	1378
2009	1	474
2009	2	569
2009	3	553
2009	4	1861
2009	5	1767
2009	6	1404
2009	7	968
2009	8	1619
2009	9	897
2009	10	1462
2009	11	289
2009	12	808
2010	1	382
2010	2	486
2010	3	996
2010	4	729
2010	5	1650
2010	6	3029
2010	7	1125
2010	8	694
2010	9	194
2010	10	404
2010	11	1389
2010	12	358
2011	1	533
2011	2	1525
2011	3	1177
2011	4	2956
2011	5	1862
2011	6	1007
2011	7	386
2011	8	640
2011	9	1669
2011	10	949
2011	11	1432
2011	12	1239
2012	1	812
2012	2	396
2012	3	1054
2012	4	528
2012	5	1019
2012	6	163
2012	7	414
2012	8	1289
2012	9	2032
2012	10	1081
2012	11	318
2012	12	814
2013	1	1469
2013	2	599
2013	3	562
2013	4	1407
2013	5	878
2013	6	820
2013	7	806
2013	8	284
2013	9	1338
2013	10	1102
2013	11	897
2013	12	1814
2014	1	694
2014	2	694
2014	3	488
2014	4	1591
2014	5	1270
2014	6	1646
2014	7	826
2014	8	1113
2014	9	703
2014	10	915
2014	11	772
2014	12	734
2015	1	500
2015	2	280
2015	3	984
2015	4	1399
2015	5	650
2015	6	2364
2015	7	1813
2015	8	491
2015	9	897
2015	10	249
