1857	5	262
1857	6	269
1857	7	584
1857	8	1935
1857	9	889
1857	10	587
1857	11	899
1857	12	216
1858	1	597
1858	2	648
1858	3	775
1858	4	1737
1858	5	2151
1858	6	1763
1858	7	2398
1858	8	465
1858	9	1227
1858	10	1575
1858	11	2210
1858	12	1194
1859	1	368
1859	2	610
1859	3	1346
1859	4	726
1859	5	1450
1859	6	2057
1859	7	1895
1859	8	445
1859	9	914
1859	10	231
1859	11	673
1859	12	38
1875	11	97
1875	12	1006
1876	1	650
1876	2	312
1876	3	909
1876	4	1387
1876	5	1214
1876	6	1288
1876	7	1407
1876	8	986
1876	9	2296
1876	10	391
1876	11	561
1876	12	58
1877	1	330
1877	2	48
1877	3	1265
1877	4	1697
1877	5	942
1877	6	2736
1877	7	699
1877	8	1859
1877	9	569
1877	10	1120
1877	11	587
1877	12	803
1878	1	28
1878	2	490
1878	3	820
1878	4	544
1878	5	1204
1878	6	1105
1878	7	752
1878	8	1595
1878	9	1059
1878	10	678
1878	11	419
1878	12	511
1879	1	315
1879	2	183
1879	3	323
1879	4	523
1879	5	1918
1879	6	1661
1879	7	236
1879	8	381
1879	9	815
1879	10	287
1879	11	1298
1879	12	262
1880	1	892
1880	2	216
1880	3	726
1880	4	627
1880	5	884
1880	6	538
1880	7	902
1880	8	889
1880	9	930
1880	10	208
1880	11	376
1880	12	274
1881	1	201
1881	2	815
1881	3	714
1881	4	859
1881	5	551
1881	6	3602
1881	7	518
1881	8	340
1881	9	1461
1881	10	1951
1881	11	597
1881	12	325
1882	1	89
1882	2	201
1882	3	528
1882	4	912
1882	5	2555
1882	6	2289
1882	7	881
1882	8	833
1882	9	201
1882	10	1059
1882	11	297
1882	12	765
1883	1	391
1883	2	869
1883	3	201
1883	4	615
1883	5	1740
1883	6	1549
1883	7	1156
1883	8	191
1883	9	442
1883	10	1257
1883	11	798
1883	12	325
1884	1	180
1884	2	345
1884	3	922
1884	4	582
1884	5	991
1884	6	1146
1884	7	940
1884	8	1257
1884	9	958
1884	10	1570
1884	11	396
1884	12	719
1885	1	759
1885	2	635
1885	3	15
1885	4	665
1885	5	579
1885	6	1100
1885	7	551
1885	8	1118
1885	9	701
1885	10	744
1885	11	208
1885	12	386
1886	1	968
1886	2	117
1886	3	498
1886	4	257
1886	5	1394
1886	6	135
1886	7	0
1886	8	889
1886	9	632
1886	10	744
1888	3	759
1888	4	528
1888	5	2367
1888	6	1217
1891	1	254
1891	2	229
1891	3	1163
1891	4	554
1891	5	640
1891	6	983
1891	7	993
1891	8	2123
1891	9	130
1891	10	447
1891	11	899
1891	12	475
1892	1	795
1892	2	316
1892	3	696
1892	4	1788
1892	5	3051
1892	6	1085
1892	7	1636
1892	8	493
1892	9	211
1892	10	406
1892	11	345
1892	12	767
1893	1	294
1893	2	252
1893	3	571
1893	4	2399
1893	5	1065
1893	6	947
1893	7	500
1893	8	551
1893	9	679
1893	10	275
1893	11	391
1893	12	282
1894	1	350
1894	2	479
1894	3	516
1894	4	633
1894	5	682
1894	6	543
1894	7	18
1894	8	562
1894	9	1853
1894	10	587
1894	11	421
1894	12	162
1895	1	274
1895	2	157
1895	3	305
1895	4	604
1895	5	1066
1895	6	717
1895	7	1169
1895	8	861
1895	9	676
1895	10	96
1895	11	402
1895	12	840
1896	1	161
1896	2	546
1896	3	217
1896	4	1168
1896	5	1886
1896	6	275
1896	7	1378
1896	8	1902
1896	9	1354
1896	10	675
1896	11	188
1896	12	187
1897	1	785
1897	2	305
1897	3	676
1897	4	1045
1897	5	148
1897	6	1494
1897	7	921
1897	8	359
1897	9	274
1897	10	48
1897	11	311
1897	12	285
1898	1	895
1898	2	217
1898	3	717
1898	4	818
1898	5	1577
1898	6	1409
1898	7	722
1898	8	900
1898	9	917
1898	10	1049
1898	11	423
1898	12	190
1899	1	59
1899	2	274
1899	3	416
1899	4	810
1899	5	1634
1899	6	492
1899	7	565
1899	8	676
1899	9	430
1899	10	158
1899	11	406
1899	12	477
1900	1	211
1900	2	835
1900	3	461
1900	4	962
1900	5	1351
1900	6	771
1900	7	1105
1900	8	925
1900	9	1153
1900	10	889
1900	11	407
1900	12	50
1901	1	333
1901	2	292
1901	3	694
1901	4	427
1901	5	618
1901	6	966
1901	7	526
1901	8	154
1901	9	612
1901	10	314
1901	11	185
1901	12	356
1902	1	139
1902	2	188
1902	3	363
1902	4	666
1902	5	622
1902	6	2852
1902	7	2894
1902	8	2424
1902	9	1048
1902	10	1197
1902	11	536
1902	12	442
1903	1	209
1903	2	343
1903	3	527
1903	4	1199
1903	5	1992
1903	6	664
1903	7	526
1903	8	1627
1903	9	1546
1903	10	806
1903	11	248
1903	12	228
1904	1	772
1904	2	155
1904	3	819
1904	4	1024
1904	5	885
1904	6	550
1904	7	896
1904	8	1066
1904	9	1050
1904	10	143
1904	11	36
1904	12	492
1905	1	248
1905	2	441
1905	3	608
1905	4	1157
1905	5	1128
1905	6	1562
1905	7	785
1905	8	1515
1905	9	688
1905	10	918
1905	11	504
1905	12	229
1906	1	672
1906	2	579
1906	3	656
1906	4	701
1906	5	618
1906	6	923
1906	7	631
1906	8	784
1906	9	1138
1906	10	293
1906	11	479
1906	12	373
1907	1	880
1907	2	106
1907	3	548
1907	4	715
1907	5	1419
1907	6	1468
1907	7	2412
1907	8	1063
1907	9	665
1907	10	299
1907	11	262
1907	12	241
1908	1	119
1908	2	343
1908	3	579
1908	4	339
1908	5	2632
1908	6	1456
1908	7	755
1908	8	1080
1908	9	191
1908	10	155
1908	11	601
1908	12	74
1909	1	388
1909	2	874
1909	3	468
1909	4	1229
1909	5	1292
1909	6	1505
1909	7	1934
1909	8	0
1909	9	553
1909	10	845
1909	11	1198
1909	12	607
1910	1	512
1910	2	168
1910	3	135
1910	4	807
1910	5	952
1910	6	190
1910	7	782
1910	8	882
1910	9	441
1910	10	160
1910	11	123
1910	12	140
1911	1	370
1911	2	1246
1911	3	347
1911	4	925
1911	5	649
1911	6	162
1911	7	684
1911	8	114
1911	9	1849
1911	10	604
1911	11	971
1911	12	626
1912	1	41
1912	2	305
1912	3	343
1912	4	933
1912	5	971
1912	6	510
1912	7	933
1912	8	284
1912	9	211
1912	10	789
1912	11	249
1912	12	113
1913	1	234
1913	2	412
1913	3	661
1913	4	819
1913	5	1435
1913	6	1139
1913	7	15
1913	8	961
1913	9	551
1913	10	1213
1913	11	194
1913	12	246
1914	1	321
1914	2	355
1914	3	251
1914	4	542
1914	5	1753
1914	6	991
1914	7	387
1914	8	868
1914	9	1583
1914	10	489
1914	11	41
1914	12	523
1915	1	462
1915	2	110
1915	3	217
1915	4	196
1915	5	1822
1915	6	1263
1915	7	2870
1915	8	496
1915	9	2038
1915	10	279
1915	11	660
1915	12	124
1916	1	862
1916	2	126
1916	3	1087
1916	4	490
1916	5	1415
1916	6	1240
1916	7	181
1916	8	955
1916	9	1468
1916	10	988
1916	11	406
1916	12	404
1917	1	125
1917	2	23
1917	3	317
1917	4	1681
1917	5	1243
1917	6	1763
1917	7	654
1917	8	417
1917	9	745
1917	10	414
1917	11	10
1917	12	133
1918	1	521
1918	2	186
1918	3	10
1918	4	934
1918	5	2540
1918	6	1930
1918	7	1024
1918	8	724
1918	9	661
1918	10	475
1918	11	728
1918	12	599
1919	1	3
1919	2	742
1919	3	709
1919	4	1119
1919	5	1055
1919	6	829
1919	7	239
1919	8	691
1919	9	1552
1919	10	1134
1919	11	903
1919	12	81
1920	1	120
1920	2	62
1920	3	1248
1920	4	1655
1920	5	1163
1920	6	948
1920	7	1149
1920	8	739
1920	9	918
1920	10	624
1920	11	296
1920	12	465
1921	1	229
1921	2	197
1921	3	678
1921	4	1260
1921	5	940
1921	6	1977
1921	7	346
1921	8	1544
1921	9	1884
1921	10	666
1921	11	117
1921	12	501
1922	1	295
1922	2	393
1922	3	465
1922	4	669
1922	5	800
1922	6	358
1922	7	1831
1922	8	696
1922	9	672
1922	10	387
1922	11	1166
1922	12	153
1923	1	209
1923	2	202
1923	3	1106
1923	4	330
1923	5	504
1923	6	1285
1923	7	271
1923	8	1025
1923	9	1744
1923	10	449
1923	11	271
1923	12	243
1924	1	289
1924	2	752
1924	3	331
1924	4	422
1924	5	537
1924	6	2498
1924	7	1774
1924	8	1157
1924	9	699
1924	10	452
1924	11	344
1924	12	688
1925	1	119
1925	2	701
1925	3	302
1925	4	1070
1925	5	208
1925	6	2507
1925	7	857
1925	8	1133
1925	9	1431
1925	10	1083
1925	11	226
1925	12	894
1926	1	167
1926	2	202
1926	3	490
1926	4	276
1926	5	425
1926	6	1401
1926	7	1433
1926	8	929
1926	9	3215
1926	10	430
1926	11	770
1926	12	120
1927	1	175
1927	2	822
1927	3	924
1927	4	1702
1927	5	1985
1927	6	793
1927	7	924
1927	8	622
1927	9	513
1927	10	1911
1927	11	270
1927	12	190
1928	1	95
1928	2	630
1928	3	453
1928	4	893
1928	5	442
1928	6	2319
1928	7	1442
1928	8	1469
1928	9	1128
1928	10	1724
1928	11	1139
1928	12	403
1929	1	477
1929	2	354
1929	3	590
1929	4	1794
1929	5	406
1929	6	617
1929	7	1120
1929	8	1403
1929	9	810
1929	10	1101
1929	11	322
1929	12	170
1930	1	564
1930	2	369
1930	3	311
1930	4	417
1930	5	694
1930	6	1659
1930	7	281
1930	8	414
1930	9	747
1930	10	621
1930	11	427
1930	12	401
1931	1	152
1931	2	52
1931	3	1062
1931	4	1034
1931	5	816
1931	6	1092
1931	7	527
1931	8	697
1931	9	2020
1931	10	1450
1931	11	1240
1931	12	629
1932	1	300
1932	2	148
1932	3	277
1932	4	244
1932	5	1382
1932	6	2276
1932	7	1601
1932	8	2065
1932	9	277
1932	10	785
1932	11	427
1932	12	557
1933	1	260
1933	2	102
1933	3	519
1933	4	399
1933	5	1522
1933	6	1039
1933	7	506
1933	8	1482
1933	9	1450
1933	10	498
1933	11	46
1933	12	125
1934	1	161
1934	2	225
1934	3	186
1934	4	669
1934	5	338
1934	6	916
1934	7	193
1934	8	303
1934	9	1246
1934	10	429
1934	11	1662
1934	12	161
1935	1	417
1935	2	300
1935	3	546
1935	4	477
1935	5	1667
1935	6	1528
1935	7	1906
1935	8	573
1935	9	1183
1935	10	260
1935	11	1049
1935	12	307
1936	1	518
1936	2	253
1936	3	266
1936	4	348
1936	5	543
1936	6	545
1936	7	33
1936	8	676
1936	9	2456
1936	10	1709
1936	11	124
1936	12	404
1937	1	846
1937	2	541
1937	3	542
1937	4	1184
1937	5	940
1937	6	584
1937	7	837
1937	8	925
1937	9	338
1937	10	374
1937	11	325
1937	12	232
1938	1	699
1938	2	255
1938	3	1103
1938	4	859
1938	5	1513
1938	6	1615
1938	7	713
1938	8	895
1938	9	552
1938	10	618
1938	11	847
1938	12	200
1939	1	214
1939	2	410
1939	3	1029
1939	4	1048
1939	5	343
1939	6	1646
1939	7	486
1939	8	1997
1939	9	114
1939	10	399
1939	11	326
1939	12	191
1940	1	232
1940	2	500
1940	3	569
1940	4	978
1940	5	716
1940	6	580
1940	7	711
1940	8	2310
1940	9	3
1940	10	462
1940	11	551
1940	12	381
1941	1	659
1941	2	151
1941	3	132
1941	4	701
1941	5	990
1941	6	1154
1941	7	600
1941	8	701
1941	9	1940
1941	10	2432
1941	11	309
1941	12	524
1942	1	137
1942	2	373
1942	3	495
1942	4	191
1942	5	1115
1942	6	1226
1942	7	1067
1942	8	346
1942	9	1743
1942	10	182
1942	11	833
1942	12	928
1943	1	385
1943	2	343
1943	3	359
1943	4	1325
1943	5	1642
1943	6	1282
1943	7	1774
1943	8	1700
1943	9	265
1943	10	328
1943	11	165
1943	12	331
1944	1	104
1944	2	404
1944	3	986
1944	4	2060
1944	5	1091
1944	6	939
1944	7	571
1944	8	1806
1944	9	835
1944	10	480
1944	11	1237
1944	12	602
1945	1	299
1945	2	248
1945	3	724
1945	4	718
1945	5	1546
1945	6	1131
1945	7	266
1945	8	863
1945	9	2160
1945	10	106
1945	11	468
1945	12	825
1946	1	592
1946	2	16
1946	3	1054
1946	4	663
1946	5	1252
1946	6	2207
1946	7	1026
1946	8	1179
1946	9	1021
1946	10	198
1946	11	241
1946	12	43
1947	1	198
1947	2	50
1947	3	338
1947	4	1471
1947	5	1024
1947	6	2682
1947	7	0
1947	8	140
1947	9	0
1947	10	229
1947	11	197
1947	12	277
1948	1	493
1948	2	0
1948	3	282
1948	4	523
1948	5	536
1948	6	744
1948	7	1106
1948	8	356
1948	9	903
1948	10	442
1948	11	582
1948	12	666
1949	1	871
1949	2	354
1949	3	763
1949	4	363
1949	5	532
1949	6	2251
1949	7	1132
1949	8	477
1949	9	851
1949	10	338
1949	11	186
1949	12	545
1950	1	714
1950	2	554
1950	3	144
1950	4	1115
1950	5	1085
1950	6	1438
1950	7	540
1950	8	366
1950	9	456
1950	10	81
1950	11	320
1950	12	89
1951	1	209
1951	2	634
1951	3	881
1951	4	1226
1951	5	1439
1951	6	1529
1951	7	1189
1951	8	1722
1951	9	337
1951	10	837
1951	11	811
1951	12	279
1952	1	305
1952	2	244
1952	3	845
1952	4	607
1952	5	1004
1952	6	1506
1952	7	758
1952	8	1759
1952	9	209
1952	10	0
1952	11	724
1952	12	591
1953	1	168
1953	2	717
1953	3	1037
1953	4	493
1953	5	401
1953	6	1052
1953	7	98
1953	8	417
1953	9	213
1953	10	64
1953	11	122
1953	12	582
1954	1	53
1954	2	261
1954	3	806
1954	4	1022
1954	5	933
1954	6	1152
1954	7	154
1954	8	2242
1954	9	224
1954	10	1222
1954	11	124
1954	12	247
1955	1	516
1955	2	323
1955	3	157
1955	4	1003
1955	5	1097
1955	6	782
1955	7	584
1955	8	338
1955	9	1283
1955	10	474
1955	11	76
1955	12	115
1956	1	127
1956	2	280
1956	3	97
1956	4	356
1956	5	358
1956	6	737
1956	7	812
1956	8	1202
1956	9	175
1956	10	166
1956	11	237
1956	12	246
1957	1	266
1957	2	91
1957	3	622
1957	4	1410
1957	5	678
1957	6	869
1957	7	1646
1957	8	742
1957	9	663
1957	10	841
1957	11	589
1957	12	827
1958	1	264
1958	2	82
1958	3	111
1958	4	360
1958	5	493
1958	6	1205
1958	7	2296
1958	8	930
1958	9	847
1958	10	270
1958	11	958
1958	12	71
1959	1	284
1959	2	437
1959	3	933
1959	4	886
1959	5	1716
1959	6	586
1959	7	1500
1959	8	1227
1959	9	1545
1959	10	1207
1959	11	211
1959	12	877
1960	1	820
1960	2	452
1960	3	399
1960	4	1003
1960	5	1697
1960	6	1887
1960	7	950
1960	8	1102
1960	9	396
1960	10	662
1960	11	647
1960	12	103
1961	1	59
1961	2	460
1961	3	1224
1961	4	438
1961	5	363
1961	6	266
1961	7	2981
1961	8	322
1961	9	2205
1961	10	934
1961	11	1072
1961	12	477
1962	1	499
1962	2	545
1962	3	330
1962	4	316
1962	5	1556
1962	6	383
1962	7	1686
1962	8	587
1962	9	476
1962	10	1086
1962	11	295
1962	12	108
1963	1	230
1963	2	135
1963	3	1100
1963	4	768
1963	5	600
1963	6	216
1963	7	1956
1963	8	820
1963	9	517
1963	10	166
1963	11	608
1963	12	23
1964	1	97
1964	2	224
1964	3	409
1964	4	1506
1964	5	624
1964	6	1628
1964	7	817
1964	8	887
1964	9	913
1964	10	11
1964	11	538
1964	12	260
1965	1	818
1965	2	157
1965	3	914
1965	4	1558
1965	5	882
1965	6	977
1965	7	1767
1965	8	1924
1965	9	1902
1965	10	150
1965	11	424
1965	12	463
1966	1	247
1966	2	99
1966	3	370
1966	4	835
1966	5	1244
1966	6	1241
1966	7	552
1966	8	209
1966	9	564
1966	10	605
1966	11	132
1966	12	486
1967	1	305
1967	2	117
1967	3	447
1967	4	1366
1967	5	682
1967	6	1294
1967	7	1305
1967	8	312
1967	9	771
1967	10	2181
1967	11	531
1967	12	246
1968	1	94
1968	2	36
1968	3	486
1968	4	882
1968	5	780
1968	6	608
1968	7	1108
1968	8	644
1968	9	1205
1968	10	311
1968	11	359
1968	12	377
1969	1	668
1969	2	219
1969	3	257
1969	4	841
1969	5	837
1969	6	1153
1969	7	3291
1969	8	930
1969	9	551
1969	10	1069
1969	11	35
1969	12	259
1970	1	110
1970	2	36
1970	3	373
1970	4	920
1970	5	1294
1970	6	1464
1970	7	945
1970	8	2398
1970	9	2519
1970	10	700
1970	11	299
1970	12	699
1971	1	377
1971	2	356
1971	3	148
1971	4	420
1971	5	747
1971	6	542
1971	7	1420
1971	8	483
1971	9	925
1971	10	791
1971	11	543
1971	12	1316
1972	1	173
1972	2	158
1972	3	475
1972	4	1064
1972	5	843
1972	6	1066
1972	7	718
1972	8	965
1972	9	754
1972	10	464
1972	11	762
1972	12	411
1973	1	610
1973	2	188
1973	3	1255
1973	4	1744
1973	5	2139
1973	6	839
1973	7	2016
1973	8	1082
1973	9	2035
1973	10	453
1973	11	323
1973	12	453
1974	1	580
1974	2	168
1974	3	737
1974	4	600
1974	5	1888
1974	6	904
1974	7	994
1974	8	1301
1974	9	491
1974	10	578
1974	11	343
1974	12	313
1975	1	264
1975	2	208
1975	3	180
1975	4	544
1975	5	894
1975	6	785
1975	7	43
1975	8	1379
1975	9	563
1975	10	89
1975	11	647
1975	12	567
1976	1	52
1976	2	318
1976	3	1174
1976	4	1136
1976	5	937
1976	6	949
1976	7	931
1976	8	1067
1976	9	724
1976	10	642
1976	11	70
1976	12	23
1977	1	201
1977	2	61
1977	3	1199
1977	4	642
1977	5	705
1977	6	325
1977	7	587
1977	8	1962
1977	9	1401
1977	10	1243
1977	11	623
1977	12	406
1978	1	122
1978	2	269
1978	3	516
1978	4	1211
1978	5	1453
1978	6	1020
1978	7	1380
1978	8	1215
1978	9	1852
1978	10	564
1978	11	654
1978	12	540
1979	1	646
1979	2	183
1979	3	928
1979	4	979
1979	5	571
1979	6	935
1979	7	1052
1979	8	1634
1979	9	28
1979	10	1060
1979	11	482
1979	12	320
1980	1	282
1980	2	297
1980	3	462
1980	4	491
1980	5	424
1980	6	1997
1980	7	1189
1980	8	1971
1980	9	1060
1980	10	648
1980	11	258
1980	12	747
1981	1	33
1981	2	430
1981	3	74
1981	4	1562
1981	5	847
1981	6	1884
1981	7	1339
1981	8	712
1981	9	1199
1981	10	1272
1981	11	1008
1981	12	237
1982	1	398
1982	2	125
1982	3	1048
1982	4	622
1982	5	1435
1982	6	786
1982	7	2043
1982	8	764
1982	9	1149
1982	10	520
1982	11	644
1982	12	1278
1983	1	107
1983	2	421
1983	3	657
1983	4	1111
1983	5	870
1983	6	405
1983	7	115
1983	8	539
1983	9	1436
1983	10	600
1983	11	1619
1983	12	559
1984	1	183
1984	2	186
1984	3	475
1984	4	927
1984	5	1537
1984	6	1139
1984	7	1586
1984	8	346
1984	9	1394
1984	10	2165
1984	11	566
1984	12	730
1985	1	352
1985	2	396
1985	3	971
1985	4	174
1985	5	763
1985	6	551
1985	7	1150
1985	8	576
1985	9	931
1985	10	1771
1985	11	1057
1985	12	305
1986	1	25
1986	2	427
1986	3	338
1986	4	580
1986	5	1884
1986	6	661
1986	7	2173
1986	8	1094
1986	9	2779
1986	10	1586
1986	11	139
1986	12	280
1987	1	116
1987	2	180
1987	3	585
1987	4	658
1987	5	477
1987	6	285
1987	7	616
1987	8	1660
1987	9	628
1987	10	182
1987	11	1100
1987	12	554
1988	1	202
1988	2	283
1988	3	300
1988	4	217
1988	5	546
1988	6	226
1988	7	420
1988	8	1180
1988	9	566
1988	10	188
1988	11	584
1988	12	262
1989	1	200
1989	2	169
1989	3	249
1989	4	821
1989	5	1220
1989	6	1026
1989	7	885
1989	8	1992
1989	9	892
1989	10	585
1989	11	5
1989	12	102
1990	1	474
1990	2	478
1990	3	1217
1990	4	608
1990	5	1513
1990	6	1572
1990	7	1939
1990	8	453
1990	9	119
1990	10	441
1990	11	863
1990	12	503
1991	1	282
1991	2	107
1991	3	1019
1991	4	885
1991	5	876
1991	6	537
1991	7	206
1991	8	798
1991	9	404
1991	10	1237
1991	11	1297
1991	12	367
1992	1	247
1992	2	396
1992	3	543
1992	4	939
1992	5	349
1992	6	236
1992	7	2691
1992	8	520
1992	9	1232
1992	10	214
1992	11	1606
1992	12	512
1993	1	526
1993	2	322
1993	3	851
1993	4	1017
1993	5	1615
1993	6	1865
1993	7	3693
1993	8	1956
1993	9	1111
1993	10	81
1993	11	201
1993	12	121
1994	1	194
1994	2	583
1994	3	73
1994	4	663
1994	5	428
1994	6	1400
1994	7	379
1994	8	861
1994	9	681
1994	10	569
1994	11	909
1994	12	460
1995	1	384
1995	2	144
1995	3	399
1995	4	1729
1995	5	2321
1995	6	1000
1995	7	1275
1995	8	590
1995	9	1023
1995	10	357
1995	11	656
1995	12	99
1996	1	804
1996	2	409
1996	3	345
1996	4	608
1996	5	3153
1996	6	401
1996	7	473
1996	8	838
1996	9	785
1996	10	475
1996	11	303
1996	12	66
1997	1	364
1997	2	1006
1997	3	247
1997	4	969
1997	5	1293
1997	6	864
1997	7	414
1997	8	958
1997	9	774
1997	10	1230
1997	11	450
1997	12	567
1998	1	503
1998	2	479
1998	3	1416
1998	4	1422
1998	5	1642
1998	6	1872
1998	7	540
1998	8	1551
1998	9	1058
1998	10	1457
1998	11	608
1998	12	254
1999	1	631
1999	2	278
1999	3	406
1999	4	1468
1999	5	1276
1999	6	1168
1999	7	437
1999	8	511
1999	9	1116
1999	10	462
1999	11	142
1999	12	299
2000	1	354
2000	2	456
2000	3	239
2000	4	616
2000	5	669
2000	6	2116
2000	7	1227
2000	8	311
2000	9	849
2000	10	503
2000	11	386
2000	12	637
2001	1	584
2001	2	1168
2001	3	910
2001	4	984
2001	5	2512
2001	6	1249
2001	7	746
2001	8	905
2001	9	584
2001	10	1460
2001	11	247
2001	12	370
2002	1	323
2002	2	191
2002	3	538
2002	4	1189
2002	5	1483
2002	6	1166
2002	7	279
2002	8	1517
2002	9	204
2002	10	1227
2002	11	61
2002	12	71
2003	1	104
2003	2	349
2003	3	270
2003	4	879
2003	5	1123
2003	6	935
2003	7	985
2003	8	402
2003	9	988
2003	10	356
2003	11	682
2003	12	711
2004	1	404
2004	2	177
2004	3	1075
2004	4	344
2004	5	1770
2004	6	856
2004	7	793
2004	8	1560
2004	9	338
2004	10	966
2004	11	602
2004	12	242
2005	1	806
2005	2	450
2005	3	199
2005	4	703
2005	5	524
2005	6	1159
2005	7	636
2005	8	877
2005	9	829
2005	10	623
2005	11	312
2005	12	276
2006	1	759
2006	2	115
2006	3	1107
2006	4	1252
2006	5	557
2006	6	491
2006	7	924
2006	8	1253
2006	9	506
2006	10	664
2006	11	897
2006	12	536
2007	1	259
2007	2	601
2007	3	885
2007	4	1002
2007	5	1922
2007	6	1425
2007	7	1349
2007	8	2076
2007	9	826
2007	10	908
2007	11	282
2007	12	929
2008	1	164
2008	2	821
2008	3	426
2008	4	1524
2008	5	1390
2008	6	1951
2008	7	1443
2008	8	606
2008	9	2037
2008	10	459
2008	11	423
2008	12	720
2009	1	115
2009	2	510
2009	3	1292
2009	4	799
2009	5	1111
2009	6	2443
2009	7	894
2009	8	1781
2009	9	567
2009	10	1790
2009	11	664
2009	12	636
2010	1	614
2010	2	365
2010	3	643
2010	4	1253
2010	5	1488
2010	6	3305
2010	7	1622
2010	8	1600
2010	9	1805
2010	10	317
2010	11	227
2010	12	267
2011	1	209
2011	2	862
2011	3	445
2011	4	765
2011	5	1698
2011	6	2227
2011	7	51
2011	8	328
2011	9	489
2011	10	185
2011	11	1404
2011	12	755
2012	1	166
2012	2	471
2012	3	384
2012	4	547
2012	5	1114
2012	6	603
2012	7	310
2012	8	797
2012	9	306
2012	10	1371
2012	11	392
2012	12	701
2013	1	518
2013	2	570
2013	3	751
2013	4	1914
2013	5	2577
2013	6	1050
2013	7	970
2013	8	117
2013	9	295
2013	10	782
2013	11	476
2013	12	229
2014	1	148
2014	2	694
2014	3	249
2014	4	867
2014	5	550
2014	6	2090
2014	7	1398
2014	8	1484
2014	9	1417
2014	10	809
2014	11	572
2014	12	257
2015	1	224
2015	2	434
2015	3	92
2015	4	765
2015	5	1188
2015	6	1596
2015	7	2109
2015	8	604
2015	9	719
2015	10	5
