1889	6	168
1889	7	30
1889	8	25
1889	9	41
1889	10	224
1889	11	140
1889	12	318
1890	1	287
1890	2	351
1890	3	699
1890	4	99
1890	5	180
1890	6	574
1890	7	5
1890	8	43
1890	9	216
1890	10	305
1890	11	28
1890	12	361
1891	1	290
1891	2	737
1891	3	523
1891	4	104
1891	5	335
1891	6	696
1891	7	503
1891	8	30
1891	9	150
1891	10	84
1891	11	203
1891	12	483
1892	1	904
1892	2	434
1892	3	493
1892	4	716
1892	5	470
1892	6	155
1892	7	3
1892	8	71
1892	9	328
1892	10	290
1892	11	312
1892	12	447
1893	1	188
1893	2	282
1893	3	483
1893	4	734
1893	5	681
1893	6	30
1893	7	74
1893	8	0
1893	9	884
1893	10	546
1893	11	582
1893	12	290
1894	1	721
1894	2	241
1894	3	701
1894	4	472
1894	5	635
1894	6	282
1894	7	38
1894	8	0
1894	9	127
1894	10	499
1894	11	48
1894	12	137
1895	1	507
1895	2	114
1895	3	254
1895	4	140
1895	5	490
1895	6	10
1895	7	63
1895	8	175
1895	9	347
1895	10	74
1895	11	226
1895	12	689
1896	1	499
1896	2	290
1896	3	295
1896	4	493
1896	5	538
1896	6	109
1896	7	114
1896	8	41
1896	9	142
1896	10	226
1896	11	538
1896	12	417
1897	1	437
1897	2	490
1897	3	452
1897	4	279
1897	5	300
1897	6	345
1897	7	97
1897	8	51
1897	9	316
1897	10	21
1897	11	854
1897	12	441
1898	1	321
1898	2	191
1898	3	268
1898	4	208
1898	5	281
1898	6	385
1898	7	23
1898	8	53
1898	9	92
1898	10	101
1898	11	605
1898	12	372
1899	1	386
1899	2	497
1899	3	586
1899	4	323
1899	5	551
1899	6	76
1899	7	0
1899	8	475
1899	9	422
1899	10	526
1899	11	416
1899	12	323
1900	1	347
1900	2	475
1900	3	340
1900	4	478
1900	5	328
1900	6	229
1900	7	66
1900	8	203
1900	9	287
1900	10	589
1900	11	198
1900	12	267
1901	1	295
1901	2	634
1901	3	239
1901	4	38
1901	5	269
1901	6	218
1901	7	46
1901	8	43
1901	9	427
1901	10	30
1901	11	178
1901	12	548
1902	1	237
1902	2	375
1902	3	370
1902	4	656
1902	5	314
1902	6	119
1902	7	119
1902	8	28
1902	9	150
1902	10	192
1902	11	512
1902	12	778
1903	1	299
1903	2	13
1903	3	252
1903	4	36
1903	5	113
1903	6	401
1903	7	76
1903	8	142
1903	9	257
1903	10	264
1903	11	701
1903	12	193
1904	1	97
1904	2	536
1904	3	752
1904	4	277
1904	5	239
1904	6	129
1904	7	751
1904	8	0
1904	9	219
1904	10	247
1904	11	43
1904	12	437
1905	1	338
1905	2	109
1905	3	371
1905	4	277
1905	5	369
1905	6	546
1905	7	76
1905	8	0
1905	9	290
1905	10	722
1905	11	277
1905	12	280
1906	1	255
1906	2	410
1906	3	488
1906	4	93
1906	5	750
1906	6	426
1906	7	0
1906	8	108
1906	9	219
1906	10	138
1906	11	493
1906	12	453
1907	1	572
1907	2	493
1907	3	458
1907	4	358
1907	5	265
1907	6	232
1907	7	5
1907	8	46
1907	9	473
1907	10	119
1907	11	233
1907	12	376
1908	1	128
1908	2	339
1908	3	242
1908	4	132
1908	5	495
1908	6	114
1908	7	584
1908	8	107
1908	9	20
1908	10	462
1908	11	188
1908	12	88
1909	1	647
1909	2	323
1909	3	276
1909	4	99
1909	5	157
1909	6	109
1909	7	77
1909	8	0
1909	9	98
1909	10	241
1909	11	484
1909	12	485
1910	1	357
1910	2	175
1910	3	305
1910	4	184
1910	5	237
1910	6	147
1910	7	6
1910	8	0
1910	9	76
1910	10	107
1910	11	424
1910	12	200
1911	1	181
1911	2	444
1911	3	94
1911	4	66
1911	5	519
1911	6	360
1911	7	0
1911	8	56
1911	9	341
1911	10	216
1911	11	236
1911	12	194
1912	1	596
1912	2	419
1912	3	238
1912	4	646
1912	5	800
1912	6	798
1912	7	184
1912	8	291
1912	9	94
1912	10	214
1912	11	253
1912	12	227
1913	1	333
1913	2	76
1913	3	464
1913	4	577
1913	5	355
1913	6	555
1913	7	31
1913	8	216
1913	9	63
1913	10	699
1913	11	361
1913	12	162
1914	1	464
1914	2	316
1914	3	92
1914	4	610
1914	5	340
1914	6	149
1914	7	20
1914	8	0
1914	9	323
1914	10	265
1914	11	87
1914	12	71
1915	1	186
1915	2	586
1915	3	418
1915	4	579
1915	5	671
1915	6	208
1915	7	177
1915	8	0
1915	9	111
1915	10	112
1915	11	566
1915	12	414
1916	1	501
1916	2	587
1916	3	447
1916	4	387
1916	5	590
1916	6	792
1916	7	184
1916	8	97
1916	9	38
1916	10	175
1916	11	385
1916	12	238
1917	1	210
1917	2	334
1917	3	268
1917	4	714
1917	5	706
1917	6	87
1917	7	13
1917	8	0
1917	9	300
1917	10	0
1917	11	402
1917	12	686
1918	1	714
1918	2	354
1918	3	267
1918	4	89
1918	5	267
1918	6	85
1918	7	534
1918	8	418
1918	9	150
1918	10	523
1918	11	223
1918	12	244
1919	1	602
1919	2	274
1919	3	147
1919	4	243
1919	5	185
1919	6	49
1919	7	13
1919	8	0
1919	9	246
1919	10	429
1919	11	613
1919	12	481
1920	1	264
1920	2	43
1920	3	495
1920	4	782
1920	5	76
1920	6	279
1920	7	92
1920	8	370
1920	9	424
1920	10	549
1920	11	313
1920	12	538
1921	1	183
1921	2	575
1921	3	137
1921	4	322
1921	5	252
1921	6	233
1921	7	0
1921	8	102
1921	9	241
1921	10	284
1921	11	812
1921	12	93
1922	1	214
1922	2	304
1922	3	287
1922	4	270
1922	5	56
1922	6	364
1922	7	0
1922	8	183
1922	9	173
1922	10	185
1922	11	357
1922	12	339
1923	1	253
1923	2	353
1923	3	101
1923	4	727
1923	5	172
1923	6	439
1923	7	381
1923	8	102
1923	9	145
1923	10	691
1923	11	249
1923	12	395
1924	1	221
1924	2	383
1924	3	181
1924	4	99
1924	5	8
1924	6	377
1924	7	25
1924	8	36
1924	9	217
1924	10	166
1924	11	488
1924	12	398
1925	1	402
1925	2	177
1925	3	156
1925	4	277
1925	5	805
1925	6	95
1925	7	0
1925	8	94
1925	9	405
1925	10	23
1925	11	237
1925	12	270
1926	1	693
1926	2	475
1926	3	300
1926	4	243
1926	5	293
1926	6	78
1926	7	0
1926	8	292
1926	9	140
1926	10	224
1926	11	621
1926	12	325
1927	1	422
1927	2	282
1927	3	324
1927	4	41
1927	5	222
1927	6	338
1927	7	8
1927	8	28
1927	9	648
1927	10	378
1927	11	518
1927	12	154
1928	1	324
1928	2	66
1928	3	389
1928	4	196
1928	5	23
1928	6	130
1928	7	121
1928	8	0
1928	9	308
1928	10	246
1928	11	188
1928	12	211
1929	1	526
1929	2	175
1929	3	150
1929	4	249
1929	5	135
1929	6	376
1929	7	0
1929	8	0
1929	9	36
1929	10	186
1929	11	48
1929	12	770
1930	1	295
1930	2	374
1930	3	203
1930	4	281
1930	5	244
1930	6	181
1930	7	0
1930	8	48
1930	9	203
1930	10	331
1930	11	290
1930	12	142
1931	1	270
1931	2	193
1931	3	472
1931	4	265
1931	5	120
1931	6	346
1931	7	0
1931	8	0
1931	9	195
1931	10	224
1931	11	466
1931	12	412
1932	1	305
1932	2	130
1932	3	562
1932	4	324
1932	5	374
1932	6	20
1932	7	8
1932	8	5
1932	9	0
1932	10	291
1932	11	390
1932	12	106
1933	1	138
1933	2	255
1933	3	221
1933	4	234
1933	5	545
1933	6	112
1933	7	48
1933	8	137
1933	9	304
1933	10	511
1933	11	263
1933	12	383
1934	1	318
1934	2	194
1934	3	340
1934	4	287
1934	5	134
1934	6	300
1934	7	20
1934	8	64
1934	9	219
1934	10	163
1934	11	382
1934	12	306
1935	1	245
1935	2	190
1935	3	60
1935	4	375
1935	5	95
1935	6	380
1935	7	81
1935	8	3
1935	9	71
1935	10	286
1935	11	296
1935	12	330
1936	1	469
1936	2	342
1936	3	127
1936	4	297
1936	5	122
1936	6	421
1936	7	20
1936	8	13
1936	9	148
1936	10	10
1936	11	93
1936	12	282
1937	1	394
1937	2	134
1937	3	532
1937	4	497
1937	5	48
1937	6	770
1937	7	125
1937	8	38
1937	9	92
1937	10	238
1937	11	452
1937	12	430
1938	1	241
1938	2	454
1938	3	259
1938	4	616
1938	5	72
1938	6	307
1938	7	56
1938	8	94
1938	9	130
1938	10	280
1938	11	190
1938	12	175
1939	1	173
1939	2	261
1939	3	307
1939	4	57
1939	5	169
1939	6	206
1939	7	79
1939	8	0
1939	9	201
1939	10	84
1939	11	0
1939	12	455
1940	1	483
1940	2	552
1940	3	400
1940	4	665
1940	5	90
1940	6	15
1940	7	298
1940	8	0
1940	9	563
1940	10	267
1940	11	467
1940	12	179
1941	1	347
1941	2	161
1941	3	165
1941	4	138
1941	5	604
1941	6	734
1941	7	67
1941	8	554
1941	9	494
1941	10	397
1941	11	415
1941	12	328
1942	1	343
1942	2	566
1942	3	110
1942	4	388
1942	5	611
1942	6	583
1942	7	285
1942	8	45
1942	9	0
1942	10	417
1942	11	787
1942	12	718
1943	1	352
1943	2	52
1943	3	224
1943	4	629
1943	5	142
1943	6	472
1943	7	36
1943	8	259
1943	9	0
1943	10	556
1943	11	103
1943	12	237
1944	1	78
1944	2	346
1944	3	151
1944	4	386
1944	5	125
1944	6	305
1944	7	5
1944	8	0
1944	9	144
1944	10	198
1944	11	491
1944	12	203
1945	1	415
1945	2	438
1945	3	454
1945	4	220
1945	5	699
1945	6	64
1945	7	31
1945	8	21
1945	9	321
1945	10	131
1945	11	647
1945	12	541
1946	1	184
1946	2	173
1946	3	521
1946	4	179
1946	5	597
1946	6	428
1946	7	59
1946	8	13
1946	9	386
1946	10	604
1946	11	311
1946	12	182
1947	1	266
1947	2	67
1947	3	260
1947	4	478
1947	5	42
1947	6	643
1947	7	254
1947	8	92
1947	9	280
1947	10	790
1947	11	612
1947	12	220
1948	1	224
1948	2	487
1948	3	251
1948	4	606
1948	5	781
1948	6	646
1948	7	274
1948	8	76
1948	9	278
1948	10	185
1948	11	273
1948	12	552
1949	1	99
1949	2	517
1949	3	305
1949	4	107
1949	5	190
1949	6	63
1949	7	0
1949	8	0
1949	9	77
1949	10	196
1949	11	555
1949	12	279
1950	1	659
1950	2	92
1950	3	354
1950	4	236
1950	5	80
1950	6	716
1950	7	36
1950	8	110
1950	9	84
1950	10	925
1950	11	538
1950	12	495
1951	1	264
1951	2	332
1951	3	193
1951	4	171
1951	5	277
1951	6	262
1951	7	41
1951	8	74
1951	9	38
1951	10	390
1951	11	200
1951	12	253
1952	1	228
1952	2	289
1952	3	181
1952	4	166
1952	5	462
1952	6	697
1952	7	10
1952	8	43
1952	9	234
1952	10	38
1952	11	92
1952	12	445
1953	1	444
1953	2	514
1953	3	347
1953	4	284
1953	5	590
1953	6	410
1953	7	0
1953	8	465
1953	9	8
1953	10	312
1953	11	504
1953	12	467
1954	1	294
1954	2	159
1954	3	286
1954	4	247
1954	5	259
1954	6	697
1954	7	33
1954	8	255
1954	9	140
1954	10	132
1954	11	232
1954	12	221
1955	1	142
1955	2	187
1955	3	329
1955	4	552
1955	5	445
1955	6	126
1955	7	137
1955	8	0
1955	9	313
1955	10	356
1955	11	695
1955	12	671
1956	1	698
1956	2	145
1956	3	197
1956	4	24
1956	5	437
1956	6	260
1956	7	198
1956	8	198
1956	9	0
1956	10	500
1956	11	41
1956	12	111
1957	1	263
1957	2	278
1957	3	1038
1957	4	324
1957	5	547
1957	6	98
1957	7	31
1957	8	36
1957	9	307
1957	10	768
1957	11	245
1957	12	569
1958	1	395
1958	2	573
1958	3	402
1958	4	488
1958	5	510
1958	6	300
1958	7	16
1958	8	3
1958	9	92
1958	10	56
1958	11	630
1958	12	413
1959	1	662
1959	2	380
1959	3	291
1959	4	155
1959	5	188
1959	6	227
1959	7	28
1959	8	33
1959	9	354
1959	10	186
1959	11	114
1959	12	155
1960	1	361
1960	2	164
1960	3	491
1960	4	286
1960	5	746
1960	6	74
1960	7	0
1960	8	270
1960	9	61
1960	10	345
1960	11	415
1960	12	197
1961	1	162
1961	2	586
1961	3	695
1961	4	229
1961	5	411
1961	6	390
1961	7	51
1961	8	214
1961	9	66
1961	10	220
1961	11	330
1961	12	317
1962	1	209
1962	2	215
1962	3	312
1962	4	245
1962	5	830
1962	6	21
1962	7	10
1962	8	319
1962	9	269
1962	10	414
1962	11	439
1962	12	439
1963	1	206
1963	2	509
1963	3	127
1963	4	959
1963	5	374
1963	6	78
1963	7	174
1963	8	49
1963	9	290
1963	10	123
1963	11	515
1963	12	274
1964	1	319
1964	2	138
1964	3	209
1964	4	228
1964	5	6
1964	6	338
1964	7	194
1964	8	43
1964	9	41
1964	10	256
1964	11	396
1964	12	1118
1965	1	590
1965	2	48
1965	3	269
1965	4	163
1965	5	180
1965	6	460
1965	7	193
1965	8	423
1965	9	135
1965	10	67
1965	11	466
1965	12	89
1966	1	383
1966	2	137
1966	3	261
1966	4	20
1966	5	54
1966	6	196
1966	7	285
1966	8	59
1966	9	368
1966	10	277
1966	11	803
1966	12	513
1967	1	332
1967	2	49
1967	3	379
1967	4	479
1967	5	171
1967	6	85
1967	7	0
1967	8	0
1967	9	135
1967	10	191
1967	11	181
1967	12	203
1968	1	333
1968	2	299
1968	3	104
1968	4	60
1968	5	295
1968	6	249
1968	7	84
1968	8	473
1968	9	203
1968	10	303
1968	11	645
1968	12	567
1969	1	712
1969	2	191
1969	3	232
1969	4	424
1969	5	337
1969	6	658
1969	7	33
1969	8	0
1969	9	224
1969	10	288
1969	11	122
1969	12	480
1970	1	1026
1970	2	355
1970	3	247
1970	4	179
1970	5	180
1970	6	150
1970	7	59
1970	8	20
1970	9	140
1970	10	299
1970	11	443
1970	12	254
1971	1	207
1971	2	125
1971	3	350
1971	4	340
1971	5	408
1971	6	247
1971	7	170
1971	8	66
1971	9	407
1971	10	317
1971	11	547
1971	12	469
1972	1	311
1972	2	234
1972	3	396
1972	4	193
1972	5	603
1972	6	203
1972	7	120
1972	8	74
1972	9	127
1972	10	243
1972	11	183
1972	12	505
1973	1	189
1973	2	277
1973	3	295
1973	4	77
1973	5	245
1973	6	51
1973	7	3
1973	8	23
1973	9	568
1973	10	535
1973	11	1002
1973	12	897
1974	1	201
1974	2	355
1974	3	299
1974	4	562
1974	5	280
1974	6	51
1974	7	156
1974	8	0
1974	9	3
1974	10	106
1974	11	287
1974	12	425
1975	1	698
1975	2	280
1975	3	242
1975	4	185
1975	5	107
1975	6	178
1975	7	41
1975	8	210
1975	9	0
1975	10	492
1975	11	247
1975	12	525
1976	1	466
1976	2	323
1976	3	344
1976	4	359
1976	5	295
1976	6	119
1976	7	33
1976	8	605
1976	9	68
1976	10	61
1976	11	117
1976	12	92
1977	1	92
1977	2	132
1977	3	472
1977	4	18
1977	5	629
1977	6	87
1977	7	18
1977	8	295
1977	9	347
1977	10	91
1977	11	611
1977	12	592
1978	1	562
1978	2	310
1978	3	315
1978	4	621
1978	5	296
1978	6	264
1978	7	72
1978	8	739
1978	9	178
1978	10	15
1978	11	483
1978	12	370
1979	1	349
1979	2	295
1979	3	308
1979	4	665
1979	5	366
1979	6	62
1979	7	13
1979	8	216
1979	9	88
1979	10	592
1979	11	549
1979	12	189
1980	1	646
1980	2	495
1980	3	477
1980	4	113
1980	5	575
1980	6	408
1980	7	20
1980	8	35
1980	9	285
1980	10	312
1980	11	413
1980	12	377
1981	1	681
1981	2	321
1981	3	335
1981	4	51
1981	5	818
1981	6	351
1981	7	120
1981	8	51
1981	9	303
1981	10	239
1981	11	449
1981	12	738
1982	1	263
1982	2	150
1982	3	426
1982	4	232
1982	5	259
1982	6	229
1982	7	158
1982	8	85
1982	9	392
1982	10	750
1982	11	63
1982	12	308
1983	1	227
1983	2	500
1983	3	773
1983	4	318
1983	5	656
1983	6	420
1983	7	177
1983	8	199
1983	9	128
1983	10	293
1983	11	467
1983	12	593
1984	1	118
1984	2	371
1984	3	928
1984	4	515
1984	5	296
1984	6	633
1984	7	0
1984	8	161
1984	9	403
1984	10	228
1984	11	577
1984	12	174
1985	1	130
1985	2	435
1985	3	414
1985	4	198
1985	5	276
1985	6	160
1985	7	8
1985	8	87
1985	9	407
1985	10	525
1985	11	499
1985	12	248
1986	1	485
1986	2	644
1986	3	349
1986	4	219
1986	5	297
1986	6	58
1986	7	229
1986	8	30
1986	9	366
1986	10	226
1986	11	729
1986	12	221
1987	1	464
1987	2	291
1987	3	534
1987	4	132
1987	5	358
1987	6	224
1987	7	42
1987	8	59
1987	9	3
1987	10	5
1987	11	258
1987	12	305
1988	1	595
1988	2	21
1988	3	269
1988	4	1182
1988	5	405
1988	6	263
1988	7	5
1988	8	0
1988	9	132
1988	10	5
1988	11	800
1988	12	155
1989	1	406
1989	2	321
1989	3	571
1989	4	625
1989	5	349
1989	6	99
1989	7	84
1989	8	496
1989	9	35
1989	10	224
1989	11	362
1989	12	171
1990	1	304
1990	2	116
1990	3	317
1990	4	326
1990	5	418
1990	6	279
1990	7	107
1990	8	266
1990	9	0
1990	10	213
1990	11	228
1990	12	270
1991	1	171
1991	2	285
1991	3	527
1991	4	254
1991	5	583
1991	6	349
1991	7	82
1991	8	65
1991	9	0
1991	10	214
1991	11	675
1991	12	176
1992	1	121
1992	2	227
1992	3	208
1992	4	516
1992	5	164
1992	6	424
1992	7	354
1992	8	64
1992	9	134
1992	10	349
1992	11	675
1992	12	244
1993	1	501
1993	2	240
1993	3	491
1993	4	694
1993	5	341
1993	6	616
1993	7	318
1993	8	3
1993	9	0
1993	10	110
1993	11	121
1993	12	178
1994	1	306
1994	2	261
1994	3	216
1994	4	138
1994	5	877
1994	6	303
1994	7	119
1994	8	0
1994	9	140
1994	10	368
1994	11	623
1994	12	133
1995	1	441
1995	2	353
1995	3	355
1995	4	597
1995	5	669
1995	6	699
1995	7	56
1995	8	34
1995	9	120
1995	10	248
1995	11	485
1995	12	401
1996	1	436
1996	2	547
1996	3	384
1996	4	367
1996	5	434
1996	6	357
1996	7	113
1996	8	11
1996	9	99
1996	10	316
1996	11	801
1996	12	616
1997	1	351
1997	2	274
1997	3	504
1997	4	427
1997	5	97
1997	6	698
1997	7	73
1997	8	59
1997	9	185
1997	10	417
1997	11	252
1997	12	81
1998	1	739
1998	2	165
1998	3	348
1998	4	343
1998	5	812
1998	6	129
1998	7	10
1998	8	6
1998	9	152
1998	10	90
1998	11	657
1998	12	290
1999	1	184
1999	2	321
1999	3	225
1999	4	100
1999	5	375
1999	6	108
1999	7	0
1999	8	196
1999	9	3
1999	10	323
1999	11	157
1999	12	254
2000	1	508
2000	2	685
2000	3	436
2000	4	162
2000	5	407
2000	6	212
2000	7	10
2000	8	0
2000	9	158
2000	10	617
2000	11	243
2000	12	155
2001	1	247
2001	2	176
2001	3	280
2001	4	572
2001	5	145
2001	6	408
2001	7	106
2001	8	58
2001	9	102
2001	10	347
2001	11	284
2001	12	219
2002	1	100
2002	2	137
2002	3	123
2002	4	347
2002	5	234
2002	6	409
2002	7	56
2002	8	0
2002	9	46
2002	10	85
2002	11	114
2002	12	458
2003	1	550
2003	2	394
2003	3	445
2003	4	521
2003	5	221
2003	6	5
2003	7	0
2003	8	206
2003	9	117
2003	10	249
2003	11	296
2003	12	646
2004	1	382
2004	2	357
2004	3	28
2004	4	405
2004	5	394
2004	6	242
2004	7	24
2004	8	412
2004	9	174
2004	10	226
2004	11	176
2004	12	325
2005	1	85
2005	2	132
2005	3	174
2005	4	407
2005	5	669
2005	6	167
2005	7	196
2005	8	5
2005	9	0
2005	10	293
2005	11	348
2005	12	484
2006	1	633
2006	2	71
2006	3	454
2006	4	559
2006	5	610
2006	6	583
2006	7	84
2006	8	0
2006	9	99
2006	10	310
2006	11	669
2006	12	478
2007	1	243
2007	2	313
2007	3	284
2007	4	378
2007	5	399
2007	6	528
2007	7	16
2007	8	65
2007	9	156
2007	10	575
2007	11	352
2007	12	297
2008	1	427
2008	2	175
2008	3	310
2008	4	120
2008	5	621
2008	6	252
2008	7	0
2008	8	54
2008	9	8
2008	10	118
2008	11	202
2008	12	604
2009	1	290
2009	2	219
2009	3	395
2009	4	282
2009	5	236
2009	6	262
2009	7	10
2009	8	165
2009	9	33
2009	10	341
2009	11	150
2009	12	308
2010	1	517
2010	2	101
2010	3	212
2010	4	293
2010	5	514
2010	6	877
2010	7	75
2010	8	3
2010	9	253
2010	10	326
2010	11	463
2010	12	717
2011	1	211
2011	2	296
2011	3	465
2011	4	533
2011	5	855
2011	6	515
2011	7	61
2011	8	0
2011	9	13
2011	10	260
2011	11	138
2011	12	61
2012	1	371
2012	2	134
2012	3	445
2012	4	749
2012	5	311
2012	6	632
2012	7	248
2012	8	0
2012	9	0
2012	10	360
2012	11	356
2012	12	321
2013	1	47
2013	2	10
2013	3	182
2013	4	190
2013	5	528
2013	6	455
2013	7	0
2013	8	155
2013	9	603
2013	10	206
2013	11	249
2013	12	148
2014	1	163
2014	2	388
2014	3	590
2014	4	311
2014	5	156
2014	6	297
2014	7	33
2014	8	228
2014	9	33
2014	10	195
2014	11	294
2014	12	540
2015	1	123
2015	2	207
2015	3	255
2015	4	183
2015	5	349
2015	6	3
2015	7	89
2015	8	0
2015	9	41
2015	10	69
