1893	1	79
1893	2	115
1893	3	216
1893	4	552
1893	5	492
1893	6	523
1893	7	922
1893	8	1357
1893	9	469
1893	10	0
1893	11	185
1893	12	300
1894	1	303
1894	2	154
1894	3	231
1894	4	1122
1894	5	658
1894	6	304
1894	7	548
1894	8	189
1894	9	917
1894	10	445
1894	11	123
1894	12	58
1895	1	281
1895	2	216
1895	3	33
1895	4	150
1895	5	344
1895	6	1139
1895	7	804
1895	8	1390
1895	9	280
1895	10	353
1895	11	817
1895	12	416
1896	1	213
1896	2	63
1896	3	86
1896	4	260
1896	5	375
1896	6	912
1896	7	809
1896	8	555
1896	9	613
1896	10	895
1896	11	253
1896	12	244
1897	1	309
1897	2	320
1897	3	311
1897	4	1370
1897	5	1200
1897	6	498
1897	7	217
1897	8	956
1897	9	448
1897	10	227
1897	11	30
1897	12	84
1898	1	627
1898	2	1453
1898	3	340
1898	4	234
1898	5	1682
1898	6	872
1898	7	341
1898	8	866
1898	9	446
1898	10	309
1898	11	190
1898	12	611
1899	1	60
1899	2	34
1899	3	198
1899	4	669
1899	5	997
1899	6	863
1899	7	463
1899	8	141
1899	9	445
1899	10	984
1899	11	764
1899	12	528
1900	1	67
1900	2	225
1900	3	82
1900	4	834
1900	5	790
1900	6	597
1900	7	727
1900	8	240
1900	9	1845
1900	10	518
1900	11	101
1900	12	74
1901	1	153
1901	2	104
1901	3	500
1901	4	346
1901	5	991
1901	6	400
1901	7	138
1901	8	549
1901	9	426
1901	10	173
1901	11	155
1901	12	47
1902	1	40
1902	2	11
1902	3	922
1902	4	610
1902	5	2791
1902	6	407
1902	7	382
1902	8	333
1902	9	1082
1902	10	277
1902	11	888
1902	12	186
1903	1	83
1903	2	706
1903	3	681
1903	4	383
1903	5	2538
1903	6	219
1903	7	178
1903	8	305
1903	9	543
1903	10	236
1903	11	58
1903	12	0
1904	1	160
1904	2	22
1904	3	12
1904	4	342
1904	5	1419
1904	6	1089
1904	7	546
1904	8	761
1904	9	389
1904	10	279
1904	11	25
1904	12	183
1905	1	478
1905	2	160
1905	3	450
1905	4	507
1905	5	1449
1905	6	825
1905	7	948
1905	8	1311
1905	9	477
1905	10	377
1905	11	683
1905	12	107
1906	1	122
1906	2	61
1906	3	513
1906	4	778
1906	5	508
1906	6	697
1906	7	899
1906	8	1907
1906	9	846
1906	10	516
1906	11	480
1906	12	282
1907	1	1117
1907	2	191
1907	3	140
1907	4	1133
1907	5	1295
1907	6	1590
1907	7	1059
1907	8	382
1907	9	403
1907	10	1775
1907	11	279
1907	12	551
1908	1	370
1908	2	350
1908	3	807
1908	4	983
1908	5	1765
1908	6	2813
1908	7	686
1908	8	343
1908	9	1064
1908	10	794
1908	11	1034
1908	12	0
1909	1	23
1909	2	64
1909	3	335
1909	4	318
1909	5	705
1909	6	660
1909	7	615
1909	8	99
1909	9	211
1909	10	1186
1909	11	1580
1909	12	82
1910	1	145
1910	2	59
1910	3	94
1910	4	536
1910	5	682
1910	6	604
1910	7	198
1910	8	2341
1910	9	0
1910	10	186
1910	11	0
1910	12	10
1911	1	25
1911	2	987
1911	3	51
1911	4	938
1911	5	376
1911	6	508
1911	7	1650
1911	8	838
1911	9	166
1911	10	274
1911	11	196
1911	12	916
1912	1	11
1912	2	480
1912	3	441
1912	4	1649
1912	5	696
1912	6	1251
1912	7	251
1912	8	870
1912	9	618
1912	10	496
1912	11	30
1912	12	236
1913	1	71
1913	2	612
1913	3	295
1913	4	358
1913	5	424
1913	6	801
1913	7	417
1913	8	180
1913	9	1631
1913	10	219
1913	11	893
1913	12	1004
1914	1	0
1914	2	144
1914	3	49
1914	4	518
1914	5	1241
1914	6	318
1914	7	767
1914	8	1382
1914	9	235
1914	10	397
1914	11	282
1914	12	321
1915	1	124
1915	2	1161
1915	3	331
1915	4	1375
1915	5	1502
1915	6	1444
1915	7	356
1915	8	1167
1915	9	1701
1915	10	804
1915	11	112
1915	12	43
1916	1	340
1916	2	23
1916	3	139
1916	4	478
1916	5	173
1916	6	2074
1916	7	226
1916	8	88
1916	9	319
1916	10	703
1916	11	811
1916	12	188
1917	1	95
1917	2	152
1917	3	56
1917	4	633
1917	5	368
1917	6	206
1917	7	487
1917	8	1826
1917	9	437
1917	10	0
1917	11	294
1917	12	10
1918	1	143
1918	2	282
1918	3	597
1918	4	810
1918	5	1113
1918	6	731
1918	7	366
1918	8	478
1918	9	229
1918	10	2037
1918	11	568
1918	12	782
1919	1	89
1919	2	561
1919	3	294
1919	4	1186
1919	5	1195
1919	6	970
1919	7	152
1919	8	536
1919	9	330
1919	10	683
1919	11	351
1919	12	13
1920	1	484
1920	2	18
1920	3	800
1920	4	369
1920	5	791
1920	6	340
1920	7	1768
1920	8	1166
1920	9	1293
1920	10	681
1920	11	961
1920	12	678
1921	1	787
1921	2	279
1921	3	334
1921	4	825
1921	5	327
1921	6	1928
1921	7	527
1921	8	724
1921	9	966
1921	10	93
1921	11	0
1921	12	13
1922	1	359
1922	2	157
1922	3	792
1922	4	1868
1922	5	1169
1922	6	248
1922	7	761
1922	8	166
1922	9	407
1922	10	377
1922	11	547
1922	12	64
1923	1	0
1923	2	48
1923	3	597
1923	4	849
1923	5	1601
1923	6	1182
1923	7	50
1923	8	124
1923	9	1562
1923	10	1837
1923	11	226
1923	12	234
1924	1	0
1924	2	190
1924	3	711
1924	4	1456
1924	5	233
1924	6	468
1924	7	1261
1924	8	496
1924	9	381
1924	10	102
1924	11	474
1924	12	154
1925	1	124
1925	2	107
1925	3	25
1925	4	1067
1925	5	324
1925	6	1020
1925	7	864
1925	8	201
1925	9	1193
1925	10	483
1925	11	640
1925	12	152
1926	1	258
1926	2	0
1926	3	655
1926	4	757
1926	5	559
1926	6	800
1926	7	490
1926	8	1888
1926	9	1587
1926	10	1395
1926	11	292
1926	12	528
1927	1	381
1927	2	373
1927	3	723
1927	4	853
1927	5	752
1927	6	1534
1927	7	786
1927	8	1528
1927	9	628
1927	10	720
1927	11	15
1927	12	235
1928	1	106
1928	2	404
1928	3	419
1928	4	1308
1928	5	848
1928	6	1188
1928	7	736
1928	8	302
1928	9	224
1928	10	732
1928	11	1187
1928	12	883
1929	1	298
1929	2	344
1929	3	579
1929	4	330
1929	5	1976
1929	6	551
1929	7	798
1929	8	18
1929	9	524
1929	10	1122
1929	11	662
1929	12	0
1930	1	424
1930	2	0
1930	3	28
1930	4	582
1930	5	1348
1930	6	657
1930	7	387
1930	8	242
1930	9	519
1930	10	1305
1930	11	513
1930	12	308
1931	1	203
1931	2	358
1931	3	1047
1931	4	915
1931	5	767
1931	6	779
1931	7	247
1931	8	899
1931	9	272
1931	10	556
1931	11	1067
1931	12	212
1932	1	686
1932	2	334
1932	3	64
1932	4	923
1932	5	315
1932	6	2338
1932	7	655
1932	8	434
1932	9	480
1932	10	393
1932	11	0
1932	12	903
1933	1	43
1933	2	84
1933	3	318
1933	4	518
1933	5	349
1933	6	177
1933	7	359
1933	8	773
1933	9	717
1933	10	355
1933	11	285
1933	12	653
1934	1	546
1934	2	104
1934	3	457
1934	4	584
1934	5	391
1934	6	604
1934	7	257
1934	8	752
1934	9	927
1934	10	539
1934	11	368
1934	12	183
1935	1	198
1935	2	307
1935	3	615
1935	4	277
1935	5	1425
1935	6	406
1935	7	51
1935	8	823
1935	9	709
1935	10	305
1935	11	673
1935	12	249
1936	1	140
1936	2	51
1936	3	0
1936	4	84
1936	5	904
1936	6	843
1936	7	20
1936	8	58
1936	9	2144
1936	10	930
1936	11	10
1936	12	361
1937	1	76
1937	2	94
1937	3	305
1937	4	246
1937	5	1024
1937	6	1133
1937	7	13
1937	8	714
1937	9	439
1937	10	518
1937	11	155
1937	12	152
1938	1	38
1938	2	348
1938	3	889
1938	4	635
1938	5	1519
1938	6	1275
1938	7	630
1938	8	513
1938	9	1087
1938	10	168
1938	11	503
1938	12	36
1939	1	683
1939	2	33
1939	3	427
1939	4	447
1939	5	780
1939	6	1925
1939	7	391
1939	8	597
1939	9	0
1939	10	152
1939	11	152
1939	12	241
1940	1	213
1940	2	434
1940	3	0
1940	4	777
1940	5	521
1940	6	127
1940	7	602
1940	8	1407
1940	9	495
1940	10	150
1940	11	973
1940	12	302
1941	1	396
1941	2	414
1941	3	251
1941	4	1092
1941	5	1128
1941	6	772
1941	7	457
1941	8	864
1941	9	455
1941	10	2065
1941	11	363
1941	12	302
1942	1	142
1942	2	389
1942	3	191
1942	4	1778
1942	5	69
1942	6	932
1942	7	13
1942	8	1582
1942	9	1156
1942	10	737
1942	11	30
1942	12	579
1943	1	0
1943	2	91
1943	3	165
1943	4	340
1943	5	1755
1943	6	351
1943	7	678
1943	8	0
1943	9	175
1943	10	566
1943	11	69
1943	12	902
1944	1	163
1944	2	297
1944	3	643
1944	4	610
1944	5	234
1944	6	363
1944	7	1290
1944	8	825
1944	9	1135
1944	10	198
1944	11	605
1944	12	658
1945	1	292
1945	2	278
1945	3	549
1945	4	1534
1945	5	252
1945	6	1220
1945	7	721
1945	8	702
1945	9	1336
1945	10	79
1945	11	10
1945	12	28
1946	1	353
1946	2	678
1946	3	360
1946	4	569
1946	5	452
1946	6	1249
1946	7	897
1946	8	300
1946	9	434
1946	10	473
1946	11	511
1946	12	89
1947	1	119
1947	2	43
1947	3	480
1947	4	1882
1947	5	1316
1947	6	373
1947	7	483
1947	8	208
1947	9	0
1947	10	394
1947	11	264
1947	12	592
1948	1	147
1948	2	423
1948	3	459
1948	4	139
1948	5	808
1948	6	955
1948	7	1147
1948	8	1082
1948	9	741
1948	10	170
1948	11	808
1948	12	163
1949	1	971
1949	2	431
1949	3	324
1949	4	305
1949	5	1660
1949	6	782
1949	7	922
1949	8	470
1949	9	493
1949	10	529
1949	11	0
1949	12	221
1950	1	43
1950	2	86
1950	3	13
1950	4	132
1950	5	819
1950	6	343
1950	7	2197
1950	8	1474
1950	9	716
1950	10	35
1950	11	122
1950	12	0
1951	1	172
1951	2	394
1951	3	348
1951	4	346
1951	5	2015
1951	6	834
1951	7	145
1951	8	562
1951	9	419
1951	10	709
1951	11	539
1951	12	5
1952	1	148
1952	2	187
1952	3	459
1952	4	831
1952	5	584
1952	6	160
1952	7	13
1952	8	416
1952	9	20
1952	10	0
1952	11	461
1952	12	277
1953	1	5
1953	2	124
1953	3	448
1953	4	465
1953	5	605
1953	6	571
1953	7	1550
1953	8	764
1953	9	427
1953	10	713
1953	11	141
1953	12	307
1954	1	13
1954	2	152
1954	3	228
1954	4	621
1954	5	1294
1954	6	318
1954	7	503
1954	8	168
1954	9	19
1954	10	142
1954	11	10
1954	12	8
1955	1	173
1955	2	449
1955	3	51
1955	4	272
1955	5	2657
1955	6	1150
1955	7	663
1955	8	345
1955	9	1049
1955	10	778
1955	11	0
1955	12	13
1956	1	46
1956	2	243
1956	3	61
1956	4	157
1956	5	582
1956	6	703
1956	7	327
1956	8	427
1956	9	33
1956	10	209
1956	11	119
1956	12	186
1957	1	161
1957	2	291
1957	3	792
1957	4	1713
1957	5	3511
1957	6	1925
1957	7	475
1957	8	119
1957	9	1576
1957	10	561
1957	11	485
1957	12	64
1958	1	212
1958	2	79
1958	3	810
1958	4	611
1958	5	382
1958	6	1315
1958	7	496
1958	8	1565
1958	9	360
1958	10	99
1958	11	105
1958	12	125
1959	1	20
1959	2	84
1959	3	352
1959	4	782
1959	5	1246
1959	6	249
1959	7	1344
1959	8	196
1959	9	1496
1959	10	1673
1959	11	10
1959	12	365
1960	1	233
1960	2	585
1960	3	572
1960	4	203
1960	5	1551
1960	6	1373
1960	7	1122
1960	8	1463
1960	9	462
1960	10	1191
1960	11	13
1960	12	317
1961	1	48
1961	2	215
1961	3	734
1961	4	216
1961	5	572
1961	6	1388
1961	7	463
1961	8	1855
1961	9	1223
1961	10	518
1961	11	954
1961	12	241
1962	1	207
1962	2	23
1962	3	91
1962	4	503
1962	5	92
1962	6	2051
1962	7	902
1962	8	589
1962	9	826
1962	10	471
1962	11	236
1962	12	380
1963	1	0
1963	2	66
1963	3	269
1963	4	173
1963	5	1199
1963	6	1540
1963	7	1003
1963	8	191
1963	9	1029
1963	10	686
1963	11	315
1963	12	55
1964	1	173
1964	2	271
1964	3	227
1964	4	355
1964	5	1481
1964	6	579
1964	7	72
1964	8	397
1964	9	655
1964	10	292
1964	11	2394
1964	12	302
1965	1	53
1965	2	193
1965	3	323
1965	4	570
1965	5	954
1965	6	1410
1965	7	523
1965	8	825
1965	9	1461
1965	10	259
1965	11	0
1965	12	523
1966	1	147
1966	2	425
1966	3	48
1966	4	621
1966	5	236
1966	6	671
1966	7	574
1966	8	936
1966	9	330
1966	10	188
1966	11	33
1966	12	189
1967	1	51
1967	2	33
1967	3	66
1967	4	829
1967	5	1193
1967	6	1652
1967	7	818
1967	8	358
1967	9	683
1967	10	641
1967	11	159
1967	12	270
1968	1	142
1968	2	117
1968	3	135
1968	4	496
1968	5	1497
1968	6	640
1968	7	881
1968	8	1269
1968	9	251
1968	10	316
1968	11	1103
1968	12	282
1969	1	72
1969	2	381
1969	3	949
1969	4	753
1969	5	1178
1969	6	1232
1969	7	320
1969	8	1255
1969	9	597
1969	10	324
1969	11	0
1969	12	244
1970	1	33
1970	2	5
1970	3	527
1970	4	1004
1970	5	130
1970	6	432
1970	7	216
1970	8	392
1970	9	1036
1970	10	274
1970	11	23
1970	12	178
1971	1	274
1971	2	228
1971	3	0
1971	4	245
1971	5	295
1971	6	1864
1971	7	871
1971	8	500
1971	9	1319
1971	10	1035
1971	11	211
1971	12	376
1972	1	18
1972	2	127
1972	3	25
1972	4	356
1972	5	743
1972	6	550
1972	7	1209
1972	8	699
1972	9	609
1972	10	780
1972	11	531
1972	12	169
1973	1	564
1973	2	82
1973	3	2357
1973	4	469
1973	5	824
1973	6	559
1973	7	1040
1973	8	140
1973	9	1533
1973	10	750
1973	11	507
1973	12	371
1974	1	158
1974	2	638
1974	3	1313
1974	4	1013
1974	5	1204
1974	6	279
1974	7	91
1974	8	1749
1974	9	1838
1974	10	1005
1974	11	875
1974	12	345
1975	1	673
1975	2	654
1975	3	650
1975	4	267
1975	5	2438
1975	6	1601
1975	7	361
1975	8	462
1975	9	63
1975	10	170
1975	11	1174
1975	12	150
1976	1	0
1976	2	97
1976	3	180
1976	4	1471
1976	5	1650
1976	6	386
1976	7	443
1976	8	130
1976	9	745
1976	10	698
1976	11	55
1976	12	0
1977	1	51
1977	2	478
1977	3	148
1977	4	820
1977	5	2043
1977	6	873
1977	7	429
1977	8	959
1977	9	584
1977	10	67
1977	11	433
1977	12	68
1978	1	119
1978	2	291
1978	3	157
1978	4	328
1978	5	1961
1978	6	818
1978	7	97
1978	8	612
1978	9	526
1978	10	160
1978	11	467
1978	12	102
1979	1	173
1979	2	61
1979	3	1105
1979	4	344
1979	5	807
1979	6	737
1979	7	869
1979	8	191
1979	9	716
1979	10	586
1979	11	610
1979	12	315
1980	1	303
1980	2	203
1980	3	470
1980	4	930
1980	5	3115
1980	6	705
1980	7	0
1980	8	23
1980	9	402
1980	10	868
1980	11	204
1980	12	356
1981	1	121
1981	2	109
1981	3	214
1981	4	218
1981	5	680
1981	6	1463
1981	7	703
1981	8	560
1981	9	756
1981	10	1220
1981	11	424
1981	12	58
1982	1	252
1982	2	288
1982	3	490
1982	4	638
1982	5	2222
1982	6	1024
1982	7	1254
1982	8	50
1982	9	134
1982	10	102
1982	11	328
1982	12	588
1983	1	160
1983	2	411
1983	3	838
1983	4	538
1983	5	1714
1983	6	1239
1983	7	109
1983	8	320
1983	9	1013
1983	10	1436
1983	11	399
1983	12	305
1984	1	292
1984	2	639
1984	3	855
1984	4	617
1984	5	238
1984	6	637
1984	7	0
1984	8	925
1984	9	158
1984	10	774
1984	11	381
1984	12	746
1985	1	391
1985	2	668
1985	3	740
1985	4	894
1985	5	211
1985	6	1307
1985	7	353
1985	8	834
1985	9	1194
1985	10	724
1985	11	750
1985	12	178
1986	1	0
1986	2	203
1986	3	97
1986	4	570
1986	5	1143
1986	6	778
1986	7	887
1986	8	1709
1986	9	2756
1986	10	3130
1986	11	877
1986	12	155
1987	1	345
1987	2	1037
1987	3	570
1987	4	228
1987	5	2279
1987	6	766
1987	7	660
1987	8	899
1987	9	1608
1987	10	77
1987	11	188
1987	12	748
1988	1	356
1988	2	38
1988	3	1092
1988	4	1301
1988	5	191
1988	6	674
1988	7	1171
1988	8	109
1988	9	1369
1988	10	507
1988	11	391
1988	12	48
1989	1	360
1989	2	259
1989	3	592
1989	4	102
1989	5	712
1989	6	1720
1989	7	1115
1989	8	1515
1989	9	1623
1989	10	368
1989	11	0
1989	12	162
1990	1	289
1990	2	914
1990	3	726
1990	4	1262
1990	5	870
1990	6	356
1990	7	584
1990	8	365
1990	9	747
1990	10	216
1990	11	525
1990	12	127
1991	1	89
1991	2	0
1991	3	525
1991	4	390
1991	5	1437
1991	6	563
1991	7	308
1991	8	891
1991	9	715
1991	10	523
1991	11	623
1991	12	974
1992	1	206
1992	2	31
1992	3	512
1992	4	412
1992	5	1221
1992	6	2554
1992	7	872
1992	8	1722
1992	9	192
1992	10	139
1992	11	1723
1992	12	143
1993	1	358
1993	2	612
1993	3	467
1993	4	718
1993	5	2169
1993	6	643
1993	7	689
1993	8	599
1993	9	424
1993	10	91
1993	11	218
1993	12	282
1994	1	53
1994	2	226
1994	3	638
1994	4	1647
1994	5	1646
1994	6	94
1994	7	571
1994	8	325
1994	9	416
1994	10	1394
1994	11	991
1994	12	140
1995	1	323
1995	2	102
1995	3	1133
1995	4	362
1995	5	1330
1995	6	2411
1995	7	314
1995	8	1588
1995	9	853
1995	10	160
1995	11	13
1995	12	392
1996	1	0
1996	2	21
1996	3	94
1996	4	102
1996	5	449
1996	6	881
1996	7	1784
1996	8	1108
1996	9	1452
1996	10	375
1996	11	420
1996	12	114
1997	1	102
1997	2	1120
1997	3	46
1997	4	1805
1997	5	968
1997	6	966
1997	7	549
1997	8	1393
1997	9	1313
1997	10	554
1997	11	246
1997	12	980
1998	1	218
1998	2	343
1998	3	1340
1998	4	610
1998	5	887
1998	6	76
1998	7	813
1998	8	341
1998	9	185
1998	10	1227
1998	11	935
1998	12	338
1999	1	488
1999	2	140
1999	3	1281
1999	4	1884
1999	5	378
1999	6	1742
1999	7	315
1999	8	834
1999	9	415
1999	10	686
1999	11	737
1999	12	1052
2000	1	168
2000	2	465
2000	3	1053
2000	4	705
2000	5	486
2000	6	931
2000	7	393
2000	8	0
2000	9	0
2000	10	1720
2000	11	393
2000	12	356
2001	1	412
2001	2	767
2001	3	356
2001	4	63
2001	5	1560
2001	6	531
2001	7	173
2001	8	587
2001	9	686
2001	10	0
2001	11	152
2001	12	23
2002	1	414
2002	2	170
2002	3	137
2002	4	742
2002	5	648
2002	6	843
2002	7	427
2002	8	991
2002	9	426
2002	10	1650
2002	11	97
2002	12	312
2003	1	0
2003	2	92
2003	3	247
2003	4	701
2003	5	813
2003	6	727
2003	7	124
2003	8	1097
2003	9	578
2003	10	444
2003	11	97
2003	12	147
2004	1	439
2004	2	244
2004	3	1258
2004	4	866
2004	5	163
2004	6	1788
2004	7	940
2004	8	642
2004	9	233
2004	10	1169
2004	11	1287
2004	12	132
2005	1	699
2005	2	312
2005	3	356
2005	4	231
2005	5	525
2005	6	1099
2005	7	604
2005	8	1399
2005	9	150
2005	10	1012
2005	11	0
2005	12	76
2006	1	58
2006	2	0
2006	3	663
2006	4	307
2006	5	475
2006	6	832
2006	7	302
2006	8	438
2006	9	275
2006	10	244
2006	11	363
2006	12	525
2007	1	0
2007	2	122
2007	3	2307
2007	4	717
2007	5	1689
2007	6	2376
2007	7	1348
2007	8	422
2007	9	1012
2007	10	808
2007	11	0
2007	12	457
2008	1	130
2008	2	705
2008	3	578
2008	4	607
2008	5	1632
2008	6	1918
2008	7	729
2008	8	307
2008	9	841
2008	10	1029
2008	11	79
2008	12	318
2009	1	0
2009	2	102
2009	3	531
2009	4	651
2009	5	806
2009	6	404
2009	7	956
2009	8	1494
2009	9	506
2009	10	1206
2009	11	56
2009	12	5
2010	1	13
2010	2	168
2010	3	374
2010	4	1183
2010	5	1751
2010	6	452
2010	7	1061
2010	8	160
2010	9	707
2010	10	401
2010	11	621
2010	12	38
2011	1	0
2011	2	0
2011	3	100
2011	4	294
2011	5	407
2011	6	352
2011	7	166
2011	8	548
2011	9	408
2011	10	709
2011	11	895
2011	12	356
2012	1	152
2012	2	538
2012	3	1117
2012	4	897
2012	5	306
2012	6	473
2012	7	167
2012	8	347
2012	9	409
2012	10	88
2012	11	127
2012	12	142
2013	1	189
2013	2	673
2013	3	232
2013	4	834
2013	5	631
2013	6	723
2013	7	1459
2013	8	816
2013	9	543
2013	10	485
2013	11	284
2013	12	152
2014	1	10
2014	2	54
2014	3	171
2014	4	173
2014	5	674
2014	6	1365
2014	7	906
2014	8	403
2014	9	445
2014	10	543
2014	11	556
2014	12	166
2015	1	95
2015	2	174
2015	3	213
2015	4	1188
2015	5	2747
2015	6	754
2015	7	1446
2015	8	552
2015	9	465
2015	10	128
