1893	1	111
1893	2	135
1893	3	251
1893	4	544
1893	5	643
1893	6	723
1893	7	372
1893	8	1063
1893	9	372
1893	10	0
1893	11	234
1893	12	212
1894	1	584
1894	2	411
1894	3	403
1894	4	1060
1894	5	610
1894	6	386
1894	7	329
1894	8	423
1894	9	750
1894	10	399
1894	11	118
1894	12	127
1895	1	192
1895	2	76
1895	3	55
1895	4	241
1895	5	319
1895	6	1360
1895	7	1013
1895	8	1199
1895	9	363
1895	10	405
1895	11	444
1895	12	760
1896	1	149
1896	2	48
1896	3	183
1896	4	219
1896	5	442
1896	6	1006
1896	7	872
1896	8	216
1896	9	378
1896	10	469
1896	11	279
1896	12	249
1897	1	147
1897	2	200
1897	3	613
1897	4	1369
1897	5	1834
1897	6	356
1897	7	224
1897	8	1038
1897	9	2057
1897	10	282
1897	11	0
1897	12	51
1898	1	681
1898	2	876
1898	3	416
1898	4	153
1898	5	1717
1898	6	1361
1898	7	1633
1898	8	825
1898	9	567
1898	10	229
1898	11	241
1898	12	885
1899	1	127
1899	2	114
1899	3	355
1899	4	749
1899	5	1369
1899	6	1159
1899	7	1762
1899	8	152
1899	9	670
1899	10	856
1899	11	1265
1899	12	358
1900	1	254
1900	2	241
1900	3	152
1900	4	968
1900	5	1120
1900	6	864
1900	7	1186
1900	8	292
1900	9	1730
1900	10	709
1900	11	76
1900	12	0
1901	1	241
1901	2	312
1901	3	396
1901	4	508
1901	5	1333
1901	6	343
1901	7	462
1901	8	109
1901	9	290
1901	10	564
1901	11	246
1901	12	102
1902	1	89
1902	2	28
1902	3	874
1902	4	582
1902	5	2581
1902	6	678
1902	7	203
1902	8	363
1902	9	1384
1902	10	279
1902	11	635
1902	12	325
1903	1	0
1903	2	1138
1903	3	564
1903	4	368
1903	5	2098
1903	6	592
1903	7	312
1903	8	251
1903	9	244
1903	10	795
1903	11	84
1903	12	20
1904	1	152
1904	2	3
1904	3	241
1904	4	1046
1904	5	1633
1904	6	582
1904	7	1384
1904	8	762
1904	9	457
1904	10	323
1904	11	0
1904	12	254
1905	1	523
1905	2	376
1905	3	1105
1905	4	960
1905	5	886
1905	6	815
1905	7	2659
1905	8	869
1905	9	475
1905	10	523
1905	11	455
1905	12	114
1906	1	249
1906	2	127
1906	3	734
1906	4	1067
1906	5	544
1906	6	1140
1906	7	1255
1906	8	1473
1906	9	1290
1906	10	607
1906	11	513
1906	12	335
1907	1	1019
1907	2	330
1907	3	185
1907	4	1039
1907	5	991
1907	6	1534
1907	7	401
1907	8	485
1907	9	152
1907	10	1687
1907	11	183
1907	12	681
1908	1	348
1908	2	833
1908	3	795
1908	4	1039
1908	5	1859
1908	6	2174
1908	7	457
1908	8	279
1908	9	1377
1908	10	973
1908	11	1181
1908	12	0
1909	1	89
1909	2	140
1909	3	345
1909	4	391
1909	5	1133
1909	6	940
1909	7	1118
1909	8	132
1909	9	208
1909	10	996
1909	11	1234
1909	12	196
1910	1	137
1910	2	191
1910	3	23
1910	4	216
1910	5	1092
1910	6	424
1910	7	0
1910	8	2741
1910	9	20
1910	10	229
1910	11	0
1910	12	0
1911	1	56
1911	2	1191
1911	3	0
1911	4	747
1911	5	241
1911	6	284
1911	7	1938
1911	8	653
1911	9	589
1911	10	704
1911	11	216
1911	12	1128
1912	1	64
1912	2	411
1912	3	625
1912	4	1113
1912	5	747
1912	6	1024
1912	7	665
1912	8	599
1912	9	597
1912	10	1971
1912	11	0
1912	12	188
1913	1	140
1913	2	452
1913	3	442
1913	4	310
1913	5	1039
1913	6	1488
1913	7	432
1913	8	0
1913	9	1740
1913	10	462
1913	11	711
1913	12	886
1914	1	0
1914	2	228
1914	3	99
1914	4	572
1914	5	1125
1914	6	198
1914	7	279
1914	8	1407
1914	9	196
1914	10	393
1914	11	212
1914	12	191
1915	1	251
1915	2	1252
1915	3	359
1915	4	1366
1915	5	1288
1915	6	1773
1915	7	224
1915	8	492
1915	9	811
1915	10	432
1915	11	0
1915	12	102
1916	1	394
1916	2	25
1916	3	165
1916	4	533
1916	5	395
1916	6	1778
1916	7	0
1916	8	25
1916	9	338
1916	10	787
1916	11	586
1916	12	203
1917	1	101
1917	2	152
1917	3	169
1917	4	1151
1917	5	282
1917	6	352
1917	7	38
1917	8	1927
1917	9	315
1917	10	0
1917	11	348
1917	12	25
1918	1	202
1918	2	25
1918	3	609
1918	4	826
1918	5	1115
1918	6	562
1918	7	413
1918	8	508
1918	9	211
1918	10	1807
1918	11	425
1918	12	813
1919	1	96
1919	2	514
1919	3	456
1919	4	932
1919	5	1546
1919	6	1408
1919	7	188
1919	8	775
1919	9	221
1919	10	959
1919	11	622
1919	12	0
1920	1	254
1920	2	0
1920	3	666
1920	4	435
1920	5	1220
1920	6	784
1920	7	1247
1920	8	1217
1920	9	566
1920	10	980
1920	11	658
1920	12	529
1921	1	593
1921	2	102
1921	3	358
1921	4	595
1921	5	157
1921	6	1432
1921	7	470
1921	8	284
1921	9	282
1921	10	0
1921	11	56
1921	12	0
1922	1	328
1922	2	279
1922	3	774
1922	4	1867
1922	5	1687
1922	6	289
1922	7	394
1922	8	18
1922	9	393
1922	10	650
1922	11	493
1922	12	0
1923	1	81
1923	2	28
1923	3	460
1923	4	813
1923	5	1347
1923	6	863
1923	7	0
1923	8	440
1923	9	1295
1923	10	1567
1923	11	213
1923	12	356
1924	1	64
1924	2	25
1924	3	1171
1924	4	734
1924	5	183
1924	6	688
1924	7	549
1924	8	249
1924	9	642
1924	10	233
1924	11	403
1924	12	76
1925	1	139
1925	2	97
1925	3	142
1925	4	1453
1925	5	310
1925	6	740
1925	7	850
1925	8	33
1925	9	1115
1925	10	696
1925	11	577
1925	12	0
1926	1	440
1926	2	0
1926	3	541
1926	4	574
1926	5	533
1926	6	1197
1926	7	762
1926	8	455
1926	9	1639
1926	10	762
1926	11	180
1926	12	560
1927	1	343
1927	2	254
1927	3	464
1927	4	1092
1927	5	686
1927	6	781
1927	7	835
1927	8	1404
1927	9	333
1927	10	518
1927	11	38
1927	12	267
1928	1	56
1928	2	325
1928	3	361
1928	4	1466
1928	5	738
1928	6	1142
1928	7	514
1928	8	323
1928	9	193
1928	10	776
1928	11	706
1928	12	609
1929	1	279
1929	2	350
1929	3	653
1929	4	671
1929	5	2365
1929	6	561
1929	7	449
1929	8	51
1929	9	426
1929	10	1088
1929	11	536
1929	12	0
1930	1	822
1930	2	43
1930	3	30
1930	4	587
1930	5	1498
1930	6	691
1930	7	140
1930	8	710
1930	9	568
1930	10	798
1930	11	371
1930	12	419
1931	1	312
1931	2	306
1931	3	833
1931	4	597
1931	5	1498
1931	6	455
1931	7	1053
1931	8	408
1931	9	152
1931	10	503
1931	11	935
1931	12	131
1932	1	717
1932	2	339
1932	3	147
1932	4	486
1932	5	297
1932	6	2094
1932	7	666
1932	8	1654
1932	9	185
1932	10	384
1932	11	30
1932	12	1436
1933	1	92
1933	2	356
1933	3	571
1933	4	900
1933	5	287
1933	6	58
1933	7	827
1933	8	983
1933	9	414
1933	10	463
1933	11	246
1933	12	693
1934	1	724
1934	2	234
1934	3	350
1934	4	637
1934	5	788
1934	6	535
1934	7	69
1934	8	502
1934	9	951
1934	10	229
1934	11	709
1934	12	196
1935	1	264
1935	2	238
1935	3	703
1935	4	416
1935	5	843
1935	6	740
1935	7	97
1935	8	1593
1935	9	617
1935	10	335
1935	11	682
1935	12	385
1936	1	79
1936	2	79
1936	3	0
1936	4	48
1936	5	793
1936	6	750
1936	7	36
1936	8	16
1936	9	1247
1936	10	514
1936	11	114
1936	12	305
1937	1	183
1937	2	188
1937	3	503
1937	4	246
1937	5	631
1937	6	1417
1937	7	363
1937	8	978
1937	9	559
1937	10	620
1937	11	345
1937	12	226
1938	1	38
1938	2	518
1938	3	798
1938	4	1113
1938	5	1086
1938	6	1458
1938	7	939
1938	8	1196
1938	9	917
1938	10	43
1938	11	442
1938	12	120
1939	1	847
1939	2	34
1939	3	339
1939	4	402
1939	5	880
1939	6	2005
1939	7	478
1939	8	569
1939	9	58
1939	10	150
1939	11	260
1939	12	353
1940	1	434
1940	2	509
1940	3	31
1940	4	1148
1940	5	622
1940	6	296
1940	7	1080
1940	8	1010
1940	9	429
1940	10	197
1940	11	1295
1940	12	420
1941	1	302
1941	2	316
1941	3	198
1941	4	1647
1941	5	1270
1941	6	997
1941	7	622
1941	8	637
1941	9	859
1941	10	2838
1941	11	289
1941	12	227
1942	1	229
1942	2	464
1942	3	249
1942	4	2145
1942	5	358
1942	6	1273
1942	7	124
1942	8	1003
1942	9	1613
1942	10	608
1942	11	89
1942	12	545
1943	1	13
1943	2	135
1943	3	244
1943	4	346
1943	5	1751
1943	6	510
1943	7	419
1943	8	142
1943	9	127
1943	10	1405
1943	11	33
1943	12	995
1944	1	387
1944	2	257
1944	3	950
1944	4	1191
1944	5	469
1944	6	945
1944	7	1416
1944	8	583
1944	9	1337
1944	10	450
1944	11	691
1944	12	607
1945	1	312
1945	2	160
1945	3	853
1945	4	1703
1945	5	381
1945	6	1655
1945	7	722
1945	8	668
1945	9	1622
1945	10	127
1945	11	0
1945	12	38
1946	1	531
1946	2	752
1946	3	394
1946	4	663
1946	5	716
1946	6	990
1946	7	583
1946	8	316
1946	9	592
1946	10	521
1946	11	937
1946	12	141
1947	1	198
1947	2	48
1947	3	78
1947	4	2102
1947	5	1426
1947	6	734
1947	7	569
1947	8	132
1947	9	18
1947	10	249
1947	11	561
1947	12	795
1948	1	91
1948	2	452
1948	3	628
1948	4	572
1948	5	531
1948	6	2544
1948	7	502
1948	8	1572
1948	9	46
1948	10	107
1948	11	1041
1948	12	35
1949	1	1610
1949	2	377
1949	3	757
1949	4	399
1949	5	1951
1949	6	235
1949	7	1304
1949	8	402
1949	9	632
1949	10	1008
1949	11	0
1949	12	298
1950	1	0
1950	2	124
1950	3	23
1950	4	120
1950	5	1157
1950	6	1214
1950	7	2501
1950	8	1120
1950	9	309
1950	10	51
1950	11	130
1950	12	0
1951	1	236
1951	2	743
1951	3	169
1951	4	393
1951	5	1694
1951	6	1570
1951	7	739
1951	8	175
1951	9	675
1951	10	482
1951	11	300
1951	12	29
1952	1	211
1952	2	285
1952	3	569
1952	4	373
1952	5	622
1952	6	195
1952	7	142
1952	8	609
1952	9	112
1952	10	0
1952	11	447
1952	12	361
1953	1	46
1953	2	239
1953	3	937
1953	4	425
1953	5	584
1953	6	665
1953	7	1201
1953	8	883
1953	9	289
1953	10	1015
1953	11	542
1953	12	25
1954	1	41
1954	2	153
1954	3	180
1954	4	541
1954	5	1341
1954	6	600
1954	7	51
1954	8	1256
1954	9	86
1954	10	46
1954	11	66
1954	12	142
1955	1	178
1955	2	416
1955	3	160
1955	4	127
1955	5	3536
1955	6	896
1955	7	569
1955	8	31
1955	9	898
1955	10	901
1955	11	0
1955	12	25
1956	1	81
1956	2	437
1956	3	104
1956	4	96
1956	5	743
1956	6	975
1956	7	293
1956	8	262
1956	9	53
1956	10	292
1956	11	155
1956	12	204
1957	1	264
1957	2	374
1957	3	788
1957	4	1234
1957	5	5686
1957	6	2071
1957	7	607
1957	8	68
1957	9	1229
1957	10	418
1957	11	414
1957	12	89
1958	1	249
1958	2	76
1958	3	899
1958	4	583
1958	5	389
1958	6	1550
1958	7	432
1958	8	1385
1958	9	764
1958	10	119
1958	11	297
1958	12	147
1959	1	10
1959	2	104
1959	3	277
1959	4	611
1959	5	1058
1959	6	488
1959	7	1108
1959	8	20
1959	9	1245
1959	10	1552
1959	11	35
1959	12	343
1960	1	193
1960	2	598
1960	3	320
1960	4	302
1960	5	1687
1960	6	678
1960	7	1544
1960	8	1832
1960	9	280
1960	10	1097
1960	11	46
1960	12	429
1961	1	0
1961	2	223
1961	3	747
1961	4	254
1961	5	831
1961	6	1021
1961	7	681
1961	8	630
1961	9	2231
1961	10	855
1961	11	860
1961	12	260
1962	1	217
1962	2	74
1962	3	119
1962	4	475
1962	5	82
1962	6	1766
1962	7	1164
1962	8	429
1962	9	1115
1962	10	820
1962	11	287
1962	12	333
1963	1	18
1963	2	33
1963	3	546
1963	4	317
1963	5	631
1963	6	1585
1963	7	1481
1963	8	550
1963	9	573
1963	10	721
1963	11	350
1963	12	138
1964	1	167
1964	2	287
1964	3	265
1964	4	368
1964	5	2010
1964	6	499
1964	7	424
1964	8	913
1964	9	734
1964	10	346
1964	11	1172
1964	12	269
1965	1	210
1965	2	234
1965	3	398
1965	4	462
1965	5	678
1965	6	1504
1965	7	548
1965	8	430
1965	9	1383
1965	10	292
1965	11	0
1965	12	474
1966	1	130
1966	2	300
1966	3	38
1966	4	798
1966	5	620
1966	6	927
1966	7	1021
1966	8	867
1966	9	1011
1966	10	145
1966	11	13
1966	12	231
1967	1	59
1967	2	15
1967	3	135
1967	4	758
1967	5	1029
1967	6	1729
1967	7	809
1967	8	481
1967	9	1589
1967	10	458
1967	11	156
1967	12	329
1968	1	291
1968	2	102
1968	3	328
1968	4	691
1968	5	1435
1968	6	1032
1968	7	497
1968	8	966
1968	9	468
1968	10	344
1968	11	1141
1968	12	422
1969	1	94
1969	2	541
1969	3	850
1969	4	1290
1969	5	1563
1969	6	723
1969	7	152
1969	8	1274
1969	9	1089
1969	10	536
1969	11	38
1969	12	326
1970	1	36
1970	2	51
1970	3	520
1970	4	1010
1970	5	409
1970	6	582
1970	7	548
1970	8	580
1970	9	1230
1970	10	450
1970	11	23
1970	12	180
1971	1	348
1971	2	422
1971	3	0
1971	4	416
1971	5	306
1971	6	1517
1971	7	538
1971	8	176
1971	9	736
1971	10	841
1971	11	313
1971	12	565
1972	1	18
1972	2	5
1972	3	239
1972	4	516
1972	5	521
1972	6	592
1972	7	521
1972	8	1217
1972	9	576
1972	10	892
1972	11	705
1972	12	277
1973	1	712
1973	2	148
1973	3	1580
1973	4	574
1973	5	506
1973	6	643
1973	7	779
1973	8	59
1973	9	1702
1973	10	546
1973	11	629
1973	12	213
1974	1	86
1974	2	765
1974	3	766
1974	4	627
1974	5	1194
1974	6	315
1974	7	175
1974	8	2377
1974	9	1448
1974	10	1144
1974	11	1456
1974	12	393
1975	1	668
1975	2	616
1975	3	700
1975	4	184
1975	5	1776
1975	6	2226
1975	7	326
1975	8	730
1975	9	566
1975	10	363
1975	11	488
1975	12	156
1976	1	0
1976	2	71
1976	3	363
1976	4	1303
1976	5	1516
1976	6	158
1976	7	254
1976	8	18
1976	9	1255
1976	10	445
1976	11	74
1976	12	0
1977	1	101
1977	2	346
1977	3	43
1977	4	884
1977	5	1517
1977	6	795
1977	7	782
1977	8	865
1977	9	380
1977	10	171
1977	11	409
1977	12	66
1978	1	115
1978	2	717
1978	3	196
1978	4	341
1978	5	1612
1978	6	845
1978	7	315
1978	8	584
1978	9	437
1978	10	18
1978	11	711
1978	12	84
1979	1	322
1979	2	128
1979	3	1210
1979	4	812
1979	5	1246
1979	6	876
1979	7	1420
1979	8	714
1979	9	734
1979	10	245
1979	11	853
1979	12	295
1980	1	342
1980	2	178
1980	3	444
1980	4	127
1980	5	2124
1980	6	710
1980	7	0
1980	8	94
1980	9	313
1980	10	407
1980	11	26
1980	12	318
1981	1	30
1981	2	248
1981	3	523
1981	4	377
1981	5	955
1981	6	1418
1981	7	833
1981	8	487
1981	9	488
1981	10	995
1981	11	634
1981	12	51
1982	1	338
1982	2	169
1982	3	399
1982	4	747
1982	5	3315
1982	6	1107
1982	7	1934
1982	8	18
1982	9	371
1982	10	93
1982	11	550
1982	12	366
1983	1	188
1983	2	495
1983	3	767
1983	4	518
1983	5	2616
1983	6	1231
1983	7	0
1983	8	452
1983	9	803
1983	10	1585
1983	11	407
1983	12	84
1984	1	160
1984	2	509
1984	3	1353
1984	4	421
1984	5	333
1984	6	1061
1984	7	26
1984	8	394
1984	9	173
1984	10	358
1984	11	378
1984	12	831
1985	1	543
1985	2	600
1985	3	844
1985	4	1138
1985	5	961
1985	6	984
1985	7	389
1985	8	1106
1985	9	1267
1985	10	740
1985	11	437
1985	12	51
1986	1	0
1986	2	107
1986	3	45
1986	4	726
1986	5	1059
1986	6	1945
1986	7	637
1986	8	1939
1986	9	2503
1986	10	2226
1986	11	795
1986	12	224
1987	1	429
1987	2	592
1987	3	744
1987	4	79
1987	5	1418
1987	6	880
1987	7	750
1987	8	737
1987	9	1392
1987	10	122
1987	11	636
1987	12	724
1988	1	168
1988	2	48
1988	3	1222
1988	4	1663
1988	5	266
1988	6	658
1988	7	1329
1988	8	173
1988	9	2266
1988	10	656
1988	11	422
1988	12	74
1989	1	305
1989	2	326
1989	3	1009
1989	4	23
1989	5	904
1989	6	2226
1989	7	621
1989	8	1904
1989	9	737
1989	10	693
1989	11	15
1989	12	38
1990	1	422
1990	2	959
1990	3	1220
1990	4	1050
1990	5	1046
1990	6	332
1990	7	510
1990	8	669
1990	9	738
1990	10	246
1990	11	394
1990	12	143
1991	1	56
1991	2	8
1991	3	320
1991	4	272
1991	5	809
1991	6	721
1991	7	764
1991	8	240
1991	9	921
1991	10	600
1991	11	603
1991	12	1053
1992	1	112
1992	2	103
1992	3	511
1992	4	752
1992	5	797
1992	6	1667
1992	7	652
1992	8	2018
1992	9	348
1992	10	150
1992	11	1442
1992	12	616
1993	1	648
1993	2	575
1993	3	482
1993	4	1227
1993	5	2989
1993	6	563
1993	7	828
1993	8	425
1993	9	734
1993	10	102
1993	11	362
1993	12	437
1994	1	48
1994	2	148
1994	3	690
1994	4	2220
1994	5	1371
1994	6	171
1994	7	679
1994	8	598
1994	9	296
1994	10	787
1994	11	1354
1994	12	138
1995	1	269
1995	2	48
1995	3	1004
1995	4	921
1995	5	1357
1995	6	2691
1995	7	792
1995	8	1595
1995	9	1019
1995	10	162
1995	11	25
1995	12	500
1996	1	15
1996	2	66
1996	3	124
1996	4	394
1996	5	305
1996	6	1018
1996	7	1388
1996	8	1788
1996	9	839
1996	10	733
1996	11	643
1996	12	134
1997	1	153
1997	2	1090
1997	3	29
1997	4	1570
1997	5	731
1997	6	667
1997	7	775
1997	8	1168
1997	9	620
1997	10	596
1997	11	271
1997	12	844
1998	1	311
1998	2	336
1998	3	1349
1998	4	805
1998	5	539
1998	6	114
1998	7	340
1998	8	188
1998	9	433
1998	10	2275
1998	11	1410
1998	12	607
1999	1	440
1999	2	92
1999	3	1082
1999	4	1707
1999	5	868
1999	6	1846
1999	7	338
1999	8	747
1999	9	355
1999	10	721
1999	11	51
1999	12	1205
2000	1	216
2000	2	396
2000	3	1085
2000	4	629
2000	5	1376
2000	6	1154
2000	7	652
2000	8	0
2000	9	0
2000	10	1601
2000	11	454
2000	12	347
2001	1	381
2001	2	865
2001	3	214
2001	4	141
2001	5	2560
2001	6	699
2001	7	287
2001	8	203
2001	9	782
2001	10	38
2001	11	285
2001	12	64
2002	1	950
2002	2	203
2002	3	236
2002	4	882
2002	5	1368
2002	6	1295
2002	7	852
2002	8	1335
2002	9	1343
2002	10	1037
2002	11	64
2002	12	777
2003	1	3
2003	2	382
2003	3	559
2003	4	732
2003	5	906
2003	6	1295
2003	7	803
2003	8	391
2003	9	504
2003	10	731
2003	11	228
2003	12	438
2004	1	908
2004	2	307
2004	3	2065
2004	4	700
2004	5	117
2004	6	2027
2004	7	755
2004	8	887
2004	9	181
2004	10	761
2004	11	1411
2004	12	171
2005	1	641
2005	2	359
2005	3	176
2005	4	168
2005	5	890
2005	6	1470
2005	7	759
2005	8	2215
2005	9	343
2005	10	1190
2005	11	0
2005	12	41
2006	1	132
2006	2	13
2006	3	472
2006	4	1077
2006	5	661
2006	6	1052
2006	7	606
2006	8	582
2006	9	170
2006	10	221
2006	11	336
2006	12	504
2007	1	324
2007	2	148
2007	3	1901
2007	4	714
2007	5	2178
2007	6	3301
2007	7	940
2007	8	709
2007	9	801
2007	10	916
2007	11	30
2007	12	519
2008	1	371
2008	2	803
2008	3	605
2008	4	1011
2008	5	1594
2008	6	2077
2008	7	857
2008	8	610
2008	9	282
2008	10	798
2008	11	206
2008	12	254
2009	1	39
2009	2	195
2009	3	504
2009	4	740
2009	5	660
2009	6	396
2009	7	643
2009	8	1688
2009	9	544
2009	10	1455
2009	11	124
2009	12	69
2010	1	470
2010	2	671
2010	3	519
2010	4	944
2010	5	1959
2010	6	856
2010	7	1069
2010	8	358
2010	9	746
2010	10	310
2010	11	546
2010	12	69
2011	1	127
2011	2	578
2011	3	305
2011	4	364
2011	5	1301
2011	6	643
2011	7	116
2011	8	934
2011	9	478
2011	10	1278
2011	11	815
2011	12	624
2012	1	229
2012	2	651
2012	3	759
2012	4	1190
2012	5	373
2012	6	430
2012	7	74
2012	8	451
2012	9	177
2012	10	151
2012	11	106
2012	12	57
2013	1	334
2013	2	1129
2013	3	201
2013	4	1197
2013	5	1455
2013	6	878
2013	7	1453
2013	8	972
2013	9	577
2013	10	565
2013	11	243
2013	12	185
2014	1	97
2014	2	128
2014	3	244
2014	4	131
2014	5	426
2014	6	1893
2014	7	1205
2014	8	479
2014	9	384
2014	10	672
2014	11	450
2014	12	194
2015	1	147
2015	2	239
2015	3	192
2015	4	1255
2015	5	3333
2015	6	763
2015	7	1399
2015	8	614
2015	9	414
2015	10	252
