1892	12	360
1893	2	377
1893	4	599
1893	5	715
1893	6	77
1893	7	35
1893	9	362
1893	10	630
1893	11	481
1893	12	269
1894	1	648
1894	2	237
1894	3	592
1894	4	494
1894	5	531
1894	6	301
1894	7	0
1894	8	53
1894	9	169
1894	10	408
1894	11	61
1894	12	172
1895	1	442
1895	2	106
1895	3	176
1895	4	151
1895	5	415
1895	6	16
1895	7	70
1895	8	49
1895	9	318
1895	10	0
1895	11	265
1895	12	424
1896	1	394
1896	2	226
1896	3	180
1896	4	664
1896	5	522
1896	6	165
1896	7	19
1896	8	296
1896	9	90
1896	10	240
1896	11	555
1896	12	408
1897	1	349
1897	2	418
1897	3	395
1897	4	258
1897	5	244
1897	6	430
1897	7	201
1897	8	95
1897	9	289
1897	10	43
1897	11	706
1897	12	493
1898	1	330
1898	2	196
1898	3	220
1898	4	265
1898	5	371
1898	6	283
1898	7	33
1898	8	57
1898	9	133
1898	10	135
1898	11	438
1898	12	184
1899	1	403
1899	2	593
1899	3	331
1899	4	376
1899	5	422
1899	6	123
1899	7	6
1899	8	499
1899	9	292
1899	10	481
1899	11	432
1899	12	424
1900	1	227
1900	2	284
1900	3	293
1900	4	433
1900	5	377
1900	6	174
1900	7	67
1900	8	195
1900	9	337
1900	10	699
1900	11	339
1900	12	265
1901	1	294
1901	2	469
1901	3	271
1901	4	156
1901	5	367
1901	6	199
1901	7	60
1901	8	35
1901	9	425
1901	10	78
1901	11	229
1901	12	514
1902	1	215
1902	2	382
1902	3	175
1902	4	496
1902	5	561
1902	6	65
1902	7	224
1902	8	34
1902	9	196
1902	10	176
1902	11	681
1902	12	638
1903	1	175
1903	2	44
1903	3	277
1903	4	97
1903	5	165
1903	6	414
1903	7	89
1903	8	223
1903	9	234
1903	10	198
1903	11	640
1903	12	264
1904	1	258
1904	2	542
1904	3	889
1904	4	279
1904	5	188
1904	6	228
1904	7	373
1904	8	10
1904	9	117
1904	10	268
1904	11	94
1904	12	366
1905	1	216
1905	2	121
1905	3	444
1905	4	272
1905	5	396
1905	6	368
1905	7	13
1905	8	0
1905	9	306
1905	10	403
1905	11	269
1905	12	223
1906	1	187
1906	2	230
1906	3	347
1906	4	87
1906	5	608
1906	6	394
1906	7	6
1906	8	119
1906	9	185
1906	10	200
1906	11	496
1906	12	751
1907	1	525
1907	2	217
1907	3	200
1907	4	243
1907	5	122
1907	6	280
1907	7	85
1907	8	16
1907	9	241
1907	10	149
1907	11	102
1907	12	540
1908	1	119
1908	2	188
1908	3	272
1908	4	191
1908	5	447
1908	6	76
1908	7	257
1908	8	86
1908	9	114
1908	10	358
1908	11	122
1908	12	181
1909	1	418
1909	2	442
1909	3	240
1909	4	148
1909	5	213
1909	6	97
1909	7	92
1909	8	5
1909	9	196
1909	10	151
1909	11	578
1909	12	249
1910	1	338
1910	2	302
1910	3	210
1910	4	258
1910	5	363
1910	6	183
1910	7	0
1910	8	5
1910	9	181
1910	10	135
1910	11	787
1910	12	347
1911	1	211
1911	2	397
1911	3	66
1911	4	127
1911	5	429
1911	6	410
1911	7	43
1911	8	23
1911	9	246
1911	10	231
1911	11	351
1911	12	238
1912	1	595
1912	2	520
1912	3	518
1912	4	546
1912	5	979
1912	6	541
1912	7	326
1912	8	573
1912	9	95
1912	10	241
1912	11	374
1912	12	290
1913	1	507
1913	2	133
1913	3	665
1913	4	333
1913	5	434
1913	6	751
1913	7	33
1913	8	41
1913	9	87
1913	10	500
1913	11	499
1913	12	319
1914	1	335
1914	2	298
1914	3	96
1914	4	510
1914	5	173
1914	6	334
1914	7	31
1914	8	0
1914	9	386
1914	10	290
1914	11	108
1914	12	104
1915	1	122
1915	2	414
1915	3	547
1915	4	399
1915	5	923
1915	6	147
1915	7	343
1915	8	0
1915	9	58
1915	10	51
1915	11	414
1915	12	414
1916	1	736
1916	2	661
1916	3	178
1916	4	235
1916	5	378
1916	6	360
1916	7	77
1916	8	25
1916	9	36
1916	10	157
1916	11	290
1916	12	657
1917	1	201
1917	2	318
1917	3	228
1917	4	842
1917	5	465
1917	6	30
1917	7	10
1917	8	8
1917	9	15
1917	10	0
1917	11	274
1917	12	547
1918	1	613
1918	2	206
1918	3	143
1918	4	282
1918	5	70
1918	6	109
1918	7	139
1918	8	239
1918	9	243
1918	10	593
1918	11	119
1918	12	170
1919	1	190
1919	2	413
1919	3	198
1919	4	242
1919	5	129
1919	6	56
1919	7	15
1919	8	30
1919	9	231
1919	10	453
1919	11	795
1919	12	120
1920	1	231
1920	2	25
1920	3	409
1920	4	632
1920	5	112
1920	6	466
1920	7	148
1920	8	444
1920	9	417
1920	10	389
1920	11	209
1920	12	454
1921	1	280
1921	2	422
1921	3	206
1921	4	285
1921	5	226
1921	6	141
1921	7	119
1921	8	104
1921	9	239
1921	10	136
1921	11	1026
1921	12	197
1922	1	278
1922	2	172
1922	3	338
1922	4	311
1922	5	87
1922	6	312
1922	7	0
1922	8	274
1922	9	84
1922	10	258
1922	11	142
1922	12	338
1923	1	197
1923	2	226
1923	3	23
1923	4	290
1923	5	438
1923	6	661
1923	7	211
1923	8	97
1923	9	84
1923	10	761
1923	11	264
1923	12	368
1924	1	147
1924	2	707
1924	3	141
1924	4	99
1924	5	16
1924	6	308
1924	7	89
1924	8	203
1924	9	268
1924	10	125
1924	11	651
1924	12	488
1925	1	423
1925	2	123
1925	3	206
1925	4	411
1925	5	382
1925	6	253
1925	7	51
1925	8	115
1925	9	337
1925	10	31
1925	11	249
1925	12	493
1926	1	407
1926	2	432
1926	3	470
1926	4	316
1926	5	434
1926	6	101
1926	7	0
1926	8	409
1926	9	194
1926	10	205
1926	11	691
1926	12	426
1927	1	474
1927	2	237
1927	3	481
1927	4	201
1927	5	190
1927	6	516
1927	7	0
1927	8	103
1927	9	555
1927	10	421
1927	11	621
1927	12	345
1928	1	358
1928	2	122
1928	3	397
1928	4	200
1928	5	156
1928	6	108
1928	7	117
1928	8	30
1928	9	166
1928	10	286
1928	11	213
1928	12	263
1929	1	783
1929	2	251
1929	3	226
1929	4	194
1929	5	291
1929	6	566
1929	7	0
1929	8	35
1929	9	55
1929	10	162
1929	11	63
1929	12	717
1930	1	345
1930	2	550
1930	3	235
1930	4	206
1930	5	562
1930	6	175
1930	7	5
1930	8	62
1930	9	221
1930	10	277
1930	11	216
1930	12	259
1931	1	284
1931	2	185
1931	3	618
1931	4	199
1931	5	46
1931	6	674
1931	7	0
1931	8	0
1931	9	71
1931	10	280
1931	11	371
1931	12	511
1932	1	165
1932	2	158
1932	3	676
1932	4	184
1932	5	290
1932	6	165
1932	7	50
1932	8	140
1932	9	0
1932	10	262
1932	11	428
1932	12	104
1933	1	123
1933	2	332
1933	3	220
1933	4	280
1933	5	456
1933	6	255
1933	7	0
1933	8	105
1933	9	441
1933	10	242
1933	11	274
1933	12	653
1934	1	286
1934	2	175
1934	3	285
1934	4	249
1934	5	133
1934	6	526
1934	7	43
1934	8	25
1934	9	115
1934	10	300
1934	11	280
1934	12	334
1935	1	252
1935	2	221
1935	3	158
1935	4	634
1935	5	157
1935	6	231
1935	7	53
1935	8	18
1935	9	13
1935	10	321
1935	11	61
1935	12	276
1936	1	546
1936	2	566
1936	3	183
1936	4	265
1936	5	298
1936	6	332
1936	7	28
1936	8	39
1936	9	292
1936	10	20
1936	11	18
1936	12	322
1937	1	514
1937	2	283
1937	3	630
1937	4	652
1937	5	53
1937	6	625
1937	7	8
1937	8	44
1937	9	46
1937	10	293
1937	11	432
1937	12	533
1938	1	315
1938	2	462
1938	3	386
1938	4	481
1938	5	173
1938	6	244
1938	7	18
1938	8	31
1938	9	73
1938	10	380
1938	11	295
1938	12	169
1939	1	177
1939	2	437
1939	3	438
1939	4	160
1939	5	193
1939	6	123
1939	7	102
1939	8	36
1939	9	79
1939	10	242
1939	11	26
1939	12	544
1940	1	559
1940	2	514
1940	3	451
1940	4	431
1940	5	77
1940	6	5
1940	7	297
1940	8	0
1940	9	386
1940	10	238
1940	11	475
1940	12	45
1941	1	153
1941	2	180
1941	3	104
1941	4	369
1941	5	614
1941	6	910
1941	7	135
1941	8	392
1941	9	565
1941	10	496
1941	11	487
1941	12	406
1942	1	525
1942	2	319
1942	3	138
1942	4	493
1942	5	597
1942	6	605
1942	7	124
1942	8	46
1942	9	13
1942	10	211
1942	11	673
1942	12	667
1943	1	599
1943	2	127
1943	3	205
1943	4	488
1943	5	246
1943	6	513
1943	7	58
1943	8	191
1943	9	25
1943	10	396
1943	11	89
1943	12	208
1944	1	86
1944	2	277
1944	3	184
1944	4	596
1944	5	49
1944	6	140
1944	7	97
1944	8	0
1944	9	155
1944	10	135
1944	11	460
1944	12	153
1945	1	424
1945	2	366
1945	3	490
1945	4	142
1945	5	965
1945	6	130
1945	7	5
1945	8	79
1945	9	317
1945	10	74
1945	11	392
1945	12	559
1946	1	216
1946	2	180
1946	3	363
1946	4	312
1946	5	505
1946	6	305
1946	7	76
1946	8	135
1946	9	371
1946	10	383
1946	11	297
1946	12	218
1947	1	359
1947	2	87
1947	3	332
1947	4	480
1947	5	276
1947	6	981
1947	7	74
1947	8	182
1947	9	233
1947	10	783
1947	11	606
1947	12	557
1948	1	274
1948	2	447
1948	3	343
1948	4	672
1948	5	917
1948	6	419
1948	7	248
1948	8	189
1948	9	132
1948	10	193
1948	11	338
1948	12	575
1949	1	150
1949	2	518
1949	3	322
1949	4	134
1949	5	460
1949	6	38
1949	7	0
1949	8	0
1949	9	350
1949	10	188
1949	11	433
1949	12	238
1950	1	683
1950	2	180
1950	3	262
1950	4	297
1950	5	276
1950	6	640
1950	7	13
1950	8	107
1950	9	61
1950	10	503
1950	11	510
1950	12	627
1951	1	302
1951	2	269
1951	3	178
1951	4	211
1951	5	282
1951	6	198
1951	7	5
1951	8	41
1951	9	61
1951	10	343
1951	11	284
1951	12	249
1952	1	173
1952	2	249
1952	3	129
1952	4	265
1952	5	390
1952	6	627
1952	7	0
1952	8	40
1952	9	288
1952	10	51
1952	11	84
1952	12	505
1953	1	420
1953	2	343
1953	3	545
1953	4	423
1953	5	552
1953	6	173
1953	7	0
1953	8	307
1953	9	0
1953	10	72
1953	11	410
1953	12	448
1954	1	400
1954	2	155
1954	3	267
1954	4	189
1954	5	131
1954	6	399
1954	7	196
1954	8	301
1954	9	189
1954	10	166
1954	11	193
1954	12	205
1955	1	195
1955	2	155
1955	3	244
1955	4	429
1955	5	421
1955	6	263
1955	7	340
1955	8	0
1955	9	274
1955	10	440
1955	11	753
1955	12	518
1956	1	778
1956	2	266
1956	3	248
1956	4	19
1956	5	901
1956	6	332
1956	7	106
1956	8	275
1956	9	3
1956	10	561
1956	11	89
1956	12	288
1957	1	251
1957	2	294
1957	3	792
1957	4	258
1957	5	583
1957	6	235
1957	7	23
1957	8	36
1957	9	239
1957	10	798
1957	11	229
1957	12	496
1958	1	356
1958	2	462
1958	3	465
1958	4	714
1958	5	427
1958	6	462
1958	7	30
1958	8	30
1958	9	140
1958	10	58
1958	11	620
1958	12	818
1959	1	559
1959	2	373
1959	3	267
1959	4	175
1959	5	323
1959	6	414
1959	7	53
1959	8	94
1959	9	432
1959	10	249
1959	11	234
1959	12	191
1960	1	389
1960	2	155
1960	3	442
1960	4	323
1960	5	772
1960	6	132
1960	7	5
1960	8	216
1960	9	320
1960	10	295
1960	11	465
1960	12	178
1961	1	104
1961	2	612
1961	3	767
1961	4	432
1961	5	399
1961	6	183
1961	7	79
1961	8	56
1961	9	66
1961	10	180
1961	11	361
1961	12	378
1962	1	358
1962	2	272
1962	3	323
1962	4	246
1962	5	848
1962	6	69
1962	7	0
1962	8	157
1962	9	196
1962	10	335
1962	11	373
1962	12	490
1963	1	333
1963	2	455
1963	3	254
1963	4	772
1963	5	323
1963	6	119
1963	7	132
1963	8	231
1963	9	343
1963	10	116
1963	11	403
1963	12	340
1964	1	254
1964	2	64
1964	3	280
1964	4	225
1964	5	44
1964	6	322
1964	7	279
1964	8	59
1964	9	116
1964	10	283
1964	11	228
1964	12	910
1965	1	893
1965	2	106
1965	3	260
1965	4	413
1965	5	207
1965	6	423
1965	7	214
1965	8	749
1965	9	149
1965	10	123
1965	11	507
1965	12	159
1966	1	281
1966	2	118
1966	3	263
1966	4	56
1966	5	42
1966	6	293
1966	7	196
1966	8	116
1966	9	213
1966	10	220
1966	11	569
1966	12	442
1967	1	377
1967	2	61
1967	3	308
1967	4	430
1967	5	192
1967	6	107
1967	7	0
1967	8	0
1967	9	132
1967	10	211
1967	11	201
1967	12	167
1968	1	289
1968	2	287
1968	3	94
1968	4	75
1968	5	210
1968	6	328
1968	7	51
1968	8	382
1968	9	145
1968	10	269
1968	11	549
1968	12	576
1969	1	547
1969	2	222
1969	3	208
1969	4	606
1969	5	338
1969	6	507
1969	7	28
1969	8	0
1969	9	313
1969	10	349
1969	11	142
1969	12	389
1970	1	1023
1970	2	250
1970	3	442
1970	4	205
1970	5	160
1970	6	437
1970	7	44
1970	8	36
1970	9	321
1970	10	210
1970	11	369
1970	12	234
1971	1	270
1971	2	101
1971	3	307
1971	4	367
1971	5	344
1971	6	586
1971	7	110
1971	8	91
1971	9	421
1971	10	343
1971	11	433
1971	12	607
1972	1	315
1972	2	430
1972	3	294
1972	4	303
1972	5	432
1972	6	307
1972	7	67
1972	8	64
1972	9	77
1972	10	161
1972	11	210
1972	12	433
1973	1	107
1973	2	200
1973	3	262
1973	4	46
1973	5	226
1973	6	183
1973	7	0
1973	8	28
1973	9	386
1973	10	225
1973	11	994
1973	12	829
1974	1	154
1974	2	282
1974	3	202
1974	4	611
1974	5	195
1974	6	64
1974	7	154
1974	8	0
1974	9	13
1974	10	74
1974	11	177
1974	12	429
1975	1	770
1975	2	285
1975	3	252
1975	4	471
1975	5	82
1975	6	288
1975	7	19
1975	8	276
1975	9	0
1975	10	568
1975	11	248
1975	12	438
1976	1	388
1976	2	246
1976	3	380
1976	4	384
1976	5	257
1976	6	155
1976	7	8
1976	8	589
1976	9	69
1976	10	84
1976	11	119
1976	12	71
1977	1	135
1977	2	215
1977	3	375
1977	4	66
1977	5	365
1977	6	155
1977	7	11
1977	8	402
1977	9	418
1977	10	112
1977	11	532
1977	12	677
1978	1	523
1978	2	396
1978	3	304
1978	4	832
1978	5	226
1978	6	281
1978	7	188
1978	8	456
1978	9	224
1978	10	13
1978	11	423
1978	12	584
1979	1	387
1979	2	343
1979	3	405
1979	4	536
1979	5	225
1979	6	130
1979	7	23
1979	8	513
1979	9	38
1979	10	488
1979	11	710
1979	12	206
1980	1	558
1980	2	234
1980	3	337
1980	4	323
1980	5	588
1980	6	417
1980	7	99
1980	8	33
1980	9	209
1980	10	452
1980	11	301
1980	12	267
1981	1	313
1981	2	418
1981	3	436
1981	4	163
1981	5	632
1981	6	449
1981	7	127
1981	8	0
1981	9	350
1981	10	275
1981	11	539
1981	12	569
1982	1	407
1982	2	271
1982	3	410
1982	4	230
1982	5	161
1982	6	270
1982	7	300
1982	8	272
1982	9	471
1982	10	624
1982	11	58
1982	12	456
1983	1	203
1983	2	354
1983	3	793
1983	4	383
1983	5	496
1983	6	571
1983	7	312
1983	8	108
1983	9	145
1983	10	250
1983	11	543
1983	12	775
1984	1	140
1984	2	365
1984	3	690
1984	4	387
1984	5	391
1984	6	518
1984	7	53
1984	8	227
1984	9	176
1984	10	276
1984	11	462
1984	12	257
1985	1	142
1985	2	251
1985	3	202
1985	4	170
1985	5	152
1985	6	280
1985	7	0
1985	8	144
1985	9	401
1985	10	272
1985	11	414
1985	12	189
1986	1	382
1986	2	619
1986	3	350
1986	4	147
1986	5	422
1986	6	43
1986	7	204
1986	8	20
1986	9	283
1986	10	185
1986	11	637
1986	12	114
1987	1	483
1987	2	125
1987	3	375
1987	4	105
1987	5	452
1987	6	178
1987	7	118
1987	8	5
1987	9	3
1987	10	5
1987	11	341
1987	12	163
1988	1	459
1988	2	110
1988	3	331
1988	4	718
1988	5	372
1988	6	326
1988	7	13
1988	8	3
1988	9	104
1988	10	31
1988	11	624
1988	12	202
1989	1	435
1989	2	315
1989	3	494
1989	4	354
1989	5	523
1989	6	153
1989	7	87
1989	8	443
1989	9	72
1989	10	84
1989	11	464
1989	12	97
1990	1	299
1990	2	110
1990	3	449
1990	4	380
1990	5	611
1990	6	448
1990	7	158
1990	8	132
1990	9	5
1990	10	155
1990	11	255
1990	12	277
1991	1	214
1991	2	194
1991	3	539
1991	4	337
1991	5	1090
1991	6	604
1991	7	81
1991	8	79
1991	9	0
1991	10	191
1991	11	803
1991	12	119
1992	1	125
1992	2	219
1992	3	315
1992	4	371
1992	5	59
1992	6	216
1992	7	219
1992	8	89
1992	9	77
1992	10	351
1992	11	419
1992	12	300
1993	1	385
1993	2	270
1993	3	520
1993	4	719
1993	5	419
1993	6	490
1993	7	115
1993	8	681
1993	9	0
1993	10	86
1993	11	100
1993	12	266
1994	1	249
1994	2	411
1994	3	139
1994	4	222
1994	5	988
1994	6	336
1994	7	49
1994	8	20
1994	9	84
1994	10	165
1994	11	595
1994	12	271
1995	1	343
1995	2	378
1995	3	537
1995	4	675
1995	5	536
1995	6	585
1995	7	132
1995	8	122
1995	9	449
1995	10	344
1995	11	482
1995	12	268
1996	1	438
1996	2	548
1996	3	251
1996	4	351
1996	5	587
1996	6	114
1996	7	3
1996	8	21
1996	9	143
1996	10	338
1996	11	757
1996	12	733
1997	1	389
1997	2	206
1997	3	455
1997	4	534
1997	5	405
1997	6	407
1997	7	182
1997	8	8
1997	9	148
1997	10	299
1997	11	404
1997	12	191
1998	1	537
1998	2	145
1998	3	314
1998	4	327
1998	5	500
1998	6	379
1998	7	137
1998	8	15
1998	9	333
1998	10	118
1998	11	500
1998	12	276
1999	1	158
1999	2	317
1999	3	354
1999	4	158
1999	5	408
1999	6	241
1999	7	0
1999	8	186
1999	9	0
1999	10	343
1999	11	210
1999	12	219
2000	1	457
2000	2	644
2000	3	712
2000	4	194
2000	5	618
2000	6	278
2000	7	109
2000	8	0
2000	9	393
2000	10	560
2000	11	391
2000	12	251
2001	1	379
2001	2	182
2001	3	269
2001	4	449
2001	5	187
2001	6	268
2001	7	97
2001	8	18
2001	9	53
2001	10	376
2001	11	199
2001	12	131
2002	1	220
2002	2	82
2002	3	277
2002	4	475
2002	5	308
2002	6	526
2002	7	30
2002	8	10
2002	9	160
2002	10	270
2002	11	123
2002	12	488
2003	1	536
2003	2	452
2003	3	427
2003	4	456
2003	5	483
2003	6	0
2003	7	0
2003	8	73
2003	9	120
2003	10	74
2003	11	296
2003	12	758
2004	1	697
2004	2	309
2004	3	89
2004	4	431
2004	5	666
2004	6	340
2004	7	43
2004	8	299
2004	9	226
2004	10	193
2004	11	244
2004	12	260
2005	1	157
2005	2	119
2005	3	237
2005	4	363
2005	5	1157
2005	6	274
2005	7	66
2005	8	5
2005	9	13
2005	10	258
2005	11	339
2005	12	361
2006	1	543
2006	2	59
2006	3	844
2006	4	619
2006	5	535
2006	6	798
2006	7	190
2006	8	0
2006	9	122
2006	10	239
2006	11	558
2006	12	374
2007	1	130
2007	2	381
2007	3	351
2007	4	424
2007	5	264
2007	6	277
2007	7	82
2007	8	172
2007	9	53
2007	10	248
2007	11	505
2007	12	437
2008	1	472
2008	2	137
2008	3	381
2008	4	166
2008	5	575
2008	6	307
2008	7	33
2008	8	429
2008	9	71
2008	10	102
2008	11	194
2008	12	429
2009	1	327
2009	2	260
2009	3	628
2009	4	381
2009	5	340
2009	6	472
2009	7	3
2009	8	376
2009	9	0
2009	10	297
2009	11	339
2009	12	275
2010	1	393
2010	2	183
2010	3	363
2010	4	472
2010	5	841
2010	6	789
2010	7	23
2010	8	51
2010	9	294
2010	10	396
2010	11	594
2010	12	691
2011	1	387
2011	2	286
2011	3	580
2011	4	665
2011	5	796
2011	6	368
2011	7	43
2011	8	18
2011	9	7
2011	10	256
2011	11	210
2011	12	130
2012	1	382
2012	2	259
2012	3	637
2012	4	666
2012	5	281
2012	6	660
2012	7	239
2012	8	0
2012	9	7
2012	10	498
2012	11	287
2012	12	236
2013	1	257
2013	2	69
2013	3	209
2013	4	338
2013	5	414
2013	6	442
2013	7	4
2013	8	28
2013	9	636
2013	10	171
2013	11	240
2013	12	232
2014	1	326
2014	2	352
2014	3	665
2014	4	567
2014	5	192
2014	6	434
2014	7	74
2014	8	62
2014	9	77
2014	10	173
2014	11	414
2014	12	896
2015	1	140
2015	2	252
2015	3	340
2015	4	167
2015	5	607
2015	6	46
2015	7	40
2015	8	21
2015	9	118
2015	10	45
