1857	6	191
1857	7	84
1857	8	61
1857	9	714
1857	10	513
1857	11	686
1857	12	1758
1858	1	945
1858	2	871
1858	3	696
1858	4	683
1858	5	307
1858	6	343
1858	7	107
1858	8	549
1858	9	422
1858	10	607
1858	11	1024
1858	12	1394
1859	1	599
1859	2	447
1859	3	1090
1859	4	386
1859	5	493
1859	6	371
1859	7	137
1878	1	538
1878	2	905
1878	3	979
1878	4	221
1878	5	354
1878	6	85
1878	7	171
1878	8	89
1878	9	678
1878	10	1055
1878	11	1085
1878	12	564
1879	1	1016
1879	2	1825
1879	3	1790
1879	4	514
1879	5	437
1879	6	198
1879	7	787
1879	8	509
1879	9	287
1879	10	1326
1879	11	756
1879	12	1037
1880	1	1476
1880	2	325
1880	3	640
1880	4	528
1880	5	680
1880	6	342
1880	7	368
1880	8	195
1880	9	281
1880	10	779
1880	11	326
1880	12	2370
1881	1	981
1881	2	1970
1881	3	984
1881	4	797
1881	5	576
1881	6	725
1881	7	259
1881	8	366
1881	9	292
1881	10	1024
1881	11	748
1881	12	1451
1882	1	658
1882	2	764
1891	7	80
1891	9	1346
1891	11	1195
1891	12	2097
1892	1	657
1892	2	321
1892	3	438
1892	4	530
1892	5	973
1892	6	346
1892	8	176
1892	9	647
1892	10	603
1893	1	441
1893	2	1184
1893	4	1315
1893	5	1350
1893	6	457
1893	7	397
1893	8	35
1893	9	551
1893	10	731
1893	11	1560
1893	12	1533
1894	1	1036
1894	2	543
1894	3	843
1894	4	1516
1894	5	1215
1894	6	784
1894	7	82
1894	8	26
1894	9	1015
1894	10	866
1894	11	1149
1894	12	816
1895	1	934
1895	2	695
1895	3	388
1895	4	540
1895	5	724
1895	6	241
1895	7	10
1895	8	89
1895	9	941
1895	10	163
1895	11	934
1895	12	1084
1896	1	803
1896	2	1089
1896	3	573
1896	4	751
1896	5	629
1896	6	523
1896	7	25
1896	8	172
1896	9	330
1896	10	498
1896	11	1614
1896	12	1663
1897	1	795
1897	2	686
1897	3	780
1897	4	339
1897	5	474
1897	6	644
1897	7	354
1897	8	127
1897	9	633
1897	10	333
1897	11	1457
1897	12	1542
1898	1	428
1898	2	610
1898	3	562
1898	4	476
1898	5	427
1898	6	749
1898	7	231
1898	8	261
1898	9	597
1898	10	914
1898	11	1036
1898	12	925
1899	1	982
1899	2	1004
1899	3	403
1899	4	481
1899	5	801
1899	6	166
1899	7	229
1899	8	773
1899	9	183
1899	10	668
1899	11	1458
1899	12	1313
1900	1	922
1900	2	705
1900	3	862
1900	4	717
1900	5	936
1900	6	1008
1900	7	406
1900	8	365
1900	9	398
1900	10	758
1900	11	631
1900	12	1117
1901	1	1009
1901	2	808
1901	3	733
1901	4	1141
1901	5	658
1901	6	554
1901	7	86
1901	8	0
1901	9	375
1901	10	759
1901	11	1500
1901	12	499
1902	1	704
1902	2	615
1902	3	734
1902	4	750
1902	5	475
1902	6	183
1902	7	454
1902	8	459
1902	9	525
1902	10	305
1902	11	1519
1902	12	1219
1903	1	1044
1903	2	366
1903	3	808
1903	4	469
1903	5	545
1903	6	425
1903	7	328
1903	8	327
1903	9	1366
1903	10	422
1903	11	1389
1903	12	796
1904	1	1153
1904	2	1095
1904	3	923
1904	4	467
1904	5	182
1904	6	397
1904	7	94
1904	8	186
1904	9	366
1904	10	479
1904	11	1460
1904	12	790
1905	1	711
1905	2	508
1905	3	622
1905	4	307
1905	5	712
1905	6	396
1905	7	36
1905	8	261
1905	9	1733
1905	10	619
1905	11	441
1905	12	661
1906	1	711
1906	2	505
1906	3	280
1906	4	293
1906	5	1187
1906	6	468
1906	7	139
1906	8	135
1906	9	996
1906	10	1232
1906	11	1242
1906	12	1379
1907	1	1379
1907	2	1435
1907	3	503
1907	4	474
1907	5	178
1907	6	168
1907	7	196
1907	8	251
1907	9	299
1907	10	635
1907	11	1208
1907	12	1002
1908	1	553
1908	2	870
1908	3	1172
1908	4	371
1908	5	662
1908	6	211
1908	7	127
1908	8	196
1908	9	0
1908	10	894
1908	11	776
1908	12	721
1909	1	795
1909	2	959
1909	3	446
1909	4	238
1909	5	313
1909	6	254
1909	7	389
1909	8	250
1909	9	437
1909	10	816
1909	11	1934
1909	12	512
1910	1	925
1910	2	1028
1910	3	877
1910	4	502
1910	5	596
1910	6	455
1910	7	13
1910	8	193
1910	9	183
1910	10	1255
1910	11	1496
1910	12	1867
1911	1	1006
1911	2	493
1911	3	287
1911	4	516
1911	5	678
1911	6	234
1911	7	48
1911	8	351
1911	9	978
1911	10	274
1911	11	1773
1911	12	1133
1912	1	1163
1912	2	643
1912	3	323
1912	4	556
1912	5	648
1912	6	406
1912	7	348
1912	8	1257
1912	9	292
1912	10	953
1912	11	1339
1912	12	894
1913	1	1679
1913	2	569
1913	3	825
1913	4	599
1913	5	508
1913	6	795
1913	7	198
1913	8	437
1913	9	607
1913	10	1133
1913	11	439
1913	12	406
1914	1	1811
1914	2	572
1914	3	495
1914	4	739
1914	5	135
1914	6	947
1914	7	48
1914	8	66
1914	9	754
1914	10	904
1914	11	1890
1914	12	356
1915	1	960
1915	2	524
1915	3	891
1915	4	509
1915	5	435
1915	6	104
1915	7	128
1915	8	5
1915	9	158
1915	10	1842
1915	11	1177
1915	12	1519
1916	1	637
1916	2	1026
1916	3	1593
1916	4	572
1916	5	347
1916	6	491
1916	7	775
1916	8	66
1916	9	195
1916	10	495
1916	11	721
1916	12	1152
1917	1	1329
1917	2	773
1917	3	819
1917	4	1324
1917	5	191
1917	6	1254
1917	7	86
1917	8	132
1917	9	725
1917	10	526
1917	11	958
1917	12	3386
1918	1	1877
1918	2	549
1918	3	1012
1918	4	149
1918	5	581
1918	6	38
1918	7	563
1918	8	536
1918	9	64
1918	10	1419
1918	11	1049
1918	12	1802
1919	1	1168
1919	2	1023
1919	3	827
1919	4	1167
1919	5	621
1919	6	304
1919	7	148
1919	8	236
1919	9	307
1919	10	642
1919	11	1385
1919	12	1077
1920	1	1741
1920	2	236
1920	3	1030
1920	4	723
1920	5	415
1920	6	621
1920	7	203
1920	8	463
1920	9	1183
1920	10	1840
1920	11	879
1920	12	1317
1921	1	1294
1921	2	930
1921	3	538
1921	4	713
1921	5	400
1921	6	962
1921	7	81
1921	8	689
1921	9	648
1921	10	1268
1921	11	1486
1921	12	1145
1922	1	551
1922	2	632
1922	3	798
1922	4	940
1922	5	564
1922	6	13
1922	7	0
1922	8	439
1922	9	745
1922	10	930
1922	11	439
1922	12	1481
1923	1	1618
1923	2	343
1923	3	706
1923	4	550
1923	5	790
1923	6	386
1923	7	67
1923	8	211
1923	9	500
1923	10	589
1923	11	599
1923	12	1693
1924	1	777
1924	2	1761
1924	3	187
1924	4	341
1924	5	20
1924	6	373
1924	7	305
1924	8	306
1924	9	391
1924	10	1061
1924	11	1330
1924	12	1933
1925	1	1240
1925	2	520
1925	3	817
1925	4	676
1925	5	469
1925	6	114
1925	7	92
1925	8	474
1925	9	200
1925	10	719
1925	11	758
1925	12	1505
1926	1	1278
1926	2	791
1926	3	337
1926	4	458
1926	5	779
1926	6	66
1926	7	0
1926	8	315
1926	9	463
1926	10	873
1926	11	739
1926	12	1207
1927	1	1047
1927	2	544
1927	3	734
1927	4	815
1927	5	394
1927	6	76
1927	7	152
1927	8	707
1927	9	1082
1927	10	1327
1927	11	1857
1927	12	884
1928	1	1207
1928	2	267
1928	3	729
1928	4	805
1928	5	66
1928	6	561
1928	7	152
1928	8	152
1928	9	300
1928	10	1397
1928	11	650
1928	12	627
1929	1	396
1929	2	366
1929	3	704
1929	4	335
1929	5	483
1929	6	154
1929	7	28
1929	8	137
1929	9	307
1929	10	551
1929	11	605
1929	12	771
1930	1	631
1930	2	1317
1930	3	780
1930	4	526
1930	5	642
1930	6	403
1930	7	16
1930	8	3
1930	9	713
1930	10	1358
1930	11	625
1930	12	376
1931	1	1306
1931	2	688
1931	3	1306
1931	4	498
1931	5	366
1931	6	1196
1931	7	196
1931	8	13
1931	9	1287
1931	10	339
1931	11	1322
1931	12	1257
1932	1	1047
1932	2	1455
1932	3	1829
1932	4	733
1932	5	153
1932	6	520
1932	7	809
1932	8	340
1932	9	244
1932	10	1495
1932	11	2418
1932	12	1308
1933	1	1297
1933	2	619
1933	3	840
1933	4	297
1933	5	613
1933	6	381
1933	7	373
1933	8	255
1933	9	1315
1933	10	1542
1933	11	891
1933	12	2764
1934	1	1389
1934	2	460
1934	3	1265
1934	4	221
1934	5	504
1934	6	73
1934	7	289
1934	8	201
1934	9	510
1934	10	484
1934	11	1488
1934	12	1414
1935	1	2975
1935	2	356
1935	3	999
1935	4	321
1935	5	79
1935	6	409
1935	7	292
1935	8	247
1935	9	716
1935	10	828
1935	11	529
1935	12	514
1936	1	1485
1936	2	1106
1936	3	786
1936	4	821
1936	5	792
1936	6	877
1936	7	424
1936	8	216
1936	9	713
1936	10	195
1936	11	344
1936	12	1693
1937	1	400
1937	2	1259
1937	3	636
1937	4	867
1937	5	367
1937	6	1187
1937	7	5
1937	8	484
1937	9	261
1937	10	689
1937	11	1880
1937	12	1344
1938	1	663
1938	2	422
1938	3	640
1938	4	955
1938	5	315
1938	6	10
1938	7	264
1938	8	74
1938	9	292
1938	10	894
1938	11	958
1938	12	1928
1939	1	1701
1939	2	923
1939	3	493
1939	4	505
1939	5	391
1939	6	587
1939	7	384
1939	8	103
1939	9	71
1939	10	1095
1939	11	1314
1939	12	1520
1940	1	541
1940	2	1288
1940	3	1303
1940	4	282
1940	5	537
1940	6	66
1940	7	175
1940	8	231
1940	9	269
1940	10	690
1940	11	635
1940	12	1339
1941	1	882
1941	2	535
1941	3	305
1941	4	463
1941	5	933
1941	6	249
1941	7	126
1941	8	685
1941	9	951
1941	10	781
1941	11	1108
1941	12	1155
1942	1	330
1942	2	292
1942	3	548
1942	4	612
1942	5	538
1942	6	1133
1942	7	642
1942	8	50
1942	9	89
1942	10	438
1942	11	1410
1942	12	1409
1943	1	370
1943	2	748
1943	3	637
1943	4	611
1943	5	395
1943	6	309
1943	7	430
1943	8	549
1943	9	262
1943	10	1083
1943	11	257
1943	12	1010
1944	1	582
1944	2	361
1944	3	305
1944	4	620
1944	5	321
1944	6	416
1944	7	3
1944	8	202
1944	9	397
1944	10	580
1944	11	1133
1944	12	534
1945	1	1320
1945	2	657
1945	3	995
1945	4	631
1945	5	524
1945	6	133
1945	7	40
1945	8	98
1945	9	762
1945	10	1770
1945	11	1412
1945	12	914
1946	1	1043
1946	2	751
1946	3	969
1946	4	689
1946	5	71
1946	6	973
1946	7	212
1946	8	115
1946	9	370
1946	10	773
1946	11	569
1946	12	965
1947	1	1392
1947	2	727
1947	3	921
1947	4	574
1947	5	268
1947	6	647
1947	7	24
1947	8	117
1947	9	388
1947	10	1508
1947	11	1106
1947	12	1260
1948	1	810
1948	2	1224
1948	3	409
1948	4	290
1948	5	1050
1948	6	560
1948	7	366
1948	8	901
1948	9	578
1948	10	674
1948	11	1217
1948	12	808
1949	1	148
1949	2	996
1949	3	643
1949	4	397
1949	5	117
1949	6	368
1949	7	363
1949	8	177
1949	9	523
1949	10	892
1949	11	1261
1949	12	1874
1950	1	821
1950	2	1373
1950	3	1300
1950	4	1003
1950	5	424
1950	6	84
1950	7	266
1950	8	682
1950	9	188
1950	10	994
1950	11	1236
1950	12	1336
1951	1	1269
1951	2	1465
1951	3	913
1951	4	277
1951	5	666
1951	6	57
1951	7	21
1951	8	99
1951	9	374
1951	10	1139
1951	11	706
1951	12	873
1952	1	499
1952	2	571
1952	3	631
1952	4	621
1952	5	700
1952	6	506
1952	7	145
1952	8	81
1952	9	225
1952	10	471
1952	11	266
1952	12	657
1953	1	2028
1953	2	695
1953	3	660
1953	4	537
1953	5	368
1953	6	512
1953	7	206
1953	8	226
1953	9	527
1953	10	1159
1953	11	1661
1953	12	1682
1954	1	1256
1954	2	704
1954	3	370
1954	4	602
1954	5	297
1954	6	505
1954	7	379
1954	8	590
1954	9	305
1954	10	383
1954	11	2046
1954	12	868
1955	1	680
1955	2	971
1955	3	543
1955	4	610
1955	5	689
1955	6	493
1955	7	450
1955	8	68
1955	9	293
1955	10	1148
1955	11	1698
1955	12	1416
1956	1	1215
1956	2	600
1956	3	821
1956	4	121
1956	5	214
1956	6	1156
1956	7	35
1956	8	346
1956	9	842
1956	10	1446
1956	11	667
1956	12	1516
1957	1	552
1957	2	779
1957	3	1213
1957	4	659
1957	5	183
1957	6	420
1957	7	501
1957	8	175
1957	9	234
1957	10	648
1957	11	486
1957	12	898
1958	1	1016
1958	2	1068
1958	3	345
1958	4	641
1958	5	354
1958	6	196
1958	7	0
1958	8	74
1958	9	487
1958	10	1656
1958	11	1846
1958	12	1235
1959	1	1490
1959	2	833
1959	3	530
1959	4	1121
1959	5	591
1959	6	351
1959	7	130
1959	8	338
1959	9	1082
1959	10	968
1959	11	1290
1959	12	1152
1960	1	990
1960	2	605
1960	3	562
1960	4	613
1960	5	1056
1960	6	318
1960	7	0
1960	8	686
1960	9	539
1960	10	734
1960	11	1189
1960	12	601
1961	1	1047
1961	2	1569
1961	3	1095
1961	4	681
1961	5	526
1961	6	232
1961	7	340
1961	8	306
1961	9	413
1961	10	1096
1961	11	698
1961	12	1129
1962	1	687
1962	2	370
1962	3	693
1962	4	583
1962	5	540
1962	6	376
1962	7	97
1962	8	1194
1962	9	602
1962	10	657
1962	11	1278
1962	12	950
1963	1	304
1963	2	777
1963	3	452
1963	4	857
1963	5	253
1963	6	320
1963	7	528
1963	8	110
1963	9	262
1963	10	1087
1963	11	1723
1963	12	1758
1964	1	1278
1964	2	572
1964	3	981
1964	4	873
1964	5	724
1964	6	491
1964	7	610
1964	8	452
1964	9	1024
1964	10	503
1964	11	974
1964	12	1156
1965	1	1829
1965	2	1797
1965	3	151
1965	4	709
1965	5	576
1965	6	132
1965	7	59
1965	8	928
1965	9	346
1965	10	894
1965	11	1309
1965	12	1108
1966	1	789
1966	2	393
1966	3	1052
1966	4	801
1966	5	701
1966	6	269
1966	7	669
1966	8	231
1966	9	532
1966	10	1078
1966	11	855
1966	12	1379
1967	1	1937
1967	2	978
1967	3	1005
1967	4	514
1967	5	401
1967	6	302
1967	7	197
1967	8	84
1967	9	526
1967	10	2222
1967	11	513
1967	12	1547
1968	1	876
1968	2	982
1968	3	1081
1968	4	471
1968	5	532
1968	6	716
1968	7	283
1968	8	803
1968	9	661
1968	10	1039
1968	11	1089
1968	12	1560
1969	1	1222
1969	2	260
1969	3	687
1969	4	1095
1969	5	388
1969	6	381
1969	7	134
1969	8	153
1969	9	1415
1969	10	506
1969	11	882
1969	12	853
1970	1	1688
1970	2	664
1970	3	363
1970	4	1109
1970	5	392
1970	6	344
1970	7	418
1970	8	44
1970	9	640
1970	10	836
1970	11	1228
1970	12	952
1971	1	2853
1971	2	935
1971	3	888
1971	4	492
1971	5	397
1971	6	859
1971	7	447
1971	8	74
1971	9	1059
1971	10	882
1971	11	1746
1971	12	1888
1972	1	1094
1972	2	1568
1972	3	1403
1972	4	1094
1972	5	374
1972	6	592
1972	7	640
1972	8	364
1972	9	530
1972	10	281
1972	11	959
1972	12	1877
1973	1	700
1973	2	551
1973	3	539
1973	4	397
1973	5	637
1973	6	366
1973	7	97
1973	8	178
1973	9	355
1973	10	1192
1973	11	1856
1973	12	1193
1974	1	1862
1974	2	1130
1974	3	973
1974	4	698
1974	5	742
1974	6	383
1974	7	502
1974	8	31
1974	9	126
1974	10	407
1974	11	1109
1974	12	1444
1975	1	1742
1975	2	971
1975	3	704
1975	4	327
1975	5	582
1975	6	304
1975	7	457
1975	8	926
1975	9	122
1975	10	1122
1975	11	1493
1975	12	2119
1976	1	1854
1976	2	1126
1976	3	649
1976	4	632
1976	5	702
1976	6	532
1976	7	208
1976	8	678
1976	9	278
1976	10	625
1976	11	525
1976	12	948
1977	1	891
1977	2	489
1977	3	1068
1977	4	574
1977	5	775
1977	6	184
1977	7	385
1977	8	526
1977	9	464
1977	10	698
1977	11	1314
1977	12	1462
1978	1	915
1978	2	894
1978	3	930
1978	4	615
1978	5	628
1978	6	535
1978	7	157
1978	8	682
1978	9	1107
1978	10	501
1978	11	1266
1978	12	646
1979	1	539
1979	2	1084
1979	3	512
1979	4	581
1979	5	417
1979	6	588
1979	7	298
1979	8	407
1979	9	484
1979	10	740
1979	11	348
1979	12	1958
1980	1	399
1980	2	1202
1980	3	853
1980	4	786
1980	5	499
1980	6	847
1980	7	403
1980	8	240
1980	9	727
1980	10	254
1980	11	2147
1980	12	1651
1981	1	505
1981	2	1203
1981	3	673
1981	4	1243
1981	5	607
1981	6	1050
1981	7	622
1981	8	147
1981	9	564
1981	10	1387
1981	11	814
1981	12	1305
1982	1	2387
1982	2	2089
1982	3	792
1982	4	540
1982	5	140
1982	6	316
1982	7	842
1982	8	261
1982	9	328
1982	10	732
1982	11	964
1982	12	1178
1983	1	1717
1983	2	625
1983	3	634
1983	4	607
1983	5	687
1983	6	451
1983	7	667
1983	8	288
1983	9	1048
1983	10	507
1983	11	1615
1983	12	754
1984	1	2265
1984	2	879
1984	3	1164
1984	4	617
1984	5	1446
1984	6	636
1984	7	57
1984	8	502
1984	9	835
1984	10	1119
1984	11	1424
1984	12	969
1985	1	249
1985	2	496
1985	3	566
1985	4	910
1985	5	595
1985	6	423
1985	7	16
1985	8	66
1985	9	537
1985	10	1631
1985	11	1039
1985	12	219
1986	1	1008
1986	2	816
1986	3	791
1986	4	1089
1986	5	913
1986	6	370
1986	7	524
1986	8	0
1986	9	550
1986	10	458
1986	11	1761
1986	12	520
1987	1	854
1987	2	516
1987	3	692
1987	4	638
1987	5	920
1987	6	290
1987	7	245
1987	8	84
1987	9	798
1987	10	36
1987	11	558
1987	12	1316
1988	1	443
1988	2	555
1988	3	940
1988	4	775
1988	5	986
1988	6	503
1988	7	204
1988	8	153
1988	9	397
1988	10	1284
1988	11	1377
1988	12	1125
1989	1	1339
1989	2	395
1989	3	1167
1989	4	709
1989	5	614
1989	6	239
1989	7	107
1989	8	851
1989	9	39
1989	10	708
1989	11	2304
1989	12	849
1990	1	1238
1990	2	1082
1990	3	640
1990	4	678
1990	5	381
1990	6	916
1990	7	41
1990	8	613
1990	9	193
1990	10	1103
1990	11	3257
1990	12	1315
1991	1	1059
1991	2	872
1991	3	574
1991	4	816
1991	5	430
1991	6	425
1991	7	211
1991	8	829
1991	9	21
1991	10	262
1991	11	1723
1991	12	813
1992	1	1464
1992	2	792
1992	3	264
1992	4	1307
1992	5	150
1992	6	562
1992	7	479
1992	8	476
1992	9	945
1992	10	480
1992	11	1343
1992	12	506
1993	1	671
1993	2	79
1993	3	640
1993	4	679
1993	5	889
1993	6	602
1993	7	489
1993	8	128
1993	9	155
1993	10	374
1993	11	528
1993	12	986
1994	1	418
1994	2	1019
1994	3	440
1994	4	448
1994	5	199
1994	6	565
1994	7	143
1994	8	50
1994	9	373
1994	10	1005
1994	11	1196
1994	12	816
1995	1	749
1995	2	910
1995	3	425
1995	4	533
1995	5	118
1995	6	162
1995	7	465
1995	8	522
1995	9	189
1995	10	1155
1995	11	2269
1995	12	1192
1996	1	1240
1996	2	802
1996	3	432
1996	4	1147
1996	5	827
1996	6	133
1996	7	248
1996	8	216
1996	9	982
1996	10	1435
1996	11	1814
1996	12	1640
1997	1	1577
1997	2	862
1997	3	1434
1997	4	712
1997	5	918
1997	6	651
1997	7	431
1997	8	152
1997	9	684
1997	10	1269
1997	11	731
1997	12	984
1998	1	1473
1998	2	342
1998	3	928
1998	4	242
1998	5	687
1998	6	412
1998	7	458
1998	8	20
1998	9	43
1998	10	667
1998	11	2234
1998	12	1806
1999	1	1220
1999	2	1092
1999	3	1589
1999	4	461
1999	5	870
1999	6	546
1999	7	221
1999	8	487
1999	9	81
1999	10	964
1999	11	1515
1999	12	1610
2000	1	936
2000	2	522
2000	3	819
2000	4	770
2000	5	1101
2000	6	472
2000	7	603
2000	8	286
2000	9	480
2000	10	661
2000	11	705
2000	12	1041
2001	1	914
2001	2	399
2001	3	914
2001	4	479
2001	5	433
2001	6	772
2001	7	305
2001	8	643
2001	9	299
2001	10	1181
2001	11	1148
2001	12	1684
2002	1	1536
2002	2	976
2002	3	671
2002	4	575
2002	5	473
2002	6	282
2002	7	190
2002	8	18
2002	9	257
2002	10	271
2002	11	718
2002	12	974
2003	1	1224
2003	2	436
2003	3	760
2003	4	614
2003	5	500
2003	6	374
2003	7	191
2003	8	63
2003	9	343
2003	10	2329
2003	11	1780
2003	12	488
2004	1	1206
2004	2	513
2004	3	809
2004	4	118
2004	5	786
2004	6	333
2004	7	110
2004	8	1114
2004	9	794
2004	10	944
2004	11	2056
2004	12	1322
2005	1	1068
2005	2	522
2005	3	766
2005	4	964
2005	5	433
2005	6	396
2005	7	197
2005	8	440
2005	9	231
2005	10	1293
2005	11	1313
2005	12	980
2006	1	2063
2006	2	819
2006	3	361
2006	4	713
2006	5	449
2006	6	445
2006	7	157
2006	8	150
2006	9	427
2006	10	401
2006	11	3064
2006	12	1104
2007	1	1487
2007	2	775
2007	3	1413
2007	4	542
2007	5	339
2007	6	428
2007	7	274
2007	8	186
2007	9	381
2007	10	968
2007	11	622
2007	12	1269
2008	1	575
2008	2	807
2008	3	1009
2008	4	370
2008	5	579
2008	6	604
2008	7	66
2008	8	704
2008	9	199
2008	10	606
2008	11	1468
2008	12	633
2009	1	1389
2009	2	540
2009	3	683
2009	4	506
2009	5	990
2009	6	103
2009	7	133
2009	8	253
2009	9	547
2009	10	1768
2009	11	1772
2009	12	443
2010	1	1035
2010	2	530
2010	3	832
2010	4	531
2010	5	1044
2010	6	684
2010	7	23
2010	8	173
2010	9	1071
2010	10	564
2010	11	1179
2010	12	1482
2011	1	1669
2011	2	564
2011	3	1090
2011	4	1144
2011	5	988
2011	6	197
2011	7	287
2011	8	81
2011	9	249
2011	10	649
2011	11	1144
2011	12	567
2012	1	953
2012	2	1199
2012	3	1538
2012	4	1033
2012	5	477
2012	6	855
2012	7	576
2012	8	34
2012	9	33
2012	10	1730
2012	11	1083
2012	12	1280
2013	1	1017
2013	2	539
2013	3	679
2013	4	1251
2013	5	803
2013	6	468
2013	7	18
2013	8	323
2013	9	1182
2013	10	312
2013	11	1203
2013	12	646
2014	1	781
2014	2	921
2014	3	1394
2014	4	726
2014	5	918
2014	6	225
2014	7	436
2014	8	214
2014	9	756
2014	10	1662
2014	11	1218
2014	12	1514
2015	1	1518
2015	2	636
2015	3	1002
2015	4	426
2015	5	176
2015	6	127
2015	7	77
2015	8	417
2015	9	536
2015	10	357
