1890	1	999
1890	2	1539
1890	3	1696
1890	4	1066
1890	5	1289
1890	6	986
1890	7	1107
1890	8	2466
1890	9	1606
1890	10	1398
1890	11	699
1890	12	983
1891	1	1014
1891	2	1331
1891	3	1348
1891	4	905
1891	5	464
1891	6	1665
1891	7	1508
1891	8	1266
1891	11	925
1892	2	81
1892	3	1472
1892	4	1046
1892	5	1272
1892	6	1241
1892	7	631
1892	8	181
1892	9	521
1892	10	219
1892	11	528
1892	12	818
1893	1	691
1893	2	1484
1893	3	313
1893	4	1170
1893	5	682
1893	6	979
1893	7	942
1893	8	511
1893	9	338
1893	10	1422
1893	11	119
1893	12	174
1894	1	624
1894	2	1009
1894	3	311
1894	4	715
1894	5	987
1894	6	353
1894	7	284
1894	8	152
1894	9	711
1894	10	737
1894	11	196
1894	12	1529
1895	1	1295
1895	2	254
1895	3	991
1895	4	254
1895	5	457
1895	6	626
1895	7	1016
1895	8	685
1895	9	1080
1895	10	369
1895	11	1017
1895	12	508
1896	1	431
1896	2	546
1896	3	1183
1896	4	710
1896	5	406
1896	6	739
1896	7	1804
1896	8	685
1896	9	978
1896	10	699
1896	11	762
1896	12	495
1897	1	408
1897	2	1748
1897	3	702
1897	4	695
1897	5	1108
1897	6	1276
1897	7	2040
1897	8	612
1897	9	312
1897	10	83
1897	11	1203
1897	12	939
1898	1	1459
1898	2	556
1898	3	1552
1898	4	421
1898	5	952
1898	6	788
1898	7	1592
1898	8	1310
1898	9	756
1898	10	1093
1898	11	595
1898	12	743
1899	1	1429
1899	2	1093
1899	3	1309
1899	4	470
1899	5	1052
1899	6	1154
1899	7	987
1899	8	869
1899	9	1025
1899	10	425
1899	11	466
1899	12	717
1900	1	706
1900	2	957
1900	3	804
1900	4	275
1900	5	1000
1900	6	1133
1900	7	1300
1900	8	732
1900	9	292
1900	10	579
1900	11	1212
1900	12	637
1901	1	649
1901	2	419
1901	3	758
1901	4	2244
1901	5	1237
1901	6	2818
1901	7	307
1901	8	986
1901	9	1110
1901	10	115
1901	11	795
1901	12	1547
1902	1	1069
1902	2	1040
1902	3	1322
1902	4	1021
1902	5	1323
1902	6	1417
1902	7	689
1902	8	521
1902	9	781
1902	10	673
1902	11	864
1902	12	1631
1903	1	751
1903	2	1650
1903	3	1161
1903	4	1364
1903	5	849
1903	6	1038
1903	7	895
1903	8	486
1903	9	399
1903	10	1024
1903	11	691
1903	12	523
1904	1	662
1904	2	724
1904	3	1212
1904	4	593
1904	5	617
1904	6	1229
1904	7	557
1904	8	505
1904	9	283
1904	10	189
1904	11	103
1904	12	638
1905	1	726
1905	2	607
1905	3	1285
1905	4	801
1905	5	1363
1905	6	1041
1905	7	1400
1905	8	1179
1905	9	253
1905	10	1459
1905	11	803
1905	12	792
1906	1	777
1906	2	645
1906	3	1273
1906	4	305
1906	5	687
1906	6	1791
1906	7	1685
1906	8	1348
1906	9	1043
1906	10	658
1906	11	713
1906	12	1075
1907	1	1701
1907	2	505
1907	3	1050
1907	4	991
1907	5	1129
1907	6	1202
1907	7	1396
1907	8	1963
1907	9	1001
1907	10	597
1907	11	358
1907	12	450
1908	1	552
1908	2	1053
1908	3	1971
1908	4	926
1908	5	1316
1908	6	658
1908	7	1628
1908	8	599
1908	9	129
1908	10	408
1908	11	218
1908	12	579
1909	1	754
1909	2	989
1909	3	826
1909	4	1112
1909	5	1188
1909	6	995
1909	7	1192
1909	8	634
1909	9	285
1909	10	579
1909	11	328
1909	12	519
1910	1	1735
1910	2	948
1910	3	0
1910	4	916
1910	5	1284
1910	6	1668
1910	7	974
1910	8	178
1910	9	1534
1910	10	379
1910	11	452
1910	12	851
1911	1	1723
1911	2	637
1911	3	768
1911	4	915
1911	5	223
1911	6	1344
1911	7	513
1911	8	2127
1911	9	1662
1911	10	1092
1911	11	389
1911	12	1034
1912	1	951
1912	2	585
1912	3	1351
1912	4	1173
1912	5	777
1912	6	654
1912	7	2000
1912	8	670
1912	9	596
1912	10	279
1912	11	429
1912	12	969
1913	1	1550
1913	2	704
1913	3	1043
1913	4	742
1913	5	1204
1913	6	718
1913	7	1701
1913	8	1065
1913	9	218
1913	10	1601
1913	11	1579
1913	12	742
1914	1	1089
1914	2	1204
1914	3	904
1914	4	951
1914	5	623
1914	6	452
1914	7	1189
1914	8	1220
1914	9	508
1914	10	1024
1914	11	440
1914	12	1654
1915	1	1008
1915	2	706
1915	3	218
1915	4	314
1915	5	743
1915	6	1166
1915	7	1315
1915	8	1133
1915	9	1021
1915	10	1410
1915	11	1058
1915	12	1445
1916	1	1679
1916	2	937
1916	3	1712
1916	4	707
1916	5	674
1916	6	1406
1916	7	516
1916	8	1052
1916	9	1207
1916	10	532
1916	11	470
1916	12	1179
1917	1	1346
1917	2	495
1917	3	1574
1917	4	229
1917	5	1854
1917	6	712
1917	7	749
1917	8	1396
1917	9	393
1917	10	164
1917	11	952
1917	12	295
1918	1	767
1918	2	927
1918	3	1879
1918	4	1161
1918	5	521
1918	6	1651
1918	7	357
1918	8	782
1918	9	702
1918	10	945
1918	11	592
1918	12	850
1919	1	1014
1919	2	517
1919	3	800
1919	4	505
1919	5	1316
1919	6	1350
1919	7	1633
1919	8	922
1919	9	443
1919	10	1682
1919	11	1394
1919	12	1217
1920	1	1352
1920	2	708
1920	3	925
1920	4	1374
1920	5	719
1920	6	643
1920	7	823
1920	8	879
1920	9	671
1920	10	293
1920	11	758
1920	12	650
1921	1	718
1921	2	651
1921	3	850
1921	4	643
1921	5	767
1921	6	1677
1921	7	719
1921	8	1528
1921	9	1206
1921	10	553
1921	11	1432
1921	12	871
1922	1	764
1922	2	678
1922	3	1365
1922	4	843
1922	5	816
1922	6	1489
1922	7	1476
1922	8	1281
1922	9	254
1922	10	734
1922	11	400
1922	12	1382
1923	1	1152
1923	2	1149
1923	3	903
1923	4	843
1923	5	431
1923	6	1407
1923	7	1498
1923	8	938
1923	9	1095
1923	10	454
1923	11	753
1923	12	1628
1924	1	1051
1924	2	869
1924	3	894
1924	4	615
1924	5	1537
1924	6	1448
1924	7	1029
1924	8	1305
1924	9	1920
1924	10	92
1924	11	545
1924	12	605
1925	1	822
1925	2	1097
1925	3	788
1925	4	556
1925	5	1079
1925	6	351
1925	7	995
1925	8	419
1925	9	346
1925	10	2690
1925	11	720
1925	12	97
1926	1	949
1926	2	1215
1926	3	751
1926	4	726
1926	5	962
1926	6	831
1926	7	841
1926	8	1011
1926	9	765
1926	10	1215
1926	11	840
1926	12	926
1927	1	1481
1927	2	966
1927	3	447
1927	4	1320
1927	5	750
1927	6	722
1927	7	1120
1927	8	778
1927	9	457
1927	10	684
1927	11	1002
1927	12	689
1928	1	653
1928	2	611
1928	3	948
1928	4	1120
1928	5	566
1928	6	2012
1928	7	484
1928	8	917
1928	9	591
1928	10	437
1928	11	789
1928	12	513
1929	1	711
1929	2	988
1929	3	938
1929	4	800
1929	5	1534
1929	6	797
1929	7	1287
1929	8	1422
1929	9	688
1929	10	1397
1929	11	1123
1929	12	854
1930	1	507
1930	2	811
1930	3	1051
1930	4	353
1930	5	599
1930	6	427
1930	7	284
1930	8	998
1930	9	297
1930	10	191
1930	11	393
1930	12	674
1931	1	391
1931	2	721
1931	3	1071
1931	4	782
1931	5	899
1931	6	795
1931	7	1130
1931	8	1543
1931	9	1136
1931	10	361
1931	11	407
1931	12	911
1932	1	1646
1932	2	751
1932	3	1228
1932	4	634
1932	5	333
1932	6	1591
1932	7	1926
1932	8	651
1932	9	376
1932	10	1033
1932	11	763
1932	12	951
1933	1	1268
1933	2	881
1933	3	1732
1933	4	969
1933	5	1779
1933	6	912
1933	7	1412
1933	8	2224
1933	9	576
1933	10	513
1933	11	418
1933	12	1411
1934	1	720
1934	2	403
1934	3	1335
1934	4	617
1934	5	460
1934	6	665
1934	7	1259
1934	8	1173
1934	9	856
1934	10	270
1934	11	584
1934	12	637
1935	1	1070
1935	2	487
1935	3	1531
1935	4	1128
1935	5	2111
1935	6	1732
1935	7	1223
1935	8	1967
1935	9	483
1935	10	1017
1935	11	573
1935	12	1018
1936	1	1018
1936	2	1136
1936	3	1177
1936	4	960
1936	5	650
1936	6	524
1936	7	480
1936	8	1003
1936	9	316
1936	10	1390
1936	11	835
1936	12	1056
1937	1	2702
1937	2	959
1937	3	692
1937	4	705
1937	5	1019
1937	6	920
1937	7	1703
1937	8	888
1937	9	204
1937	10	1428
1937	11	316
1937	12	809
1938	1	620
1938	2	820
1938	3	972
1938	4	941
1938	5	1637
1938	6	1088
1938	7	907
1938	8	577
1938	9	1092
1938	10	155
1938	11	1145
1938	12	403
1939	1	911
1939	2	1826
1939	3	1343
1939	4	1903
1939	5	298
1939	6	885
1939	7	1335
1939	8	369
1939	9	348
1939	10	859
1939	11	218
1939	12	529
1940	1	488
1940	2	1289
1940	3	860
1940	4	1298
1940	5	535
1940	6	1424
1940	7	595
1940	8	1029
1940	9	636
1940	10	528
1940	11	737
1940	12	551
1941	1	724
1941	2	174
1941	3	394
1941	4	407
1941	5	721
1941	6	1325
1941	7	1022
1941	8	708
1941	9	785
1941	10	792
1941	11	683
1941	12	475
1942	1	685
1942	2	596
1942	3	849
1942	4	437
1942	5	1027
1942	6	1099
1942	7	1433
1942	8	1480
1942	9	1286
1942	10	553
1942	11	1443
1942	12	1913
1943	1	816
1943	2	686
1943	3	1337
1943	4	1275
1943	5	1034
1943	6	1993
1943	7	2196
1943	8	1017
1943	9	323
1943	10	646
1943	11	578
1943	12	499
1944	1	502
1944	2	940
1944	3	1241
1944	4	1280
1944	5	951
1944	6	507
1944	7	510
1944	8	1050
1944	9	1516
1944	10	1091
1944	11	585
1944	12	1304
1945	1	986
1945	2	1358
1945	3	1387
1945	4	792
1945	5	1073
1945	6	974
1945	7	948
1945	8	747
1945	9	1228
1945	10	399
1945	11	1393
1945	12	662
1946	1	559
1946	2	1105
1946	3	1189
1946	4	345
1946	5	1401
1946	6	1487
1946	7	864
1946	8	514
1946	9	574
1946	10	773
1946	11	523
1946	12	646
1947	1	716
1947	2	541
1947	3	689
1947	4	372
1947	5	837
1947	6	806
1947	7	738
1947	8	1051
1947	9	1050
1947	10	300
1947	11	1114
1947	12	462
1948	1	947
1948	2	1305
1948	3	898
1948	4	1946
1948	5	1187
1948	6	705
1948	7	1803
1948	8	814
1948	9	658
1948	10	528
1948	11	1153
1948	12	1231
1949	1	1461
1949	2	1037
1949	3	774
1949	4	1437
1949	5	1189
1949	6	2186
1949	7	487
1949	8	880
1949	9	519
1949	10	732
1949	11	288
1949	12	968
1950	1	2101
1950	2	1059
1950	3	1071
1950	4	519
1950	5	924
1950	6	0
1950	7	1238
1950	8	709
1950	9	1497
1950	10	459
1950	11	1363
1950	12	290
1951	1	1372
1951	2	782
1951	3	1213
1951	4	972
1951	5	1039
1951	6	1086
1951	7	638
1951	8	541
1951	9	996
1951	10	500
1951	11	1217
1951	12	1189
1952	1	1365
1952	2	499
1952	3	1026
1952	4	879
1952	5	1295
1952	6	1354
1952	7	651
1952	8	1304
1952	9	440
1952	10	195
1952	11	387
1952	12	635
1953	1	1224
1953	2	494
1953	3	857
1953	4	930
1953	5	812
1953	6	1314
1953	7	730
1953	8	1381
1953	9	506
1953	10	189
1953	11	229
1953	12	451
1954	1	608
1954	2	293
1954	3	1089
1954	4	714
1954	5	672
1954	6	849
1954	7	1362
1954	8	1781
1954	9	612
1954	10	1283
1954	11	287
1954	12	782
1955	1	418
1955	2	1385
1955	3	1375
1955	4	766
1955	5	725
1955	6	640
1955	7	1781
1955	8	1080
1955	9	363
1955	10	1080
1955	11	344
1955	12	281
1956	1	585
1956	2	1540
1956	3	1904
1956	4	943
1956	5	1184
1956	6	723
1956	7	1998
1956	8	684
1956	9	1252
1956	10	313
1956	11	324
1956	12	1754
1957	1	886
1957	2	1135
1957	3	590
1957	4	723
1957	5	1133
1957	6	1352
1957	7	1024
1957	8	81
1957	9	1489
1957	10	861
1957	11	505
1957	12	1031
1958	1	921
1958	2	709
1958	3	667
1958	4	956
1958	5	1211
1958	6	1183
1958	7	2628
1958	8	1225
1958	9	679
1958	10	351
1958	11	617
1958	12	288
1959	1	811
1959	2	606
1959	3	487
1959	4	858
1959	5	376
1959	6	324
1959	7	684
1959	8	796
1959	9	202
1959	10	1220
1959	11	871
1959	12	547
1960	1	949
1960	2	737
1960	3	439
1960	4	355
1960	5	1088
1960	6	917
1960	7	837
1960	8	1413
1960	9	626
1960	10	544
1960	11	487
1960	12	494
1961	1	572
1961	2	782
1961	3	1253
1961	4	1046
1961	5	860
1961	6	1072
1961	7	1882
1961	8	1831
1961	9	437
1961	10	1413
1961	11	693
1961	12	890
1962	1	672
1962	2	1069
1962	3	970
1962	4	1059
1962	5	618
1962	6	640
1962	7	1595
1962	8	532
1962	9	1126
1962	10	838
1962	11	1087
1962	12	878
1963	1	449
1963	2	474
1963	3	1935
1963	4	339
1963	5	770
1963	6	1002
1963	7	834
1963	8	1536
1963	9	460
1963	10	5
1963	11	575
1963	12	302
1964	1	566
1964	2	854
1964	3	940
1964	4	1038
1964	5	214
1964	6	656
1964	7	860
1964	8	879
1964	9	989
1964	10	55
1964	11	1090
1964	12	945
1965	1	845
1965	2	550
1965	3	1081
1965	4	1228
1965	5	115
1965	6	343
1965	7	1497
1965	8	439
1965	9	1189
1965	10	599
1965	11	364
1965	12	95
1966	1	1065
1966	2	753
1966	3	343
1966	4	896
1966	5	884
1966	6	71
1966	7	779
1966	8	756
1966	9	765
1966	10	494
1966	11	464
1966	12	553
1967	1	304
1967	2	718
1967	3	1926
1967	4	1030
1967	5	1925
1967	6	308
1967	7	818
1967	8	1049
1967	9	495
1967	10	454
1967	11	915
1967	12	981
1968	1	830
1968	2	125
1968	3	937
1968	4	803
1968	5	1493
1968	6	562
1968	7	351
1968	8	1081
1968	9	699
1968	10	698
1968	11	578
1968	12	476
1969	1	546
1969	2	359
1969	3	349
1969	4	764
1969	5	541
1969	6	570
1969	7	1275
1969	8	1336
1969	9	625
1969	10	407
1969	11	588
1969	12	958
1970	1	183
1970	2	441
1970	3	960
1970	4	1386
1970	5	476
1970	6	914
1970	7	1674
1970	8	511
1970	9	519
1970	10	1255
1970	11	952
1970	12	932
1971	1	760
1971	2	775
1971	3	278
1971	4	265
1971	5	1035
1971	6	597
1971	7	1395
1971	8	467
1971	9	2775
1971	10	261
1971	11	479
1971	12	376
1972	1	1230
1972	2	1217
1972	3	649
1972	4	1486
1972	5	774
1972	6	1610
1972	7	518
1972	8	1352
1972	9	979
1972	10	443
1972	11	1117
1972	12	1708
1973	1	429
1973	2	697
1973	3	650
1973	4	1467
1973	5	1052
1973	6	883
1973	7	2248
1973	8	787
1973	9	703
1973	10	1331
1973	11	1299
1973	12	592
1974	1	1135
1974	2	410
1974	3	1006
1974	4	668
1974	5	1646
1974	6	1812
1974	7	485
1974	8	1462
1974	9	775
1974	10	406
1974	11	561
1974	12	886
1975	1	1057
1975	2	833
1975	3	1205
1975	4	966
1975	5	1688
1975	6	1027
1975	7	828
1975	8	943
1975	9	1354
1975	10	929
1975	11	530
1975	12	918
1976	1	1114
1976	2	477
1976	3	764
1976	4	400
1976	5	707
1976	6	841
1976	7	1460
1976	8	1209
1976	9	1138
1976	10	1600
1976	11	316
1976	12	565
1977	1	510
1977	2	236
1977	3	942
1977	4	940
1977	5	363
1977	6	1124
1977	7	1089
1977	8	1371
1977	9	682
1977	10	1103
1977	11	631
1977	12	707
1978	1	1964
1978	2	360
1978	3	509
1978	4	809
1978	5	920
1978	6	868
1978	7	1923
1978	8	1821
1978	9	758
1978	10	905
1978	11	724
1978	12	2582
1979	1	1709
1979	2	1128
1979	3	408
1979	4	1010
1979	5	1132
1979	6	1008
1979	7	1184
1979	8	1582
1979	9	1494
1979	10	1149
1979	11	1046
1979	12	759
1980	1	706
1980	2	489
1980	3	1415
1980	4	1330
1980	5	660
1980	6	865
1980	7	2412
1980	8	1921
1980	9	411
1980	10	518
1980	11	861
1980	12	529
1981	1	460
1981	2	1110
1981	3	865
1981	4	745
1981	5	1726
1981	6	1382
1981	7	705
1981	8	582
1981	9	855
1981	10	772
1981	11	492
1981	12	621
1982	1	906
1982	2	872
1982	3	1313
1982	4	547
1982	5	689
1982	6	1346
1982	7	739
1982	8	885
1982	9	516
1982	10	382
1982	11	1122
1982	12	817
1983	1	317
1983	2	746
1983	3	820
1983	4	1410
1983	5	1799
1983	6	460
1983	7	1468
1983	8	551
1983	9	179
1983	10	1681
1983	11	1256
1983	12	1082
1984	1	542
1984	2	526
1984	3	981
1984	4	795
1984	5	911
1984	6	506
1984	7	1222
1984	8	1615
1984	9	387
1984	10	1617
1984	11	1076
1984	12	493
1985	1	590
1985	2	560
1985	3	960
1985	4	531
1985	5	1569
1985	6	763
1985	7	1178
1985	8	637
1985	9	475
1985	10	1459
1985	11	2129
1985	12	580
1986	1	455
1986	2	1407
1986	3	532
1986	4	495
1986	5	772
1986	6	767
1986	7	966
1986	8	709
1986	9	1281
1986	10	778
1986	11	1967
1986	12	1025
1987	1	682
1987	2	557
1987	3	439
1987	4	943
1987	5	718
1987	6	724
1987	7	647
1987	8	725
1987	9	1532
1987	10	327
1987	11	720
1987	12	1035
1988	1	597
1988	2	835
1988	3	801
1988	4	637
1988	5	578
1988	6	258
1988	7	1151
1988	8	440
1988	9	1355
1988	10	399
1988	11	1464
1988	12	796
1989	1	778
1989	2	1818
1989	3	1577
1989	4	1351
1989	5	1494
1989	6	1938
1989	7	2222
1989	8	1532
1989	9	1610
1989	10	1132
1989	11	933
1989	12	474
1990	1	1002
1990	2	861
1990	3	513
1990	4	816
1990	5	1485
1990	6	1063
1990	7	1173
1990	8	620
1990	9	546
1990	10	1195
1990	11	610
1990	12	1948
1991	1	870
1991	2	919
1991	3	1343
1991	4	588
1991	5	425
1991	6	494
1991	7	1147
1991	8	624
1991	9	1311
1991	10	450
1991	11	1040
1991	12	1255
1992	1	641
1992	2	753
1992	3	1230
1992	4	500
1992	5	1188
1992	6	739
1992	7	1956
1992	8	1098
1992	9	758
1992	10	284
1992	11	1165
1992	12	600
1993	1	584
1993	2	621
1993	3	1428
1993	4	814
1993	5	732
1993	6	818
1993	7	723
1993	8	596
1993	9	1145
1993	10	828
1993	11	1172
1993	12	912
1994	1	1433
1994	2	1327
1994	3	1646
1994	4	748
1994	5	853
1994	6	1184
1994	7	1275
1994	8	1428
1994	9	894
1994	10	135
1994	11	784
1994	12	663
1995	1	968
1995	2	704
1995	3	558
1995	4	521
1995	5	1521
1995	6	1256
1995	7	897
1995	8	1018
1995	9	678
1995	10	969
1995	11	838
1995	12	571
1996	1	1426
1996	2	699
1996	3	1101
1996	4	960
1996	5	2285
1996	6	883
1996	7	1817
1996	8	1176
1996	9	2083
1996	10	645
1996	11	1025
1996	12	890
1997	1	500
1997	2	529
1997	3	2662
1997	4	506
1997	5	1021
1997	6	863
1997	7	1706
1997	8	1072
1997	9	1027
1997	10	246
1997	11	685
1997	12	722
1998	1	1090
1998	2	1318
1998	3	1212
1998	4	1212
1998	5	1493
1998	6	2126
1998	7	1222
1998	8	865
1998	9	344
1998	10	553
1998	11	506
1998	12	742
1999	1	1457
1999	2	682
1999	3	961
1999	4	529
1999	5	521
1999	6	297
1999	7	572
1999	8	852
1999	9	527
1999	10	773
1999	11	900
1999	12	1074
2000	1	310
2000	2	1109
2000	3	445
2000	4	1132
2000	5	779
2000	6	1472
2000	7	1075
2000	8	1085
2000	9	731
2000	10	196
2000	11	380
2000	12	490
2001	1	723
2001	2	597
2001	3	963
2001	4	350
2001	5	1774
2001	6	710
2001	7	1958
2001	8	1156
2001	9	666
2001	10	389
2001	11	144
2001	12	631
2002	1	1254
2002	2	247
2002	3	1784
2002	4	1796
2002	5	1368
2002	6	1522
2002	7	1400
2002	8	612
2002	9	679
2002	10	1571
2002	11	932
2002	12	731
2003	1	474
2003	2	1633
2003	3	312
2003	4	808
2003	5	1987
2003	6	1513
2003	7	2212
2003	8	1587
2003	9	2220
2003	10	743
2003	11	1856
2003	12	734
2004	1	765
2004	2	631
2004	3	1435
2004	4	1635
2004	5	1709
2004	6	573
2004	7	1107
2004	8	1748
2004	9	1931
2004	10	993
2004	11	956
2004	12	747
2005	1	848
2005	2	536
2005	3	630
2005	4	1164
2005	5	1109
2005	6	828
2005	7	1907
2005	8	1553
2005	9	443
2005	10	1120
2005	11	986
2005	12	531
2006	1	997
2006	2	244
2006	3	514
2006	4	1008
2006	5	1085
2006	6	969
2006	7	990
2006	8	1045
2006	9	2011
2006	10	1685
2006	11	552
2006	12	473
2007	1	876
2007	2	641
2007	3	866
2007	4	1130
2007	5	287
2007	6	528
2007	7	1590
2007	8	901
2007	9	651
2007	10	718
2007	11	1160
2007	12	1416
2008	1	603
2008	2	1290
2008	3	1242
2008	4	958
2008	5	1410
2008	6	2050
2008	7	1488
2008	8	844
2008	9	106
2008	10	572
2008	11	618
2008	12	1236
2009	1	1104
2009	2	405
2009	3	700
2009	4	994
2009	5	2017
2009	6	1282
2009	7	1371
2009	8	1041
2009	9	1079
2009	10	914
2009	11	327
2009	12	1239
2010	1	716
2010	2	998
2010	3	784
2010	4	429
2010	5	1441
2010	6	964
2010	7	1284
2010	8	675
2010	9	818
2010	10	514
2010	11	683
2010	12	998
2011	1	809
2011	2	793
2011	3	1650
2011	4	1796
2011	5	1285
2011	6	888
2011	7	460
2011	8	353
2011	9	1739
2011	10	1154
2011	11	1900
2011	12	1005
2012	1	580
2012	2	378
2012	3	1289
2012	4	447
2012	5	1217
2012	6	925
2012	7	1919
2012	8	74
2012	9	1072
2012	10	986
2012	11	158
2012	12	1207
2013	1	1085
2013	2	363
2013	3	906
2013	4	303
2013	5	1111
2013	6	2380
2013	7	1504
2013	8	1264
2013	9	893
2013	10	443
2013	11	813
2013	12	1155
2014	1	474
2014	2	1336
2014	3	777
2014	4	816
2014	5	860
2014	6	1543
2014	7	1284
2014	8	531
2014	9	324
2014	10	1259
2014	11	466
2014	12	755
2015	1	515
2015	2	630
2015	3	1532
2015	4	1622
2015	5	632
2015	6	1763
2015	7	2089
2015	8	626
2015	9	1036
2015	10	327
