1893	1	308
1893	2	72
1893	3	113
1893	5	744
1894	1	285
1894	2	99
1894	3	493
1894	4	379
1894	5	947
1894	6	845
1894	7	252
1894	8	201
1894	9	445
1894	10	141
1894	11	41
1894	12	82
1895	1	238
1895	2	74
1895	3	249
1895	4	232
1895	5	366
1895	6	1211
1895	7	126
1895	8	350
1895	9	290
1895	10	72
1895	11	340
1895	12	91
1896	1	79
1896	2	109
1896	3	541
1896	4	440
1896	5	998
1896	6	380
1896	7	341
1896	8	110
1896	9	713
1896	10	200
1896	11	498
1896	12	20
1897	1	231
1897	2	25
1897	3	63
1897	4	112
1897	5	267
1897	6	723
1897	7	237
1897	8	86
1897	9	142
1897	10	482
1897	11	477
1897	12	104
1898	1	92
1898	2	0
1898	3	436
1898	4	229
1898	5	1346
1898	6	867
1898	7	249
1898	8	250
1898	9	288
1898	10	444
1898	11	111
1898	12	45
1899	1	427
1899	2	56
1899	3	158
1899	4	181
1899	5	628
1899	6	237
1899	7	221
1899	8	195
1899	9	143
1899	10	189
1899	11	28
1899	12	66
1900	1	51
1900	2	151
1900	3	262
1900	4	3116
1900	5	487
1900	6	57
1900	7	88
1900	8	103
1900	9	228
1900	10	296
1900	11	99
1900	12	0
1901	1	3
1901	2	66
1901	3	102
1901	4	256
1901	5	964
1901	6	443
1901	7	115
1901	8	208
1901	9	656
1901	10	67
1901	11	87
1901	12	132
1902	1	13
1902	2	191
1902	3	268
1902	4	294
1902	5	925
1902	6	462
1902	7	223
1902	8	158
1902	9	305
1902	10	49
1902	11	202
1902	12	62
1903	1	64
1903	2	79
1903	3	156
1903	4	371
1903	5	324
1903	6	397
1903	7	318
1903	8	95
1903	9	391
1903	10	92
1903	11	149
1903	12	86
1904	1	93
1904	2	306
1904	3	324
1904	4	249
1904	5	540
1904	6	234
1904	7	144
1904	8	168
1904	9	51
1904	10	52
1904	11	18
1904	12	70
1905	1	79
1905	2	99
1905	3	369
1905	4	316
1905	5	1165
1905	6	760
1905	7	315
1905	8	179
1905	9	352
1905	10	387
1905	11	110
1905	12	17
1906	1	222
1906	2	162
1906	3	250
1906	4	188
1906	5	746
1906	6	409
1906	7	321
1906	8	670
1906	9	309
1906	10	173
1906	11	100
1906	12	51
1907	1	378
1907	2	184
1907	3	261
1907	4	216
1907	5	1039
1907	6	512
1907	7	449
1907	8	318
1907	9	404
1907	10	119
1907	11	100
1907	12	45
1908	1	131
1908	2	203
1908	3	177
1908	4	219
1908	5	1636
1908	6	579
1908	7	186
1908	8	387
1908	9	232
1908	10	397
1908	11	57
1908	12	39
1909	1	353
1909	2	152
1909	3	178
1909	4	288
1909	5	449
1909	6	561
1909	7	335
1909	8	413
1909	9	797
1909	10	158
1909	11	225
1909	12	59
1910	1	431
1910	2	79
1910	3	34
1910	4	168
1910	5	348
1910	6	407
1910	7	241
1910	8	267
1910	9	827
1910	10	236
1910	11	177
1910	12	25
1911	1	505
1911	2	418
1911	3	0
1911	4	216
1911	5	1018
1911	6	602
1911	7	327
1911	8	401
1911	9	225
1911	10	164
1911	11	142
1911	12	50
1912	1	165
1912	2	204
1912	3	369
1912	4	350
1912	5	676
1912	6	83
1912	7	860
1912	8	277
1912	9	291
1912	10	802
1912	11	13
1912	12	38
1913	1	51
1913	2	106
1913	3	299
1913	4	198
1913	5	701
1913	6	597
1913	7	650
1913	8	272
1913	9	116
1913	10	1140
1913	11	89
1913	12	25
1914	1	50
1914	2	86
1914	3	88
1914	4	398
1914	5	785
1914	6	909
1914	7	51
1914	8	188
1914	9	457
1914	10	347
1914	11	13
1914	12	60
1915	1	317
1915	2	13
1915	3	390
1915	4	348
1915	5	677
1915	6	1182
1915	7	897
1915	8	314
1915	9	787
1915	10	25
1915	11	101
1915	12	46
1916	1	279
1916	2	256
1916	3	274
1916	4	228
1916	5	865
1916	6	576
1916	7	419
1916	8	173
1916	9	63
1916	10	701
1916	11	91
1916	12	93
1917	1	195
1917	2	271
1917	3	242
1917	4	801
1917	5	1288
1917	6	280
1917	7	216
1917	8	127
1917	9	734
1917	10	89
1917	11	152
1917	12	411
1918	1	305
1918	2	144
1918	3	635
1918	4	372
1918	5	748
1918	6	445
1918	7	695
1918	8	412
1918	9	1242
1918	10	102
1918	11	71
1918	12	25
1919	1	0
1919	2	264
1919	3	166
1919	4	227
1919	5	195
1919	6	48
1919	7	299
1919	8	63
1919	9	165
1919	10	805
1919	11	517
1919	12	258
1920	1	190
1920	2	195
1920	3	144
1920	4	482
1920	5	928
1920	6	572
1920	7	147
1920	8	455
1920	9	217
1920	10	101
1920	11	114
1920	12	131
1921	1	0
1921	2	45
1921	3	393
1921	4	140
1921	5	1461
1921	6	696
1921	7	261
1921	8	64
1921	9	91
1921	10	0
1921	11	323
1921	12	160
1922	1	209
1922	2	142
1922	3	61
1922	4	709
1922	5	500
1922	6	483
1922	7	571
1922	8	114
1922	9	0
1922	10	137
1922	11	828
1922	12	216
1923	1	20
1923	2	106
1923	3	305
1923	4	625
1923	5	309
1923	6	596
1923	7	338
1923	8	920
1923	9	686
1923	10	757
1923	11	20
1923	12	203
1924	1	168
1924	2	51
1924	3	644
1924	4	178
1924	5	221
1924	6	64
1924	7	559
1924	8	76
1924	9	170
1924	10	338
1924	11	10
1924	12	75
1925	1	274
1925	2	183
1925	3	71
1925	4	655
1925	5	473
1925	6	374
1925	7	57
1925	8	89
1925	9	369
1925	10	919
1925	11	20
1925	12	162
1926	1	8
1926	2	20
1926	3	0
1926	4	50
1926	5	510
1926	6	559
1926	7	516
1926	8	602
1926	9	1023
1926	10	0
1926	11	648
1926	12	60
1927	1	157
1927	2	92
1927	3	81
1927	4	460
1927	5	979
1927	6	767
1927	7	285
1927	8	369
1927	9	344
1927	10	101
1927	11	749
1927	12	321
1928	1	634
1928	2	30
1928	3	75
1928	4	274
1928	5	267
1928	6	485
1928	7	312
1928	8	490
1928	9	89
1928	10	653
1928	11	25
1928	12	380
1929	1	289
1929	2	211
1929	3	467
1929	4	103
1929	5	531
1929	6	211
1929	7	395
1929	8	143
1929	9	528
1929	10	153
1929	11	147
1929	12	325
1930	1	122
1930	2	102
1930	3	358
1930	4	127
1930	5	140
1930	6	89
1930	7	367
1930	8	567
1930	9	114
1930	10	473
1930	11	190
1930	12	0
1931	1	0
1931	2	53
1931	3	75
1931	4	89
1931	5	538
1931	6	331
1931	7	272
1931	8	84
1931	9	431
1931	10	305
1931	11	279
1931	12	33
1932	1	77
1932	2	89
1932	3	571
1932	4	234
1932	5	183
1932	6	708
1932	7	444
1932	8	140
1932	9	64
1932	10	881
1932	11	135
1932	12	48
1933	1	114
1933	2	178
1933	3	112
1933	4	686
1933	5	686
1933	6	0
1933	7	0
1933	8	1079
1933	9	173
1933	10	127
1933	11	71
1933	12	165
1934	1	30
1934	2	49
1934	3	444
1934	4	0
1934	5	102
1934	6	1090
1934	7	211
1934	8	18
1934	9	193
1934	10	218
1934	11	8
1934	12	249
1935	1	102
1935	2	114
1935	3	948
1935	4	350
1935	5	734
1935	6	296
1935	7	115
1935	8	203
1935	9	68
1935	10	177
1935	11	508
1935	12	0
1936	1	111
1936	2	414
1936	3	51
1936	4	363
1936	5	10
1936	6	580
1936	7	13
1936	8	313
1936	9	480
1936	10	212
1936	11	132
1936	12	61
1937	1	80
1937	2	71
1937	3	541
1937	4	127
1937	5	224
1937	6	585
1937	7	122
1937	8	13
1937	9	342
1937	10	262
1937	11	180
1937	12	184
1938	1	23
1938	2	33
1938	3	396
1938	4	473
1938	5	1646
1938	6	508
1938	7	567
1938	8	88
1938	9	0
1938	10	1296
1938	11	241
1938	12	0
1939	1	30
1939	2	97
1939	3	144
1939	4	178
1939	5	223
1939	6	708
1939	7	249
1939	8	275
1939	9	183
1939	10	244
1939	11	0
1939	12	50
1940	1	294
1940	2	210
1940	3	145
1940	4	1067
1940	5	173
1940	6	489
1940	7	139
1940	8	343
1940	9	542
1940	10	187
1940	11	357
1940	12	58
1941	1	49
1941	2	134
1941	3	225
1941	4	1017
1941	5	178
1941	6	1004
1941	7	486
1941	8	316
1941	9	1083
1941	10	353
1941	11	188
1941	12	277
1942	1	220
1942	2	125
1942	3	218
1942	4	111
1942	5	1256
1942	6	196
1942	7	265
1942	8	233
1942	9	430
1942	10	233
1942	11	529
1942	12	41
1943	1	239
1943	2	192
1943	3	383
1943	4	252
1943	5	568
1943	6	543
1943	7	56
1943	8	313
1943	9	257
1943	10	160
1943	11	97
1943	12	134
1944	1	15
1944	2	140
1944	3	135
1944	4	214
1944	5	550
1944	6	1943
1944	7	247
1944	8	166
1944	9	511
1944	10	0
1944	11	84
1944	12	320
1945	1	148
1945	2	58
1945	3	146
1945	4	81
1945	5	847
1945	6	734
1945	7	180
1945	8	345
1945	9	500
1945	10	102
1945	11	400
1945	12	299
1946	1	46
1946	2	170
1946	3	333
1946	4	71
1946	5	1033
1946	6	536
1946	7	102
1946	8	193
1946	9	419
1946	10	744
1946	11	185
1946	12	245
1947	1	52
1947	2	71
1947	3	423
1947	4	535
1947	5	370
1947	6	518
1947	7	240
1947	8	286
1947	9	726
1947	10	107
1947	11	430
1947	12	211
1948	1	160
1948	2	63
1948	3	237
1948	4	84
1948	5	1034
1948	6	1413
1948	7	445
1948	8	175
1948	9	272
1948	10	0
1948	11	38
1948	12	174
1949	1	218
1949	2	195
1949	3	256
1949	4	371
1949	5	572
1949	6	393
1949	7	349
1949	8	72
1949	9	241
1949	10	402
1949	11	0
1949	12	46
1950	1	264
1950	2	25
1950	3	208
1950	4	554
1950	5	332
1950	6	534
1950	7	426
1950	8	285
1950	9	494
1950	10	0
1950	11	20
1950	12	122
1951	1	66
1951	2	84
1951	3	242
1951	4	374
1951	5	541
1951	6	440
1951	7	208
1951	8	519
1951	9	422
1951	10	634
1951	11	43
1951	12	190
1952	1	295
1952	2	152
1952	3	157
1952	4	201
1952	5	990
1952	6	531
1952	7	325
1952	8	211
1952	9	188
1952	10	79
1952	11	106
1952	12	20
1953	1	180
1953	2	328
1953	3	164
1953	4	488
1953	5	605
1953	6	434
1953	7	110
1953	8	424
1953	9	319
1953	10	97
1953	11	89
1953	12	23
1954	1	259
1954	2	46
1954	3	455
1954	4	247
1954	5	563
1954	6	541
1954	7	81
1954	8	346
1954	9	386
1954	10	267
1954	11	0
1954	12	0
1955	1	0
1955	2	106
1955	3	168
1955	4	256
1955	5	980
1955	6	736
1955	7	329
1955	8	0
1955	9	410
1955	10	137
1955	11	129
1955	12	541
1956	1	82
1956	2	0
1956	3	28
1956	4	562
1956	5	797
1956	6	333
1956	7	201
1956	8	168
1956	9	269
1956	10	163
1956	11	76
1956	12	69
1957	1	137
1957	2	109
1957	3	267
1957	4	746
1957	5	1511
1957	6	1697
1957	7	292
1957	8	644
1957	9	351
1957	10	442
1957	11	333
1957	12	0
1958	1	18
1958	2	242
1958	3	309
1958	4	526
1958	5	346
1958	6	794
1958	7	757
1958	8	283
1958	9	199
1958	10	46
1958	11	197
1958	12	256
1959	1	68
1959	2	267
1959	3	94
1959	4	391
1959	5	852
1959	6	264
1959	7	300
1959	8	168
1959	9	291
1959	10	369
1959	11	463
1959	12	0
1960	1	66
1960	2	63
1960	3	122
1960	4	593
1960	5	759
1960	6	348
1960	7	8
1960	8	622
1960	9	127
1960	10	127
1960	11	107
1960	12	13
1961	1	51
1961	2	13
1961	3	358
1961	4	372
1961	5	653
1961	6	137
1961	7	77
1961	8	124
1961	9	811
1961	10	382
1961	11	355
1961	12	0
1962	1	305
1962	2	189
1962	3	20
1962	4	16
1962	5	1370
1962	6	474
1962	7	525
1962	8	374
1962	9	491
1962	10	192
1962	11	226
1962	12	18
1963	1	400
1963	2	54
1963	3	92
1963	4	324
1963	5	666
1963	6	745
1963	7	131
1963	8	32
1963	9	371
1963	10	75
1963	11	24
1963	12	300
1964	1	0
1964	2	39
1964	3	36
1964	4	420
1964	5	666
1964	6	1090
1964	7	142
1964	8	99
1964	9	13
1964	10	294
1964	11	236
1964	12	109
1965	1	65
1965	2	62
1965	3	217
1965	4	434
1965	5	454
1965	6	792
1965	7	352
1965	8	616
1965	9	605
1965	10	257
1965	11	25
1965	12	83
1966	1	68
1966	2	31
1966	3	96
1966	4	251
1966	5	413
1966	6	137
1966	7	282
1966	8	371
1966	9	507
1966	10	294
1966	11	250
1966	12	46
1967	1	0
1967	2	48
1967	3	507
1967	4	204
1967	5	1189
1967	6	1621
1967	7	238
1967	8	40
1967	9	38
1967	10	376
1967	11	166
1967	12	203
1968	1	300
1968	2	60
1968	3	434
1968	4	363
1968	5	503
1968	6	1345
1968	7	94
1968	8	380
1968	9	515
1968	10	191
1968	11	375
1968	12	114
1969	1	272
1969	2	5
1969	3	81
1969	4	244
1969	5	404
1969	6	1911
1969	7	254
1969	8	157
1969	9	135
1969	10	399
1969	11	56
1969	12	0
1970	1	329
1970	2	170
1970	3	264
1970	4	455
1970	5	1159
1970	6	462
1970	7	256
1970	8	25
1970	9	705
1970	10	291
1970	11	174
1970	12	203
1971	1	270
1971	2	142
1971	3	161
1971	4	655
1971	5	602
1971	6	603
1971	7	209
1971	8	275
1971	9	313
1971	10	619
1971	11	130
1971	12	171
1972	1	117
1972	2	120
1972	3	96
1972	4	339
1972	5	424
1972	6	741
1972	7	632
1972	8	669
1972	9	676
1972	10	555
1972	11	53
1972	12	69
1973	1	15
1973	2	61
1973	3	221
1973	4	600
1973	5	370
1973	6	190
1973	7	124
1973	8	196
1973	9	476
1973	10	226
1973	11	328
1973	12	236
1974	1	90
1974	2	3
1974	3	161
1974	4	140
1974	5	878
1974	6	97
1974	7	248
1974	8	537
1974	9	582
1974	10	638
1974	11	145
1974	12	20
1975	1	298
1975	2	247
1975	3	430
1975	4	295
1975	5	1435
1975	6	930
1975	7	654
1975	8	153
1975	9	92
1975	10	1206
1975	11	576
1975	12	251
1976	1	61
1976	2	137
1976	3	107
1976	4	1043
1976	5	333
1976	6	424
1976	7	104
1976	8	549
1976	9	229
1976	10	153
1976	11	25
1976	12	91
1977	1	81
1977	2	0
1977	3	183
1977	4	18
1977	5	714
1977	6	629
1977	7	276
1977	8	507
1977	9	371
1977	10	172
1977	11	335
1977	12	378
1978	1	279
1978	2	307
1978	3	38
1978	4	121
1978	5	997
1978	6	300
1978	7	601
1978	8	65
1978	9	583
1978	10	241
1978	11	332
1978	12	247
1979	1	292
1979	2	59
1979	3	196
1979	4	254
1979	5	359
1979	6	796
1979	7	108
1979	8	734
1979	9	0
1979	10	372
1979	11	145
1979	12	76
1980	1	382
1980	2	217
1980	3	409
1980	4	72
1980	5	1080
1980	6	538
1980	7	128
1980	8	152
1980	9	353
1980	10	478
1980	11	119
1980	12	167
1981	1	0
1981	2	128
1981	3	212
1981	4	361
1981	5	1956
1981	6	282
1981	7	189
1981	8	38
1981	9	112
1981	10	477
1981	11	211
1981	12	153
1982	1	179
1982	2	62
1982	3	419
1982	4	318
1982	5	735
1982	6	1713
1982	7	375
1982	8	315
1982	9	666
1982	10	105
1982	11	119
1982	12	377
1983	1	16
1983	2	36
1983	3	139
1983	4	278
1983	5	1065
1983	6	525
1983	7	797
1983	8	178
1983	9	665
1983	10	274
1983	11	156
1983	12	462
1984	1	246
1984	2	3
1984	3	156
1984	4	211
1984	5	370
1984	6	363
1984	7	308
1984	8	168
1984	9	382
1984	10	243
1984	11	119
1984	12	90
1985	1	80
1985	2	60
1985	3	317
1985	4	103
1985	5	223
1985	6	261
1985	7	294
1985	8	522
1985	9	426
1985	10	130
1985	11	259
1985	12	62
1986	1	89
1986	2	409
1986	3	198
1986	4	956
1986	5	425
1986	6	949
1986	7	549
1986	8	247
1986	9	595
1986	10	309
1986	11	290
1986	12	38
1987	1	10
1987	2	72
1987	3	201
1987	4	188
1987	5	909
1987	6	226
1987	7	1000
1987	8	425
1987	9	69
1987	10	5
1987	11	36
1987	12	88
1988	1	138
1988	2	166
1988	3	129
1988	4	703
1988	5	635
1988	6	208
1988	7	33
1988	8	15
1988	9	280
1988	10	233
1988	11	122
1988	12	160
1989	1	310
1989	2	143
1989	3	631
1989	4	515
1989	5	733
1989	6	1108
1989	7	135
1989	8	475
1989	9	120
1989	10	708
1989	11	162
1989	12	272
1990	1	82
1990	2	36
1990	3	166
1990	4	403
1990	5	572
1990	6	274
1990	7	214
1990	8	722
1990	9	46
1990	10	328
1990	11	172
1990	12	33
1991	1	95
1991	2	99
1991	3	236
1991	4	903
1991	5	1361
1991	6	514
1991	7	38
1991	8	112
1991	9	571
1991	10	240
1991	11	385
1991	12	53
1992	1	45
1992	2	13
1992	3	656
1992	4	737
1992	5	427
1992	6	1863
1992	7	529
1992	8	304
1992	9	135
1992	10	418
1992	11	38
1992	12	228
1993	1	170
1993	2	157
1993	3	182
1993	4	652
1993	5	432
1993	6	661
1993	7	861
1993	8	475
1993	9	87
1993	10	387
1993	11	85
1993	12	6
1994	1	12
1994	2	84
1994	3	79
1994	4	287
1994	5	340
1994	6	790
1994	7	900
1994	8	196
1994	9	102
1994	10	759
1994	11	66
1994	12	140
1995	1	54
1995	2	3
1995	3	266
1995	4	452
1995	5	774
1995	6	489
1995	7	500
1995	8	305
1995	9	332
1995	10	170
1995	11	109
1995	12	66
1996	1	232
1996	2	203
1996	3	550
1996	4	124
1996	5	847
1996	6	203
1996	7	269
1996	8	3
1996	9	158
1996	10	141
1996	11	251
1996	12	567
1997	1	151
1997	2	95
1997	3	82
1997	4	459
1997	5	411
1997	6	1208
1997	7	488
1997	8	438
1997	9	390
1997	10	297
1997	11	208
1997	12	146
1998	1	595
1998	2	36
1998	3	293
1998	4	371
1998	5	137
1998	6	1155
1998	7	262
1998	8	130
1998	9	333
1998	10	46
1998	11	77
1998	12	443
1999	1	360
1999	2	76
1999	3	114
1999	4	941
1999	5	449
1999	6	647
1999	7	162
1999	8	402
1999	9	188
1999	10	65
1999	11	99
1999	12	16
2000	1	177
2000	2	386
2000	3	231
2000	4	189
2000	5	590
2000	6	381
2000	7	249
2000	8	46
2000	9	221
2000	10	239
2000	11	61
2000	12	119
2001	1	79
2001	2	200
2001	3	143
2001	4	357
2001	5	183
2001	6	1016
2001	7	204
2001	8	43
2001	9	214
2001	10	249
2001	11	215
2001	12	20
2002	1	196
2002	2	106
2002	3	276
2002	4	1417
2002	5	709
2002	6	621
2002	7	76
2002	8	212
2002	9	222
2002	10	282
2002	11	106
2002	12	46
2003	1	385
2003	2	361
2003	3	388
2003	4	589
2003	5	547
2003	6	862
2003	7	157
2003	8	104
2003	9	100
2003	10	333
2003	11	84
2003	12	341
2004	1	46
2004	2	183
2004	3	39
2004	4	394
2004	5	385
2004	6	552
2004	7	417
2004	8	171
2004	9	141
2004	10	839
2004	11	61
2004	12	67
2005	1	117
2005	2	13
2005	3	239
2005	4	701
2005	5	1016
2005	6	754
2005	7	339
2005	8	275
2005	9	396
2005	10	251
2005	11	301
2005	12	97
2006	1	135
2006	2	28
2006	3	165
2006	4	637
2006	5	425
2006	6	706
2006	7	241
2006	8	82
2006	9	413
2006	10	1129
2006	11	33
2006	12	172
2007	1	53
2007	2	297
2007	3	249
2007	4	770
2007	5	789
2007	6	450
2007	7	373
2007	8	131
2007	9	277
2007	10	401
2007	11	201
2007	12	39
2008	1	140
2008	2	46
2008	3	81
2008	4	183
2008	5	1531
2008	6	315
2008	7	442
2008	8	68
2008	9	623
2008	10	246
2008	11	26
2008	12	183
2009	1	46
2009	2	120
2009	3	454
2009	4	518
2009	5	186
2009	6	652
2009	7	462
2009	8	574
2009	9	160
2009	10	359
2009	11	323
2009	12	69
2010	1	157
2010	2	86
2010	3	114
2010	4	205
2010	5	1015
2010	6	743
2010	7	209
2010	8	412
2010	9	434
2010	10	150
2010	11	526
2010	12	103
2011	1	119
2011	2	89
2011	3	274
2011	4	498
2011	5	1475
2011	6	492
2011	7	199
2011	8	152
2011	9	41
2011	10	232
2011	11	120
2011	12	108
2012	1	94
2012	2	83
2012	3	218
2012	4	540
2012	5	476
2012	6	160
2012	7	100
2012	8	25
2012	9	47
2012	10	415
2012	11	291
2012	12	147
2013	1	81
2013	2	68
2013	3	5
2013	4	292
2013	5	1094
2013	6	516
2013	7	171
2013	8	135
2013	9	732
2013	10	497
2013	11	3
2013	12	341
2014	1	56
2014	2	77
2014	3	553
2014	4	279
2014	5	420
2014	6	524
2014	7	147
2014	8	934
2014	9	463
2014	10	0
2014	11	386
2014	12	146
2015	1	313
2015	2	76
2015	3	46
2015	4	391
2015	5	1215
2015	6	548
2015	7	154
2015	8	320
2015	9	186
2015	10	470
