1886	3	781
1886	4	434
1886	5	820
1886	6	320
1886	7	549
1886	8	785
1886	9	785
1886	10	1219
1886	11	1219
1886	12	1283
1887	1	1013
1887	2	1341
1887	3	1168
1887	4	1316
1887	5	290
1887	6	714
1887	7	1455
1887	8	958
1887	9	224
1887	10	615
1887	11	1293
1887	12	1455
1888	1	1519
1888	2	1293
1888	3	1298
1888	4	729
1888	5	884
1888	6	848
1888	7	919
1888	8	1049
1888	9	1963
1888	10	1534
1888	11	1466
1888	12	825
1889	1	1186
1889	2	815
1889	3	838
1889	4	630
1889	5	724
1889	6	1046
1889	7	1326
1889	8	681
1889	9	742
1889	10	1171
1889	11	1588
1889	12	1270
1890	1	762
1890	2	1052
1890	3	1494
1890	4	551
1890	5	1908
1890	6	942
1890	7	1227
1890	8	881
1890	9	1303
1890	10	1389
1890	11	480
1890	12	1410
1891	1	2057
1891	2	988
1891	3	1786
1891	4	734
1891	5	660
1891	6	925
1891	7	1339
1891	8	754
1891	9	254
1891	10	610
1891	11	676
1891	12	1339
1892	1	1402
1892	2	561
1892	3	617
1892	4	267
1892	5	1173
1892	6	1834
1892	7	808
1892	8	2060
1892	9	1138
1892	10	460
1892	11	1153
1892	12	378
1893	1	719
1893	2	1420
1893	3	707
1893	4	657
1893	5	2101
1893	6	638
1893	7	336
1893	8	902
1893	9	685
1893	10	1544
1893	11	587
1893	12	1237
1894	1	746
1894	2	574
1894	3	505
1894	4	622
1894	5	1664
1894	6	441
1894	7	372
1894	8	648
1894	9	1140
1894	10	1427
1894	11	658
1894	12	757
1895	1	868
1895	2	161
1895	3	534
1895	4	1433
1895	5	471
1895	6	658
1895	7	565
1895	8	646
1895	9	292
1895	10	537
1895	11	1833
1895	12	1286
1896	1	266
1896	2	1478
1896	3	2565
1896	4	415
1896	5	602
1896	6	657
1896	7	785
1896	8	758
1896	9	1708
1896	10	912
1896	11	962
1896	12	369
1897	1	1313
1897	2	648
1897	3	1141
1897	4	746
1897	5	1335
1897	6	944
1897	7	1684
1897	8	965
1897	9	870
1897	10	242
1897	11	1503
1897	12	1181
1898	1	1506
1898	2	1797
1898	3	354
1898	4	887
1898	5	517
1898	6	1230
1898	7	598
1898	8	562
1898	9	773
1898	10	1103
1898	11	1127
1898	12	724
1899	1	812
1899	2	778
1899	3	1514
1899	4	376
1899	5	291
1899	6	518
1899	7	1125
1899	8	295
1899	9	928
1899	10	500
1899	11	667
1899	12	516
1900	1	1739
1900	2	2207
1900	3	2035
1900	4	490
1900	5	1028
1900	6	430
1900	7	515
1900	8	938
1900	9	632
1900	10	1123
1900	11	1208
1900	12	541
1901	1	810
1901	2	293
1901	3	1306
1901	4	2073
1901	5	1464
1901	6	285
1901	7	1081
1901	8	1207
1901	9	445
1901	10	847
1901	11	559
1901	12	1928
1902	1	773
1902	2	767
1902	3	2277
1902	4	1111
1902	5	679
1902	6	1325
1902	7	513
1902	8	894
1902	9	940
1902	10	1289
1902	11	368
1902	12	1336
1903	1	1140
1903	2	1054
1903	3	1606
1903	4	537
1903	5	89
1903	6	1346
1903	7	991
1903	8	644
1903	9	366
1903	10	889
1903	11	402
1903	12	1049
1904	1	1080
1904	2	592
1904	3	943
1904	4	1711
1904	5	1103
1904	6	671
1904	7	608
1904	8	1090
1904	9	971
1904	10	478
1904	11	669
1904	12	492
1905	1	1122
1905	2	457
1905	3	376
1905	4	394
1905	5	518
1905	6	1047
1905	7	1164
1905	8	455
1905	9	1401
1905	10	256
1905	11	939
1905	12	927
1906	1	800
1906	2	404
1906	3	1145
1906	4	744
1906	5	1069
1906	6	1886
1906	7	1384
1906	8	204
1906	9	217
1906	10	1263
1906	11	830
1906	12	1001
1907	1	623
1907	2	583
1907	3	775
1907	4	942
1907	5	536
1907	6	1218
1907	7	668
1907	8	651
1907	9	1786
1907	10	904
1907	11	1080
1907	12	910
1908	1	716
1908	2	1188
1908	3	554
1908	4	672
1908	5	1255
1908	6	228
1908	7	929
1908	8	694
1908	9	204
1908	10	1273
1908	11	409
1908	12	1057
1909	1	1715
1909	2	1419
1909	3	1051
1909	4	911
1909	5	698
1909	6	581
1909	7	628
1909	8	318
1909	9	1560
1909	10	468
1909	11	707
1909	12	760
1910	1	874
1910	2	1077
1910	3	482
1910	4	1057
1910	5	495
1910	6	668
1910	7	610
1910	8	1221
1910	9	682
1910	10	431
1910	11	554
1910	12	798
1911	1	698
1911	2	683
1911	3	1281
1911	4	254
1911	5	143
1911	6	987
1911	7	1433
1911	8	593
1911	9	988
1911	10	606
1911	11	870
1911	12	799
1912	1	1132
1912	2	718
1912	3	1337
1912	4	726
1912	5	1274
1912	6	201
1912	7	769
1912	8	753
1912	9	877
1912	10	883
1912	11	1077
1912	12	969
1913	1	932
1913	2	610
1913	3	1399
1913	4	581
1913	5	1074
1913	6	304
1913	7	389
1913	8	577
1913	9	1021
1913	10	1591
1913	11	544
1913	12	1126
1914	1	703
1914	2	490
1914	3	1281
1914	4	1301
1914	5	620
1914	6	742
1914	7	763
1914	8	1155
1914	9	136
1914	10	409
1914	11	741
1914	12	636
1915	1	1092
1915	2	1215
1915	3	44
1915	4	847
1915	5	462
1915	6	479
1915	7	2420
1915	8	1080
1915	9	287
1915	10	720
1915	11	902
1915	12	1013
1916	1	554
1916	2	1180
1916	3	632
1916	4	1208
1916	5	1643
1916	6	1182
1916	7	851
1916	8	683
1916	9	760
1916	10	627
1916	11	1046
1916	12	1131
1917	1	1051
1917	2	528
1917	3	1127
1917	4	849
1917	5	734
1917	6	2834
1917	7	1103
1917	8	1131
1917	9	158
1917	10	1703
1917	11	279
1917	12	1069
1918	1	809
1918	2	620
1918	3	344
1918	4	651
1918	5	648
1918	6	972
1918	7	1742
1918	8	1258
1918	9	1956
1918	10	836
1918	11	980
1918	12	1072
1919	1	913
1919	2	458
1919	3	1198
1919	4	605
1919	5	1213
1919	6	236
1919	7	725
1919	8	494
1919	9	1182
1919	10	1101
1919	11	1496
1919	12	500
1920	1	437
1920	2	1921
1920	3	1473
1920	4	1778
1920	5	519
1920	6	557
1920	7	909
1920	8	689
1920	9	2354
1920	10	586
1920	11	1104
1920	12	1916
1921	1	494
1921	2	971
1921	3	921
1921	4	905
1921	5	475
1921	6	627
1921	7	427
1921	8	605
1921	9	592
1921	10	663
1921	11	1513
1921	12	713
1922	1	666
1922	2	908
1922	3	1169
1922	4	998
1922	5	1446
1922	6	2212
1922	7	845
1922	8	763
1922	9	511
1922	10	571
1922	11	498
1922	12	940
1923	1	1588
1923	2	338
1923	3	998
1923	4	1787
1923	5	512
1923	6	618
1923	7	1046
1923	8	249
1923	9	781
1923	10	1019
1923	11	876
1923	12	832
1924	1	1102
1924	2	732
1924	3	191
1924	4	1364
1924	5	1554
1924	6	308
1924	7	658
1924	8	1335
1924	9	1476
1924	10	36
1924	11	613
1924	12	587
1925	1	843
1925	2	1150
1925	3	1825
1925	4	474
1925	5	386
1925	6	1276
1925	7	1166
1925	8	158
1925	9	1232
1925	10	1357
1925	11	856
1925	12	835
1926	1	800
1926	2	887
1926	3	685
1926	4	819
1926	5	172
1926	6	618
1926	7	690
1926	8	490
1926	9	742
1926	10	1135
1926	11	1124
1926	12	807
1927	1	781
1927	2	1160
1927	3	350
1927	4	191
1927	5	1358
1927	6	609
1927	7	788
1927	8	979
1927	9	285
1927	10	1271
1927	11	972
1927	12	1036
1928	1	935
1928	2	671
1928	3	755
1928	4	1079
1928	5	1238
1928	6	722
1928	7	871
1928	8	976
1928	9	1354
1928	10	385
1928	11	432
1928	12	1140
1929	1	921
1929	2	772
1929	3	803
1929	4	1312
1929	5	704
1929	6	690
1929	7	292
1929	8	709
1929	9	689
1929	10	662
1929	11	794
1929	12	1027
1930	1	685
1930	2	547
1930	3	1728
1930	4	521
1930	5	1185
1930	6	748
1930	7	815
1930	8	1215
1930	9	374
1930	10	1003
1930	11	906
1930	12	290
1931	1	709
1931	2	582
1931	3	1106
1931	4	863
1931	5	950
1931	6	1352
1931	7	384
1931	8	886
1931	9	683
1931	10	1303
1931	11	266
1931	12	738
1932	1	1207
1932	2	511
1932	3	754
1932	4	697
1932	5	315
1932	6	245
1932	7	775
1932	8	1019
1932	9	1737
1932	10	507
1932	11	1278
1932	12	387
1933	1	628
1933	2	753
1933	3	1146
1933	4	1452
1933	5	369
1933	6	400
1933	7	1116
1933	8	1071
1933	9	1034
1933	10	1506
1933	11	443
1933	12	858
1934	1	653
1934	2	849
1934	3	681
1934	4	1371
1934	5	447
1934	6	662
1934	7	1533
1934	8	271
1934	9	2483
1934	10	515
1934	11	516
1934	12	699
1935	1	2221
1935	2	583
1935	3	422
1935	4	629
1935	5	337
1935	6	1471
1935	7	1030
1935	8	676
1935	9	1426
1935	10	179
1935	11	1287
1935	12	527
1936	1	2206
1936	2	894
1936	3	2591
1936	4	1072
1936	5	567
1936	6	505
1936	7	547
1936	8	455
1936	9	799
1936	10	1120
1936	11	483
1936	12	1994
1937	1	929
1937	2	1154
1937	3	1365
1937	4	1286
1937	5	1755
1937	6	1076
1937	7	327
1937	8	493
1937	9	613
1937	10	1642
1937	11	1615
1937	12	978
1938	1	1196
1938	2	653
1938	3	716
1938	4	586
1938	5	906
1938	6	708
1938	7	1863
1938	8	382
1938	9	1156
1938	10	686
1938	11	650
1938	12	1404
1939	1	681
1939	2	767
1939	3	1118
1939	4	1130
1939	5	223
1939	6	566
1939	7	816
1939	8	854
1939	9	755
1939	10	949
1939	11	145
1939	12	1076
1940	1	753
1940	2	725
1940	3	1199
1940	4	1949
1940	5	845
1940	6	766
1940	7	1112
1940	8	457
1940	9	1154
1940	10	63
1940	11	1440
1940	12	799
1941	1	557
1941	2	613
1941	3	642
1941	4	107
1941	5	505
1941	6	200
1941	7	1009
1941	8	437
1941	9	242
1941	10	739
1941	11	722
1941	12	743
1942	1	657
1942	2	857
1942	3	1427
1942	4	744
1942	5	362
1942	6	1662
1942	7	742
1942	8	276
1942	9	718
1942	10	561
1942	11	1075
1942	12	1359
1943	1	516
1943	2	727
1943	3	672
1943	4	792
1943	5	1616
1943	6	790
1943	7	1026
1943	8	1178
1943	9	416
1943	10	1920
1943	11	1859
1943	12	271
1944	1	682
1944	2	1002
1944	3	1082
1944	4	906
1944	5	146
1944	6	1335
1944	7	1014
1944	8	364
1944	9	1597
1944	10	1105
1944	11	1970
1944	12	910
1945	1	1237
1945	2	917
1945	3	542
1945	4	919
1945	5	1893
1945	6	1369
1945	7	618
1945	8	623
1945	9	633
1945	10	1458
1945	11	1525
1945	12	1222
1946	1	853
1946	2	813
1946	3	257
1946	4	709
1946	5	777
1946	6	404
1946	7	1166
1946	8	1854
1946	9	1182
1946	10	417
1946	11	632
1946	12	1198
1947	1	1054
1947	2	919
1947	3	787
1947	4	431
1947	5	1192
1947	6	1034
1947	7	1496
1947	8	179
1947	9	698
1947	10	20
1947	11	1163
1947	12	570
1948	1	866
1948	2	402
1948	3	643
1948	4	770
1948	5	1661
1948	6	987
1948	7	381
1948	8	518
1948	9	232
1948	10	826
1948	11	1722
1948	12	1326
1949	1	1080
1949	2	680
1949	3	603
1949	4	1146
1949	5	765
1949	6	386
1949	7	288
1949	8	498
1949	9	1033
1949	10	634
1949	11	1118
1949	12	478
1950	1	1265
1950	2	823
1950	3	1640
1950	4	837
1950	5	215
1950	6	798
1950	7	236
1950	8	689
1950	9	366
1950	10	724
1950	11	1631
1950	12	1346
1951	1	698
1951	2	1057
1951	3	1637
1951	4	1708
1951	5	483
1951	6	520
1951	7	1818
1951	8	966
1951	9	790
1951	10	1196
1951	11	1996
1951	12	1691
1952	1	1512
1952	2	1622
1952	3	889
1952	4	986
1952	5	1417
1952	6	1041
1952	7	289
1952	8	489
1952	9	863
1952	10	609
1952	11	615
1952	12	1535
1953	1	1387
1953	2	945
1953	3	2828
1953	4	1405
1953	5	923
1953	6	203
1953	7	890
1953	8	881
1953	9	578
1953	10	1027
1953	11	1009
1953	12	1127
1954	1	827
1954	2	972
1954	3	1253
1954	4	1028
1954	5	1631
1954	6	1482
1954	7	1002
1954	8	1260
1954	9	2654
1954	10	750
1954	11	1363
1954	12	1132
1955	1	310
1955	2	1507
1955	3	1047
1955	4	513
1955	5	691
1955	6	841
1955	7	406
1955	8	1666
1955	9	295
1955	10	1214
1955	11	951
1955	12	340
1956	1	1460
1956	2	881
1956	3	1376
1956	4	1037
1956	5	694
1956	6	595
1956	7	1008
1956	8	755
1956	9	934
1956	10	699
1956	11	839
1956	12	1102
1957	1	550
1957	2	328
1957	3	427
1957	4	569
1957	5	742
1957	6	796
1957	7	778
1957	8	221
1957	9	346
1957	10	396
1957	11	1695
1957	12	1394
1958	1	2209
1958	2	677
1958	3	709
1958	4	1334
1958	5	566
1958	6	554
1958	7	908
1958	8	555
1958	9	684
1958	10	1247
1958	11	1115
1958	12	423
1959	1	864
1959	2	659
1959	3	1084
1959	4	593
1959	5	219
1959	6	1337
1959	7	323
1959	8	693
1959	9	578
1959	10	1671
1959	11	1612
1959	12	1142
1960	1	796
1960	2	1636
1960	3	701
1960	4	859
1960	5	2125
1960	6	562
1960	7	787
1960	8	405
1960	9	1120
1960	10	1092
1960	11	1139
1960	12	1044
1961	1	404
1961	2	800
1961	3	849
1961	4	1406
1961	5	791
1961	6	801
1961	7	880
1961	8	409
1961	9	996
1961	10	539
1961	11	1577
1961	12	793
1962	1	785
1962	2	643
1962	3	475
1962	4	1135
1962	5	712
1962	6	356
1962	7	715
1962	8	1160
1962	9	776
1962	10	1867
1962	11	1382
1962	12	1175
1963	1	784
1963	2	887
1963	3	775
1963	4	736
1963	5	827
1963	6	259
1963	7	313
1963	8	1450
1963	9	442
1963	10	608
1963	11	2883
1963	12	542
1964	1	1137
1964	2	603
1964	3	1010
1964	4	883
1964	5	332
1964	6	401
1964	7	1176
1964	8	953
1964	9	326
1964	10	702
1964	11	1137
1964	12	1019
1965	1	376
1965	2	1421
1965	3	173
1965	4	725
1965	5	192
1965	6	548
1965	7	355
1965	8	585
1965	9	485
1965	10	968
1965	11	1197
1965	12	504
1966	1	1231
1966	2	842
1966	3	971
1966	4	330
1966	5	746
1966	6	1415
1966	7	531
1966	8	1013
1966	9	1002
1966	10	977
1966	11	1759
1966	12	815
1967	1	492
1967	2	1183
1967	3	387
1967	4	1152
1967	5	971
1967	6	1122
1967	7	961
1967	8	565
1967	9	785
1967	10	403
1967	11	725
1967	12	1463
1968	1	728
1968	2	386
1968	3	997
1968	4	1019
1968	5	1023
1968	6	1143
1968	7	493
1968	8	513
1968	9	583
1968	10	764
1968	11	1827
1968	12	1702
1969	1	991
1969	2	1966
1969	3	828
1969	4	924
1969	5	628
1969	6	1076
1969	7	791
1969	8	954
1969	9	1144
1969	10	447
1969	11	2178
1969	12	2674
1970	1	192
1970	2	1334
1970	3	1017
1970	4	996
1970	5	729
1970	6	599
1970	7	772
1970	8	608
1970	9	804
1970	10	1136
1970	11	771
1970	12	1144
1971	1	582
1971	2	1424
1971	3	900
1971	4	477
1971	5	975
1971	6	712
1971	7	1163
1971	8	911
1971	9	857
1971	10	772
1971	11	766
1971	12	805
1972	1	584
1972	2	1236
1972	3	1613
1972	4	788
1972	5	912
1972	6	1557
1972	7	971
1972	8	482
1972	9	1007
1972	10	1051
1972	11	1404
1972	12	1794
1973	1	941
1973	2	791
1973	3	867
1973	4	1807
1973	5	1537
1973	6	1616
1973	7	1386
1973	8	823
1973	9	672
1973	10	900
1973	11	697
1973	12	3194
1974	1	963
1974	2	707
1974	3	1319
1974	4	1320
1974	5	1291
1974	6	1217
1974	7	972
1974	8	761
1974	9	979
1974	10	486
1974	11	1407
1974	12	932
1975	1	982
1975	2	630
1975	3	1192
1975	4	740
1975	5	190
1975	6	1247
1975	7	815
1975	8	1093
1975	9	991
1975	10	1085
1975	11	1270
1975	12	1476
1976	1	1304
1976	2	1000
1976	3	831
1976	4	708
1976	5	1187
1976	6	1015
1976	7	1577
1976	8	1247
1976	9	419
1976	10	1612
1976	11	296
1976	12	889
1977	1	1172
1977	2	962
1977	3	2095
1977	4	860
1977	5	431
1977	6	1068
1977	7	584
1977	8	1524
1977	9	1491
1977	10	2064
1977	11	1178
1977	12	1756
1978	1	1901
1978	2	282
1978	3	1149
1978	4	832
1978	5	830
1978	6	1019
1978	7	295
1978	8	447
1978	9	142
1978	10	824
1978	11	725
1978	12	1175
1979	1	2634
1979	2	796
1979	3	1169
1979	4	1604
1979	5	1569
1979	6	173
1979	7	940
1979	8	1315
1979	9	895
1979	10	1459
1979	11	1010
1979	12	480
1980	1	132
1980	2	206
1980	3	1015
1980	4	1621
1980	5	238
1980	6	570
1980	7	1020
1980	8	569
1980	9	814
1980	10	979
1980	11	1251
1980	12	298
1981	1	234
1981	2	1245
1981	3	405
1981	4	783
1981	5	663
1981	6	705
1981	7	1491
1981	8	831
1981	9	1602
1981	10	1732
1981	11	718
1981	12	1138
1982	1	990
1982	2	778
1982	3	931
1982	4	1324
1982	5	365
1982	6	1970
1982	7	719
1982	8	715
1982	9	418
1982	10	409
1982	11	913
1982	12	374
1983	1	1053
1983	2	681
1983	3	3039
1983	4	1782
1983	5	1486
1983	6	297
1983	7	1004
1983	8	1073
1983	9	229
1983	10	969
1983	11	2947
1983	12	2183
1984	1	609
1984	2	1204
1984	3	1369
1984	4	1505
1984	5	2899
1984	6	1343
1984	7	757
1984	8	284
1984	9	577
1984	10	721
1984	11	728
1984	12	931
1985	1	399
1985	2	1052
1985	3	924
1985	4	404
1985	5	438
1985	6	682
1985	7	1162
1985	8	466
1985	9	932
1985	10	874
1985	11	1327
1985	12	605
1986	1	1627
1986	2	562
1986	3	1226
1986	4	840
1986	5	1012
1986	6	724
1986	7	938
1986	8	820
1986	9	669
1986	10	337
1986	11	1011
1986	12	1199
1987	1	1016
1987	2	28
1987	3	1590
1987	4	1127
1987	5	590
1987	6	1107
1987	7	327
1987	8	587
1987	9	1210
1987	10	835
1987	11	1036
1987	12	588
1988	1	560
1988	2	846
1988	3	295
1988	4	1277
1988	5	691
1988	6	587
1988	7	1721
1988	8	895
1988	9	346
1988	10	882
1988	11	1942
1988	12	336
1989	1	459
1989	2	725
1989	3	925
1989	4	778
1989	5	2205
1989	6	1151
1989	7	135
1989	8	383
1989	9	848
1989	10	1362
1989	11	958
1989	12	582
1990	1	877
1990	2	738
1990	3	468
1990	4	1033
1990	5	1399
1990	6	1546
1990	7	1127
1990	8	679
1990	9	613
1990	10	1716
1990	11	1182
1990	12	1755
1991	1	613
1991	2	353
1991	3	1454
1991	4	941
1991	5	923
1991	6	357
1991	7	656
1991	8	2746
1991	9	1200
1991	10	720
1991	11	610
1991	12	866
1992	1	874
1992	2	664
1992	3	1415
1992	4	605
1992	5	191
1992	6	1163
1992	7	814
1992	8	601
1992	9	685
1992	10	612
1992	11	1050
1992	12	395
1993	1	630
1993	2	904
1993	3	1334
1993	4	1427
1993	5	165
1993	6	801
1993	7	536
1993	8	554
1993	9	900
1993	10	925
1993	11	932
1993	12	1200
1994	1	1253
1994	2	422
1994	3	1467
1994	4	1030
1994	5	1114
1994	6	501
1994	7	685
1994	8	757
1994	9	1547
1994	10	191
1994	11	1002
1994	12	851
1995	1	1063
1995	2	668
1995	3	664
1995	4	550
1995	5	900
1995	6	554
1995	7	915
1995	8	348
1995	9	575
1995	10	1750
1995	11	1582
1995	12	854
1996	1	1311
1996	2	747
1996	3	622
1996	4	1791
1996	5	1118
1996	6	719
1996	7	1856
1996	8	106
1996	9	875
1996	10	1527
1996	11	462
1996	12	1959
1997	1	1014
1997	2	511
1997	3	975
1997	4	1142
1997	5	703
1997	6	889
1997	7	707
1997	8	632
1997	9	954
1997	10	310
1997	11	1391
1997	12	407
1998	1	1102
1998	2	869
1998	3	989
1998	4	738
1998	5	873
1998	6	2818
1998	7	383
1998	8	452
1998	9	361
1998	10	2076
1998	11	755
1998	12	443
1999	1	1790
1999	2	1055
1999	3	1282
1999	4	122
1999	5	850
1999	6	204
1999	7	801
1999	8	744
1999	9	3358
1999	10	994
1999	11	656
1999	12	571
2000	1	803
2000	2	805
2000	3	1034
2000	4	1320
2000	5	1213
2000	6	763
2000	7	1208
2000	8	394
2000	9	334
2000	10	893
2000	11	935
2000	12	1393
2001	1	382
2001	2	779
2001	3	1888
2001	4	292
2001	5	255
2001	6	1112
2001	7	694
2001	8	56
2001	9	881
2001	10	365
2001	11	939
2001	12	617
2002	1	704
2002	2	955
2002	3	996
2002	4	1333
2002	5	1030
2002	6	1225
2002	7	445
2002	8	226
2002	9	1306
2002	10	864
2002	11	1096
2002	12	1153
2003	1	349
2003	2	618
2003	3	710
2003	4	579
2003	5	763
2003	6	428
2003	7	516
2003	8	965
2003	9	1297
2003	10	1705
2003	11	898
2003	12	1339
2004	1	84
2004	2	454
2004	3	230
2004	4	1073
2004	5	1089
2004	6	407
2004	7	1018
2004	8	1374
2004	9	588
2004	10	439
2004	11	901
2004	12	1001
2005	1	496
2005	2	875
2005	3	802
2005	4	2223
2005	5	1570
2005	6	707
2005	7	602
2005	8	622
2005	9	609
2005	10	3325
2005	11	1292
2005	12	1256
2006	1	989
2006	2	570
2006	3	224
2006	4	395
2006	5	1751
2006	6	2547
2006	7	1156
2006	8	706
2006	9	874
2006	10	2039
2006	11	1243
2006	12	791
2007	1	523
2007	2	458
2007	3	1011
2007	4	2444
2007	5	581
2007	6	533
2007	7	413
2007	8	599
2007	9	854
2007	10	1330
2007	11	1259
2007	12	1014
2008	1	679
2008	2	1829
2008	3	1068
2008	4	1199
2008	5	193
2008	6	929
2008	7	938
2008	8	2250
2008	9	2244
2008	10	787
2008	11	1488
2008	12	1120
2009	1	592
2009	2	552
2009	3	727
2009	4	1124
2009	5	758
2009	6	2158
2009	7	2289
2009	8	1250
2009	9	262
2009	10	1095
2009	11	1319
2009	12	1436
2010	1	844
2010	2	1450
2010	3	1528
2010	4	521
2010	5	361
2010	6	1033
2010	7	743
2010	8	598
2010	9	977
2010	10	1699
2010	11	1062
2010	12	1377
2011	1	608
2011	2	726
2011	3	1078
2011	4	1386
2011	5	960
2011	6	758
2011	7	558
2011	8	1271
2011	9	1148
2011	10	1309
2011	11	991
2011	12	862
2012	1	850
2012	2	284
2012	3	601
2012	4	1060
2012	5	1341
2012	6	1628
2012	7	606
2012	8	847
2012	9	1267
2012	10	1220
2012	11	194
2012	12	1275
2013	1	379
2013	2	952
2013	3	676
2013	4	581
2013	5	1188
2013	6	1394
2013	7	1123
2013	8	642
2013	9	1358
2013	10	320
2013	11	943
2013	12	932
2014	1	851
2014	2	879
2014	3	994
2014	4	750
2014	5	932
2014	6	1088
2014	7	1476
2014	8	769
2014	9	343
2014	10	1439
2014	11	790
2014	12	1276
2015	1	1013
2015	2	474
2015	3	345
2015	4	1079
2015	5	250
2015	6	1513
2015	7	618
2015	8	637
2015	9	1327
2015	10	765
