1878	1	142
1878	2	315
1878	3	188
1878	4	244
1878	5	218
1878	6	0
1878	7	0
1878	8	117
1878	9	53
1878	10	0
1878	11	130
1878	12	36
1879	1	165
1879	2	3
1879	3	0
1879	4	91
1879	5	0
1879	6	0
1879	7	13
1879	8	15
1879	9	8
1879	10	25
1879	11	424
1879	12	757
1880	1	112
1880	2	122
1880	3	0
1880	4	0
1880	5	0
1880	6	30
1880	7	0
1880	8	13
1880	9	13
1880	10	135
1880	11	76
1880	12	457
1881	1	127
1881	2	76
1881	3	127
1881	4	229
1881	5	102
1881	6	25
1881	7	229
1881	8	533
1881	9	127
1881	10	203
1881	11	305
1881	12	25
1882	1	152
1882	2	127
1882	3	76
1882	4	203
1882	5	76
1882	6	457
1882	7	152
1882	8	279
1882	9	127
1882	10	178
1882	11	203
1882	12	51
1883	1	102
1883	2	127
1883	3	178
1883	4	203
1883	5	203
1883	6	51
1883	7	381
1883	8	102
1883	9	102
1883	10	356
1883	11	178
1883	12	305
1884	1	102
1884	2	559
1884	3	508
1884	4	584
1884	5	305
1884	6	203
1884	7	76
1884	8	203
1884	9	203
1884	10	279
1884	11	0
1884	12	965
1885	1	102
1885	2	229
1885	3	76
1885	4	483
1885	5	279
1885	6	229
1885	7	102
1885	8	356
1885	9	76
1885	10	76
1885	11	381
1885	12	127
1886	1	254
1886	2	102
1886	3	178
1886	4	229
1886	5	51
1886	6	25
1886	7	102
1886	8	483
1886	9	102
1886	10	152
1886	11	203
1886	12	25
1887	1	76
1887	2	356
1887	3	127
1887	4	229
1887	5	51
1887	6	152
1887	7	533
1887	8	457
1887	9	305
1887	10	152
1887	11	127
1887	12	178
1888	1	254
1888	2	305
1888	3	457
1888	4	127
1888	5	152
1888	6	0
1888	7	152
1888	8	381
1888	9	51
1888	10	178
1888	11	686
1888	12	737
1889	1	610
1889	2	102
1889	3	457
1889	4	178
1889	5	178
1889	6	13
1889	7	84
1889	8	0
1889	9	320
1889	10	208
1889	11	0
1889	12	1041
1890	1	754
1890	2	267
1890	3	373
1890	4	264
1890	5	0
1890	6	0
1890	7	0
1890	8	38
1890	9	305
1890	10	0
1890	11	315
1890	12	140
1891	1	0
1891	2	546
1891	3	25
1891	4	0
1891	5	559
1891	6	0
1891	7	292
1891	8	203
1891	9	406
1891	10	0
1891	11	0
1891	12	102
1892	1	325
1892	2	254
1892	3	208
1892	4	38
1892	5	51
1892	6	0
1892	7	28
1892	8	30
1892	9	0
1892	10	122
1892	11	0
1892	12	203
1893	1	196
1893	2	305
1893	3	422
1893	4	38
1893	5	28
1893	6	0
1893	7	206
1893	8	155
1893	9	0
1893	10	23
1893	11	13
1893	12	325
1894	1	53
1894	2	101
1894	3	45
1894	4	3
1894	5	0
1894	6	0
1894	7	66
1894	8	124
1894	9	10
1894	10	16
1894	11	0
1894	12	483
1895	1	506
1895	2	308
1895	3	214
1895	4	81
1895	5	138
1895	6	10
1895	7	15
1895	8	0
1895	9	5
1895	10	30
1895	11	257
1895	12	89
1896	1	102
1896	2	25
1896	3	38
1896	4	8
1896	5	180
1896	6	0
1896	7	757
1896	8	658
1896	9	30
1896	10	28
1896	11	66
1896	12	51
1897	1	676
1897	2	598
1897	3	267
1897	4	20
1897	5	38
1897	6	0
1897	7	71
1897	8	115
1897	9	254
1897	10	308
1897	11	33
1897	12	114
1898	1	293
1898	2	142
1898	3	112
1898	4	152
1898	5	237
1898	6	99
1898	7	13
1898	8	189
1898	9	0
1898	10	0
1898	11	0
1898	12	30
1899	1	82
1899	2	0
1899	3	74
1899	4	61
1899	5	13
1899	6	71
1899	7	13
1899	8	745
1899	9	0
1899	10	114
1899	11	58
1899	12	84
1900	1	13
1900	2	0
1900	3	69
1900	4	527
1900	5	117
1900	6	51
1900	7	41
1900	8	130
1900	9	74
1900	10	138
1900	11	228
1900	12	0
1901	1	191
1901	2	691
1901	3	21
1901	4	3
1901	5	46
1901	6	0
1901	7	122
1901	8	430
1901	9	0
1901	10	268
1901	11	0
1901	12	0
1902	1	186
1902	2	195
1902	3	342
1902	4	91
1902	5	59
1902	6	8
1902	7	462
1902	8	312
1902	9	74
1902	10	25
1902	11	379
1902	12	99
1903	1	69
1903	2	66
1903	3	252
1903	4	153
1903	5	81
1903	6	0
1903	7	381
1903	8	127
1903	9	487
1903	10	473
1903	11	0
1903	12	18
1904	1	0
1904	2	338
1904	3	145
1904	4	5
1904	5	89
1904	6	5
1904	7	150
1904	8	382
1904	9	85
1904	10	48
1904	11	0
1904	12	43
1905	1	407
1905	2	604
1905	3	401
1905	4	86
1905	5	283
1905	6	0
1905	7	313
1905	8	194
1905	9	825
1905	10	140
1905	11	292
1905	12	94
1906	1	168
1906	2	181
1906	3	636
1906	4	229
1906	5	99
1906	6	0
1906	7	181
1906	8	265
1906	9	127
1906	10	0
1906	11	307
1906	12	622
1907	1	617
1907	2	193
1907	3	224
1907	4	209
1907	5	111
1907	6	13
1907	7	0
1907	8	127
1907	9	84
1907	10	532
1907	11	0
1907	12	43
1908	1	467
1908	2	391
1908	3	182
1908	4	92
1908	5	155
1908	6	0
1908	7	203
1908	8	422
1908	9	231
1908	10	170
1908	11	25
1908	12	325
1909	1	330
1909	2	394
1909	3	295
1909	4	56
1909	5	94
1909	6	0
1909	7	762
1909	8	691
1909	9	592
1909	10	0
1909	11	488
1909	12	490
1910	1	124
1910	2	8
1910	3	275
1910	4	0
1910	5	0
1910	6	152
1910	7	437
1910	8	66
1910	9	305
1910	10	231
1910	11	264
1910	12	218
1911	1	373
1911	2	315
1911	3	155
1911	4	33
1911	5	0
1911	6	66
1911	7	511
1911	8	20
1911	9	445
1911	10	58
1911	11	5
1911	12	183
1912	1	5
1912	2	0
1912	3	551
1912	4	122
1912	5	56
1912	6	183
1912	7	409
1912	8	248
1912	9	0
1912	10	1377
1912	11	53
1912	12	23
1913	1	8
1913	2	496
1913	3	86
1913	4	48
1913	5	13
1913	6	15
1913	7	394
1913	8	224
1913	9	273
1913	10	0
1913	11	538
1913	12	107
1914	1	597
1914	2	254
1914	3	56
1914	4	257
1914	5	0
1914	6	137
1914	7	301
1914	8	28
1914	9	109
1914	10	51
1914	11	0
1914	12	177
1915	1	693
1915	2	287
1915	3	150
1915	4	690
1915	5	226
1915	6	0
1915	7	117
1915	8	41
1915	9	216
1915	10	10
1915	11	170
1915	12	445
1916	1	711
1916	2	203
1916	3	241
1916	4	229
1916	5	152
1916	6	0
1916	7	438
1916	8	155
1916	9	378
1916	10	378
1916	11	0
1916	12	28
1917	1	91
1917	2	284
1917	3	41
1917	4	449
1917	5	366
1917	6	0
1917	7	333
1917	8	216
1917	9	102
1917	10	0
1917	11	43
1917	12	0
1918	1	127
1918	2	168
1918	3	650
1918	4	0
1918	5	13
1918	6	0
1918	7	262
1918	8	215
1918	9	455
1918	10	79
1918	11	41
1918	12	211
1919	1	102
1919	2	279
1919	3	61
1919	4	147
1919	5	112
1919	6	0
1919	7	381
1919	8	84
1919	9	211
1919	10	142
1919	11	152
1919	12	112
1920	1	368
1920	2	658
1920	3	470
1920	4	64
1920	5	132
1920	6	107
1920	7	40
1920	8	254
1920	9	8
1920	10	701
1920	11	8
1920	12	119
1921	1	488
1921	2	8
1921	3	178
1921	4	46
1921	5	124
1921	6	15
1921	7	46
1921	8	445
1921	9	38
1921	10	292
1921	11	64
1921	12	805
1922	1	318
1922	2	148
1922	3	138
1922	4	152
1922	5	163
1922	6	0
1922	7	160
1922	8	312
1922	9	0
1922	10	264
1922	11	164
1922	12	153
1923	1	177
1923	2	104
1923	3	229
1923	4	178
1923	5	0
1923	6	41
1923	7	79
1923	8	196
1923	9	117
1923	10	41
1923	11	269
1923	12	125
1924	1	36
1924	2	0
1924	3	241
1924	4	69
1924	5	36
1924	6	0
1924	7	54
1924	8	64
1924	9	127
1924	10	61
1924	11	10
1924	12	422
1925	1	51
1925	2	71
1925	3	188
1925	4	223
1925	5	0
1925	6	434
1925	7	116
1925	8	766
1925	9	69
1925	10	449
1925	11	84
1925	12	96
1926	1	28
1926	2	331
1926	3	196
1926	4	502
1926	5	127
1926	6	0
1926	7	91
1926	8	65
1926	9	76
1926	10	13
1926	11	163
1926	12	310
1927	1	166
1927	2	622
1927	3	380
1927	4	80
1927	5	0
1927	6	124
1927	7	333
1927	8	357
1927	9	100
1927	10	328
1927	11	166
1927	12	249
1928	1	45
1928	2	432
1928	3	153
1928	4	3
1928	5	109
1928	6	5
1928	7	89
1928	8	82
1928	9	102
1928	10	89
1928	11	201
1928	12	232
1929	1	291
1929	2	317
1929	3	38
1929	4	130
1929	5	0
1929	6	0
1929	7	53
1929	8	320
1929	9	241
1929	10	0
1929	11	0
1929	12	0
1930	1	534
1930	2	204
1930	3	46
1930	4	89
1930	5	397
1930	6	122
1930	7	129
1930	8	387
1930	9	64
1930	10	457
1930	11	188
1930	12	0
1931	1	216
1931	2	474
1931	3	40
1931	4	108
1931	5	222
1931	6	102
1931	7	43
1931	8	295
1931	9	28
1931	10	198
1931	11	649
1931	12	496
1932	1	137
1932	2	916
1932	3	25
1932	4	215
1932	5	166
1932	6	444
1932	7	321
1932	8	236
1932	9	204
1932	10	26
1932	11	0
1932	12	350
1933	1	449
1933	2	20
1933	3	20
1933	4	81
1933	5	54
1933	6	0
1933	7	108
1933	8	162
1933	9	33
1933	10	77
1933	11	239
1933	12	442
1934	1	178
1934	2	211
1934	3	23
1934	4	46
1934	5	0
1934	6	105
1934	7	71
1934	8	101
1934	9	102
1934	10	73
1934	11	142
1934	12	318
1935	1	318
1935	2	363
1935	3	572
1935	4	229
1935	5	166
1935	6	0
1935	7	13
1935	8	273
1935	9	74
1935	10	20
1935	11	243
1935	12	157
1936	1	30
1936	2	474
1936	3	221
1936	4	24
1936	5	53
1936	6	54
1936	7	441
1936	8	152
1936	9	13
1936	10	449
1936	11	74
1936	12	477
1937	1	468
1937	2	279
1937	3	337
1937	4	0
1937	5	0
1937	6	0
1937	7	145
1937	8	23
1937	9	323
1937	10	56
1937	11	0
1937	12	294
1938	1	235
1938	2	250
1938	3	543
1938	4	61
1938	5	205
1938	6	30
1938	7	54
1938	8	38
1938	9	38
1938	10	94
1938	11	43
1938	12	185
1939	1	434
1939	2	209
1939	3	127
1939	4	64
1939	5	18
1939	6	0
1939	7	163
1939	8	145
1939	9	1058
1939	10	135
1939	11	79
1939	12	10
1940	1	387
1940	2	486
1940	3	3
1940	4	216
1940	5	25
1940	6	13
1940	7	15
1940	8	218
1940	9	462
1940	10	84
1940	11	129
1940	12	721
1941	1	341
1941	2	579
1941	3	371
1941	4	404
1941	5	30
1941	6	71
1941	7	423
1941	8	110
1941	9	163
1941	10	582
1941	11	145
1941	12	436
1942	1	198
1942	2	147
1942	3	312
1942	4	247
1942	5	23
1942	6	0
1942	7	8
1942	8	120
1942	9	5
1942	10	261
1942	11	40
1942	12	262
1943	1	689
1943	2	218
1943	3	617
1943	4	194
1943	5	38
1943	6	0
1943	7	13
1943	8	150
1943	9	155
1943	10	56
1943	11	28
1943	12	294
1944	1	236
1944	2	414
1944	3	323
1944	4	211
1944	5	61
1944	6	10
1944	7	0
1944	8	0
1944	9	0
1944	10	81
1944	11	404
1944	12	52
1945	1	216
1945	2	155
1945	3	439
1945	4	5
1945	5	30
1945	6	0
1945	7	138
1945	8	395
1945	9	18
1945	10	366
1945	11	20
1945	12	220
1946	1	120
1946	2	38
1946	3	160
1946	4	58
1946	5	48
1946	6	0
1946	7	97
1946	8	186
1946	9	15
1946	10	545
1946	11	561
1946	12	331
1947	1	11
1947	2	38
1947	3	0
1947	4	56
1947	5	283
1947	6	38
1947	7	112
1947	8	230
1947	9	5
1947	10	178
1947	11	46
1947	12	434
1948	1	3
1948	2	300
1948	3	254
1948	4	101
1948	5	0
1948	6	112
1948	7	43
1948	8	10
1948	9	155
1948	10	176
1948	11	0
1948	12	156
1949	1	291
1949	2	205
1949	3	106
1949	4	137
1949	5	269
1949	6	132
1949	7	84
1949	8	54
1949	9	249
1949	10	150
1949	11	140
1949	12	323
1950	1	152
1950	2	117
1950	3	94
1950	4	8
1950	5	18
1950	6	0
1950	7	262
1950	8	81
1950	9	218
1950	10	0
1950	11	0
1950	12	15
1951	1	122
1951	2	51
1951	3	111
1951	4	285
1951	5	237
1951	6	0
1951	7	225
1951	8	564
1951	9	274
1951	10	183
1951	11	147
1951	12	359
1952	1	261
1952	2	30
1952	3	512
1952	4	223
1952	5	0
1952	6	61
1952	7	246
1952	8	35
1952	9	224
1952	10	0
1952	11	142
1952	12	335
1953	1	18
1953	2	8
1953	3	193
1953	4	46
1953	5	0
1953	6	36
1953	7	312
1953	8	161
1953	9	0
1953	10	79
1953	11	13
1953	12	135
1954	1	335
1954	2	323
1954	3	434
1954	4	127
1954	5	128
1954	6	157
1954	7	147
1954	8	97
1954	9	192
1954	10	0
1954	11	110
1954	12	232
1955	1	272
1955	2	88
1955	3	36
1955	4	15
1955	5	0
1955	6	15
1955	7	409
1955	8	416
1955	9	46
1955	10	33
1955	11	96
1955	12	122
1956	1	164
1956	2	38
1956	3	0
1956	4	46
1956	5	132
1956	6	127
1956	7	321
1956	8	21
1956	9	0
1956	10	58
1956	11	0
1956	12	5
1957	1	531
1957	2	96
1957	3	68
1957	4	51
1957	5	350
1957	6	0
1957	7	186
1957	8	149
1957	9	0
1957	10	778
1957	11	236
1957	12	143
1958	1	137
1958	2	477
1958	3	906
1958	4	137
1958	5	406
1958	6	0
1958	7	20
1958	8	11
1958	9	253
1958	10	137
1958	11	196
1958	12	0
1959	1	61
1959	2	331
1959	3	8
1959	4	3
1959	5	8
1959	6	13
1959	7	41
1959	8	176
1959	9	19
1959	10	150
1959	11	122
1959	12	318
1960	1	276
1960	2	216
1960	3	102
1960	4	176
1960	5	31
1960	6	38
1960	7	48
1960	8	13
1960	9	285
1960	10	188
1960	11	287
1960	12	129
1961	1	201
1961	2	0
1961	3	328
1961	4	72
1961	5	28
1961	6	0
1961	7	219
1961	8	382
1961	9	28
1961	10	51
1961	11	212
1961	12	146
1962	1	170
1962	2	281
1962	3	138
1962	4	8
1962	5	27
1962	6	41
1962	7	15
1962	8	5
1962	9	137
1962	10	108
1962	11	76
1962	12	66
1963	1	211
1963	2	363
1963	3	167
1963	4	163
1963	5	3
1963	6	8
1963	7	38
1963	8	342
1963	9	345
1963	10	64
1963	11	150
1963	12	0
1964	1	79
1964	2	0
1964	3	206
1964	4	194
1964	5	203
1964	6	78
1964	7	266
1964	8	152
1964	9	3
1964	10	0
1964	11	121
1964	12	120
1965	1	66
1965	2	265
1965	3	255
1965	4	594
1965	5	155
1965	6	36
1965	7	53
1965	8	251
1965	9	77
1965	10	46
1965	11	542
1965	12	573
1966	1	142
1966	2	112
1966	3	5
1966	4	96
1966	5	33
1966	6	18
1966	7	110
1966	8	11
1966	9	120
1966	10	63
1966	11	165
1966	12	450
1967	1	371
1967	2	0
1967	3	36
1967	4	178
1967	5	49
1967	6	48
1967	7	58
1967	8	94
1967	9	514
1967	10	0
1967	11	619
1967	12	500
1968	1	51
1968	2	104
1968	3	129
1968	4	21
1968	5	144
1968	6	0
1968	7	394
1968	8	130
1968	9	0
1968	10	0
1968	11	30
1968	12	269
1969	1	687
1969	2	728
1969	3	167
1969	4	46
1969	5	129
1969	6	158
1969	7	59
1969	8	46
1969	9	135
1969	10	28
1969	11	198
1969	12	10
1970	1	110
1970	2	249
1970	3	337
1970	4	10
1970	5	0
1970	6	33
1970	7	281
1970	8	519
1970	9	36
1970	10	0
1970	11	315
1970	12	94
1971	1	94
1971	2	249
1971	3	10
1971	4	25
1971	5	448
1971	6	0
1971	7	92
1971	8	215
1971	9	0
1971	10	166
1971	11	130
1971	12	313
1972	1	0
1972	2	0
1972	3	0
1972	4	62
1972	5	0
1972	6	141
1972	7	0
1972	8	320
1972	9	524
1972	10	594
1972	11	400
1972	12	152
1973	1	414
1973	2	355
1973	3	582
1973	4	61
1973	5	81
1973	6	82
1973	7	81
1973	8	86
1973	9	0
1973	10	0
1973	11	171
1973	12	0
1974	1	447
1974	2	0
1974	3	103
1974	4	102
1974	5	0
1974	6	0
1974	7	155
1974	8	150
1974	9	20
1974	10	618
1974	11	267
1974	12	82
1975	1	104
1975	2	99
1975	3	421
1975	4	203
1975	5	317
1975	6	13
1975	7	38
1975	8	203
1975	9	15
1975	10	86
1975	11	0
1975	12	114
1976	1	0
1976	2	477
1976	3	23
1976	4	146
1976	5	39
1976	6	0
1976	7	172
1976	8	0
1976	9	145
1976	10	242
1976	11	49
1976	12	0
1977	1	135
1977	2	23
1977	3	79
1977	4	13
1977	5	501
1977	6	46
1977	7	18
1977	8	163
1977	9	140
1977	10	0
1977	11	61
1977	12	294
1978	1	633
1978	2	313
1978	3	1114
1978	4	264
1978	5	81
1978	6	0
1978	7	125
1978	8	5
1978	9	369
1978	10	196
1978	11	579
1978	12	340
1979	1	677
1979	2	368
1979	3	555
1979	4	18
1979	5	112
1979	6	5
1979	7	137
1979	8	208
1979	9	0
1979	10	0
1979	11	46
1979	12	53
1980	1	1094
1980	2	693
1980	3	308
1980	4	61
1980	5	66
1980	6	23
1980	7	322
1980	8	26
1980	9	94
1980	10	211
1980	11	23
1980	12	112
1981	1	127
1981	2	193
1981	3	803
1981	4	219
1981	5	25
1981	6	0
1981	7	346
1981	8	138
1981	9	152
1981	10	76
1981	11	64
1981	12	0
1982	1	302
1982	2	452
1982	3	387
1982	4	41
1982	5	28
1982	6	36
1982	7	61
1982	8	502
1982	9	265
1982	10	49
1982	11	620
1982	12	349
1983	1	295
1983	2	255
1983	3	842
1983	4	254
1983	5	39
1983	6	0
1983	7	154
1983	8	590
1983	9	254
1983	10	175
1983	11	286
1983	12	203
1984	1	28
1984	2	33
1984	3	224
1984	4	25
1984	5	5
1984	6	33
1984	7	285
1984	8	84
1984	9	11
1984	10	153
1984	11	183
1984	12	630
1985	1	376
1985	2	60
1985	3	227
1985	4	84
1985	5	28
1985	6	25
1985	7	287
1985	8	0
1985	9	227
1985	10	200
1985	11	298
1985	12	85
1986	1	50
1986	2	192
1986	3	328
1986	4	92
1986	5	10
1986	6	20
1986	7	176
1986	8	222
1986	9	221
1986	10	89
1986	11	138
1986	12	67
1987	1	331
1987	2	227
1987	3	237
1987	4	75
1987	5	83
1987	6	51
1987	7	346
1987	8	72
1987	9	76
1987	10	504
1987	11	318
1987	12	106
1988	1	337
1988	2	77
1988	3	66
1988	4	729
1988	5	23
1988	6	201
1988	7	97
1988	8	410
1988	9	41
1988	10	10
1988	11	148
1988	12	246
1989	1	254
1989	2	201
1989	3	110
1989	4	0
1989	5	125
1989	6	3
1989	7	49
1989	8	384
1989	9	0
1989	10	8
1989	11	5
1989	12	0
1990	1	105
1990	2	320
1990	3	64
1990	4	142
1990	5	41
1990	6	84
1990	7	26
1990	8	157
1990	9	201
1990	10	76
1990	11	28
1990	12	51
1991	1	190
1991	2	137
1991	3	399
1991	4	10
1991	5	11
1991	6	56
1991	7	25
1991	8	36
1991	9	71
1991	10	234
1991	11	118
1991	12	114
1992	1	184
1992	2	721
1992	3	434
1992	4	0
1992	5	191
1992	6	0
1992	7	48
1992	8	391
1992	9	0
1992	10	381
1992	11	0
1992	12	447
1993	1	1204
1993	2	683
1993	3	211
1993	4	23
1993	5	26
1993	6	23
1993	7	0
1993	8	193
1993	9	0
1993	10	231
1993	11	138
1993	12	87
1994	1	26
1994	2	412
1994	3	160
1994	4	369
1994	5	62
1994	6	13
1994	7	130
1994	8	117
1994	9	233
1994	10	211
1994	11	251
1994	12	286
1995	1	609
1995	2	194
1995	3	849
1995	4	265
1995	5	238
1995	6	165
1995	7	3
1995	8	71
1995	9	180
1995	10	0
1995	11	193
1995	12	38
1996	1	104
1996	2	189
1996	3	120
1996	4	28
1996	5	82
1996	6	0
1996	7	152
1996	8	15
1996	9	221
1996	10	197
1996	11	407
1996	12	136
1997	1	979
1997	2	155
1997	3	0
1997	4	91
1997	5	49
1997	6	18
1997	7	147
1997	8	417
1997	9	690
1997	10	36
1997	11	190
1997	12	86
1998	1	229
1998	2	790
1998	3	236
1998	4	284
1998	5	101
1998	6	145
1998	7	281
1998	8	196
1998	9	533
1998	10	420
1998	11	334
1998	12	0
1999	1	86
1999	2	125
1999	3	33
1999	4	217
1999	5	30
1999	6	341
1999	7	390
1999	8	107
1999	9	59
1999	10	3
1999	11	3
1999	12	10
2000	1	179
2000	2	478
2000	3	143
2000	4	23
2000	5	30
2000	6	0
2000	7	0
2000	8	402
2000	9	43
2000	10	433
2000	11	152
2000	12	3
2001	1	201
2001	2	297
2001	3	370
2001	4	219
2001	5	35
2001	6	3
2001	7	8
2001	8	94
2001	9	0
2001	10	74
2001	11	132
2001	12	201
2002	1	3
2002	2	15
2002	3	33
2002	4	0
2002	5	0
2002	6	3
2002	7	53
2002	8	0
2002	9	216
2002	10	73
2002	11	298
2002	12	115
2003	1	25
2003	2	531
2003	3	250
2003	4	140
2003	5	8
2003	6	0
2003	7	46
2003	8	15
2003	9	64
2003	10	0
2003	11	46
2003	12	178
2004	1	13
2004	2	767
2004	3	38
2004	4	330
2004	5	0
2004	6	0
2004	7	166
2004	8	77
2004	9	58
2004	10	572
2004	11	508
2004	12	374
2005	1	255
2005	2	634
2005	3	127
2005	4	567
2005	5	13
2005	6	0
2005	7	0
2005	8	64
2005	9	3
2005	10	0
2005	11	19
2005	12	0
2006	1	97
2006	2	5
2006	3	493
2006	4	23
2006	5	0
2006	6	8
2006	7	41
2006	8	13
2006	9	56
2006	10	479
2006	11	3
2006	12	0
2007	1	54
2007	2	131
2007	3	57
2007	4	173
2007	5	0
2007	6	0
2007	7	409
2007	8	0
2007	9	335
2007	10	0
2007	11	0
2007	12	739
2008	1	112
2008	2	335
2008	3	0
2008	4	0
2008	5	0
2008	6	13
2008	7	40
2008	8	41
2008	9	0
2008	10	119
2008	11	0
2008	12	222
2009	1	165
2009	2	148
2009	3	0
2009	4	8
2009	5	0
2009	6	1
2009	7	0
2009	8	0
2009	9	38
2009	10	0
2009	11	0
2009	12	285
2010	1	512
2010	2	76
2010	3	133
2010	4	0
2010	5	56
2010	6	66
2010	7	0
2010	8	51
2010	9	0
2010	10	422
2010	11	25
2010	12	874
2011	1	5
2011	2	0
2011	3	76
2011	4	54
2011	5	69
2011	6	0
2011	7	127
2011	8	0
2011	9	5
2011	10	145
2011	11	5
2011	12	68
2012	1	0
2012	2	393
2012	3	20
2012	4	0
2012	5	0
2012	6	0
2012	7	172
2012	8	446
2012	9	254
2012	10	455
2012	11	0
2012	12	109
2013	1	18
2013	2	91
2013	3	51
2013	4	59
2013	5	173
2013	6	0
2013	7	61
2013	8	197
2013	9	151
2013	10	80
2013	11	172
2013	12	102
2014	1	60
2014	2	111
2014	3	90
2014	4	44
2014	5	42
2014	6	0
2014	7	224
2014	8	208
2014	9	228
2014	10	1
2014	11	41
2014	12	152
2015	1	209
2015	2	325
2015	3	414
2015	4	83
2015	5	212
2015	6	61
2015	7	368
2015	8	284
2015	9	109
2015	10	406
