1889	10	686
1889	11	254
1889	12	1219
1890	1	406
1890	2	1080
1890	3	787
1890	4	170
1890	5	1133
1890	6	254
1890	7	239
1890	8	389
1890	10	363
1890	11	254
1891	1	241
1891	2	241
1891	3	533
1891	4	635
1891	5	503
1891	6	102
1891	7	259
1891	9	447
1891	10	25
1891	11	41
1891	12	48
1892	1	51
1892	2	119
1892	3	127
1892	4	470
1892	5	673
1892	6	160
1892	7	0
1892	8	25
1892	9	0
1892	10	406
1892	12	160
1893	1	102
1893	2	229
1893	3	216
1893	4	508
1893	5	686
1893	6	203
1893	7	140
1893	8	569
1893	9	203
1893	10	559
1893	11	178
1893	12	279
1894	1	152
1894	2	229
1894	3	584
1894	4	475
1894	5	76
1894	6	234
1894	7	498
1894	8	203
1894	9	516
1894	10	64
1894	11	102
1894	12	254
1895	1	178
1895	2	140
1895	3	838
1895	4	254
1895	6	540
1895	7	239
1895	8	158
1895	10	87
1896	2	41
1896	3	90
1896	4	402
1896	5	254
1896	8	185
1896	9	389
1896	10	39
1896	11	133
1896	12	30
1897	1	97
1897	2	150
1897	3	225
1897	4	207
1897	5	240
1897	6	109
1897	7	96
1897	8	116
1897	9	35
1897	10	58
1897	11	93
1897	12	98
1898	1	35
1898	2	22
1898	3	117
1898	4	244
1898	5	763
1898	6	215
1898	7	46
1898	8	150
1898	9	29
1898	10	119
1898	11	146
1898	12	55
1899	1	238
1899	2	466
1899	3	611
1899	4	243
1899	5	89
1899	6	138
1899	7	170
1899	8	239
1899	10	755
1899	11	16
1899	12	142
1900	1	39
1900	2	277
1900	3	191
1900	4	404
1900	5	193
1900	6	127
1900	7	406
1900	8	163
1900	9	226
1900	10	229
1900	11	198
1900	12	191
1901	1	127
1901	2	546
1901	3	622
1901	4	193
1901	5	490
1901	6	267
1901	7	48
1901	8	267
1901	9	20
1901	10	340
1901	11	0
1901	12	495
1902	1	178
1902	2	152
1902	3	533
1902	4	185
1902	5	102
1902	6	224
1902	7	147
1902	8	74
1902	9	79
1902	10	188
1902	11	165
1902	12	356
1903	1	305
1903	2	318
1903	3	622
1903	4	165
1903	5	337
1903	6	308
1903	7	292
1903	8	285
1903	9	418
1903	10	102
1903	11	72
1903	12	22
1904	1	56
1904	2	41
1904	3	216
1904	4	379
1904	5	364
1904	6	254
1904	7	160
1904	8	289
1904	9	259
1904	10	122
1904	11	0
1904	12	36
1905	1	262
1905	2	147
1905	3	256
1905	4	948
1905	5	486
1905	6	122
1905	7	214
1905	8	192
1905	9	255
1905	10	212
1905	11	107
1905	12	10
1906	1	117
1906	2	8
1906	3	536
1906	4	351
1906	5	414
1906	6	104
1906	7	264
1906	8	292
1906	9	368
1906	10	211
1906	11	315
1906	12	98
1907	1	191
1907	2	51
1907	3	221
1907	4	257
1907	5	511
1907	6	84
1907	7	173
1907	8	97
1907	9	79
1907	10	51
1907	11	0
1907	12	320
1908	1	312
1908	2	46
1908	3	124
1908	4	183
1908	5	577
1908	6	145
1908	7	597
1908	8	328
1908	9	99
1908	10	581
1908	11	58
1908	12	160
1909	1	277
1909	2	162
1909	3	130
1909	4	516
1909	5	460
1909	6	295
1909	7	302
1909	8	526
1909	9	318
1909	10	66
1909	11	234
1909	12	130
1910	1	91
1910	2	53
1910	3	25
1910	4	305
1910	5	295
1910	6	185
1910	7	193
1910	8	56
1910	9	361
1910	10	328
1910	11	51
1910	12	84
1911	1	274
1911	2	127
1911	3	51
1911	4	193
1911	5	71
1911	6	503
1911	7	38
1911	8	284
1911	9	338
1911	10	559
1911	11	170
1911	12	69
1912	1	91
1912	2	249
1912	3	104
1912	4	112
1912	5	140
1912	6	112
1912	7	391
1912	8	391
1912	9	119
1912	10	191
1912	11	76
1912	12	135
1913	1	140
1913	2	340
1913	3	127
1913	4	114
1913	5	127
1913	6	546
1913	7	371
1913	8	33
1913	9	79
1913	10	450
1913	11	191
1913	12	221
1914	1	178
1914	2	107
1914	3	5
1914	4	673
1914	5	498
1914	6	178
1914	7	363
1914	8	196
1914	9	89
1914	10	204
1914	11	6
1914	12	77
1915	1	711
1915	2	300
1915	3	284
1915	4	345
1915	5	333
1915	6	307
1915	7	66
1915	8	107
1915	9	546
1915	10	147
1915	11	119
1915	12	193
1916	1	287
1916	2	168
1916	3	91
1916	4	226
1916	5	224
1916	6	71
1916	7	132
1916	8	922
1916	9	97
1916	10	625
1916	11	185
1916	12	246
1917	1	198
1917	2	282
1917	3	251
1917	4	262
1917	5	1019
1917	6	142
1917	7	221
1917	8	76
1917	9	132
1917	10	102
1917	11	218
1917	12	127
1918	1	323
1918	2	178
1918	3	117
1918	4	411
1918	5	338
1918	6	513
1918	7	523
1918	8	241
1918	9	356
1918	10	241
1918	11	284
1918	12	79
1919	1	13
1919	2	126
1919	3	52
1919	4	866
1919	5	312
1919	6	41
1919	7	224
1919	8	8
1919	9	137
1919	10	404
1919	11	157
1919	12	116
1920	1	138
1920	2	89
1920	3	176
1920	4	462
1920	5	493
1920	6	38
1920	7	267
1920	8	691
1920	9	434
1920	10	272
1920	11	99
1920	12	127
1921	1	69
1921	2	69
1921	3	122
1921	4	422
1921	5	414
1921	6	160
1921	7	399
1921	8	198
1921	9	41
1921	10	89
1921	11	122
1921	12	132
1922	1	74
1922	2	279
1922	3	135
1922	4	274
1922	5	175
1922	6	48
1922	7	122
1922	8	193
1922	9	64
1922	10	51
1922	11	84
1922	12	137
1923	1	51
1923	2	201
1923	3	140
1923	4	282
1923	5	213
1923	6	269
1923	7	561
1923	8	246
1923	9	432
1923	10	157
1923	11	51
1923	12	165
1924	1	46
1924	2	104
1924	3	165
1924	4	13
1924	5	175
1924	6	30
1924	7	86
1924	8	33
1924	9	615
1924	10	475
1924	11	150
1924	12	307
1925	1	69
1925	2	254
1925	3	91
1925	4	124
1925	5	343
1925	6	495
1925	7	699
1925	8	566
1925	9	274
1925	10	310
1925	11	41
1925	12	254
1926	1	208
1926	2	112
1926	3	79
1926	4	218
1926	5	592
1926	6	236
1926	7	185
1926	8	64
1926	9	86
1926	10	140
1926	11	122
1926	12	30
1927	1	84
1927	2	81
1927	3	99
1927	4	572
1927	5	406
1927	6	414
1927	7	102
1927	8	206
1927	9	229
1927	10	859
1927	11	114
1927	12	61
1928	1	119
1928	2	127
1928	3	191
1928	4	46
1928	5	1120
1928	6	394
1928	7	216
1928	8	102
1928	9	69
1928	10	333
1928	11	165
1928	12	56
1929	1	246
1929	2	114
1929	3	277
1929	4	445
1929	5	368
1929	6	41
1929	7	188
1929	8	211
1929	9	716
1929	10	300
1929	11	84
1929	12	25
1930	1	124
1930	2	8
1930	3	122
1930	4	36
1930	5	338
1930	6	114
1930	7	269
1930	8	485
1930	9	310
1930	10	409
1930	11	318
1930	12	56
1931	1	15
1931	2	112
1931	3	97
1931	4	201
1931	5	356
1931	6	376
1931	7	269
1931	8	142
1931	9	282
1931	10	318
1931	11	196
1931	12	109
1932	1	224
1932	2	122
1932	3	315
1932	4	269
1932	5	18
1932	6	221
1932	7	122
1932	8	246
1932	9	61
1932	10	409
1932	11	91
1932	12	211
1933	1	46
1933	2	41
1933	3	99
1933	4	361
1933	5	259
1933	6	170
1933	7	135
1933	8	262
1933	9	160
1933	10	0
1933	11	168
1933	12	66
1934	1	69
1934	2	229
1934	3	48
1934	4	310
1934	5	287
1934	6	152
1934	7	218
1934	8	201
1934	9	381
1934	10	66
1934	11	127
1934	12	203
1935	1	0
1935	2	46
1935	3	81
1935	4	213
1935	5	696
1935	6	20
1935	7	488
1935	8	262
1935	9	163
1935	10	335
1935	11	66
1935	12	137
1936	1	38
1936	2	173
1936	3	366
1936	4	178
1936	5	290
1936	6	503
1936	7	396
1936	8	272
1936	9	46
1936	10	191
1936	11	196
1936	12	183
1937	1	117
1937	2	64
1937	3	213
1937	4	130
1937	5	267
1937	6	305
1937	7	554
1937	8	315
1937	9	94
1937	10	173
1937	11	203
1937	12	168
1938	1	104
1938	2	86
1938	3	91
1938	4	262
1938	5	442
1938	6	312
1938	7	348
1938	8	523
1938	9	234
1938	10	104
1938	11	119
1938	12	163
1939	1	38
1939	2	74
1939	3	69
1939	4	97
1939	5	262
1939	6	130
1939	7	81
1939	8	203
1939	9	305
1939	10	368
1939	11	0
1939	12	71
1940	1	211
1940	2	137
1940	3	249
1940	4	452
1940	5	193
1940	6	165
1940	7	287
1940	8	69
1940	9	381
1940	10	229
1940	11	262
1940	12	56
1941	1	178
1941	2	91
1941	3	163
1941	4	523
1941	5	191
1941	6	371
1941	7	290
1941	8	353
1941	9	137
1941	10	511
1941	11	165
1941	12	287
1942	1	25
1942	2	20
1942	3	0
1942	4	130
1942	5	620
1942	6	180
1942	7	287
1942	8	25
1942	9	345
1942	10	107
1942	11	97
1942	12	0
1943	1	76
1943	2	127
1943	3	112
1943	4	269
1943	5	328
1943	6	622
1943	7	104
1943	8	175
1943	9	25
1943	10	43
1943	11	107
1943	12	33
1944	1	61
1944	2	20
1944	3	231
1944	4	300
1944	5	239
1944	6	269
1944	7	160
1944	8	23
1944	9	193
1944	10	338
1944	11	86
1944	12	91
1945	1	132
1945	2	173
1945	3	556
1945	4	518
1945	5	112
1945	6	488
1945	7	76
1945	8	429
1945	9	295
1945	10	97
1945	11	30
1945	12	48
1946	1	0
1946	2	48
1946	3	0
1946	4	231
1946	5	610
1946	6	300
1946	7	173
1946	8	411
1946	9	188
1946	10	465
1946	11	117
1946	12	46
1947	1	198
1947	2	97
1947	3	124
1947	4	452
1947	5	333
1947	6	528
1947	7	323
1947	8	422
1947	9	282
1947	10	155
1947	11	173
1947	12	188
1948	1	137
1948	2	234
1948	3	142
1948	4	130
1948	5	140
1948	6	427
1948	7	91
1948	8	80
1948	9	419
1948	10	77
1948	11	267
1948	12	382
1949	1	438
1949	2	99
1949	3	312
1949	4	210
1949	5	386
1949	6	441
1949	7	193
1949	8	130
1949	9	124
1949	10	355
1949	11	38
1949	12	219
1950	1	151
1950	2	126
1950	3	226
1950	4	608
1950	5	325
1950	6	97
1950	7	217
1950	8	31
1950	9	442
1950	10	175
1950	11	141
1950	12	81
1951	1	223
1951	2	11
1951	3	169
1951	4	207
1951	5	330
1951	6	296
1951	7	262
1951	8	337
1951	9	84
1951	10	938
1951	11	125
1951	12	116
1952	1	176
1952	2	199
1952	3	212
1952	4	214
1952	5	281
1952	6	200
1952	7	214
1952	8	365
1952	9	21
1952	10	0
1952	11	140
1952	12	49
1953	1	117
1953	2	121
1953	3	54
1953	4	243
1953	5	635
1953	6	127
1953	7	162
1953	8	247
1953	9	15
1953	10	18
1953	11	125
1953	12	40
1954	1	137
1954	2	63
1954	3	497
1954	4	0
1954	5	106
1954	6	0
1954	7	79
1954	8	112
1954	9	254
1954	10	196
1954	11	110
1954	12	85
1955	1	51
1955	2	81
1955	3	196
1955	4	96
1955	5	153
1955	6	64
1955	7	0
1955	8	159
1955	9	33
1955	10	58
1955	11	178
1955	12	114
1956	1	64
1956	2	104
1956	3	63
1956	4	212
1956	5	253
1956	6	91
1956	7	500
1956	8	36
1956	9	0
1956	10	185
1956	11	115
1956	12	224
1957	1	163
1957	2	56
1957	3	206
1957	4	92
1957	5	660
1957	6	215
1957	7	109
1957	8	379
1957	9	91
1957	10	584
1957	11	80
1957	12	10
1958	1	20
1958	2	33
1958	3	114
1958	4	110
1958	5	206
1958	6	10
1958	7	142
1958	8	238
1958	9	190
1958	10	3
1958	11	5
1958	12	170
1959	1	104
1959	2	138
1959	3	167
1959	4	59
1959	5	325
1959	6	406
1959	7	25
1959	8	244
1959	9	322
1959	10	244
1959	11	16
1959	12	35
1960	1	39
1960	2	99
1960	3	208
1960	4	121
1960	5	216
1960	6	350
1960	7	195
1960	8	207
1960	9	30
1960	10	139
1960	11	326
1960	12	18
1961	1	61
1961	2	113
1961	3	88
1961	4	222
1961	5	374
1961	6	266
1961	7	331
1961	8	262
1961	9	746
1961	10	147
1961	11	133
1961	12	33
1962	1	274
1962	2	274
1962	3	117
1962	4	359
1962	5	197
1962	6	323
1962	7	112
1962	8	88
1962	9	69
1962	10	256
1962	11	53
1962	12	30
1963	1	112
1963	2	44
1963	3	105
1963	4	430
1963	5	56
1963	6	180
1963	7	231
1963	8	531
1963	9	86
1963	10	74
1963	11	40
1963	12	44
1964	1	122
1964	2	188
1964	3	154
1964	4	495
1964	5	193
1964	6	382
1964	7	69
1964	8	324
1964	9	131
1964	10	46
1964	11	153
1964	12	219
1965	1	59
1965	2	39
1965	3	167
1965	4	261
1965	5	903
1965	6	169
1965	7	314
1965	8	90
1965	9	726
1965	10	5
1965	11	73
1965	12	153
1966	1	20
1966	2	39
1966	3	216
1966	4	221
1966	5	51
1966	6	288
1966	7	153
1966	8	292
1966	9	302
1966	10	452
1966	11	160
1966	12	102
1967	1	123
1967	2	194
1967	3	345
1967	4	169
1967	5	353
1967	6	586
1967	7	206
1967	8	201
1967	9	221
1967	10	220
1967	11	88
1967	12	254
1968	1	39
1968	2	140
1968	3	68
1968	4	622
1968	5	450
1968	6	81
1968	7	130
1968	8	296
1968	9	178
1968	10	183
1968	11	207
1968	12	76
1969	1	110
1969	2	129
1969	3	86
1969	4	155
1969	5	101
1969	6	549
1969	7	43
1969	8	109
1969	9	170
1969	10	572
1969	11	56
1969	12	129
1970	1	45
1970	2	5
1970	3	226
1970	4	265
1970	5	130
1970	6	511
1970	7	188
1970	8	186
1970	9	375
1970	10	373
1970	11	224
1970	12	140
1971	1	44
1971	2	72
1971	3	73
1971	4	175
1971	5	485
1971	6	10
1971	7	61
1971	8	145
1971	9	150
1971	10	183
1971	11	25
1971	12	71
1972	1	105
1972	2	66
1972	3	86
1972	4	129
1972	5	228
1972	6	507
1972	7	155
1972	8	162
1972	9	289
1972	10	823
1972	11	201
1972	12	188
1973	1	69
1973	2	107
1973	3	323
1973	4	486
1973	5	116
1973	6	257
1973	7	367
1973	8	147
1973	9	349
1973	10	8
1973	11	389
1973	12	250
1974	1	79
1974	2	66
1974	3	128
1974	4	360
1974	5	23
1974	6	249
1974	7	792
1974	8	76
1974	9	171
1974	10	413
1974	11	81
1974	12	185
1975	1	194
1975	2	43
1975	3	266
1975	4	278
1975	5	145
1975	6	154
1975	7	355
1975	8	124
1975	9	105
1975	10	405
1975	11	57
1975	12	190
1976	1	13
1976	2	134
1976	3	102
1976	4	295
1976	5	446
1976	6	371
1976	7	632
1976	8	132
1976	9	113
1976	10	43
1976	11	0
1976	12	59
1977	1	74
1977	2	63
1977	3	190
1977	4	343
1977	5	828
1977	6	114
1977	7	279
1977	8	329
1977	9	102
1977	10	87
1977	11	152
1977	12	0
1978	1	140
1978	2	115
1978	3	138
1978	4	96
1978	5	610
1978	6	61
1978	7	158
1978	8	242
1978	9	119
1978	10	140
1978	11	104
1978	12	280
1979	1	100
1979	2	104
1979	3	260
1979	4	235
1979	5	426
1979	6	50
1979	7	38
1979	8	447
1979	9	38
1979	10	328
1979	11	109
1979	12	93
1980	1	516
1980	2	128
1980	3	219
1980	4	84
1980	5	470
1980	6	0
1980	7	188
1980	8	257
1980	9	283
1980	10	323
1980	11	99
1980	12	96
1981	1	31
1981	2	56
1981	3	149
1981	4	183
1981	5	767
1981	6	0
1981	7	372
1981	8	192
1981	9	136
1981	10	407
1981	11	105
1981	12	84
1982	1	71
1982	2	46
1982	3	89
1982	4	99
1982	5	291
1982	6	357
1982	7	682
1982	8	121
1982	9	415
1982	10	220
1982	11	250
1982	12	173
1983	1	5
1983	2	33
1983	3	372
1983	4	436
1983	5	390
1983	6	407
1983	7	591
1983	8	201
1983	9	198
1983	10	296
1983	11	575
1983	12	176
1984	1	56
1984	2	174
1984	3	371
1984	4	564
1984	5	40
1984	6	206
1984	7	878
1984	8	581
1984	9	429
1984	10	84
1984	11	104
1984	12	16
1985	1	172
1985	2	59
1985	3	157
1985	4	126
1985	5	158
1985	6	94
1985	7	265
1985	8	57
1985	9	148
1985	10	251
1985	11	295
1985	12	110
1986	1	13
1986	2	179
1986	3	160
1986	4	380
1986	5	369
1986	6	586
1986	7	250
1986	8	341
1986	9	221
1986	10	301
1986	11	182
1986	12	38
1987	1	103
1987	2	188
1987	3	224
1987	4	122
1987	5	318
1987	6	61
1987	7	260
1987	8	308
1987	9	53
1987	10	208
1987	11	287
1987	12	231
1988	1	214
1988	2	36
1988	3	435
1988	4	77
1988	5	417
1988	6	46
1988	7	99
1988	8	77
1988	9	343
1988	10	3
1988	11	155
1988	12	97
1989	1	20
1989	2	489
1989	3	119
1989	4	15
1989	5	66
1989	6	107
1989	7	202
1989	8	277
1989	9	325
1989	10	122
1989	11	45
1989	12	145
1990	1	68
1990	2	251
1990	3	213
1990	4	101
1990	5	189
1990	6	202
1990	7	253
1990	8	299
1990	9	153
1990	10	236
1990	11	176
1990	12	110
1991	1	85
1991	2	82
1991	3	155
1991	4	201
1991	5	634
1991	6	292
1991	7	199
1991	8	164
1991	9	137
1991	10	128
1991	11	252
1991	12	36
1992	1	270
1992	2	152
1992	3	139
1992	4	101
1992	5	610
1992	6	247
1992	7	415
1992	8	197
1992	9	130
1992	10	225
1992	11	153
1992	12	185
1993	1	50
1993	2	119
1993	3	243
1993	4	514
1993	5	634
1993	6	227
1993	7	74
1993	8	311
1993	9	336
1993	10	565
1993	11	214
1993	12	94
1994	1	94
1994	2	239
1994	3	171
1994	4	264
1994	5	58
1994	6	94
1994	7	62
1994	8	130
1994	9	74
1994	10	333
1994	11	109
1994	12	72
1995	1	132
1995	2	132
1995	3	196
1995	4	385
1995	5	1386
1995	6	589
1995	7	252
1995	8	226
1995	9	275
1995	10	300
1995	11	244
1995	12	31
1996	1	180
1996	2	51
1996	3	114
1996	4	518
1996	5	503
1996	6	105
1996	7	78
1996	8	77
1996	9	92
1996	10	232
1996	11	163
1996	12	87
1997	1	303
1997	2	97
1997	3	51
1997	4	423
1997	5	502
1997	6	336
1997	7	204
1997	8	545
1997	9	510
1997	10	140
1997	11	31
1997	12	97
1998	1	44
1998	2	100
1998	3	173
1998	4	143
1998	5	303
1998	6	765
1998	7	327
1998	8	342
1998	9	185
1998	10	580
1998	11	76
1998	12	155
1999	1	178
1999	2	46
1999	3	61
1999	4	262
1999	5	387
1999	6	499
1999	7	353
1999	8	164
1999	9	353
1999	10	36
1999	11	145
1999	12	55
2000	1	55
2000	2	77
2000	3	157
2000	4	205
2000	5	490
2000	6	62
2000	7	140
2000	8	247
2000	9	590
2000	10	84
2000	11	141
2000	12	0
2001	1	122
2001	2	231
2001	3	46
2001	4	242
2001	5	140
2001	6	25
2001	7	222
2001	8	219
2001	9	15
2001	10	205
2001	11	112
2001	12	30
2002	1	0
2002	2	0
2002	3	272
2002	4	38
2002	5	13
2002	6	13
2002	7	71
2002	8	258
2002	9	203
2002	10	566
2002	11	0
2002	12	5
2003	1	120
2003	2	109
2003	3	191
2003	4	448
2003	5	372
2003	6	150
2003	7	166
2003	8	279
2003	9	230
2003	10	50
2003	11	258
2003	12	152
2004	1	38
2004	2	350
2004	3	89
2004	4	364
2004	5	207
2004	6	361
2004	7	220
2004	8	438
2004	9	208
2004	10	292
2004	11	130
2004	12	21
2005	1	127
2005	2	125
2005	3	129
2005	4	310
2005	5	455
2005	6	210
2005	7	13
2005	8	251
2005	9	128
2005	10	379
2005	11	297
2005	12	111
2006	1	11
2006	2	11
2006	3	574
2006	4	160
2006	5	249
2006	6	140
2006	7	279
2006	8	369
2006	9	503
2006	10	875
2006	11	39
2006	12	161
2007	1	305
2007	2	31
2007	3	168
2007	4	152
2007	5	216
2007	6	29
2007	7	108
2007	8	209
2007	9	441
2007	10	180
2007	11	5
2007	12	161
2008	1	151
2008	2	153
2008	3	166
2008	4	223
2008	5	618
2008	6	169
2008	7	86
2008	8	332
2008	9	265
2008	10	129
2008	11	141
2008	12	143
2009	1	198
2009	2	117
2009	3	213
2009	4	471
2009	5	290
2009	6	387
2009	7	228
2009	8	180
2009	9	162
2009	10	373
2009	11	97
2009	12	112
2010	1	92
2010	2	110
2010	3	191
2010	4	837
2010	5	504
2010	6	279
2010	7	178
2010	8	210
2010	9	63
2010	10	378
2010	11	226
2010	12	164
2011	1	159
2011	2	155
2011	3	253
2011	4	649
2011	5	641
2011	6	115
2011	7	338
2011	8	136
2011	9	154
2011	10	261
2011	11	266
2011	12	49
2012	1	79
2012	2	154
2012	3	50
2012	4	206
2012	5	347
2012	6	6
2012	7	316
2012	8	65
2012	9	110
2012	10	211
2012	11	65
2012	12	104
2013	1	70
2013	2	108
2013	3	128
2013	4	409
2013	5	304
2013	6	20
2013	7	224
2013	8	261
2013	9	478
2013	10	323
2013	11	91
2013	12	101
2014	1	159
2014	2	148
2014	3	230
2014	4	204
2014	5	762
2014	6	77
2014	7	385
2014	8	402
2014	9	342
2014	10	177
2014	11	132
2014	12	99
2015	1	51
2015	2	109
2015	3	118
2015	4	213
2015	5	666
2015	6	141
2015	7	241
2015	8	178
2015	9	176
2015	10	208
