1856	4	422
1856	5	973
1856	6	602
1856	7	368
1856	8	963
1856	9	1895
1856	10	706
1856	11	950
1856	12	879
1857	1	714
1857	2	36
1857	3	584
1857	4	709
1857	5	1113
1857	6	645
1857	7	1118
1857	8	930
1857	11	704
1857	12	1252
1858	1	660
1858	2	1341
1858	3	716
1858	4	701
1858	5	610
1858	6	953
1858	7	1562
1858	8	691
1858	9	1044
1858	10	495
1858	11	861
1858	12	1527
1859	1	795
1859	2	851
1859	3	1595
1859	4	874
1859	5	930
1859	6	175
1859	7	1003
1859	8	1445
1859	9	1034
1859	10	569
1859	11	686
1859	12	757
1861	1	1549
1861	2	1059
1861	3	704
1861	4	1600
1879	8	279
1879	9	460
1879	12	622
1880	1	81
1880	2	455
1880	3	1204
1880	4	485
1880	5	61
1880	6	640
1880	7	864
1880	8	2372
1880	9	282
1880	10	521
1880	11	1740
1880	12	1664
1881	1	1651
1881	2	813
1881	3	978
1881	4	1194
1881	5	622
1881	6	800
1881	7	406
1881	8	457
1881	9	864
1881	10	724
1881	11	795
1881	12	1067
1882	1	1976
1882	2	1029
1882	3	495
1882	4	810
1882	5	876
1882	7	846
1882	8	706
1882	9	569
1882	10	871
1882	11	196
1882	12	869
1883	1	1275
1883	2	975
1883	3	1755
1883	4	1867
1883	5	406
1883	6	1440
1883	7	1080
1883	8	678
1883	9	1689
1883	10	825
1883	11	450
1883	12	467
1884	1	1257
1884	2	655
1884	3	1575
1884	4	681
1884	5	1262
1884	6	988
1884	7	1684
1884	8	1179
1884	9	132
1884	10	211
1884	11	427
1884	12	1773
1885	1	1331
1885	2	693
1885	3	1130
1885	4	688
1885	5	1102
1885	6	345
1885	7	1003
1885	8	503
1885	10	1593
1885	11	968
1885	12	1069
1886	1	216
1886	3	1262
1886	4	1521
1886	5	1016
1886	6	1580
1886	7	1900
1886	8	2517
1886	9	726
1886	10	373
1886	11	709
1886	12	1049
1887	1	714
1887	2	1173
1887	3	998
1887	4	650
1887	5	1674
1887	7	1674
1887	9	353
1887	10	2847
1887	11	216
1887	12	1572
1888	1	856
1888	2	1019
1888	3	2217
1888	4	282
1888	5	2510
1888	6	330
1888	9	1791
1888	10	460
1888	11	653
1888	12	1118
1889	1	1704
1889	2	1077
1889	3	592
1889	4	953
1889	5	1529
1889	10	843
1889	11	820
1889	12	117
1890	1	566
1890	2	922
1890	3	965
1890	4	472
1890	5	1222
1890	6	930
1890	7	1956
1890	8	1346
1890	9	1227
1890	10	1445
1890	11	0
1890	12	851
1891	1	1167
1891	2	1447
1891	3	1968
1891	4	540
1891	5	2222
1891	6	1171
1891	7	1371
1891	8	2974
1891	9	351
1891	10	401
1891	11	792
1891	12	374
1892	1	1573
1892	2	819
1892	3	695
1892	4	801
1892	5	945
1892	6	1555
1892	7	944
1892	8	209
1892	9	499
1892	10	69
1892	11	1105
1892	12	2763
1893	1	772
1893	2	1425
1893	3	375
1893	4	378
1893	5	1027
1893	6	1068
1893	7	530
1893	8	2323
1893	9	1625
1893	10	1714
1893	11	391
1893	12	886
1894	1	1091
1894	2	927
1894	3	452
1894	4	672
1894	5	1023
1894	6	447
1894	7	1472
1894	8	1580
1894	9	2014
1894	10	1737
1894	11	469
1894	12	592
1895	1	2261
1895	2	592
1895	3	1301
1895	4	2901
1895	5	1014
1895	6	1169
1895	7	810
1895	8	1133
1895	9	158
1895	10	287
1895	11	1186
1895	12	921
1896	1	861
1896	2	1640
1896	3	643
1896	4	566
1896	5	1728
1896	6	1284
1896	7	2165
1896	8	325
1896	9	2131
1896	10	274
1896	11	785
1896	12	566
1897	1	676
1897	2	1437
1897	3	1149
1897	4	841
1897	5	1771
1897	6	428
1897	7	1698
1897	8	697
1897	9	292
1897	10	843
1897	11	830
1897	12	691
1898	1	468
1898	2	261
1898	3	1368
1898	4	790
1898	5	799
1898	6	677
1898	7	1620
1898	8	3679
1898	9	1205
1898	10	1115
1898	11	757
1898	12	527
1899	1	942
1899	2	1975
1899	3	1725
1899	4	936
1899	5	1147
1899	6	575
1899	7	1255
1899	8	341
1899	9	627
1899	10	1514
1899	11	544
1899	12	569
1900	1	820
1900	2	1290
1900	3	1268
1900	4	1546
1900	5	665
1900	6	1129
1900	7	1622
1900	8	925
1900	9	863
1900	10	559
1900	11	1271
1900	12	1095
1901	1	607
1901	2	464
1901	3	944
1901	4	1497
1901	5	2891
1901	6	1445
1901	7	1554
1901	8	2861
1901	9	1206
1901	10	541
1901	11	492
1901	12	1158
1902	1	585
1902	2	1757
1902	3	750
1902	4	859
1902	5	567
1902	6	787
1902	7	318
1902	8	942
1902	9	1146
1902	10	973
1902	11	746
1902	12	1240
1903	1	1031
1903	2	1401
1903	3	2766
1903	4	2030
1903	5	300
1903	6	1236
1903	7	381
1903	8	965
1903	9	332
1903	10	1264
1903	11	435
1903	12	655
1904	1	678
1904	2	1156
1904	3	1180
1904	4	381
1904	5	737
1904	6	1113
1904	7	1614
1904	8	976
1904	9	791
1904	10	453
1904	11	1070
1904	12	857
1905	1	709
1905	2	1852
1905	3	617
1905	4	1318
1905	5	1994
1905	6	856
1905	7	2126
1905	8	2129
1905	9	160
1905	10	435
1905	11	266
1905	12	1983
1906	1	1270
1906	2	816
1906	3	1425
1906	4	336
1906	5	793
1906	6	991
1906	7	1930
1906	8	2616
1906	9	483
1906	10	604
1906	11	251
1906	12	900
1907	1	170
1907	2	1250
1907	3	1207
1907	4	1538
1907	5	960
1907	6	2415
1907	7	660
1907	8	965
1907	9	721
1907	10	203
1907	11	1318
1907	12	1795
1908	1	1407
1908	2	1303
1908	3	1198
1908	4	771
1908	5	748
1908	6	1185
1908	7	1238
1908	8	2540
1908	9	1280
1908	10	1016
1908	11	656
1908	12	922
1909	1	376
1909	2	1184
1909	3	583
1909	4	1044
1909	5	904
1909	6	1581
1909	7	939
1909	8	1388
1909	9	732
1909	10	691
1909	11	139
1909	12	680
1910	1	941
1910	2	849
1910	3	417
1910	4	1318
1910	5	852
1910	6	1703
1910	7	783
1910	8	1420
1910	9	956
1910	10	1431
1910	11	630
1910	12	1067
1911	1	513
1911	2	655
1911	3	894
1911	4	1081
1911	5	679
1911	6	467
1911	7	635
1911	8	1160
1911	9	173
1911	10	784
1911	11	837
1911	12	1118
1912	1	950
1912	2	895
1912	3	1642
1912	4	985
1912	5	1821
1912	6	1146
1912	7	143
1912	8	432
1912	9	805
1912	10	252
1912	11	508
1912	12	522
1913	1	770
1913	2	810
1913	3	1268
1913	4	734
1913	5	804
1913	6	521
1913	7	521
1913	8	1024
1913	9	1163
1913	10	727
1913	11	604
1913	12	936
1914	1	639
1914	2	811
1914	3	803
1914	4	483
1914	5	292
1914	6	869
1914	7	1463
1914	8	702
1914	9	601
1914	10	698
1914	11	793
1914	12	1591
1915	1	1438
1915	2	900
1915	3	559
1915	4	579
1915	5	1514
1915	6	737
1915	7	1181
1915	8	2026
1915	9	245
1915	10	660
1915	11	408
1915	12	647
1916	1	610
1916	2	1030
1916	3	455
1916	4	801
1916	5	555
1916	6	2072
1916	7	1458
1916	8	1143
1916	9	204
1916	10	515
1916	11	200
1916	12	511
1917	1	785
1917	2	849
1917	3	1902
1917	4	861
1917	5	869
1917	6	1600
1917	7	1782
1917	8	884
1917	9	990
1917	10	310
1917	11	483
1917	12	521
1918	1	1093
1918	2	473
1918	3	451
1918	4	1733
1918	5	894
1918	6	668
1918	7	1352
1918	8	938
1918	9	800
1918	10	322
1918	11	653
1918	12	1080
1919	1	1281
1919	2	990
1919	3	877
1919	4	790
1919	5	837
1919	6	926
1919	7	3299
1919	8	557
1919	9	159
1919	10	865
1919	11	107
1919	12	442
1920	1	869
1920	2	1205
1920	3	734
1920	4	1744
1920	5	538
1920	6	2030
1920	7	1544
1920	8	1419
1920	9	567
1920	10	427
1920	11	1448
1920	12	1049
1921	1	622
1921	2	887
1921	3	950
1921	4	693
1921	5	1271
1921	6	405
1921	7	255
1921	8	170
1921	9	544
1921	10	418
1921	11	859
1921	12	776
1922	1	1486
1922	2	1659
1922	3	1984
1922	4	766
1922	5	1324
1922	6	1543
1922	7	995
1922	8	720
1922	9	25
1922	10	1441
1922	11	139
1922	12	968
1923	1	903
1923	2	805
1923	3	1385
1923	4	898
1923	5	534
1923	6	450
1923	7	1343
1923	8	793
1923	9	1320
1923	10	287
1923	11	676
1923	12	620
1924	1	1199
1924	2	947
1924	3	612
1924	4	1215
1924	5	1174
1924	6	2205
1924	7	1986
1924	8	2339
1924	9	3559
1924	10	375
1924	11	574
1924	12	866
1925	1	1453
1925	2	380
1925	3	323
1925	4	601
1925	5	506
1925	6	648
1925	7	414
1925	8	1125
1925	9	876
1925	10	717
1925	11	509
1925	12	657
1926	1	1168
1926	2	1165
1926	3	1260
1926	4	655
1926	5	343
1926	6	1043
1926	7	1583
1926	8	577
1926	9	490
1926	10	647
1926	11	719
1926	12	1739
1927	1	397
1927	2	911
1927	3	1080
1927	4	799
1927	5	455
1927	6	1220
1927	7	1929
1927	8	1652
1927	9	1365
1927	10	1219
1927	11	403
1927	12	1540
1928	1	419
1928	2	834
1928	3	743
1928	4	1794
1928	5	958
1928	6	1369
1928	7	996
1928	8	2205
1928	9	3085
1928	10	670
1928	11	145
1928	12	438
1929	1	461
1929	2	1915
1929	3	1448
1929	4	1152
1929	5	1655
1929	6	1832
1929	7	1688
1929	8	1331
1929	9	790
1929	10	2704
1929	11	1571
1929	12	706
1930	1	1001
1930	2	277
1930	3	518
1930	4	643
1930	5	321
1930	6	1556
1930	7	1216
1930	8	426
1930	9	472
1930	10	934
1930	11	574
1930	12	1080
1931	1	452
1931	2	351
1931	3	632
1931	4	1441
1931	5	1158
1931	6	137
1931	7	1743
1931	8	3257
1931	9	64
1931	10	285
1931	11	51
1931	12	1646
1932	1	1470
1932	2	647
1932	3	1150
1932	4	396
1932	5	745
1932	6	1303
1932	7	643
1932	8	627
1932	9	390
1932	10	2045
1932	11	1386
1932	12	1683
1933	1	820
1933	2	1032
1933	3	652
1933	4	989
1933	5	784
1933	6	921
1933	7	1346
1933	8	1948
1933	9	196
1933	10	254
1933	11	197
1933	12	416
1934	1	354
1934	2	1214
1934	3	1219
1934	4	1233
1934	5	1077
1934	6	1270
1934	7	2164
1934	8	1153
1934	9	1347
1934	10	251
1934	11	1445
1934	12	789
1935	1	894
1935	2	642
1935	3	1168
1935	4	960
1935	5	1008
1935	6	300
1935	7	1321
1935	8	704
1935	9	2091
1935	10	460
1935	11	848
1935	12	886
1936	1	1593
1936	2	1145
1936	3	1346
1936	4	1418
1936	5	47
1936	6	1329
1936	7	2550
1936	8	702
1936	9	538
1936	10	1067
1936	11	547
1936	12	1245
1937	1	2055
1937	2	1017
1937	3	495
1937	4	1283
1937	5	252
1937	6	1135
1937	7	843
1937	8	2818
1937	9	699
1937	10	932
1937	11	531
1937	12	502
1938	1	939
1938	2	329
1938	3	607
1938	4	872
1938	5	1111
1938	6	1625
1938	7	2345
1938	8	399
1938	9	1144
1938	10	289
1938	11	963
1938	12	917
1939	1	1105
1939	2	2030
1939	3	1115
1939	4	696
1939	5	941
1939	6	1443
1939	7	1863
1939	8	2177
1939	9	145
1939	10	389
1939	11	471
1939	12	638
1940	1	780
1940	2	626
1940	3	828
1940	4	843
1940	5	858
1940	6	424
1940	7	649
1940	8	1556
1940	9	174
1940	10	117
1940	11	1558
1940	12	682
1941	1	580
1941	2	479
1941	3	1069
1941	4	901
1941	5	188
1941	6	1013
1941	7	1717
1941	8	196
1941	9	265
1941	10	259
1941	11	112
1941	12	917
1942	1	472
1942	2	808
1942	3	1347
1942	4	241
1942	5	932
1942	6	953
1942	7	1477
1942	8	1681
1942	9	1380
1942	10	1162
1942	11	739
1942	12	1477
1943	1	1154
1943	2	371
1943	3	1328
1943	4	836
1943	5	703
1943	6	1320
1943	7	1125
1943	8	630
1943	9	596
1943	10	218
1943	11	363
1943	12	880
1944	1	880
1944	2	1365
1944	3	1809
1944	4	1135
1944	5	493
1944	6	667
1944	7	1888
1944	8	880
1944	9	2294
1944	10	580
1944	11	1219
1944	12	636
1945	1	602
1945	2	1366
1945	3	481
1945	4	735
1945	5	768
1945	6	393
1945	7	3079
1945	8	1077
1945	9	3087
1945	10	607
1945	11	447
1945	12	2155
1946	1	930
1946	2	1021
1946	3	458
1946	4	1163
1946	5	965
1946	6	1196
1946	7	1424
1946	8	1290
1946	9	1144
1946	10	1294
1946	11	649
1946	12	381
1947	1	1691
1947	2	429
1947	3	492
1947	4	635
1947	5	533
1947	6	1200
1947	7	996
1947	8	712
1947	9	1641
1947	10	860
1947	11	1502
1947	12	293
1948	1	1366
1948	2	1315
1948	3	1055
1948	4	966
1948	5	1373
1948	6	634
1948	7	1135
1948	8	716
1948	9	1207
1948	10	648
1948	11	2644
1948	12	1379
1949	1	714
1949	2	289
1949	3	460
1949	4	729
1949	5	1381
1949	6	816
1949	7	999
1949	8	2305
1949	9	970
1949	10	1055
1949	11	778
1949	12	250
1950	1	607
1950	2	458
1950	3	784
1950	4	218
1950	5	1232
1950	6	1117
1950	7	1565
1950	8	880
1950	9	1121
1950	10	771
1950	11	184
1950	12	681
1951	1	450
1951	2	430
1951	3	816
1951	4	1376
1951	5	565
1951	6	829
1951	7	1286
1951	8	415
1951	9	516
1951	10	394
1951	11	774
1951	12	1164
1952	1	1043
1952	2	1068
1952	3	1712
1952	4	1134
1952	5	814
1952	6	571
1952	7	1003
1952	8	2501
1952	9	758
1952	10	317
1952	11	1572
1952	12	849
1953	1	983
1953	2	1084
1953	3	1601
1953	4	1232
1953	5	355
1953	6	1216
1953	7	325
1953	8	450
1953	9	1546
1953	10	147
1953	11	381
1953	12	1402
1954	1	1739
1954	2	404
1954	3	1119
1954	4	688
1954	5	963
1954	6	638
1954	7	819
1954	8	1201
1954	9	78
1954	10	1409
1954	11	755
1954	12	592
1955	1	561
1955	2	1362
1955	3	481
1955	4	940
1955	5	384
1955	6	360
1955	7	1499
1955	8	2039
1955	9	1436
1955	10	730
1955	11	624
1955	12	119
1956	1	370
1956	2	1437
1956	3	940
1956	4	754
1956	5	850
1956	6	481
1956	7	1206
1956	8	1077
1956	9	1458
1956	10	1626
1956	11	344
1956	12	797
1957	1	778
1957	2	1677
1957	3	1006
1957	4	635
1957	5	836
1957	6	1169
1957	7	671
1957	8	2180
1957	9	1413
1957	10	333
1957	11	1567
1957	12	933
1958	1	1109
1958	2	908
1958	3	854
1958	4	1707
1958	5	1195
1958	6	408
1958	7	1662
1958	8	1258
1958	9	231
1958	10	585
1958	11	391
1958	12	1208
1959	1	409
1959	2	930
1959	3	918
1959	4	1528
1959	5	722
1959	6	1130
1959	7	2383
1959	8	897
1959	9	1026
1959	10	1453
1959	11	936
1959	12	774
1960	1	841
1960	2	1530
1960	3	1351
1960	4	1113
1960	5	1272
1960	6	520
1960	7	1774
1960	8	1124
1960	9	818
1960	10	760
1960	11	225
1960	12	464
1961	1	735
1961	2	1570
1961	3	961
1961	4	1005
1961	5	1206
1961	6	1259
1961	7	870
1961	8	1502
1961	9	208
1961	10	469
1961	11	577
1961	12	1275
1962	1	1759
1962	2	815
1962	3	808
1962	4	1451
1962	5	366
1962	6	2154
1962	7	1495
1962	8	1038
1962	9	1128
1962	10	245
1962	11	2369
1962	12	939
1963	1	750
1963	2	1006
1963	3	1057
1963	4	635
1963	5	915
1963	6	1265
1963	7	1486
1963	8	828
1963	9	1187
1963	10	152
1963	11	1685
1963	12	472
1964	1	1112
1964	2	1347
1964	3	907
1964	4	1114
1964	5	430
1964	6	1186
1964	7	1394
1964	8	1346
1964	9	598
1964	10	1456
1964	11	561
1964	12	978
1965	1	473
1965	2	1177
1965	3	1463
1965	4	524
1965	5	514
1965	6	1905
1965	7	1682
1965	8	649
1965	9	557
1965	10	506
1965	11	432
1965	12	79
1966	1	1373
1966	2	974
1966	3	934
1966	4	1019
1966	5	1254
1966	6	1063
1966	7	581
1966	8	582
1966	9	917
1966	10	804
1966	11	403
1966	12	637
1967	1	360
1967	2	1046
1967	3	388
1967	4	1067
1967	5	1159
1967	6	626
1967	7	1065
1967	8	1684
1967	9	658
1967	10	549
1967	11	357
1967	12	1357
1968	1	811
1968	2	135
1968	3	973
1968	4	691
1968	5	1204
1968	6	908
1968	7	1042
1968	8	290
1968	9	67
1968	10	1330
1968	11	1029
1968	12	822
1969	1	595
1969	2	912
1969	3	1138
1969	4	602
1969	5	625
1969	6	864
1969	7	681
1969	8	1755
1969	9	1051
1969	10	502
1969	11	157
1969	12	1038
1970	1	464
1970	2	1011
1970	3	1392
1970	4	1050
1970	5	826
1970	6	1170
1970	7	1034
1970	8	1375
1970	9	437
1970	10	1043
1970	11	767
1970	12	625
1971	1	1087
1971	2	1294
1971	3	1083
1971	4	608
1971	5	1397
1971	6	223
1971	7	986
1971	8	1688
1971	9	1553
1971	10	2462
1971	11	674
1971	12	410
1972	1	539
1972	2	1135
1972	3	469
1972	4	702
1972	5	1937
1972	6	1194
1972	7	1067
1972	8	1023
1972	9	1059
1972	10	777
1972	11	1720
1972	12	1717
1973	1	758
1973	2	1233
1973	3	1351
1973	4	1420
1973	5	992
1973	6	1357
1973	7	678
1973	8	1306
1973	9	281
1973	10	94
1973	11	199
1973	12	1302
1974	1	1099
1974	2	865
1974	3	913
1974	4	443
1974	5	1897
1974	6	922
1974	7	242
1974	8	1400
1974	9	1503
1974	10	320
1974	11	387
1974	12	1274
1975	1	1643
1975	2	813
1975	3	1851
1975	4	406
1975	5	1220
1975	6	382
1975	7	2136
1975	8	492
1975	9	2391
1975	10	313
1975	11	660
1975	12	709
1976	1	713
1976	2	366
1976	3	625
1976	4	186
1976	5	1282
1976	6	1306
1976	7	136
1976	8	519
1976	9	635
1976	10	1277
1976	11	584
1976	12	913
1977	1	760
1977	2	587
1977	3	1288
1977	4	570
1977	5	760
1977	6	372
1977	7	70
1977	8	1026
1977	9	1334
1977	10	1359
1977	11	523
1977	12	908
1978	1	2104
1978	2	348
1978	3	1508
1978	4	1419
1978	5	1147
1978	6	1127
1978	7	1266
1978	8	1959
1978	9	646
1978	10	412
1978	11	995
1978	12	910
1979	1	1855
1979	2	1265
1979	3	759
1979	4	1105
1979	5	1565
1979	6	1450
1979	7	563
1979	8	617
1979	9	2099
1979	10	577
1979	11	1698
1979	12	292
1980	1	1037
1980	2	521
1980	3	1596
1980	4	590
1980	5	1144
1980	6	2580
1980	7	1299
1980	8	370
1980	9	804
1980	10	1073
1980	11	691
1980	12	435
1981	1	304
1981	2	730
1981	3	608
1981	4	292
1981	5	977
1981	6	800
1981	7	1801
1981	8	1721
1981	9	948
1981	10	745
1981	11	184
1981	12	997
1982	1	1403
1982	2	1136
1982	3	705
1982	4	1026
1982	5	1805
1982	6	2306
1982	7	1448
1982	8	1029
1982	9	331
1982	10	1058
1982	11	710
1982	12	1379
1983	1	480
1983	2	1452
1983	3	1788
1983	4	1252
1983	5	1253
1983	6	825
1983	7	279
1983	8	958
1983	9	666
1983	10	1364
1983	11	1365
1983	12	1817
1984	1	1085
1984	2	1649
1984	3	2018
1984	4	1267
1984	5	1627
1984	6	862
1984	7	1838
1984	8	457
1984	9	120
1984	10	765
1984	11	410
1984	12	709
1985	1	1470
1985	2	1380
1985	3	414
1985	4	241
1985	5	1470
1985	6	689
1985	7	1596
1985	8	2296
1985	9	61
1985	10	662
1985	11	3191
1985	12	330
1986	1	358
1986	2	408
1986	3	828
1986	4	272
1986	5	646
1986	6	374
1986	7	1170
1986	8	1911
1986	9	205
1986	10	435
1986	11	798
1986	12	1063
1987	1	1545
1987	2	917
1987	3	901
1987	4	957
1987	5	970
1987	6	841
1987	7	429
1987	8	1037
1987	9	1395
1987	10	676
1987	11	760
1987	12	829
1988	1	843
1988	2	657
1988	3	482
1988	4	777
1988	5	868
1988	6	900
1988	7	300
1988	8	988
1988	9	827
1988	10	1255
1988	11	1084
1988	12	227
1989	1	460
1989	2	1656
1989	3	1713
1989	4	1100
1989	5	1272
1989	6	1770
1989	7	1373
1989	8	1209
1989	9	717
1989	10	1331
1989	11	1189
1989	12	764
1990	1	711
1990	2	1037
1990	3	1068
1990	4	751
1990	5	1579
1990	6	702
1990	7	861
1990	8	798
1990	9	24
1990	10	2436
1990	11	484
1990	12	949
1991	1	1326
1991	2	236
1991	3	1537
1991	4	444
1991	5	822
1991	6	748
1991	7	1651
1991	8	599
1991	9	1115
1991	10	401
1991	11	342
1991	12	702
1992	1	1012
1992	2	830
1992	3	950
1992	4	695
1992	5	838
1992	6	2213
1992	7	601
1992	8	1494
1992	9	624
1992	10	905
1992	11	1834
1992	12	662
1993	1	1271
1993	2	753
1993	3	1998
1993	4	1049
1993	5	1167
1993	6	250
1993	7	805
1993	8	1140
1993	9	862
1993	10	1057
1993	11	1081
1993	12	924
1994	1	966
1994	2	909
1994	3	1574
1994	4	507
1994	5	773
1994	6	691
1994	7	843
1994	8	1186
1994	9	608
1994	10	1498
1994	11	705
1994	12	320
1995	1	1313
1995	2	1195
1995	3	955
1995	4	301
1995	5	1417
1995	6	1965
1995	7	752
1995	8	1558
1995	9	357
1995	10	1865
1995	11	1347
1995	12	507
1996	1	1379
1996	2	572
1996	3	1025
1996	4	980
1996	5	989
1996	6	502
1996	7	1251
1996	8	1248
1996	9	3550
1996	10	1202
1996	11	843
1996	12	931
1997	1	959
1997	2	733
1997	3	622
1997	4	1575
1997	5	347
1997	6	793
1997	7	1472
1997	8	200
1997	9	1034
1997	10	885
1997	11	1171
1997	12	800
1998	1	2269
1998	2	1677
1998	3	1941
1998	4	808
1998	5	779
1998	6	625
1998	7	570
1998	8	1092
1998	9	998
1998	10	438
1998	11	719
1998	12	1026
1999	1	1935
1999	2	592
1999	3	900
1999	4	1173
1999	5	280
1999	6	743
1999	7	728
1999	8	1384
1999	9	6098
1999	10	646
1999	11	640
1999	12	442
2000	1	1171
2000	2	572
2000	3	681
2000	4	1587
2000	5	643
2000	6	811
2000	7	1952
2000	8	1270
2000	9	1073
2000	10	66
2000	11	602
2000	12	361
2001	1	500
2001	2	725
2001	3	1717
2001	4	625
2001	5	1124
2001	6	1778
2001	7	963
2001	8	1392
2001	9	377
2001	10	389
2001	11	136
2001	12	468
2002	1	1487
2002	2	342
2002	3	663
2002	4	357
2002	5	285
2002	6	906
2002	7	1044
2002	8	1052
2002	9	934
2002	10	2570
2002	11	846
2002	12	1344
2003	1	375
2003	2	1486
2003	3	1908
2003	4	1869
2003	5	1386
2003	6	1033
2003	7	1546
2003	8	1387
2003	9	1384
2003	10	697
2003	11	431
2003	12	1009
2004	1	424
2004	2	775
2004	3	534
2004	4	536
2004	5	884
2004	6	767
2004	7	1411
2004	8	1994
2004	9	1189
2004	10	759
2004	11	957
2004	12	525
2005	1	899
2005	2	739
2005	3	1446
2005	4	523
2005	5	500
2005	6	652
2005	7	1263
2005	8	1484
2005	9	351
2005	10	690
2005	11	1095
2005	12	1341
2006	1	666
2006	2	572
2006	3	433
2006	4	889
2006	5	510
2006	6	1820
2006	7	1877
2006	8	857
2006	9	1474
2006	10	1021
2006	11	1984
2006	12	817
2007	1	1022
2007	2	645
2007	3	942
2007	4	1032
2007	5	711
2007	6	819
2007	7	402
2007	8	234
2007	9	297
2007	10	1245
2007	11	239
2007	12	1258
2008	1	322
2008	2	962
2008	3	1326
2008	4	1406
2008	5	1083
2008	6	562
2008	7	1884
2008	8	1699
2008	9	2531
2008	10	287
2008	11	826
2008	12	1180
2009	1	540
2009	2	290
2009	3	1791
2009	4	440
2009	5	989
2009	6	1603
2009	7	560
2009	8	822
2009	9	663
2009	10	546
2009	11	2002
2009	12	1865
2010	1	1338
2010	2	1169
2010	3	801
2010	4	165
2010	5	1312
2010	6	544
2010	7	765
2010	8	390
2010	9	769
2010	10	812
2010	11	345
2010	12	1283
2011	1	389
2011	2	442
2011	3	1110
2011	4	845
2011	5	1258
2011	6	428
2011	7	455
2011	8	962
2011	9	1627
2011	10	885
2011	11	989
2011	12	621
2012	1	443
2012	2	531
2012	3	1216
2012	4	440
2012	5	1006
2012	6	561
2012	7	2004
2012	8	558
2012	9	2650
2012	10	629
2012	11	135
2012	12	824
2013	1	914
2013	2	1090
2013	3	617
2013	4	1168
2013	5	1219
2013	6	2519
2013	7	2012
2013	8	818
2013	9	589
2013	10	639
2013	11	594
2013	12	1312
2014	1	798
2014	2	717
2014	3	1377
2014	4	1231
2014	5	1200
2014	6	336
2014	7	859
2014	8	1540
2014	9	686
2014	10	635
2014	11	606
2014	12	1068
2015	1	621
2015	2	804
2015	3	885
2015	4	1325
2015	5	196
2015	6	1434
2015	7	1412
2015	8	345
2015	9	1683
2015	10	1136
