1884	1	686
1884	2	632
1884	3	1046
1884	4	597
1884	5	267
1884	6	1659
1884	7	152
1884	8	302
1884	9	488
1884	10	414
1884	11	5
1884	12	328
1885	1	599
1885	2	338
1885	3	51
1885	4	234
1885	5	373
1885	7	64
1885	8	109
1885	9	5
1885	10	81
1885	11	1669
1885	12	546
1886	1	800
1886	2	320
1886	3	241
1886	4	335
1886	5	246
1886	6	259
1886	7	28
1886	8	0
1886	9	0
1886	10	384
1886	11	165
1886	12	795
1887	1	546
1887	2	566
1887	3	269
1887	4	457
1887	5	267
1887	6	351
1887	7	10
1887	8	138
1887	9	23
1887	10	3
1887	11	82
1887	12	384
1888	1	723
1888	2	345
1888	3	211
1888	4	5
1888	5	711
1888	6	394
1888	7	213
1888	8	3
1888	9	46
1888	10	71
1888	12	174
1889	1	319
1889	3	1278
1889	4	301
1889	5	489
1889	9	0
1889	10	562
1890	1	650
1890	2	1087
1890	3	312
1890	4	66
1890	5	290
1890	6	58
1890	7	0
1890	8	0
1890	9	582
1890	10	30
1890	11	0
1890	12	254
1891	1	124
1891	2	1257
1891	3	523
1891	4	277
1891	5	937
1891	6	754
1891	7	229
1891	8	38
1891	9	97
1891	10	107
1891	11	271
1891	12	1622
1892	1	511
1892	2	399
1892	3	323
1892	4	554
1892	5	518
1892	6	170
1892	7	20
1892	8	0
1892	9	384
1892	10	505
1892	11	960
1892	12	627
1893	1	226
1893	2	754
1893	3	441
1893	4	620
1893	5	432
1893	6	18
1893	7	79
1893	8	0
1893	9	300
1893	10	403
1893	11	935
1893	12	419
1894	1	1184
1894	2	1253
1894	3	807
1894	4	147
1894	5	568
1894	6	587
1894	7	117
1894	8	28
1894	9	8
1894	10	224
1894	11	246
1894	12	876
1895	1	1309
1895	2	258
1895	3	507
1895	4	132
1895	5	339
1895	6	0
1895	7	51
1895	8	115
1895	9	153
1895	10	0
1895	11	278
1895	12	571
1896	1	902
1896	2	253
1896	3	588
1896	4	1001
1896	5	560
1896	6	25
1896	7	127
1896	8	129
1896	9	297
1896	10	152
1896	11	752
1896	12	368
1897	1	287
1897	2	698
1897	3	793
1897	4	263
1897	5	234
1897	6	530
1897	7	25
1897	8	25
1897	9	191
1897	10	91
1897	11	452
1897	12	427
1898	1	354
1898	2	274
1898	3	25
1898	4	13
1898	5	442
1898	6	61
1898	7	20
1898	8	0
1898	9	0
1898	10	241
1898	11	317
1898	12	381
1899	1	427
1899	2	203
1899	3	572
1899	4	300
1899	5	280
1899	6	51
1899	7	0
1899	8	127
1899	9	0
1899	10	659
1899	11	546
1899	12	350
1900	1	366
1900	2	433
1900	3	264
1900	4	351
1900	5	259
1900	6	554
1900	7	3
1900	8	81
1900	9	15
1900	10	688
1900	11	99
1900	12	262
1901	1	764
1901	2	658
1901	3	150
1901	4	271
1901	5	175
1901	6	0
1901	7	0
1901	8	68
1901	9	276
1901	10	328
1901	11	440
1901	12	706
1902	1	210
1902	2	843
1902	3	357
1902	4	578
1902	5	565
1902	6	25
1902	7	114
1902	8	45
1902	9	53
1902	10	298
1902	11	558
1902	12	604
1903	1	913
1903	2	289
1903	3	490
1903	4	122
1903	5	134
1903	6	313
1903	7	117
1903	8	81
1903	9	15
1903	10	112
1903	11	1254
1903	12	251
1904	1	358
1904	2	1385
1904	3	1152
1904	4	700
1904	5	69
1904	6	150
1904	7	109
1904	8	8
1904	9	279
1904	10	361
1904	11	51
1904	12	828
1905	1	422
1905	2	186
1905	3	630
1905	4	112
1905	5	358
1905	6	178
1905	7	0
1905	8	18
1905	9	127
1905	10	56
1905	11	161
1905	12	275
1906	1	1176
1906	2	404
1906	3	798
1906	4	135
1906	5	478
1906	6	307
1906	7	51
1906	8	0
1906	9	208
1906	10	119
1906	11	386
1906	12	944
1907	1	862
1907	2	1151
1907	3	964
1907	4	56
1907	5	355
1907	6	701
1907	7	68
1907	8	442
1907	9	581
1907	10	723
1907	11	276
1907	12	718
1908	1	144
1908	2	216
1908	3	76
1908	4	0
1908	5	444
1908	6	193
1908	7	43
1908	8	0
1908	9	38
1908	10	691
1908	11	119
1908	12	280
1909	1	1919
1909	2	541
1909	3	58
1909	4	58
1909	5	216
1909	6	46
1909	7	13
1909	8	25
1909	9	109
1909	10	315
1909	11	866
1909	12	314
1910	1	322
1910	2	584
1910	3	0
1910	4	0
1910	5	25
1910	6	3
1910	7	0
1910	8	11
1910	9	112
1910	10	203
1910	11	1219
1910	12	201
1911	1	536
1911	2	122
1911	3	48
1911	4	221
1911	5	300
1911	6	163
1911	7	66
1911	8	0
1911	9	229
1911	10	119
1911	11	150
1911	12	283
1912	1	416
1912	2	251
1912	3	224
1912	4	749
1912	5	450
1912	6	607
1912	7	91
1912	8	160
1912	9	236
1912	10	97
1912	11	413
1912	12	227
1913	1	264
1913	2	44
1913	3	155
1913	4	177
1913	5	200
1913	6	818
1913	7	709
1913	8	107
1913	9	43
1913	10	15
1913	11	412
1913	12	470
1914	1	415
1914	2	62
1914	3	59
1914	4	438
1914	5	236
1914	6	529
1914	7	160
1914	8	28
1914	9	89
1914	10	544
1914	11	86
1914	12	72
1915	1	289
1915	2	397
1915	3	178
1915	4	200
1915	5	661
1915	6	74
1915	7	515
1915	8	68
1915	9	18
1915	10	38
1915	11	386
1915	12	180
1916	1	618
1916	2	345
1916	3	283
1916	4	114
1916	5	361
1916	6	172
1916	7	300
1916	8	73
1916	9	5
1916	10	155
1916	11	262
1916	12	252
1917	1	200
1917	2	528
1917	3	142
1917	4	356
1917	5	241
1917	6	38
1917	7	0
1917	8	91
1917	9	112
1917	10	0
1917	11	499
1917	12	269
1918	1	235
1918	2	158
1918	3	376
1918	4	64
1918	5	145
1918	6	30
1918	7	10
1918	8	11
1918	9	353
1918	10	165
1918	11	244
1918	12	120
1919	1	269
1919	2	738
1919	3	315
1919	4	142
1919	5	0
1919	6	0
1919	7	0
1919	8	18
1919	9	445
1919	10	99
1919	11	214
1919	12	335
1920	1	107
1920	2	86
1920	3	465
1920	4	246
1920	5	193
1920	6	271
1920	7	44
1920	8	242
1920	9	94
1920	10	290
1920	11	903
1920	12	615
1921	1	667
1921	2	196
1921	3	198
1921	4	113
1921	5	427
1921	6	72
1921	7	0
1921	8	0
1921	9	36
1921	10	48
1921	11	264
1921	12	349
1922	1	136
1922	2	544
1922	3	195
1922	4	212
1922	5	206
1922	6	134
1922	7	137
1922	8	200
1922	9	0
1922	10	193
1922	11	221
1922	12	480
1923	1	221
1923	2	155
1923	3	3
1923	4	375
1923	5	216
1923	6	426
1923	7	295
1923	8	91
1923	9	406
1923	10	459
1923	11	84
1923	12	98
1924	1	67
1924	2	170
1924	3	142
1924	4	81
1924	5	0
1924	6	41
1924	7	21
1924	8	51
1924	9	102
1924	10	362
1924	11	323
1924	12	429
1925	1	274
1925	2	478
1925	3	69
1925	4	424
1925	5	579
1925	6	165
1925	7	0
1925	8	82
1925	9	503
1925	10	281
1925	11	316
1925	12	381
1926	1	129
1926	2	312
1926	3	79
1926	4	323
1926	5	211
1926	6	0
1926	7	100
1926	8	53
1926	9	3
1926	10	45
1926	11	1070
1926	12	396
1927	1	336
1927	2	660
1927	3	242
1927	4	399
1927	5	606
1927	6	101
1927	7	30
1927	8	0
1927	9	155
1927	10	248
1927	11	1026
1927	12	181
1928	1	290
1928	2	269
1928	3	565
1928	4	242
1928	5	53
1928	6	86
1928	7	0
1928	8	26
1928	9	28
1928	10	98
1928	11	308
1928	12	162
1929	1	255
1929	2	127
1929	3	177
1929	4	520
1929	5	5
1929	6	332
1929	7	0
1929	8	5
1929	9	41
1929	10	114
1929	11	0
1929	12	817
1930	1	680
1930	2	301
1930	3	267
1930	4	229
1930	5	282
1930	6	54
1930	7	0
1930	8	129
1930	9	215
1930	10	73
1930	11	259
1930	12	18
1931	1	98
1931	2	280
1931	3	352
1931	4	56
1931	5	48
1931	6	226
1931	7	0
1931	8	0
1931	9	66
1931	10	336
1931	11	245
1931	12	406
1932	1	321
1932	2	99
1932	3	482
1932	4	594
1932	5	296
1932	6	248
1932	7	0
1932	8	5
1932	9	0
1932	10	112
1932	11	99
1932	12	257
1933	1	389
1933	2	176
1933	3	264
1933	4	245
1933	5	345
1933	6	151
1933	7	69
1933	8	0
1933	9	62
1933	10	376
1933	11	3
1933	12	290
1934	1	333
1934	2	407
1934	3	381
1934	4	270
1934	5	460
1934	6	305
1934	7	0
1934	8	0
1934	9	152
1934	10	248
1934	11	786
1934	12	345
1935	1	415
1935	2	296
1935	3	352
1935	4	855
1935	5	252
1935	6	84
1935	7	86
1935	8	0
1935	9	0
1935	10	243
1935	11	143
1935	12	440
1936	1	1091
1936	2	709
1936	3	198
1936	4	269
1936	5	293
1936	6	132
1936	7	0
1936	8	41
1936	9	89
1936	10	0
1936	11	0
1936	12	150
1937	1	280
1937	2	579
1937	3	443
1937	4	399
1937	5	105
1937	6	390
1937	7	10
1937	8	0
1937	9	43
1937	10	585
1937	11	684
1937	12	996
1938	1	361
1938	2	664
1938	3	768
1938	4	234
1938	5	172
1938	6	82
1938	7	168
1938	8	25
1938	9	167
1938	10	375
1938	11	431
1938	12	167
1939	1	248
1939	2	256
1939	3	259
1939	4	44
1939	5	199
1939	6	134
1939	7	120
1939	8	20
1939	9	254
1939	10	241
1939	11	13
1939	12	866
1940	1	488
1940	2	849
1940	3	622
1940	4	219
1940	5	107
1940	6	91
1940	7	28
1940	8	0
1940	9	449
1940	10	536
1940	11	555
1940	12	413
1941	1	612
1941	2	740
1941	3	218
1941	4	369
1941	5	664
1941	6	544
1941	7	0
1941	8	463
1941	9	210
1941	10	406
1941	11	337
1941	12	848
1942	1	611
1942	2	659
1942	3	117
1942	4	447
1942	5	624
1942	6	165
1942	7	0
1942	8	46
1942	9	160
1942	10	200
1942	11	687
1942	12	905
1943	1	863
1943	2	347
1943	3	351
1943	4	549
1943	5	361
1943	6	328
1943	7	33
1943	8	0
1943	9	0
1943	10	595
1943	11	155
1943	12	257
1944	1	272
1944	2	432
1944	3	344
1944	4	371
1944	5	209
1944	6	1389
1944	7	97
1944	8	8
1944	9	226
1944	10	113
1944	11	819
1944	12	215
1945	1	262
1945	2	597
1945	3	305
1945	4	100
1945	5	1093
1945	6	299
1945	7	5
1945	8	13
1945	9	54
1945	10	303
1945	11	406
1945	12	461
1946	1	301
1946	2	230
1946	3	324
1946	4	54
1946	5	81
1946	6	97
1946	7	106
1946	8	0
1946	9	64
1946	10	371
1946	11	459
1946	12	393
1947	1	76
1947	2	170
1947	3	501
1947	4	188
1947	5	457
1947	6	752
1947	7	0
1947	8	15
1947	9	83
1947	10	605
1947	11	299
1947	12	126
1948	1	479
1948	2	237
1948	3	343
1948	4	481
1948	5	315
1948	6	715
1948	7	67
1948	8	3
1948	9	232
1948	10	87
1948	11	250
1948	12	479
1949	1	122
1949	2	362
1949	3	431
1949	4	142
1949	5	671
1949	6	239
1949	7	94
1949	8	5
1949	9	115
1949	10	237
1949	11	204
1949	12	133
1950	1	767
1950	2	276
1950	3	707
1950	4	148
1950	5	386
1950	6	516
1950	7	0
1950	8	11
1950	9	74
1950	10	444
1950	11	345
1950	12	685
1951	1	616
1951	2	550
1951	3	188
1951	4	235
1951	5	686
1951	6	0
1951	7	0
1951	8	112
1951	9	89
1951	10	383
1951	11	432
1951	12	896
1952	1	531
1952	2	414
1952	3	225
1952	4	229
1952	5	254
1952	6	736
1952	7	142
1952	8	23
1952	9	335
1952	10	89
1952	11	226
1952	12	629
1953	1	734
1953	2	393
1953	3	415
1953	4	221
1953	5	665
1953	6	419
1953	7	0
1953	8	144
1953	9	18
1953	10	178
1953	11	542
1953	12	430
1954	1	632
1954	2	277
1954	3	596
1954	4	255
1954	5	216
1954	6	564
1954	7	0
1954	8	112
1954	9	176
1954	10	46
1954	11	251
1954	12	517
1955	1	320
1955	2	286
1955	3	318
1955	4	493
1955	5	224
1955	6	110
1955	7	115
1955	8	0
1955	9	175
1955	10	112
1955	11	738
1955	12	1322
1956	1	1251
1956	2	468
1956	3	110
1956	4	414
1956	5	586
1956	6	358
1956	7	212
1956	8	5
1956	9	93
1956	10	1124
1956	11	77
1956	12	310
1957	1	396
1957	2	644
1957	3	785
1957	4	215
1957	5	496
1957	6	62
1957	7	66
1957	8	0
1957	9	422
1957	10	559
1957	11	339
1957	12	553
1958	1	564
1958	2	724
1958	3	409
1958	4	335
1958	5	259
1958	6	520
1958	7	249
1958	8	107
1958	9	212
1958	10	125
1958	11	170
1958	12	266
1959	1	361
1959	2	254
1959	3	207
1959	4	48
1959	5	387
1959	6	66
1959	7	13
1959	8	165
1959	9	415
1959	10	175
1959	11	0
1959	12	166
1960	1	455
1960	2	671
1960	3	553
1960	4	295
1960	5	585
1960	6	0
1960	7	33
1960	8	5
1960	9	5
1960	10	36
1960	11	743
1960	12	396
1961	1	211
1961	2	340
1961	3	355
1961	4	109
1961	5	351
1961	6	258
1961	7	3
1961	8	337
1961	9	104
1961	10	392
1961	11	306
1961	12	595
1962	1	379
1962	2	454
1962	3	436
1962	4	153
1962	5	658
1962	6	13
1962	7	0
1962	8	74
1962	9	134
1962	10	1680
1962	11	461
1962	12	362
1963	1	468
1963	2	483
1963	3	331
1963	4	750
1963	5	871
1963	6	504
1963	7	61
1963	8	58
1963	9	40
1963	10	313
1963	11	678
1963	12	239
1964	1	1007
1964	2	28
1964	3	210
1964	4	194
1964	5	344
1964	6	1072
1964	7	60
1964	8	103
1964	9	99
1964	10	114
1964	11	524
1964	12	2277
1965	1	715
1965	2	81
1965	3	66
1965	4	351
1965	5	280
1965	6	904
1965	7	41
1965	8	220
1965	9	13
1965	10	11
1965	11	709
1965	12	227
1966	1	456
1966	2	209
1966	3	252
1966	4	185
1966	5	290
1966	6	278
1966	7	28
1966	8	51
1966	9	114
1966	10	43
1966	11	922
1966	12	381
1967	1	882
1967	2	94
1967	3	453
1967	4	580
1967	5	322
1967	6	171
1967	7	3
1967	8	33
1967	9	56
1967	10	186
1967	11	336
1967	12	359
1968	1	473
1968	2	640
1968	3	180
1968	4	49
1968	5	536
1968	6	371
1968	7	0
1968	8	673
1968	9	16
1968	10	225
1968	11	781
1968	12	458
1969	1	1426
1969	2	337
1969	3	184
1969	4	225
1969	5	86
1969	6	841
1969	7	3
1969	8	0
1969	9	23
1969	10	637
1969	11	251
1969	12	981
1970	1	1476
1970	2	276
1970	3	307
1970	4	199
1970	5	238
1970	6	472
1970	7	0
1970	8	0
1970	9	48
1970	10	247
1970	11	892
1970	12	643
1971	1	371
1971	2	151
1971	3	977
1971	4	414
1971	5	1048
1971	6	471
1971	7	54
1971	8	23
1971	9	504
1971	10	272
1971	11	267
1971	12	385
1972	1	758
1972	2	659
1972	3	432
1972	4	306
1972	5	150
1972	6	41
1972	7	56
1972	8	13
1972	9	323
1972	10	386
1972	11	597
1972	12	594
1973	1	353
1973	2	291
1973	3	468
1973	4	222
1973	5	225
1973	6	5
1973	7	47
1973	8	84
1973	9	374
1973	10	372
1973	11	916
1973	12	547
1974	1	483
1974	2	313
1974	3	710
1974	4	206
1974	5	251
1974	6	41
1974	7	231
1974	8	28
1974	9	0
1974	10	201
1974	11	90
1974	12	664
1975	1	289
1975	2	803
1975	3	493
1975	4	624
1975	5	149
1975	6	265
1975	7	349
1975	8	82
1975	9	36
1975	10	527
1975	11	147
1975	12	408
1976	1	267
1976	2	578
1976	3	95
1976	4	188
1976	5	81
1976	6	258
1976	7	354
1976	8	771
1976	9	64
1976	10	122
1976	11	46
1976	12	3
1977	1	183
1977	2	49
1977	3	126
1977	4	73
1977	5	573
1977	6	122
1977	7	26
1977	8	195
1977	9	256
1977	10	116
1977	11	484
1977	12	763
1978	1	429
1978	2	162
1978	3	455
1978	4	754
1978	5	165
1978	6	317
1978	7	226
1978	8	54
1978	9	206
1978	10	0
1978	11	177
1978	12	212
1979	1	772
1979	2	487
1979	3	139
1979	4	313
1979	5	186
1979	6	96
1979	7	0
1979	8	337
1979	9	28
1979	10	514
1979	11	753
1979	12	361
1980	1	916
1980	2	644
1980	3	80
1980	4	181
1980	5	342
1980	6	222
1980	7	20
1980	8	0
1980	9	156
1980	10	390
1980	11	135
1980	12	455
1981	1	394
1981	2	285
1981	3	535
1981	4	284
1981	5	472
1981	6	186
1981	7	41
1981	8	0
1981	9	139
1981	10	525
1981	11	1141
1981	12	1606
1982	1	206
1982	2	373
1982	3	453
1982	4	132
1982	5	257
1982	6	311
1982	7	239
1982	8	56
1982	9	204
1982	10	435
1982	11	545
1982	12	577
1983	1	254
1983	2	539
1983	3	699
1983	4	478
1983	5	463
1983	6	124
1983	7	86
1983	8	303
1983	9	142
1983	10	235
1983	11	746
1983	12	1036
1984	1	51
1984	2	332
1984	3	303
1984	4	295
1984	5	208
1984	6	361
1984	7	196
1984	8	267
1984	9	114
1984	10	505
1984	11	673
1984	12	157
1985	1	171
1985	2	310
1985	3	483
1985	4	91
1985	5	233
1985	6	33
1985	7	71
1985	8	0
1985	9	506
1985	10	40
1985	11	1047
1985	12	26
1986	1	273
1986	2	921
1986	3	528
1986	4	131
1986	5	712
1986	6	109
1986	7	21
1986	8	0
1986	9	693
1986	10	156
1986	11	207
1986	12	227
1987	1	519
1987	2	326
1987	3	584
1987	4	391
1987	5	430
1987	6	602
1987	7	300
1987	8	25
1987	9	0
1987	10	0
1987	11	211
1987	12	587
1988	1	451
1988	2	61
1988	3	95
1988	4	859
1988	5	236
1988	6	139
1988	7	20
1988	8	0
1988	9	97
1988	10	0
1988	11	1028
1988	12	337
1989	1	351
1989	2	178
1989	3	792
1989	4	151
1989	5	275
1989	6	37
1989	7	0
1989	8	155
1989	9	241
1989	10	201
1989	11	170
1989	12	99
1990	1	432
1990	2	181
1990	3	390
1990	4	399
1990	5	498
1990	6	25
1990	7	177
1990	8	175
1990	9	79
1990	10	145
1990	11	95
1990	12	321
1991	1	175
1991	2	241
1991	3	533
1991	4	260
1991	5	569
1991	6	277
1991	7	59
1991	8	138
1991	9	15
1991	10	337
1991	11	337
1991	12	274
1992	1	82
1992	2	339
1992	3	450
1992	4	213
1992	5	107
1992	6	278
1992	7	96
1992	8	26
1992	9	328
1992	10	460
1992	11	323
1992	12	778
1993	1	867
1993	2	458
1993	3	385
1993	4	375
1993	5	326
1993	6	806
1993	7	76
1993	8	185
1993	9	13
1993	10	291
1993	11	294
1993	12	291
1994	1	129
1994	2	414
1994	3	83
1994	4	251
1994	5	556
1994	6	160
1994	7	175
1994	8	0
1994	9	99
1994	10	66
1994	11	617
1994	12	571
1995	1	733
1995	2	155
1995	3	830
1995	4	629
1995	5	452
1995	6	534
1995	7	99
1995	8	5
1995	9	15
1995	10	61
1995	11	196
1995	12	1160
1996	1	1159
1996	2	710
1996	3	157
1996	4	249
1996	5	574
1996	6	268
1996	7	282
1996	8	125
1996	9	260
1996	10	308
1996	11	379
1996	12	976
1997	1	783
1997	2	242
1997	3	161
1997	4	429
1997	5	94
1997	6	302
1997	7	180
1997	8	15
1997	9	195
1997	10	132
1997	11	516
1997	12	235
1998	1	1031
1998	2	612
1998	3	659
1998	4	320
1998	5	1107
1998	6	685
1998	7	23
1998	8	0
1998	9	144
1998	10	112
1998	11	1146
1998	12	293
1999	1	598
1999	2	1029
1999	3	267
1999	4	390
1999	5	87
1999	6	338
1999	7	8
1999	8	135
1999	9	0
1999	10	234
1999	11	158
1999	12	84
2000	1	1129
2000	2	736
2000	3	499
2000	4	305
2000	5	342
2000	6	119
2000	7	120
2000	8	5
2000	9	643
2000	10	533
2000	11	226
2000	12	320
2001	1	234
2001	2	318
2001	3	256
2001	4	262
2001	5	54
2001	6	41
2001	7	173
2001	8	18
2001	9	204
2001	10	138
2001	11	799
2001	12	531
2002	1	282
2002	2	444
2002	3	212
2002	4	519
2002	5	36
2002	6	62
2002	7	0
2002	8	10
2002	9	33
2002	10	10
2002	11	265
2002	12	613
2003	1	322
2003	2	182
2003	3	318
2003	4	583
2003	5	322
2003	6	0
2003	7	236
2003	8	0
2003	9	215
2003	10	3
2003	11	566
2003	12	925
2004	1	450
2004	2	432
2004	3	204
2004	4	123
2004	5	328
2004	6	104
2004	7	8
2004	8	85
2004	9	23
2004	10	647
2004	11	198
2004	12	584
2005	1	158
2005	2	297
2005	3	348
2005	4	593
2005	5	934
2005	6	216
2005	7	23
2005	8	0
2005	9	160
2005	10	132
2005	11	847
2005	12	1284
2006	1	690
2006	2	280
2006	3	313
2006	4	569
2006	5	35
2006	6	71
2006	7	5
2006	8	20
2006	9	33
2006	10	74
2006	11	427
2006	12	153
2007	1	40
2007	2	485
2007	3	76
2007	4	341
2007	5	124
2007	6	109
2007	7	5
2007	8	46
2007	9	368
2007	10	442
2007	11	99
2007	12	417
2008	1	501
2008	2	31
2008	3	63
2008	4	55
2008	5	312
2008	6	18
2008	7	0
2008	8	10
2008	9	10
2008	10	41
2008	11	282
2008	12	467
2009	1	247
2009	2	161
2009	3	218
2009	4	306
2009	5	130
2009	6	363
2009	7	19
2009	8	83
2009	9	4
2009	10	203
2009	11	202
2009	12	268
2010	1	354
2010	2	153
2010	3	233
2010	4	436
2010	5	344
2010	6	350
2010	7	66
2010	8	81
2010	9	84
2010	10	694
2010	11	100
2010	12	620
2011	1	220
2011	2	104
2011	3	494
2011	4	556
2011	5	493
2011	6	197
2011	7	13
2011	8	0
2011	9	5
2011	10	315
2011	11	130
2011	12	86
2012	1	433
2012	2	90
2012	3	449
2012	4	510
2012	5	171
2012	6	147
2012	7	3
2012	8	13
2012	9	3
2012	10	173
2012	11	786
2012	12	764
2013	1	127
2013	2	8
2013	3	117
2013	4	399
2013	5	280
2013	6	138
2013	7	0
2013	8	65
2013	9	109
2013	10	81
2013	11	153
2013	12	132
2014	1	262
2014	2	515
2014	3	483
2014	4	283
2014	5	184
2014	6	108
2014	7	64
2014	8	76
2014	9	26
2014	10	426
2014	11	352
2014	12	763
2015	1	118
2015	2	390
2015	3	171
2015	4	153
2015	5	464
2015	6	73
2015	7	257
2015	8	24
2015	9	44
2015	10	81
