1893	4	1107
1893	5	787
1893	6	289
1893	7	228
1893	8	81
1893	9	547
1893	10	1416
1893	11	615
1893	12	392
1894	1	961
1894	2	269
1894	3	838
1894	4	499
1894	5	909
1894	6	824
1894	7	137
1894	8	146
1894	9	517
1894	10	1041
1894	11	446
1894	12	298
1895	1	611
1895	2	146
1895	3	608
1895	4	783
1895	5	801
1895	6	357
1895	7	424
1895	8	99
1895	9	700
1895	10	50
1895	11	519
1895	12	554
1896	1	523
1896	2	457
1896	3	511
1896	4	801
1896	5	1077
1896	6	700
1896	7	195
1896	8	408
1896	9	537
1896	10	384
1896	11	1128
1896	12	629
1897	1	344
1897	2	571
1897	3	344
1897	4	494
1897	5	447
1897	6	1030
1897	7	485
1897	8	125
1897	9	534
1897	10	271
1897	11	1482
1897	12	574
1898	1	543
1898	2	403
1898	3	477
1898	4	518
1898	5	793
1898	6	480
1898	7	273
1898	8	158
1898	9	325
1898	10	281
1898	11	491
1898	12	193
1899	1	576
1899	2	832
1899	3	401
1899	4	895
1899	5	746
1899	6	462
1899	7	66
1899	8	315
1899	9	330
1899	10	822
1899	11	749
1899	12	562
1900	1	424
1900	2	609
1900	3	493
1900	4	1034
1900	5	1262
1900	6	487
1900	7	113
1900	8	278
1900	9	381
1900	10	680
1900	11	533
1900	12	768
1901	1	472
1901	2	593
1901	3	628
1901	4	580
1901	5	1346
1901	6	851
1901	7	80
1901	8	21
1901	9	314
1901	10	315
1901	11	428
1901	12	582
1902	1	376
1902	2	536
1902	3	281
1902	4	437
1902	5	1079
1902	6	135
1902	7	400
1902	8	26
1902	9	231
1902	10	199
1902	11	1312
1902	12	767
1903	1	657
1903	2	53
1903	3	759
1903	4	663
1903	5	1029
1903	6	627
1903	7	224
1903	8	288
1903	9	397
1903	10	555
1903	11	969
1903	12	431
1904	1	372
1904	2	849
1904	3	1207
1904	4	649
1904	5	365
1904	6	673
1904	7	270
1904	8	39
1904	9	92
1904	10	534
1904	11	250
1904	12	526
1905	1	251
1905	2	176
1905	3	678
1905	4	830
1905	5	666
1905	6	990
1905	7	98
1905	8	56
1905	9	508
1905	10	658
1905	11	381
1905	12	409
1906	1	529
1906	2	466
1906	3	726
1906	4	367
1906	5	1349
1906	6	703
1906	7	19
1906	8	371
1906	9	150
1906	10	220
1906	11	1105
1906	12	1010
1907	1	903
1907	2	407
1907	3	1050
1907	4	467
1907	5	426
1907	6	861
1907	7	274
1907	8	431
1907	9	196
1907	10	212
1907	11	301
1907	12	722
1908	1	286
1908	2	408
1908	3	759
1908	4	572
1908	5	777
1908	6	883
1908	7	91
1908	8	205
1908	9	706
1908	10	561
1908	11	348
1908	12	272
1909	1	686
1909	2	345
1909	3	632
1909	4	294
1909	5	723
1909	6	387
1909	7	1125
1909	8	211
1909	9	653
1909	10	374
1909	11	1325
1909	12	364
1910	1	422
1910	2	698
1910	3	343
1910	4	854
1910	5	785
1910	6	191
1910	7	10
1910	8	51
1910	9	305
1910	10	686
1910	11	1492
1910	12	385
1911	1	590
1911	2	91
1911	3	160
1911	4	127
1911	5	1272
1911	6	1548
1911	7	0
1911	8	177
1911	9	276
1911	10	762
1911	11	308
1911	12	232
1912	1	592
1912	2	940
1912	3	459
1912	4	1322
1912	5	1285
1912	6	445
1912	7	304
1912	8	387
1912	9	269
1912	10	415
1912	11	510
1912	12	159
1913	1	1148
1913	2	443
1913	3	525
1913	4	537
1913	5	212
1913	6	907
1913	7	167
1913	8	343
1913	9	58
1913	10	508
1913	11	437
1913	12	204
1914	1	853
1914	2	297
1914	3	432
1914	4	656
1914	5	606
1914	6	474
1914	7	0
1914	8	0
1914	9	568
1914	10	654
1914	11	314
1914	12	389
1915	1	382
1915	2	367
1915	3	608
1915	4	521
1915	5	1380
1915	6	432
1915	7	762
1915	8	0
1915	9	165
1915	10	297
1915	11	676
1915	12	135
1916	1	374
1916	2	548
1916	3	842
1916	4	744
1916	5	627
1916	6	670
1916	7	244
1916	8	216
1916	9	462
1916	10	384
1916	11	502
1916	12	424
1917	1	303
1917	2	414
1917	3	182
1917	4	531
1917	5	355
1917	6	483
1917	7	0
1917	8	0
1917	9	876
1917	10	84
1917	11	61
1917	12	860
1918	1	1143
1918	2	305
1918	3	559
1918	4	467
1918	5	355
1918	6	30
1918	7	343
1918	8	426
1918	9	77
1918	10	471
1918	11	299
1918	12	172
1919	1	266
1919	2	511
1919	3	549
1919	4	532
1919	5	667
1919	6	0
1919	7	0
1919	8	180
1919	9	114
1919	10	391
1919	11	813
1919	12	769
1920	1	741
1920	2	20
1920	3	1174
1920	4	898
1920	5	705
1920	6	502
1920	7	29
1920	8	195
1920	9	637
1920	10	1117
1920	11	464
1920	12	655
1921	1	653
1921	2	608
1921	3	539
1921	4	1150
1921	5	610
1921	6	258
1921	7	455
1921	8	46
1921	9	351
1921	10	414
1921	11	1065
1921	12	534
1922	1	212
1922	2	229
1922	3	724
1922	4	863
1922	5	672
1922	6	143
1922	7	64
1922	8	297
1922	9	117
1922	10	226
1922	11	277
1922	12	640
1923	1	396
1923	2	261
1923	3	389
1923	4	747
1923	5	1047
1923	6	1254
1923	7	111
1923	8	141
1923	9	107
1923	10	605
1923	11	495
1923	12	402
1924	1	509
1924	2	726
1924	3	398
1924	4	242
1924	5	170
1924	6	361
1924	7	153
1924	8	315
1924	9	225
1924	10	206
1924	11	1172
1924	12	712
1925	1	435
1925	2	255
1925	3	424
1925	4	631
1925	5	906
1925	6	330
1925	7	114
1925	8	340
1925	9	713
1925	10	644
1925	11	272
1925	12	839
1926	1	412
1926	2	919
1926	3	469
1926	4	439
1926	5	911
1926	6	531
1926	7	38
1926	8	755
1926	9	450
1926	10	741
1926	11	1069
1926	12	674
1927	1	718
1927	2	683
1927	3	664
1927	4	418
1927	5	1633
1927	6	570
1927	7	205
1927	8	191
1927	9	1255
1927	10	647
1927	11	1694
1927	12	640
1928	1	1009
1928	2	114
1928	3	694
1928	4	744
1928	5	117
1928	6	408
1928	7	150
1928	8	155
1928	9	525
1928	10	475
1928	11	370
1928	12	258
1929	1	443
1929	2	223
1929	3	643
1929	4	620
1929	5	311
1929	6	500
1929	7	40
1929	8	46
1929	9	43
1929	10	334
1929	11	103
1929	12	856
1930	1	377
1930	2	663
1930	3	719
1930	4	776
1930	5	644
1930	6	760
1930	7	45
1930	8	46
1930	9	404
1930	10	644
1930	11	363
1930	12	469
1931	1	514
1931	2	283
1931	3	1039
1931	4	905
1931	5	274
1931	6	439
1931	7	18
1931	8	0
1931	9	565
1931	10	444
1931	11	551
1931	12	477
1932	1	672
1932	2	461
1932	3	1230
1932	4	920
1932	5	1058
1932	6	104
1932	7	104
1932	8	235
1932	9	142
1932	10	663
1932	11	992
1932	12	241
1933	1	569
1933	2	422
1933	3	674
1933	4	418
1933	5	514
1933	6	922
1933	7	50
1933	8	151
1933	9	694
1933	10	699
1933	11	500
1933	12	973
1934	1	519
1934	2	246
1934	3	814
1934	4	390
1934	5	412
1934	6	549
1934	7	74
1934	8	5
1934	9	82
1934	10	514
1934	11	511
1934	12	437
1935	1	441
1935	2	186
1935	3	862
1935	4	645
1935	5	89
1935	6	474
1935	7	159
1935	8	142
1935	9	72
1935	10	759
1935	11	235
1935	12	377
1936	1	606
1936	2	890
1936	3	379
1936	4	279
1936	5	460
1936	6	629
1936	7	86
1936	8	20
1936	9	158
1936	10	76
1936	11	42
1936	12	381
1937	1	414
1937	2	358
1937	3	635
1937	4	1268
1937	5	300
1937	6	766
1937	7	54
1937	8	25
1937	9	61
1937	10	331
1937	11	679
1937	12	774
1938	1	346
1938	2	764
1938	3	958
1938	4	607
1938	5	691
1938	6	540
1938	7	201
1938	8	183
1938	9	277
1938	10	820
1938	11	602
1938	12	241
1939	1	257
1939	2	602
1939	3	213
1939	4	242
1939	5	501
1939	6	676
1939	7	238
1939	8	48
1939	9	200
1939	10	656
1939	11	112
1939	12	766
1940	1	842
1940	2	1034
1940	3	976
1940	4	978
1940	5	336
1940	6	393
1940	7	353
1940	8	3
1940	9	908
1940	10	965
1940	11	645
1940	12	308
1941	1	278
1941	2	339
1941	3	249
1941	4	737
1941	5	1115
1941	6	1381
1941	7	109
1941	8	526
1941	9	526
1941	10	924
1941	11	734
1941	12	579
1942	1	241
1942	2	351
1942	3	249
1942	4	1156
1942	5	1440
1942	6	627
1942	7	498
1942	8	0
1942	9	513
1942	10	439
1942	11	811
1942	12	848
1943	1	427
1943	2	338
1943	3	667
1943	4	696
1943	5	1029
1943	6	833
1943	7	330
1943	8	313
1943	9	99
1943	10	337
1943	11	339
1943	12	197
1944	1	196
1944	2	602
1944	3	457
1944	4	1206
1944	5	377
1944	6	699
1944	7	91
1944	8	294
1944	9	401
1944	10	454
1944	11	703
1944	12	402
1945	1	686
1945	2	462
1945	3	819
1945	4	906
1945	5	928
1945	6	506
1945	7	41
1945	8	5
1945	9	725
1945	10	586
1945	11	485
1945	12	430
1946	1	283
1946	2	427
1946	3	359
1946	4	747
1946	5	474
1946	6	770
1946	7	524
1946	8	170
1946	9	697
1946	10	667
1946	11	807
1946	12	651
1947	1	312
1947	2	249
1947	3	584
1947	4	802
1947	5	644
1947	6	1314
1947	7	8
1947	8	45
1947	9	625
1947	10	1135
1947	11	885
1947	12	613
1948	1	454
1948	2	309
1948	3	945
1948	4	975
1948	5	1942
1948	6	1115
1948	7	1068
1948	8	228
1948	9	333
1948	10	419
1948	11	626
1948	12	594
1949	1	129
1949	2	633
1949	3	376
1949	4	346
1949	5	826
1949	6	507
1949	7	275
1949	8	33
1949	9	565
1949	10	519
1949	11	650
1949	12	429
1950	1	679
1950	2	774
1950	3	451
1950	4	483
1950	5	517
1950	6	1105
1950	7	394
1950	8	198
1950	9	412
1950	10	838
1950	11	915
1950	12	673
1951	1	369
1951	2	353
1951	3	526
1951	4	353
1951	5	442
1951	6	485
1951	7	272
1951	8	226
1951	9	91
1951	10	1035
1951	11	206
1951	12	531
1952	1	311
1952	2	526
1952	3	455
1952	4	332
1952	5	1557
1952	6	1090
1952	7	156
1952	8	18
1952	9	106
1952	10	99
1952	11	306
1952	12	392
1953	1	931
1953	2	650
1953	3	381
1953	4	946
1953	5	1188
1953	6	643
1953	7	38
1953	8	199
1953	9	8
1953	10	116
1953	11	727
1953	12	416
1954	1	603
1954	2	251
1954	3	275
1954	4	686
1954	5	902
1954	6	1132
1954	7	229
1954	8	621
1954	9	350
1954	10	211
1954	11	374
1954	12	126
1955	1	617
1955	2	235
1955	3	331
1955	4	919
1955	5	940
1955	6	739
1955	7	440
1955	8	0
1955	9	561
1955	10	1331
1955	11	904
1955	12	893
1956	1	583
1956	2	610
1956	3	347
1956	4	476
1956	5	819
1956	6	833
1956	7	238
1956	8	414
1956	9	196
1956	10	1031
1956	11	272
1956	12	423
1957	1	518
1957	2	267
1957	3	1088
1957	4	563
1957	5	1423
1957	6	778
1957	7	91
1957	8	336
1957	9	150
1957	10	663
1957	11	441
1957	12	558
1958	1	353
1958	2	445
1958	3	401
1958	4	1344
1958	5	408
1958	6	1074
1958	7	220
1958	8	46
1958	9	537
1958	10	432
1958	11	824
1958	12	854
1959	1	821
1959	2	748
1959	3	782
1959	4	783
1959	5	635
1959	6	568
1959	7	112
1959	8	327
1959	9	1266
1959	10	870
1959	11	392
1959	12	316
1960	1	455
1960	2	364
1960	3	703
1960	4	675
1960	5	1043
1960	6	189
1960	7	15
1960	8	755
1960	9	211
1960	10	600
1960	11	785
1960	12	271
1961	1	130
1961	2	569
1961	3	884
1961	4	800
1961	5	841
1961	6	386
1961	7	107
1961	8	171
1961	9	428
1961	10	952
1961	11	783
1961	12	426
1962	1	315
1962	2	376
1962	3	465
1962	4	298
1962	5	878
1962	6	324
1962	7	23
1962	8	411
1962	9	445
1962	10	1326
1962	11	939
1962	12	502
1963	1	187
1963	2	336
1963	3	768
1963	4	1078
1963	5	452
1963	6	1166
1963	7	128
1963	8	26
1963	9	460
1963	10	358
1963	11	531
1963	12	510
1964	1	444
1964	2	86
1964	3	334
1964	4	1020
1964	5	556
1964	6	1402
1964	7	569
1964	8	704
1964	9	590
1964	10	380
1964	11	464
1964	12	1173
1965	1	747
1965	2	156
1965	3	142
1965	4	1206
1965	5	539
1965	6	361
1965	7	281
1965	8	797
1965	9	241
1965	10	461
1965	11	427
1965	12	114
1966	1	549
1966	2	488
1966	3	883
1966	4	321
1966	5	234
1966	6	596
1966	7	5
1966	8	249
1966	9	142
1966	10	597
1966	11	580
1966	12	696
1967	1	576
1967	2	142
1967	3	662
1967	4	840
1967	5	561
1967	6	468
1967	7	43
1967	8	0
1967	9	482
1967	10	969
1967	11	488
1967	12	879
1968	1	298
1968	2	592
1968	3	539
1968	4	661
1968	5	716
1968	6	791
1968	7	155
1968	8	821
1968	9	875
1968	10	788
1968	11	796
1968	12	489
1969	1	870
1969	2	234
1969	3	129
1969	4	837
1969	5	449
1969	6	914
1969	7	147
1969	8	0
1969	9	507
1969	10	638
1969	11	140
1969	12	496
1970	1	1189
1970	2	271
1970	3	594
1970	4	933
1970	5	374
1970	6	690
1970	7	355
1970	8	0
1970	9	941
1970	10	513
1970	11	545
1970	12	350
1971	1	783
1971	2	374
1971	3	354
1971	4	758
1971	5	927
1971	6	1035
1971	7	214
1971	8	181
1971	9	488
1971	10	429
1971	11	734
1971	12	682
1972	1	448
1972	2	890
1972	3	1012
1972	4	777
1972	5	742
1972	6	338
1972	7	176
1972	8	189
1972	9	242
1972	10	198
1972	11	366
1972	12	425
1973	1	288
1973	2	247
1973	3	524
1973	4	128
1973	5	586
1973	6	357
1973	7	56
1973	8	35
1973	9	665
1973	10	504
1973	11	984
1973	12	757
1974	1	576
1974	2	255
1974	3	584
1974	4	806
1974	5	492
1974	6	347
1974	7	217
1974	8	59
1974	9	56
1974	10	64
1974	11	366
1974	12	447
1975	1	1078
1975	2	502
1975	3	602
1975	4	1023
1975	5	743
1975	6	667
1975	7	312
1975	8	802
1975	9	107
1975	10	1118
1975	11	581
1975	12	1170
1976	1	672
1976	2	479
1976	3	506
1976	4	713
1976	5	830
1976	6	756
1976	7	315
1976	8	496
1976	9	389
1976	10	412
1976	11	183
1976	12	190
1977	1	272
1977	2	147
1977	3	553
1977	4	174
1977	5	1043
1977	6	320
1977	7	229
1977	8	684
1977	9	876
1977	10	460
1977	11	667
1977	12	1048
1978	1	844
1978	2	537
1978	3	523
1978	4	866
1978	5	849
1978	6	406
1978	7	615
1978	8	500
1978	9	340
1978	10	28
1978	11	541
1978	12	495
1979	1	404
1979	2	448
1979	3	458
1979	4	983
1979	5	1021
1979	6	184
1979	7	36
1979	8	678
1979	9	49
1979	10	614
1979	11	424
1979	12	263
1980	1	465
1980	2	450
1980	3	519
1980	4	338
1980	5	1260
1980	6	968
1980	7	402
1980	8	280
1980	9	428
1980	10	98
1980	11	628
1980	12	719
1981	1	296
1981	2	349
1981	3	568
1981	4	461
1981	5	854
1981	6	1344
1981	7	432
1981	8	128
1981	9	323
1981	10	465
1981	11	749
1981	12	505
1982	1	878
1982	2	420
1982	3	757
1982	4	619
1982	5	439
1982	6	479
1982	7	976
1982	8	221
1982	9	523
1982	10	868
1982	11	371
1982	12	638
1983	1	548
1983	2	458
1983	3	870
1983	4	319
1983	5	522
1983	6	686
1983	7	616
1983	8	381
1983	9	369
1983	10	319
1983	11	1017
1983	12	582
1984	1	123
1984	2	221
1984	3	1394
1984	4	613
1984	5	1195
1984	6	782
1984	7	158
1984	8	394
1984	9	475
1984	10	467
1984	11	707
1984	12	294
1985	1	181
1985	2	23
1985	3	417
1985	4	131
1985	5	891
1985	6	278
1985	7	13
1985	8	584
1985	9	949
1985	10	749
1985	11	479
1985	12	138
1986	1	279
1986	2	462
1986	3	870
1986	4	944
1986	5	752
1986	6	195
1986	7	354
1986	8	228
1986	9	728
1986	10	245
1986	11	1363
1986	12	51
1987	1	237
1987	2	308
1987	3	756
1987	4	473
1987	5	510
1987	6	684
1987	7	480
1987	8	244
1987	9	28
1987	10	0
1987	11	592
1987	12	810
1988	1	1150
1988	2	946
1988	3	1183
1988	4	1115
1988	5	517
1988	6	624
1988	7	158
1988	8	8
1988	9	456
1988	10	595
1988	11	1384
1988	12	647
1989	1	1347
1989	2	667
1989	3	1652
1989	4	761
1989	5	843
1989	6	842
1989	7	74
1989	8	499
1989	9	288
1989	10	575
1989	11	1015
1989	12	646
1990	1	1077
1990	2	931
1990	3	134
1990	4	988
1990	5	1007
1990	6	495
1990	7	315
1990	8	563
1990	9	126
1990	10	1478
1990	11	1490
1990	12	359
1991	1	1039
1991	2	456
1991	3	525
1991	4	777
1991	5	953
1991	6	1161
1991	7	139
1991	8	8
1991	9	20
1991	10	332
1991	11	2425
1991	12	1164
1992	1	689
1992	2	496
1992	3	406
1992	4	1113
1992	5	544
1992	6	605
1992	7	710
1992	8	241
1992	9	1189
1992	10	270
1992	11	935
1992	12	805
1993	1	559
1993	2	272
1993	3	757
1993	4	1162
1993	5	813
1993	6	1250
1993	7	360
1993	8	138
1993	9	79
1993	10	406
1993	11	395
1993	12	588
1994	1	490
1994	2	889
1994	3	607
1994	4	912
1994	5	610
1994	6	1251
1994	7	191
1994	8	61
1994	9	81
1994	10	893
1994	11	1423
1994	12	1224
1995	1	402
1995	2	633
1995	3	960
1995	4	1127
1995	5	514
1995	6	837
1995	7	283
1995	8	456
1995	9	315
1995	10	1356
1995	11	2349
1995	12	1400
1996	1	1485
1996	2	1484
1996	3	373
1996	4	1514
1996	5	1166
1996	6	181
1996	7	0
1996	8	78
1996	9	654
1996	10	866
1996	11	1488
1996	12	1896
1997	1	1755
1997	2	1187
1997	3	2062
1997	4	1398
1997	5	811
1997	6	874
1997	7	717
1997	8	341
1997	9	767
1997	10	877
1997	11	1016
1997	12	676
1998	1	991
1998	2	501
1998	3	717
1998	4	870
1998	5	1100
1998	6	1121
1998	7	310
1998	8	106
1998	9	741
1998	10	534
1998	11	1660
1998	12	1110
1999	1	1388
1999	2	1250
1999	3	1065
1999	4	410
1999	5	447
1999	6	755
1999	7	44
1999	8	309
1999	9	115
1999	10	274
1999	11	1474
1999	12	1407
2000	1	914
2000	2	974
2000	3	839
2000	4	644
2000	5	1047
2000	6	877
2000	7	81
2000	8	5
2000	9	1210
2000	10	1949
2000	11	661
2000	12	768
2001	1	510
2001	2	562
2001	3	1042
2001	4	913
2001	5	649
2001	6	1294
2001	7	411
2001	8	5
2001	9	359
2001	10	1112
2001	11	737
2001	12	763
2002	1	1428
2002	2	665
2002	3	1284
2002	4	822
2002	5	891
2002	6	913
2002	7	117
2002	8	0
2002	9	444
2002	10	183
2002	11	776
2002	12	793
2003	1	2112
2003	2	1272
2003	3	1876
2003	4	921
2003	5	748
2003	6	413
2003	7	127
2003	8	303
2003	9	301
2003	10	613
2003	11	1380
2003	12	1199
2004	1	1670
2004	2	735
2004	3	781
2004	4	443
2004	5	1725
2004	6	571
2004	7	160
2004	8	648
2004	9	940
2004	10	505
2004	11	946
2004	12	825
2005	1	804
2005	2	369
2005	3	900
2005	4	793
2005	5	1146
2005	6	1479
2005	7	13
2005	8	5
2005	9	371
2005	10	570
2005	11	1254
2005	12	1276
2006	1	1526
2006	2	721
2006	3	695
2006	4	1045
2006	5	1098
2006	6	824
2006	7	118
2006	8	94
2006	9	418
2006	10	427
2006	11	2077
2006	12	1133
2007	1	890
2007	2	1127
2007	3	750
2007	4	653
2007	5	636
2007	6	685
2007	7	18
2007	8	86
2007	9	457
2007	10	938
2007	11	1139
2007	12	1611
2008	1	909
2008	2	908
2008	3	1380
2008	4	721
2008	5	905
2008	6	1350
2008	7	41
2008	8	650
2008	9	290
2008	10	443
2008	11	1788
2008	12	1649
2009	1	2041
2009	2	478
2009	3	1617
2009	4	916
2009	5	810
2009	6	616
2009	7	278
2009	8	769
2009	9	26
2009	10	688
2009	11	704
2009	12	1003
2010	1	1078
2010	2	521
2010	3	743
2010	4	1204
2010	5	1243
2010	6	2796
2010	7	122
2010	8	390
2010	9	577
2010	10	789
2010	11	1143
2010	12	1623
2011	1	2029
2011	2	809
2011	3	1404
2011	4	2031
2011	5	1209
2011	6	1425
2011	7	254
2011	8	77
2011	9	92
2011	10	1104
2011	11	753
2011	12	844
2012	1	1654
2012	2	1366
2012	3	1453
2012	4	875
2012	5	1353
2012	6	1074
2012	7	238
2012	8	0
2012	9	8
2012	10	1528
2012	11	863
2012	12	1106
2013	1	1151
2013	2	791
2013	3	1179
2013	4	1229
2013	5	514
2013	6	621
2013	7	13
2013	8	407
2013	9	1056
2013	10	177
2013	11	1083
2013	12	1705
2014	1	1070
2014	2	1876
2014	3	2257
2014	4	1044
2014	5	644
2014	6	528
2014	7	37
2014	8	352
2014	9	173
2014	10	599
2014	11	1903
2014	12	1497
2015	1	1269
2015	2	703
2015	3	763
2015	4	715
2015	5	480
2015	6	107
2015	7	488
2015	8	133
2015	9	384
2015	10	300
