1872	5	688
1872	6	1094
1872	8	791
1872	9	719
1872	10	897
1872	11	706
1872	12	726
1873	1	773
1873	2	1279
1873	3	1067
1873	4	544
1873	5	1106
1873	6	1791
1873	7	1451
1873	8	1546
1873	9	598
1873	10	1465
1873	11	780
1873	12	737
1874	1	698
1874	2	563
1874	3	804
1874	4	1974
1874	5	358
1874	6	1352
1874	7	1158
1874	8	636
1874	9	1397
1874	10	63
1874	11	1342
1875	1	688
1875	2	679
1875	3	1262
1875	4	809
1875	5	484
1875	6	1153
1875	7	1590
1875	8	1648
1875	9	1410
1875	10	941
1875	11	1188
1875	12	934
1876	1	936
1876	2	952
1876	3	1160
1876	4	767
1876	5	932
1876	6	891
1876	7	1883
1876	8	1111
1876	9	1979
1876	10	428
1876	11	619
1876	12	455
1877	1	938
1877	2	270
1877	3	931
1877	4	687
1877	5	645
1877	6	1868
1881	8	121
1881	9	767
1881	10	1198
1881	11	908
1881	12	1385
1882	1	1493
1882	2	1336
1882	3	1671
1882	4	920
1882	5	1292
1882	6	1007
1882	7	733
1882	8	2281
1882	9	1999
1882	10	490
1882	11	647
1882	12	450
1883	1	1087
1883	2	1749
1883	3	936
1886	10	135
1886	12	386
1887	8	865
1888	1	1445
1888	2	320
1888	3	762
1888	4	361
1888	5	1199
1888	6	1181
1888	7	1803
1888	8	2598
1888	9	721
1888	10	1311
1888	11	853
1888	12	678
1889	1	594
1889	2	617
1889	3	914
1889	4	1135
1889	5	1760
1889	6	1869
1889	7	1222
1889	8	980
1889	9	963
1889	10	841
1889	11	2261
1889	12	701
1890	1	1549
1890	2	1201
1890	3	1593
1890	4	991
1890	5	2040
1890	6	1100
1890	7	1435
1890	8	2144
1890	9	1709
1890	10	1882
1890	11	572
1890	12	1737
1891	1	866
1891	2	1687
1891	3	1072
1891	4	554
1891	5	851
1891	6	2192
1891	7	1461
1891	8	978
1891	9	566
1891	10	759
1891	11	927
1891	12	1072
1892	1	1102
1892	2	665
1892	3	632
1892	4	820
1892	5	1646
1892	6	1956
1892	7	1806
1892	8	610
1892	9	561
1892	10	267
1892	11	889
1892	12	394
1893	1	566
1893	2	1074
1893	3	249
1893	4	1552
1893	5	1443
1893	6	594
1893	7	587
1893	8	880
1893	9	330
1893	10	818
1893	11	594
1893	12	1044
1894	1	732
1894	2	851
1894	3	736
1894	4	903
1894	5	1732
1894	6	356
1894	7	703
1894	8	361
1894	9	1466
1894	10	612
1894	11	752
1894	12	1318
1895	1	1242
1895	2	353
1895	3	980
1895	4	1046
1895	5	526
1895	6	1156
1895	7	1425
1895	8	954
1895	9	310
1895	10	366
1895	11	730
1895	12	729
1896	1	544
1896	2	798
1896	3	1171
1896	4	665
1896	5	803
1896	6	792
1896	7	3959
1896	8	717
1896	9	959
1896	10	924
1896	11	819
1896	12	410
1897	1	490
1897	2	1456
1897	3	794
1897	4	1178
1897	5	1147
1897	6	756
1897	7	1737
1897	8	546
1897	9	489
1897	10	56
1897	11	1586
1897	12	1093
1898	1	1427
1898	2	439
1898	3	1336
1898	4	1064
1898	5	880
1898	6	831
1898	7	1538
1898	8	1558
1898	9	392
1898	10	1481
1898	11	1014
1898	12	925
1899	1	1086
1899	2	1146
1899	3	1440
1899	4	348
1899	5	1292
1899	6	777
1899	7	1635
1899	8	858
1899	9	2076
1899	10	447
1899	11	806
1899	12	970
1900	1	589
1900	2	1006
1900	3	1153
1900	4	472
1900	5	690
1900	6	1440
1900	7	1663
1900	8	1321
1900	9	259
1900	10	1054
1900	11	1758
1900	12	562
1901	1	762
1901	2	169
1901	3	1234
1901	4	2172
1901	5	1591
1901	6	1933
1901	7	605
1901	8	933
1901	9	1133
1901	10	116
1901	11	950
1901	12	1808
1902	1	653
1902	2	675
1902	3	1437
1902	4	1392
1902	5	785
1902	6	1512
1902	7	1731
1902	8	667
1902	9	765
1902	10	928
1902	11	403
1902	12	1207
1903	1	426
1903	2	1201
1903	3	976
1903	4	901
1903	5	650
1903	6	1532
1903	7	1098
1903	8	827
1903	9	307
1903	10	742
1903	11	546
1903	12	459
1904	1	719
1904	2	663
1904	3	1098
1904	4	945
1904	5	926
1904	6	642
1904	7	838
1904	8	917
1904	9	505
1904	10	323
1904	11	64
1904	12	481
1905	1	925
1905	2	345
1905	3	818
1905	4	722
1905	5	810
1905	6	1337
1905	7	1324
1905	8	939
1905	9	517
1905	10	1413
1905	11	763
1905	12	1393
1906	1	1105
1906	2	475
1906	3	1309
1906	4	613
1906	5	450
1906	6	1003
1906	7	507
1906	8	2090
1906	9	683
1906	10	728
1906	11	440
1906	12	1427
1907	1	1657
1907	2	803
1907	3	2004
1907	4	546
1907	5	925
1907	6	1321
1907	7	1628
1907	8	1220
1907	9	1076
1907	10	781
1907	11	973
1907	12	932
1908	1	560
1908	2	1052
1908	3	1737
1908	4	1227
1908	5	1298
1908	6	1055
1908	7	674
1908	8	1021
1908	9	160
1908	10	145
1908	11	170
1908	12	741
1909	1	939
1909	2	1049
1909	3	622
1909	4	1455
1909	5	818
1909	6	1434
1909	7	1064
1909	8	1450
1909	9	353
1909	10	874
1909	11	162
1909	12	618
1910	1	2024
1910	2	874
1910	3	104
1910	4	694
1910	5	982
1910	6	1099
1910	7	722
1910	8	570
1910	9	1058
1910	10	376
1910	11	620
1910	12	919
1911	1	1366
1911	2	747
1911	3	599
1911	4	988
1911	5	434
1911	6	1819
1911	7	693
1911	8	2050
1911	9	1637
1911	10	1538
1911	11	792
1911	12	1029
1912	1	529
1912	2	444
1912	3	1524
1912	4	1207
1912	5	615
1912	6	1072
1912	7	2082
1912	8	1971
1912	9	1628
1912	10	470
1912	11	297
1912	12	528
1913	1	2017
1913	2	427
1913	3	1167
1913	4	775
1913	5	1412
1913	6	1052
1913	7	1664
1913	8	787
1913	9	759
1913	10	1278
1913	11	1608
1913	12	922
1914	1	846
1914	2	659
1914	3	687
1914	4	1641
1914	5	877
1914	6	1041
1914	7	572
1914	8	1430
1914	9	415
1914	10	598
1914	11	349
1914	12	1418
1915	1	1210
1915	2	730
1915	3	325
1915	4	469
1915	5	1352
1915	6	919
1915	7	1130
1915	8	983
1915	9	905
1915	10	821
1915	11	856
1915	12	1203
1916	1	1120
1916	2	1482
1916	3	1369
1916	4	693
1916	5	658
1916	6	1366
1916	7	609
1916	8	1401
1916	9	999
1916	10	674
1916	11	751
1916	12	761
1917	1	1153
1917	2	434
1917	3	1003
1917	4	579
1917	5	852
1917	6	1094
1917	7	795
1917	8	1302
1917	9	605
1917	10	1262
1917	11	126
1917	12	282
1918	1	770
1918	2	760
1918	3	511
1918	4	1157
1918	5	1085
1918	6	1248
1918	7	831
1918	8	1390
1918	9	481
1918	10	814
1918	11	490
1918	12	894
1919	1	800
1919	2	516
1919	3	712
1919	4	412
1919	5	939
1919	6	1450
1919	7	1203
1919	8	2278
1919	9	671
1919	10	1886
1919	11	1309
1919	12	1049
1920	1	695
1920	2	839
1920	3	596
1920	4	1239
1920	5	928
1920	6	1911
1920	7	1499
1920	8	1467
1920	9	1201
1920	10	285
1920	11	841
1920	12	487
1921	1	1243
1921	2	477
1921	3	1003
1921	4	865
1921	5	1245
1921	6	1041
1921	7	1146
1921	8	1527
1921	9	1461
1921	10	800
1921	11	2277
1921	12	998
1922	1	761
1922	2	407
1922	3	1244
1922	4	733
1922	5	562
1922	6	638
1922	7	1238
1922	8	679
1922	9	686
1922	10	1068
1922	11	297
1922	12	725
1923	1	934
1923	2	634
1923	3	829
1923	4	1009
1923	5	666
1923	6	1165
1923	7	1130
1923	8	1052
1923	9	727
1923	10	501
1923	11	814
1923	12	1291
1924	1	1061
1924	2	707
1924	3	1009
1924	4	809
1924	5	1711
1924	6	1243
1924	7	854
1924	8	738
1924	9	1654
1924	10	33
1924	11	457
1924	12	590
1925	1	770
1925	2	439
1925	3	728
1925	4	692
1925	5	1031
1925	6	572
1925	7	1692
1925	8	364
1925	9	517
1925	10	2095
1925	11	855
1925	12	409
1926	1	917
1926	2	1436
1926	3	530
1926	4	458
1926	5	393
1926	6	789
1926	7	943
1926	8	1770
1926	9	1489
1926	10	1347
1926	11	544
1926	12	1046
1927	1	1268
1927	2	1326
1927	3	941
1927	4	1231
1927	5	1093
1927	6	1088
1927	7	983
1927	8	664
1927	9	305
1927	10	1647
1927	11	1242
1927	12	1013
1928	1	444
1928	2	759
1928	3	981
1928	4	1748
1928	5	658
1928	6	1491
1928	7	1139
1928	8	1141
1928	9	86
1928	10	297
1928	11	778
1928	12	502
1929	1	605
1929	2	488
1929	3	739
1929	4	1486
1929	5	1106
1929	6	1370
1929	7	616
1929	8	1267
1929	9	950
1929	10	1332
1929	11	926
1929	12	693
1930	1	376
1930	2	710
1930	3	1047
1930	4	455
1930	5	777
1930	6	1593
1930	7	603
1930	8	788
1930	9	736
1930	10	222
1930	11	224
1930	12	555
1931	1	324
1931	2	570
1931	3	720
1931	4	1299
1931	5	1561
1931	6	969
1931	7	679
1931	8	1130
1931	9	1509
1931	10	698
1931	11	654
1931	12	879
1932	1	1073
1932	2	384
1932	3	1415
1932	4	229
1932	5	595
1932	6	833
1932	7	1325
1932	8	1070
1932	9	316
1932	10	785
1932	11	936
1932	12	565
1933	1	675
1933	2	516
1933	3	1759
1933	4	1246
1933	5	1577
1933	6	408
1933	7	1627
1933	8	1292
1933	9	841
1933	10	234
1933	11	496
1933	12	957
1934	1	627
1934	2	294
1934	3	878
1934	4	706
1934	5	597
1934	6	782
1934	7	1807
1934	8	1183
1934	9	881
1934	10	307
1934	11	770
1934	12	392
1935	1	1007
1935	2	819
1935	3	986
1935	4	859
1935	5	1335
1935	6	970
1935	7	1387
1935	8	2507
1935	9	610
1935	10	612
1935	11	647
1935	12	763
1936	1	948
1936	2	654
1936	3	2107
1936	4	842
1936	5	740
1936	6	336
1936	7	1381
1936	8	1517
1936	9	472
1936	10	906
1936	11	1037
1936	12	1144
1937	1	2130
1937	2	475
1937	3	485
1937	4	1436
1937	5	1031
1937	6	929
1937	7	2208
1937	8	570
1937	9	369
1937	10	1603
1937	11	473
1937	12	623
1938	1	532
1938	2	878
1938	3	1023
1938	4	873
1938	5	1141
1938	6	1473
1938	7	436
1938	8	389
1938	9	864
1938	10	390
1938	11	786
1938	12	369
1939	1	757
1939	2	1331
1939	3	958
1939	4	1192
1939	5	188
1939	6	2785
1939	7	925
1939	8	236
1939	9	531
1939	10	1008
1939	11	245
1939	12	671
1940	1	266
1940	2	883
1940	3	1201
1940	4	1641
1940	5	1858
1940	6	1913
1940	7	1040
1940	8	1559
1940	9	571
1940	10	565
1940	11	764
1940	12	618
1941	1	500
1941	2	197
1941	3	443
1941	4	488
1941	5	709
1941	6	2190
1941	7	1423
1941	8	1238
1941	9	749
1941	10	1070
1941	11	453
1941	12	354
1942	1	574
1942	2	703
1942	3	1042
1942	4	563
1942	5	1291
1942	6	1354
1942	7	361
1942	8	1466
1942	9	791
1942	10	1228
1942	11	950
1942	12	1177
1943	1	886
1943	2	327
1943	3	625
1943	4	1153
1943	5	2048
1943	6	567
1943	7	980
1943	8	736
1943	9	219
1943	10	633
1943	11	487
1943	12	230
1944	1	408
1944	2	539
1944	3	1404
1944	4	1050
1944	5	1538
1944	6	1272
1944	7	1125
1944	8	631
1944	9	881
1944	10	1309
1944	11	594
1944	12	1272
1945	1	757
1945	2	894
1945	3	1600
1945	4	960
1945	5	1041
1945	6	1150
1945	7	1334
1945	8	669
1945	9	2239
1945	10	646
1945	11	1293
1945	12	511
1946	1	563
1946	2	605
1946	3	981
1946	4	486
1946	5	1239
1946	6	1848
1946	7	838
1946	8	975
1946	9	489
1946	10	724
1946	11	428
1946	12	577
1947	1	911
1947	2	348
1947	3	400
1947	4	673
1947	5	1210
1947	6	1739
1947	7	1602
1947	8	916
1947	9	650
1947	10	326
1947	11	796
1947	12	373
1948	1	902
1948	2	605
1948	3	869
1948	4	1509
1948	5	1136
1948	6	1717
1948	7	710
1948	8	1267
1948	9	585
1948	10	844
1948	11	1092
1948	12	911
1949	1	1191
1949	2	550
1949	3	799
1949	4	676
1949	5	799
1949	6	1072
1949	7	773
1949	8	987
1949	9	575
1949	10	566
1949	11	580
1949	12	903
1950	1	1552
1950	2	876
1950	3	796
1950	4	885
1950	5	1279
1950	6	1170
1950	7	1217
1950	8	819
1950	9	1465
1950	10	493
1950	11	1634
1950	12	594
1951	1	1141
1951	2	620
1951	3	915
1951	4	1305
1951	5	832
1951	6	1897
1951	7	558
1951	8	157
1951	9	951
1951	10	285
1951	11	1089
1951	12	838
1952	1	1324
1952	2	432
1952	3	879
1952	4	981
1952	5	1624
1952	6	1076
1952	7	866
1952	8	798
1952	9	702
1952	10	422
1952	11	706
1952	12	839
1953	1	1023
1953	2	460
1953	3	1000
1953	4	903
1953	5	1351
1953	6	507
1953	7	859
1953	8	261
1953	9	864
1953	10	222
1953	11	259
1953	12	621
1954	1	653
1954	2	324
1954	3	838
1954	4	941
1954	5	961
1954	6	498
1954	7	647
1954	8	2284
1954	9	643
1954	10	2085
1954	11	265
1954	12	863
1955	1	299
1955	2	1039
1955	3	1381
1955	4	1111
1955	5	801
1955	6	927
1955	7	1231
1955	8	1134
1955	9	491
1955	10	938
1955	11	596
1955	12	113
1956	1	742
1956	2	1447
1956	3	1194
1956	4	777
1956	5	1436
1956	6	1400
1956	7	1077
1956	8	1995
1956	9	1102
1956	10	376
1956	11	341
1956	12	1209
1957	1	663
1957	2	700
1957	3	466
1957	4	842
1957	5	624
1957	6	660
1957	7	805
1957	8	202
1957	9	547
1957	10	829
1957	11	368
1957	12	854
1958	1	891
1958	2	432
1958	3	424
1958	4	880
1958	5	1331
1958	6	1521
1958	7	1602
1958	8	973
1958	9	931
1958	10	587
1958	11	672
1958	12	310
1959	1	882
1959	2	775
1959	3	551
1959	4	1261
1959	5	1568
1959	6	705
1959	7	747
1959	8	667
1959	9	261
1959	10	933
1959	11	930
1959	12	680
1960	1	646
1960	2	987
1960	3	487
1960	4	421
1960	5	1022
1960	6	397
1960	7	1105
1960	8	832
1960	9	741
1960	10	468
1960	11	345
1960	12	337
1961	1	574
1961	2	869
1961	3	1221
1961	4	1546
1961	5	676
1961	6	1313
1961	7	1072
1961	8	747
1961	9	488
1961	10	858
1961	11	878
1961	12	794
1962	1	657
1962	2	796
1962	3	992
1962	4	1131
1962	5	606
1962	6	450
1962	7	889
1962	8	1410
1962	9	1503
1962	10	703
1962	11	650
1962	12	733
1963	1	392
1963	2	573
1963	3	1472
1963	4	306
1963	5	423
1963	6	1408
1963	7	1032
1963	8	394
1963	9	284
1963	10	89
1963	11	1126
1963	12	339
1964	1	688
1964	2	707
1964	3	1256
1964	4	1420
1964	5	510
1964	6	1112
1964	7	1007
1964	8	957
1964	9	756
1964	10	230
1964	11	945
1964	12	1143
1965	1	778
1965	2	411
1965	3	910
1965	4	759
1965	5	844
1965	6	258
1965	7	526
1965	8	854
1965	9	965
1965	10	534
1965	11	631
1965	12	187
1966	1	1069
1966	2	761
1966	3	455
1966	4	1023
1966	5	469
1966	6	436
1966	7	560
1966	8	747
1966	9	467
1966	10	510
1966	11	1007
1966	12	478
1967	1	205
1967	2	650
1967	3	2175
1967	4	947
1967	5	1533
1967	6	666
1967	7	1305
1967	8	800
1967	9	950
1967	10	639
1967	11	776
1967	12	554
1968	1	750
1968	2	137
1968	3	824
1968	4	561
1968	5	1743
1968	6	739
1968	7	666
1968	8	1335
1968	9	557
1968	10	483
1968	11	1135
1968	12	648
1969	1	442
1969	2	233
1969	3	400
1969	4	1113
1969	5	638
1969	6	1211
1969	7	2336
1969	8	782
1969	9	503
1969	10	326
1969	11	682
1969	12	1289
1970	1	451
1970	2	539
1970	3	1029
1970	4	893
1970	5	1067
1970	6	1141
1970	7	1003
1970	8	603
1970	9	875
1970	10	659
1970	11	509
1970	12	935
1971	1	694
1971	2	849
1971	3	496
1971	4	243
1971	5	1436
1971	6	578
1971	7	1069
1971	8	888
1971	9	1369
1971	10	288
1971	11	632
1971	12	626
1972	1	751
1972	2	831
1972	3	1604
1972	4	1450
1972	5	669
1972	6	2774
1972	7	814
1972	8	494
1972	9	465
1972	10	590
1972	11	1159
1972	12	1533
1973	1	470
1973	2	583
1973	3	612
1973	4	1375
1973	5	1173
1973	6	751
1973	7	1018
1973	8	1363
1973	9	1168
1973	10	473
1973	11	746
1973	12	1100
1974	1	1296
1974	2	408
1974	3	964
1974	4	783
1974	5	1367
1974	6	2001
1974	7	1292
1974	8	937
1974	9	1286
1974	10	357
1974	11	503
1974	12	1151
1975	1	1047
1975	2	798
1975	3	1089
1975	4	960
1975	5	929
1975	6	948
1975	7	397
1975	8	1413
1975	9	1531
1975	10	716
1975	11	552
1975	12	913
1976	1	908
1976	2	540
1976	3	532
1976	4	690
1976	5	698
1976	6	1416
1976	7	925
1976	8	590
1976	9	640
1976	10	1493
1976	11	178
1976	12	568
1977	1	295
1977	2	437
1977	3	1151
1977	4	1173
1977	5	666
1977	6	769
1977	7	1279
1977	8	1446
1977	9	568
1977	10	859
1977	11	560
1977	12	436
1978	1	1246
1978	2	159
1978	3	511
1978	4	799
1978	5	1475
1978	6	1681
1978	7	1439
1978	8	1094
1978	9	839
1978	10	832
1978	11	553
1978	12	1312
1979	1	963
1979	2	954
1979	3	499
1979	4	885
1979	5	1363
1979	6	351
1979	7	1310
1979	8	1429
1979	9	1297
1979	10	1357
1979	11	701
1979	12	545
1980	1	369
1980	2	351
1980	3	1002
1980	4	814
1980	5	1447
1980	6	1035
1980	7	2127
1980	8	2276
1980	9	698
1980	10	394
1980	11	767
1980	12	472
1981	1	193
1981	2	1296
1981	3	661
1981	4	1603
1981	5	988
1981	6	1622
1981	7	848
1981	8	296
1981	9	800
1981	10	770
1981	11	383
1981	12	694
1982	1	760
1982	2	603
1982	3	858
1982	4	310
1982	5	683
1982	6	1236
1982	7	1437
1982	8	1070
1982	9	766
1982	10	182
1982	11	923
1982	12	680
1983	1	447
1983	2	299
1983	3	957
1983	4	1611
1983	5	1811
1983	6	983
1983	7	1393
1983	8	316
1983	9	637
1983	10	989
1983	11	1055
1983	12	807
1984	1	332
1984	2	537
1984	3	736
1984	4	1246
1984	5	1305
1984	6	666
1984	7	1080
1984	8	1063
1984	9	1184
1984	10	1281
1984	11	1003
1984	12	905
1985	1	599
1985	2	386
1985	3	1033
1985	4	655
1985	5	1488
1985	6	765
1985	7	1630
1985	8	1120
1985	9	272
1985	10	733
1985	11	3207
1985	12	672
1986	1	946
1986	2	1250
1986	3	711
1986	4	765
1986	5	652
1986	6	877
1986	7	1833
1986	8	561
1986	9	876
1986	10	1517
1986	11	1219
1986	12	741
1987	1	722
1987	2	210
1987	3	388
1987	4	1423
1987	5	1431
1987	6	1010
1987	7	835
1987	8	876
1987	9	1081
1987	10	565
1987	11	705
1987	12	820
1988	1	413
1988	2	1053
1988	3	1081
1988	4	978
1988	5	1396
1988	6	504
1988	7	922
1988	8	1236
1988	9	1156
1988	10	658
1988	11	1180
1988	12	576
1989	1	955
1989	2	1364
1989	3	1876
1989	4	688
1989	5	1352
1989	6	1610
1989	7	885
1989	8	772
1989	9	994
1989	10	1121
1989	11	644
1989	12	318
1990	1	841
1990	2	1113
1990	3	455
1990	4	826
1990	5	1636
1990	6	909
1990	7	2184
1990	8	766
1990	9	1205
1990	10	1194
1990	11	585
1990	12	1734
1991	1	825
1991	2	735
1991	3	882
1991	4	998
1991	5	616
1991	6	393
1991	7	413
1991	8	538
1991	9	538
1991	10	402
1991	11	1254
1991	12	1225
1992	1	650
1992	2	508
1992	3	1066
1992	4	683
1992	5	792
1992	6	445
1992	7	1694
1992	8	1759
1992	9	600
1992	10	373
1992	11	818
1992	12	1019
1993	1	588
1993	2	441
1993	3	1102
1993	4	862
1993	5	316
1993	6	1090
1993	7	1036
1993	8	495
1993	9	1545
1993	10	812
1993	11	895
1993	12	730
1994	1	1369
1994	2	995
1994	3	1910
1994	4	889
1994	5	872
1994	6	1144
1994	7	800
1994	8	1685
1994	9	504
1994	10	217
1994	11	720
1994	12	594
1995	1	663
1995	2	507
1995	3	491
1995	4	685
1995	5	1005
1995	6	833
1995	7	921
1995	8	1188
1995	9	418
1995	10	992
1995	11	922
1995	12	674
1996	1	1271
1996	2	1097
1996	3	1370
1996	4	1088
1996	5	1744
1996	6	1728
1996	7	2106
1996	8	744
1996	9	1603
1996	10	1081
1996	11	801
1996	12	839
1997	1	344
1997	2	285
1997	3	1312
1997	4	341
1997	5	1380
1997	6	613
1997	7	902
1997	8	1493
1997	9	742
1997	10	332
1997	11	1472
1997	12	487
1998	1	847
1998	2	910
1998	3	768
1998	4	1264
1998	5	586
1998	6	1740
1998	7	698
1998	8	699
1998	9	874
1998	10	369
1998	11	271
1998	12	409
1999	1	1436
1999	2	619
1999	3	890
1999	4	1244
1999	5	871
1999	6	626
1999	7	1040
1999	8	356
1999	9	781
1999	10	547
1999	11	1095
1999	12	591
2000	1	303
2000	2	1274
2000	3	825
2000	4	1028
2000	5	1124
2000	6	1275
2000	7	881
2000	8	960
2000	9	705
2000	10	564
2000	11	449
2000	12	472
2001	1	625
2001	2	458
2001	3	858
2001	4	651
2001	5	713
2001	6	1327
2001	7	816
2001	8	1026
2001	9	916
2001	10	439
2001	11	573
2001	12	593
2002	1	650
2002	2	334
2002	3	1250
2002	4	1135
2002	5	1450
2002	6	1440
2002	7	1265
2002	8	481
2002	9	690
2002	10	651
2002	11	773
2002	12	616
2003	1	677
2003	2	976
2003	3	452
2003	4	425
2003	5	1609
2003	6	1305
2003	7	1156
2003	8	1666
2003	9	999
2003	10	990
2003	11	1445
2003	12	851
2004	1	1072
2004	2	562
2004	3	986
2004	4	1337
2004	5	1732
2004	6	1620
2004	7	1718
2004	8	797
2004	9	1321
2004	10	535
2004	11	800
2004	12	661
2005	1	1738
2005	2	552
2005	3	1310
2005	4	510
2005	5	964
2005	6	1305
2005	7	642
2005	8	718
2005	9	392
2005	10	1368
2005	11	1101
2005	12	461
2006	1	1081
2006	2	227
2006	3	410
2006	4	1017
2006	5	931
2006	6	1629
2006	7	1047
2006	8	431
2006	9	1020
2006	10	1224
2006	11	740
2006	12	448
2007	1	895
2007	2	477
2007	3	1187
2007	4	1172
2007	5	678
2007	6	638
2007	7	1061
2007	8	2064
2007	9	589
2007	10	574
2007	11	1211
2007	12	1620
2008	1	714
2008	2	966
2008	3	1053
2008	4	1012
2008	5	1251
2008	6	1563
2008	7	1473
2008	8	232
2008	9	831
2008	10	387
2008	11	599
2008	12	1755
2009	1	874
2009	2	441
2009	3	503
2009	4	757
2009	5	1527
2009	6	698
2009	7	846
2009	8	789
2009	9	548
2009	10	1139
2009	11	272
2009	12	845
2010	1	607
2010	2	872
2010	3	642
2010	4	610
2010	5	1069
2010	6	929
2010	7	1291
2010	8	473
2010	9	937
2010	10	784
2010	11	848
2010	12	626
2011	1	500
2011	2	894
2011	3	1051
2011	4	1750
2011	5	1287
2011	6	1510
2011	7	1761
2011	8	809
2011	9	1770
2011	10	1264
2011	11	1255
2011	12	904
2012	1	901
2012	2	325
2012	3	1231
2012	4	615
2012	5	1308
2012	6	758
2012	7	1474
2012	8	536
2012	9	1296
2012	10	1832
2012	11	262
2012	12	1689
2013	1	888
2013	2	452
2013	3	678
2013	4	498
2013	5	966
2013	6	1287
2013	7	1943
2013	8	1908
2013	9	581
2013	10	406
2013	11	882
2013	12	936
2014	1	527
2014	2	790
2014	3	614
2014	4	717
2014	5	1221
2014	6	636
2014	7	1135
2014	8	861
2014	9	521
2014	10	837
2014	11	629
2014	12	850
2015	1	683
2015	2	386
2015	3	1435
2015	4	1489
2015	5	619
2015	6	1959
2015	7	744
2015	8	471
2015	9	477
2015	10	394
