1893	1	179
1893	2	352
1893	3	657
1893	4	1798
1893	5	1616
1893	6	1001
1893	7	2489
1893	8	232
1893	9	620
1893	10	191
1893	11	442
1893	12	146
1894	1	724
1894	2	386
1894	3	442
1894	4	807
1894	5	790
1894	6	1278
1894	7	846
1894	8	89
1894	9	1551
1894	10	247
1894	11	226
1894	12	564
1895	1	216
1895	2	81
1895	3	448
1895	4	709
1895	5	878
1895	6	1583
1895	7	900
1895	8	374
1895	9	147
1895	10	0
1895	11	989
1895	12	1890
1896	1	140
1896	2	125
1896	3	252
1896	4	1122
1896	5	1629
1896	6	300
1896	7	1778
1896	8	292
1896	9	691
1896	10	350
1896	11	491
1896	12	250
1897	1	1163
1897	2	327
1897	3	765
1897	4	338
1897	5	384
1897	6	1824
1897	7	297
1897	8	353
1897	9	206
1897	10	149
1897	11	371
1897	12	645
1898	1	857
1898	2	586
1898	3	1795
1898	4	752
1898	5	1633
1898	6	2292
1898	7	1636
1898	8	651
1898	9	1592
1898	10	1158
1898	11	680
1898	12	488
1899	1	115
1899	2	551
1899	3	657
1899	4	937
1899	5	2098
1899	6	1457
1899	7	551
1899	8	632
1899	9	188
1899	10	643
1899	11	412
1899	12	556
1900	1	325
1900	2	1221
1900	3	333
1900	4	888
1900	5	256
1900	6	1402
1900	7	1299
1900	8	1131
1900	9	1177
1900	10	1232
1900	11	337
1900	12	87
1901	1	531
1901	2	323
1901	3	1173
1901	4	542
1901	5	453
1901	6	282
1901	7	509
1901	8	673
1901	9	610
1901	10	427
1901	11	211
1901	12	418
1902	1	295
1902	2	665
1902	3	1253
1902	4	453
1902	5	1227
1902	6	1085
1902	7	1642
1902	8	1721
1902	9	1286
1902	10	526
1902	11	553
1902	12	427
1903	1	428
1903	2	638
1903	3	1155
1903	4	1141
1903	5	2221
1903	6	946
1903	7	1722
1903	8	1826
1903	9	714
1903	10	865
1903	11	252
1903	12	291
1904	1	378
1904	2	38
1904	3	520
1904	4	963
1904	5	2236
1904	6	1498
1904	7	1908
1904	8	1267
1904	9	749
1904	10	216
1904	11	10
1904	12	226
1905	1	284
1905	2	503
1905	3	480
1905	4	643
1905	5	889
1905	6	612
1905	7	2163
1905	8	1557
1905	9	2752
1905	10	910
1905	11	341
1905	12	246
1906	1	431
1906	2	777
1906	3	661
1906	4	333
1906	5	339
1906	6	1821
1906	7	753
1906	8	1095
1906	9	664
1906	10	81
1906	11	585
1906	12	596
1907	1	2283
1907	2	191
1907	3	957
1907	4	1161
1907	5	2494
1907	6	2630
1907	7	1137
1907	8	1209
1907	9	302
1907	10	826
1907	11	363
1907	12	366
1908	1	236
1908	2	673
1908	3	416
1908	4	508
1908	5	1851
1908	6	3378
1908	7	1422
1908	8	1441
1908	9	767
1908	10	1388
1908	11	1187
1908	12	224
1909	1	645
1909	2	503
1909	3	153
1909	4	825
1909	5	1091
1909	6	1210
1909	7	1649
1909	8	145
1909	9	1093
1909	10	755
1909	11	413
1909	12	759
1910	1	526
1910	2	210
1910	3	73
1910	4	1216
1910	5	1458
1910	6	1012
1910	7	1028
1910	8	597
1910	9	2216
1910	10	117
1910	11	38
1910	12	243
1911	1	35
1911	2	1072
1911	3	420
1911	4	860
1911	5	413
1911	6	171
1911	7	559
1911	8	534
1911	9	1844
1911	10	890
1911	11	358
1911	12	442
1912	1	57
1912	2	298
1912	3	1698
1912	4	1136
1912	5	294
1912	6	1251
1912	7	834
1912	8	1769
1912	9	414
1912	10	803
1912	11	71
1912	12	193
1913	1	268
1913	2	711
1913	3	819
1913	4	822
1913	5	671
1913	6	322
1913	7	744
1913	8	28
1913	9	1212
1913	10	1017
1913	11	1008
1913	12	846
1914	1	495
1914	2	687
1914	3	873
1914	4	803
1914	5	384
1914	6	847
1914	7	706
1914	8	1044
1914	9	1696
1914	10	1570
1914	11	54
1914	12	450
1915	1	678
1915	2	1229
1915	3	616
1915	4	579
1915	5	2967
1915	6	1606
1915	7	1568
1915	8	849
1915	9	2201
1915	10	292
1915	11	547
1915	12	427
1916	1	1778
1916	2	150
1916	3	1351
1916	4	975
1916	5	1641
1916	6	1542
1916	7	135
1916	8	678
1916	9	951
1916	10	905
1916	11	784
1916	12	118
1917	1	147
1917	2	10
1917	3	839
1917	4	1522
1917	5	1044
1917	6	993
1917	7	427
1917	8	1073
1917	9	989
1917	10	250
1917	11	18
1917	12	54
1918	1	168
1918	2	295
1918	3	292
1918	4	974
1918	5	1147
1918	6	689
1918	7	474
1918	8	531
1918	9	2136
1918	10	688
1918	11	737
1918	12	750
1919	1	107
1919	2	938
1919	3	193
1919	4	570
1919	5	1694
1919	6	1326
1919	7	577
1919	8	887
1919	9	453
1919	10	543
1919	11	619
1919	12	142
1920	1	153
1920	2	93
1920	3	1226
1920	4	1281
1920	5	1037
1920	6	599
1920	7	1350
1920	8	1675
1920	9	1564
1920	10	573
1920	11	244
1920	12	230
1921	1	640
1921	2	112
1921	3	787
1921	4	1171
1921	5	846
1921	6	1689
1921	7	996
1921	8	1562
1921	9	2399
1921	10	617
1921	11	200
1921	12	375
1922	1	228
1922	2	298
1922	3	1578
1922	4	2280
1922	5	749
1922	6	440
1922	7	1581
1922	8	508
1922	9	1215
1922	10	295
1922	11	835
1922	12	199
1923	1	261
1923	2	180
1923	3	642
1923	4	923
1923	5	764
1923	6	2038
1923	7	694
1923	8	532
1923	9	2002
1923	10	972
1923	11	484
1923	12	596
1924	1	397
1924	2	405
1924	3	446
1924	4	412
1924	5	782
1924	6	2852
1924	7	2019
1924	8	251
1924	9	874
1924	10	288
1924	11	440
1924	12	466
1925	1	187
1925	2	387
1925	3	653
1925	4	1220
1925	5	898
1925	6	1338
1925	7	358
1925	8	340
1925	9	1021
1925	10	924
1925	11	622
1925	12	534
1926	1	445
1926	2	587
1926	3	399
1926	4	908
1926	5	887
1926	6	813
1926	7	837
1926	8	1490
1926	9	2024
1926	10	1157
1926	11	440
1926	12	424
1927	1	385
1927	2	237
1927	3	2715
1927	4	1583
1927	5	806
1927	6	1338
1927	7	886
1927	8	738
1927	9	1983
1927	10	976
1927	11	705
1927	12	591
1928	1	84
1928	2	1043
1928	3	145
1928	4	462
1928	5	741
1928	6	1455
1928	7	759
1928	8	1844
1928	9	486
1928	10	627
1928	11	2764
1928	12	495
1929	1	1141
1929	2	536
1929	3	1310
1929	4	1767
1929	5	2674
1929	6	2056
1929	7	945
1929	8	485
1929	9	670
1929	10	1630
1929	11	240
1929	12	114
1930	1	467
1930	2	38
1930	3	196
1930	4	808
1930	5	722
1930	6	1047
1930	7	285
1930	8	326
1930	9	767
1930	10	321
1930	11	470
1930	12	46
1931	1	111
1931	2	351
1931	3	660
1931	4	656
1931	5	1245
1931	6	722
1931	7	607
1931	8	688
1931	9	1524
1931	10	971
1931	11	2072
1931	12	204
1932	1	198
1932	2	160
1932	3	76
1932	4	570
1932	5	947
1932	6	1584
1932	7	1313
1932	8	2158
1932	9	366
1932	10	653
1932	11	422
1932	12	833
1933	1	370
1933	2	261
1933	3	694
1933	4	729
1933	5	1501
1933	6	294
1933	7	371
1933	8	531
1933	9	1578
1933	10	823
1933	11	74
1933	12	341
1934	1	356
1934	2	156
1934	3	208
1934	4	547
1934	5	1044
1934	6	561
1934	7	227
1934	8	268
1934	9	2196
1934	10	957
1934	11	1465
1934	12	632
1935	1	641
1935	2	348
1935	3	572
1935	4	778
1935	5	1886
1935	6	1520
1935	7	112
1935	8	275
1935	9	1078
1935	10	803
1935	11	1441
1935	12	128
1936	1	149
1936	2	362
1936	3	43
1936	4	225
1936	5	757
1936	6	94
1936	7	318
1936	8	195
1936	9	2271
1936	10	1070
1936	11	178
1936	12	529
1937	1	1210
1937	2	503
1937	3	372
1937	4	678
1937	5	919
1937	6	882
1937	7	570
1937	8	446
1937	9	335
1937	10	566
1937	11	522
1937	12	222
1938	1	719
1938	2	749
1938	3	1006
1938	4	1144
1938	5	2188
1938	6	1246
1938	7	551
1938	8	793
1938	9	636
1938	10	409
1938	11	959
1938	12	201
1939	1	396
1939	2	364
1939	3	500
1939	4	1217
1939	5	676
1939	6	1331
1939	7	221
1939	8	1283
1939	9	218
1939	10	214
1939	11	725
1939	12	357
1940	1	454
1940	2	260
1940	3	764
1940	4	1329
1940	5	701
1940	6	1191
1940	7	36
1940	8	1661
1940	9	113
1940	10	315
1940	11	829
1940	12	607
1941	1	1132
1941	2	48
1941	3	135
1941	4	923
1941	5	660
1941	6	1294
1941	7	649
1941	8	1144
1941	9	1494
1941	10	1978
1941	11	303
1941	12	438
1942	1	153
1942	2	511
1942	3	371
1942	4	1115
1942	5	937
1942	6	2919
1942	7	530
1942	8	355
1942	9	2704
1942	10	1001
1942	11	651
1942	12	529
1943	1	206
1943	2	180
1943	3	258
1943	4	695
1943	5	2635
1943	6	1281
1943	7	803
1943	8	231
1943	9	1019
1943	10	1141
1943	11	61
1943	12	201
1944	1	63
1944	2	759
1944	3	1488
1944	4	2502
1944	5	832
1944	6	1212
1944	7	1553
1944	8	2127
1944	9	572
1944	10	403
1944	11	591
1944	12	552
1945	1	69
1945	2	484
1945	3	1460
1945	4	1321
1945	5	1251
1945	6	1958
1945	7	388
1945	8	384
1945	9	2346
1945	10	386
1945	11	117
1945	12	290
1946	1	898
1946	2	315
1946	3	526
1946	4	1083
1946	5	930
1946	6	452
1946	7	784
1946	8	1791
1946	9	572
1946	10	1291
1946	11	743
1946	12	361
1947	1	234
1947	2	58
1947	3	1167
1947	4	1814
1947	5	1315
1947	6	2566
1947	7	200
1947	8	402
1947	9	1158
1947	10	1306
1947	11	547
1947	12	505
1948	1	251
1948	2	294
1948	3	1176
1948	4	113
1948	5	1108
1948	6	2515
1948	7	1988
1948	8	201
1948	9	572
1948	10	463
1948	11	719
1948	12	276
1949	1	1321
1949	2	523
1949	3	478
1949	4	449
1949	5	976
1949	6	2132
1949	7	1191
1949	8	1157
1949	9	1357
1949	10	1232
1949	11	91
1949	12	930
1950	1	468
1950	2	244
1950	3	305
1950	4	711
1950	5	1006
1950	6	1418
1950	7	1292
1950	8	2340
1950	9	84
1950	10	18
1950	11	79
1950	12	53
1951	1	325
1951	2	787
1951	3	1176
1951	4	657
1951	5	800
1951	6	3120
1951	7	1866
1951	8	1420
1951	9	1245
1951	10	808
1951	11	562
1951	12	252
1952	1	188
1952	2	416
1952	3	846
1952	4	946
1952	5	932
1952	6	331
1952	7	991
1952	8	2231
1952	9	165
1952	10	15
1952	11	573
1952	12	267
1953	1	200
1953	2	232
1953	3	1224
1953	4	1268
1953	5	617
1953	6	599
1953	7	394
1953	8	286
1953	9	511
1953	10	549
1953	11	247
1953	12	317
1954	1	46
1954	2	389
1954	3	285
1954	4	741
1954	5	1313
1954	6	889
1954	7	313
1954	8	1751
1954	9	372
1954	10	1597
1954	11	0
1954	12	625
1955	1	546
1955	2	671
1955	3	359
1955	4	150
1955	5	1936
1955	6	707
1955	7	466
1955	8	1468
1955	9	1421
1955	10	982
1955	11	28
1955	12	84
1956	1	135
1956	2	383
1956	3	135
1956	4	579
1956	5	549
1956	6	747
1956	7	1284
1956	8	730
1956	9	28
1956	10	146
1956	11	226
1956	12	430
1957	1	409
1957	2	359
1957	3	783
1957	4	860
1957	5	1125
1957	6	1130
1957	7	655
1957	8	830
1957	9	912
1957	10	1287
1957	11	691
1957	12	1130
1958	1	441
1958	2	526
1958	3	638
1958	4	597
1958	5	1239
1958	6	1925
1958	7	1758
1958	8	107
1958	9	675
1958	10	397
1958	11	594
1958	12	195
1959	1	295
1959	2	438
1959	3	20
1959	4	506
1959	5	1157
1959	6	737
1959	7	1030
1959	8	343
1959	9	945
1959	10	922
1959	11	73
1959	12	315
1960	1	419
1960	2	581
1960	3	604
1960	4	2769
1960	5	1458
1960	6	1037
1960	7	806
1960	8	855
1960	9	300
1960	10	1876
1960	11	127
1960	12	671
1961	1	28
1961	2	510
1961	3	1475
1961	4	1489
1961	5	1542
1961	6	1060
1961	7	1859
1961	8	1085
1961	9	3703
1961	10	1280
1961	11	1302
1961	12	432
1962	1	533
1962	2	393
1962	3	188
1962	4	148
1962	5	904
1962	6	696
1962	7	571
1962	8	94
1962	9	1730
1962	10	969
1962	11	217
1962	12	225
1963	1	64
1963	2	23
1963	3	1023
1963	4	685
1963	5	1453
1963	6	907
1963	7	493
1963	8	435
1963	9	383
1963	10	297
1963	11	475
1963	12	112
1964	1	332
1964	2	351
1964	3	731
1964	4	1791
1964	5	1438
1964	6	1614
1964	7	674
1964	8	353
1964	9	917
1964	10	61
1964	11	607
1964	12	384
1965	1	782
1965	2	330
1965	3	925
1965	4	1151
1965	5	385
1965	6	3234
1965	7	3709
1965	8	1519
1965	9	1531
1965	10	961
1965	11	33
1965	12	366
1966	1	0
1966	2	343
1966	3	369
1966	4	1071
1966	5	592
1966	6	1856
1966	7	366
1966	8	1815
1966	9	871
1966	10	302
1966	11	187
1966	12	238
1967	1	686
1967	2	51
1967	3	511
1967	4	1498
1967	5	971
1967	6	2447
1967	7	1174
1967	8	68
1967	9	706
1967	10	2130
1967	11	148
1967	12	606
1968	1	112
1968	2	150
1968	3	318
1968	4	787
1968	5	1296
1968	6	676
1968	7	2589
1968	8	992
1968	9	466
1968	10	624
1968	11	885
1968	12	727
1969	1	405
1969	2	271
1969	3	485
1969	4	1108
1969	5	1499
1969	6	2692
1969	7	1929
1969	8	789
1969	9	1543
1969	10	1893
1969	11	84
1969	12	297
1970	1	85
1970	2	61
1970	3	155
1970	4	1444
1970	5	1184
1970	6	1823
1970	7	205
1970	8	747
1970	9	2969
1970	10	747
1970	11	247
1970	12	310
1971	1	640
1971	2	431
1971	3	171
1971	4	327
1971	5	609
1971	6	784
1971	7	771
1971	8	51
1971	9	882
1971	10	893
1971	11	515
1971	12	1056
1972	1	216
1972	2	120
1972	3	793
1972	4	765
1972	5	945
1972	6	135
1972	7	766
1972	8	589
1972	9	1558
1972	10	826
1972	11	1097
1972	12	331
1973	1	820
1973	2	343
1973	3	2217
1973	4	2454
1973	5	1606
1973	6	703
1973	7	1453
1973	8	33
1973	9	1243
1973	10	1717
1973	11	629
1973	12	839
1974	1	638
1974	2	201
1974	3	952
1974	4	705
1974	5	2152
1974	6	726
1974	7	414
1974	8	2208
1974	9	1091
1974	10	706
1974	11	1010
1974	12	730
1975	1	584
1975	2	586
1975	3	600
1975	4	1228
1975	5	839
1975	6	1250
1975	7	227
1975	8	1074
1975	9	1535
1975	10	345
1975	11	972
1975	12	612
1976	1	281
1976	2	343
1976	3	996
1976	4	956
1976	5	1026
1976	6	611
1976	7	546
1976	8	79
1976	9	148
1976	10	1812
1976	11	156
1976	12	38
1977	1	324
1977	2	212
1977	3	828
1977	4	295
1977	5	1453
1977	6	1392
1977	7	866
1977	8	1217
1977	9	2311
1977	10	1443
1977	11	811
1977	12	117
1978	1	8
1978	2	0
1978	3	882
1978	4	1379
1978	5	812
1978	6	891
1978	7	1031
1978	8	1151
1978	9	358
1978	10	526
1978	11	1127
1978	12	375
1979	1	426
1979	2	231
1979	3	465
1979	4	713
1979	5	791
1979	6	1638
1979	7	836
1979	8	1129
1979	9	292
1979	10	838
1979	11	1034
1979	12	207
1980	1	216
1980	2	153
1980	3	977
1980	4	547
1980	5	690
1980	6	466
1980	7	236
1980	8	2681
1980	9	662
1980	10	899
1980	11	249
1980	12	473
1981	1	61
1981	2	355
1981	3	528
1981	4	619
1981	5	2027
1981	6	2976
1981	7	3054
1981	8	614
1981	9	801
1981	10	1050
1981	11	761
1981	12	150
1982	1	603
1982	2	25
1982	3	959
1982	4	522
1982	5	2227
1982	6	1745
1982	7	1023
1982	8	2225
1982	9	1011
1982	10	470
1982	11	621
1982	12	2128
1983	1	87
1983	2	344
1983	3	919
1983	4	1923
1983	5	1427
1983	6	1015
1983	7	185
1983	8	368
1983	9	623
1983	10	1288
1983	11	3117
1983	12	447
1984	1	13
1984	2	176
1984	3	1096
1984	4	1413
1984	5	394
1984	6	1668
1984	7	917
1984	8	381
1984	9	1846
1984	10	1650
1984	11	912
1984	12	1036
1985	1	292
1985	2	978
1985	3	1715
1985	4	520
1985	5	2656
1985	6	2149
1985	7	1239
1985	8	2228
1985	9	1444
1985	10	918
1985	11	1578
1985	12	304
1986	1	8
1986	2	480
1986	3	213
1986	4	807
1986	5	1084
1986	6	573
1986	7	666
1986	8	1072
1986	9	4243
1986	10	1642
1986	11	392
1986	12	587
1987	1	422
1987	2	429
1987	3	775
1987	4	744
1987	5	969
1987	6	772
1987	7	1009
1987	8	1978
1987	9	938
1987	10	254
1987	11	692
1987	12	928
1988	1	326
1988	2	350
1988	3	658
1988	4	701
1988	5	612
1988	6	416
1988	7	601
1988	8	1346
1988	9	927
1988	10	382
1988	11	816
1988	12	351
1989	1	272
1989	2	292
1989	3	518
1989	4	455
1989	5	1050
1989	6	1517
1989	7	1281
1989	8	1244
1989	9	1140
1989	10	889
1989	11	33
1989	12	137
1990	1	617
1990	2	882
1990	3	965
1990	4	636
1990	5	3078
1990	6	1859
1990	7	843
1990	8	1033
1990	9	354
1990	10	433
1990	11	678
1990	12	463
1991	1	443
1991	2	54
1991	3	544
1991	4	1254
1991	5	1584
1991	6	478
1991	7	582
1991	8	278
1991	9	542
1991	10	582
1991	11	875
1991	12	517
1992	1	120
1992	2	448
1992	3	749
1992	4	1212
1992	5	337
1992	6	356
1992	7	2155
1992	8	599
1992	9	1364
1992	10	591
1992	11	2077
1992	12	1046
1993	1	670
1993	2	426
1993	3	629
1993	4	1075
1993	5	950
1993	6	976
1993	7	2856
1993	8	922
1993	9	2770
1993	10	456
1993	11	688
1993	12	521
1994	1	130
1994	2	1050
1994	3	445
1994	4	3053
1994	5	318
1994	6	479
1994	7	760
1994	8	1326
1994	9	466
1994	10	975
1994	11	1455
1994	12	422
1995	1	532
1995	2	372
1995	3	307
1995	4	1409
1995	5	3553
1995	6	1593
1995	7	1565
1995	8	1689
1995	9	427
1995	10	288
1995	11	481
1995	12	176
1996	1	471
1996	2	137
1996	3	651
1996	4	539
1996	5	1836
1996	6	634
1996	7	3257
1996	8	289
1996	9	1855
1996	10	488
1996	11	651
1996	12	94
1997	1	440
1997	2	1285
1997	3	470
1997	4	1030
1997	5	1290
1997	6	1154
1997	7	79
1997	8	1286
1997	9	904
1997	10	1222
1997	11	571
1997	12	776
1998	1	402
1998	2	574
1998	3	1683
1998	4	1057
1998	5	444
1998	6	2273
1998	7	1725
1998	8	984
1998	9	1872
1998	10	1231
1998	11	770
1998	12	536
1999	1	854
1999	2	483
1999	3	774
1999	4	1439
1999	5	1177
1999	6	979
1999	7	196
1999	8	702
1999	9	1341
1999	10	487
1999	11	233
1999	12	719
2000	1	194
2000	2	567
2000	3	701
2000	4	119
2000	5	1092
2000	6	1997
2000	7	741
2000	8	805
2000	9	701
2000	10	1321
2000	11	399
2000	12	258
2001	1	411
2001	2	998
2001	3	240
2001	4	1312
2001	5	2287
2001	6	2386
2001	7	1849
2001	8	958
2001	9	557
2001	10	603
2001	11	125
2001	12	364
2002	1	758
2002	2	143
2002	3	256
2002	4	1147
2002	5	2051
2002	6	5
2002	7	1007
2002	8	501
2002	9	203
2002	10	1149
2002	11	119
2002	12	51
2003	1	445
2003	2	387
2003	3	480
2003	4	744
2003	5	1415
2003	6	865
2003	7	244
2003	8	744
2003	9	1390
2003	10	546
2003	11	642
2003	12	1440
2004	1	590
2004	2	164
2004	3	1278
2004	4	473
2004	5	1778
2004	6	1017
2004	7	2055
2004	8	2024
2004	9	476
2004	10	1262
2004	11	1539
2004	12	270
2005	1	1318
2005	2	672
2005	3	359
2005	4	845
2005	5	394
2005	6	945
2005	7	476
2005	8	2524
2005	9	935
2005	10	404
2005	11	293
2005	12	127
2006	1	237
2006	2	25
2006	3	780
2006	4	1081
2006	5	351
2006	6	678
2006	7	802
2006	8	1988
2006	9	160
2006	10	1246
2006	11	429
2006	12	831
2007	1	422
2007	2	676
2007	3	638
2007	4	1094
2007	5	1146
2007	6	1893
2007	7	545
2007	8	614
2007	9	599
2007	10	1839
2007	11	124
2007	12	732
2008	1	394
2008	2	946
2008	3	967
2008	4	1628
2008	5	1119
2008	6	1849
2008	7	2117
2008	8	407
2008	9	2156
2008	10	945
2008	11	740
2008	12	915
2009	1	8
2009	2	422
2009	3	1229
2009	4	1530
2009	5	2084
2009	6	1442
2009	7	1723
2009	8	1364
2009	9	462
2009	10	2354
2009	11	524
2009	12	489
2010	1	229
2010	2	450
2010	3	785
2010	4	1424
2010	5	1977
2010	6	1070
2010	7	2255
2010	8	1303
2010	9	2776
2010	10	94
2010	11	503
2010	12	127
2011	1	329
2011	2	937
2011	3	622
2011	4	1040
2011	5	1708
2011	6	991
2011	7	563
2011	8	1129
2011	9	329
2011	10	114
2011	11	1775
2011	12	865
2012	1	149
2012	2	576
2012	3	1150
2012	4	1079
2012	5	476
2012	6	330
2012	7	316
2012	8	238
2012	9	1099
2012	10	823
2012	11	533
2012	12	303
2013	1	592
2013	2	797
2013	3	669
2013	4	1854
2013	5	1858
2013	6	769
2013	7	209
2013	8	612
2013	9	320
2013	10	729
2013	11	734
2013	12	325
2014	1	107
2014	2	351
2014	3	239
2014	4	1216
2014	5	13
2014	6	1152
2014	7	828
2014	8	1291
2014	9	252
2014	10	1257
2014	11	25
2014	12	287
2015	1	0
2015	2	0
2015	3	356
2015	4	473
2015	5	1502
2015	6	2176
2015	7	1917
2015	8	328
2015	9	447
2015	10	87
