1826	1	879
1826	2	533
1826	3	856
1826	4	330
1826	5	236
1826	6	1895
1826	7	853
1826	8	183
1826	9	668
1826	10	490
1826	11	630
1826	12	1618
1827	1	853
1827	2	747
1827	3	488
1827	4	1316
1827	5	1008
1827	6	869
1827	7	1930
1827	8	1267
1827	9	1029
1827	10	1143
1827	11	759
1827	12	762
1828	1	455
1828	2	686
1828	3	226
1828	4	358
1828	5	191
1828	6	1311
1828	7	1915
1828	8	1267
1828	9	1090
1828	10	658
1828	11	1054
1828	12	79
1829	1	716
1829	2	762
1829	3	508
1829	4	1161
1829	5	89
1829	6	864
1829	7	1008
1829	8	536
1829	9	1260
1829	10	732
1829	11	693
1829	12	856
1830	1	747
1830	2	132
1830	3	1425
1830	4	554
1830	5	1262
1830	6	2014
1830	7	1382
1830	8	533
1830	9	676
1830	10	615
1830	11	1671
1830	12	721
1831	1	787
1831	2	671
1831	3	483
1831	4	1354
1831	5	742
1831	6	820
1831	7	1547
1831	8	1113
1831	9	376
1831	10	338
1831	11	399
1831	12	986
1832	1	795
1832	2	1514
1832	3	368
1832	4	419
1832	5	559
1832	6	483
1832	7	925
1832	8	2906
1832	9	1156
1832	10	640
1832	11	1603
1832	12	1308
1833	1	551
1833	2	681
1833	3	353
1833	4	185
1833	5	1092
1833	6	625
1833	7	1532
1833	8	1006
1833	9	955
1833	10	1184
1833	11	772
1833	12	663
1834	1	480
1834	2	307
1834	3	681
1834	4	973
1834	5	820
1834	6	1521
1834	7	813
1834	8	1008
1834	9	724
1834	10	531
1834	11	429
1834	12	480
1835	1	841
1835	2	455
1835	3	490
1835	4	932
1835	5	554
1835	6	1748
1835	7	1242
1835	8	1651
1835	9	351
1835	10	589
1835	11	660
1835	12	287
1836	1	2047
1836	2	673
1836	3	130
1836	4	660
1836	5	1100
1836	6	762
1836	7	437
1836	8	231
1836	9	907
1836	10	323
1836	11	500
1836	12	653
1837	1	508
1837	2	526
1837	4	546
1837	5	406
1837	6	914
1837	7	536
1837	8	381
1837	9	432
1837	10	340
1839	1	1046
1839	2	323
1839	3	318
1839	4	378
1839	5	1044
1839	6	983
1839	7	902
1839	8	401
1839	9	427
1839	10	546
1839	11	1648
1839	12	986
1840	1	445
1840	2	1575
1840	3	1354
1840	4	1676
1840	5	808
1840	6	1008
1840	7	848
1840	8	1059
1840	9	1036
1840	10	648
1840	11	394
1840	12	785
1841	1	676
1841	2	191
1841	3	825
1841	4	1265
1841	5	602
1841	6	1026
1841	7	724
1841	8	1168
1841	9	980
1841	10	561
1841	11	1278
1841	12	1359
1842	1	610
1842	2	1219
1842	3	1222
1842	4	1699
1842	5	1273
1842	6	1402
1842	7	1867
1842	8	889
1842	9	1755
1842	10	762
1842	11	787
1842	12	914
1843	1	724
1843	2	483
1843	3	1245
1843	4	554
1843	5	665
1843	6	1290
1843	7	909
1843	8	1016
1843	9	704
1843	10	1275
1843	11	785
1843	12	630
1844	1	582
1844	2	340
1844	3	622
1844	4	353
1844	5	1468
1844	6	861
1844	7	803
1844	8	1161
1844	9	699
1844	10	752
1844	11	630
1844	12	790
1845	1	909
1845	2	699
1845	3	813
1845	4	899
1845	5	965
1845	6	1227
1845	7	732
1845	8	373
1845	9	1034
1845	10	884
1845	11	1163
1845	12	533
1846	1	381
1846	2	508
1846	3	391
1846	4	229
1846	5	1199
1846	6	752
1846	7	1252
1846	8	643
1846	9	1539
1846	10	732
1846	11	787
1846	12	825
1847	1	432
1847	2	267
1847	5	457
1847	6	1072
1847	7	673
1847	8	559
1847	9	953
1847	10	825
1847	11	643
1847	12	699
1850	1	721
1850	2	650
1850	3	640
1850	4	820
1850	5	818
1850	6	1179
1850	7	1125
1850	8	986
1850	9	935
1850	10	681
1850	11	917
1850	12	787
1851	1	371
1851	2	1107
1851	3	340
1851	4	1402
1851	5	704
1851	6	1778
1851	7	2022
1851	8	635
1851	9	919
1851	10	820
1851	11	1267
1851	12	1326
1852	1	953
1852	2	498
1852	3	848
1852	4	871
1852	5	889
1852	6	673
1852	7	1504
1852	8	559
1852	9	462
1852	10	932
1852	11	1435
1852	12	1242
1853	2	546
1853	3	965
1853	4	638
1853	5	973
1853	6	366
1853	8	579
1853	9	1400
1853	10	714
1853	11	1847
1853	12	445
1854	1	762
1854	2	620
1854	3	1062
1860	5	899
1860	7	1402
1860	8	879
1860	9	823
1860	10	935
1860	11	1402
1860	12	353
1861	1	533
1861	2	541
1861	3	612
1861	4	795
1861	5	1097
1861	6	442
1861	7	2088
1861	8	589
1861	9	1138
1861	10	1504
1861	11	665
1861	12	295
1862	1	1143
1862	2	617
1862	3	1354
1862	4	442
1862	5	1082
1862	6	892
1862	7	1161
1862	8	450
1862	9	518
1862	10	1440
1862	11	1303
1862	12	645
1863	1	1565
1863	2	775
1863	3	612
1863	4	338
1863	5	897
1863	6	508
1863	7	1511
1863	8	1382
1863	9	884
1863	10	650
1863	11	1087
1863	12	678
1870	1	668
1870	2	1333
1870	3	1293
1870	4	345
1870	5	472
1870	6	836
1870	7	1699
1870	8	1844
1870	9	787
1870	10	1097
1870	11	531
1870	12	841
1887	12	1166
1888	1	1097
1888	2	1074
1888	3	1905
1888	4	983
1888	5	968
1888	6	935
1888	7	782
1888	8	965
1888	9	909
1888	10	1262
1888	11	1232
1888	12	879
1889	1	1567
1889	2	1255
1889	3	630
1889	4	650
1889	5	620
1889	6	1671
1889	7	1549
1889	8	579
1889	9	932
1889	10	688
1889	11	1125
1889	12	1069
1890	1	1560
1890	2	1217
1890	3	1054
1890	4	904
1890	5	2207
1890	6	1572
1890	7	765
1890	8	1110
1890	9	2101
1890	10	1781
1890	11	958
1890	12	1430
1891	1	1062
1891	2	1359
1891	3	958
1891	4	389
1891	5	389
1891	6	660
1891	7	963
1891	8	843
1891	9	371
1891	10	925
1891	11	838
1891	12	1720
1892	1	1468
1892	2	856
1892	3	1181
1892	4	544
1892	5	1778
1892	6	1598
1892	7	1524
1892	8	2019
1892	9	945
1892	10	658
1892	11	1087
1892	12	503
1893	1	488
1893	2	1979
1893	3	802
1893	4	883
1893	5	1993
1893	6	597
1893	7	1351
1893	8	1668
1893	9	917
1893	10	448
1893	11	490
1893	12	935
1894	1	718
1894	2	601
1894	3	502
1894	4	664
1894	5	1521
1894	6	1062
1894	7	691
1894	8	487
1894	9	1375
1894	10	1244
1894	11	715
1894	12	646
1895	1	708
1895	2	795
1895	3	421
1895	4	761
1895	5	579
1895	6	519
1895	7	967
1895	8	1418
1895	9	621
1895	10	362
1895	11	957
1895	12	984
1896	1	459
1896	2	1420
1896	3	1201
1896	4	292
1896	5	713
1896	6	694
1896	7	1503
1896	8	637
1896	9	990
1896	10	744
1896	11	934
1896	12	450
1897	1	511
1897	2	346
1897	3	915
1897	4	756
1897	5	1128
1897	6	1123
1897	7	1615
1897	8	974
1897	9	525
1897	10	248
1897	11	1337
1897	12	913
1898	1	1249
1898	2	524
1898	3	496
1898	4	958
1898	5	1115
1898	6	793
1898	7	795
1898	8	1950
1898	9	761
1898	10	1390
1898	11	858
1898	12	754
1899	1	491
1899	2	397
1899	3	1195
1899	4	400
1899	5	934
1899	6	641
1899	7	995
1899	8	462
1899	9	568
1899	10	744
1899	11	557
1899	12	961
1900	1	863
1900	2	798
1900	3	948
1900	4	439
1900	5	412
1900	6	726
1900	7	1357
1900	8	928
1900	9	408
1900	10	901
1900	11	1550
1900	12	666
1901	1	485
1901	2	570
1901	3	599
1901	4	1054
1901	5	1273
1901	6	999
1901	7	1105
1901	8	1043
1901	9	708
1901	10	657
1901	11	828
1901	12	1333
1902	1	363
1902	2	818
1902	3	835
1902	4	698
1902	5	884
1902	6	1403
1902	7	2246
1902	8	656
1902	9	887
1902	10	1230
1902	11	468
1902	12	794
1903	1	512
1903	2	737
1903	3	1341
1903	4	522
1903	5	64
1903	6	1750
1903	7	1514
1903	8	1630
1903	9	313
1903	10	2210
1903	11	730
1903	12	659
1904	1	1005
1904	2	649
1904	3	745
1904	4	898
1904	5	918
1904	6	953
1904	7	1418
1904	8	1099
1904	9	1179
1904	10	945
1904	11	219
1904	12	787
1905	1	663
1905	2	412
1905	3	537
1905	4	700
1905	5	732
1905	6	1915
1905	7	1502
1905	8	1351
1905	9	1129
1905	10	1244
1905	11	485
1905	12	864
1906	1	583
1906	2	389
1906	3	960
1906	4	618
1906	5	1336
1906	6	1141
1906	7	1002
1906	8	927
1906	9	707
1906	10	1256
1906	11	519
1906	12	835
1907	1	856
1907	2	388
1907	3	695
1907	4	837
1907	5	1014
1907	6	745
1907	7	1106
1907	8	623
1907	9	1281
1907	10	1343
1907	11	1055
1907	12	821
1908	1	647
1908	2	786
1908	3	617
1908	4	903
1908	5	1459
1908	6	984
1908	7	910
1908	8	929
1908	9	398
1908	10	627
1908	11	423
1908	12	626
1909	1	873
1909	2	1521
1909	3	965
1909	4	843
1909	5	1219
1909	6	871
1909	7	770
1909	8	914
1909	9	541
1909	10	803
1909	11	541
1909	12	544
1910	1	1161
1910	2	1300
1910	3	249
1910	4	572
1910	5	955
1910	6	965
1910	7	955
1910	8	749
1910	9	1397
1910	10	617
1910	11	1171
1910	12	541
1911	1	625
1911	2	732
1911	3	726
1911	4	386
1911	5	234
1911	6	1318
1911	7	325
1911	8	935
1911	9	1549
1911	10	937
1911	11	831
1911	12	1232
1912	1	627
1912	2	767
1912	3	792
1912	4	1049
1912	5	953
1912	6	259
1912	7	516
1912	8	706
1912	9	1930
1912	10	569
1912	11	691
1912	12	902
1913	1	1341
1913	2	409
1913	3	1308
1913	4	820
1913	5	940
1913	6	488
1913	7	892
1913	8	889
1913	9	833
1913	10	1168
1913	11	947
1913	12	742
1914	1	478
1914	2	828
1914	3	597
1914	4	1321
1914	5	895
1914	6	793
1914	7	864
1914	8	1501
1914	9	462
1914	10	342
1914	11	677
1914	12	871
1915	1	986
1915	2	993
1915	3	124
1915	4	556
1915	5	662
1915	6	965
1915	7	1946
1915	8	1300
1915	9	1316
1915	10	1115
1915	11	737
1915	12	975
1916	1	787
1916	2	1105
1916	3	848
1916	4	531
1916	5	1120
1916	6	960
1916	7	965
1916	8	518
1916	9	1074
1916	10	655
1916	11	1062
1916	12	851
1917	1	660
1917	2	640
1917	3	726
1917	4	838
1917	5	1293
1917	6	2418
1917	7	963
1917	8	942
1917	9	538
1917	10	1638
1917	11	178
1917	12	340
1918	1	561
1918	2	627
1918	3	442
1918	4	820
1918	5	1220
1918	6	877
1918	7	1145
1918	8	633
1918	9	1348
1918	10	1213
1918	11	569
1918	12	414
1919	1	414
1919	2	208
1919	3	714
1919	4	647
1919	5	1318
1919	6	601
1919	7	1831
1919	8	1058
1919	9	603
1919	10	1409
1919	11	819
1919	12	424
1920	1	818
1920	2	610
1920	3	810
1920	4	928
1920	5	264
1920	6	727
1920	7	1220
1920	8	1305
1920	9	806
1920	10	668
1920	11	741
1920	12	751
1921	1	397
1921	2	359
1921	3	597
1921	4	549
1921	5	549
1921	6	825
1921	7	1047
1921	8	894
1921	9	383
1921	10	880
1921	11	1846
1921	12	366
1922	1	554
1922	2	498
1922	3	646
1922	4	485
1922	5	1254
1922	6	2033
1922	7	808
1922	8	1637
1922	9	472
1922	10	565
1922	11	518
1922	12	581
1923	1	394
1923	2	354
1923	3	384
1923	4	758
1923	5	946
1923	6	1055
1923	7	867
1923	8	990
1923	9	719
1923	10	752
1923	11	503
1923	12	728
1924	1	696
1924	2	286
1924	3	170
1924	4	1373
1924	5	912
1924	6	571
1924	7	1346
1924	8	1080
1924	9	2015
1924	10	36
1924	11	582
1924	12	1051
1925	1	1078
1925	2	657
1925	3	840
1925	4	831
1925	5	1031
1925	6	1591
1925	7	1623
1925	8	825
1925	9	1273
1925	10	1157
1925	11	1611
1925	12	826
1926	1	1214
1926	2	977
1926	3	567
1926	4	1060
1926	5	535
1926	6	1394
1926	7	1019
1926	8	830
1926	9	1648
1926	10	1170
1926	11	1431
1926	12	600
1927	1	443
1927	2	1059
1927	3	661
1927	4	595
1927	5	1182
1927	6	489
1927	7	1410
1927	8	1632
1927	9	508
1927	10	1234
1927	11	1898
1927	12	1261
1928	1	865
1928	2	506
1928	3	886
1928	4	808
1928	5	689
1928	6	1245
1928	7	1479
1928	8	1142
1928	9	563
1928	10	839
1928	11	535
1928	12	322
1929	1	843
1929	2	595
1929	3	867
1929	4	1953
1929	5	1583
1929	6	821
1929	7	965
1929	8	816
1929	9	916
1929	10	925
1929	11	909
1929	12	1715
1930	1	812
1930	2	527
1930	3	1171
1930	4	616
1930	5	1127
1930	6	781
1930	7	785
1930	8	692
1930	9	849
1930	10	214
1930	11	412
1930	12	585
1931	1	648
1931	2	413
1931	3	326
1931	4	1095
1931	5	1141
1931	6	900
1931	7	1530
1931	8	568
1931	9	1266
1931	10	556
1931	11	941
1931	12	920
1932	1	949
1932	2	699
1932	3	971
1932	4	640
1932	5	545
1932	6	839
1932	7	1617
1932	8	1377
1932	9	378
1932	10	1710
1932	11	1034
1932	12	512
1933	1	601
1933	2	572
1933	3	897
1933	4	1335
1933	5	492
1933	6	188
1933	7	483
1933	8	904
1933	9	722
1933	10	802
1933	11	768
1933	12	481
1934	1	832
1934	2	258
1934	3	763
1934	4	703
1934	5	365
1934	6	1128
1934	7	272
1934	8	1063
1934	9	1404
1934	10	591
1934	11	621
1934	12	869
1935	1	930
1935	2	507
1935	3	756
1935	4	924
1935	5	1034
1935	6	958
1935	7	2500
1935	8	525
1935	9	704
1935	10	1176
1935	11	822
1935	12	461
1936	1	947
1936	2	681
1936	3	816
1936	4	1089
1936	5	460
1936	6	192
1936	7	261
1936	8	1768
1936	9	731
1936	10	1624
1936	11	653
1936	12	462
1937	1	1333
1937	2	874
1937	3	750
1937	4	739
1937	5	850
1937	6	1579
1937	7	980
1937	8	1105
1937	9	488
1937	10	1431
1937	11	589
1937	12	450
1938	1	780
1938	2	741
1938	3	682
1938	4	714
1938	5	601
1938	6	782
1938	7	455
1938	8	1271
1938	9	1938
1938	10	173
1938	11	601
1938	12	487
1939	1	402
1939	2	759
1939	3	469
1939	4	550
1939	5	409
1939	6	991
1939	7	658
1939	8	1280
1939	9	474
1939	10	1165
1939	11	431
1939	12	585
1940	1	325
1940	2	1032
1940	3	1403
1940	4	870
1940	5	600
1940	6	972
1940	7	1253
1940	8	356
1940	9	1352
1940	10	445
1940	11	792
1940	12	1112
1941	1	295
1941	2	526
1941	3	470
1941	4	404
1941	5	295
1941	6	715
1941	7	913
1941	8	511
1941	9	751
1941	10	1312
1941	11	438
1941	12	562
1942	1	269
1942	2	252
1942	3	430
1942	4	374
1942	5	730
1942	6	370
1942	7	806
1942	8	883
1942	9	1375
1942	10	850
1942	11	701
1942	12	1674
1943	1	254
1943	2	369
1943	3	719
1943	4	1140
1943	5	1208
1943	6	1279
1943	7	2121
1943	8	1438
1943	9	252
1943	10	1309
1943	11	810
1943	12	343
1944	1	298
1944	2	322
1944	3	758
1944	4	956
1944	5	897
1944	6	1327
1944	7	534
1944	8	757
1944	9	1209
1944	10	721
1944	11	731
1944	12	608
1945	1	694
1945	2	625
1945	3	680
1945	4	1103
1945	5	979
1945	6	670
1945	7	1460
1945	8	472
1945	9	2044
1945	10	1740
1945	11	1353
1945	12	228
1946	1	371
1946	2	570
1946	3	399
1946	4	511
1946	5	1207
1946	6	1284
1946	7	1009
1946	8	574
1946	9	1309
1946	10	979
1946	11	634
1946	12	548
1947	1	801
1947	2	281
1947	3	672
1947	4	778
1947	5	1388
1947	6	1787
1947	7	1372
1947	8	295
1947	9	724
1947	10	277
1947	11	755
1947	12	540
1948	1	559
1948	2	556
1948	3	687
1948	4	940
1948	5	1135
1948	6	946
1948	7	1257
1948	8	1432
1948	9	408
1948	10	725
1948	11	1516
1948	12	1503
1949	1	1379
1949	2	603
1949	3	458
1949	4	1224
1949	5	1042
1949	6	736
1949	7	1423
1949	8	1153
1949	9	1216
1949	10	694
1949	11	1073
1949	12	834
1950	1	1440
1950	2	923
1950	3	1131
1950	4	902
1950	5	670
1950	6	1263
1950	7	1246
1950	8	815
1950	9	1117
1950	10	718
1950	11	865
1950	12	1060
1951	1	715
1951	2	1222
1951	3	1190
1951	4	1120
1951	5	604
1951	6	871
1951	7	2208
1951	8	674
1951	9	1076
1951	10	577
1951	11	1032
1951	12	988
1952	1	915
1952	2	542
1952	3	987
1952	4	567
1952	5	979
1952	6	665
1952	7	1696
1952	8	435
1952	9	472
1952	10	697
1952	11	550
1952	12	1131
1953	1	826
1953	2	545
1953	3	963
1953	4	856
1953	5	1563
1953	6	616
1953	7	779
1953	8	1001
1953	9	584
1953	10	819
1953	11	463
1953	12	703
1954	1	851
1954	2	706
1954	3	973
1954	4	1172
1954	5	1082
1954	6	1005
1954	7	344
1954	8	974
1954	9	1207
1954	10	501
1954	11	1556
1954	12	958
1955	1	415
1955	2	946
1955	3	1380
1955	4	757
1955	5	639
1955	6	955
1955	7	1035
1955	8	1209
1955	9	862
1955	10	1852
1955	11	995
1955	12	496
1956	1	440
1956	2	911
1956	3	1220
1956	4	1095
1956	5	1041
1956	6	922
1956	7	1064
1956	8	1025
1956	9	1315
1956	10	547
1956	11	672
1956	12	953
1957	1	591
1957	2	453
1957	3	341
1957	4	1045
1957	5	964
1957	6	1044
1957	7	1499
1957	8	670
1957	9	1249
1957	10	527
1957	11	759
1957	12	825
1958	1	1212
1958	2	886
1958	3	426
1958	4	858
1958	5	1136
1958	6	964
1958	7	731
1958	8	1050
1958	9	1864
1958	10	1152
1958	11	1111
1958	12	489
1959	1	1199
1959	2	747
1959	3	602
1959	4	690
1959	5	1000
1959	6	730
1959	7	382
1959	8	748
1959	9	192
1959	10	1384
1959	11	1669
1959	12	1243
1960	1	538
1960	2	993
1960	3	455
1960	4	813
1960	5	1145
1960	6	937
1960	7	559
1960	8	1019
1960	9	962
1960	10	764
1960	11	420
1960	12	213
1961	1	277
1961	2	869
1961	3	485
1961	4	1180
1961	5	929
1961	6	1421
1961	7	1532
1961	8	843
1961	9	511
1961	10	643
1961	11	741
1961	12	430
1962	1	634
1962	2	709
1962	3	451
1962	4	727
1962	5	318
1962	6	643
1962	7	558
1962	8	982
1962	9	618
1962	10	1051
1962	11	679
1962	12	422
1963	1	299
1963	2	512
1963	3	777
1963	4	579
1963	5	1124
1963	6	591
1963	7	731
1963	8	1610
1963	9	236
1963	10	61
1963	11	943
1963	12	587
1964	1	697
1964	2	304
1964	3	1387
1964	4	851
1964	5	363
1964	6	432
1964	7	500
1964	8	1367
1964	9	235
1964	10	306
1964	11	779
1964	12	834
1965	1	609
1965	2	740
1965	3	482
1965	4	1034
1965	5	420
1965	6	768
1965	7	771
1965	8	898
1965	9	1195
1965	10	1206
1965	11	1098
1965	12	468
1966	1	883
1966	2	842
1966	3	728
1966	4	540
1966	5	840
1966	6	917
1966	7	629
1966	8	1306
1966	9	1010
1966	10	562
1966	11	754
1966	12	841
1967	1	422
1967	2	543
1967	3	493
1967	4	904
1967	5	562
1967	6	554
1967	7	1963
1967	8	1064
1967	9	621
1967	10	639
1967	11	1050
1967	12	559
1968	1	505
1968	2	292
1968	3	638
1968	4	930
1968	5	1206
1968	6	1643
1968	7	698
1968	8	964
1968	9	971
1968	10	971
1968	11	1897
1968	12	1219
1969	1	788
1969	2	432
1969	3	341
1969	4	1314
1969	5	1226
1969	6	1151
1969	7	655
1969	8	667
1969	9	528
1969	10	670
1969	11	890
1969	12	995
1970	1	343
1970	2	500
1970	3	837
1970	4	894
1970	5	952
1970	6	1322
1970	7	729
1970	8	757
1970	9	1243
1970	10	518
1970	11	617
1970	12	1077
1971	1	705
1971	2	1392
1971	3	648
1971	4	477
1971	5	925
1971	6	737
1971	7	2048
1971	8	488
1971	9	1047
1971	10	478
1971	11	885
1971	12	975
1972	1	452
1972	2	704
1972	3	1088
1972	4	936
1972	5	1177
1972	6	2877
1972	7	951
1972	8	1181
1972	9	749
1972	10	729
1972	11	1800
1972	12	1280
1973	1	552
1973	2	403
1973	3	674
1973	4	1229
1973	5	1510
1973	6	710
1973	7	404
1973	8	569
1973	9	897
1973	10	663
1973	11	1533
1973	12	1448
1974	1	535
1974	2	411
1974	3	733
1974	4	613
1974	5	1354
1974	6	902
1974	7	1913
1974	8	955
1974	9	1183
1974	10	303
1974	11	1311
1974	12	714
1975	1	586
1975	2	873
1975	3	686
1975	4	482
1975	5	937
1975	6	1074
1975	7	1303
1975	8	1703
1975	9	1554
1975	10	1007
1975	11	972
1975	12	800
1976	1	854
1976	2	719
1976	3	892
1976	4	1369
1976	5	1383
1976	6	2058
1976	7	1387
1976	8	1375
1976	9	805
1976	10	1889
1976	11	492
1976	12	493
1977	1	562
1977	2	642
1977	3	1296
1977	4	1127
1977	5	308
1977	6	816
1977	7	890
1977	8	1005
1977	9	1949
1977	10	1344
1977	11	1442
1977	12	1129
1978	1	1295
1978	2	191
1978	3	528
1978	4	560
1978	5	473
1978	6	1166
1978	7	803
1978	8	564
1978	9	1172
1978	10	1003
1978	11	326
1978	12	1296
1979	1	1227
1979	2	666
1979	3	832
1979	4	1005
1979	5	924
1979	6	247
1979	7	138
1979	8	936
1979	9	1188
1979	10	718
1979	11	847
1979	12	391
1980	1	375
1980	2	223
1980	3	1118
1980	4	851
1980	5	291
1980	6	1375
1980	7	1297
1980	8	304
1980	9	840
1980	10	988
1980	11	708
1980	12	579
1981	1	209
1981	2	708
1981	3	290
1981	4	871
1981	5	421
1981	6	970
1981	7	678
1981	8	1047
1981	9	1809
1981	10	1342
1981	11	668
1981	12	495
1982	1	669
1982	2	548
1982	3	900
1982	4	683
1982	5	692
1982	6	1477
1982	7	789
1982	8	435
1982	9	559
1982	10	574
1982	11	1222
1982	12	729
1983	1	561
1983	2	319
1983	3	798
1983	4	2033
1983	5	1212
1983	6	526
1983	7	423
1983	8	1517
1983	9	607
1983	10	577
1983	11	1204
1983	12	1579
1984	1	235
1984	2	736
1984	3	557
1984	4	722
1984	5	1662
1984	6	1480
1984	7	1374
1984	8	1463
1984	9	755
1984	10	647
1984	11	1205
1984	12	1091
1985	1	613
1985	2	430
1985	3	874
1985	4	385
1985	5	531
1985	6	870
1985	7	907
1985	8	549
1985	9	2085
1985	10	689
1985	11	1156
1985	12	569
1986	1	720
1986	2	611
1986	3	941
1986	4	608
1986	5	989
1986	6	1471
1986	7	1240
1986	8	989
1986	9	1238
1986	10	1079
1986	11	979
1986	12	532
1987	1	858
1987	2	112
1987	3	457
1987	4	904
1987	5	724
1987	6	830
1987	7	1034
1987	8	657
1987	9	1356
1987	10	892
1987	11	633
1987	12	400
1988	1	335
1988	2	460
1988	3	455
1988	4	633
1988	5	699
1988	6	658
1988	7	1082
1988	8	906
1988	9	732
1988	10	873
1988	11	1013
1988	12	473
1989	1	438
1989	2	477
1989	3	640
1989	4	344
1989	5	1424
1989	6	1259
1989	7	465
1989	8	1122
1989	9	1323
1989	10	1101
1989	11	1326
1989	12	433
1990	1	865
1990	2	872
1990	3	1011
1990	4	1079
1990	5	1941
1990	6	724
1990	7	655
1990	8	1149
1990	9	956
1990	10	1585
1990	11	1180
1990	12	1363
1991	1	536
1991	2	388
1991	3	1005
1991	4	1599
1991	5	499
1991	6	605
1991	7	699
1991	8	1130
1991	9	1360
1991	10	539
1991	11	740
1991	12	933
1992	1	512
1992	2	713
1992	3	674
1992	4	620
1992	5	1347
1992	6	334
1992	7	1968
1992	8	550
1992	9	983
1992	10	908
1992	11	991
1992	12	784
1993	1	973
1993	2	689
1993	3	996
1993	4	1752
1993	5	666
1993	6	1052
1993	7	806
1993	8	1342
1993	9	791
1993	10	1007
1993	11	1123
1993	12	1111
1994	1	1260
1994	2	725
1994	3	1696
1994	4	871
1994	5	955
1994	6	1357
1994	7	445
1994	8	1519
1994	9	679
1994	10	576
1994	11	682
1994	12	808
1995	1	813
1995	2	944
1995	3	391
1995	4	503
1995	5	506
1995	6	208
1995	7	647
1995	8	999
1995	9	884
1995	10	1518
1995	11	1314
1995	12	912
1996	1	791
1996	2	456
1996	3	563
1996	4	1417
1996	5	1023
1996	6	973
1996	7	1367
1996	8	761
1996	9	1287
1996	10	667
1996	11	1405
1996	12	1298
1997	1	667
1997	2	972
1997	3	1199
1997	4	517
1997	5	978
1997	6	638
1997	7	784
1997	8	635
1997	9	534
1997	10	578
1997	11	1341
1997	12	1152
1998	1	1278
1998	2	794
1998	3	652
1998	4	528
1998	5	702
1998	6	1446
1998	7	917
1998	8	664
1998	9	592
1998	10	552
1998	11	544
1998	12	542
1999	1	1241
1999	2	322
1999	3	680
1999	4	476
1999	5	602
1999	6	613
1999	7	1376
1999	8	455
1999	9	1816
1999	10	885
1999	11	743
1999	12	444
2000	1	953
2000	2	840
2000	3	911
2000	4	1200
2000	5	2143
2000	6	1247
2000	7	1319
2000	8	1229
2000	9	1172
2000	10	925
2000	11	641
2000	12	743
2001	1	344
2001	2	469
2001	3	1091
2001	4	458
2001	5	731
2001	6	2062
2001	7	595
2001	8	901
2001	9	1050
2001	10	798
2001	11	711
2001	12	470
2002	1	487
2002	2	587
2002	3	668
2002	4	1465
2002	5	1789
2002	6	1766
2002	7	348
2002	8	1271
2002	9	1134
2002	10	1189
2002	11	857
2002	12	796
2003	1	344
2003	2	652
2003	3	670
2003	4	617
2003	5	1477
2003	6	1086
2003	7	1066
2003	8	1225
2003	9	1213
2003	10	1348
2003	11	1087
2003	12	770
2004	1	367
2004	2	259
2004	3	614
2004	4	959
2004	5	2036
2004	6	768
2004	7	2111
2004	8	1692
2004	9	779
2004	10	625
2004	11	968
2004	12	1310
2005	1	570
2005	2	149
2005	3	543
2005	4	1304
2005	5	252
2005	6	909
2005	7	612
2005	8	1304
2005	9	582
2005	10	1742
2005	11	1500
2005	12	480
2006	1	763
2006	2	346
2006	3	632
2006	4	745
2006	5	876
2006	6	2198
2006	7	1614
2006	8	987
2006	9	203
2006	10	1144
2006	11	882
2006	12	911
2007	1	914
2007	2	869
2007	3	1024
2007	4	1076
2007	5	600
2007	6	748
2007	7	897
2007	8	541
2007	9	737
2007	10	1508
2007	11	1146
2007	12	1200
2008	1	466
2008	2	1076
2008	3	1429
2008	4	864
2008	5	526
2008	6	1131
2008	7	1123
2008	8	907
2008	9	546
2008	10	1518
2008	11	855
2008	12	1227
2009	1	468
2009	2	454
2009	3	720
2009	4	723
2009	5	1597
2009	6	1178
2009	7	998
2009	8	1834
2009	9	510
2009	10	1072
2009	11	525
2009	12	577
2010	1	515
2010	2	704
2010	3	568
2010	4	376
2010	5	590
2010	6	1723
2010	7	876
2010	8	1320
2010	9	614
2010	10	1869
2010	11	707
2010	12	700
2011	1	414
2011	2	914
2011	3	965
2011	4	1786
2011	5	1302
2011	6	1198
2011	7	488
2011	8	1713
2011	9	1597
2011	10	936
2011	11	788
2011	12	579
2012	1	725
2012	2	283
2012	3	596
2012	4	523
2012	5	1371
2012	6	810
2012	7	399
2012	8	902
2012	9	720
2012	10	994
2012	11	349
2012	12	1296
2013	1	471
2013	2	566
2013	3	397
2013	4	958
2013	5	1151
2013	6	2073
2013	7	1199
2013	8	1104
2013	9	923
2013	10	1065
2013	11	1338
2013	12	635
2014	1	474
2014	2	654
2014	3	711
2014	4	920
2014	5	1179
2014	6	1330
2014	7	1258
2014	8	1187
2014	9	564
2014	10	1074
2014	11	666
2014	12	627
2015	1	459
2015	2	602
2015	3	357
2015	4	783
2015	5	821
2015	6	1944
2015	7	849
2015	8	645
2015	9	938
2015	10	919
