1940 1.00339667591059
1941 1.03783803904781
1942 0.918200599303914
1943 1.09042602691284
1944 0.66716298460794
1945 1.18304826071581
1946 0.994909639114817
1947 1.23580375588602
1948 0.91072791230062
1949 0.782128831729606
1950 1.05406763572745
1951 1.16731187999032
1952 0.9768932978466
1953 0.990712650523926
1954 1.58729922388282
1955 1.01892832548531
1956 0.715749409071451
1957 0.879599471421392
1958 1.3258947681885
1959 1.09584209644698
1960 1.00201008766216
1961 1.17397494835191
1962 0.997989912337844
1963 1.29446853654451
1964 0.752405591021608
1965 0.690288298684137
1966 0.996268309479052
1967 0.952269723985185
1968 0.705127766272443
1969 1.15966077327263
1970 0.988241737552844
1971 0.891924966197135
1972 1.16127817618567
1973 1.30657915005049
1974 1.20856795659541
1975 0.911145532031424
1976 1.54123093775138
1977 1.14889520256046
1978 0.838935765998597
1979 1.24684649220395
1980 0.709115648587126
1981 1.32467010115186
1982 0.940883495644137
1983 1.26321734814384
1984 1.29706300169442
1985 0.726915638317901
1986 1.09708696321906
1987 0.800648672702689
1988 0.804473958957331
1989 0.745391685350951
1990 1.17038355554795
1991 1.07137111267051
1992 0.955354544987763
1993 1
1994 1.14456501275095
1995 0.894808906841015
1996 1.28616906567169
1997 0.949158779331473
1998 0.897341982302702
1999 0.965794923579852
2000 1.00605884265836
2001 0.725554966025981
2002 0.704520170469132
2003 1.10140859534119
2004 0.990261351772297
2005 1.42620706180362
2006 1.2993650195971
2007 0.974318380200934
2008 1.48350933643692
2009 1.1549026990946
2010 1.07779793588581
2011 1.3771372824208
2012 0.922552929296387
2013 0.963304636555017
2014 0.896041213822377
