1940 0.863798049340218
1941 0.883648881239243
1942 0.869535283993115
1943 0.711302352266208
1944 0.712794033275961
1945 1.28777969018933
1946 0.919104991394148
1947 1.05450372920252
1948 0.615261044176707
1949 0.793115318416523
1950 0.861388410786001
1951 1.35754446356856
1952 1.1328743545611
1953 0.903729202524383
1954 1.45324153757889
1955 1.28100975329891
1956 0.730120481927711
1957 0.62180149168101
1958 1.10292598967298
1959 1.20837636259323
1960 1.24176706827309
1961 1.20263912794033
1962 0.904647160068847
1963 1.26758462421113
1964 1.00240963855422
1965 0.677337923121056
1966 0.730808950086059
1967 0.709122203098107
1968 1.0526678141136
1969 0.930923694779117
1970 1.22799770510614
1971 1.07160068846816
1972 0.779804934021802
1973 1.53551348250143
1974 0.974756167527252
1975 0.684452094090648
1976 1.31325301204819
1977 1.16006884681583
1978 1.19655765920826
1979 1.40906483075158
1980 0.811359724612737
1981 1.47160068846816
1982 1.06701090074584
1983 1.24165232358003
1984 1.48341939185313
1985 0.504417670682731
1986 0.792656339644291
1987 0.570281124497992
1988 0.770740103270224
1989 1.01262191623637
1990 1.06391279403328
1991 1.21778542742398
1992 1.04635685599541
1993 0.791738382099828
1994 1.22994836488812
1995 0.674239816408491
1996 1.35111876075731
1997 1.00803212851406
1998 0.96982214572576
1999 0.802983362019507
2000 1.20745840504877
2001 0.619506597819851
2002 0.697647733792312
2003 0.997590361445783
2004 0.64609375
2005 1.06293402777778
2006 0.985503472222222
2007 0.703385416666667
2008 1
2009 0.9453125
2010 1.00503472222222
2011 1.0640625
2012 0.853125
2013 1.11944444444444
2014 1.22560763888889
