1940 0.99534636351549
1941 0.500598324690866
1942 0.983512830740593
1943 1.24823826618801
1944 0.867570801755086
1945 1.34543278819306
1946 0.973407791517086
1947 0.987235739928201
1948 0.853078048131897
1949 0.706422018348624
1950 1.26379470815051
1951 1.3101981119532
1952 1.10251296370164
1953 1.49780614280016
1954 1.92740327084164
1955 0.967557505650844
1956 0.922483712272304
1957 0.756282409254089
1958 1.37335460710012
1959 1.26898018880468
1960 1.18774099188938
1961 1.00465363648451
1962 1.38585294508709
1963 1.22111421353543
1964 0.706289057306209
1965 0.589948145193458
1966 1.07459114479458
1967 0.935513894428932
1968 0.787444144094445
1969 1.566061675953
1970 1.09758923153307
1971 0.808848678766481
1972 1.15772052739008
1973 1.59353450653721
1974 1.19214431511006
1975 0.813923980802118
1976 1.34484470679097
1977 1.49566944337177
1978 0.920615656203453
1979 1.11005682131627
1980 0.567551166767805
1981 0.825398576708777
1982 0.754013350251007
1983 1.4202019087549
1984 1.1679814641143
1985 0.749931042091907
1986 1.09074860705026
1987 1.00932310917416
1988 0.804766370607381
1989 0.979422960225078
1990 1.21421084569978
1991 0.991118221437634
1992 0.828046560379544
1993 0.882219892977327
1994 0.938820543939979
1995 1.0302863132344
1996 1.58349423511888
1997 0.860374027693496
1998 1.29541567826998
1999 1.00888177856237
2000 0.951398466376124
2001 0.599326970817013
2002 0.588955701439841
2003 1.05786947647156
2004 0.657553209897906
2005 1.27868143277384
2006 1.11256272711542
2007 0.816490742342966
2008 1.20695622079945
2009 1
2010 0.979235161792698
2011 1.08548191728673
2012 0.804031839418584
2013 0.855597854300052
2014 1.00441252811905
