1940 0.92053670868174
1941 0.744780525748228
1942 0.945321477186346
1943 1.20886736082875
1944 1.00510898580444
1945 1.32045185355419
1946 1.02179716088886
1947 1.25939151802288
1948 0.822034048119929
1949 0.795728958580091
1950 1.01253380946488
1951 1.14207930418795
1952 1.02738345678576
1953 0.994891014195556
1954 1.57431011013488
1955 1.15629253805222
1956 0.946028603249244
1957 0.817755935439391
1958 1.25023423550834
1959 1.08437781745541
1960 1.20667527003377
1961 0.920430639772305
1962 0.979298884508636
1963 1.11457210034119
1964 0.934749942546007
1965 0.723213180829812
1966 0.904378878144501
1967 0.897590467940672
1968 0.862941013207948
1969 1.24252665262608
1970 1.14012832443552
1971 0.894581312958156
1972 0.986661442262167
1973 1.28905650519992
1974 1.29382377430573
1975 0.86757767220127
1976 1.20069876410181
1977 1.12807954155851
1978 1.14887920197221
1979 0.91991967478082
1980 0.714339357724772
1981 0.960670029877063
1982 1.05062774485315
1983 1.01647320043754
1984 1.16135246771481
1985 0.796003330557868
1986 0.964196502914238
1987 0.83737408368843
1988 0.821994742942972
1989 1.02241596055575
1990 1.17137679384826
1991 1.16194021322101
1992 0.879169319684577
1993 0.95880883577411
1994 1.01333855773783
1995 0.889814043852345
1996 1.54505232567632
1997 1.05294607434981
1998 1.09908409658618
1999 0.961159817798893
2000 1.12928768509902
2001 0.773766958906793
2002 0.860492073598798
2003 0.935658193335619
2004 0.811078085502375
2005 1.21295035973221
2006 1.05105697380483
2007 1.07727992444235
2008 1.22470068613017
2009 1
2010 0.958193283146754
2011 1.20686685741271
2012 0.856079335537098
2013 0.930470290841412
2014 0.92155337648268
