1940 1.00991331832767
1941 0.571683987037658
1942 0.841977555353352
1943 1.08909215714445
1944 0.917580575642929
1945 1.32056255287901
1946 1.08165317752981
1947 0.995290774707469
1948 0.793001612311032
1949 0.810210238973229
1950 1.10218220711013
1951 1.34457162013314
1952 1.31829573934837
1953 1.34562520952062
1954 1.61132129687276
1955 0.932873585236978
1956 1.0552495889405
1957 0.731606085276886
1958 1.09780821480453
1959 1.00470922529253
1960 1.29792634452373
1961 0.842584167424932
1962 1.03851986654534
1963 0.939290902415274
1964 0.748974346694762
1965 0.54665325734719
1966 0.81142346311639
1967 0.799802052902958
1968 0.899050224147101
1969 1.36500265937239
1970 1.07885419041106
1971 0.853704125826305
1972 1.06238127801839
1973 1.64926677304156
1974 1.11848643720082
1975 0.953574956310311
1976 1.21200516678064
1977 1.09453688929413
1978 1.00363194286148
1979 1.19908821518122
1980 0.633173770990046
1981 1.01940582022643
1982 0.9238203783907
1983 1.29987083048401
1984 1.18662715599119
1985 0.662046956918167
1986 1.0614998860269
1987 0.92151052351645
1988 0.77070131448978
1989 0.991140490844161
1990 1.16869538788846
1991 0.964972266545095
1992 0.813828736418205
1993 0.858749335156903
1994 0.888473520249221
1995 0.843370564546767
1996 1.48031304612112
1997 0.996368057138515
1998 1.32315173619026
1999 1.07329230301649
2000 0.943454144821822
2001 0.679462046956918
2002 0.720066864220044
2003 1.12097864903883
2004 0.702100032461857
2005 1.28486528329213
2006 1.15269558269034
2007 0.803455939271356
2008 1.22423652208655
2009 1.10302894099433
2010 1
2011 1.13074637301171
2012 0.876644942192923
2013 0.82772742028117
2014 0.883287137613304
