1940 1.21824907521578
1941 0.656802301685162
1942 0.914508836826963
1943 0.921907110563091
1944 0.77764077270859
1945 1.03699136868064
1946 0.879572544184135
1947 0.795725441841348
1948 1.08631319358816
1949 0.686395396629675
1950 0.909165639128648
1951 1.26592683929305
1952 1.13522400328812
1953 1.38224414303329
1954 1.15947390053432
1955 1.6905055487053
1956 1.02630497328401
1957 0.617755856966708
1958 1.20468557336621
1959 1.21742704480066
1960 1.19482120838471
1961 1
1962 0.778051787916153
1963 0.663789560213728
1964 0.708179202630497
1965 0.473489519112207
1966 0.597205096588574
1967 1.2059186189889
1968 0.967529798602548
1969 1.06288532675709
1970 1.02013974517057
1971 0.770099792882696
1972 1.50065900960271
1973 1.21333082282056
1974 1.07324421012992
1975 1.24797589907739
1976 0.986631519487855
1977 1.16964790058369
1978 1.00922613443796
1979 1.39898324232725
1980 0.776878177367727
1981 0.746375447185087
1982 1.26190924496328
1983 1.41743551120316
1984 1.34965166635285
1985 0.749011485595933
1986 0.944454904914329
1987 0.919600828469215
1988 0.841649406891357
1989 1.31199397476935
1990 1.06382978723404
1991 0.926002636038411
1992 0.92299002071173
1993 1.03859913387309
1994 1.10148747881755
1995 0.799096215401996
1996 1.58199962342308
1997 0.782150254189418
1998 1.0988514404067
1999 0.805498022971192
2000 0.934287328186782
2001 0.672566371681416
2002 0.616456411221992
2003 1.25852005272077
2004 1.04951986443231
2005 1.46300131801921
2006 1.24609301449821
2007 0.79420071549614
2008 1.49011485595933
2009 0.977970250423649
2010 0.884955752212389
2011 1.73488985125212
2012 0.663905102617209
2013 0.990773865562041
2014 0.703069101864056
