1940 NA
1941 NA
1942 NA
1943 NA
1944 NA
1945 NA
1946 NA
1947 NA
1948 NA
1949 NA
1950 NA
1951 0.925288608146373
1952 1.00152472228273
1953 1.43280331082553
1954 1.27031147898061
1955 1.27641036811152
1956 1.06904813766064
1957 0.676541058592899
1958 1.44543672402527
1959 0.977564800697016
1960 0.917882814201699
1961 1.32694402091048
1962 1.20975822260945
1963 0.880853844478327
1964 0.915269004574167
1965 0.630363755173165
1966 0.565889784360706
1967 0.971030276628186
1968 0.993247658462209
1969 0.997168372903507
1970 1.19363972990634
1971 0.866042256588978
1972 1.56392942714006
1973 1.28338052711827
1974 0.951862339359617
1975 1.08429536048791
1976 0.911783925070791
1977 1.0385536920061
1978 1.18013504683076
1979 1.45850577216293
1980 0.812894794162492
1981 0.516227401437595
1982 1.36484426050969
1983 1.68460030494446
1984 1.38531910259203
1985 0.854280113265084
1986 1.0385536920061
1987 0.998475277717273
1988 0.86212154214768
1989 1.28555870180788
1990 0.983663689827924
1991 0.871705510781965
1992 0.89435852755391
1993 0.982356785014158
1994 0.863864081899368
1995 0.700065345240688
1996 1.22718362012633
1997 0.928773687649749
1998 1.40666521455021
1999 0.886517098671313
2000 1.0463951208887
2001 1.09300805924635
2002 0.703114789806142
2003 1.29035068612503
2004 1.03550424744064
2005 1.3888041820954
2006 1.37355695926813
2007 0.9871487693313
2008 0.987584404269222
2009 1.3491614027445
2010 1.36876497495099
2011 1.19407536484426
2012 0.713134393378349
2013 0.795905031583533
2014 1.02374210411675
