1940 1.11433351924149
1941 0.592303402119353
1942 1
1943 0.885666480758505
1944 0.82877858337981
1945 1.00725041829336
1946 0.880646960401562
1947 0.762967094255438
1948 1.18683770217513
1949 0.833240379252649
1950 0.815393195761294
1951 1.30061349693252
1952 1.28220858895706
1953 1.5175683212493
1954 1.26826547685443
1955 1.56107083100948
1956 1.02007808142777
1957 0.648633575013943
1958 1.42052426101506
1959 1.1728945900725
1960 1.04684885666481
1961 0.98159509202454
1962 0.753485778025655
1963 0.631344116006693
1964 0.814277746793084
1965 0.580033463469046
1966 0.537088678192973
1967 1.04350250976018
1968 0.911879531511433
1969 1.10206358059119
1970 1.08254322364752
1971 0.681359906213365
1972 1.83024618991794
1973 1.36178194607268
1974 1.02227432590856
1975 1.18499413833529
1976 0.977725674091442
1977 1.07385697538101
1978 1.19906213364596
1979 1.34818288393904
1980 0.751699882766706
1981 0.674794841735053
1982 1.27549824150059
1983 1.50339976553341
1984 1.37350527549824
1985 0.695896834701055
1986 0.839859320046893
1987 0.877373974208675
1988 0.726377491207503
1989 1.35381008206331
1990 1.1620164126612
1991 0.811723329425557
1992 0.900351699882767
1993 0.905509964830012
1994 0.800937866354045
1995 0.639624853458382
1996 1.30363423212192
1997 0.703399765533412
1998 1.19109026963658
1999 0.918171160609613
2000 0.81031652989449
2001 0.804689331770223
2002 0.655099648300117
2003 1.1390386869871
2004 1.03446658851114
2005 1.06588511137163
2006 1.31348182883939
2007 0.810785463071512
2008 1.28769050410317
2009 1.06588511137163
2010 1.07104337631887
2011 1.54466588511137
2012 0.592262602579133
2013 0.893786635404455
2014 0.796248534583822
