1940 1.10019267822736
1941 0.597302504816956
1942 1.02119460500963
1943 1.42003853564547
1944 0.909441233140655
1945 1.67244701348748
1946 1.0597302504817
1947 1.30250481695568
1948 0.951830443159923
1949 0.778420038535645
1950 1
1951 1.16570327552987
1952 1.32562620423892
1953 1.10211946050096
1954 1.27167630057803
1955 0.926782273603083
1956 0.963391136801541
1957 0.730250481695568
1958 1.01348747591522
1959 1.28901734104046
1960 1.01734104046243
1961 0.774566473988439
1962 0.838150289017341
1963 0.684007707129094
1964 0.71868978805395
1965 0.433526011560694
1966 0.842003853564547
1967 0.922928709055877
1968 1.01348747591522
1969 1.30635838150289
1970 0.996146435452794
1971 0.753753753753754
1972 1.12612612612613
1973 1.39339339339339
1974 1.07957957957958
1975 0.912912912912913
1976 0.805662805662806
1977 0.885885885885886
1978 0.884384384384384
1979 1.03903903903904
1980 0.528528528528528
1981 1.09159159159159
1982 0.75975975975976
1983 1.23723723723724
1984 1.05555555555556
1985 0.753753753753754
1986 1.08108108108108
1987 0.893393393393393
1988 0.627627627627628
1989 1.07057057057057
1990 1.30630630630631
1991 0.861861861861862
1992 0.926426426426426
1993 0.771771771771772
1994 0.855855855855856
1995 0.702702702702703
1996 1.34384384384384
1997 0.867867867867868
1998 1.17117117117117
1999 0.806306306306306
2000 1.02402402402402
2001 0.585585585585586
2002 0.812312312312312
2003 1.0990990990991
2004 0.81981981981982
2005 1.1981981981982
2006 1.48198198198198
2007 1.07507507507508
2008 1.67717717717718
2009 1.3018018018018
2010 1.20720720720721
2011 1.54204204204204
2012 0.776276276276276
2013 1.23273273273273
2014 0.975975975975976
