1940 NA
1941 NA
1942 NA
1943 NA
1944 NA
1945 NA
1946 NA
1947 NA
1948 NA
1949 NA
1950 NA
1951 NA
1952 NA
1953 NA
1954 NA
1955 NA
1956 NA
1957 NA
1958 NA
1959 NA
1960 NA
1961 NA
1962 NA
1963 NA
1964 NA
1965 NA
1966 NA
1967 NA
1968 NA
1969 NA
1970 NA
1971 0.768343605485249
1972 1.01719950950141
1973 1.35217318126808
1974 1.12419552620401
1975 0.972878313069544
1976 1.27432656626941
1977 1.02541455947295
1978 0.884941212300935
1979 0.977198227152143
1980 0.633464506976782
1981 1.01309599185708
1982 0.879731668416539
1983 1.14854413285138
1984 1.07452052159556
1985 0.773224547370783
1986 1.04759118705468
1987 0.963533192809227
1988 0.790071410824631
1989 0.983706149666189
1990 1.38327015091648
1991 0.895191991728847
1992 0.817321332681472
1993 0.849283888082968
1994 0.939489144112013
1995 0.755704450553414
1996 1.42265430268251
1997 0.940434876694104
1998 1.08041131352638
1999 0.868615303235528
2000 1.04178054195286
2001 0.698615864263331
2002 0.872638674050861
2003 1.08582122448325
2004 0.841253175818099
2005 1.27374149441777
2006 1.40147149578027
2007 1.03553710397448
2008 1.42146011493055
2009 1.17614670075578
2010 1.10692388455651
2011 1.38130655360621
2012 0.782361285875724
2013 0.986904008142918
2014 1.05887586057658
