1940 1.0776128949725
1941 0.634987847000128
1942 0.954432646795446
1943 1.18738646539593
1944 0.883990021747473
1945 1.38554432646795
1946 1.00587181783293
1947 1.10953690674172
1948 0.92848919022643
1949 0.811289497249584
1950 1
1951 1.21748752718434
1952 1.12660867340412
1953 1.11252398618396
1954 1.37359600869899
1955 1.13979148010746
1956 1.02500959447358
1957 0.788646539593194
1958 1.06712293718818
1959 1.12424203658693
1960 1.17405014711526
1961 0.859939874632212
1962 0.947825252654471
1963 0.8109185109377
1964 0.76685429192785
1965 0.599059741588845
1966 0.809735192529103
1967 0.941857490085711
1968 0.962236151976462
1969 1.31142381987975
1970 0.998394524753742
1971 0.753068642678402
1972 1.08529640176029
1973 1.30201052722409
1974 1.0566431529899
1975 1.05281948399344
1976 1.19252631806023
1977 1.03488221589438
1978 0.856949477953232
1979 1.02470014669083
1980 0.633790663560273
1981 0.937651005263612
1982 0.891955733885581
1983 1.14465764949521
1984 1.10224674260074
1985 0.736975796013461
1986 1.01185391319355
1987 0.966212572266805
1988 0.789628095607904
1989 0.988146086806454
1990 1.28682910518595
1991 0.926568297523514
1992 0.807247174044352
1993 0.850062559323496
1994 0.923877168004142
1995 0.750695702821641
1996 1.3604765294676
1997 0.903453706100613
1998 1.02211148502891
1999 0.88569440849081
2000 1.07774074553456
2001 0.705032789714384
2002 0.838742557597722
2003 1.13264733799292
2004 0.903588532228838
2005 1.31227349210458
2006 1.34446997152472
2007 0.962291828458021
2008 1.38472905341272
2009 1.15728816118733
2010 1.0671488049012
2011 1.38098088704806
2012 0.75961579946501
2013 0.967399042195185
2014 1.06063400638537
