1940 1.09226401703336
1941 0.56139105748758
1942 1.09368346344925
1943 1.00780695528744
1944 0.823278921220724
1945 1.34137686302342
1946 0.927608232789212
1947 0.831085876508162
1948 1.14123491838183
1949 0.916962384669979
1950 0.894960965223563
1951 1.30234208658623
1952 1.50319375443577
1953 1.35770049680625
1954 1.1320085166785
1955 1.96877217885025
1956 0.953158268275373
1957 0.617459190915543
1958 1.24201561391057
1959 1.0305180979418
1960 1.10929737402413
1961 1
1962 0.762242725337118
1963 0.762952448545067
1964 0.652945351312988
1965 0.468417317246274
1966 0.575585521646558
1967 0.972320794889993
1968 1.01774308019872
1969 1.14549325762952
1970 0.928317955997161
1971 0.928615766604593
1972 1.45872129112353
1973 1.25884543761639
1974 1
1975 1.41651148355059
1976 1.03724394785847
1977 1.06207324643079
1978 0.955307262569832
1979 1.39478584729981
1980 0.75356921166977
1981 0.610180012414649
1982 1.0633147113594
1983 1.50900062073246
1984 1.28926132836747
1985 0.66852886405959
1986 0.762259466170081
1987 1.10614525139665
1988 0.651769087523277
1989 1.32960893854749
1990 1.2048417132216
1991 0.917442582247052
1992 0.89137181874612
1993 1.00993171942893
1994 1.29608938547486
1995 0.852265673494724
1996 1.63563004345127
1997 0.888888888888889
1998 1
1999 0.968963376784606
2000 0.900062073246431
2001 0.779639975170701
2002 0.571073867163253
2003 1.47051520794538
2004 0.823091247672253
2005 1.05772811918063
2006 1.39230291744258
2007 0.828677839851024
2008 1.42954686530106
2009 1.12538795779019
2010 0.989447548106766
2011 1.99255121042831
2012 0.617008069522036
2013 0.926132836747362
2014 0.955307262569832
