1940 0.908729089363819
1941 0.733649799962687
1942 1.01793080574615
1943 1.21456852055306
1944 0.87858875230613
1945 1.50614622416617
1946 0.934640658361145
1947 1.29930971580191
1948 0.947824464666985
1949 1.00570054517941
1950 1.1240645923592
1951 1.28691362119359
1952 1.20354055678779
1953 1.12605460085819
1954 1.13476088804129
1955 1.15478534856243
1956 1.03248274289505
1957 0.762214713625339
1958 0.948404883812525
1959 0.994299454820588
1960 1.1734831367509
1961 0.752140295599179
1962 0.817852034576398
1963 0.830579797267884
1964 0.69331066934765
1965 0.576895172156464
1966 0.933189610497295
1967 0.747621317966046
1968 1.09574842975892
1969 1.07858460645509
1970 0.847946886050372
1971 0.962040845781915
1972 1.39572057443891
1973 1.18618748646893
1974 1.04795410261961
1975 1.21397127805441
1976 1.37526160063506
1977 1.10846503572202
1978 0.998340189074114
1979 1.12697553583027
1980 0.670058454210868
1981 0.812152702605182
1982 0.982680233816843
1983 1
1984 1.11373313126939
1985 0.630692068990402
1986 1.13314570253302
1987 0.896550479901855
1988 0.804214476437901
1989 0.973154362416107
1990 1.22710543407664
1991 0.856245940679801
1992 0.917767193476221
1993 1.0147578841019
1994 1.0626759038753
1995 0.710976401818575
1996 1.0793822616728
1997 1.03312405282529
1998 0.95428303384571
1999 0.65544490149383
2000 1.12325900267013
2001 0.809013494984484
2002 0.868333694161796
2003 0.940030309590821
2004 1.06971205888721
2005 1.00018041423107
2006 1.4097207187703
2007 1.13119722883741
2008 1.14938298332973
2009 1.14516129032258
2010 0.904055711914556
2011 1.3247816987804
2012 0.839142671573934
2013 0.960489283394674
2014 0.991737028216786
