1940 1.25344644750795
1941 0.415116166971946
1942 0.916899643304734
1943 1.51614769112118
1944 0.660946688518269
1945 1.56859153571773
1946 1.00192808252193
1947 0.928371734310229
1948 0.980622770654584
1949 0.646582473729876
1950 1.01243613226646
1951 1.49156463896655
1952 1.34233105176902
1953 1.3228574182975
1954 0.916899643304734
1955 1.66422442880555
1956 1.44741154921431
1957 0.533114817314181
1958 1.41955075677239
1959 1
1960 1.68774703557312
1961 1.15116166971946
1962 0.69092837173431
1963 0.509495806420515
1964 0.666730936084064
1965 0.424178154825027
1966 0.52549889135255
1967 0.854429769594139
1968 1.20784729586426
1969 1.12918152896944
1970 0.991130820399113
1971 0.723234031481722
1972 1.58735527513985
1973 1.12553662026799
1974 1.08598933263952
1975 0.996552621308703
1976 1.10075452061923
1977 1.5362299986991
1978 0.942825549629244
1979 1.31566280733706
1980 0.62722778717315
1981 0.439052946533108
1982 0.645180174320281
1983 1.10439703395343
1984 1.03414856250813
1985 0.376870040327826
1986 0.903668531286588
1987 1.12202419669572
1988 0.577598542994666
1989 0.695264732665539
1990 1.12462599193443
1991 0.664173279562898
1992 0.551190321321712
1993 1.02009886821907
1994 0.707948484454273
1995 0.579745024066606
1996 1.96409522570574
1997 0.888838298425914
1998 1.19988291921426
1999 0.681019903733576
2000 1.33231429686484
2001 0.741576687914661
2002 0.549759333940419
2003 1.67015740861194
2004 1.16547417718226
2005 1.12065825419539
2006 1.0034473786913
2007 1.17984909587615
2008 1.33478600234162
2009 0.901196825809809
2010 1.52998569012619
2011 2.16098608039547
2012 0.666449850396774
2013 0.943215818915052
2014 0.907376089501756
