1940 1.16969909027292
1941 0.534989503149055
1942 0.770118964310707
1943 1.0405878236529
1944 0.691392582225332
1945 1.59202239328202
1946 0.610916724982505
1947 0.884184744576627
1948 1.10286913925822
1949 0.877886634009797
1950 0.896431070678796
1951 1.27466759972008
1952 1.30650804758572
1953 1.35024492652204
1954 1.03603918824353
1955 1.63890832750175
1956 1.09972008397481
1957 0.6518544436669
1958 1.39923023093072
1959 0.963960811756473
1960 1.14975507347796
1961 1.07872638208537
1962 0.713785864240728
1963 0.729181245626312
1964 0.627711686494052
1965 0.318754373687894
1966 0.573477956613016
1967 1.15080475857243
1968 0.928971308607418
1969 1.13470958712386
1970 0.834962962962963
1971 1.25125925925926
1972 1.50755555555556
1973 1.43614814814815
1974 1.03111111111111
1975 1.50014814814815
1976 1.16533333333333
1977 1.22696296296296
1978 0.822222222222222
1979 1.28296296296296
1980 0.580148148148148
1981 0.512888888888889
1982 0.928592592592593
1983 1.28859259259259
1984 1.14962962962963
1985 0.645037037037037
1986 0.942518518518518
1987 0.978962962962963
1988 0.818666666666667
1989 1.0957037037037
1990 1.19674074074074
1991 0.847407407407407
1992 0.643851851851852
1993 0.921777777777778
1994 1.11822222222222
1995 0.778962962962963
1996 1.62222222222222
1997 0.809777777777778
1998 0.872888888888889
1999 0.782814814814815
2000 1.13925925925926
2001 0.617481481481481
2002 0.607703703703704
2003 1.61748148148148
2004 0.963259259259259
2005 1.44918518518519
2006 1.17777777777778
2007 1
2008 1.38696296296296
2009 0.940444444444444
2010 0.904592592592593
2011 1.86962962962963
2012 0.601777777777778
2013 1.07792592592593
2014 1.09125925925926
