1940 1.21745673438676
1941 0.638073739653875
1942 1.15575620767494
1943 1.05191873589165
1944 0.666666666666667
1945 1.41459744168548
1946 0.794582392776524
1947 1.04740406320542
1948 1.08051166290444
1949 0.830699774266366
1950 1.15876598946576
1951 1.20541760722348
1952 1.13017306245297
1953 1.07298720842739
1954 1.00677200902935
1955 1.02332580887886
1956 1.04890895410083
1957 0.829194883370956
1958 0.984198645598194
1959 1.104589917231
1960 1.10158013544018
1961 0.794582392776524
1962 0.699774266365689
1963 0.784048156508653
1964 0.675696012039127
1965 0.647103085026336
1966 0.690744920993228
1967 0.993227990970655
1968 0.880361173814898
1969 0.943566591422122
1970 0.981188863807374
1971 0.924003009781791
1972 1.19488337095561
1973 1.22648607975922
1974 1.20692249811889
1975 1.32129420617005
1976 1.16779533483822
1977 1.30624529721595
1978 0.872836719337848
1979 1.20240782543266
1980 0.770504138449962
1981 0.896914973664409
1982 0.71933784800602
1983 1.01881113619263
1984 0.961625282167043
1985 0.651617757712566
1986 1.16779533483822
1987 1.01580135440181
1988 0.765989465763732
1989 0.886380737396539
1990 1.16779533483822
1991 0.692249811888638
1992 0.866817155756208
1993 1.03536493604214
1994 1.04138449962378
1995 0.794582392776524
1996 1.57712565838977
1997 0.752445447705041
1998 0.943566591422122
1999 1.01730624529722
2000 1.1346877351392
2001 0.674191121143717
2002 0.813403416557162
2003 1.37582128777924
2004 1
2005 0.90407358738502
2006 1.01708278580815
2007 1.06307490144547
2008 1.1892247043364
2009 0.827858081471748
2010 1.053876478318
2011 1.5137976346912
2012 0.73718791064389
2013 0.78580814717477
2014 0.877792378449409
