1940 NA
1941 NA
1942 NA
1943 NA
1944 NA
1945 NA
1946 NA
1947 NA
1948 NA
1949 NA
1950 NA
1951 NA
1952 3.9765784114053
1953 2.39918533604888
1954 0.347250509164969
1955 1
1956 1.45723014256619
1957 0.739307535641548
1958 0.986761710794297
1959 1.65560165975104
1960 0.659751037344398
1961 3.0103734439834
1962 2.20954356846473
1963 1.42946058091286
1964 1.96265560165975
1965 0.852697095435685
1966 1.21784232365145
1967 0.29045643153527
1968 1.20539419087137
1969 0.778008298755187
1970 0.365145228215768
1971 0.267634854771784
1972 1.69709543568465
1973 1.63278008298755
1974 0.813278008298755
1975 0.545643153526971
1976 0.273858921161826
1977 0.721991701244813
1978 1.21784232365145
1979 0.902489626556016
1980 0.906639004149377
1981 0.641078838174274
1982 1.10580912863071
1983 1.08091286307054
1984 1.56016597510373
1985 0.429460580912863
1986 1.06639004149378
1987 1.58091286307054
1988 0.933609958506224
1989 0.877593360995851
1990 1.36099585062241
1991 0.925311203319502
1992 0.70746887966805
1993 1.70124481327801
1994 1.22199170124481
1995 0.863070539419087
1996 1.52697095435685
1997 0.283757338551859
1998 0.50293542074364
1999 0.294194390084801
2000 0.467058056099152
2001 0.617090671885192
2002 0.268754076973255
2003 1.05544683626875
2004 0.632093933463796
2005 1.26810176125245
2006 1.26027397260274
2007 1.00913242009132
2008 1.2276581865623
2009 0.990867579908676
2010 1.0737116764514
2011 2.1252446183953
2012 1.13698630136986
2013 1.02478799739074
2014 0.870189171559035
