1940 1.18886279771889
1941 0.718215363971822
1942 0.912445488091245
1943 0.859778597785978
1944 0.969473331096947
1945 1.44682992284468
1946 0.962093257296209
1947 0.891982556189198
1948 1.41361959074136
1949 1
1950 1.1620261657162
1951 1.1630325394163
1952 1.67762495806776
1953 1.29352566252935
1954 0.740355585374036
1955 1.3720228111372
1956 1.20664206642066
1957 0.784636028178464
1958 1.3160013418316
1959 0.923851056692385
1960 1.16705803421671
1961 1.51928882925193
1962 1.02817846360282
1963 0.651123783965112
1964 0.916470982891647
1965 0.534719892653472
1966 0.727943643072794
1967 1.31264676283126
1968 0.860784971486079
1969 0.706556968337073
1970 0.944652206432311
1971 1.37397157816006
1972 1.43206182996759
1973 1.47020693093992
1974 0.837447020693094
1975 1.33208676140613
1976 0.55971079531289
1977 0.808027923211169
1978 1.13438045375218
1979 1.69184741959611
1980 0.668411867364747
1981 0.556469708302169
1982 0.778608825729245
1983 1.44353029169783
1984 1.18349538768387
1985 0.554724507604089
1986 0.994764397905759
1987 0.922213911742708
1988 0.890550984791823
1989 1.31388681126901
1990 0.8748441785091
1991 0.717776115681875
1992 0.635253054101222
1993 1.2802293692346
1994 1.0211917227624
1995 0.68810770381451
1996 1.75292944402892
1997 0.698578908002992
1998 0.919471453502867
1999 1.00523560209424
2000 0.81426078284717
2001 0.820992271254051
2002 0.601595612066816
2003 1.62303664921466
2004 1.21291448516579
2005 1.12241336325106
2006 1.32161555721765
2007 1.09498878085266
2008 0.984043879331837
2009 1.24457741211668
2010 1.04238344552481
2011 1.83794564946397
2012 0.678384442782349
2013 1.0199451508352
2014 1.28014626443946
