1940 1.07313784967981
1941 0.79474216380182
1942 0.686889113582744
1943 0.692281766093697
1944 1.0340411189754
1945 1.0778564206269
1946 0.89113582743512
1947 0.83855746545332
1948 1.25244354566903
1949 0.957195820694304
1950 0.923491742500843
1951 0.996966632962588
1952 1.39871924502865
1953 1.12841253791709
1954 0.748904617458713
1955 1.04954499494439
1956 1.00303336703741
1957 0.648466464442198
1958 1.24974721941355
1959 0.790023592854735
1960 1.04415234243343
1961 1.29558476575666
1962 1.0273003033367
1963 0.661274014155713
1964 0.807549713515335
1965 0.632288506909336
1966 0.823053589484328
1967 1.37445230872936
1968 1.02999662959218
1969 1.0185372430064
1970 0.791964777105118
1971 1.16675839295542
1972 1.23390203632361
1973 1.24931205283434
1974 0.93725921849202
1975 1.54650522839846
1976 0.749036873968079
1977 0.89157952669235
1978 1.16455696202532
1979 1.46285085305449
1980 0.757842597688498
1981 0.641717116125482
1982 0.839845899834893
1983 1.31315354980737
1984 1.27462850853054
1985 0.593835993395707
1986 0.792515134837644
1987 1.06329113924051
1988 0.799669785360484
1989 1.31095211887727
1990 1.06604292790314
1991 0.846450192625206
1992 0.727022564667034
1993 1.09301045679692
1994 1.28068244358833
1995 0.725371491469455
1996 1.74683544303797
1997 0.902586681342873
1998 1
1999 0.899284534947716
2000 0.927352779306549
2001 0.923500275178866
2002 0.682443588332416
2003 1.27297743533297
2004 0.975233902036324
2005 1.01596037424326
2006 1.06659328563566
2007 0.994496422674739
2008 0.878370941111723
2009 1.2168409466153
2010 1.0968629609246
2011 1.65382498624106
2012 0.724270776004403
2013 1.03632361034673
2014 1.21574023115025
