1940 NA
1941 NA
1942 NA
1943 NA
1944 NA
1945 NA
1946 NA
1947 NA
1948 NA
1949 NA
1950 NA
1951 NA
1952 NA
1953 NA
1954 NA
1955 NA
1956 NA
1957 NA
1958 NA
1959 NA
1960 NA
1961 1.1678290547559
1962 1.03635554236534
1963 0.739872384626799
1964 1.06262056684968
1965 0.590295296037988
1966 0.684819706187862
1967 1.06558836622644
1968 0.963644457634664
1969 0.70403948826433
1970 0.942782310869346
1971 0.93401833383701
1972 1.36728115241261
1973 1.15966555857762
1974 0.895033746348343
1975 1.20811927067593
1976 0.969477183439105
1977 1.07383902488164
1978 1.03052281656089
1979 1.48612365300102
1980 0.684365781710914
1981 0.707362591054121
1982 0.994762506772621
1983 1.47372223225573
1984 1.35657094696286
1985 0.616579375112877
1986 0.947805670940943
1987 0.815122509180663
1988 0.787791222683764
1989 1.09626151345494
1990 1.1792185900909
1991 0.701703690325688
1992 0.999458190355788
1993 1.2951658539522
1994 1.27204864246584
1995 0.7802058876648
1996 1.93811329841671
1997 0.763108783336343
1998 1.08747215700439
1999 0.864005779302872
2000 1.05990006622118
2001 0.572873397146469
2002 0.839443742098609
2003 1.73005839503943
2004 1.46938775510204
2005 1.00054180964421
2006 1.4214677021251
2007 0.855577629281801
2008 1.00162542893263
2009 1.08410089699597
2010 0.975979772439949
2011 1.90837396905665
2012 0.956354223105171
2013 0.792246101980615
2014 1.02209379326952
