1940 0.718996062992126
1941 0.584153543307087
1942 1.01919291338583
1943 1.20816929133858
1944 0.74261811023622
1945 1.43110236220472
1946 0.868110236220472
1947 1.02509842519685
1948 1.07726377952756
1949 0.860728346456693
1950 1.21899606299213
1951 1.13976377952756
1952 0.940944881889764
1953 0.994586614173228
1954 1.09842519685039
1955 0.948326771653543
1956 1.25590551181102
1957 0.755413385826772
1958 1.24557086614173
1959 1.04183070866142
1960 1.08021653543307
1961 1.05708661417323
1962 0.75738188976378
1963 0.625492125984252
1964 0.72490157480315
1965 0.579724409448819
1966 0.737696850393701
1967 0.982283464566929
1968 1.06200787401575
1969 0.950295275590551
1970 0.860728346456693
1971 0.971948818897638
1972 1.51427165354331
1973 1.21604330708661
1974 1.17962598425197
1975 1.23523622047244
1976 1.43061023622047
1977 1.66781496062992
1978 0.891732283464567
1979 1.28838582677165
1980 0.744094488188976
1981 0.889763779527559
1982 0.773622047244094
1983 1.11318897637795
1984 1.04330708661417
1985 0.72490157480315
1986 1.13385826771654
1987 0.920275590551181
1988 0.763779527559055
1989 1
1990 1.34005905511811
1991 0.791338582677165
1992 0.852854330708661
1993 1.04872047244094
1994 1.06102362204724
1995 0.727362204724409
1996 1.59055118110236
1997 0.767224409448819
1998 1.01574803149606
1999 0.825787401574803
2000 1.34694881889764
2001 0.536119402985075
2002 0.909054726368159
2003 1.27601990049751
2004 1.0407960199005
2005 0.969950248756219
2006 1.37671641791045
2007 1.05194029850746
2008 1.03004975124378
2009 0.845373134328358
2010 0.930547263681592
2011 1.53393034825871
2012 0.669452736318408
2013 1.06587064676617
2014 0.837810945273632
