1940 NA
1941 NA
1942 NA
1943 NA
1944 NA
1945 NA
1946 NA
1947 NA
1948 NA
1949 NA
1950 NA
1951 NA
1952 NA
1953 NA
1954 NA
1955 NA
1956 NA
1957 NA
1958 NA
1959 NA
1960 NA
1961 1.35368577810871
1962 0.868205510052122
1963 0.962025316455696
1964 1.12434847356664
1965 0.860759493670886
1966 0.956068503350707
1967 1.4951600893522
1968 1.0379746835443
1969 0.957557706626955
1970 1.26880119136262
1971 0.779713114754098
1972 1.94006147540984
1973 0.967725409836065
1974 0.931352459016393
1975 1.33094262295082
1976 1.27049180327869
1977 1.33094262295082
1978 0.997438524590164
1979 1.09118852459016
1980 0.668545081967213
1981 0.858094262295082
1982 0.880122950819672
1983 0.784323770491803
1984 1.43032786885246
1985 0.831967213114754
1986 1.00256147540984
1987 0.903688524590164
1988 0.605020491803279
1989 1.01844262295082
1990 1.27868852459016
1991 0.743340163934426
1992 1.2156762295082
1993 1.21823770491803
1994 1.14702868852459
1995 0.649077868852459
1996 1.44723360655738
1997 0.992315573770492
1998 1.10963114754098
1999 0.710553278688524
2000 1.02356557377049
2001 0.650614754098361
2002 0.996413934426229
2003 1.53073770491803
2004 1.45133196721311
2005 1.19364754098361
2006 1.30532786885246
2007 1.03483606557377
2008 0.931864754098361
2009 0.783299180327869
2010 1.01588114754098
2011 1.49487704918033
2012 0.739754098360656
2013 0.892418032786885
2014 0.943647540983606
