1940 NA
1941 NA
1942 NA
1943 NA
1944 NA
1945 NA
1946 NA
1947 NA
1948 NA
1949 NA
1950 NA
1951 NA
1952 NA
1953 NA
1954 NA
1955 NA
1956 NA
1957 NA
1958 NA
1959 NA
1960 NA
1961 NA
1962 NA
1963 NA
1964 NA
1965 NA
1966 NA
1967 NA
1968 NA
1969 0.716617831728757
1970 0.991209711176224
1971 1.42151527835915
1972 1.83005441607367
1973 1.39723733779824
1974 0.946002511511093
1975 1.17203850983675
1976 0.921724570950188
1977 0.753453327752198
1978 1.12431979907911
1979 1.86354123064044
1980 0.87316868982838
1981 0.409376308078694
1982 0.936793637505232
1983 1.36458769359565
1984 1.51276684805358
1985 1.47676852239431
1986 0.601925491837589
1987 1.24989535370448
1988 0.462955211385517
1989 1.33779824194224
1990 0.896609460025115
1991 0.839681875261616
1992 0.992884051904563
1993 1.13520301381331
1994 1.66178317287568
1995 0.951025533696107
1996 2.08622854750942
1997 0.740058601925492
1998 1.84428631226455
1999 0.620343239849309
2000 0.829635830891586
2001 0.768522394307242
2002 1.00711594809544
2003 2.08287986605274
2004 1.42904981163667
2005 0.841356215989954
2006 1.22729175387191
2007 0.964420259522813
2008 0.987023859355379
2009 1.12180828798661
2010 1.02218501465048
2011 1.40560904143993
2012 0.616994558392633
2013 1.0975303474257
2014 0.88237756383424
