1940 NA
1941 NA
1942 NA
1943 NA
1944 NA
1945 NA
1946 NA
1947 NA
1948 NA
1949 NA
1950 NA
1951 NA
1952 NA
1953 NA
1954 NA
1955 NA
1956 NA
1957 NA
1958 NA
1959 NA
1960 NA
1961 NA
1962 NA
1963 NA
1964 NA
1965 NA
1966 NA
1967 NA
1968 NA
1969 NA
1970 NA
1971 NA
1972 NA
1973 NA
1974 NA
1975 NA
1976 NA
1977 NA
1978 NA
1979 NA
1980 NA
1981 NA
1982 NA
1983 NA
1984 NA
1985 NA
1986 NA
1987 NA
1988 NA
1989 NA
1990 NA
1991 NA
1992 NA
1993 NA
1994 NA
1995 NA
1996 NA
1997 NA
1998 1.94063670411985
1999 0.549063670411985
2000 0.688670411985019
2001 0.563202247191011
2002 0.326310861423221
2003 2.29082397003745
2004 1.30955056179775
2005 1.00973782771536
2006 1.03014981273408
2007 0.722752808988764
2008 0.580430711610487
2009 1.02322097378277
2010 0.86563670411985
2011 1
2012 0.63810861423221
2013 1.04728464419476
2014 1.17546816479401
