1940 0.995589856670342
1941 0.931459022418229
1942 1.02443954428519
1943 0.898566703417861
1944 0.975468577728776
1945 0.986310180080853
1946 0.986953325983094
1947 1
1948 1.07432929070195
1949 1.08177140757075
1950 1.08186328555678
1951 1.0731348768835
1952 1.04410143329658
1953 1.02379639838295
1954 0.977030503491363
1955 1.06951440660891
1956 1.00312311102156
1957 1.0394922425952
1958 1.03636913157364
1959 1.0045335482571
1960 1.00685069514407
1961 1.02377594197058
1962 1
1963 0.964336087044127
1964 0.990227684868023
1965 0.958795083618779
1966 0.927966955470482
1967 1.01178722546847
1968 0.964235341527302
1969 0.98388071730808
1970 0.97783598629861
1971 0.984888172476325
1972 0.53848478742696
1973 0.63026395325408
1974 1.04130566189805
1975 1.05923836389281
1976 1.77328094302554
1977 0.919842829076621
1978 1.57838899803536
1979 0.838899803536346
1980 0.144400785854617
1981 1.4426326129666
1982 1
1983 0.438310412573674
1984 1.7901768172888
1985 2.22647185217018
1986 0.934250107434465
1987 1.2127202406532
1988 1.48130640309411
1989 0.998710786420284
1990 0.65749892565535
1991 0.787709497206704
1992 0.64804469273743
1993 1.00644606789858
1994 1.00128921357972
1995 2.36500579374276
1996 1.15063731170336
1997 1.26419466975666
1998 0.840092699884125
1999 2.34994206257242
2000 1.60370799536501
2001 1.12398609501738
2002 0.659327925840093
2003 0.66396292004635
2004 0.314020857473928
2005 0.811123986095018
2006 1.10660486674392
2007 0.848203939745075
2008 1.31402085747393
2009 1.03360370799537
2010 1.08690614136732
2011 0.340672074159907
2012 0.407879490150637
2013 0.966396292004635
2014 0.650057937427578
