1940 1.17255365894879
1941 0.759168497549434
1942 0.955551799898597
1943 1.01994253844854
1944 0.833699509886767
1945 1.00101402737874
1946 0.998985972621261
1947 0.91296264999155
1948 1.03025181679905
1949 1.49146526956228
1950 1.21219462951746
1951 1.01635372501514
1952 1.01796890773269
1953 0.622451039773875
1954 0.834241873611952
1955 0.806783767413689
1956 0.758328285887341
1957 1.04179285281647
1958 1.29234807187563
1959 0.983646274984858
1960 1.29759741570765
1961 1.05996365838886
1962 1.08782556026651
1963 1.08479709267111
1964 0.728649303452453
1965 1.02988088027458
1966 0.912376337573188
1967 0.684837472239047
1968 0.864122753886533
1969 0.768826973551383
1970 0.795544824363268
1971 0.971726769997664
1972 1.30508606589298
1973 1.26583067217073
1974 0.916582288340213
1975 1.06176493496378
1976 0.842900537425033
1977 0.6731053820391
1978 1.11176882934808
1979 1.41163642028195
1980 0.967520834955994
1981 0.472155152270426
1982 0.616558922034426
1983 1.07812134901472
1984 0.987615857932861
1985 0.995871952644287
1986 0.695069709478931
1987 1.57675831451048
1988 0.595996572941818
1989 1.33546226341615
1990 1.40400342705818
1991 1.00412804735571
1992 1.23467559778799
1993 1.2348313731599
1994 1.07033258041904
1995 0.760962691798427
1996 1.33234675597788
1997 0.977023132642729
1998 1.29073243647235
1999 0.71431240657698
2000 0.528587443946188
2001 0.620515695067265
2002 0.432922272047833
2003 1.83015695067265
2004 1.25990284005979
2005 1.11715246636771
2006 0.934790732436472
2007 1.0622197309417
2008 0.645179372197309
2009 1.02690582959641
2010 1.17171150971599
2011 0.905829596412556
2012 0.858370702541106
2013 1.3682735426009
2014 1
