1940 0.569666011787819
1941 0.692652259332024
1942 1.12023575638507
1943 0.827897838899803
1944 1
1945 1.26286836935167
1946 0.945225933202357
1947 1.07355599214145
1948 1.46891944990177
1949 1.97153579267861
1950 1.00743468101678
1951 0.840189761382143
1952 1.66182822346527
1953 1.43822134107484
1954 0.992565318983219
1955 0.909013665651774
1956 0.986334348226297
1957 0.573090649536046
1958 1.02748037116345
1959 1.27201998572448
1960 1.23704496788009
1961 1.06259814418273
1962 0.848679514632405
1963 0.773376159885796
1964 1.5728051391863
1965 1.17130620985011
1966 0.727551748750892
1967 0.69186295503212
1968 0.757387580299786
1969 0.977801570306924
1970 0.653104925053533
1971 1.38936473947181
1972 0.902997858672377
1973 1.35788722341185
1974 0.875802997858672
1975 1.40642398286938
1976 1.04118486795146
1977 0.913204853675946
1978 0.91513204853676
1979 1.18179871520343
1980 0.93226266952177
1981 0.436117059243398
1982 1.02234118486795
1983 1.29400428265525
1984 1.11527480371163
1985 0.768379728765168
1986 0.509136331192006
1987 1.14082798001428
1988 0.640827980014275
1989 1.20321199143469
1990 1
1991 1.17523197715917
1992 0.871306209850107
1993 1.01420413990007
1994 1.09029264810849
1995 1.11948608137045
1996 0.776374018558173
1997 0.861670235546038
1998 2.57865920428276
1999 1.05450784767003
2000 0.977247840369875
2001 0.609684876505658
2002 0.578659204282759
2003 1.87017885387517
2004 1.20829784645334
2005 0.979072879912398
2006 0.962039177515513
2007 0.881250760433143
2008 1
2009 1.00316340187371
2010 1.0854118505901
2011 0.579632558705439
2012 0.660420975787809
2013 1.32668207811169
2014 1.35527436427789
