1940 NA
1941 NA
1942 NA
1943 NA
1944 NA
1945 NA
1946 NA
1947 NA
1948 NA
1949 NA
1950 NA
1951 NA
1952 NA
1953 NA
1954 NA
1955 NA
1956 NA
1957 NA
1958 NA
1959 NA
1960 NA
1961 NA
1962 NA
1963 NA
1964 NA
1965 NA
1966 NA
1967 NA
1968 NA
1969 NA
1970 NA
1971 NA
1972 NA
1973 NA
1974 NA
1975 NA
1976 NA
1977 NA
1978 NA
1979 NA
1980 NA
1981 NA
1982 NA
1983 NA
1984 NA
1985 NA
1986 NA
1987 NA
1988 NA
1989 NA
1990 NA
1991 NA
1992 NA
1993 NA
1994 NA
1995 NA
1996 1.2212412671069
1997 1.10481864293234
1998 1.24255909656426
1999 0.563546750885252
2000 0.515073212747631
2001 0.358622834721026
2002 0.386304909560723
2003 1.78720451717868
2004 1.14944013781223
2005 1.09060675662743
2006 0.791846109675567
2007 0.632787826586276
2008 0.460020097616997
2009 1.04407120298593
2010 1.01751363766868
2011 0.636089577950043
2012 0.608216097234185
2013 1.55813953488372
2014 1
