1940 0.84613268954558
1941 0.685695076857256
1942 0.997952510466644
1943 1.02142224123705
1944 1.07147877639581
1945 1.03437948843321
1946 1.24102313357577
1947 0.993307459585001
1948 1.23374996180057
1949 1.59227454695474
1950 1.16260734040277
1951 0.855056076765578
1952 1.00204748953336
1953 0.78965864987929
1954 0.69357943953794
1955 0.608868380038505
1956 0.497798248721972
1957 0.975299893708559
1958 1.02216935769601
1959 1.01715847547705
1960 1.17841777597813
1961 1.06367363466113
1962 1.02196689780837
1963 0.754416156299033
1964 1.21951713316799
1965 1.01078098901655
1966 0.8206205395556
1967 0.863035886015083
1968 0.809940780482867
1969 1.00075922457863
1970 0.75917396365845
1971 0.99924077542137
1972 1.0605861213747
1973 1.41215771625247
1974 1.2190109834489
1975 1.48701725970542
1976 1.13306676114795
1977 0.915321151996761
1978 0.938806498962393
1979 1.38128258338817
1980 1.07754213696411
1981 0.515513488890014
1982 0.818140405932075
1983 1.14789694791719
1984 1.0972819760085
1985 0.71240572961482
1986 0.655058966442274
1987 0.896138077643367
1988 0.40856405324695
1989 0.80052639570785
1990 1.11145416814294
1991 0.927266285367212
1992 1.07146834033507
1993 1.08310978387407
1994 0.882623880143746
1995 1.22731183884193
1996 0.994432353090044
1997 0.867743078402591
1998 1.66849203105844
1999 0.826726604004904
2000 0.731099305271761
2001 0.603351042092358
2002 0.730690641601962
2003 2.02492848385779
2004 1.63179403351042
2005 1.61087045361667
2006 1
2007 0.852227217000409
2008 0.563547200653862
2009 1.22599100939926
2010 1.4077646097262
2011 0.89930527176134
2012 0.821740907233347
2013 2.01250510829587
2014 1.24683285655905
