1940 0.421090156003327
1941 0.3816394778387
1942 0.991800913273014
1943 0.447096368975878
1944 1.65910132577365
1945 0.963350252083722
1946 0.935273048260877
1947 1.88215722555127
1948 1.84759544382013
1949 1.252338352374
1950 0.730516559439135
1951 0.605000933643416
1952 0.423262998862653
1953 1.05233495730703
1954 0.239488023901271
1955 0.190429306218065
1956 0.319679505678249
1957 0.663599789505848
1958 1.00945526150503
1959 1.35758542837257
1960 1.00819908672699
1961 0.896026074114312
1962 0.568707667758747
1963 0.650359028331834
1964 2.40163642227843
1965 1.23804512044
1966 1.30961313211903
1967 0.772275883141795
1968 0.241592965421243
1969 1.07161893768355
1970 1.23468400414198
1971 1.04741211020387
1972 1.04785346890967
1973 1.64029265477262
1974 0.839566110441529
1975 1.25940009166681
1976 1.49603625931522
1977 1.02928245259638
1978 0.873245174761072
1979 1.28404827785228
1980 0.970717547403622
1981 0.134003293214959
1982 0.896127926123343
1983 1.63105807262048
1984 1.51528628902205
1985 0.599806481182841
1986 1.12332580760156
1987 1.33123970870325
1988 0.591216961754571
1989 0.331765944083247
1990 0.516695241813645
1991 1.91671900728242
1992 1.33212242611486
1993 0.890492114956968
1994 1.35775518172096
1995 1.14899251387734
1996 0.291500449846373
1997 1.06313127026431
1998 2.45710259606525
1999 0.357595794265893
2000 0.286488537206655
2001 0.487344859357216
2002 0.370765812151103
2003 2.33049699203295
2004 1.63958593030188
2005 1.89691615630589
2006 0.673784618719853
2007 0.294184597040811
2008 1
2009 1.80456343829603
2010 1.15370440626524
2011 0.1866565497805
2012 0.421440572326703
2013 1.95181832962983
2014 1.32941303994363
