1940 0.648963730569948
1941 1.65770725388601
1942 0.681023316062176
1943 0.838082901554404
1944 1.03335492227979
1945 1.23769430051813
1946 0.622733160621762
1947 1.64961139896373
1948 1.83387305699482
1949 1.02299222797927
1950 0.734132124352332
1951 1
1952 0.814766839378238
1953 1.88730569948187
1954 0.622085492227979
1955 0.537888601036269
1956 0.954987046632124
1957 1.04501295336788
1958 0.971826424870466
1959 1.80667098445596
1960 2.80051813471503
1961 0.50550518134715
1962 0.655116580310881
1963 1.13536269430052
1964 1.70045336787565
1965 0.754209844559586
1966 1.44365284974093
1967 0.783354922279793
1968 1.18976683937824
1969 2.17396798652064
1970 0.907329401853412
1971 0.630581297388374
1972 0.82055602358888
1973 1.11878685762426
1974 1.57160909856782
1975 0.79486099410278
1976 1.09267059814659
1977 0.569502948609941
1978 1.22577927548441
1979 1.35299073294019
1980 0.427548441449031
1981 0.267303719008264
1982 1.14127066115702
1983 1.05630165289256
1984 0.959194214876033
1985 0.972365702479339
1986 0.767303719008265
1987 1.19989669421488
1988 1.02763429752066
1989 0.56353305785124
1990 0.318956611570248
1991 1.28357438016529
1992 1.17587809917355
1993 0.890237603305785
1994 1.56379132231405
1995 1.2786673553719
1996 1.1485020661157
1997 1.02840909090909
1998 1.07670454545455
1999 0.78176652892562
2000 0.275826446280992
2001 0.917871900826446
2002 1.32773760330579
2003 1.31869834710744
2004 1.59504132231405
2005 1.34245867768595
2006 0.584194214876033
2007 0.591942148760331
2008 1.31456611570248
2009 0.96978305785124
2010 0.806818181818182
2011 0.929752066115703
2012 0.610020661157025
2013 0.68698347107438
2014 1.13197314049587
