1940 0.346817739222803
1941 0.267681685403204
1942 1.32026201646455
1943 0.07515269540586
1944 1.20872798087988
1945 1.6156501726122
1946 1.91856245020802
1947 2.83411525183677
1948 2.38558909444985
1949 1.28954589714083
1950 0.614676462777728
1951 0.821368504912809
1952 0.537310790475347
1953 0.983801009117465
1954 0.255111976630964
1955 0.112861821722581
1956 0.132247499336107
1957 0.607417898557139
1958 1.00593077808268
1959 1.59440559440559
1960 1.49420200053111
1961 1.14950871912897
1962 0.595733380543507
1963 0.619545011950075
1964 3.03230946268921
1965 1.53500929450297
1966 1.95397008055236
1967 0.763299991148092
1968 0.120740019474197
1969 1.29707001858901
1970 1.41161370275294
1971 1.22297955209348
1972 1.30999380366469
1973 2.38921837656015
1974 0.59502522793662
1975 1.64672036823936
1976 1.50429317517925
1977 0.940957776400814
1978 0.817562184650792
1979 0.994069221917323
1980 0.871204744622466
1981 0.233513322120917
1982 0.289457378064973
1983 1.47154111711074
1984 2.14419757457732
1985 0.608922722846773
1986 1.08064087810923
1987 1.34336549526423
1988 0.564397627688767
1989 0.0918828007435602
1990 0.360626715057095
1991 1.93272550234576
1992 1.24590599274144
1993 0.984155085420908
1994 1.34053288483668
1995 0.871558820925909
1996 0.607860493936443
1997 1.16252102328052
1998 3.52368064952639
1999 0.302661253946775
2000 0.133062697338746
2001 0.360547286122388
2002 0.212749962411667
2003 1.97188392722899
2004 2.71056983912194
2005 2.38475417230492
2006 0.723049165539017
2007 0.242820628476921
2008 1.10118779130958
2009 1.38385205232296
2010 1
2011 0.0284167794316644
2012 0.789505337543226
2013 1.88708464892497
2014 2.23229589535408
