1940 0.912229480675888
1941 0.656764351665998
1942 1.04334878289114
1943 1.29333965913653
1944 1.31415641764899
1945 1.13632349184336
1946 1.45416590635378
1947 1.19960585380096
1948 1.74993613371775
1949 1.54934491441918
1950 0.874230867486588
1951 0.836524214444728
1952 1.11337542425459
1953 1.3014853472501
1954 0.71206160359111
1955 0.699551111273311
1956 0.758950403269954
1957 0.879325572059414
1958 0.956651217108865
1959 0.935323528338382
1960 0.907513716303201
1961 1.1750106360055
1962 1.00186199161275
1963 0.866251540148849
1964 1.54497787158336
1965 0.89320345435358
1966 1.03924547900701
1967 1.0440745017653
1968 0.856814502538828
1969 0.798556818370177
1970 0.67551066639409
1971 0.991098906563382
1972 0.998756830525612
1973 1.18676825663438
1974 0.890319301173
1975 1.35449115692114
1976 1.10165811181895
1977 0.912044378387637
1978 0.874097320831653
1979 1.06955671339142
1980 1.12013437280719
1981 0.577471559045025
1982 0.988734121963213
1983 1.16652393239368
1984 1.02616181093879
1985 0.684770897678864
1986 0.478570520860384
1987 0.762852991065755
1988 0.486162142450646
1989 0.977440617938107
1990 1.24761173330976
1991 1.0081828177403
1992 1.09432064932123
1993 1.01946527137008
1994 1.00124316947439
1995 0.994137765278553
1996 1.1201012216212
1997 1.05177662730884
1998 1.94097039443829
1999 0.799749505363852
2000 0.674720008712857
2001 1
2002 0.875896244395636
2003 2.15031493347371
2004 1.41375179248879
2005 1.89054473507469
2006 0.996714526873718
2007 0.707266159626799
2008 0.685592928064475
2009 1.78352180936995
2010 1.45052730936088
2011 0.9464703853624
2012 0.698026900945708
2013 1.58951552885226
2014 1.71556152547603
