1940 1.1026804708552
1941 0.766841582754219
1942 1.17132321656503
1943 1
1944 0.94142674797901
1945 1.27684016451567
1946 0.854488725003546
1947 0.760601333144235
1948 1.15742447879733
1949 0.971777052900298
1950 1.28790242518792
1951 1.24365338249894
1952 1.31257977591831
1953 0.950219826974897
1954 0.8690965820451
1955 1.09275280102113
1956 1.37554956743724
1957 0.837753510140406
1958 0.986526733796624
1959 0.973337115302794
1960 1.0636789107928
1961 1.34108637072756
1962 1.00907672670543
1963 0.761310452418097
1964 1.08339242660616
1965 0.788824280243937
1966 0.719614239115019
1967 1.08013047794639
1968 0.775918309459651
1969 0.505187503622558
1970 1.40195907958036
1971 1.29484727293804
1972 1.44682084275199
1973 0.90477018489538
1974 0.874514577174984
1975 1.29786124152321
1976 0.896771575957804
1977 0.996580304874515
1978 1.06161247319307
1979 1.54917985277923
1980 0.897003419695126
1981 0.860603952935721
1982 0.807975424563844
1983 1.00341969512549
1984 1.14681504665855
1985 1.11516837651423
1986 1.00840433547789
1987 0.845302266272532
1988 0.837303657334956
1989 1.09036109662088
1990 1.07703008172492
1991 0.753608068162059
1992 0.832434938851214
1993 1.3478235669159
1994 1.24245058830348
1995 0.660986495102301
1996 1.68179447052686
1997 1.1093722830812
1998 0.992291195734075
1999 0.713383179736857
2000 0.763809192604185
2001 0.727873413319423
2002 0.843099750767982
2003 1.51764910450356
2004 1.50543866767132
2005 0.584246218049035
2006 0.8779922332348
2007 1.09534573697328
2008 1.19469077841535
2009 0.855155625108677
2010 1.10948820494986
2011 1.55115052454646
2012 0.983944821190518
2013 1.037732568249
2014 0.791862284820031
