1940 1.10983490859776
1941 0.635567302769052
1942 1.02259801004664
1943 1.02276407013271
1944 1.00256009299365
1945 1.19283727495399
1946 1.14216127202026
1947 1.10659673691931
1948 1.12159749802804
1949 1.42994340118733
1950 1.11146783277749
1951 0.910977955523574
1952 0.858447614962014
1953 0.876880284516281
1954 0.720894510330321
1955 0.900128696566708
1956 0.812310587714321
1957 1.43201915226326
1958 1.18644396164012
1959 0.997439907006352
1960 1.23711996457385
1961 1.2289830203562
1962 1.17022542656685
1963 0.762824682064127
1964 0.929576685163915
1965 0.882194207270664
1966 0.942806138687849
1967 0.953932164454839
1968 0.981608845467252
1969 0.937713629381565
1970 0.735298411094268
1971 0.995182752231767
1972 1.14758295435405
1973 1.2397282578182
1974 1.12458593004323
1975 1.18796249508731
1976 0.979933748806917
1977 1.0576609960137
1978 0.989186457806973
1979 1.37088316209084
1980 0.899713660097692
1981 0.571556903037449
1982 0.892212677558812
1983 1.14062096457246
1984 0.948514962663523
1985 0.645488742911684
1986 0.585503340632194
1987 1.04088484644321
1988 0.408848464432092
1989 1.06237718263994
1990 1.03807759249902
1991 0.895985626859806
1992 1.04405142889226
1993 1.00481724776823
1994 1.04816124866655
1995 0.898208971983606
1996 1.10030879793386
1997 0.77057997866487
1998 1.43255883675611
1999 0.679868085744266
2000 0.638974666466797
2001 0.677529605756258
2002 0.706610703043022
2003 1.78821765852196
2004 1.39424374156798
2005 1.0903912456903
2006 0.91608454504572
2007 0.800299805126668
2008 0.653155448958177
2009 1.21241193224404
2010 1.17703492729726
2011 1.20806475790736
2012 1
2013 1.96261430070454
2014 0.954459601259182
