1940 0.996983525407998
1941 0.390440095908423
1942 0.760615670198778
1943 0.94856524093124
1944 0.549771830768041
1945 1.26367081754196
1946 0.860700750251373
1947 1.38448449222678
1948 1.18431433212159
1949 1.003016474592
1950 1.4274885915384
1951 1.21757289813597
1952 1.15880778813325
1953 0.404540001845529
1954 0.384608286426133
1955 0.702962074374827
1956 0.999907723539725
1957 1.09070776045031
1958 1.09144597213251
1959 1.38839162129741
1960 0.622312448094491
1961 1.05287441173757
1962 0.752422257082218
1963 0.690781581618529
1964 0.969271938728431
1965 0.918150779736089
1966 0.967795515364031
1967 1.05896465811571
1968 1.1183906985328
1969 1.14773461290025
1970 1.05933376395681
1971 0.62581895358494
1972 1.55356648518963
1973 1.63827627572206
1974 1.10454922949156
1975 1.01928578019747
1976 0.689489711174679
1977 0.793577558364861
1978 1.03165082587432
1979 1.90790809264557
1980 1.29445418473747
1981 1.08793946664206
1982 0.999723170619175
1983 0.923318261511489
1984 1.00009227646028
1985 0.920365414782689
1986 1.17504844514164
1987 0.607732767371044
1988 0.578757958844699
1989 1.42770139337455
1990 1.94112761834456
1991 0.833625542124204
1992 0.605333579403894
1993 1.25957368275353
1994 0.779182430561964
1995 1.26031189443573
1996 1.66448279044016
1997 1.08424840823106
1998 0.889914182891944
1999 0.581341699732398
2000 0.872935314201347
2001 0.806865368644459
2002 0.681873397219598
2003 1.0591172897827
2004 1.17019840734242
2005 1.156971251181
2006 0.814009987852612
2007 0.89944661897692
2008 1.1279524902146
2009 0.584154406802537
2010 0.579295451477932
2011 1.60413011202591
2012 0.623026049399379
2013 1
2014 1.06964502631934
