1940 0.815923687193049
1941 0.386758594635436
1942 0.789006422364941
1943 1.05761239138648
1944 0.718454854552323
1945 1.45466565923687
1946 0.75840574234983
1947 1.50273894975444
1948 1.54788439743105
1949 1.30232338496411
1950 2.24149981110691
1951 1.33377408386853
1952 1.29108424631658
1953 0.688515300340008
1954 0.445315451454477
1955 0.938893086513033
1956 0.975632791839819
1957 1.54382319607102
1958 1.50840574234983
1959 1.31242916509256
1960 0.539100868908198
1961 1.14355874574991
1962 0.798734416320363
1963 0.72261050245561
1964 0.897714393653192
1965 0.786361919153759
1966 0.73942198715527
1967 1.30959576879486
1968 1.06856819040423
1969 1.19248205515678
1970 1
1971 0.631142687981054
1972 1.45167258732978
1973 1.42332741267022
1974 0.982830076968621
1975 1.16866489046773
1976 0.648312611012433
1977 0.564017169923031
1978 0.911264061574896
1979 1.29736530491415
1980 0.97202486678508
1981 0.864786856127886
1982 1.22957371225577
1983 0.820677915926584
1984 0.950414446417999
1985 0.897868561278863
1986 1.35812611012433
1987 0.585997631734754
1988 0.363750740082889
1989 1.11219656601539
1990 1.59428656009473
1991 0.762285375962108
1992 0.894094138543517
1993 1.52346062759029
1994 0.581557134399053
1995 1.12100355239787
1996 1.60153937240971
1997 0.921107164002368
1998 1.04285079928952
1999 0.668220840734162
2000 0.751406157489639
2001 1.01716992303138
2002 0.963735938425104
2003 1.81623741859088
2004 1.05313795145056
2005 1.68428063943162
2006 1.36589698046181
2007 1.37855239786856
2008 1.53478389579633
2009 0.649866785079929
2010 0.794775014801658
2011 2.23571640023683
2012 0.748223801065719
2013 1.33673771462404
2014 1.08155713439905
