1940 0.774864376130199
1941 0.396021699819168
1942 0.860759493670886
1943 1.20840867992767
1944 0.786618444846293
1945 1.61980108499096
1946 0.655515370705244
1947 1.29837251356239
1948 1.56962025316456
1949 1.25135623869801
1950 2.24095840867993
1951 1.39240506329114
1952 1.38110307414105
1953 0.763110307414105
1954 0.492314647377939
1955 1
1956 0.86121157323689
1957 1.60578661844485
1958 1.6378842676311
1959 1.33092224231465
1960 0.553345388788427
1961 1.18851717902351
1962 0.811482820976492
1963 0.676763110307414
1964 0.929475587703436
1965 0.715641952983725
1966 0.716998191681736
1967 1.38200723327306
1968 1.02576853526221
1969 1.00723327305606
1970 0.915913200723327
1971 0.604298356510746
1972 1.5434350731443
1973 1.3483836012281
1974 1.04497020046957
1975 1.18258985009933
1976 0.648726747336103
1977 0.590211305761243
1978 0.934441033050388
1979 1.45855156221781
1980 0.996568538919993
1981 0.878454036481849
1982 1.26061043886581
1983 0.823550659201734
1984 1.03594003973271
1985 0.951056528806213
1986 1.27650352176269
1987 0.618385407260249
1988 0.35109264944916
1989 1.12768647281922
1990 1.79808560592379
1991 0.788152429113238
1992 1.00343146108001
1993 1.66841249774246
1994 0.658840527361387
1995 1.2353259888026
1996 1.43832400216724
1997 0.954307386671483
1998 0.981036662452592
1999 0.581542351453856
2000 0.629944013003432
2001 0.940942748780928
2002 0.958641863825176
2003 1.87430016254289
2004 0.879176449340798
2005 1.69080729636988
2006 1.3202094997291
2007 1.40617662994401
2008 1.63807115766661
2009 0.685208596713022
2010 0.782734332671122
2011 2.28065739570164
2012 0.663897417374029
2013 1.54090662813798
2014 1.10926494491602
