1940 NA
1941 NA
1942 NA
1943 NA
1944 NA
1945 NA
1946 NA
1947 NA
1948 NA
1949 NA
1950 NA
1951 NA
1952 NA
1953 NA
1954 NA
1955 NA
1956 NA
1957 NA
1958 NA
1959 NA
1960 NA
1961 NA
1962 NA
1963 NA
1964 NA
1965 NA
1966 NA
1967 NA
1968 NA
1969 NA
1970 NA
1971 NA
1972 NA
1973 NA
1974 NA
1975 NA
1976 NA
1977 NA
1978 0.859121011438892
1979 1.78386514148104
1980 1.07405177603853
1981 0.823600240818784
1982 1.23299217338952
1983 0.706201083684527
1984 0.877182420228778
1985 1.0421432871764
1986 1.31908488862131
1987 0.577363034316677
1988 0.372065021071644
1989 1.39373871161951
1990 1.84828416616496
1991 0.643588199879591
1992 1.34858518964479
1993 1.5900060204696
1994 0.51896447922938
1995 0.661649608669476
1996 1.40096327513546
1997 0.902468392534618
1998 1
1999 0.619506321493076
2000 0.617098133654425
2001 0.898254063816978
2002 0.968693558097532
2003 1.59602649006623
2004 0.933172787477423
2005 1.89644792293799
2006 1.44009632751355
2007 1.45815773630343
2008 1.45334136062613
2009 0.709813365442505
2010 0.874774232390126
2011 2.00541842263697
2012 0.624322697170379
2013 1.26369656833233
2014 1.22335942203492
