1940 NA
1941 NA
1942 NA
1943 NA
1944 NA
1945 NA
1946 NA
1947 NA
1948 NA
1949 NA
1950 NA
1951 NA
1952 NA
1953 NA
1954 NA
1955 NA
1956 NA
1957 NA
1958 NA
1959 NA
1960 NA
1961 NA
1962 NA
1963 NA
1964 NA
1965 NA
1966 NA
1967 NA
1968 NA
1969 NA
1970 NA
1971 NA
1972 NA
1973 NA
1974 NA
1975 NA
1976 NA
1977 NA
1978 NA
1979 NA
1980 NA
1981 NA
1982 NA
1983 NA
1984 NA
1985 NA
1986 NA
1987 NA
1988 0.433878157503715
1989 1.0278603268945
1990 1.47548291233284
1991 0.857355126300149
1992 0.861441307578009
1993 1.19836552748886
1994 0.553863298662704
1995 0.485141158989599
1996 1.09546805349183
1997 0.785289747399703
1998 0.963595839524517
1999 0.595096582466568
2000 0.518202080237741
2001 1.01077265973254
2002 1
2003 1.40304606240713
2004 0.985512630014859
2005 1.21916790490342
2006 1.24182763744428
2007 1.12890044576523
2008 1.38595839524517
2009 0.793090638930163
2010 0.906389301634473
2011 1.47436849925706
2012 0.713224368499257
2013 1.15081723625557
2014 1.06352154531947
