1940 0.48507405121876
1941 0.292020209811787
1942 1.06512264733107
1943 1.117209194693
1944 0.795182813946313
1945 1.33369330453564
1946 0.936960043196544
1947 1.1235536871336
1948 1.17668157975933
1949 1.34761647639617
1950 2.24849583461894
1951 1.30559626658439
1952 1.30760182042579
1953 0.740685745140389
1954 0.321274298056156
1955 0.921648410984264
1956 0.961778771983956
1957 1.8245911755631
1958 1.24355908670164
1959 1.17078062326442
1960 0.828756556618328
1961 1.19743134834927
1962 1
1963 0.765909441530392
1964 0.822431348349275
1965 0.722346497994446
1966 0.711663066954644
1967 0.98119793273681
1968 1.24471613699475
1969 1.45813406356063
1970 0.892336470225239
1971 0.698272349128486
1972 1.01807613350659
1973 1.24541561267405
1974 1.32454771222734
1975 1.14068014239472
1976 0.636762749786638
1977 0.631411414643898
1978 1.00622015823344
1979 1.56372778926811
1980 0.847356240533288
1981 0.792120620324309
1982 1.24623061486533
1983 0.819061824836038
1984 0.942957535310354
1985 1.38178239441493
1986 0.999730895502879
1987 0.534779834077856
1988 0.572485218474408
1989 1.11318535148892
1990 1.41432097246677
1991 1.02848663319519
1992 1.00026910449712
1993 1.6532242563105
1994 0.735331882731949
1995 0.613973443230484
1996 1.25196638500396
1997 0.974327430974696
1998 1.10877203773614
1999 0.861687977179939
2000 0.648772499058134
2001 0.846374506147888
2002 1.0206407364427
2003 1.11203108497516
2004 0.819331620878046
2005 1.05799747043407
2006 1.24523750537859
2007 0.952459807283585
2008 1.38970962147784
2009 0.976712346628767
2010 0.70606183093633
2011 1.26716910278643
2012 0.536528757513724
2013 1.11324371194242
2014 0.9793592635573
