1940 0.698181818181818
1941 0.614141414141414
1942 1.02262626262626
1943 1.54909090909091
1944 0.768888888888889
1945 1
1946 0.724848484848485
1947 1.69575757575758
1948 1.52727272727273
1949 1.01939393939394
1950 1.78868686868687
1951 1.33252525252525
1952 1.22222222222222
1953 0.652121212121212
1954 1.07070707070707
1955 0.755555555555556
1956 1.29656565656566
1957 1.04525252525253
1958 0.510707070707071
1959 1.39191919191919
1960 1.13252525252525
1961 0.570909090909091
1962 0.683636363636364
1963 0.444848484848485
1964 0.223030303030303
1965 0.795959595959596
1966 0.736565656565657
1967 0.887014584431559
1968 1.18994904234757
1969 1.02934457916008
1970 0.780882094535231
1971 0.741521700931295
1972 0.949218063609208
1973 1.34563345633456
1974 1.38569671411
1975 1.47777192057635
1976 1.14672289580039
1977 0.518713758566157
1978 0.57845721314356
1979 0.641714988578457
1980 0.868037251801089
1981 1.05359339307679
1982 0.995958531013882
1983 1.00404146898612
1984 0.693024073097874
1985 1.42329994728519
1986 1.2598840274117
1987 0.597785977859779
1988 0.823053944825162
1989 0.964681075382182
1990 1.2293094359515
1991 0.942189421894219
1992 1.43208574942892
1993 1.6025303110174
1994 1.58636443507292
1995 0.932700755578984
1996 0.807239500966438
1997 1.02301880161659
1998 1.13301704445616
1999 0.612546125461255
2000 0.693726937269373
2001 1.32665612370409
2002 0.767176243191003
2003 0.536988227025127
2004 0.988227025127394
2005 0.876120189773326
2006 1.17483746266034
2007 1.07749077490775
2008 1.50342646283606
2009 1.57230715164294
2010 0.791425057107714
2011 1.39659110876823
2012 0.682481110525391
2013 1.00474433315762
2014 1.08592514496574
