1940 0.416273291925466
1941 0.525962732919255
1942 1.1632298136646
1943 1.8576397515528
1944 1.01354037267081
1945 1.02037267080745
1946 0.606832298136646
1947 1.51614906832298
1948 1.16024844720497
1949 1.09366459627329
1950 2.18248447204969
1951 1.79242236024845
1952 1.34186335403727
1953 0.408695652173913
1954 0.853788819875776
1955 0.838509316770186
1956 1.15888198757764
1957 0.986459627329193
1958 0.654658385093168
1959 1.27204968944099
1960 1.08782608695652
1961 0.925962732919255
1962 0.624472049689441
1963 0.363229813664596
1964 0.26944099378882
1965 0.924844720496894
1966 0.860869565217391
1967 1.22608695652174
1968 1.50534161490683
1969 1.33478260869565
1970 0.850310559006211
1971 0.652919254658385
1972 0.922755517463038
1973 1.18116563102636
1974 1.23719734304693
1975 1.08935076065995
1976 1.07670880651382
1977 0.805978144418256
1978 0.974823226912363
1979 0.883329762159846
1980 1.14891793443325
1981 1.56995928862224
1982 1.28208699378616
1983 1.24748232269124
1984 0.944611099207199
1985 1.34915363188344
1986 1.1612384829655
1987 0.763981144203985
1988 0.754338975787444
1989 1
1990 1.38365116777373
1991 0.901649882151275
1992 1.26237411613456
1993 1.29783586886651
1994 0.778015856010285
1995 0.88365116777373
1996 0.942468395114635
1997 1.21844868223698
1998 1.2188772230555
1999 0.928326548103707
2000 0.859974287550889
2001 1.25712449110778
2002 0.993036211699164
2003 0.759802871223484
2004 0.904649667880866
2005 0.846046710949218
2006 1.46914506106707
2007 1.20741375616027
2008 1.55731733447611
2009 1.34840368545104
2010 0.996250267838012
2011 1.85333190486394
2012 0.72594814656096
2013 0.910542104135419
2014 0.929290764945361
