1940 NA
1941 NA
1942 NA
1943 NA
1944 NA
1945 NA
1946 NA
1947 NA
1948 NA
1949 NA
1950 NA
1951 NA
1952 1.28624813153961
1953 0.58931240657698
1954 0.639760837070254
1955 0.955717488789238
1956 0.755418535127055
1957 1.84005979073244
1958 1.25896860986547
1959 1.56558295964126
1960 0.648729446935725
1961 1.08576233183856
1962 0.794095665171898
1963 0.507473841554559
1964 0.883408071748879
1965 0.733183856502242
1966 0.624813153961136
1967 1.18385650224215
1968 1
1969 1.10781016442451
1970 0.855941704035874
1971 0.9097533632287
1972 1.84510463378176
1973 1.37556053811659
1974 1.31558295964126
1975 1.24813153961136
1976 0.924887892376682
1977 0.863415545590433
1978 1.08053064275037
1979 1.16031390134529
1980 1.03774289985052
1981 0.971225710014948
1982 1.67750373692078
1983 0.946001494768311
1984 1.15470852017937
1985 1.22178624813154
1986 1.38770553064275
1987 0.676569506726457
1988 0.526905829596413
1989 0.826311797559126
1990 1.62766324208784
1991 0.777494311521754
1992 1.43418603047645
1993 1.26732400193064
1994 0.5506446942012
1995 0.639178101082535
1996 1.2327104736951
1997 1.00986002895953
1998 1.00268909880714
1999 0.654485278907812
2000 0.484037785285803
2001 0.881472798731297
2002 0.755154106047025
2003 2.1060470247535
2004 1.05343721988554
2005 1.24112252637385
2006 1.06405571261118
2007 1.33462042336068
2008 1.22802178859546
2009 0.8148658898159
2010 0.702613252430532
2011 1.74805212714611
2012 0.56474835927363
2013 0.997310901192857
2014 0.979797283320692
