1940 1.72805363503038
1941 0.69076052796983
1942 1.13324952859837
1943 1.76807039597737
1944 0.967316153362665
1945 1.85732243871779
1946 0.90823381521056
1947 1.35700817096166
1948 0.995600251414205
1949 0.592080452545569
1950 1.07291011942175
1951 1.50597108736644
1952 1.08422375864236
1953 0.763042111879321
1954 0.781269641734758
1955 1.1169076052797
1956 1.70773098680075
1957 0.913262099308611
1958 0.927718416090509
1959 1.19987429289755
1960 1.36329352608422
1961 1.02199874292898
1962 0.615964802011314
1963 0.734758013827781
1964 1.0043997485858
1965 0.482715273412948
1966 0.774984286612194
1967 0.656191074795726
1968 0.674619289340102
1969 1
1970 0.992893401015228
1971 1.08172588832487
1972 2.10812182741117
1973 1.06903553299492
1974 0.782741116751269
1975 1.14720812182741
1976 1.86142131979695
1977 1.44619289340102
1978 1.10355329949239
1979 1.2253807106599
1980 0.669543147208122
1981 0.815736040609137
1982 0.846192893401015
1983 0.840609137055838
1984 1.07055837563452
1985 0.760913705583756
1986 1.21573604060914
1987 0.884771573604061
1988 0.387817258883249
1989 0.981218274111675
1990 1.52081218274112
1991 0.995939086294416
1992 1.45939086294416
1993 1.53502538071066
1994 0.973096446700508
1995 0.468020304568528
1996 1.63350253807107
1997 0.76243654822335
1998 1.17715736040609
1999 0.550253807106599
2000 0.956345177664975
2001 0.789847715736041
2002 0.741624365482234
2003 1.34619289340102
2004 1.66294416243655
2005 1.38629441624366
2006 1.28477157360406
2007 1.11167512690355
2008 0.954314720812183
2009 0.861421319796954
2010 1.0253807106599
2011 1.63756345177665
2012 0.640609137055838
2013 0.765989847715736
2014 1.16243654822335
