1940 NA
1941 NA
1942 NA
1943 NA
1944 NA
1945 NA
1946 NA
1947 NA
1948 NA
1949 NA
1950 NA
1951 NA
1952 NA
1953 NA
1954 NA
1955 NA
1956 NA
1957 NA
1958 NA
1959 NA
1960 NA
1961 NA
1962 NA
1963 NA
1964 NA
1965 NA
1966 NA
1967 NA
1968 NA
1969 NA
1970 NA
1971 NA
1972 NA
1973 NA
1974 NA
1975 NA
1976 NA
1977 NA
1978 NA
1979 NA
1980 NA
1981 NA
1982 NA
1983 NA
1984 NA
1985 NA
1986 NA
1987 NA
1988 NA
1989 NA
1990 NA
1991 NA
1992 0.237099934683214
1993 1.02286087524494
1994 1
1995 1.26192031352057
1996 1.33866753755715
1997 1.5115937295885
1998 0.850751143043762
1999 1.4069235793599
2000 0.856629653821032
2001 1.00081645983018
2002 0.313357282821685
2003 0.361854996734161
2004 0.988732854343566
2005 0.821848465055519
2006 0.544578706727629
2007 0.771391247550621
2008 0.414271717831483
2009 2.07119529719138
2010 1.97648595689092
2011 3.47681254082299
2012 0.904964075767472
2013 1.56303069888961
2014 1.3481384715872
