1940 0.0670470756062767
1941 0.938659058487874
1942 1.74893009985735
1943 1.01046124583928
1944 1.48359486447932
1945 1.77127912505944
1946 0.873989538754161
1947 0.699001426533523
1948 1.43081312410842
1949 2.51260104612458
1950 3.5320970042796
1951 0.951022349025202
1952 0.33999048977651
1953 0.219686162624822
1954 1.0038040893961
1955 1.68426058012363
1956 2.48739895387542
1957 0.627199239182121
1958 0.233475986685687
1959 0.505943889681408
1960 1.94151212553495
1961 0.276747503566334
1962 0.83547313361864
1963 0.574893009985735
1964 0.530670470756063
1965 1.20970042796006
1966 1.67379933428436
1967 1.18307180218735
1968 0.818354731336186
1969 3.0756062767475
1970 3.31098430813124
1971 2.62006657156443
1972 1.71279125059439
1973 0.294816928197813
1974 4.91963861150737
1975 1.31573941987637
1976 2.47028055159296
1977 0.146932952924394
1978 0.992391821207798
1979 3.16928197812649
1980 0.201616737993343
1981 0.300998573466476
1982 1.13456966238707
1983 0.944365192582026
1984 0.249167855444603
1985 1
1986 1.48787446504993
1987 1.69900142653352
1988 0.127436994769377
1989 0.16642891107941
1990 0.32715168806467
1991 0.114780637850089
1992 0.693216771895742
1993 0.636069289299013
1994 0.690464626841509
1995 1.98138254816254
1996 1.30662133721871
1997 2.04306297555448
1998 1.40327019588797
1999 1.01732232475312
2000 0.115590092277805
2001 0.982677675246884
2002 0.266310506718472
2003 0.167557066537154
2004 1.12967459932006
2005 1.94350008094544
2006 1.54201068479845
2007 0.79504613890238
2008 0.224380767362797
2009 1.84280395013761
2010 1.1346932167719
2011 2.58474987858184
2012 0.146025578759916
2013 1.32491500728509
2014 0.598672494738546
