1940 0.0656934306569343
1941 0.262773722627737
1942 0.613138686131387
1943 2.66423357664234
1944 0.598540145985402
1945 1.14598540145985
1946 0.445255474452555
1947 1.13138686131387
1948 1.40875912408759
1949 3.24087591240876
1950 2.23357664233577
1951 1.47445255474453
1952 1.5036496350365
1953 1.59124087591241
1954 1.86131386861314
1955 0.91970802919708
1956 0.81021897810219
1957 0.248175182481752
1958 0.226277372262774
1959 0.182481751824818
1960 0.795620437956205
1961 0.124087591240876
1962 0.218978102189781
1963 0.197080291970803
1964 0.576642335766423
1965 1.15328467153285
1966 0.715328467153285
1967 1.16058394160584
1968 0.299270072992701
1969 2.48905109489051
1970 2.25547445255474
1971 1.37956204379562
1972 1.08029197080292
1973 0.291970802919708
1974 0.854014598540146
1975 2.84671532846715
1976 2.55474452554745
1977 0.18978102189781
1978 1
1979 2.5985401459854
1980 0.328467153284672
1981 0.503649635036496
1982 1.90510948905109
1983 1.77372262773723
1984 1.88321167883212
1985 0.737226277372263
1986 1.1970802919708
1987 7.95744680851064
1988 1.02127659574468
1989 1.65957446808511
1990 0.978723404255319
1991 0.51063829787234
1992 0.297872340425532
1993 0.353689567430025
1994 1.11959287531807
1995 1.93384223918575
1996 1.04071246819338
1997 1.65648854961832
1998 0.536895674300254
1999 2.55725190839695
2000 0.959287531806616
2001 1.16793893129771
2002 0.297709923664122
2003 0.513994910941476
2004 0.513994910941476
2005 0.241730279898219
2006 0.0483460559796438
2007 0.0763358778625954
2008 0.00763358778625954
2009 1.70992366412214
2010 1.1882951653944
2011 3.8295165394402
2012 0.338422391857506
2013 2.29007633587786
2014 1.07124681933842
