1940 0.212156407278358
1941 0.580332946186605
1942 1.37437088656601
1943 1.83623693379791
1944 1
1945 0.537746806039489
1946 1.02555168408827
1947 1.50445218737902
1948 0.776616337591947
1949 0.446767324816105
1950 1.09407665505226
1951 2.0917537746806
1952 3.52071234998064
1953 2.44560588463027
1954 0.787843592721642
1955 0.364305071622145
1956 0.557878435927216
1957 2.88617886178862
1958 0.916376306620209
1959 0.250096786682153
1960 0.641114982578397
1961 0.245063879210221
1962 1.73364305071622
1963 0.886953155245838
1964 0.548974061169183
1965 2.38792102206736
1966 1.94037940379404
1967 1.22028648857917
1968 0.399922570654278
1969 2.38288811459543
1970 0.94463801780875
1971 1.5838172667441
1972 3.42779713511421
1973 1.37049941927991
1974 0.658923732094464
1975 1.62950058072009
1976 0.571815718157182
1977 0.403794037940379
1978 1.63569492837786
1979 2.5915602013163
1980 0.94541231126597
1981 0.441922241004588
1982 0.808983337358126
1983 0.723979715044675
1984 1.91998712066329
1985 1.49013925782822
1986 2.83071721806327
1987 0.692747323512839
1988 0.150205264428882
1989 0.290590034613217
1990 0.304596313289866
1991 0.866296385736135
1992 0.858085808580858
1993 1.75770747806488
1994 1.38307977139177
1995 2.13297915157369
1996 1.42010786444498
1997 2.06117684939226
1998 1.12001931900507
1999 1.2013201320132
2000 0.465266038799002
2001 1.85752233759961
2002 0.80769540368671
2003 0.623842872092087
2004 0.611124527086855
2005 1.36569266682766
2006 1.05819850277711
2007 0.725589632133945
2008 0.609997585124366
2009 1.1058520486195
2010 1.7047412058279
2011 2.59116155517991
2012 0.678097078000483
2013 0.941801497222893
2014 1.51573693954761
