1940 0.322164783968345
1941 0.345905928904206
1942 1.33780075307933
1943 1.75084561873763
1944 1.26045057119152
1945 0.809879379666858
1946 1.40659901716766
1947 1.77879890229115
1948 1.19407747782245
1949 0.601442338375136
1950 0.967260195290063
1951 1.78798902291148
1952 3.2725764247878
1953 2.14168102623014
1954 1.029804071734
1955 0.484268300465888
1956 0.695258153041036
1957 2.23600740315272
1958 0.881996298423639
1959 0.206394792264982
1960 0.847022783840705
1961 0.25847214244687
1962 2.21979705150297
1963 0.886208437041292
1964 0.485161784415087
1965 2.294339140979
1966 1.62052460271874
1967 0.977726721552109
1968 0.264854170655434
1969 2.78218137724169
1970 0.933818367477184
1971 1.33550322292425
1972 2.84115131788883
1973 1.18386623268875
1974 0.42823409279469
1975 0.916714531878231
1976 0.405769353500542
1977 0.361733358861446
1978 1.91128980790095
1979 2.42402195417704
1980 0.665262620460782
1981 0.495500670112962
1982 1.04282340927947
1983 1.02227327844789
1984 3.47182334545919
1985 2.57463781989916
1986 4.98819324781415
1987 0.949007594613568
1988 0.262046078243666
1989 0.594677388474057
1990 0.200955265610438
1991 0.91256989748369
1992 0.797064305684995
1993 2.0332595526561
1994 1.56494641192917
1995 2.36684529356943
1996 1.60298229263747
1997 2.18435461323392
1998 1.09284715750233
1999 0.898299161230196
2000 0.350186393289842
2001 1.90627912395154
2002 0.633038210624417
2003 0.449266076421249
2004 0.487243709226468
2005 1
2006 0.953052190121156
2007 1.11655405405405
2008 0.911404939422181
2009 1.36515610438024
2010 2.11655405405405
2011 2.95811975768872
2012 0.547239049394222
2013 0.99638863000932
2014 1.46790540540541
