1940 0.230267010188547
1941 0.784196041691064
1942 0.893547253776789
1943 1.55732521372526
1944 1.59026232579927
1945 1.03964164422063
1946 1.18067103876332
1947 1.47646094390444
1948 0.877766717414217
1949 0.814146855603701
1950 0.551089120505914
1951 2.11482609204825
1952 2.00805129406254
1953 1.55372408947184
1954 0.705966740836164
1955 0.393049537416559
1956 0.490660498887457
1957 1.27591052816489
1958 0.453097552406605
1959 0.238230471952219
1960 1.21788265604872
1961 0.633768591169926
1962 1.82910762384354
1963 0.890824452512004
1964 0.638101651247219
1965 2.44692001405317
1966 0.937229183745169
1967 0.976109614708982
1968 1.22461646562829
1969 2.43799039700199
1970 1
1971 1.26537065230121
1972 1.49399812624429
1973 1.29795643517976
1974 0.733868134441972
1975 1.01522426513643
1976 0.261476753718234
1977 0.3760979037358
1978 1.12393137369715
1979 2.45977280712027
1980 0.872057617988055
1981 0.397938764763409
1982 0.81567742420823
1983 1.3323553750094
1984 1.56924697209057
1985 0.967200782366659
1986 1.77312871436094
1987 0.361302941397728
1988 0.194433160309938
1989 0.193936658391635
1990 0.401113367938012
1991 1.34717520499511
1992 1.29854810802678
1993 2.61870157225607
1994 1.29286090423531
1995 1.62991047919958
1996 1.0177537049575
1997 1.6422929361318
1998 0.949401940871135
1999 0.982246295042504
2000 0.442383209207854
2001 1.66457534040472
2002 0.635131272098097
2003 0.462243285939968
2004 0.777266230346799
2005 1.0297750695855
2006 1.06128037312871
2007 1.04600917776273
2008 0.774678402166554
2009 0.697961333032423
2010 2.31154743097871
2011 2.28285563830588
2012 0.427096968329196
2013 0.762521627924472
2014 1.10121116377041
