1940 NA
1941 NA
1942 NA
1943 NA
1944 NA
1945 NA
1946 NA
1947 NA
1948 NA
1949 NA
1950 NA
1951 NA
1952 NA
1953 NA
1954 NA
1955 NA
1956 NA
1957 NA
1958 NA
1959 NA
1960 NA
1961 NA
1962 NA
1963 NA
1964 NA
1965 NA
1966 NA
1967 NA
1968 NA
1969 NA
1970 NA
1971 NA
1972 NA
1973 NA
1974 NA
1975 NA
1976 NA
1977 NA
1978 0.448755136572395
1979 1.40989847715736
1980 0.63469905728789
1981 0.657420836354846
1982 1.16225525743292
1983 1.7693376843123
1984 1.38246313753928
1985 0.766920473773266
1986 1.31387478849408
1987 0.265288856659415
1988 0.250241721053904
1989 0.12708484408992
1990 0.394428329707518
1991 1.61324631375393
1992 1.69960116026106
1993 3.06459995165579
1994 1.24613246313754
1995 1.19253081943437
1996 0.842397872854726
1997 1.05740875030215
1998 0.985134155184917
1999 1.23259608411893
2000 0.41020062847474
2001 1.59155184916606
2002 0.452018370800097
2003 0.474014986705342
2004 1
2005 1.2786439448876
2006 1.15313028764805
2007 1.14793328498912
2008 0.860949963741842
2009 0.508883248730964
2010 2.20056804447667
2011 1.7469784868262
2012 0.357565868987189
2013 0.696035774715978
2014 0.657541696881798
