1940 0.797821909032671
1941 0.935361947469571
1942 1.1709801409353
1943 1.21755285073671
1944 0.992761050608584
1945 1.24990390775144
1946 1.03773222293402
1947 0.849007046764894
1948 0.67219730941704
1949 0.71595131326073
1950 1.00723894939142
1951 1.23203074951954
1952 1.0788597053171
1953 0.92498398462524
1954 1.5526933981369
1955 0.922154718509518
1956 1.0138517618469
1957 0.889590927501013
1958 0.811340623734305
1959 0.94678007290401
1960 1.20753341433779
1961 1.11697043337384
1962 1.2922640745241
1963 0.986148238153098
1964 0.577557573073516
1965 1.05386403897254
1966 0.790135075287865
1967 1.00005535872453
1968 1.18993578387954
1969 0.878930469441984
1970 0.944973427812223
1971 1.08879539415412
1972 1.05563551815766
1973 1.16070637732507
1974 0.868523029229406
1975 1.0324402125775
1976 0.826339681133747
1977 0.832761293179805
1978 0.885130646589902
1979 1.05701948627104
1980 0.975476085031001
1981 0.898472099202834
1982 1.08154340124004
1983 1.17377103631532
1984 1.08741142604074
1985 1.05414083259522
1986 1.15832595217006
1987 0.722597431355182
1988 0.647807794508414
1989 0.819087688219663
1990 0.918345881310895
1991 1.16386182462356
1992 0.950287865367582
1993 1.00736271036315
1994 0.858558458813109
1995 1.04771922054916
1996 1.12394818423384
1997 0.999944641275465
1998 0.931078387953941
1999 0.859444198405669
2000 0.937998228520815
2001 1.25005535872453
2002 1.41801372896368
2003 1.04284765279008
2004 1.15916243817843
2005 1.09576722975143
2006 0.849829789967242
2007 0.828698053824908
2008 1
2009 0.70511914702293
2010 0.991650073864731
2011 1.12505620142591
2012 0.844049071873595
2013 1.01098336437793
2014 1.64288008221466
