1940 0.540515439981426
1941 0.879498490828883
1942 1.21012305549106
1943 1.30578128627815
1944 1.21383793824007
1945 1.15811469700488
1946 1.03366612491293
1947 1.26863245878802
1948 1.03273740422568
1949 0.765265846296726
1950 1.32528442071047
1951 1.7404225679127
1952 1.31646157418156
1953 0.967262595774321
1954 0.758300441142326
1955 0.710935686092408
1956 0.393313211051776
1957 0.597631762247504
1958 0.349198978407244
1959 1.4251218945902
1960 1.72695611794753
1961 1.38100766194567
1962 1.34107267239378
1963 0.74669143255166
1964 0.355700023218017
1965 1.04248897144184
1966 0.699326677501741
1967 0.785233341072672
1968 0.63431622939401
1969 1.32992802414674
1970 0.619456698397957
1971 0.88692825632691
1972 0.85126213592233
1973 1.53320388349515
1974 1.16233009708738
1975 1.04776699029126
1976 0.606990291262136
1977 0.569708737864078
1978 1.01165048543689
1979 1
1980 0.780194174757281
1981 0.841553398058252
1982 1.27184466019417
1983 1.0295145631068
1984 1.15805825242718
1985 1.13747572815534
1986 1.09359223300971
1987 0.692427184466019
1988 0.581359223300971
1989 0.424854368932039
1990 0.758834951456311
1991 1.04
1992 0.883495145631068
1993 2.52699029126214
1994 0.888932038834951
1995 0.730097087378641
1996 0.889320388349515
1997 0.805436893203883
1998 1.24815533980583
1999 1.2295145631068
2000 0.99378640776699
2001 1.0947572815534
2002 0.869902912621359
2003 0.543689320388349
2004 1.15611650485437
2005 0.670291262135922
2006 0.630291262135922
2007 1.31300970873786
2008 2.30019417475728
2009 1.31611650485437
2010 1.70330097087379
2011 1.09941747572816
2012 0.618640776699029
2013 1.23650485436893
2014 0.755728155339806
