1940 0.588043123162365
1941 0.950016334531199
1942 0.949362953283241
1943 1.17673962757269
1944 1.26167918980725
1945 1.0499836654688
1946 1.14668409016661
1947 1.20026135249918
1948 1.25710552107155
1949 0.925841228356746
1950 1.34139170205815
1951 1.44135903299575
1952 1.39823587063051
1953 1.25514537732767
1954 0.925841228356746
1955 0.932375040836328
1956 0.64031362299902
1957 0.850702384841555
1958 0.51813132963084
1959 1.39888925187847
1960 1.80725253185234
1961 1.35772623325711
1962 1.22574322116955
1963 0.836327997386475
1964 0.567134923227703
1965 1.31002940215616
1966 0.907546553413917
1967 0.878144397255799
1968 0.784710878797779
1969 1.24599803985626
1970 0.68343678536426
1971 0.948056190787325
1972 0.781059063136456
1973 1.53004073319756
1974 1.2530549898167
1975 1.06262729124236
1976 0.770366598778004
1977 0.572301425661915
1978 0.957739307535642
1979 1
1980 0.806008146639511
1981 0.906313645621181
1982 1.2357433808554
1983 1.08553971486762
1984 1.30855397148676
1985 1.21792260692464
1986 1.24304141208418
1987 0.914460285132383
1988 0.828920570264766
1989 0.614562118126273
1990 0.731160896130346
1991 0.979124236252546
1992 0.891038696537678
1993 2.11863543788187
1994 1.05346232179226
1995 0.882382892057026
1996 1.24338085539715
1997 1.06364562118126
1998 1.27953156822811
1999 1.20824847250509
2000 0.984215885947047
2001 0.987270875763748
2002 0.859979633401222
2003 0.619144602851324
2004 1.03767820773931
2005 0.791242362525458
2006 0.715376782077393
2007 1.36710794297352
2008 1.97199592668024
2009 1.43737270875764
2010 1.46995926680244
2011 1.20824847250509
2012 0.757637474541752
2013 1.5010183299389
2014 0.956211812627291
