1940 0.523777151921271
1941 1.09675957398595
1942 1.46677025670907
1943 0.977048331229161
1944 1.08491146288563
1945 1.52626978731669
1946 1.05791330808326
1947 1.36891003852255
1948 0.730374542747078
1949 0.69256417726846
1950 0.759153151403321
1951 2.12987601566799
1952 1.04512641222363
1953 0.782590398497944
1954 0.851251173480949
1955 0.429348353889482
1956 0.286620698585348
1957 0.33472532452818
1958 0.305655368877667
1959 0.856786766372083
1960 0.997928199151856
1961 1.07678611893432
1962 1.43711760707002
1963 0.877731378071283
1964 0.389401443786216
1965 2.02842251788547
1966 1.13120326308634
1967 0.671975656340034
1968 1.00207180084814
1969 2.01071509501149
1970 0.920947848888026
1971 1.23906639474281
1972 1.25596452041048
1973 2.36418374283772
1974 1.56113431096436
1975 1.20679162215532
1976 0.672267003334304
1977 0.332006085914991
1978 0.623110967184801
1979 1.20800949913644
1980 0.883221790443293
1981 0.724291162924583
1982 1.16542530224525
1983 1.55906375935521
1984 1.18929907887162
1985 0.549870466321243
1986 1.11105713874496
1987 0.412924582613702
1988 0.261819948186528
1989 0.164165947035118
1990 0.793123920552677
1991 1.30202936096718
1992 1
1993 2.23810808865861
1994 0.817645365572827
1995 0.724075273459988
1996 0.497535261945884
1997 0.868631260794473
1998 1.02189478986759
1999 1.37741076568797
2000 0.632034398388025
2001 1.04411341393207
2002 0.467850460564191
2003 0.563039723661485
2004 1.00262665515256
2005 0.827180483592401
2006 0.740878670120898
2007 1.32002014968336
2008 1.59504533678756
2009 1.04513888888889
2010 1.4165947035118
2011 1.06165443293034
2012 0.298449194012666
2013 1.20666018998273
2014 1.0269142199194
