1940 0.283983692486896
1941 1.84177829547661
1942 0.95088332362648
1943 1.27936323044069
1944 1.60163075131043
1945 1.88642981945253
1946 1.29295282469423
1947 1.58027567462629
1948 0.59231217239371
1949 0.691127936323044
1950 0.515822170452339
1951 2.71927781013395
1952 1.18578916715201
1953 0.705882352941177
1954 1.26616191030868
1955 0.472917880023296
1956 0.152009318578917
1957 0.205397010289264
1958 0.205979421471559
1959 0.638128518734226
1960 0.93108134342846
1961 1.10502814987381
1962 1.90234905843526
1963 1.0254319549602
1964 0.974568045039798
1965 2.46767617938264
1966 0.772083090662007
1967 0.536788973014949
1968 0.697728596389051
1969 2.30071830712483
1970 0.635993011065813
1971 1.30343622597554
1972 1.07901378373131
1973 2.54571927781013
1974 1.25431954960202
1975 1.15841584158416
1976 0.223257619879635
1977 0.083478936128907
1978 0.333440687063875
1979 1.71841116478798
1980 0.633387010198604
1981 0.768223295759528
1982 1.43950617283951
1983 1.95050993022008
1984 1.81782071926999
1985 0.819753086419753
1986 1.30338164251208
1987 0.397745571658615
1988 0.256468062265164
1989 0.105206655931294
1990 0.328502415458937
1991 2.00644122383253
1992 1.67010198604402
1993 3.29994632313473
1994 1.06537842190016
1995 1.22415458937198
1996 0.577026301663983
1997 0.883843263553408
1998 1.01041331186259
1999 1.33880837359098
2000 0.390874932903918
2001 1.55834675254965
2002 0.339559849704777
2003 0.643156199677939
2004 0.876113794954375
2005 1.20697799248524
2006 1
2007 1.55276435856146
2008 1.28545356951154
2009 0.805582393988191
2010 1.99677938808374
2011 1.47385936661299
2012 0.232528180354267
2013 0.902093397745572
2014 0.875684380032206
