1940 NA
1941 NA
1942 NA
1943 NA
1944 NA
1945 NA
1946 NA
1947 NA
1948 NA
1949 NA
1950 NA
1951 NA
1952 NA
1953 NA
1954 NA
1955 NA
1956 NA
1957 NA
1958 NA
1959 NA
1960 NA
1961 NA
1962 NA
1963 NA
1964 NA
1965 NA
1966 NA
1967 NA
1968 NA
1969 NA
1970 NA
1971 NA
1972 NA
1973 NA
1974 NA
1975 NA
1976 NA
1977 NA
1978 0.426794646478302
1979 1.58300662430715
1980 0.541300527240773
1981 0.441428957685548
1982 1.21339732323915
1983 1.96954846559416
1984 1.89208462890361
1985 0.763856969041503
1986 1.50953089090172
1987 0.502703798837366
1988 0.262099499797215
1989 0.10108827903204
1990 0.348992834933081
1991 1.40982830877383
1992 1.35392726781128
1993 3.05931458699473
1994 1.07996485061511
1995 1.31698661619576
1996 0.769332161687171
1997 1.03011355955117
1998 1
1999 1.11916993375693
2000 0.268250642152224
2001 1.41165337298905
2002 0.403609571447884
2003 0.627348925239962
2004 0.810767878869812
2005 1.05059483574422
2006 0.915709071245099
2007 1.44984453156685
2008 1.13052588887387
2009 0.685818575098013
2010 2.27244153035014
2011 1.55120319048263
2012 0.324962822765986
2013 0.771224820873327
2014 0.848384480194674
