1940 0.400374365794788
1941 1.15885916949904
1942 1.32555046549431
1943 1.00605881483671
1944 1.74523422491503
1945 2.50184719964534
1946 1.4015073149106
1947 1.84128860647259
1948 0.538495640608837
1949 0.749224176148958
1950 0.812176740062066
1951 3.19077877937047
1952 1.48485296290823
1953 0.783508201566425
1954 1.77035614009162
1955 0.442736810994532
1956 0.115856361755579
1957 0.246785872617112
1958 0.45869661593025
1959 0.773459435495788
1960 0.83375203191961
1961 1.10152209250776
1962 2.19506428254766
1963 0.993941185163292
1964 0.867149401507315
1965 3.51647702083641
1966 0.886360277818827
1967 0.8183833308704
1968 0.738584306191813
1969 2.4660854145116
1970 0.808925668686272
1971 1.44761341805822
1972 1.86315945027339
1973 3.4786463720999
1974 1.88798581350672
1975 1.44909117777449
1976 0.601152652578691
1977 0.213388503029407
1978 0.382850985221675
1979 1.498460591133
1980 0.585283251231527
1981 0.612992610837438
1982 1.41348522167488
1983 1.99568965517241
1984 1.92025862068966
1985 0.711206896551724
1986 1.57419950738916
1987 0.497075123152709
1988 0.265394088669951
1989 0.184883004926108
1990 0.729679802955665
1991 2.30141625615764
1992 1.4682881773399
1993 3.18349753694581
1994 0.848214285714286
1995 1.34528940886699
1996 0.702894088669951
1997 1
1998 1.31727216748768
1999 1.41071428571429
2000 0.457358374384236
2001 1.65347906403941
2002 0.744612068965517
2003 0.931650246305419
2004 0.990147783251231
2005 0.882543103448276
2006 0.745997536945813
2007 1.83913177339901
2008 1.89732142857143
2009 1.12715517241379
2010 2.77416871921182
2011 0.99368842364532
2012 0.14701354679803
2013 1.07927955665025
2014 1.00431034482759
