1940 NA
1941 NA
1942 NA
1943 NA
1944 NA
1945 NA
1946 NA
1947 NA
1948 NA
1949 NA
1950 NA
1951 NA
1952 NA
1953 NA
1954 NA
1955 NA
1956 NA
1957 NA
1958 NA
1959 NA
1960 NA
1961 NA
1962 NA
1963 NA
1964 NA
1965 NA
1966 NA
1967 NA
1968 NA
1969 NA
1970 NA
1971 0.548953476837615
1972 1.41057434778296
1973 1.06179942466025
1974 0.988790794564031
1975 1.09116159111199
1976 1.00823331018748
1977 0.928876103561155
1978 0.866580696359488
1979 0.905267334589823
1980 0.867374268425751
1981 1.33320107132229
1982 1.37922825116556
1983 0.995734550143835
1984 0.976093641503819
1985 1.34153357801805
1986 1.23340938398968
1987 0.707469497073703
1988 0.798928677710545
1989 0.73226862414443
1990 1.46235492510664
1991 1.27050887808749
1992 0.984227755183018
1993 1.6024203948021
1994 0.95803987699633
1995 0.933439142942168
1996 1.24828886023212
1997 1.3609760936415
1998 1.15365539133023
1999 0.884634460866978
2000 0.59617101478028
2001 1.13143537347485
2002 0.983434183116754
2003 0.737823628608273
2004 1.00605098700526
2005 0.898918758059716
2006 0.856859438547763
2007 1.13897430810435
2008 1.48715405217736
2009 1.24332903481797
2010 0.813014581886718
2011 1.29451443309196
2012 0.629897827596469
2013 1.10385874417221
2014 1.00426544985617
