1940 NA
1941 NA
1942 NA
1943 NA
1944 NA
1945 NA
1946 NA
1947 NA
1948 NA
1949 NA
1950 NA
1951 NA
1952 NA
1953 NA
1954 NA
1955 NA
1956 NA
1957 NA
1958 NA
1959 NA
1960 NA
1961 NA
1962 NA
1963 NA
1964 NA
1965 NA
1966 NA
1967 NA
1968 NA
1969 NA
1970 NA
1971 NA
1972 NA
1973 NA
1974 NA
1975 NA
1976 NA
1977 NA
1978 NA
1979 NA
1980 0.869552414605418
1981 1.3595406360424
1982 1.42844522968198
1983 0.893698468786808
1984 0.915783274440518
1985 1.36955241460542
1986 1.15488810365135
1987 0.573321554770318
1988 0.726148409893993
1989 0.668138987043581
1990 1.52296819787986
1991 1.15488810365135
1992 1
1993 1.60689045936396
1994 0.92962308598351
1995 0.940518256772674
1996 1.35365135453475
1997 1.2140753828033
1998 1.04564193168433
1999 0.835689045936396
2000 0.597467608951708
2001 1.22055359246172
2002 0.975559481743227
2003 0.66489988221437
2004 0.921967020023557
2005 0.797997644287397
2006 0.869846878680801
2007 1.12396937573616
2008 1.43227326266196
2009 1.28916372202591
2010 0.762661955241461
2011 1.46760895170789
2012 0.541224970553592
2013 1.06242638398115
2014 1.08186101295642
