1940 0.128293364877944
1941 0.749650500053769
1942 1.5564039143994
1943 1.79589203140123
1944 1.12151844284332
1945 0.876976018926766
1946 1.15377997634154
1947 1.2145391977632
1948 0.761587267448113
1949 0.845144639208517
1950 1.71308742875578
1951 1.98311646413593
1952 1.22970211850737
1953 0.519948381546403
1954 0.619313904720938
1955 0.631035595225293
1956 0.253360576406065
1957 1.1073233681041
1958 1.0291429185934
1959 0.900096784600495
1960 1
1961 0.662974513388536
1962 1.27002903538015
1963 0.246585654371438
1964 0.188299817184644
1965 1.34272502419615
1966 0.767501881922787
1967 1.23314334874718
1968 1.00828046026454
1969 0.498741199061233
1970 1.49827181566034
1971 0.419970130147216
1972 1.42189033496906
1973 1.62432259441007
1974 1.39449541284404
1975 0.910091743119266
1976 0.827992319180713
1977 0.661830595263495
1978 0.753232344783444
1979 1.34977597610412
1980 0.921442287177299
1981 1.25248559846384
1982 2.13424365265628
1983 1.23422231704715
1984 0.957883507574141
1985 1.27783230211223
1986 1.14973330488585
1987 0.45163217409857
1988 0.419031363345424
1989 0.532622146362279
1990 1.79543417964583
1991 1.2983144868786
1992 0.86605504587156
1993 2.53287817367186
1994 0.722935779816514
1995 1.1961595903563
1996 0.716961809259654
1997 0.812118625986772
1998 1.35720076808193
1999 0.81117985918498
2000 0.292895242159164
2001 1.21356944740772
2002 1.10484318327288
2003 0.431491359078302
2004 0.890462982718157
2005 0.747343716663111
2006 0.847365052272242
2007 1.50262427992319
2008 1.73262214636228
2009 1.87557072754427
2010 0.828504373799872
2011 1.04211649242586
2012 0.355877960315767
2013 1.23063793471304
2014 1.10724828830227
