1940 0.538458286784021
1941 0.917503547812434
1942 1.13284821401612
1943 1.37691959298288
1944 0.928494217820586
1945 0.864174642954195
1946 0.969993055345874
1947 1.11578852018479
1948 1
1949 0.889604154714816
1950 1.42273619372566
1951 1.42313475648419
1952 1.19291041396177
1953 0.743307467012893
1954 0.911651921857544
1955 0.931996739031976
1956 0.651481022977747
1957 1.05170445967571
1958 0.91414595851324
1959 1.03118451644071
1960 1.17303662550198
1961 0.901542920981914
1962 1.02474712400737
1963 0.504954859748181
1964 0.522618436546997
1965 1.15473293275763
1966 1.11125939792868
1967 1.11743712068601
1968 0.986539448654851
1969 1.03137775899031
1970 1.4591382590054
1971 0.645519421311774
1972 1.28860251656434
1973 1.30524831317245
1974 1.35467995866513
1975 1.08396085344356
1976 0.849645614248374
1977 0.744017992827184
1978 0.850710595100602
1979 1.15811561607197
1980 0.876780742811987
1981 1.03189836484104
1982 1.40363990031001
1983 1.21853261199927
1984 1.15119567199562
1985 1.22258829250501
1986 1.06937693757218
1987 0.75139991489879
1988 0.722718375782627
1989 0.616137620813324
1990 1.50806637894353
1991 1.26156464652605
1992 0.860523980305149
1993 1.9202139687557
1994 0.847374627682208
1995 0.992498936234879
1996 0.862517780074159
1997 0.903453893380342
1998 1.1420339189107
1999 0.906147954531639
2000 0.652098960549511
2001 1.00490426113914
2002 0.922380402407148
2003 0.659281502644216
2004 0.927894960792657
2005 0.699707008692481
2006 0.844670840678378
2007 1.15083581545195
2008 1.48520089964136
2009 1.58485684760805
2010 1.06360464409458
2011 1.1684736490183
2012 0.545435535833688
2013 0.995095738860859
2014 1.05040666220898
