1940 NA
1941 NA
1942 NA
1943 NA
1944 NA
1945 NA
1946 NA
1947 NA
1948 NA
1949 NA
1950 NA
1951 NA
1952 NA
1953 NA
1954 NA
1955 NA
1956 NA
1957 NA
1958 NA
1959 NA
1960 NA
1961 NA
1962 NA
1963 NA
1964 NA
1965 NA
1966 0.515258735072977
1967 0.946041574524547
1968 1
1969 1.19327731092437
1970 0.908005307386112
1971 0.550199026979213
1972 1.0234409553295
1973 1.68642193719593
1974 1.54489164086687
1975 0.974789915966387
1976 0.703670942061035
1977 1.01901813356922
1978 0.638655462184874
1979 1.22467934542238
1980 0.355594869526758
1981 1.91906236178682
1982 1.59929234851835
1983 0.913312693498452
1984 1.09553295002211
1985 1.32684652808492
1986 1.32684652808492
1987 0.450243255196816
1988 0.348518354710305
1989 0.437417072091995
1990 1.78151260504202
1991 1.37992038920831
1992 1.10349402919062
1993 2.89960194604157
1994 0.734630694383016
1995 1.06545776205219
1996 0.550199026979213
1997 0.641751437417072
1998 1.38655462184874
1999 0.932773109243697
2000 0.226006191950464
2001 0.720477664750111
2002 0.999557717823972
2003 0.682441397611676
2004 1.3312693498452
2005 0.833259619637329
2006 0.807164971251659
2007 1.15789473684211
2008 2.24192835028748
2009 2.3874391862008
2010 1.17956656346749
2011 1.00044228217603
2012 0.180451127819549
2013 1.02299867315347
2014 0.986731534719151
