1940 0.642997253825029
1941 0.895056885052962
1942 1.20498234601805
1943 1.23126716359357
1944 1.28815221655551
1945 0.886426049431149
1946 0.997646135739506
1947 1.32777559827383
1948 1.46743821106316
1949 1.05649274225186
1950 1.0400156924284
1951 1.02118477834445
1952 1.07650058846607
1953 0.962534327187132
1954 0.658885837583366
1955 0.722440172616713
1956 0.891918399372303
1957 1.16771282856022
1958 1.15202040015692
1959 0.815417810906238
1960 0.712828560219694
1961 0.530207924676344
1962 0.873872106708513
1963 0.930168693605335
1964 0.964495880737544
1965 1.22479403687721
1966 0.67595135347195
1967 0.664182032169478
1968 0.956061200470773
1969 1.31463318948607
1970 1.21694782267556
1971 1.5500196155355
1972 1.33307179285995
1973 0.846018046292664
1974 0.781482934484111
1975 1.46155355041193
1976 1.60984699882307
1977 0.705766967438211
1978 0.926834052569635
1979 0.791486857591212
1980 1.00137308748529
1981 1
1982 1.32306786975284
1983 1.57865829737152
1984 2.6947822675559
1985 1.64695340501792
1986 1.50501792114695
1987 1.33906810035842
1988 0.975627240143369
1989 0.808243727598566
1990 0.743010752688172
1991 0.844086021505376
1992 0.803225806451613
1993 1.09749103942652
1994 1.02437275985663
1995 2.93691756272401
1996 1.99677419354839
1997 2.41935483870968
1998 2.84372759856631
1999 2.03691756272401
2000 1.16057347670251
2001 0.805376344086022
2002 0.712186379928315
2003 0.710394265232975
2004 0.597132616487455
2005 0.701433691756272
2006 0.797849462365591
2007 0.732258064516129
2008 0.753046594982079
2009 1.12544802867384
2010 1.62437275985663
2011 2.2247311827957
2012 1.2831541218638
2013 0.830465949820789
2014 0.718637992831541
