1940 NA
1941 NA
1942 NA
1943 NA
1944 NA
1945 NA
1946 NA
1947 NA
1948 NA
1949 NA
1950 NA
1951 NA
1952 NA
1953 NA
1954 NA
1955 NA
1956 NA
1957 NA
1958 NA
1959 NA
1960 NA
1961 NA
1962 NA
1963 NA
1964 NA
1965 NA
1966 0.658148025224029
1967 2.19980086292732
1968 1.14171921672751
1969 0.925323597743113
1970 1
1971 0.877862595419847
1972 0.748091603053435
1973 0.350813143046797
1974 0.600066379024228
1975 2.58612678393628
1976 1.55559243279124
1977 0.380019913707269
1978 1.88682376369067
1979 1.75041486890143
1980 0.962495851310986
1981 1.50016594756057
1982 1.791569863923
1983 1.66842746850874
1984 1.44169036976839
1985 0.477854530678586
1986 1.24664770418529
1987 0.785046728971963
1988 0.381145875660301
1989 0.549370174725721
1990 0.749288906948395
1991 2.26899634295002
1992 0.763917106867127
1993 2.66802112962211
1994 1.52295814709468
1995 2.33969930922389
1996 2.67858594067452
1997 5.60503860219423
1998 1.6976838683462
1999 0.907761072734661
2000 0.394148720032507
2001 0.183665176757416
2002 0.188541243396993
2003 0.469727752945957
2004 0.256806176351077
2005 1.16212921576595
2006 0.806989028850061
2007 0.671271840715156
2008 0.811052417716376
2009 1.22876879317351
2010 1.57090613571719
2011 8.49329540837058
2012 1.09223892726534
2013 0.741162129215766
2014 2.85900040633889
