1940 0.841193134477587
1941 0.796533911014831
1942 1.32811198133644
1943 1.27545409098484
1944 0.702549575070821
1945 1.15880686552241
1946 0.873099953938277
1947 1
1948 1.20336250575772
1949 0.816674343620451
1950 1.04398894518655
1951 1.30193459235375
1952 0.960617227084293
1953 1.34339014279134
1954 0.991478581298941
1955 0.897052049746661
1956 1.14509442653155
1957 0.954629203132197
1958 0.998387839705205
1959 1.21165361584523
1960 0.989405803777061
1961 0.93021649009673
1962 0.922846614463381
1963 0.940119760479042
1964 1.04951635191156
1965 1.14831874712114
1966 1.08521418701059
1967 1.21050207277752
1968 1.21556886227545
1969 1.16605251036389
1970 0.937356057116536
1971 0.9677567941041
1972 1.33256563795486
1973 0.673192077383694
1974 1.04652233993551
1975 1
1976 1.31634446397188
1977 0.520461963344213
1978 0.900828521215164
1979 1.03163444639719
1980 1.07155410494602
1981 1.2234496610595
1982 0.767511925684158
1983 0.760230981672106
1984 0.687421541551594
1985 1.02008536279187
1986 0.868189806678383
1987 0.819482801908109
1988 0.751192568415767
1989 1.35199598292744
1990 1.1350740647753
1991 1.32086367060005
1992 0.665578709515441
1993 1.21039417524479
1994 1.02234496610595
1995 0.992719055987949
1996 1.13532513181019
1997 1.27843334170223
1998 1.05724328395682
1999 0.881245292493096
2000 0.803665578709515
2001 0.572181772533266
2002 1.2683906603063
2003 0.929701230228471
2004 0.868189806678383
2005 1.01029374843083
2006 1.13808686919407
2007 0.978659302033643
2008 0.972884760230982
2009 0.987446648255084
2010 1.22771780065277
2011 1.12678885262365
2012 1
2013 0.928696962088878
2014 1.08050122109876
