1940 0.605531876176678
1941 0.835919401459956
1942 1.02450990684556
1943 1.40227881943715
1944 1.15160868135021
1945 1.05055955655406
1946 0.909785065893996
1947 1.15379231668311
1948 1.09631791490821
1949 0.890069358417144
1950 1.11225425353966
1951 1.13499345609283
1952 0.984119652018113
1953 0.791644795319182
1954 0.771635136932132
1955 0.723658149089102
1956 1.01588034798189
1957 1.17793128547533
1958 0.839796753942092
1959 0.867239171058433
1960 0.570558716694312
1961 0.580693024264948
1962 1.08238324199859
1963 0.966594578705356
1964 1.05796431995857
1965 1.33005788033398
1966 0.536135246587641
1967 1.09947197833133
1968 1.04461250513566
1969 0.894094374362798
1970 0.990093887426389
1971 1.19708446825022
1972 1.06404126786068
1973 0.884970403396381
1974 1.06975059725794
1975 1.22227734071854
1976 1.05653636045468
1977 0.524217477973736
1978 1.20446764155394
1979 0.820664363863232
1980 0.786475341235905
1981 0.785744936622183
1982 1.00990611257361
1983 0.90302965747067
1984 1.31659941000884
1985 0.864713451623351
1986 1.37732298076839
1987 0.837586113323821
1988 0.764318665254423
1989 0.985626624882921
1990 1.02514902966588
1991 1.28052591496774
1992 1
1993 1.27609660448708
1994 0.849814861824771
1995 1.40083509134359
1996 1.54696732289323
1997 1.8900988278959
1998 1.18822818827196
1999 1.31820131478742
2000 0.831668694578909
2001 0.623053423086687
2002 0.739414735773247
2003 0.808462959234587
2004 0.688696504696295
2005 0.922198198513642
2006 0.856336277453409
2007 0.823125202426492
2008 1.30143821286951
2009 1.37207083395338
2010 1.22121167027022
2011 2.11068899412635
2012 0.916578401421581
2013 0.875953045807474
2014 1.68278783952941
