1940 NA
1941 NA
1942 NA
1943 NA
1944 NA
1945 NA
1946 NA
1947 NA
1948 NA
1949 NA
1950 NA
1951 NA
1952 5.11685823754789
1953 0.96360153256705
1954 2.02873563218391
1955 0.689655172413793
1956 0.934865900383142
1957 0.875478927203065
1958 1.03639846743295
1959 1.65900383141762
1960 1.46934865900383
1961 0.185823754789272
1962 1.33524904214559
1963 0.762452107279693
1964 0.303618711385702
1965 1.11915269196823
1966 0.977934686672551
1967 1.67872903795234
1968 0.320388349514563
1969 1.45013239187996
1970 1.60194174757282
1971 1.44924977934687
1972 2.2603706972639
1973 0.829655781112092
1974 0.407766990291262
1975 1.81906443071492
1976 0.616063548102383
1977 0.619593998234775
1978 2.01412180052957
1979 1.26566637246249
1980 0.216240070609003
1981 0.175639894086496
1982 2.77669902912621
1983 1
1984 0.906443071491615
1985 0.249779346866725
1986 1.32391879964696
1987 2.92943548387097
1988 0.292338709677419
1989 0.693548387096774
1990 0.247983870967742
1991 0.131048387096774
1992 0.125
1993 1.23790322580645
1994 1
1995 1.38508064516129
1996 1.52822580645161
1997 3.36693548387097
1998 0.983870967741935
1999 2.16532258064516
2000 0.538306451612903
2001 2.07661290322581
2002 0.627016129032258
2003 1.23185483870968
2004 1.21572580645161
2005 1.13104838709677
2006 0.383064516129032
2007 0.481854838709677
2008 0.0534653465346535
2009 1.63102310231023
2010 0.666006600660066
2011 1.74059405940594
2012 0.148514851485149
2013 1
2014 1.88250825082508
