1940 0.214545454545455
1941 0.785974025974026
1942 0.848311688311688
1943 2.77662337662338
1944 1.63220779220779
1945 1.54441558441558
1946 0.638441558441558
1947 1.62909090909091
1948 1.53142857142857
1949 1.41558441558442
1950 2.41506493506494
1951 1.65298701298701
1952 2.54649350649351
1953 0.713766233766234
1954 1
1955 0.420779220779221
1956 0.752207792207792
1957 0.54025974025974
1958 0.465454545454546
1959 0.77038961038961
1960 0.92
1961 0.165714285714286
1962 0.854025974025974
1963 0.417662337662338
1964 0.46961038961039
1965 1.15064935064935
1966 1.18805194805195
1967 1.97454545454545
1968 0.420779220779221
1969 1.86545454545455
1970 1.57194805194805
1971 1.64103896103896
1972 2.38337662337662
1973 0.763116883116883
1974 0.637922077922078
1975 1.70857142857143
1976 0.662337662337662
1977 0.488831168831169
1978 2.04155844155844
1979 1.17662337662338
1980 0.305454545454545
1981 0.317922077922078
1982 2.83324675324675
1983 1.18649350649351
1984 1.03012987012987
1985 0.450909090909091
1986 1.61038961038961
1987 2.10559495665879
1988 0.380614657210402
1989 0.56107171000788
1990 0.34909377462569
1991 0.200945626477541
1992 0.207249802994484
1993 1.26713947990544
1994 1.04570527974783
1995 1.50118203309693
1996 1.78014184397163
1997 3.53821907013396
1998 0.732072498029945
1999 1.88967691095351
2000 0.642237982663515
2001 1.55791962174941
2002 0.633569739952719
2003 0.954294720252167
2004 1.09692671394799
2005 0.850275807722616
2006 0.367218282111899
2007 0.513002364066194
2008 0.189125295508274
2009 4.92119779353822
2010 1.83293932230102
2011 4.60756501182033
2012 0.661150512214342
2013 2.11347517730496
2014 4.38691883372734
