1940 0.467494521548576
1941 0.941563184806428
1942 1.08838568298028
1943 1.03433162892622
1944 1.17750182615047
1945 0.995617238860482
1946 0.793279766252739
1947 1.30533235938641
1948 1.24616508400292
1949 1.30679327976625
1950 2.20306793279766
1951 1.69247626004383
1952 1.12929145361578
1953 1.13221329437546
1954 0.845142439737034
1955 0.689554419284149
1956 0.623813002191381
1957 0.863403944485026
1958 0.910883856829803
1959 0.846603360116874
1960 1.54784514243974
1961 0.828341855368882
1962 1.3791088385683
1963 0.827611395178963
1964 1.21402483564646
1965 1.34039444850256
1966 1.42293644996348
1967 1.2936449963477
1968 0.761139517896275
1969 1.40321402483565
1970 0.775748721694668
1971 1.27830533235939
1972 0.986121256391527
1973 1.15193571950329
1974 0.679327976625274
1975 0.790357925493061
1976 0.635500365230095
1977 0.797662527392257
1978 1.06647187728269
1979 1
1980 0.647187728268809
1981 0.566257668711657
1982 1.58957055214724
1983 1.24969325153374
1984 1.56625766871166
1985 1.01042944785276
1986 1.26687116564417
1987 1.18343558282209
1988 0.700613496932516
1989 0.696319018404908
1990 0.991411042944785
1991 0.685889570552147
1992 0.958895705521473
1993 1.98834355828221
1994 1.10061349693252
1995 1.20981595092025
1996 1.00858895705521
1997 0.880368098159509
1998 1.16871165644172
1999 1.22208588957055
2000 0.745398773006135
2001 0.932515337423313
2002 0.54478527607362
2003 0.541104294478528
2004 0.984049079754601
2005 0.889570552147239
2006 0.660122699386503
2007 1.7920245398773
2008 1.6319018404908
2009 1.04110429447853
2010 1.77300613496933
2011 1.19815950920245
2012 0.738036809815951
2013 0.729447852760736
2014 0.722699386503068
