1940 0.476502732240437
1941 1.39562841530055
1942 1.34863387978142
1943 0.378142076502732
1944 1
1945 0.724590163934426
1946 1.39890710382514
1947 0.981420765027322
1948 1.00546448087432
1949 1.23715846994536
1950 0.543169398907104
1951 3.19222462203024
1952 1.01727861771058
1953 0.265658747300216
1954 0.468682505399568
1955 1.09719222462203
1956 0.701943844492441
1957 3.03239740820734
1958 2.86177105831534
1959 0.974082073434125
1960 1.11879049676026
1961 1.00215982721382
1962 1.36069114470842
1963 0.885529157667387
1964 0.624190064794816
1965 2.14902807775378
1966 1.06263498920086
1967 0.922246220302376
1968 0.544276457883369
1969 1.26133909287257
1970 0.311015118790497
1971 0.65658747300216
1972 0.997840172786177
1973 1.22030237580994
1974 0.524838012958963
1975 1.99603174603175
1976 0.503968253968254
1977 1.11507936507937
1978 0.507936507936508
1979 1.17460317460317
1980 1.3968253968254
1981 1.87301587301587
1982 1.01190476190476
1983 1.03968253968254
1984 1.59920634920635
1985 0.896825396825397
1986 0.900793650793651
1987 0.785714285714286
1988 0.650793650793651
1989 0.785714285714286
1990 0.698412698412698
1991 0.992063492063492
1992 1.57936507936508
1993 1.08333333333333
1994 0.75
1995 1
1996 5.48936170212766
1997 3.57446808510638
1998 3.36170212765957
1999 3.08510638297872
2000 1.65957446808511
2001 1
2002 0.48936170212766
2003 0.25531914893617
2004 0
2005 0
2006 0
2007 0.191489361702128
2008 0.404255319148936
2009 2.80851063829787
2010 4.36170212765957
2011 3.38297872340426
2012 2.21276595744681
2013 0
2014 0
