1940 1.06548788474132
1941 1.10085134250164
1942 1.27897838899804
1943 0.807465618860511
1944 1.11263916175508
1945 1.00392927308448
1946 1.09037328094303
1947 1.05042567125082
1948 0.925343811394892
1949 1.25016371971185
1950 0.863130320890635
1951 1.03339882121807
1952 0.996070726915521
1953 0.721021611001965
1954 0.607727570399476
1955 0.722331368696791
1956 0.846103470857891
1957 0.916175507531107
1958 1.1237721021611
1959 0.943680419122462
1960 1.30648330058939
1961 0.783889980353635
1962 2.06994535519126
1963 1.13661202185792
1964 1.06229508196721
1965 1.34426229508197
1966 1.19125683060109
1967 1.5103825136612
1968 0.968306010928962
1969 0.997814207650273
1970 0.860109289617486
1971 0.92568306010929
1972 0.934426229508197
1973 1
1974 0.93224043715847
1975 1.3125
1976 1.05912162162162
1977 1.24155405405405
1978 0.910472972972973
1979 1
1980 0.983108108108108
1981 1.01013513513514
1982 1.23141891891892
1983 1.14358108108108
1984 1.23648648648649
1985 0.888513513513513
1986 0.842905405405405
1987 0.896959459459459
1988 1.09966216216216
1989 0.971283783783784
1990 0.744932432432432
1991 0.722972972972973
1992 1.14189189189189
1993 1.37162162162162
1994 0.962837837837838
1995 0.984797297297297
1996 1.41216216216216
1997 1.11261261261261
1998 1
1999 1.17117117117117
2000 0.788288288288288
2001 0.768018018018018
2002 0.445945945945946
2003 0.493243243243243
2004 0.725225225225225
2005 0.851351351351351
2006 0.822072072072072
2007 1.66441441441441
2008 1.22297297297297
2009 1.01351351351351
2010 1.2545045045045
2011 1.1509009009009
2012 0.617117117117117
2013 0.822072072072072
2014 1.14189189189189
