1940 NA
1941 NA
1942 NA
1943 NA
1944 NA
1945 NA
1946 NA
1947 NA
1948 NA
1949 NA
1950 NA
1951 7.09396914446003
1952 0.866760168302945
1953 2.0476858345021
1954 1.03506311360449
1955 0.642356241234222
1956 0.258064516129032
1957 3.49509116409537
1958 0.835904628330996
1959 0.336605890603086
1960 1.60448807854137
1961 1.18092566619916
1962 1.43338008415147
1963 0.964936886395512
1964 0.201963534361851
1965 1.23702664796634
1966 1.20336605890603
1967 0.922861150070126
1968 0.333800841514726
1969 3.85567010309278
1970 1.31958762886598
1971 0.989690721649485
1972 0.907216494845361
1973 2.16494845360825
1974 1.07216494845361
1975 2.5979381443299
1976 1.01030927835052
1977 4.72164948453608
1978 2.10309278350516
1979 0.639175257731959
1980 0.164948453608247
1981 0.556701030927835
1982 0.43298969072165
1983 1.01030927835052
1984 0.288659793814433
1985 0.742268041237114
1986 0.494845360824742
1987 1.27835051546392
1988 1.15463917525773
1989 0.742268041237114
1990 0.288659793814433
1991 0
1992 0.974874371859296
1993 2.04020100502513
1994 0.924623115577889
1995 2.47236180904523
1996 4.84422110552764
1997 2.56281407035176
1998 1.96984924623116
1999 1.73869346733668
2000 1.14572864321608
2001 1.54773869346734
2002 0.402010050251256
2003 0.110552763819095
2004 0.0100502512562814
2005 0.552763819095477
2006 0.0100502512562814
2007 0.924623115577889
2008 1.18592964824121
2009 1.0251256281407
2010 4.24120603015075
2011 2.53266331658291
2012 0.773869346733668
2013 0.371859296482412
2014 0.160804020100502
