1940 0.395903231502737
1941 1.57654953205015
1942 1.09835776090411
1943 0.482076637824475
1944 1.35758431926541
1945 1.10224262758255
1946 1.21631644004944
1947 0.88363058449585
1948 0.829242450997704
1949 1.20536817941021
1950 1.71499205368179
1951 6.7593148507858
1952 0.901642239095886
1953 0.318205897933957
1954 0.395903231502737
1955 0.225322267349461
1956 0.192438563327032
1957 1.4047258979206
1958 1.04347826086957
1959 0.498487712665406
1960 0.956521739130435
1961 1.28544423440454
1962 4.28141592920354
1963 1.06194690265487
1964 0.701769911504425
1965 0.638938053097345
1966 0.197345132743363
1967 0.80353982300885
1968 0.313274336283186
1969 0.72212389380531
1970 0.258407079646018
1971 1.84601769911504
1972 0.494690265486726
1973 7.83274336283186
1974 3.45221238938053
1975 1.50176991150442
1976 0.974336283185841
1977 1.02477876106195
1978 0.503539823008849
1979 1.51946902654867
1980 0.926548672566372
1981 0.682300884955752
1982 2.46637168141593
1983 0.783185840707965
1984 1.09380530973451
1985 1.71238938053097
1986 0.817699115044248
1987 6.57256637168142
1988 0.660176991150442
1989 0.614159292035398
1990 0.992920353982301
1991 0.582300884955752
1992 1.37964601769911
1993 17.5150442477876
1994 3.84247787610619
1995 5.6
1996 2.28495575221239
1997 1.48141592920354
1998 3.95044247787611
1999 3.21858407079646
2000 1.39911504424779
2001 2.39026548672566
2002 0.597345132743363
2003 0.417699115044248
2004 0.392035398230088
2005 0.475221238938053
2006 0.138053097345133
2007 1
2008 3.56371681415929
2009 1.40265486725664
2010 1.61769911504425
2011 2.07610619469027
2012 0.326548672566372
2013 0.453982300884956
2014 0.271681415929204
