1940 0.21324354657688
1941 1.82463524130191
1942 1.48765432098765
1943 0.232603815937149
1944 1.31705948372615
1945 0.715207631874298
1946 1
1947 0.596801346801347
1948 0.32631874298541
1949 1.41666666666667
1950 1.98260381593715
1951 4.79854096520763
1952 0.80331088664422
1953 0.182098765432099
1954 0.246071829405163
1955 0.364758698092031
1956 0.188832772166106
1957 2.53675645342312
1958 1.95089786756453
1959 0.920314253647587
1960 1.88804713804714
1961 1.84287317620651
1962 1.35606060606061
1963 0.305274971941639
1964 0.268799102132435
1965 1.02861952861953
1966 0.528338945005612
1967 1.33950617283951
1968 0.541526374859708
1969 1.43462401795735
1970 0.660493827160494
1971 1.04012345679012
1972 0.461279461279461
1973 3.62289562289562
1974 1.53563411896745
1975 1.65923460898502
1976 0.84459234608985
1977 1.2279534109817
1978 0.585690515806988
1979 1.71381031613977
1980 0.865890183028286
1981 1.41963394342762
1982 1.37903494176373
1983 0.304159733777038
1984 0.473211314475874
1985 1.34509151414309
1986 0.827953410981697
1987 4.64425956738769
1988 0.616971713810316
1989 0.248252911813644
1990 1.18202995008319
1991 0.543760399334443
1992 1.64259567387687
1993 10.3913477537438
1994 0.975707154742096
1995 3.00033277870216
1996 2.66821963394343
1997 1.21663893510815
1998 3.19201331114809
1999 2.27753743760399
2000 1.34642262895175
2001 2.96239600665557
2002 0.464559068219634
2003 0.60765391014975
2004 0.589683860232945
2005 0.335440931780366
2006 0.212312811980033
2007 3.71048252911814
2008 3.28252911813644
2009 0.961730449251248
2010 1.0242928452579
2011 0.561064891846922
2012 0.262895174708819
2013 0.382695507487521
2014 0.813311148086522
