1940 0.459191491392672
1941 0.840243394935664
1942 1.09030179866747
1943 1.12887254421728
1944 1.39731033021763
1945 1.26878695239698
1946 0.821033381814711
1947 1.320456880462
1948 1.12706391252251
1949 1.23884070057684
1950 1.22524246968658
1951 1.95993545864304
1952 1.38212787193548
1953 0.860026141426625
1954 0.71785429294642
1955 0.623383430756619
1956 0.572956099652257
1957 0.68256922830877
1958 0.879912716774138
1959 0.849110714216934
1960 1.03002747278051
1961 1.00741790193699
1962 1.07691624946725
1963 0.695432283908286
1964 0.746470865539119
1965 1.14929501043731
1966 0.780009260864141
1967 0.992582098063006
1968 0.736716628223456
1969 1.17369753524935
1970 0.853148396640385
1971 1.03486053738639
1972 1
1973 1.59329860288894
1974 0.954515688630457
1975 1.03843882559645
1976 0.816086510379667
1977 0.463247998175775
1978 1.23244743414712
1979 1.15497583778427
1980 0.846642285193078
1981 0.704074980339879
1982 1.21442687458158
1983 1.31907280237851
1984 1.57738194426173
1985 1.05076842569936
1986 1.39728061789787
1987 1.27425503489123
1988 0.694168910405393
1989 0.636755509949921
1990 0.719594051388195
1991 0.646405779052397
1992 0.932662988981562
1993 1.9530174266144
1994 0.963031663757846
1995 1.4262972025621
1996 1.37903251740177
1997 1.55129756799186
1998 1.3807631927452
1999 1.37069048684014
2000 0.752874470492278
2001 1.00421413599249
2002 0.652283351312477
2003 0.615430490874488
2004 0.739974799963749
2005 0.728349748438153
2006 0.595570114277195
2007 1.00117229867013
2008 1.07608247603512
2009 0.99243268052961
2010 1.66820293337777
2011 1.92085083741884
2012 0.826586038244417
2013 0.748031795312559
2014 0.992634397757138
