1940 0.634864805451748
1941 0.790723235876017
1942 1.30578149043746
1943 1.07232358760167
1944 0.631787205979336
1945 2.19037151022203
1946 1.85249505385799
1947 0.925038469993405
1948 0.984172345570455
1949 1.99978017146626
1950 1.99516377225764
1951 1.98856891624533
1952 1.23807430204441
1953 0.592218069905474
1954 0.423169927456584
1955 0.711804792262036
1956 0.566498131457463
1957 1.6295889206419
1958 1.41877335678171
1959 0.977797318091888
1960 0.8817322488459
1961 1.25983732688503
1962 1.0538579907672
1963 0.90921081556386
1964 0.799516377225764
1965 0.703451307979776
1966 1.25983732688503
1967 0.764343811826775
1968 1.24444932952297
1969 1.22048801934491
1970 0.950098922840185
1971 0.75269289953836
1972 1.03011650912288
1973 2.48670037370851
1974 1.77797318091888
1975 1.56188173224885
1976 0.71268410639701
1977 0.967905034073423
1978 1
1979 1.7669817542317
1980 0.641899318531545
1981 0.495078071961982
1982 1.24864222674813
1983 1.21690427698574
1984 1.56109979633401
1985 1.99813306177868
1986 0.819585879158181
1987 0.794297352342159
1988 0.889341479972845
1989 0.857603530210455
1990 1.27019687712152
1991 0.989986422267481
1992 0.919212491513917
1993 1.59877800407332
1994 1.37983706720978
1995 1.01001357773252
1996 1.17634080108622
1997 1.01663272233537
1998 1.08536999321113
1999 0.940088255261371
2000 0.421249151391718
2001 0.514765784114053
2002 1.26340801086219
2003 0.978445349626612
2004 1.08350305498982
2005 0.787508486082824
2006 0.958248472505092
2007 0.791581805838425
2008 1.42617107942974
2009 1.31585200271555
2010 0.930074677528853
2011 1.45315682281059
2012 0.554989816700611
2013 1.25543109300747
2014 0.728784792939579
