1940 1.75076923076923
1941 0.564615384615385
1942 0.623076923076923
1943 0.986153846153846
1944 2.35230769230769
1945 0.212307692307692
1946 2.57230769230769
1947 1.09230769230769
1948 3.04307692307692
1949 3.14615384615385
1950 6.52153846153846
1951 9.08769230769231
1952 0.750769230769231
1953 1.00769230769231
1954 0.187692307692308
1955 1.30153846153846
1956 0.233846153846154
1957 2.4
1958 5.38307692307692
1959 1.22769230769231
1960 1.43384615384615
1961 0.890769230769231
1962 2.43076923076923
1963 0.607692307692308
1964 0.249230769230769
1965 0.861538461538462
1966 0.0553846153846154
1967 1.4
1968 0.484615384615385
1969 0.603076923076923
1970 0.538461538461539
1971 1
1972 0.490769230769231
1973 7.76798143851508
1974 0.663573085846868
1975 0.784222737819025
1976 0.904872389791183
1977 1.07656612529002
1978 1.03944315545244
1979 6.15777262180974
1980 1.67053364269142
1981 2.36194895591647
1982 2.11600928074246
1983 0.672853828306264
1984 0.153132250580046
1985 0.0556844547563805
1986 1.05336426914153
1987 4.92343387470998
1988 0.116009280742459
1989 1.40603248259861
1990 1.39211136890951
1991 0
1992 1.84222737819026
1993 8.02784222737819
1994 0.194895591647332
1995 0.960556844547564
1996 6.38051044083527
1997 3.25754060324826
1998 1.59628770301624
1999 0.802784222737819
2000 0.612529002320186
2001 1.37819025522042
2002 0.176334106728538
2003 0.39907192575406
2004 1.07656612529002
2005 0.0278422273781903
2006 0.54292343387471
2007 2.63573085846868
2008 1.28074245939675
2009 0.918793503480278
2010 1.44315545243619
2011 0.148491879350348
2012 0.111368909512761
2013 0.0324825986078886
2014 0.102088167053364
