1940 0.201024932761503
1941 1.52805844297449
1942 1.20989314530784
1943 1.53903467325725
1944 0.845169731772916
1945 2.03398269971651
1946 0.716289888783892
1947 0.770734898597078
1948 0.888529475903177
1949 1
1950 1.23998691575198
1951 2.27347256298247
1952 0.873316976841601
1953 0.306744060798277
1954 0.444198432170427
1955 0.924002154269643
1956 0.290886242594698
1957 2.23655077493866
1958 1.27849919214888
1959 1.41038836694393
1960 0.733050086769194
1961 1.95440129256179
1962 0.879540422476213
1963 0.345461073544372
1964 0.60080186703369
1965 1.03051881993896
1966 0.593261923284064
1967 1.02435521512776
1968 1.79977260487104
1969 1.25420381784453
1970 1.23702950152594
1971 1
1972 0.815742463714179
1973 2.30439151470041
1974 1.68273167100856
1975 1.10900632675847
1976 0.842538146631931
1977 0.739821362113882
1978 0.76650539635281
1979 0.914179382210644
1980 0.373985857834016
1981 0.43461109043543
1982 0.895161890584295
1983 1.27521399330108
1984 1.14242649795311
1985 2.52523260141422
1986 1.3835504279866
1987 1.25351693338296
1988 0.930703386676591
1989 0.680647562337179
1990 1.58574618533681
1991 0.439635280982508
1992 1.63468552288798
1993 2.37123185708969
1994 1.50815035355415
1995 1.5462597692594
1996 0.675586155563826
1997 0.747152958689989
1998 1.18410867138072
1999 1.47822850762933
2000 0.568217342761444
2001 0.754782285076293
2002 0.970040937848902
2003 0.431187197618162
2004 1.31790100483811
2005 0.731410494975809
2006 0.19944175660588
2007 1.59560848529959
2008 2.20305173055452
2009 1.35735020468924
2010 1.02843319687384
2011 1
2012 0.583624860439152
2013 1.33319687383699
2014 0.444659471529587
