1940 0.226369168356998
1941 21.0377281947262
1942 13.7809330628803
1943 0.689655172413793
1944 1.97728194726166
1945 0.466531440162272
1946 1.92454361054767
1947 0.99553752535497
1948 1.4920892494929
1949 1.3525354969574
1950 1.60649087221095
1951 0.876267748478702
1952 0.442190669371197
1953 0.608519269776876
1954 0.825152129817444
1955 0.921703853955375
1956 0.46815415821501
1957 1.00446247464503
1958 2.45679513184584
1959 0.728600405679513
1960 2.13225152129817
1961 1.38742393509128
1962 6.08403361344538
1963 0.0588235294117647
1964 0.100840336134454
1965 4.84873949579832
1966 0.873949579831933
1967 7.48739495798319
1968 0.201680672268908
1969 15.7142857142857
1970 1.43697478991597
1971 3.63865546218487
1972 8.39495798319328
1973 1.22689075630252
1974 0.184873949579832
1975 0.126050420168067
1976 0.159663865546219
1977 3.21848739495798
1978 0.151260504201681
1979 1.96638655462185
1980 1.94117647058824
1981 8.52100840336134
1982 19.8067226890756
1983 1.9327731092437
1984 0.109243697478992
1985 0.201680672268908
1986 0.151260504201681
1987 13.7983193277311
1988 1.7563025210084
1989 1.92436974789916
1990 0.34453781512605
1991 3.60504201680672
1992 1
1993 3.58823529411765
1994 12.8823529411765
1995 10.0336134453782
1996 4.2436974789916
1997 7.18487394957983
1998 0.226890756302521
1999 14.4453781512605
2000 5.8655462184874
2001 0.336134453781513
2002 0.285714285714286
2003 0.277310924369748
2004 0.277310924369748
2005 0.294117647058824
2006 3.00840336134454
2007 0.168067226890756
2008 0.277310924369748
2009 0.302521008403361
2010 0.260504201680672
2011 0.235294117647059
2012 0.218487394957983
2013 0.201680672268908
2014 0.19327731092437
