1940 0.365524507098781
1941 2.06612150704861
1942 1.54467466011137
1943 1.02282646867004
1944 0.82185320824763
1945 1.88692118597301
1946 1.01941504038529
1947 1.47975718657503
1948 0.692419605679025
1949 1.44423819796318
1950 1.14634023980334
1951 1.20042141172929
1952 0.443285004765966
1953 0.510008528570712
1954 0.432749711533638
1955 0.852154718306326
1956 0.205990066723524
1957 1.99357848793458
1958 0.470375758791953
1959 1.19098981588321
1960 0.951688155320323
1961 0.980584959614709
1962 1.56826749713162
1963 0.47631535813801
1964 0.722012784789379
1965 1
1966 0.428618259301754
1967 0.356826749713162
1968 1.06490739223078
1969 1.21471889854122
1970 0.543845271267005
1971 0.45467956072775
1972 0.443042124241928
1973 1.86625143419112
1974 1.17734797574168
1975 2.39190296672677
1976 0.630388460908048
1977 1.27143091296509
1978 0.993279790198328
1979 1.08949352565153
1980 1.09014915587609
1981 0.188397602623544
1982 0.707678389686758
1983 0.813581363790569
1984 0.297636548682574
1985 1.06117833314486
1986 1.15549021825172
1987 1.89025217686306
1988 0.756982924346941
1989 0.881601266538505
1990 1.10375438199706
1991 0.719439104376343
1992 1.08696143842587
1993 1.47919258170304
1994 0.492762637114102
1995 1.51294809453805
1996 1
1997 1.40382223227412
1998 2.52345289712259
1999 1.38155301537249
2000 1.78242018131652
2001 1.59650505846801
2002 0.735514387071344
2003 0.658520562343976
2004 1
2005 0.776244908684798
2006 0.329391669951386
2007 4.8282748653265
2008 2.09315464459335
2009 1.2464853501511
2010 1.05597162002365
2011 0.360662199448167
2012 0.34555248981737
2013 0.466167389304953
2014 0.222966758638812
