1940 0.616976351351351
1941 0.883023648648649
1942 1.00633445945946
1943 0.699746621621622
1944 1.30827702702703
1945 2.22212837837838
1946 2.19552364864865
1947 0.993665540540541
1948 0.953125
1949 1.07685810810811
1950 2.06615776081425
1951 0.778060503251343
1952 0.978230138535482
1953 1.26321741588917
1954 0.545094713033644
1955 0.523042126095561
1956 0.263500141362737
1957 1.96890019790783
1958 1.98190556969183
1959 1.22024314390727
1960 1.35934407690133
1961 1.48826689284705
1962 0.993497314108001
1963 0.47102063895957
1964 0.291207237772123
1965 0.502120441051739
1966 1.006502685892
1967 0.525869380831213
1968 1.47356516822166
1969 1.42267458297993
1970 0.821600226180379
1971 0.500989539157478
1972 0.653095843935539
1973 2.29855810008482
1974 2.20243143907266
1975 1.67316935255867
1976 1.06870229007634
1977 1.18631608707945
1978 0.482329657902177
1979 1.80661577608142
1980 1.36839129205541
1981 0.962962962962963
1982 0.964659315804354
1983 0.918292338139666
1984 0.610687022900763
1985 1.37404580152672
1986 0.914334181509754
1987 1.41645462256149
1988 0.580155306298533
1989 0.876617773943054
1990 1.33252804141501
1991 1.18895599654875
1992 1.15375323554789
1993 1.12338222605695
1994 1.16479723899914
1995 0.812769628990509
1996 0.314063848144953
1997 1.25452976704055
1998 0.865573770491803
1999 0.551855047454702
2000 0.609145815358067
2001 1.5351164797239
2002 1.76863950807071
2003 1
2004 1.23136049192929
2005 0.510376633358955
2006 0.335126825518832
2007 1.85088393543428
2008 2.02843966179862
2009 3.24827056110684
2010 1.57724827056111
2011 0.409684857801691
2012 0.844734819369716
2013 0.6456571867794
2014 0.576479631053036
