1940 1.32011684518014
1941 1.24603700097371
1942 0.91365141187926
1943 0.541694255111977
1944 0.85554040895813
1945 1.08634858812074
1946 1.59400194741967
1947 0.85460564751704
1948 0.358481012658228
1949 1.29433300876339
1950 3.46704018208877
1951 0.578131839271645
1952 1.0181213341504
1953 2.27786045697277
1954 0.55764685284076
1955 0.85774314978552
1956 0.538037293180425
1957 1.58889958854942
1958 1.45600980477983
1959 1.14855992296244
1960 1.42466952639412
1961 3.09008141468966
1962 0.872275234176661
1963 0.743237328197496
1964 0.981878665849602
1965 0.524555720913946
1966 1.52972073886019
1967 0.442965945898626
1968 1.23907905103738
1969 1.54827978639587
1970 0.700341416440515
1971 0.749365315591351
1972 0.692435643564356
1973 2.06392079207921
1974 1.33671287128713
1975 1.40657425742574
1976 0.715485148514852
1977 0.591366336633663
1978 0.602851485148515
1979 1.98756435643564
1980 0.829465346534654
1981 0.663445544554455
1982 0.661465346534653
1983 1.26130693069307
1984 0.911445544554455
1985 0.805069306930693
1986 1.15318811881188
1987 1
1988 0.456
1989 1.25061386138614
1990 0.781386138613862
1991 1.5129504950495
1992 1.24538613861386
1993 0.820752475247525
1994 1.18954455445545
1995 1.03936633663366
1996 0.437861386138614
1997 1.13489108910891
1998 1.27366336633663
1999 0.882059405940594
2000 0.254653465346535
2001 1.04142574257426
2002 1.11239603960396
2003 0.704
2004 1.43548514851485
2005 0.679920792079208
2006 1.29108910891089
2007 2.03866195999328
2008 1.06925533703143
2009 1.55673222390318
2010 0.724995797613044
2011 0.209951252311313
2012 1.23819129265423
2013 0.930744662968566
2014 0.757102033955287
