1940 1.1212160294795
1941 2.49610317825887
1942 2.85704283740212
1943 0.810428374021189
1944 0.996222938737909
1945 2.64475356978351
1946 2.14006448641179
1947 0.909516351911562
1948 0.912501151543068
1949 1.37352372178719
1950 1.98968217411331
1951 0.519686780285583
1952 0.298995854444956
1953 0.40497466605251
1954 0.153182865039152
1955 0.132141870105942
1956 0.126430216490097
1957 2.87970520497467
1958 1.58179640718563
1959 0.617816674343621
1960 0.684292952556426
1961 0.669037309995394
1962 1.14623675725472
1963 0.413192077383694
1964 0.944891754951635
1965 1.21864578535237
1966 1.66938737908798
1967 0.559668355596499
1968 1.57070474435744
1969 1.69002303086135
1970 1.24926761860894
1971 1.00377706126209
1972 0.580230308613542
1973 2.03618608935974
1974 1.6341225241824
1975 1.86140948871488
1976 0.681897742975587
1977 1.11288807001382
1978 0.344983878397052
1979 0.968438507600184
1980 0.296017274472169
1981 1.36497120921305
1982 1.72562380038388
1983 0.495537428023033
1984 0.537188099808061
1985 0.909644913627639
1986 1
1987 0.965187140115163
1988 0.308445297504798
1989 1.85141554702495
1990 2.48202975047985
1991 1.55004798464491
1992 1.97807101727447
1993 1.53910748560461
1994 1.53152591170825
1995 1.55906909788868
1996 0.535556621880998
1997 1.75441458733205
1998 1.24333013435701
1999 0.597504798464491
2000 0.679270633397313
2001 1.44848848368522
2002 1.22989443378119
2003 0.552375239923225
2004 1.410556621881
2005 0.687763915547025
2006 0.515523032629558
2007 1.84558541266795
2008 0.952831094049904
2009 1.2117802303263
2010 1.32461612284069
2011 0.411492322456814
2012 0.743570057581574
2013 0.407653550863724
2014 0.293138195777351
