1940 1.40931691724873
1941 3.66171421806559
1942 2.50284124541257
1943 0.610749378477566
1944 0.681247780277021
1945 1.4583284006156
1946 1.29223392920564
1947 1
1948 0.601988871788801
1949 1.22114360127856
1950 1.03823842784421
1951 0.529833076832011
1952 0.204332899254173
1953 0.106901858648041
1954 0.651829051734344
1955 1.29619983426068
1956 0.533798981887061
1957 4.82378359180774
1958 1.27506807150468
1959 1.04901148336688
1960 0.946726648514265
1961 1.37326861607671
1962 1.31052444654907
1963 0.655735764176631
1964 0.309458979519356
1965 0.927607434592163
1966 1.43435539244702
1967 0.448443234284361
1968 1.69705220788446
1969 1.32484905883746
1970 0.868829170119569
1971 0.69870960104179
1972 0.642950159820054
1973 1.07801586362022
1974 0.862850716230614
1975 1.11453770569433
1976 0.530188232508583
1977 1.00349236415295
1978 0.317805137918788
1979 0.964602817568368
1980 0.327867882088315
1981 1.64744879838996
1982 2.09139339410442
1983 0.240262815200663
1984 0.170060376465017
1985 0.81910737539955
1986 1.07476026991831
1987 1.76589321652658
1988 0.195572392565408
1989 1.34012075293003
1990 2.81863383449745
1991 1.83668758138984
1992 3.80300698472831
1993 0.746359654315142
1994 0.638984254765005
1995 1.35272877944832
1996 0.551675150941163
1997 4.50634509754404
1998 1.69051076456847
1999 0.288907127975251
2000 0.391060041669297
2001 2.16162636530084
2002 1.09981690763306
2003 0.458109729149568
2004 2.19496180314414
2005 1.46574910032199
2006 0.443714880989962
2007 6.2144074752194
2008 1.0268325020519
2009 0.683502746385504
2010 3.06862806995391
2011 0.382852452806364
2012 0.973167497948103
2013 0.165288212639687
2014 0.190289791022161
