1940 1.21720025109856
1941 2.5473948524796
1942 1.4946641556811
1943 0.62586315128688
1944 1.71060891399874
1945 1.51286880100439
1946 1.19020715630885
1947 1.33396107972379
1948 0.418706842435656
1949 0.927809165097301
1950 0.384180790960452
1951 0.377903327055869
1952 0.644695543000628
1953 0.333333333333333
1954 0.195856873822976
1955 0.305084745762712
1956 0.0784682988072819
1957 1.61707470182046
1958 2.27495291902072
1959 1.72944130571249
1960 2.02134337727558
1961 1.81418706842436
1962 0.430634023854363
1963 0.267419962335217
1964 0.844318895166353
1965 1.07030759573132
1966 1
1967 0.33274461321088
1968 1.04097492052278
1969 0.75732956552455
1970 0.652772871776757
1971 1.20840692334864
1972 0.861886259272342
1973 1.00141292829389
1974 1.23701872129989
1975 1.6510067114094
1976 0.733663016601907
1977 1.36594842811727
1978 2.36877428470505
1979 1.46591310490993
1980 0.71070293182621
1981 2.12433768986224
1982 0.692334864005652
1983 0.396326386435888
1984 0.391381137407277
1985 1.90745319675026
1986 1.34475450370894
1987 3.21087954786295
1988 1.1006711409396
1989 0.474743906746733
1990 0.838572942423172
1991 1.51571882726952
1992 2.95513952666902
1993 0.661250441540092
1994 0.69833980925468
1995 0.747792299540798
1996 0.637230660543977
1997 2.47792299540798
1998 0.998587071706111
1999 0.566584245849523
2000 1.04415400918403
2001 1.36524196397033
2002 3.24655598728364
2003 0.826563051925115
2004 2.17661603673614
2005 0.915224302366655
2006 0.284705051218651
2007 9.22511097019658
2008 1.2149651236525
2009 0.87000634115409
2010 3.2428662016487
2011 0.606214331008244
2012 1.12999365884591
2013 0.601141407736208
2014 0.615091946734306
