1940 0.951219512195122
1941 4.14750290360046
1942 1.64343786295006
1943 0.716608594657375
1944 2.5075493612079
1945 2.37282229965157
1946 2.2787456445993
1947 1.37746806039489
1948 0.291521486643438
1949 0.866434378629501
1950 0.341463414634146
1951 0.18815331010453
1952 2.1753774680604
1953 1.04878048780488
1954 0.24274099883856
1955 0.221835075493612
1956 0.0907877169559413
1957 2.21428571428571
1958 2.44058744993324
1959 0.986648865153538
1960 1.73831775700935
1961 1.83177570093458
1962 0.405874499332443
1963 0.22630173564753
1964 0.208277703604806
1965 1.97997329773031
1966 0.967289719626168
1967 0.346461949265688
1968 1.87316421895861
1969 0.844459279038718
1970 1.31775700934579
1971 0.329105473965287
1972 0.710947930574099
1973 2.76568758344459
1974 0.799065420560748
1975 2.0781041388518
1976 1.79238985313752
1977 1.64085447263017
1978 0.401201602136182
1979 2.05740987983979
1980 0.445260347129506
1981 1.53337783711615
1982 0.582109479305741
1983 0.690921228304406
1984 0.307743658210948
1985 1.98531375166889
1986 2.12483311081442
1987 2.77236315086782
1988 0.481975967957276
1989 0.363818424566088
1990 0.541388518024032
1991 1.96862483311081
1992 3.74232309746328
1993 0.992656875834446
1994 0.775700934579439
1995 1
1996 0.164886515353805
1997 2.93658210947931
1998 2.85180240320427
1999 0.422563417890521
2000 0.609479305740988
2001 2.33978638184246
2002 3.56141522029372
2003 1.21295060080107
2004 3.15687583444593
2005 2.58758620689655
2006 0.375172413793103
2007 5.35586206896552
2008 0.453793103448276
2009 0.795862068965517
2010 3.16413793103448
2011 0.376551724137931
2012 1.21793103448276
2013 1.20413793103448
2014 0.339310344827586
