1940 0.526144676239502
1941 1.04416147385532
1942 1
1943 0.864264426984557
1944 1.11460308859388
1945 0.706854510972636
1946 0.693308046599837
1947 1.09319967488486
1948 1.06881603901382
1949 1.88195452346396
1950 1
1951 0.997581035316884
1952 2.0251572327044
1953 1.09820996613449
1954 0.807450411223996
1955 0.892597968069666
1956 0.69548436896951
1957 1.65418757236588
1958 1.37051331532227
1959 0.804708606715554
1960 1.0536472404477
1961 0.965264376688537
1962 1.27286761868005
1963 0.741412582014666
1964 0.874951756078734
1965 1.58587417985334
1966 0.886916248552682
1967 0.652643766885372
1968 1.17097645696642
1969 0.972983404091085
1970 1.36318023928985
1971 0.982632188344269
1972 0.768815129293709
1973 1.17946738710922
1974 0.750675414897723
1975 1.36510999614049
1976 0.763025858741799
1977 0.408336549594751
1978 1.1227325357005
1979 1.19722115013508
1980 1.06522578155152
1981 0.614048629872636
1982 1.27749903512157
1983 1.3708992666924
1984 1.93284446159784
1985 1.54033191817831
1986 1.27981474334234
1987 1.27827093786183
1988 0.831725202624469
1989 0.712852180625241
1990 0.782709378618294
1991 0.976071015052103
1992 0.797761482053261
1993 1.16981860285604
1994 0.856812041682748
1995 1.48205326128908
1996 0.976842917792358
1997 1.4569664222308
1998 0.957931300656117
1999 1.42068699343883
2000 0.949054419143188
2001 1
2002 0.372829023543034
2003 0.779235816287148
2004 0.861829409494404
2005 1.09841759938248
2006 1.05094558085681
2007 1.14781937475878
2008 1.30451563103049
2009 1.10845233500579
2010 0.777692010806638
2011 1.14357390968738
2012 0.583944423002702
2013 0.766499421072945
2014 1.31570822076418
