1940 0.519439868204283
1941 1.30873146622735
1942 0.981878088962109
1943 1.03591433278418
1944 1.2334431630972
1945 0.818451400329489
1946 0.732125205930807
1947 1.01812191103789
1948 0.594069192751235
1949 1.30131795716639
1950 1.18929159802306
1951 0.955683690280066
1952 3.18140207178993
1953 1.02553601541797
1954 0.577933028185979
1955 0.722235605878102
1956 0.99927728258251
1957 1.27872801734522
1958 1.19706094916887
1959 0.506384003854493
1960 0.45290291496025
1961 0.36256323777403
1962 1.42543965309564
1963 0.621777884847025
1964 1.01300891351482
1965 2.3478679836184
1966 0.827029631414117
1967 1.68007708985787
1968 1.52348831606842
1969 1.76511683931583
1970 0.388099253192002
1971 1
1972 1.08070344495302
1973 1.41917610214406
1974 0.963623223319682
1975 1.14647072994459
1976 0.51553842447603
1977 0.15128884606119
1978 0.795952782462057
1979 1.10262587328355
1980 0.943146229824139
1981 0.247562852744997
1982 1
1983 1.92880964597229
1984 1.33671113391483
1985 0.637891226269882
1986 7.1565025716385
1987 2.59735488611315
1988 1.20279206465834
1989 0.764878765613519
1990 0.498897869213813
1991 0.512858192505511
1992 0.459221160911095
1993 1.23365172667156
1994 0.601763409257899
1995 3.9096252755327
1996 1.70389419544453
1997 5.67597354886113
1998 6.06980161645849
1999 4.80382072005878
2000 1
2001 0.900808229243204
2002 0.436443791329904
2003 0.346803820720059
2004 0.501836884643644
2005 4.41293166789126
2006 2.07274063188832
2007 0.573108008817046
2008 0.926524614254225
2009 1.4364437913299
2010 1.02865540044085
2011 10.9140337986774
2012 0.889786921381337
2013 0.476120499632623
2014 0.682586333578251
