1940 0.747767361265384
1941 3.23388279202026
1942 1.56911183187453
1943 1
1944 1.5484071622162
1945 1.05673790376327
1946 0.609099391300484
1947 1.12947083129693
1948 1.50864175589817
1949 1.70453636646377
1950 0.677122672946195
1951 0.495357000044431
1952 1.8320078197894
1953 0.656817878882126
1954 0.711289820944595
1955 0.662060692229084
1956 0.616341582618741
1957 2.02190429644111
1958 1.61225396543298
1959 0.526769449504599
1960 1.18225440973919
1961 0.918069933798374
1962 1.01866086106545
1963 0.354200915270805
1964 0.519127382592082
1965 1.77140445194828
1966 1.00799751188519
1967 0.508908339627671
1968 0.682276625049985
1969 1.34691429333096
1970 0.996756564624339
1971 0.755498289421069
1972 0.750966366019461
1973 1.84635891056116
1974 0.599591238281424
1975 1.29688541342693
1976 0.734038299195806
1977 0.366597058692851
1978 0.66605944817168
1979 2.01523970320345
1980 1.42204647443018
1981 0.638201448438264
1982 1.09219353978762
1983 1.4083174123606
1984 1.34602568089928
1985 1.96187852668059
1986 1.86053227884658
1987 1.83276314035633
1988 0.6697027591416
1989 0.544008530679344
1990 0.547474119162927
1991 0.748389389967566
1992 1.06038121473319
1993 1.51104100946372
1994 0.952014928688852
1995 1.47331941173857
1996 0.522326387346159
1997 1.35837739369974
1998 0.933442928866575
1999 2.1202990902059
2000 0.948616891966555
2001 1.34524291870787
2002 0.553611551070021
2003 0.686655125418984
2004 0.930273674905153
2005 2.00567240045674
2006 1.1571696931747
2007 1.52550738517072
2008 2.20788979336255
2009 1.08806954215625
2010 0.937272091053078
2011 1.05138310803345
2012 0.830012155143836
2013 0.741611109064791
2014 0.812773951158422
