1940 0.767391304347826
1941 2.71086956521739
1942 1.20652173913043
1943 1.16304347826087
1944 1.46521739130435
1945 1
1946 0.567391304347826
1947 0.995652173913043
1948 1.22608695652174
1949 1.70217391304348
1950 0.689130434782609
1951 0.626086956521739
1952 1.91304347826087
1953 0.795652173913043
1954 0.673913043478261
1955 0.667391304347826
1956 0.693478260869565
1957 1.99130434782609
1958 1.53695652173913
1959 0.478260869565217
1960 1.23913043478261
1961 1.00434782608696
1962 0.889130434782609
1963 0.684782608695652
1964 0.752173913043478
1965 1.75
1966 0.956521739130435
1967 0.680434782608696
1968 1.16304347826087
1969 1.30652173913043
1970 0.917391304347826
1971 0.808695652173913
1972 0.734782608695652
1973 1.83695652173913
1974 0.5
1975 1.6195652173913
1976 0.708695652173913
1977 0.226086956521739
1978 1.06739130434783
1979 1.73695652173913
1980 1.87826086956522
1981 0.630434782608696
1982 1.19565217391304
1983 1.65
1984 1.16304347826087
1985 1.59347826086957
1986 1.67173913043478
1987 1.49565217391304
1988 0.873913043478261
1989 0.658695652173913
1990 0.608695652173913
1991 0.932608695652174
1992 1.24130434782609
1993 1.72173913043478
1994 0.880434782608696
1995 1.87217043941411
1996 0.756324900133156
1997 2.03195739014647
1998 0.993342210386152
1999 1.3422103861518
2000 0.857523302263648
2001 1.17177097203728
2002 0.284953395472703
2003 0.812250332889481
2004 1.23568575233023
2005 2.05858854860186
2006 0.918774966711052
2007 1.04660452729694
2008 1.39280958721704
2009 0.982689747003995
2010 1.00665778961385
2011 1.09454061251664
2012 0.660452729693742
2013 0.601864181091878
2014 0.830892143808256
