1940 1.17525773195876
1941 4.32474226804124
1942 0.979381443298969
1943 0.829896907216495
1944 0.644329896907216
1945 0.88659793814433
1946 1.56701030927835
1947 0.510309278350515
1948 1.63917525773196
1949 2.28350515463918
1950 0.27319587628866
1951 0.252577319587629
1952 2.24226804123711
1953 0.319587628865979
1954 0.391752577319588
1955 0.865979381443299
1956 0.262886597938144
1957 0.731958762886598
1958 2.30927835051546
1959 0.422680412371134
1960 1.24742268041237
1961 0.170103092783505
1962 2.44845360824742
1963 0.716494845360825
1964 0.850515463917526
1965 2.32474226804124
1966 2.19072164948454
1967 1.31958762886598
1968 2.20618556701031
1969 1.39175257731959
1970 0.644329896907216
1971 0.458762886597938
1972 0.572164948453608
1973 4.22164948453608
1974 0.221649484536082
1975 1.82989690721649
1976 1
1977 0.448453608247423
1978 1.10824742268041
1979 4.07731958762887
1980 2.53092783505155
1981 0.494845360824742
1982 0.639175257731959
1983 3.82474226804124
1984 1.14948453608247
1985 3.51546391752577
1986 1.24742268041237
1987 3.02577319587629
1988 1.96907216494845
1989 0.458762886597938
1990 0.190721649484536
1991 0.963917525773196
1992 1.62371134020619
1993 2.69587628865979
1994 0.927835051546392
1995 2.19354838709677
1996 0.217741935483871
1997 1.01612903225806
1998 1.13709677419355
1999 1.2741935483871
2000 0.282258064516129
2001 1.69354838709677
2002 0.282258064516129
2003 0.57258064516129
2004 0.983870967741935
2005 1.87903225806452
2006 0.838709677419355
2007 0.903225806451613
2008 2.2741935483871
2009 1.5
2010 2.79032258064516
2011 0.379032258064516
2012 0.661290322580645
2013 1.67741935483871
2014 0.596774193548387
