1940 1.81974248927039
1941 4.11802575107296
1942 0.32618025751073
1943 0.656652360515021
1944 0.512875536480687
1945 1.22532188841202
1946 1.80042918454936
1947 1.48927038626609
1948 0.564377682403433
1949 1.87982832618026
1950 0.225321888412017
1951 0.828326180257511
1952 1.98283261802575
1953 0.343347639484979
1954 0.892703862660944
1955 2.42703862660944
1956 0.334763948497854
1957 1.24463519313305
1958 1.00643776824034
1959 1.08369098712446
1960 0.680257510729614
1961 0.231759656652361
1962 0.534334763948498
1963 0.839055793991416
1964 1.12660944206009
1965 1
1966 0.918454935622318
1967 1.57081545064378
1968 1.36909871244635
1969 1.03648068669528
1970 0.457081545064378
1971 2.10729613733906
1972 1.08369098712446
1973 3.08583690987124
1974 0.650214592274678
1975 0.489270386266094
1976 0.472103004291845
1977 0.446351931330472
1978 2.12231759656652
1979 1.5343347639485
1980 2.12017167381974
1981 0.495708154506438
1982 0.939914163090129
1983 2.12231759656652
1984 3.20386266094421
1985 2.32832618025751
1986 0.626609442060086
1987 1.13733905579399
1988 0.566523605150215
1989 0.315450643776824
1990 0.521459227467811
1991 0.487124463519313
1992 2.09656652360515
1993 6.7741935483871
1994 0.728110599078341
1995 1.11520737327189
1996 0.811059907834101
1997 1.036866359447
1998 0.921658986175115
1999 1.25806451612903
2000 0.377880184331797
2001 1.1889400921659
2002 3.09677419354839
2003 0.534562211981567
2004 0.654377880184332
2005 1.91244239631336
2006 2.05990783410138
2007 3.02764976958525
2008 1.62672811059908
2009 0.336405529953917
2010 3.65437788018433
2011 0.571428571428571
2012 0.788018433179723
2013 0.963133640552995
2014 0.557603686635945
