1940 NA
1941 NA
1942 NA
1943 NA
1944 NA
1945 NA
1946 NA
1947 NA
1948 NA
1949 NA
1950 NA
1951 NA
1952 NA
1953 NA
1954 NA
1955 NA
1956 NA
1957 NA
1958 NA
1959 NA
1960 NA
1961 NA
1962 NA
1963 0.460668198691886
1964 0.980378292381121
1965 1.48842142478345
1966 1.16280714159448
1967 0.947852218490366
1968 1.28371928584055
1969 0.826586529962878
1970 0.436627187555241
1971 1.07583524836486
1972 1.72105356195864
1973 3.16174650875022
1974 0.296623652112427
1975 0.530316422131872
1976 0.626480466678451
1977 0.43627364327382
1978 1.85257203464734
1979 1.9434329149726
1980 1.97030228036062
1981 0.394555418066113
1982 1.35195333215485
1983 2.0498497436804
1984 1.13487714336221
1985 1.4774615520594
1986 0.645218313593778
1987 1.01962170761888
1988 0.799010076012021
1989 0.209298214601379
1990 0.245006187024925
1991 0.753049319427258
1992 1.30104295563019
1993 8.39933444259568
1994 0.891014975041597
1995 2.41680532445924
1996 0.233777038269551
1997 0.964226289517471
1998 1.89517470881864
1999 1.28202995008319
2000 0.480033277870216
2001 0.78369384359401
2002 1.03577371048253
2003 0.732113144758735
2004 0.800332778702163
2005 3.76788685524127
2006 1.40515806988353
2007 1.49417637271215
2008 2.51331114808652
2009 0.73044925124792
2010 2.98585690515807
2011 0.59234608985025
2012 0.720465890183028
2013 1.84941763727121
2014 0.459234608985025
