1940 NA
1941 NA
1942 NA
1943 NA
1944 NA
1945 NA
1946 NA
1947 NA
1948 NA
1949 NA
1950 NA
1951 NA
1952 NA
1953 NA
1954 NA
1955 NA
1956 NA
1957 0.631765749778172
1958 1.51552795031056
1959 0.960070984915705
1960 1.10736468500444
1961 0.62111801242236
1962 1.05590062111801
1963 1.07364685004437
1964 0.649511978704525
1965 2.23957409050577
1966 1.3114463176575
1967 1.03992901508429
1968 2.10825199645075
1969 0.688553682342502
1970 0.653061224489796
1971 0.910381543921917
1972 1.26885536823425
1973 1.85803016858917
1974 0.669032830523514
1975 0.78793256433008
1976 0.805678793256433
1977 0.441717791411043
1978 1.76575571667596
1979 2.27663134411601
1980 1.8393753485778
1981 0.484104852203012
1982 0.656999442275516
1983 3.75348577802566
1984 1.17791411042945
1985 1.31176798661461
1986 0.721695482431679
1987 0.68042387060792
1988 0.707194645844953
1989 0.390407138873397
1990 0.417177914110429
1991 1.55047406581149
1992 1.48800892359175
1993 7.54935861684328
1994 0.822085889570552
1995 3.69710982658959
1996 1.03583815028902
1997 1.25780346820809
1998 1.65549132947977
1999 0.959537572254335
2000 1.47514450867052
2001 0.75606936416185
2002 0.635838150289017
2003 0.941040462427746
2004 0.63121387283237
2005 2.12947976878613
2006 1.20693641618497
2007 0.971098265895954
2008 2.4393063583815
2009 0.499421965317919
2010 2.75375722543353
2011 0.746820809248555
2012 0.758381502890173
2013 1.02890173410405
2014 0.954913294797688
