1940 1
1941 0.811475409836066
1942 1.0327868852459
1943 1.23770491803279
1944 0.426229508196721
1945 0.565573770491803
1946 2.23770491803279
1947 0.516393442622951
1948 1.12295081967213
1949 1.90983606557377
1950 2.54098360655738
1951 0.540983606557377
1952 0.721311475409836
1953 0.598360655737705
1954 4.0655737704918
1955 7.64754098360656
1956 0.491803278688525
1957 0.283054003724395
1958 1.32960893854749
1959 0.949720670391061
1960 1.38175046554935
1961 0.700186219739292
1962 0.506517690875233
1963 0.97951582867784
1964 1.77653631284916
1965 1.43389199255121
1966 3.18435754189944
1967 2.13035381750466
1968 0.934823091247672
1969 0.819366852886406
1970 0.64804469273743
1971 1.25884543761639
1972 0.182495344506518
1973 1.18063314711359
1974 0.97951582867784
1975 1.243947858473
1976 0.916201117318436
1977 3.78026070763501
1978 3.75418994413408
1979 2.95344506517691
1980 0.115456238361266
1981 0.599627560521415
1982 0.506517690875233
1983 5.42644320297952
1984 4.8342644320298
1985 3.89571694599628
1986 0.994413407821229
1987 0.37243947858473
1988 0.696461824953445
1989 0.312849162011173
1990 1.00558659217877
1991 1.32216014897579
1992 1.43016759776536
1993 2.5512104283054
1994 0.748603351955307
1995 5.66666666666667
1996 0.476190476190476
1997 0.452380952380952
1998 3.19047619047619
1999 3.35714285714286
2000 13.2857142857143
2001 2.28571428571429
2002 0.166666666666667
2003 0.333333333333333
2004 0.0952380952380952
2005 1.14285714285714
2006 2.76190476190476
2007 1.83333333333333
2008 0.785714285714286
2009 0.0714285714285714
2010 5.23809523809524
2011 0.452380952380952
2012 0.857142857142857
2013 0.285714285714286
2014 5.52380952380952
