1940 1.14666666666667
1941 4.13458333333333
1942 1.12888888888889
1943 1.19361111111111
1944 0.770972222222222
1945 1.11541666666667
1946 0.778611111111111
1947 0.651527777777778
1948 1
1949 1.62361111111111
1950 0.42
1951 0.574583333333333
1952 2.6175
1953 0.526666666666667
1954 0.802638888888889
1955 0.50625
1956 0.447083333333333
1957 0.874027777777778
1958 1.70944444444444
1959 1.01888888888889
1960 1.41777777777778
1961 0.444722222222222
1962 1.63388888888889
1963 0.900972222222222
1964 0.612638888888889
1965 2.57138888888889
1966 1.58888888888889
1967 0.737083333333333
1968 1.98472222222222
1969 1.21972222222222
1970 0.666944444444444
1971 0.999166666666667
1972 1.38597222222222
1973 3.38361111111111
1974 0.541805555555556
1975 1.30388888888889
1976 0.779166666666667
1977 0.281608699404505
1978 2.22490722361267
1979 2.07991714852852
1980 1.97057046690256
1981 0.437386726503841
1982 0.996979373435747
1983 2.29377750927764
1984 1.00302062656425
1985 1.64028652800552
1986 0.906274272892034
1987 0.951669974971951
1988 0.897816518512126
1989 0.346681625960128
1990 0.392077328040045
1991 1.46664365236903
1992 1.36428756364892
1993 3.16915508759817
1994 0.664883058600155
1995 2.66468893032717
1996 0.508560773012375
1997 1.09238854043058
1998 1.88455670452619
1999 0.691134090523818
2000 0.638752330903543
2001 0.998813358196304
2002 0.42820817087642
2003 1.26411256145109
2004 0.799966095948466
2005 2.68452280047466
2006 0.901339210035599
2007 1.0011866418037
2008 2.65909476182404
2009 1.00542464824547
2010 2.44990676385828
2011 0.466180708594677
2012 0.51601966434989
2013 1.01034073571792
2014 0.557552127479234
