1940 NA
1941 NA
1942 NA
1943 NA
1944 NA
1945 NA
1946 NA
1947 NA
1948 NA
1949 NA
1950 NA
1951 NA
1952 NA
1953 NA
1954 NA
1955 NA
1956 NA
1957 NA
1958 NA
1959 NA
1960 NA
1961 NA
1962 NA
1963 NA
1964 NA
1965 NA
1966 NA
1967 NA
1968 NA
1969 NA
1970 NA
1971 NA
1972 NA
1973 NA
1974 NA
1975 NA
1976 0.714993530469909
1977 0.788777732193013
1978 0.779941300848929
1979 1.36447123426011
1980 4.01091930444662
1981 1.21122226780699
1982 0.165204774780716
1983 0.970586295587944
1984 1.06009364901405
1985 1.0620853393128
1986 1.02941370441206
1987 0.545789091868364
1988 2.0168085106383
1989 0.888510638297872
1990 1
1991 0.89031914893617
1992 0.613936170212766
1993 0.173085106382979
1994 1.12148936170213
1995 0.704787234042553
1996 1.37755319148936
1997 3.2781914893617
1998 4.39297872340425
1999 3.06404255319149
2000 1.98340425531915
2001 1.26606382978723
2002 1.12382978723404
2003 1.14542553191489
2004 0.990425531914894
2005 0.563404255319149
2006 1.04095744680851
2007 0.97468085106383
2008 1.12404255319149
2009 1.08170212765957
2010 0.993723404255319
2011 0.981382978723404
2012 0.899148936170213
2013 0.787872340425532
2014 0.846382978723404
