1940 0.735576923076923
1941 1.85096153846154
1942 1.68612637362637
1943 0.973901098901099
1944 1.22733516483516
1945 1.03571428571429
1946 0.754807692307692
1947 1
1948 0.857142857142857
1949 2.17123287671233
1950 1.19063926940639
1951 0.882420091324201
1952 2.49885844748858
1953 1
1954 1.03196347031963
1955 0.776255707762557
1956 0.660958904109589
1957 1.14269406392694
1958 2.35045662100457
1959 0.800228310502283
1960 0.670091324200913
1961 0.802511415525114
1962 1.38127853881279
1963 0.625570776255708
1964 0.62580054894785
1965 1.15736505032022
1966 1
1967 1.40622140896615
1968 1.41537053979872
1969 2.39798719121683
1970 0.923147301006404
1971 0.912168344007319
1972 0.810612991765782
1973 2.30100640439158
1974 0.834400731930467
1975 0.907593778591034
1976 0.771271729185727
1977 0.511436413540714
1978 0.889295516925892
1979 2.07593778591034
1980 2.68252516010979
1981 1.14638609332113
1982 1.42817932296432
1983 3.45654162854529
1984 1.96340347666972
1985 1.75937785910339
1986 1.33943275388838
1987 1.28270814272644
1988 1.36779505946935
1989 0.684354986276304
1990 0.580054894784996
1991 0.558096980786825
1992 0.752058554437328
1993 2.38060384263495
1994 0.975297346752059
1995 2.62763037511436
1996 0.887465690759378
1997 1.25251601097896
1998 2.10338517840805
1999 1.14913083257091
2000 0.941445562671546
2001 1.03019213174748
2002 0.58188472095151
2003 0.526989935956084
2004 0.730100640439158
2005 4.14272644098811
2006 1.49405306495883
2007 0.77035681610247
2008 0.858188472095151
2009 0.948764867337603
2010 1.50411710887466
2011 3.76578225068618
2012 0.954254345837146
2013 0.936870997255261
2014 0.768526989935956
