1940 1.10204081632653
1941 5.73109243697479
1942 0.967587034813926
1943 5.12845138055222
1944 3.046818727491
1945 2.26650660264106
1946 2.0360144057623
1947 1.06122448979592
1948 0.989195678271308
1949 0.876350540216086
1950 0.828331332533013
1951 0.828331332533013
1952 2.63385354141657
1953 0.859543817527011
1954 1.2484993997599
1955 0.857142857142857
1956 0.835534213685474
1957 0.811524609843938
1958 3.90876350540216
1959 0.823529411764706
1960 0.729891956782713
1961 0.782713085234094
1962 0.984393757503001
1963 0.720288115246098
1964 0.602641056422569
1965 1.937575030012
1966 1.57262905162065
1967 2.15846338535414
1968 0.68187274909964
1969 11.9903961584634
1970 0.828331332533013
1971 1.07082833133253
1972 0.605042016806723
1973 1.38775510204082
1974 0.662665066026411
1975 0.614645858343337
1976 1.01080432172869
1977 0.979591836734694
1978 8.41776710684274
1979 2.9171668667467
1980 9.29171668667467
1981 0.842737094837935
1982 1.47899159663866
1983 7.61104441776711
1984 2.28901734104046
1985 1.86127167630058
1986 1.4971098265896
1987 1.46242774566474
1988 1.40462427745665
1989 0.959537572254335
1990 0.763005780346821
1991 1
1992 2.43352601156069
1993 28.1445086705202
1994 0.867052023121387
1995 10.9075144508671
1996 1.01734104046243
1997 0.809248554913295
1998 8.17919075144509
1999 0.774566473988439
2000 0.578034682080925
2001 0.433526011560694
2002 0.38728323699422
2003 0.647398843930636
2004 1.1849710982659
2005 17.7514450867052
2006 2.52023121387283
2007 0.404624277456647
2008 0.832369942196532
2009 0.300578034682081
2010 9.83236994219653
2011 4.09826589595376
2012 0.809248554913295
2013 0.641618497109827
2014 0.566473988439306
