1940 NA
1941 NA
1942 NA
1943 NA
1944 NA
1945 NA
1946 NA
1947 NA
1948 NA
1949 NA
1950 NA
1951 NA
1952 NA
1953 NA
1954 NA
1955 NA
1956 NA
1957 NA
1958 NA
1959 NA
1960 NA
1961 NA
1962 NA
1963 NA
1964 NA
1965 NA
1966 NA
1967 NA
1968 0.381702929587117
1969 1.79372965564502
1970 0.992975843755354
1971 2.19701901661813
1972 1.00702415624465
1973 1.31129004625664
1974 0.888127462737708
1975 2.39369539146822
1976 0.646565016275484
1977 0.239163954086003
1978 0.830906287476443
1979 1.24824396093884
1980 1.83381874250471
1981 0.185026554737022
1982 1.82970704128833
1983 5.13654274456056
1984 8.24190508823026
1985 1.40311804008909
1986 2.20695562789104
1987 0.433441836559877
1988 0.345382902175775
1989 0.923762206612986
1990 0.304265890011993
1991 0.232653760493404
1992 0.136714065444578
1993 1.20232996402261
1994 0.1980252331322
1995 0.8674346315597
1996 1
1997 1.42055220332785
1998 1.62717132931066
1999 3.53365596128465
2000 1.60756709194897
2001 0.524417069951606
2002 0.845578530576331
2003 0.731192256929168
2004 1.14034315882094
2005 7.2072151341839
2006 9.77826660800704
2007 0.901891772987241
2008 0.727672679278487
2009 1.09810822701276
2010 1.14386273647162
2011 4.29652441706995
2012 0.56841179058513
2013 0.119665640123185
2014 0.0783106027276727
