1940 0.537037037037037
1941 3.27777777777778
1942 1.01851851851852
1943 0.981481481481482
1944 1.25925925925926
1945 0.851851851851852
1946 Inf
1947 NA
1948 NA
1949 NA
1950 NA
1951 NA
1952 Inf
1953 NA
1954 NA
1955 NA
1956 NA
1957 NA
1958 NA
1959 NA
1960 NA
1961 NA
1962 NA
1963 NA
1964 NA
1965 NA
1966 NA
1967 NA
1968 NA
1969 NA
1970 NA
1971 NA
1972 NA
1973 NA
1974 NA
1975 NA
1976 NA
1977 0
1978 0.615384615384615
1979 0.523076923076923
1980 9.6
1981 2.12307692307692
1982 2.15384615384615
1983 15.7846153846154
1984 2.76923076923077
1985 1.69230769230769
1986 0.953846153846154
1987 0.276923076923077
1988 0.338461538461538
1989 0
1990 0
1991 0.892307692307692
1992 0.123076923076923
1993 12.1230769230769
1994 1.66153846153846
1995 5.26153846153846
1996 1.04615384615385
1997 0.430769230769231
1998 2.64615384615385
1999 Inf
2000 Inf
2001 NA
2002 NA
2003 NA
2004 NA
2005 Inf
2006 NA
2007 NA
2008 NA
2009 NA
2010 Inf
2011 Inf
2012 NA
2013 NA
2014 NA
