1940 1.16828983248929
1941 1.30619400077912
1942 1.42150370081808
1943 1.2695753798208
1944 0.738994935722634
1945 1.30541488118426
1946 1
1947 0.677054927931438
1948 0.856252434748734
1949 0.739384495520062
1950 1.58395013634593
1951 0.827035449941566
1952 1.5485001947799
1953 0.923256719906506
1954 0.909622126996494
1955 0.90377873003506
1956 1.37826256330347
1957 0.929489676665368
1958 1.42734709777951
1959 2.14618369987063
1960 1.04527813712807
1961 0.223803363518758
1962 0.78137128072445
1963 1.64812419146184
1964 0.623544631306598
1965 1.00776196636481
1966 0.0763260025873221
1967 2.02587322121604
1968 0.705045278137128
1969 2.60543337645537
1970 1.67270375161708
1971 0.192755498059508
1972 0.0633893919793014
1973 0.746442432082794
1974 1.46313065976714
1975 1.07632600258732
1976 0.103492884864166
1977 0.0569210866752911
1978 1.71280724450194
1979 0.808538163001294
1980 3.06597671410091
1981 0.992238033635187
1982 5.21733505821475
1983 5.3777490297542
1984 1.1862871927555
1985 0.494178525226391
1986 3.56662354463131
1987 0.395860284605433
1988 0.710219922380336
1989 0.269081500646831
1990 0.148771021992238
1991 0.125485122897801
1992 0.128072445019405
1993 1.34928848641656
1994 0.84346701164295
1995 4.00388098318241
1996 3.19922380336352
1997 3.71798188874515
1998 3.43078913324709
1999 1.64553686934023
2000 2.28460543337646
2001 0.201811125485123
2002 0.601552393272962
2003 0.921086675291074
2004 0.685640362225097
2005 4.64683053040103
2006 3.70763260025873
2007 0.254851228978008
2008 0.307891332470893
2009 1.85899094437257
2010 3.31953428201811
2011 5.1875808538163
2012 1.70892626131953
2013 0.92496765847348
2014 0.381630012936611
