1940 0.889464250149373
1941 0.923322047400916
1942 1.57498506273651
1943 1.9008165704043
1944 0.591913961362278
1945 1.27743477394941
1946 0.829715196176061
1947 0.337382991435969
1948 0.961163114917347
1949 1.14080860386377
1950 0.786297550288787
1951 0.956383190599482
1952 2.89304919338777
1953 1.63473411670982
1954 0.759609639514041
1955 0.825333598884684
1956 2.25931089424417
1957 1.66460864369647
1958 1.83827922724557
1959 0.34973112925712
1960 0.59151563433579
1961 0.252539334793866
1962 1.132842063334
1963 1.58255327623979
1964 1.34554869547899
1965 1.97291376219877
1966 0.483967337183828
1967 1.25712009559849
1968 0.703047201752639
1969 1.98486357299343
1970 1.91953794064927
1971 3.08862776339375
1972 1.85261900019916
1973 0.931288587930691
1974 1.50169288986258
1975 1.61362278430591
1976 0.498705437163912
1977 0.304321848237403
1978 0.789882493527186
1979 0.765186217884884
1980 1.61322445727943
1981 0.757618004381597
1982 1.86217884883489
1983 2.39832702648875
1984 2.05855407289385
1985 0.752041426010755
1986 2.39673371838279
1987 0.39115714001195
1988 0.421031666998606
1989 1.03883688508265
1990 0.303126867157937
1991 0.773152758414658
1992 0.119498107946624
1993 1.73869747062338
1994 0.188066992323796
1995 1.19609211444522
1996 1
1997 0.708827634333566
1998 1.27041172365666
1999 3.61789297658863
2000 1.21822742474916
2001 0.438963210702341
2002 0.781772575250836
2003 1.46153846153846
2004 1.65384615384615
2005 2.80351170568562
2006 3.92391304347826
2007 0.565217391304348
2008 1.33528428093645
2009 0.778428093645485
2010 0.755016722408027
2011 3.69732441471572
2012 0.653846153846154
2013 0.586120401337793
2014 0.258361204013378
