1940 1.09666091863929
1941 1.12958143909704
1942 1.23931650728954
1943 1.26374039818153
1944 0.870575325286095
1945 0.967518419815018
1946 0.942404765637247
1947 0.793635366044834
1948 0.988462141401473
1949 0.882646182787271
1950 0.94641793384543
1951 1.01153785859853
1952 1.53346919579871
1953 1.20934315723468
1954 1.07317761404609
1955 0.58322621100486
1956 2.69275491949911
1957 0.884838998211091
1958 1.54516994633274
1959 0.311270125223614
1960 0.441189624329159
1961 0.287343470483005
1962 0.802772808586762
1963 1.42464221824687
1964 1.10398032200358
1965 2.90518783542039
1966 0.344141323792487
1967 1
1968 0.815742397137746
1969 1.87388193202147
1970 2.62432915921288
1971 2.25290697674419
1972 0.969364937388193
1973 0.561270125223614
1974 2.4121198568873
1975 1.070885509839
1976 0.295169946332737
1977 0.279293381037567
1978 0.490384615384615
1979 0.32804114490161
1980 1.5608228980322
1981 0.924418604651163
1982 2.13327370304114
1983 2.88327370304114
1984 1.01498211091234
1985 0.318425760286225
1986 3.19968694096601
1987 0.442754919499106
1988 0.448568872987478
1989 1.03018783542039
1990 0.459078711985689
1991 0.43783542039356
1992 0.491726296958855
1993 1.77839892665474
1994 0.430232558139535
1995 3.76945438282648
1996 1.92777280858676
1997 1.99485688729875
1998 3.47048300536673
1999 1.99060822898032
2000 1.58363148479428
2001 0.568872987477639
2002 0.564847942754919
2003 0.772361359570662
2004 0.858228980322003
2005 2.35621645796064
2006 5.22808586762075
2007 0.525715563506261
2008 0.686940966010733
2009 0.619856887298748
2010 0.595035778175313
2011 1.90720035778175
2012 1.12410554561717
2013 1.31574239713775
2014 1.14847942754919
