1940 1.41508951866847
1941 1.65105173189384
1942 1.20981736392263
1943 0.923076923076923
1944 0.420707152496626
1945 0.738152046783626
1946 0.795465587044534
1947 0.544028789923527
1948 0.855003148897886
1949 0.643195681511471
1950 0.77906252811516
1951 0.967665317139001
1952 1.23004228520018
1953 1.0462905982906
1954 1.13171030139451
1955 0.830193432298695
1956 1.25452811515969
1957 0.895848852901485
1958 1.71847773279352
1959 0.808471434997751
1960 0.739908232118758
1961 0.855204678362573
1962 0.842242015294647
1963 1.10818173639226
1964 0.905004048582996
1965 1.1107224471435
1966 1.0754979757085
1967 1.21834637876743
1968 1.05471165092218
1969 1.48432208726946
1970 1.62596851102114
1971 1.17534862798021
1972 0.934326585695007
1973 1.54751596941071
1974 1.70162843004948
1975 1.22019613135403
1976 0.784834907782276
1977 0.628591992802519
1978 1.09552136752137
1979 0.784489428699955
1980 1.17191542959964
1981 1.09435537561853
1982 1.52988933873144
1983 2.41233648223122
1984 1.032334682861
1985 0.704244714349977
1986 1.27935942420153
1987 0.777695006747638
1988 0.801777777777778
1989 0.766754835807467
1990 0.63183085919928
1991 0.559042735042735
1992 0.579929824561404
1993 1.07528205128205
1994 0.558354293490808
1995 1.49839001688963
1996 1.16087072746935
1997 1.04046221703787
1998 1.71278508851869
1999 0.962046926451111
2000 1.07616131423225
2001 0.733070875709304
2002 0.787233137705197
2003 0.977241521768187
2004 1.02275847823181
2005 0.863491658464866
2006 2.16706961693678
2007 1
2008 0.934786405714233
2009 0.900809884079021
2010 1.15909947509216
2011 1.44537189398884
2012 1.08073101001094
2013 0.948180288837205
2014 0.829400354841378
