1940 1.2804010431172
1941 1.35848292275363
1942 1.35012785781199
1943 1.1220852216624
1944 0.701091222118136
1945 0.875939944805935
1946 0.779654150948173
1947 0.552371066156923
1948 0.773020735752082
1949 0.568068460895764
1950 1.0614983416462
1951 0.993746360483075
1952 1.58974099298681
1953 1.14261842671595
1954 1.00625363951693
1955 0.71932045471808
1956 1.35397625136086
1957 0.836519229308555
1958 6.99721995094031
1959 0.30744071954211
1960 0.506295993458708
1961 0.131643499591169
1962 1.27587898609975
1963 2.26083401471791
1964 1.292068683565
1965 1.25102207686018
1966 0.505478331970564
1967 1.68143908421913
1968 0.556009811937858
1969 2.71169255928046
1970 2.32003270645953
1971 1.16631234668847
1972 0.399182338511856
1973 1
1974 3.4096484055601
1975 1.46197874080131
1976 0.109076042518397
1977 0.0941946034341783
1978 1.135241210139
1979 0.189860997547016
1980 1.52837285363859
1981 1.41226492232216
1982 3.12117743254293
1983 6.18822567457073
1984 0.549959116925593
1985 0.338511856091578
1986 3.42256745707277
1987 0.258544562551104
1988 0.188062142273099
1989 0.827636958299264
1990 0.117743254292723
1991 0.22812755519215
1992 0.152248569092396
1993 1.72902698282911
1994 0.12477514309076
1995 6.71087489779231
1996 3.178413736713
1997 3.29468520032707
1998 4.38135731807032
1999 2.25118560915781
2000 0.787080948487326
2001 0.280294358135732
2002 0.69926410466067
2003 0.643990188062142
2004 0.720032706459526
2005 1.49501226492232
2006 4.08601798855274
2007 0.335241210139002
2008 0.261161079313164
2009 0.865249386753884
2010 1.51496320523303
2011 3.05985282093213
2012 1.79525756336877
2013 0.248078495502862
2014 0.282093213409648
