1940 0.997395833333333
1941 1.10729166666667
1942 1.028125
1943 1.02083333333333
1944 0.911979166666667
1945 1.00677083333333
1946 1.14635416666667
1947 0.900520833333333
1948 0.983854166666667
1949 0.672916666666667
1950 0.840625
1951 1.2140625
1952 0.282291666666667
1953 1.04114583333333
1954 0.9765625
1955 0.8859375
1956 1.06666666666667
1957 1.05729166666667
1958 1.01875
1959 0.836979166666667
1960 1
1961 0.7046875
1962 1.03385416666667
1963 1.025
1964 0.627604166666667
1965 0.628784736623808
1966 0.859809207797594
1967 1.00290335960183
1968 0.907507258399005
1969 1
1970 1.1625881377022
1971 1.11032766486935
1972 0.986727498963086
1973 1.08917461634177
1974 1.14682704272086
1975 1.01949398589797
1976 0.727498963085856
1977 0.300705101617586
1978 0.940273745333886
1979 0.837826627955205
1980 1.13728743260058
1981 0.759435918705931
1982 1.12360016590626
1983 1.07673164661966
1984 1.39176755447942
1985 0.880387409200968
1986 1.03874092009685
1987 0.726876513317191
1988 0.590314769975787
1989 1.10556900726392
1990 0.667312348668281
1991 0.782566585956416
1992 0.732203389830508
1993 1.14818401937046
1994 0.735593220338983
1995 1.08861985472155
1996 1.14479418886199
1997 1.34382566585956
1998 1.31041162227603
1999 1.20968523002421
2000 1.15883777239709
2001 0.639225181598063
2002 0.894915254237288
2003 1.2
2004 1.0043583535109
2005 1.13753026634383
2006 1.22179176755448
2007 0.692009685230024
2008 0.78498789346247
2009 0.903147699757869
2010 0.905569007263923
2011 1.07021791767554
2012 1
2013 0.841162227602905
2014 0.509927360774818
