1940 NA
1941 NA
1942 NA
1943 NA
1944 NA
1945 NA
1946 NA
1947 NA
1948 NA
1949 NA
1950 NA
1951 NA
1952 NA
1953 NA
1954 NA
1955 NA
1956 NA
1957 NA
1958 NA
1959 NA
1960 NA
1961 NA
1962 NA
1963 NA
1964 NA
1965 NA
1966 NA
1967 NA
1968 NA
1969 NA
1970 NA
1971 NA
1972 NA
1973 NA
1974 NA
1975 NA
1976 NA
1977 NA
1978 NA
1979 NA
1980 NA
1981 NA
1982 NA
1983 NA
1984 1.40148779745073
1985 0.38121546961326
1986 2.02775481794058
1987 0.327793970505068
1988 0.374385522251707
1989 1.04972375690608
1990 0.408056727715665
1991 0.536520642102058
1992 0.333231826684648
1993 1.52925566624614
1994 0.327315439161265
1995 2.55835907251925
1996 2.13316222212555
1997 1.9762474442076
1998 2.23108713620742
1999 1.42532735894201
2000 1.0341932396572
2001 0.398268586592422
2002 0.759646756862575
2003 1.06442772001566
2004 0.767738286857789
2005 1.37934484708748
2006 2.47026580241006
2007 0.544699177796146
2008 0.459781615695828
2009 0.727672162526646
2010 1.07630399791186
2011 1.99638926349676
2012 1
2013 0.526601992430504
2014 0.389785530952277
