1940 1.22424132291477
1941 1.01590041795384
1942 1.39914592040705
1943 1.30437942940214
1944 0.551699073232782
1945 1.13265491550064
1946 0.975286207523169
1947 0.45984008722515
1948 0.837815736870798
1949 0.64065055424314
1950 1.91277485008177
1951 1.23350899509359
1952 1.80038161003089
1953 1
1954 0.65818644375795
1955 0.869616572778485
1956 1.49473014719244
1957 0.809104125022715
1958 1.41586407414138
1959 0.370706887152462
1960 0.491913501726331
1961 0.310467017990187
1962 0.762947483190987
1963 1.16109394875522
1964 1.08895148101036
1965 2.07550427039796
1966 0.887879338542613
1967 41.7142857142857
1968 2.75379939209726
1969 4.11347517730496
1970 4.96656534954407
1971 10.1600810536981
1972 0.800405268490375
1973 1.31914893617021
1974 1.47922998986829
1975 1.01317122593718
1976 0.508611955420466
1977 0.25531914893617
1978 0.917933130699088
1979 0.832826747720365
1980 4.79432624113475
1981 1.28672745694022
1982 8.96251266464032
1983 15.9067882472138
1984 1.07598784194529
1985 0.915906788247214
1986 8.48834853090172
1987 0.652482269503546
1988 0.541033434650456
1989 0.727456940222898
1990 0.786220871327254
1991 0.559270516717325
1992 0.539007092198582
1993 0.885511651469098
1994 0.662613981762918
1995 14.8085106382979
1996 6.55724417426545
1997 11.7892603850051
1998 5.60081053698075
1999 4.40729483282675
2000 0.986828774062817
2001 0.699088145896657
2002 0.984802431610942
2003 1.80344478216819
2004 0.911854103343465
2005 8.11347517730496
2006 10.8004052684904
2007 0.747720364741641
2008 0.634245187436677
2009 0.930091185410334
2010 2.3161094224924
2011 6.72543059777102
2012 0.926038500506586
2013 0.932117527862209
2014 0.814589665653495
