1940 1.58703327270782
1941 1.85317927320709
1942 1.21664705253022
1943 0.724902820869441
1944 0.549909061731037
1945 1.05442031311294
1946 0.429763560500695
1947 0.364501979244677
1948 0.60176170607325
1949 0.614172105131771
1950 1
1951 1.06815020862309
1952 1.3346171677187
1953 0.832031667914839
1954 0.994329731464641
1955 0.93402517741878
1956 1.22577654149281
1957 0.80549909061731
1958 1.91152241360864
1959 0.577475838950109
1960 0.780392995970187
1961 0.686280803109732
1962 1.00370885489105
1963 1.12403266645269
1964 0.822902178952248
1965 0.949859134838273
1966 1.04753753432474
1967 1.06451267786456
1968 0.884561891515994
1969 1.68488998252559
1970 1.80136229093114
1971 0.610249277843158
1972 0.481223922114047
1973 1.79544238793196
1974 1.27260083449235
1975 1.02057701223209
1976 0.131129417638458
1977 0.188367033985949
1978 1.36104275881745
1979 0.829784957740451
1980 1.1441460718234
1981 1.10509610926857
1982 1.71662922149709
1983 3.80936775824536
1984 0.784532197280026
1985 0.463706373914468
1986 1.96844643149739
1987 0.703073429929075
1988 0.519697572622364
1989 0.599190093864844
1990 0.374569883663772
1991 0.588843894103602
1992 0.775730905175441
1993 1.56316565623464
1994 0.433416820767304
1995 2.78598347416961
1996 1.84602420355329
1997 1.29070012406077
1998 2.51754406497975
1999 1.15404601952201
2000 0.994873715502914
2001 0.896608225462887
2002 1.14018866599565
2003 1.23583249455771
2004 1.24322932515625
2005 1.39622199854872
2006 2.16937805762974
2007 0.477797804358512
2008 0.753868121064582
2009 0.464549050818099
2010 1.41274782893659
2011 1.16233234240772
2012 1.00512628449709
2013 0.241895086725498
2014 0.614030570445448
