1940 1.10418834547346
1941 0.856269510926119
1942 1.09931061394381
1943 2.00825962539022
1944 0.980749219562955
1945 0.893665452653486
1946 1.35041623309053
1947 0.708506763787721
1948 0.970213319458897
1949 1.01925078043704
1950 0.776367702862312
1951 1.11708089362451
1952 1.67697836302867
1953 1.63209609730355
1954 1.48352725353705
1955 0.75515794235167
1956 2.31327117834795
1957 1.47799864297741
1958 1.98954590003267
1959 0.867640037192471
1960 0.675696730580755
1961 0.78531399994974
1962 0.827934561355012
1963 0.996506923328224
1964 0.839795944010253
1965 1.78146910260599
1966 0.679516497876511
1967 0.971979996481793
1968 0.548086346844923
1969 1.05616565727641
1970 1.15573090744603
1971 1.51393461161511
1972 1.39461714371874
1973 0.779433568718116
1974 1.39979393360641
1975 1.28706053828563
1976 0.826074937803131
1977 0.535521322845727
1978 1.00349307667178
1979 0.597642801497751
1980 0.769733370190737
1981 0.561857613148041
1982 1.56851707586762
1983 1.84338954087402
1984 1.67692810293268
1985 0.899404417862438
1986 1.96358228153389
1987 1.0396334110459
1988 0.872578181525846
1989 1.55848540879492
1990 0.935203794517244
1991 0.448347937937133
1992 0.342390867433073
1993 1.50960688158212
1994 0.464185223892596
1995 1.16625130637511
1996 2.18265133853204
1997 1.96092933515556
1998 2.4656322855535
1999 2.2091808023153
2000 1.43934399871372
2001 0.936409679234665
2002 0.821931023394164
2003 0.983841144786558
2004 0.720395530187314
2005 0.92274298577056
2006 2.17999839215371
2007 1.03255888737037
2008 1.05756089717823
2009 0.873462496985288
2010 0.803038829487901
2011 1.35903207653348
2012 1
2013 0.698448428330252
2014 0.706005305892757
