1940 0.914614646626159
1941 0.801566997121842
1942 1.09393987847777
1943 1.08538535337384
1944 0.539949343771586
1945 1.0519801980198
1946 1.2112019341469
1947 1.02538567810269
1948 1.03465346534653
1949 1
1950 1.3271356205388
1951 0.949055952106839
1952 0.527285286668202
1953 1.0851370020723
1954 0.937946120193415
1955 1.24545245222197
1956 1.10988947731982
1957 0.680980888786553
1958 0.977780336173152
1959 1.30952106838591
1960 0.908128022104536
1961 1.03079668431959
1962 0.895118581625604
1963 0.773601197329035
1964 1.1947386599125
1965 0.88130324660373
1966 0.8297259958554
1967 0.956884641952567
1968 1.0110522680175
1969 0.849009900990099
1970 0.814413999539489
1971 1.18869445084043
1972 1.42349758231637
1973 0.677642182822933
1974 1.26726916877734
1975 1.62721449986372
1976 1.06336876533115
1977 1.0714091032979
1978 0.762741891523576
1979 0.894930498773508
1980 1.01185609157809
1981 0.953188879803761
1982 1.21259198691742
1983 0.981875170346143
1984 1.17818206595803
1985 0.856159716544017
1986 0.967225402016898
1987 0.683360588716271
1988 1.05328427364404
1989 1.03304715181248
1990 1.5816298718997
1991 1.18015808122104
1992 0.728331970564186
1993 0.857658762605615
1994 0.892681929681112
1995 1.21599890978468
1996 1.30212591986917
1997 1.5102207686018
1998 0.984805124011992
1999 1.3265194875988
2000 0.83687653311529
2001 0.906037067320796
2002 0.988143908421913
2003 1.0174434450804
2004 0.96763423276097
2005 0.648689180182182
2006 1.08387025105532
2007 0.87686069762275
2008 0.998722506109753
2009 1.00127749389025
2010 0.873750277716063
2011 1.22295045545434
2012 1.09792268384803
2013 0.938069317929349
2014 1.12563874694512
