1940 0.991384468110566
1941 0.970683259542898
1942 0.813210482230466
1943 0.980734713413905
1944 0.815244705037693
1945 1.00861553188943
1946 1.07682182601412
1947 1.10936939092976
1948 1.096805073591
1949 1.10901041043437
1950 1.51585497187986
1951 0.969606318056719
1952 0.760449059189374
1953 1.10240868602751
1954 1.19211511094714
1955 0.985821957518579
1956 1.12169925683867
1957 0.829494544879566
1958 0.940599799715385
1959 1.11179043904496
1960 0.956727981868972
1961 1.03167659305329
1962 1.01944869024403
1963 1.00247720444843
1964 1.01681336636273
1965 0.970115427186001
1966 0.986665261160596
1967 1.16354820007379
1968 1.15806672640067
1969 0.997522795551573
1970 0.792072945765034
1971 1.14552258472566
1972 1.12264797343594
1973 0.848679702735466
1974 1.21035155220577
1975 1.06688452010752
1976 0.992462973699468
1977 0.843198229062352
1978 0.861856322141991
1979 0.817793706846571
1980 0.962525694407843
1981 0.976229378590629
1982 1.04611816792284
1983 1.09112949981553
1984 1.01080482791335
1985 0.898329204659252
1986 1.0106994149581
1987 0.853950350498076
1988 0.988984346176145
1989 1.00416381173246
1990 1.18125757655616
1991 1.08006113951405
1992 0.922679597322511
1993 0.802192589469246
1994 0.799158147925436
1995 1.12096612547605
1996 0.981759871717779
1997 1.30487071557426
1998 0.921226698737222
1999 1.13199037883343
2000 0.866806975345761
2001 0.768590899979956
2002 0.956704750450992
2003 1.09140108238124
2004 0.979354580076168
2005 0.967227901383043
2006 1.02264982962518
2007 1.04459811585488
2008 1
2009 0.988574864702345
2010 1.18350370815795
2011 1.12076568450591
2012 1.22539587091602
2013 0.949087993585889
2014 1.20916015233514
