1940 1
1941 0.915639407910701
1942 1.09129372205082
1943 1.28821801227164
1944 0.82058012964953
1945 0.759358003348235
1946 1.02121091014182
1947 1.02563638588534
1948 1.16190250544804
1949 0.877942397867128
1950 1.15128240510515
1951 1.16128740402465
1952 0.916743256014976
1953 0.927873011822965
1954 1.16006566289057
1955 0.99087241559767
1956 1.19553520983746
1957 0.916961307842315
1958 0.89085562235246
1959 1.21969600320764
1960 0.974677999286612
1961 1.02448884746266
1962 0.882608706972191
1963 0.849741462131883
1964 1
1965 1.02557455029251
1966 0.897272204185033
1967 1.06733440428241
1968 0.938304350882492
1969 1.05187680787746
1970 0.766730758716215
1971 1.07591393006199
1972 1.22673810087924
1973 0.700858278028447
1974 1.14003418531932
1975 0.902787288164277
1976 1.25096154624436
1977 0.746723531632241
1978 1
1979 0.885900682041105
1980 0.909888013986662
1981 1.15505195329832
1982 1.22068507272579
1983 1.15581574514959
1984 1.00273581705493
1985 0.952875955935538
1986 0.961251176408692
1987 0.897775511420454
1988 0.877635836112932
1989 0.880405501361654
1990 1.18177951728061
1991 1.24446416469648
1992 0.895236896885893
1993 0.804407476330179
1994 0.836174006205993
1995 0.999176605894442
1996 1.41840414596224
1997 1.49226458397259
1998 1.01907934384541
1999 1.27790544433481
2000 1.05940873092084
2001 0.66942970944269
2002 1.03567673208934
2003 0.889310519650716
2004 0.882115570978559
2005 0.924408889124355
2006 1.04501662608563
2007 1.02815213144284
2008 0.957293881055975
2009 0.848090777912435
2010 0.831364619366023
2011 1.31011862320264
2012 1.30162125489971
2013 1.06786930770878
2014 1.0718001131707
