1940 0.928416171569338
1941 0.678597304738444
1942 0.841327343863208
1943 0.992754673235763
1944 1.10360817272859
1945 0.925518040863643
1946 1.12186639617447
1947 0.979423271989567
1948 1.09853644399362
1949 1.01260686856977
1950 0.83741486741052
1951 1.12548905955659
1952 1.2688016229532
1953 1.15504999275467
1954 0.959571076655557
1955 1.01811331691059
1956 0.912041733082162
1957 1.10867990146356
1958 1.0750615852775
1959 0.96942472105492
1960 1.00724532676424
1961 0.835241269381249
1962 0.857556875815099
1963 1.04825387624982
1964 0.804475102892586
1965 1.00527505651846
1966 0.878325894151064
1967 0.824995652425946
1968 0.85560257376384
1969 1.10845748072576
1970 1.00469537997797
1971 1.15541128050548
1972 1.12839835371862
1973 0.935250130427221
1974 1.02544780012753
1975 1.09906672076981
1976 0.999594226421657
1977 0.784186423975422
1978 0.707669120630688
1979 0.841342530867776
1980 0.795895890093328
1981 0.947075531853226
1982 1.00040577357834
1983 1.25986899310185
1984 1.44745232160454
1985 1.04109906672077
1986 1.48081683168317
1987 1.02181311881188
1988 0.992728960396039
1989 0.867419554455445
1990 0.955754950495049
1991 0.880259900990099
1992 1.07750618811881
1993 1.00727103960396
1994 0.75589047977895
1995 0.949510173323286
1996 0.938256719417232
1997 1.17950263752826
1998 1.05048982667671
1999 1.06777191660387
2000 1.25861262665627
2001 1.082151208106
2002 0.846609508963367
2003 0.803429462197973
2004 0.905222135619641
2005 0.966796570537802
2006 1.26578332034295
2007 1.06812159002338
2008 0.960561184723305
2009 1.06328916601715
2010 0.943413873733437
2011 1.31270459859704
2012 1.22634450506625
2013 1
2014 0.814341387373344
