1940 0.205389591095061
1941 0.171470366391625
1942 0.649676578821055
1943 2.37302004525611
1944 0.957098123471463
1945 1.35059770062399
1946 1.86761445452675
1947 1.34620922950333
1948 1.56851271970926
1949 1.36545450389705
1950 2.23949166876186
1951 2.61383739800233
1952 2.35432332975246
1953 1.00354277616512
1954 0.854609037507714
1955 0.609860346049233
1956 2.06728989051679
1957 1.39141962469429
1958 0.698864025965121
1959 0.304998742885877
1960 0.229800461703732
1961 0.134945486960298
1962 0.836506594134991
1963 0.896436652876506
1964 1.4898859454641
1965 2.50741697332632
1966 0.996457223834884
1967 0.658636374025736
1968 0.441483222910878
1969 0.794272280401795
1970 0.810279974353494
1971 2.15764052147895
1972 1.82273990168839
1973 0.781983329771319
1974 1.46757854242359
1975 1.49388758281684
1976 1.7345159222056
1977 0.245885873049797
1978 0.587860653985894
1979 0.648557384056422
1980 0.554798033767899
1981 0.486279119469972
1982 1.5587518700577
1983 2.15432784783073
1984 2.40559948706989
1985 1.18972002564651
1986 NA
1987 NA
1988 NA
1989 NA
1990 NA
1991 NA
1992 NA
1993 NA
1994 NA
1995 NA
1996 NA
1997 NA
1998 NA
1999 NA
2000 NA
2001 NA
2002 NA
2003 NA
2004 NA
2005 NA
2006 NA
2007 NA
2008 NA
2009 NA
2010 NA
2011 NA
2012 NA
2013 NA
2014 NA
