1940 0.601684717208183
1941 0.320096269554753
1942 1.40553549939832
1943 2.56317689530686
1944 0.991576413959085
1945 1.49939831528279
1946 1.75691937424789
1947 0.871239470517449
1948 0.714801444043321
1949 1.05655836341757
1950 1.37665463297232
1951 1.78339350180505
1952 2.57761732851986
1953 1.14079422382671
1954 0.8014440433213
1955 0.365824308062575
1956 0.594464500601685
1957 1.54031287605295
1958 1.48977135980746
1959 0.714801444043321
1960 0.495788206979543
1961 0.450060168471721
1962 1.31407942238267
1963 0.567990373044525
1964 2.06016847172082
1965 1.00842358604091
1966 0.914560770156438
1967 0.539109506618532
1968 0.404332129963899
1969 1.57400722021661
1970 0.350961538461538
1971 1
1972 1.44551282051282
1973 0.82051282051282
1974 1.13621794871795
1975 1.47435897435897
1976 1.18429487179487
1977 0.769230769230769
1978 0.549679487179487
1979 0.636217948717949
1980 0.774038461538462
1981 0.791666666666667
1982 0.815705128205128
1983 2.01923076923077
1984 3.1025641025641
1985 1.45673076923077
1986 1.38461538461538
1987 1.17408906882591
1988 0.977058029689609
1989 1.26855600539811
1990 1.01214574898785
1991 0.572199730094467
1992 0.275303643724696
1993 0.493927125506073
1994 0.898785425101215
1995 0.453441295546559
1996 1.14709851551957
1997 2.05937921727395
1998 1.50337381916329
1999 1.417004048583
2000 1.09851551956815
2001 0.941970310391363
2002 1.09581646423752
2003 0.723346828609986
2004 0.728744939271255
2005 0.59919028340081
2006 2.75303643724696
2007 1.15519568151147
2008 0.987854251012146
2009 0.93387314439946
2010 1.0472334682861
2011 1.92712550607287
2012 1.4251012145749
2013 0.766531713900135
2014 0.237516869095816
