1940 NA
1941 NA
1942 NA
1943 NA
1944 NA
1945 NA
1946 NA
1947 NA
1948 NA
1949 NA
1950 NA
1951 NA
1952 NA
1953 NA
1954 NA
1955 NA
1956 NA
1957 NA
1958 NA
1959 NA
1960 NA
1961 NA
1962 NA
1963 NA
1964 NA
1965 NA
1966 NA
1967 NA
1968 NA
1969 NA
1970 NA
1971 NA
1972 NA
1973 NA
1974 NA
1975 NA
1976 NA
1977 NA
1978 NA
1979 NA
1980 NA
1981 NA
1982 NA
1983 NA
1984 NA
1985 NA
1986 1.34511981297487
1987 0.64187609585038
1988 0.531779661016949
1989 0.855201636469901
1990 0.680376972530684
1991 0.66021332554062
1992 0.614406779661017
1993 1.11221507890123
1994 0.613603156049094
1995 1.28557860900058
1996 1.802089421391
1997 1.86002337814144
1998 1.34680011689071
1999 1.50971654003507
2000 1.01263880771479
2001 0.548728813559322
2002 0.735607831677382
2003 1.1114845119813
2004 0.815604909409702
2005 0.812609585037989
2006 1.44447691408533
2007 0.792518994739918
2008 1.1103886616014
2009 1.02651957919345
2010 0.996493278784337
2011 1.32860900058445
2012 1.28594389246055
2013 0.833576855639977
2014 1
