1940 0.905703238279362
1941 0.819526341227646
1942 0.860753987433543
1943 1.40582406959884
1944 0.55
1945 0.801377477042049
1946 1.12312711454809
1947 0.992677622039633
1948 0.953673272112132
1949 0.912203963267279
1950 1.06401643305945
1951 1.1247462542291
1952 1.17578540357661
1953 1.03731271145481
1954 1.03409859835669
1955 0.760995650072499
1956 1.25961817303045
1957 1.12522957950701
1958 1.0346060898985
1959 0.85923151280812
1960 0.904349927501208
1961 0.731947800869986
1962 0.808579023682939
1963 1.00227162880619
1964 0.920082165297245
1965 1.37187046882552
1966 0.789028516191397
1967 0.825833736104398
1968 0.721797970033833
1969 1.08711938134364
1970 1.05915901401643
1971 1.45466408893185
1972 1.21027066215563
1973 0.705679072015466
1974 1.53586273562107
1975 0.998356694055099
1976 1.00560657322378
1977 0.431271145480909
1978 1.01913968100532
1979 0.671628806186564
1980 1.0016433059449
1981 0.905195746737554
1982 1.46725471242146
1983 1.36056065732238
1984 1.21295311744804
1985 0.786708554857419
1986 2.07491023242813
1987 0.876690533015115
1988 0.877765593756047
1989 1.33096819970328
1990 1.05953686383281
1991 0.940463136167193
1992 0.878324625341332
1993 1.70216517233224
1994 0.589397894495281
1995 1.33894610022661
1996 1.70508591262442
1997 1.84027996901982
1998 1.22168038782594
1999 1.39783712458048
2000 0.953558417716072
2001 0.532658271420785
2002 0.810160351108689
2003 1.03425030836752
2004 0.847393935916927
2005 0.767849459281145
2006 1.38811279079774
2007 0.792088580362009
2008 1.07007831100657
2009 0.986231031812054
2010 0.944952812598606
2011 1.32359943776713
2012 1.25521356243367
2013 0.765382519147471
2014 1
