1940 0.906536113936928
1941 0.815488301119023
1942 1.20027975584944
1943 1.09346388606307
1944 0.536365498873182
1945 1.04681417742266
1946 1.13019872976849
1947 0.939254251178037
1948 0.990063511575497
1949 0.88701085843065
1950 1.26930956771153
1951 1
1952 0.630096291743495
1953 1.21788567916411
1954 0.911288670354436
1955 1.2259782831387
1956 1.07426756812129
1957 0.874820733456259
1958 1.04814587174759
1959 1.00778528989961
1960 0.774841221061258
1961 1.33685109024598
1962 1.06308683169085
1963 0.832777217350819
1964 1.38480639404051
1965 0.772406300923411
1966 0.75347249165826
1967 0.836036315666951
1968 1.19019166602002
1969 0.965624272522697
1970 1.00178474431598
1971 1.35159463024754
1972 1.55195157911073
1973 1.00395747652673
1974 1.46830138899666
1975 1.43477923488787
1976 0.744160782183596
1977 1.25832234034298
1978 0.597811748273454
1979 0.80980833397998
1980 1.01978738263366
1981 0.87778381314503
1982 1.18817412896718
1983 1.25304570497401
1984 1.33436796771941
1985 0.771630325133856
1986 0.998215255684023
1987 0.688135330177699
1988 0.934430045782572
1989 0.903546209358268
1990 1.14875455885776
1991 1.02847831147668
1992 0.583844184061457
1993 0.711569799022271
1994 0.915030651043688
1995 1.31853806161248
1996 1.54931326142624
1997 1.20338325444246
1998 1.11926747885466
1999 1.18600139675642
2000 0.822068751454955
2001 0.677426864281835
2002 0.764646543027858
2003 0.996197718631179
2004 0.846589586404904
2005 0.610726199640749
2006 0.995381062355658
2007 0.712214523992815
2008 0.994996150885296
2009 0.929946112394149
2010 1.08814472671286
2011 1.15845522196561
2012 1.37079804978188
2013 1.00461893764434
2014 1.15191172696946
