1940 NA
1941 NA
1942 NA
1943 NA
1944 NA
1945 NA
1946 NA
1947 NA
1948 NA
1949 0.606102976398545
1950 1.36500045312723
1951 1.18299866651131
1952 0.897994588366282
1953 1.3613754353258
1954 0.917932186274129
1955 1.1375046931034
1956 1.28211701039603
1957 0.990976294972877
1958 1.11026527362411
1959 0.69206768426095
1960 0.818321875687782
1961 1.06616952136819
1962 0.763376963011872
1963 0.858947968048057
1964 1.24604808327184
1965 0.755712639660284
1966 1.04154529330278
1967 0.678603332427079
1968 0.769591279242889
1969 0.902914255382504
1970 0.960370787535117
1971 1.29682422547611
1972 1.00902370502712
1973 1.01997643738429
1974 1.20187465206302
1975 1.60521336977086
1976 0.809859154929577
1977 0.639899096068951
1978 0.785684254782426
1979 1.08538294443277
1980 0.9820264872819
1981 1.1850606124308
1982 1.49835330390302
1983 1.94096419311891
1984 1.48584542078341
1985 0.655840515731203
1986 1.05675846121505
1987 0.735092144909257
1988 0.703489594282111
1989 0.926143928246094
1990 0.632261229065938
1991 0.8176021301941
1992 0.502347417840376
1993 1.07763996916824
1994 0.549751243781095
1995 1.45228084927475
1996 2.15657627356177
1997 1.0478943311611
1998 1.58117861397239
1999 1.31564010931259
2000 0.98377829164039
2001 0.495725597365286
2002 0.881753205801976
2003 1.04957606334525
2004 0.920468082124588
2005 1.01622170835961
2006 1.59267045056408
2007 0.963352252820405
2008 1.13198094036858
2009 0.740102305374536
2010 1.06509704996146
2011 1.19669259337117
2012 1.61614462896784
2013 0.583245743115409
2014 0.914792236003083
