1940 0.999194198227236
1941 0.85547708204958
1942 1.07029435464758
1943 0.736502820306205
1944 0.537517182537802
1945 1.23467791629142
1946 0.821064606342134
1947 0.746172441579371
1948 1.02412665307864
1949 0.640849409868702
1950 1.32881452339195
1951 1.13068208750059
1952 0.808645779020714
1953 1.3768782291321
1954 0.961937716262976
1955 1.14803052566716
1956 1.05560032232071
1957 0.932170450774992
1958 1.03427027539461
1959 0.735175617386358
1960 1.00080580177276
1961 1.099966819927
1962 0.790064938142864
1963 0.947622884770346
1964 1.21685547708205
1965 0.671090676399488
1966 1.13504289709437
1967 0.837844243257335
1968 1.02403185287008
1969 0.894155567142248
1970 1.04384509645921
1971 1.27288240034128
1972 0.938616864957103
1973 1.13646490022278
1974 1.00364980802958
1975 1.02365265203583
1976 0.431435749158648
1977 0.669005071811158
1978 0.699815139593307
1979 0.828269422192729
1980 0.894060766933687
1981 1.02905626392378
1982 1.26823719012182
1983 1.3809546381002
1984 1.30545544923574
1985 0.704610413818814
1986 1.25525040387722
1987 1.10003728097428
1988 0.829625947558096
1989 0.835342363613769
1990 0.774698645457935
1991 0.793214862681745
1992 0.735677892382254
1993 1.21101031440288
1994 0.78314899962719
1995 1.59612277867528
1996 1.98334783149
1997 0.973157698521188
1998 1.65800919597365
1999 1.43419908040263
2000 0.985708959860818
2001 0.724866409842177
2002 1.02572387225053
2003 0.96495588418044
2004 0.937616503044613
2005 1.17832732695414
2006 1.54380514477445
2007 1.00347955759911
2008 0.9884428979744
2009 0.877718404374301
2010 1.44389213371443
2011 1.05070212501553
2012 1.71666459550143
2013 0.533117932148627
2014 1
