1940	1	543
1940	2	324
1940	3	286
1940	4	2204
1940	5	5755
1940	6	2337
1940	7	1906
1940	8	420
1940	9	212
1940	10	205
1940	11	1162
1940	12	822
1941	1	729
1941	2	413
1941	3	321
1941	4	3367
1941	5	3856
1941	6	1137
1941	7	2555
1941	8	568
1941	9	737
1941	10	1410
1941	11	2044
1941	12	928
1942	1	514
1942	2	392
1942	3	463
1942	4	2394
1942	5	5683
1942	6	2156
1942	7	942
1942	8	297
1942	9	128
1942	10	146
1942	11	257
1942	12	231
1943	1	157
1943	2	138
1943	3	244
1943	4	554
1943	5	6251
1943	6	2633
1943	7	824
1943	8	561
1943	9	447
1943	10	741
1943	11	2562
1943	12	742
1944	1	209
1944	2	164
1944	3	107
1944	4	389
1944	5	3684
1944	6	1089
1944	7	603
1944	8	344
1944	9	209
1944	10	1030
1944	11	1387
1944	12	725
1945	1	678
1945	2	531
1945	3	648
1945	4	5974
1945	5	3721
1945	6	1625
1945	7	1690
1945	8	650
1945	9	517
1945	10	999
1945	11	865
1945	12	594
1946	1	440
1946	2	336
1946	3	525
1946	4	2550
1946	5	6635
1946	6	1646
1946	7	672
1946	8	344
1946	9	272
1946	10	187
1946	11	557
1946	12	821
1947	1	295
1947	2	625
1947	3	699
1947	4	2176
1947	5	8036
1947	6	3498
1947	7	949
1947	8	416
1947	9	218
1947	10	134
1947	11	278
1947	12	303
1948	1	202
1948	2	119
1948	3	175
1948	4	2691
1948	5	5050
1948	6	1927
1948	7	585
1948	8	527
1948	9	281
1948	10	748
1948	11	1237
1948	12	1259
1949	1	729
1949	2	398
1949	3	384
1949	4	3794
1949	5	3404
1949	6	1507
1949	7	946
1949	8	341
1949	9	196
1949	10	190
1949	11	687
1949	12	800
1950	1	1133
1950	2	703
1950	3	550
1950	4	2597
1950	5	3991
1950	6	1321
1950	7	679
1950	8	275
1950	9	171
1950	10	90
1950	11	937
1950	12	4687
1951	1	1171
1951	2	981
1951	3	729
1951	4	5957
1951	5	3260
1951	6	1498
1951	7	1971
1951	8	850
1951	9	601
1951	10	410
1951	11	1466
1951	12	1478
1952	1	961
1952	2	618
1952	3	366
1952	4	2734
1952	5	6474
1952	6	2776
1952	7	658
1952	8	229
1952	9	122
1952	10	267
1952	11	462
1952	12	623
1953	1	425
1953	2	686
1953	3	837
1953	4	7495
1953	5	4897
1953	6	1144
1953	7	355
1953	8	160
1953	9	100
1953	10	124
1953	11	427
1953	12	1616
1954	1	687
1954	2	398
1954	3	812
1954	4	3664
1954	5	5422
1954	6	2466
1954	7	3074
1954	8	3570
1954	9	1939
1954	10	2215
1954	11	1974
1954	12	1470
1955	1	1044
1955	2	636
1955	3	677
1955	4	3825
1955	5	7108
1955	6	1794
1955	7	417
1955	8	324
1955	9	223
1955	10	159
1955	11	133
1955	12	103
1956	1	171
1956	2	139
1956	3	160
1956	4	1320
1956	5	4094
1956	6	2147
1956	7	742
1956	8	321
1956	9	197
1956	10	192
1956	11	229
1956	12	341
1957	1	250
1957	2	200
1957	3	250
1957	4	1766
1957	5	3570
1957	6	1351
1957	7	750
1957	8	423
1957	9	228
1957	10	208
1957	11	1383
1957	12	2340
1958	1	1890
1958	2	747
1958	3	598
1958	4	4502
1958	5	5067
1958	6	1259
1958	7	1292
1958	8	2712
1958	9	1886
1958	10	687
1958	11	933
1958	12	805
1959	1	534
1959	2	325
1959	3	346
1959	4	2836
1959	5	3813
1959	6	1204
1959	7	702
1959	8	598
1959	9	883
1959	10	825
1959	11	1904
1959	12	2324
1960	1	655
1960	2	597
1960	3	585
1960	4	2705
1960	5	7395
1960	6	1307
1960	7	395
1960	8	134
1960	9	91
1960	10	121
1960	11	630
1960	12	571
1961	1	407
1961	2	171
1961	3	355
1961	4	1327
1961	5	8828
1961	6	3696
1961	7	676
1961	8	283
1961	9	1277
1961	10	1529
1961	11	599
1961	12	790
1962	1	464
1962	2	298
1962	3	214
1962	4	2439
1962	5	3081
1962	6	1685
1962	7	1988
1962	8	1478
1962	9	755
1962	10	597
1962	11	3013
1962	12	1413
1963	1	644
1963	2	411
1963	3	306
1963	4	1789
1963	5	6780
1963	6	1489
1963	7	746
1963	8	871
1963	9	2492
1963	10	1562
1963	11	4115
1963	12	2104
1964	1	557
1964	2	398
1964	3	389
1964	4	1794
1964	5	3439
1964	6	1226
1964	7	792
1964	8	521
1964	9	554
1964	10	447
1964	11	858
1964	12	752
1965	1	859
1965	2	423
1965	3	432
1965	4	1063
1965	5	2642
1965	6	1068
1965	7	294
1965	8	183
1965	9	219
1965	10	389
1965	11	736
1965	12	707
1966	1	490
1966	2	444
1966	3	751
1966	4	3025
1966	5	4211
1966	6	1246
1966	7	311
1966	8	198
1966	9	129
1966	10	402
1966	11	2072
1966	12	1915
1967	1	690
1967	2	386
1967	3	243
1967	4	775
1967	5	5218
1967	6	1723
1967	7	530
1967	8	323
1967	9	1284
1967	10	2410
1967	11	1562
1967	12	1327
1968	1	626
1968	2	710
1968	3	742
1968	4	5252
1968	5	3012
1968	6	832
1968	7	381
1968	8	112
1968	9	51
1968	10	85
1968	11	202
1968	12	321
1969	1	383
1969	2	354
1969	3	284
1969	4	1997
1969	5	8950
1969	6	2400
1969	7	637
1969	8	476
1969	9	1001
1969	10	836
1969	11	2568
1969	12	1596
1970	1	989
1970	2	898
1970	3	497
1970	4	1844
1970	5	5520
1970	6	1995
1970	7	577
1970	8	223
1970	9	408
1970	10	2452
1970	11	1538
1970	12	721
1971	1	395
1971	2	359
1971	3	331
1971	4	1488
1971	5	6961
1971	6	1191
1971	7	523
1971	8	559
1971	9	1013
1971	10	831
1971	11	605
1971	12	459
1972	1	396
1972	2	275
1972	3	433
1972	4	1535
1972	5	7419
1972	6	2636
1972	7	1354
1972	8	1068
1972	9	2268
1972	10	1408
1972	11	1700
1972	12	1328
1973	1	1156
1973	2	1576
1973	3	1420
1973	4	5176
1973	5	7756
1973	6	2601
1973	7	1110
1973	8	552
1973	9	285
1973	10	242
1973	11	260
1973	12	2044
1974	1	1375
1974	2	533
1974	3	834
1974	4	2122
1974	5	8352
1974	6	2320
1974	7	858
1974	8	627
1974	9	411
1974	10	495
1974	11	561
1974	12	1217
1975	1	810
1975	2	459
1975	3	353
1975	4	1480
1975	5	6624
1975	6	2712
1975	7	724
1975	8	316
1975	9	156
1975	10	146
1975	11	294
1975	12	500
1976	1	444
1976	2	759
1976	3	726
1976	4	6599
1976	5	5457
1976	6	1724
1976	7	1802
1976	8	2537
1976	9	1157
1976	10	2137
1976	11	2331
1976	12	974
1977	1	555
1977	2	368
1977	3	622
1977	4	3962
1977	5	5797
1977	6	1885
1977	7	1081
1977	8	607
1977	9	619
1977	10	2701
1977	11	1587
1977	12	874
1978	1	1271
1978	2	973
1978	3	550
1978	4	1877
1978	5	6051
1978	6	1482
1978	7	761
1978	8	271
1978	9	154
1978	10	125
1978	11	150
1978	12	148
1979	1	430
1979	2	902
1979	3	2059
1979	4	4838
1979	5	4805
1979	6	2397
1979	7	1001
1979	8	455
1979	9	1291
1979	10	837
1979	11	830
1979	12	969
1980	1	548
1980	2	339
1980	3	314
1980	4	3242
1980	5	2413
1980	6	760
1980	7	514
1980	8	466
1980	9	307
1980	10	881
1980	11	794
1980	12	908
1981	1	438
1981	2	1144
1981	3	1696
1981	4	4122
1981	5	3260
1981	6	1840
1981	7	749
1981	8	2736
1981	9	1042
1981	10	2068
1981	11	2579
1981	12	1670
1982	1	736
1982	2	474
1982	3	332
1982	4	2741
1982	5	5673
1982	6	988
1982	7	422
1982	8	348
1982	9	913
1982	10	630
1982	11	1301
1982	12	1496
1983	1	746
1983	2	602
1983	3	770
1983	4	6337
1983	5	5709
1983	6	2872
1983	7	674
1983	8	422
1983	9	303
1983	10	427
1983	11	1622
1983	12	2869
1984	1	864
1984	2	588
1984	3	709
1984	4	4538
1984	5	6754
1984	6	2848
1984	7	2017
1984	8	1275
1984	9	529
1984	10	317
1984	11	447
1984	12	698
1985	1	403
1985	2	248
1985	3	564
1985	4	2298
1985	5	4346
1985	6	1332
1985	7	1317
1985	8	808
1985	9	282
1985	10	364
1985	11	774
1985	12	613
1986	1	522
1986	2	1597
1986	3	615
1986	4	4407
1986	5	2809
1986	6	1446
1986	7	756
1986	8	1642
1986	9	1710
1986	10	1510
1986	11	952
1986	12	981
1987	1	571
1987	2	293
1987	3	376
1987	4	5999
1987	5	1326
1987	6	819
1987	7	743
1987	8	440
1987	9	430
1987	10	743
1987	11	1054
1987	12	1398
1988	1	524
1988	2	392
1988	3	322
1988	4	3817
1988	5	2754
1988	6	651
1988	7	779
1988	8	584
1988	9	386
1988	10	595
1988	11	2441
1988	12	979
1989	1	401
1989	2	256
1989	3	243
1989	4	2724
1989	5	5026
1989	6	1896
1989	7	603
1989	8	428
1989	9	469
1989	10	279
1989	11	794
1989	12	659
1990	1	399
1990	2	389
1990	3	1006
1990	4	3692
1990	5	4335
1990	6	1531
1990	7	575
1990	8	413
1990	9	306
1990	10	2776
1990	11	2783
1990	12	1837
1991	1	1118
1991	2	640
1991	3	705
1991	4	5416
1991	5	5863
1991	6	1053
1991	7	360
1991	8	414
1991	9	689
1991	10	1564
1991	11	1640
1991	12	1023
1992	1	892
1992	2	591
1992	3	733
1992	4	3584
1992	5	4046
1992	6	1174
1992	7	1945
1992	8	1523
1992	9	515
1992	10	444
1992	11	1018
1992	12	651
1993	1	392
1993	2	268
1993	3	252
1993	4	4214
1993	5	3231
1993	6	2652
1993	7	701
1993	8	368
1993	9	429
1993	10	1010
1993	11	1839
1993	12	2220
1994	1	952
1994	2	542
1994	3	364
1994	4	3351
1994	5	5964
1994	6	3311
1994	7	1481
1994	8	496
1994	9	286
1994	10	247
1994	11	912
1994	12	595
1995	1	845
1995	2	964
1995	3	677
1995	4	2643
1995	5	4490
1995	6	1350
1995	7	401
1995	8	180
1995	9	65
1995	10	127
1995	11	2120
1995	12	1026
1996	1	824
1996	2	1750
1996	3	1475
1996	4	3610
1996	5	5735
1996	6	1898
1996	7	1873
1996	8	906
1996	9	561
1996	10	618
1996	11	1040
1996	12	1701
1997	1	1014
1997	2	598
1997	3	448
1997	4	2149
1997	5	8061
1997	6	1955
1997	7	777
1997	8	295
1997	9	289
1997	10	201
1997	11	780
1997	12	473
1998	1	382
1998	2	366
1998	3	1589
1998	4	6537
1998	5	3590
1998	6	831
1998	7	1038
1998	8	424
1998	9	491
1998	10	423
1998	11	600
1998	12	732
1999	1	584
1999	2	556
1999	3	962
1999	4	3985
1999	5	3239
1999	6	802
1999	7	478
1999	8	429
1999	9	1088
1999	10	1342
1999	11	1608
1999	12	1989
2000	1	729
2000	2	475
2000	3	875
2000	4	6533
2000	5	4948
2000	6	1531
2000	7	655
2000	8	401
2000	9	172
2000	10	168
2000	11	668
2000	12	917
2001	1	880
2001	2	447
2001	3	343
2001	4	2215
2001	5	3824
2001	6	1351
2001	7	621
2001	8	258
2001	9	159
2001	10	312
2001	11	410
2001	12	593
2002	1	377
2002	2	274
2002	3	327
2002	4	3516
2002	5	3016
2002	6	1441
2002	7	1135
2002	8	335
2002	9	123
2002	10	151
2002	11	475
2002	12	722
2003	1	422
2003	2	302
2003	3	288
2003	4	3008
2003	5	4732
2003	6	1581
2003	7	840
2003	8	3291
2003	9	796
2003	10	1942
2003	11	3347
2003	12	2697
2004	1	1471
2004	2	476
2004	3	398
2004	4	3382
2004	5	2290
2004	6	980
2004	7	1322
2004	8	1919
2004	9	1414
2004	10	686
2004	11	672
2004	12	1784
2005	1	1187
2005	2	660
2005	3	472
2005	4	5508
2005	5	6463
2005	6	2138
2005	7	911
2005	8	296
2005	9	521
2005	10	3572
2005	11	4093
2005	12	3052
2006	1	1732
2006	2	1715
2006	3	1136
2006	4	5432
2006	5	3274
2006	6	1659
2006	7	904
2006	8	479
2006	9	209
2006	10	1739
2006	11	3593
2006	12	1606
2007	1	935
2007	2	433
2007	3	465
2007	4	2348
2007	5	5399
2007	6	1519
2007	7	650
2007	8	495
2007	9	231
2007	10	327
2007	11	2259
2007	12	1288
2008	1	1260
2008	2	1134
2008	3	771
2008	4	4426
2008	5	7642
2008	6	1464
2008	7	1682
2008	8	1984
2008	9	617
2008	10	907
2008	11	2131
2008	12	1367
2009	1	612
2009	2	466
2009	3	687
2009	4	5796
2009	5	3782
2009	6	1263
2009	7	1250
2009	8	1535
2009	9	352
2009	10	928
2009	11	1232
2009	12	2035
2010	1	904
2010	2	761
2010	3	892
2010	4	5941
2010	5	1898
2010	6	853
2010	7	1123
2010	8	346
2010	9	618
2010	10	2203
2010	11	2317
2010	12	3694
2011	1	1257
2011	2	512
2011	3	998
2011	4	3255
2011	5	5980
2011	6	3570
2011	7	1849
2011	8	2517
2011	9	2789
2011	10	1386
2011	11	1066
2011	12	1028
2012	1	726
2012	2	364
2012	3	1980
2012	4	3387
2012	5	3077
2012	6	1569
2012	7	1462
2012	8	384
2012	9	173
2012	10	659
2012	11	1686
2012	12	693
2013	1	566
2013	2	714
2013	3	958
2013	4	3145
2013	5	3540
2013	6	3311
2013	7	1660
2013	8	926
2013	9	687
2013	10	537
2013	11	719
2013	12	1190
2014	1	793
2014	2	539
2014	3	388
2014	4	3568
2014	5	5536
2014	6	1420
2014	7	757
2014	8	520
2014	9	276
2014	10	697
2014	11	1434
2014	12	1614
2015	1	311
2015	2	0
2015	3	0
2015	4	2571
2015	5	3173
2015	6	1532
2015	7	836
2015	8	841
2015	9	614
