1946	10	5350
1946	11	5009
1946	12	1958
1947	1	1063
1947	2	1948
1947	3	1424
1947	4	7592
1947	5	33429
1947	6	10838
1947	7	6516
1947	8	2211
1947	9	925
1947	10	813
1947	11	604
1947	12	703
1948	1	341
1948	2	200
1948	3	741
1948	4	12807
1948	5	18082
1948	6	2510
1948	7	1625
1948	8	1519
1948	9	599
1948	10	2827
1948	11	4090
1948	12	2986
1949	1	1177
1949	2	666
1949	3	1064
1949	4	16640
1949	5	8647
1949	6	2716
1949	7	904
1949	8	835
1949	9	1531
1949	10	1096
1949	11	2353
1949	12	2600
1950	1	2696
1950	2	1112
1950	3	1179
1950	4	8859
1950	5	9373
1950	6	5878
1950	7	2571
1950	8	1326
1950	9	2212
1950	10	2222
1950	11	9367
1950	12	9781
1951	1	1159
1951	2	1392
1951	3	1182
1951	4	22590
1951	5	10048
1951	6	3465
1951	7	5119
1951	8	2240
1951	9	1497
1951	10	1879
1951	11	6749
1951	12	3114
1952	1	1440
1952	2	891
1952	3	729
1952	4	11697
1952	5	18174
1952	6	7491
1952	7	937
1952	8	702
1952	9	458
1952	10	4011
1952	11	2846
1952	12	1657
1953	1	1245
1953	2	1665
1953	3	2498
1953	4	22143
1953	5	12114
1953	6	1186
1953	7	983
1953	8	264
1953	9	396
1953	10	690
1953	11	1727
1953	12	3326
1954	1	775
1954	2	782
1954	3	1798
1954	4	16370
1954	5	15468
1954	6	9540
1954	7	5936
1954	8	5516
1954	9	7654
1954	10	8979
1954	11	5466
1954	12	2704
1955	1	1560
1955	2	1066
1955	3	1631
1955	4	17616
1955	5	18677
1955	6	3973
1955	7	1362
1955	8	2543
1955	9	1055
1955	10	733
1955	11	2257
1955	12	623
1956	1	621
1956	2	465
1956	3	377
1956	4	5549
1956	5	15975
1956	6	6683
1956	7	2435
1956	8	1328
1956	9	1449
1956	10	2140
1956	11	994
1956	12	893
1957	1	451
1957	2	456
1957	3	772
1957	4	8942
1957	5	7812
1957	6	4936
1957	7	4327
1957	8	2233
1957	9	2011
1957	10	2146
1957	11	6393
1957	12	6840
1958	1	2517
1958	2	785
1958	3	828
1958	4	18802
1958	5	12240
1958	6	4836
1958	7	5330
1958	8	8718
1958	9	3774
1958	10	2475
1958	11	3541
1958	12	1624
1959	1	756
1959	2	354
1959	3	685
1959	4	12977
1959	5	11028
1959	6	7462
1959	7	3097
1959	8	4585
1959	9	3530
1959	10	5427
1959	11	6935
1959	12	3681
1960	1	1064
1960	2	1022
1960	3	871
1960	4	10840
1960	5	23169
1960	6	3647
1960	7	1619
1960	8	567
1960	9	894
1960	10	1599
1960	11	3746
1960	12	1820
1961	1	689
1961	2	419
1961	3	464
1961	4	4674
1961	5	35100
1961	6	6434
1961	7	1600
1961	8	1840
1961	9	4213
1961	10	1609
1961	11	1504
1961	12	1900
1962	1	1228
1962	2	600
1962	3	503
1962	4	10572
1962	5	12835
1962	6	3919
1962	7	4907
1962	8	3246
1962	9	2012
1962	10	1951
1962	11	7433
1962	12	2012
1963	1	1103
1963	2	534
1963	3	477
1963	4	9883
1963	5	19913
1963	6	1507
1963	7	2102
1963	8	4052
1963	9	4658
1963	10	3670
1963	11	10175
1963	12	3144
1964	1	650
1964	2	594
1964	3	1263
1964	4	9405
1964	5	10708
1964	6	3173
1964	7	2607
1964	8	1715
1964	9	1259
1964	10	1145
1964	11	1949
1964	12	2357
1965	1	2185
1965	2	866
1965	3	990
1965	4	3999
1965	5	8447
1965	6	4417
1965	7	930
1965	8	2041
1965	9	4725
1965	10	5487
1965	11	3153
1965	12	1512
1966	1	1472
1966	2	1302
1966	3	2410
1966	4	12801
1966	5	13915
1966	6	2778
1966	7	1547
1966	8	1043
1966	9	1750
1966	10	4699
1966	11	5315
1966	12	4286
1967	1	1143
1967	2	627
1967	3	476
1967	4	4174
1967	5	17469
1967	6	3924
1967	7	2087
1967	8	3090
1967	9	4682
1967	10	4636
1967	11	3149
1967	12	2967
1968	1	1432
1968	2	1705
1968	3	2422
1968	4	23286
1968	5	5659
1968	6	1151
1968	7	1512
1968	8	453
1968	9	589
1968	10	691
1968	11	811
1968	12	900
1969	1	650
1969	2	647
1969	3	417
1969	4	8930
1969	5	30954
1969	6	3083
1969	7	1353
1969	8	1937
1969	9	4092
1969	10	2012
1969	11	8945
1969	12	3415
1970	1	2263
1970	2	1770
1970	3	1326
1970	4	9815
1970	5	18851
1970	6	4716
1970	7	1607
1970	8	518
1970	9	2317
1970	10	6658
1970	11	3703
1970	12	1298
1971	1	564
1971	2	402
1971	3	538
1971	4	5006
1971	5	24546
1971	6	1682
1971	7	1414
1971	8	6550
1971	9	5730
1971	10	3218
1971	11	1055
1971	12	963
1972	1	728
1972	2	559
1972	3	1438
1972	4	5057
1972	5	29277
1972	6	5734
1972	7	4441
1972	8	5595
1972	9	2073
1972	10	5402
1972	11	3977
1972	12	2116
1973	1	2089
1973	2	3133
1973	3	5217
1973	4	23051
1973	5	18220
1973	6	4274
1973	7	1620
1973	8	2868
1973	9	2872
1973	10	3103
1973	11	1685
1973	12	5599
1974	1	2786
1974	2	1522
1974	3	3408
1974	4	7440
1974	5	33093
1974	6	4327
1974	7	2373
1974	8	1247
1974	9	1704
1974	10	1197
1974	11	1968
1974	12	2901
1975	1	1205
1975	2	607
1975	3	1369
1975	4	7450
1975	5	24163
1975	6	5098
1975	7	1228
1975	8	695
1975	9	2097
1975	10	3340
1975	11	4673
1975	12	1506
1976	1	853
1976	2	1810
1976	3	2196
1976	4	27786
1976	5	18023
1976	6	2712
1976	7	9040
1976	8	10651
1976	9	3704
1976	10	7542
1976	11	4159
1976	12	1258
1977	1	576
1977	2	533
1977	3	1718
1977	4	20130
1977	5	13020
1977	6	5906
1977	7	1428
1977	8	2087
1977	9	2831
1977	10	11277
1977	11	3867
1977	12	1970
1978	1	3059
1978	2	1925
1978	3	1007
1978	4	9495
1978	5	24423
1978	6	5220
1978	7	1045
1978	8	588
1978	9	1716
1978	10	1992
1978	11	2105
1978	12	945
1979	1	1752
1979	2	1984
1979	3	9249
1979	4	21659
1979	5	14203
1979	6	7180
1979	7	1324
1979	8	1133
1979	9	6047
1979	10	3326
1979	11	3955
1979	12	2255
1980	1	1248
1980	2	420
1980	3	580
1980	4	11049
1980	5	5830
1980	6	1881
1980	7	3462
1980	8	1927
1980	9	2876
1980	10	4860
1980	11	2760
1980	12	2979
1981	1	967
1981	2	3901
1981	3	3136
1981	4	16821
1981	5	8940
1981	6	4894
1981	7	3284
1981	8	11737
1981	9	7066
1981	10	10265
1981	11	4779
1981	12	1773
1982	1	710
1982	2	606
1982	3	970
1982	4	15628
1982	5	18247
1982	6	2480
1982	7	881
1982	8	1161
1982	9	3185
1982	10	2057
1982	11	4711
1982	12	4299
1983	1	2664
1983	2	1239
1983	3	1690
1983	4	26094
1983	5	17976
1983	6	6091
1983	7	1209
1983	8	556
1983	9	733
1983	10	2091
1983	11	6657
1983	12	4057
1984	1	1474
1984	2	1827
1984	3	1950
1984	4	19769
1984	5	23071
1984	6	7788
1984	7	10324
1984	8	2331
1984	9	996
1984	10	1507
1984	11	3538
1984	12	2167
1985	1	720
1985	2	400
1985	3	980
1985	4	12644
1985	5	11512
1985	6	4194
1985	7	4064
1985	8	1238
1985	9	612
1985	10	2852
1985	11	3063
1985	12	1590
1986	1	1379
1986	2	3161
1986	3	1249
1986	4	17662
1986	5	8647
1986	6	4204
1986	7	5172
1986	8	7080
1986	9	4852
1986	10	4414
1986	11	2952
1986	12	3122
1987	1	1274
1987	2	621
1987	3	2127
1987	4	21298
1987	5	2680
1987	6	3455
1987	7	2552
1987	8	654
1987	9	1733
1987	10	2988
1987	11	3501
1987	12	3681
1988	1	700
1988	2	779
1988	3	770
1988	4	16080
1988	5	8220
1988	6	1331
1988	7	2373
1988	8	2333
1988	9	1413
1988	10	3861
1988	11	6685
1988	12	1551
1989	1	639
1989	2	464
1989	3	554
1989	4	13463
1989	5	14296
1989	6	4380
1989	7	824
1989	8	727
1989	9	1460
1989	10	1838
1989	11	4664
1989	12	1039
1990	1	1397
1990	2	1779
1990	3	5576
1990	4	16480
1990	5	10572
1990	6	5193
1990	7	1490
1990	8	4763
1990	9	2019
1990	10	11019
1990	11	5758
1990	12	5567
1991	1	2343
1991	2	1120
1991	3	2030
1991	4	24424
1991	5	11984
1991	6	1656
1991	7	796
1991	8	817
1991	9	1210
1991	10	6632
1991	11	3309
1991	12	2142
1992	1	1601
1992	2	797
1992	3	1793
1992	4	14517
1992	5	10445
1992	6	4684
1992	7	6069
1992	8	3552
1992	9	1613
1992	10	2370
1992	11	3108
1992	12	1025
1993	1	1219
1993	2	439
1993	3	416
1993	4	19988
1993	5	7144
1993	6	6556
1993	7	1222
1993	8	1999
1993	9	3214
1993	10	6682
1993	11	6129
1993	12	3670
1994	1	1018
1994	2	1085
1994	3	1303
1994	4	18236
1994	5	18499
1994	6	9989
1994	7	4729
1994	8	1959
1994	9	1198
1994	10	1353
1994	11	5616
1994	12	2046
1995	1	4460
1995	2	1445
1995	3	4960
1995	4	13142
1995	5	10708
1995	6	2840
1995	7	1748
1995	8	790
1995	9	464
1995	10	3420
1995	11	8123
1995	12	1061
1996	1	3972
1996	2	6455
1996	3	3309
1996	4	17023
1996	5	16627
1996	6	4595
1996	7	6081
1996	8	1665
1996	9	3755
1996	10	2700
1996	11	2441
1996	12	5378
1997	1	1431
1997	2	1028
1997	3	1625
1997	4	12196
1997	5	26247
1997	6	3346
1997	7	1249
1997	8	1097
1997	9	1016
1997	10	719
1997	11	4025
1997	12	695
1998	1	871
1998	2	1197
1998	3	5861
1998	4	24696
1998	5	4481
1998	6	1261
1998	7	2755
1998	8	922
1998	9	2702
1998	10	2034
1998	11	2908
1998	12	1611
1999	1	1713
1999	2	1557
1999	3	3985
1999	4	15488
1999	5	7930
1999	6	2944
1999	7	2689
1999	8	1388
1999	9	4045
1999	10	5220
1999	11	5083
1999	12	3658
2000	1	1090
2000	2	585
2000	3	5318
2000	4	22610
2000	5	12708
2000	6	2217
2000	7	1671
2000	8	820
2000	9	624
2000	10	1745
2000	11	4164
2000	12	2914
2001	1	1709
2001	2	1161
2001	3	772
2001	4	14308
2001	5	10881
2001	6	4801
2001	7	2804
2001	8	475
2001	9	928
2001	10	1636
2001	11	1509
2001	12	2594
2002	1	661
2002	2	450
2002	3	1575
2002	4	17535
2002	5	6345
2002	6	3914
2002	7	7322
2002	8	529
2002	9	265
2002	10	705
2002	11	1662
2002	12	1005
2003	1	760
2003	2	301
2003	3	629
2003	4	14972
2003	5	10080
2003	6	4362
2003	7	2827
2003	8	6088
2003	9	681
2003	10	4124
2003	11	8471
2003	12	8088
2004	1	2903
2004	2	916
2004	3	1048
2004	4	12611
2004	5	8006
2004	6	3930
2004	7	3733
2004	8	7286
2004	9	5685
2004	10	1742
2004	11	3365
2004	12	4825
2005	1	3487
2005	2	1376
2005	3	1054
2005	4	22933
2005	5	13473
2005	6	4807
2005	7	1941
2005	8	509
2005	9	3870
2005	10	11556
2005	11	8774
2005	12	5296
2006	1	5903
2006	2	3940
2006	3	3477
2006	4	22380
2006	5	8847
2006	6	3751
2006	7	3239
2006	8	2375
2006	9	725
2006	10	8763
2006	11	8710
2006	12	3338
2007	1	3250
2007	2	900
2007	3	1854
2007	4	12754
2007	5	16859
2007	6	3047
2007	7	2615
2007	8	2194
2007	9	1377
2007	10	4606
2007	11	5932
2007	12	1845
2008	1	3229
2008	2	2307
2008	3	1641
2008	4	25162
2008	5	19126
2008	6	5976
2008	7	4813
2008	8	7947
2008	9	2341
2008	10	4268
2008	11	5892
2008	12	2690
2009	1	1737
2009	2	1055
2009	3	2670
2009	4	24326
2009	5	7310
2009	6	3635
2009	7	6938
2009	8	3879
2009	9	751
2009	10	6071
2009	11	4890
2009	12	4837
2010	1	1653
2010	2	1542
2010	3	3199
2010	4	20967
2010	5	4086
2010	6	2263
2010	7	2231
2010	8	746
2010	9	1528
2010	10	8010
2010	11	6392
2010	12	3541
2011	1	1111
2011	2	589
2011	3	2658
2011	4	14302
2011	5	25593
2011	6	4865
2011	7	2483
2011	8	5214
2011	9	8406
2011	10	4718
2011	11	2734
2011	12	3965
2012	1	1603
2012	2	970
2012	3	11311
2012	4	11095
2012	5	6696
2012	6	7162
2012	7	2419
2012	8	1173
2012	9	371
2012	10	5549
2012	11	4239
2012	12	1285
2013	1	1175
2013	2	1220
2013	3	1899
2013	4	13448
2013	5	12018
2013	6	7568
2013	7	4097
2013	8	2208
2013	9	3168
2013	10	1240
2013	11	3996
2013	12	2040
2014	1	2358
2014	2	1061
2014	3	523
2014	4	17202
2014	5	16078
2014	6	4786
2014	7	1778
2014	8	1365
2014	9	1190
2014	10	4291
2014	11	1568
2014	12	0
2015	1	0
2015	2	0
2015	3	0
2015	4	10083
2015	5	8922
2015	6	4537
2015	7	4147
2015	8	2136
2015	9	671
