1940	1	1926
1940	2	1161
1940	3	1125
1940	4	12565
1940	5	41270
1940	6	19053
1940	7	10418
1940	8	2120
1940	9	1873
1940	10	1970
1940	11	10427
1940	12	3915
1941	1	3892
1941	2	1893
1941	3	1396
1941	4	30149
1941	5	16945
1941	6	7589
1941	7	9603
1941	8	3280
1941	9	7518
1941	10	10311
1941	11	14310
1941	12	4638
1942	1	2909
1942	2	1528
1942	3	2100
1942	4	20733
1942	5	42291
1942	6	13444
1942	7	4540
1942	8	2154
1942	9	1190
1942	10	2900
1942	11	3397
1942	12	1482
1943	1	899
1943	2	688
1943	3	1023
1943	4	5141
1943	5	50545
1943	6	15858
1943	7	6421
1943	8	4781
1943	9	2832
1943	10	8960
1943	11	17211
1943	12	2816
1944	1	1185
1944	2	796
1944	3	669
1944	4	3298
1944	5	29964
1944	6	6485
1944	7	4701
1944	8	3465
1944	9	3564
1944	10	10002
1944	11	5083
1944	12	2480
1945	1	3396
1945	2	2138
1945	3	4804
1945	4	45573
1945	5	22606
1945	6	11368
1945	7	10787
1945	8	3479
1945	9	5858
1945	10	8934
1945	11	5299
1945	12	2886
1946	1	2128
1946	2	1809
1946	3	4510
1946	4	22053
1946	5	40993
1946	6	7132
1946	7	3917
1946	8	3697
1946	9	2053
1946	10	6951
1946	11	7432
1946	12	4236
1947	1	2149
1947	2	3941
1947	3	3500
1947	4	14866
1947	5	64122
1947	6	21799
1947	7	10126
1947	8	5813
1947	9	2126
1947	10	1578
1947	11	1367
1947	12	1410
1948	1	870
1948	2	561
1948	3	1293
1948	4	21732
1948	5	35490
1948	6	7644
1948	7	4653
1948	8	3468
1948	9	1644
1948	10	5374
1948	11	8098
1948	12	7038
1949	1	3016
1949	2	1957
1949	3	2631
1949	4	28816
1949	5	19394
1949	6	8438
1949	7	3812
1949	8	1923
1949	9	2908
1949	10	2063
1949	11	4467
1949	12	4621
1950	1	5539
1950	2	2914
1950	3	2795
1950	4	17937
1950	5	20922
1950	6	11335
1950	7	5769
1950	8	2693
1950	9	3381
1950	10	3247
1950	11	13839
1950	12	22897
1951	1	4235
1951	2	4230
1951	3	3453
1951	4	41819
1951	5	21548
1951	6	9081
1951	7	10926
1951	8	4683
1951	9	3275
1951	10	3239
1951	11	11716
1951	12	7232
1952	1	3608
1952	2	2308
1952	3	2052
1952	4	20771
1952	5	38303
1952	6	16726
1952	7	3851
1952	8	2177
1952	9	1196
1952	10	5620
1952	11	4811
1952	12	3552
1953	1	2610
1953	2	3496
1953	3	5171
1953	4	45243
1953	5	27199
1953	6	5374
1953	7	2925
1953	8	1037
1953	9	1105
1953	10	1408
1953	11	3356
1953	12	7536
1954	1	2830
1954	2	1970
1954	3	4345
1954	4	29916
1954	5	32554
1954	6	18022
1954	7	14766
1954	8	15516
1954	9	14697
1954	10	17611
1954	11	11518
1954	12	6823
1955	1	4338
1955	2	2716
1955	3	3614
1955	4	30923
1955	5	42793
1955	6	9330
1955	7	3227
1955	8	4155
1955	9	2441
1955	10	1679
1955	11	3045
1955	12	1231
1956	1	1369
1956	2	1029
1956	3	884
1956	4	9572
1956	5	31867
1956	6	14972
1956	7	4746
1956	8	2576
1956	9	2414
1956	10	3438
1956	11	2075
1956	12	1971
1957	1	1078
1957	2	1115
1957	3	1577
1957	4	14849
1957	5	18893
1957	6	9780
1957	7	8039
1957	8	4323
1957	9	3549
1957	10	3578
1957	11	12455
1957	12	15284
1958	1	7438
1958	2	3051
1958	3	2468
1958	4	34501
1958	5	30702
1958	6	9396
1958	7	10590
1958	8	19129
1958	9	9434
1958	10	4978
1958	11	6852
1958	12	3939
1959	1	2569
1959	2	1601
1959	3	1837
1959	4	23520
1959	5	24525
1959	6	12196
1959	7	5457
1959	8	7301
1959	9	6494
1959	10	8576
1959	11	13537
1959	12	10144
1960	1	2695
1960	2	2441
1960	3	2334
1960	4	21972
1960	5	51527
1960	6	8245
1960	7	3558
1960	8	1302
1960	9	1554
1960	10	2354
1960	11	5872
1960	12	3820
1961	1	1680
1961	2	1007
1961	3	1370
1961	4	8410
1961	5	68096
1961	6	16957
1961	7	4340
1961	8	3078
1961	9	8239
1961	10	5257
1961	11	3507
1961	12	4212
1962	1	2619
1962	2	1356
1962	3	1218
1962	4	18954
1962	5	24961
1962	6	9517
1962	7	10829
1962	8	7669
1962	9	4279
1962	10	3849
1962	11	16233
1962	12	5758
1963	1	2793
1963	2	1548
1963	3	1368
1963	4	17080
1963	5	45335
1963	6	5943
1963	7	4659
1963	8	7984
1963	9	12179
1963	10	8959
1963	11	22719
1963	12	8534
1964	1	2185
1964	2	1693
1964	3	2385
1964	4	18676
1964	5	23441
1964	6	7765
1964	7	5635
1964	8	4071
1964	9	3299
1964	10	2510
1964	11	4456
1964	12	4736
1965	1	4759
1965	2	1969
1965	3	2381
1965	4	8622
1965	5	18387
1965	6	8614
1965	7	2214
1965	8	3084
1965	9	6077
1965	10	8138
1965	11	6326
1965	12	3606
1966	1	3080
1966	2	2660
1966	3	4880
1966	4	24080
1966	5	29703
1966	6	7341
1966	7	2946
1966	8	2121
1966	9	2523
1966	10	7473
1966	11	11065
1966	12	9185
1967	1	3048
1967	2	1678
1967	3	1320
1967	4	7688
1967	5	35012
1967	6	9446
1967	7	4604
1967	8	5143
1967	9	9711
1967	10	10750
1967	11	7295
1967	12	6634
1968	1	3130
1968	2	3674
1968	3	4981
1968	4	43136
1968	5	14583
1968	6	3616
1968	7	3029
1968	8	909
1968	9	935
1968	10	1115
1968	11	1535
1968	12	1754
1969	1	1504
1969	2	1626
1969	3	1206
1969	4	14665
1969	5	62048
1969	6	9008
1969	7	3386
1969	8	4119
1969	9	7812
1969	10	4428
1969	11	17424
1969	12	8285
1970	1	5708
1970	2	5207
1970	3	2862
1970	4	17803
1970	5	38374
1970	6	10938
1970	7	3851
1970	8	1448
1970	9	5280
1970	10	12604
1970	11	7946
1970	12	3459
1971	1	1973
1971	2	1692
1971	3	1605
1971	4	9864
1971	5	48145
1971	6	4947
1971	7	3260
1971	8	9863
1971	9	11067
1971	10	6655
1971	11	2899
1971	12	2255
1972	1	1745
1972	2	1392
1972	3	2899
1972	4	10318
1972	5	55822
1972	6	12826
1972	7	8910
1972	8	9746
1972	9	7917
1972	10	10141
1972	11	8998
1972	12	4986
1973	1	4427
1973	2	7478
1973	3	9959
1973	4	43890
1973	5	41812
1973	6	11617
1973	7	4716
1973	8	5207
1973	9	4452
1973	10	4642
1973	11	2838
1973	12	11641
1974	1	6325
1974	2	3630
1974	3	6303
1974	4	21340
1974	5	68161
1974	6	11713
1974	7	4768
1974	8	3209
1974	9	2833
1974	10	2914
1974	11	3684
1974	12	6346
1975	1	3200
1975	2	1930
1975	3	2579
1975	4	11501
1975	5	49774
1975	6	12850
1975	7	3881
1975	8	2470
1975	9	3498
1975	10	4373
1975	11	6864
1975	12	3551
1976	1	2164
1976	2	3625
1976	3	4047
1976	4	48906
1976	5	36516
1976	6	8096
1976	7	14648
1976	8	21040
1976	9	7913
1976	10	15834
1976	11	12013
1976	12	5297
1977	1	2210
1977	2	1422
1977	3	3753
1977	4	35996
1977	5	31118
1977	6	12619
1977	7	4815
1977	8	4466
1977	9	4993
1977	10	19403
1977	11	8810
1977	12	4648
1978	1	5402
1978	2	4290
1978	3	2151
1978	4	14887
1978	5	46019
1978	6	9823
1978	7	3509
1978	8	1616
1978	9	2851
1978	10	2746
1978	11	3074
1978	12	1665
1979	1	3538
1979	2	3824
1979	3	16856
1979	4	37956
1979	5	30965
1979	6	15576
1979	7	4172
1979	8	2945
1979	9	10859
1979	10	6270
1979	11	7918
1979	12	4820
1980	1	2812
1980	2	1333
1980	3	1713
1980	4	21858
1980	5	14227
1980	6	4661
1980	7	5969
1980	8	4409
1980	9	5369
1980	10	8536
1980	11	5440
1980	12	6536
1981	1	2714
1981	2	8609
1981	3	7982
1981	4	29336
1981	5	17816
1981	6	9885
1981	7	5979
1981	8	24637
1981	9	11230
1981	10	18368
1981	11	12200
1981	12	6037
1982	1	3779
1982	2	2143
1982	3	2252
1982	4	25786
1982	5	37044
1982	6	5852
1982	7	2813
1982	8	2747
1982	9	6194
1982	10	4404
1982	11	8761
1982	12	8171
1983	1	5622
1983	2	2983
1983	3	3427
1983	4	49210
1983	5	36009
1983	6	14591
1983	7	4130
1983	8	2254
1983	9	2497
1983	10	4153
1983	11	11841
1983	12	10895
1984	1	3851
1984	2	4448
1984	3	4385
1984	4	37026
1984	5	45280
1984	6	17036
1984	7	17249
1984	8	5906
1984	9	2839
1984	10	2769
1984	11	5728
1984	12	5050
1985	1	2498
1985	2	1226
1985	3	2296
1985	4	21225
1985	5	23906
1985	6	7943
1985	7	7467
1985	8	3765
1985	9	1822
1985	10	4462
1985	11	5045
1985	12	3288
1986	1	2790
1986	2	6319
1986	3	2910
1986	4	33533
1986	5	17193
1986	6	8983
1986	7	8966
1986	8	13027
1986	9	11605
1986	10	9508
1986	11	6378
1986	12	6987
1987	1	3055
1987	2	1355
1987	3	4044
1987	4	41096
1987	5	6464
1987	6	6080
1987	7	5565
1987	8	2254
1987	9	3476
1987	10	5754
1987	11	6996
1987	12	7420
1988	1	2498
1988	2	2085
1988	3	1628
1988	4	28463
1988	5	17309
1988	6	3884
1988	7	6045
1988	8	4722
1988	9	3113
1988	10	6590
1988	11	13394
1988	12	4275
1989	1	1902
1989	2	1266
1989	3	1422
1989	4	22336
1989	5	28764
1989	6	10147
1989	7	2877
1989	8	2250
1989	9	3257
1989	10	3083
1989	11	7233
1989	12	2565
1990	1	2704
1990	2	3363
1990	3	9763
1990	4	29322
1990	5	23474
1990	6	10131
1990	7	3575
1990	8	6817
1990	9	3837
1990	10	19837
1990	11	12903
1990	12	11038
1991	1	6225
1991	2	3034
1991	3	4080
1991	4	44420
1991	5	29304
1991	6	4536
1991	7	2077
1991	8	2251
1991	9	3058
1991	10	12763
1991	11	8889
1991	12	4557
1992	1	4403
1992	2	2978
1992	3	3651
1992	4	26923
1992	5	23238
1992	6	9385
1992	7	13738
1992	8	8683
1992	9	3549
1992	10	4650
1992	11	7139
1992	12	3300
1993	1	2220
1993	2	892
1993	3	854
1993	4	35618
1993	5	16708
1993	6	14467
1993	7	3958
1993	8	3792
1993	9	5754
1993	10	10988
1993	11	11886
1993	12	9717
1994	1	3312
1994	2	2735
1994	3	2625
1994	4	31274
1994	5	38509
1994	6	20540
1994	7	10690
1994	8	4149
1994	9	2527
1994	10	2828
1994	11	9875
1994	12	4683
1995	1	8093
1995	2	4126
1995	3	7617
1995	4	22569
1995	5	24461
1995	6	7612
1995	7	3330
1995	8	1657
1995	9	900
1995	10	4572
1995	11	15909
1995	12	3716
1996	1	6958
1996	2	12009
1996	3	7995
1996	4	32251
1996	5	33719
1996	6	11078
1996	7	12722
1996	8	4781
1996	9	6223
1996	10	5323
1996	11	5782
1996	12	11453
1997	1	3962
1997	2	2608
1997	3	3233
1997	4	20240
1997	5	53093
1997	6	9530
1997	7	3889
1997	8	2166
1997	9	2230
1997	10	1470
1997	11	6615
1997	12	1877
1998	1	1801
1998	2	2266
1998	3	9863
1998	4	47533
1998	5	13110
1998	6	3373
1998	7	6699
1998	8	2215
1998	9	4927
1998	10	3794
1998	11	5300
1998	12	3977
1999	1	3564
1999	2	3301
1999	3	7092
1999	4	28643
1999	5	17286
1999	6	6037
1999	7	4658
1999	8	3289
1999	9	9206
1999	10	10148
1999	11	10489
1999	12	9144
2000	1	2968
2000	2	1823
2000	3	8682
2000	4	45770
2000	5	28622
2000	6	6361
2000	7	3670
2000	8	2094
2000	9	1295
2000	10	2612
2000	11	7296
2000	12	6369
2001	1	4306
2001	2	2599
2001	3	1951
2001	4	23681
2001	5	22667
2001	6	9539
2001	7	5682
2001	8	1598
2001	9	1895
2001	10	3053
2001	11	3036
2001	12	4777
2002	1	1678
2002	2	1222
2002	3	2746
2002	4	31012
2002	5	15091
2002	6	8463
2002	7	12471
2002	8	1767
2002	9	892
2002	10	1397
2002	11	3161
2002	12	2426
2003	1	1850
2003	2	1019
2003	3	1503
2003	4	26873
2003	5	23157
2003	6	9170
2003	7	5511
2003	8	12709
2003	9	2740
2003	10	9258
2003	11	18646
2003	12	16268
2004	1	7212
2004	2	2267
2004	3	2172
2004	4	24960
2004	5	15689
2004	6	7933
2004	7	8476
2004	8	15035
2004	9	11398
2004	10	4211
2004	11	6106
2004	12	10257
2005	1	6435
2005	2	2870
2005	3	2194
2005	4	42677
2005	5	32277
2005	6	11098
2005	7	4551
2005	8	1423
2005	9	6050
2005	10	23007
2005	11	21373
2005	12	12703
2006	1	11744
2006	2	9127
2006	3	7170
2006	4	41433
2006	5	19145
2006	6	8951
2006	7	7405
2006	8	4278
2006	9	1545
2006	10	14342
2006	11	19380
2006	12	7316
2007	1	6528
2007	2	2578
2007	3	3547
2007	4	21853
2007	5	33690
2007	6	7057
2007	7	5035
2007	8	4452
2007	9	2699
2007	10	7169
2007	11	14073
2007	12	5172
2008	1	7527
2008	2	5527
2008	3	3936
2008	4	42660
2008	5	43003
2008	6	10048
2008	7	10280
2008	8	18390
2008	9	4650
2008	10	8043
2008	11	12944
2008	12	6346
2009	1	4126
2009	2	2281
2009	3	5313
2009	4	45956
2009	5	18471
2009	6	7320
2009	7	12070
2009	8	9170
2009	9	2169
2009	10	9474
2009	11	8977
2009	12	9628
2010	1	3514
2010	2	3154
2010	3	5926
2010	4	42273
2010	5	10382
2010	6	5050
2010	7	4808
2010	8	1773
2010	9	3049
2010	10	16281
2010	11	14396
2010	12	15339
2011	1	3995
2011	2	1936
2011	3	6006
2011	4	25517
2011	5	49254
2011	6	14222
2011	7	7481
2011	8	11666
2011	9	17949
2011	10	9399
2011	11	6072
2011	12	7427
2012	1	3931
2012	2	2446
2012	3	19890
2012	4	23173
2012	5	15857
2012	6	12133
2012	7	6162
2012	8	2532
2012	9	1264
2012	10	8373
2012	11	8948
2012	12	3095
2013	1	2775
2013	2	3603
2013	3	4980
2013	4	25715
2013	5	23340
2013	6	17478
2013	7	9260
2013	8	5337
2013	9	6092
2013	10	3003
2013	11	6097
2013	12	4886
2014	1	5053
2014	2	2758
2014	3	1585
2014	4	31182
2014	5	33222
2014	6	8994
2014	7	4286
2014	8	3798
2014	9	2584
2014	10	6790
2014	11	4454
2014	12	0
2015	1	0
2015	2	0
2015	3	0
2015	4	16563
2015	5	19067
2015	6	9746
2015	7	7768
2015	8	5939
2015	9	2663
