1940	1	5280
1940	2	4406
1940	3	5036
1940	4	36131
1940	5	28909
1940	6	11364
1940	7	9357
1940	8	5267
1940	9	7075
1940	10	6876
1940	11	14968
1940	12	7314
1941	1	7750
1941	2	6609
1941	3	6233
1941	4	25556
1941	5	10581
1941	6	5831
1941	7	5046
1941	8	4603
1941	9	4264
1941	10	4810
1941	11	8034
1941	12	5662
1942	1	7403
1942	2	4479
1942	3	11261
1942	4	27973
1942	5	20622
1942	6	16381
1942	7	6284
1942	8	5188
1942	9	5166
1942	10	5693
1942	11	6953
1942	12	6582
1943	1	4805
1943	2	5556
1943	3	7952
1943	4	18523
1943	5	29432
1943	6	11346
1943	7	7939
1943	8	5923
1943	9	5654
1943	10	12395
1943	11	22590
1943	12	7081
1944	1	5812
1944	2	5093
1944	3	5795
1944	4	15016
1944	5	17882
1944	6	7486
1944	7	5590
1944	8	4495
1944	9	6142
1944	10	11802
1944	11	13529
1944	12	9157
1945	1	10804
1945	2	6979
1945	3	14922
1945	4	36256
1945	5	33629
1945	6	9847
1945	7	7781
1945	8	5239
1945	9	6198
1945	10	10327
1945	11	11010
1945	12	8801
1946	1	7955
1946	2	7000
1946	3	17531
1946	4	24536
1946	5	24506
1946	6	7865
1946	7	5797
1946	8	5121
1946	9	5151
1946	10	7170
1946	11	8820
1946	12	8243
1947	1	6877
1947	2	11278
1947	3	11798
1947	4	24770
1947	5	39896
1947	6	20267
1947	7	11527
1947	8	6891
1947	9	5557
1947	10	5045
1947	11	4987
1947	12	4343
1948	1	3601
1948	2	3452
1948	3	6792
1948	4	23306
1948	5	26803
1948	6	9274
1948	7	5569
1948	8	5058
1948	9	4320
1948	10	4873
1948	11	13188
1948	12	9003
1949	1	13078
1949	2	6825
1949	3	9932
1949	4	26116
1949	5	11544
1949	6	7401
1949	7	5145
1949	8	4179
1949	9	4579
1949	10	4175
1949	11	7718
1949	12	8848
1950	1	9241
1950	2	6176
1950	3	8891
1950	4	30843
1950	5	13000
1950	6	8337
1950	7	7299
1950	8	5554
1950	9	6007
1950	10	5108
1950	11	20231
1950	12	32556
1951	1	9757
1951	2	12797
1951	3	11683
1951	4	42863
1951	5	17461
1951	6	8958
1951	7	10403
1951	8	6625
1951	9	6553
1951	10	6834
1951	11	17276
1951	12	13729
1952	1	10759
1952	2	10055
1952	3	9809
1952	4	32656
1952	5	20316
1952	6	19053
1952	7	5842
1952	8	4417
1952	9	4327
1952	10	4893
1952	11	4886
1952	12	6142
1953	1	6530
1953	2	10897
1953	3	19806
1953	4	40546
1953	5	19404
1953	6	7483
1953	7	4992
1953	8	4550
1953	9	4469
1953	10	5192
1953	11	11598
1953	12	18382
1954	1	6940
1954	2	7440
1954	3	11549
1954	4	36048
1954	5	27809
1954	6	16366
1954	7	11763
1954	8	15843
1954	9	27132
1954	10	23761
1954	11	20613
1954	12	16336
1955	1	10621
1955	2	11681
1955	3	13145
1955	4	40410
1955	5	28132
1955	6	12313
1955	7	5682
1955	8	6328
1955	9	5235
1955	10	4647
1955	11	5959
1955	12	3487
1956	1	7766
1956	2	5782
1956	3	5617
1956	4	22254
1956	5	22422
1956	6	10479
1956	7	5967
1956	8	4966
1956	9	5097
1956	10	6740
1956	11	7740
1956	12	7940
1957	1	6245
1957	2	5464
1957	3	7865
1957	4	16079
1957	5	11875
1957	6	5565
1957	7	4547
1957	8	5425
1957	9	4293
1957	10	3993
1957	11	12155
1957	12	22537
1958	1	12681
1958	2	8522
1958	3	10768
1958	4	40243
1958	5	27927
1958	6	7268
1958	7	6844
1958	8	10947
1958	9	8424
1958	10	8857
1958	11	12494
1958	12	7913
1959	1	7022
1959	2	5691
1959	3	5708
1959	4	32672
1959	5	12623
1959	6	17198
1959	7	9118
1959	8	7134
1959	9	9507
1959	10	12554
1959	11	21980
1959	12	23325
1960	1	10284
1960	2	9560
1960	3	8245
1960	4	33695
1960	5	33750
1960	6	8869
1960	7	7395
1960	8	5550
1960	9	4496
1960	10	5807
1960	11	8316
1960	12	11550
1961	1	7937
1961	2	6405
1961	3	7161
1961	4	25464
1961	5	45290
1961	6	19775
1961	7	6487
1961	8	5540
1961	9	6866
1961	10	9225
1961	11	10369
1961	12	11620
1962	1	9376
1962	2	6509
1962	3	7323
1962	4	24980
1962	5	13731
1962	6	6543
1962	7	6833
1962	8	9745
1962	9	6828
1962	10	6633
1962	11	21416
1962	12	12410
1963	1	7684
1963	2	7173
1963	3	6686
1963	4	30373
1963	5	34148
1963	6	7618
1963	7	5272
1963	8	8821
1963	9	7429
1963	10	7560
1963	11	32428
1963	12	17649
1964	1	8684
1964	2	7390
1964	3	8270
1964	4	21743
1964	5	11730
1964	6	6353
1964	7	5863
1964	8	5426
1964	9	5115
1964	10	6096
1964	11	6654
1964	12	11398
1965	1	10786
1965	2	6105
1965	3	9492
1965	4	17711
1965	5	13525
1965	6	5676
1965	7	5430
1965	8	5421
1965	9	4975
1965	10	6442
1965	11	8833
1965	12	6606
1966	1	6220
1966	2	6096
1966	3	13188
1966	4	23293
1966	5	13917
1966	6	7841
1966	7	7400
1966	8	5336
1966	9	5438
1966	10	7350
1966	11	21041
1966	12	9360
1967	1	6930
1967	2	6108
1967	3	5358
1967	4	16446
1967	5	22870
1967	6	12020
1967	7	8061
1967	8	7205
1967	9	12727
1967	10	13535
1967	11	11791
1967	12	11228
1968	1	8803
1968	2	10944
1968	3	11650
1968	4	31486
1968	5	10780
1968	6	8010
1968	7	6549
1968	8	4401
1968	9	4646
1968	10	4672
1968	11	6507
1968	12	10426
1969	1	6135
1969	2	5766
1969	3	5950
1969	4	31073
1969	5	38654
1969	6	11875
1969	7	6103
1969	8	8172
1969	9	12170
1969	10	7078
1969	11	23838
1969	12	18456
1970	1	12377
1970	2	21957
1970	3	9706
1970	4	29460
1970	5	34474
1970	6	10447
1970	7	7747
1970	8	5377
1970	9	4710
1970	10	8425
1970	11	9217
1970	12	7179
1971	1	6690
1971	2	10264
1971	3	10948
1971	4	31503
1971	5	34764
1971	6	6905
1971	7	4847
1971	8	4403
1971	9	5309
1971	10	5683
1971	11	5249
1971	12	4851
1972	1	4927
1972	2	4941
1972	3	9340
1972	4	20890
1972	5	38884
1972	6	20640
1972	7	12311
1972	8	8494
1972	9	9405
1972	10	8546
1972	11	13117
1972	12	14245
1973	1	10777
1973	2	15046
1973	3	20075
1973	4	41523
1973	5	42319
1973	6	12489
1973	7	15169
1973	8	10437
1973	9	9243
1973	10	7713
1973	11	9674
1973	12	34675
1974	1	11683
1974	2	8364
1974	3	13554
1974	4	27373
1974	5	46429
1974	6	13493
1974	7	8088
1974	8	6043
1974	9	5962
1974	10	6052
1974	11	6298
1974	12	12155
1975	1	7446
1975	2	6667
1975	3	9745
1975	4	20112
1975	5	21637
1975	6	18669
1975	7	5674
1975	8	5013
1975	9	5806
1975	10	6862
1975	11	10245
1975	12	11107
1976	1	8957
1976	2	15634
1976	3	15374
1976	4	50513
1976	5	29712
1976	6	8913
1976	7	13670
1976	8	17464
1976	9	9070
1976	10	16342
1976	11	14850
1976	12	8547
1977	1	8241
1977	2	7321
1977	3	15022
1977	4	37446
1977	5	16983
1977	6	18815
1977	7	9720
1977	8	6460
1977	9	7674
1977	10	23422
1977	11	12870
1977	12	12436
1978	1	19622
1978	2	12110
1978	3	10777
1978	4	31513
1978	5	23773
1978	6	8831
1978	7	4405
1978	8	3374
1978	9	4844
1978	10	5483
1978	11	4929
1978	12	4450
1979	1	10445
1979	2	11528
1979	3	32303
1979	4	38226
1979	5	31141
1979	6	17285
1979	7	5567
1979	8	6669
1979	9	7707
1979	10	10310
1979	11	15726
1979	12	10313
1980	1	7997
1980	2	4974
1980	3	7211
1980	4	22426
1980	5	15404
1980	6	6073
1980	7	6953
1980	8	7605
1980	9	6639
1980	10	9303
1980	11	10663
1980	12	12824
1981	1	5849
1981	2	15878
1981	3	11268
1981	4	19506
1981	5	12588
1981	6	11999
1981	7	8266
1981	8	10886
1981	9	19772
1981	10	28329
1981	11	21476
1981	12	15517
1982	1	12901
1982	2	10203
1982	3	11777
1982	4	35596
1982	5	20328
1982	6	7330
1982	7	4734
1982	8	4968
1982	9	6127
1982	10	5811
1982	11	13514
1982	12	11450
1983	1	10792
1983	2	9021
1983	3	18554
1983	4	45113
1983	5	27648
1983	6	14884
1983	7	7709
1983	8	6544
1983	9	5789
1983	10	6587
1983	11	18946
1983	12	26167
1984	1	9133
1984	2	11229
1984	3	12379
1984	4	37770
1984	5	26983
1984	6	36340
1984	7	13763
1984	8	6678
1984	9	5353
1984	10	5093
1984	11	5524
1984	12	5809
1985	1	4712
1985	2	5353
1985	3	11011
1985	4	16236
1985	5	10085
1985	6	6384
1985	7	7755
1985	8	5252
1985	9	5560
1985	10	5429
1985	11	10271
1985	12	6181
1986	1	10254
1986	2	11342
1986	3	10725
1986	4	30116
1986	5	14878
1986	6	8920
1986	7	6607
1986	8	11698
1986	9	8997
1986	10	8008
1986	11	7092
1986	12	11910
1987	1	7729
1987	2	6257
1987	3	10222
1987	4	42553
1987	5	10463
1987	6	7639
1987	7	4951
1987	8	3658
1987	9	5997
1987	10	8105
1987	11	6331
1987	12	13167
1988	1	5787
1988	2	6310
1988	3	8958
1988	4	23263
1988	5	10228
1988	6	4079
1988	7	4765
1988	8	6173
1988	9	6025
1988	10	7584
1988	11	16811
1988	12	8408
1989	1	5233
1989	2	5067
1989	3	5546
1989	4	27310
1989	5	34890
1989	6	10167
1989	7	5010
1989	8	9257
1989	9	7079
1989	10	7182
1989	11	12854
1989	12	6308
1990	1	6834
1990	2	9030
1990	3	15675
1990	4	29806
1990	5	18603
1990	6	16020
1990	7	8288
1990	8	8795
1990	9	7290
1990	10	23655
1990	11	22933
1990	12	18296
1991	1	9732
1991	2	6967
1991	3	13651
1991	4	42420
1991	5	17767
1991	6	7900
1991	7	4028
1991	8	8256
1991	9	8255
1991	10	15561
1991	11	13720
1991	12	7495
1992	1	10041
1992	2	6805
1992	3	13632
1992	4	27806
1992	5	13449
1992	6	6929
1992	7	9237
1992	8	7439
1992	9	6158
1992	10	6197
1992	11	7884
1992	12	6494
1993	1	4848
1993	2	3873
1993	3	6154
1993	4	43933
1993	5	15706
1993	6	12365
1993	7	6036
1993	8	4387
1993	9	5391
1993	10	9156
1993	11	11221
1993	12	19395
1994	1	7184
1994	2	7323
1994	3	7902
1994	4	41880
1994	5	27319
1994	6	8566
1994	7	6499
1994	8	4822
1994	9	4957
1994	10	5392
1994	11	7845
1994	12	7137
1995	1	11694
1995	2	6528
1995	3	11487
1995	4	19206
1995	5	14322
1995	6	8694
1995	7	4202
1995	8	3573
1995	9	3186
1995	10	6168
1995	11	22656
1995	12	7737
1996	1	16797
1996	2	21739
1996	3	17280
1996	4	32066
1996	5	32090
1996	6	13695
1996	7	24489
1996	8	6811
1996	9	7740
1996	10	8352
1996	11	8457
1996	12	21391
1997	1	9266
1997	2	6827
1997	3	7256
1997	4	27006
1997	5	38225
1997	6	8687
1997	7	6260
1997	8	4384
1997	9	7062
1997	10	5721
1997	11	8038
1997	12	5183
1998	1	6119
1998	2	10014
1998	3	26070
1998	4	44036
1998	5	16648
1998	6	14349
1998	7	12796
1998	8	5464
1998	9	5222
1998	10	7413
1998	11	7631
1998	12	6633
1999	1	9216
1999	2	9828
1999	3	24212
1999	4	25673
1999	5	9162
1999	6	6673
1999	7	4584
1999	8	4905
1999	9	14275
1999	10	14501
1999	11	14970
1999	12	16251
2000	1	7008
2000	2	6129
2000	3	19048
2000	4	51060
2000	5	25877
2000	6	7225
2000	7	5667
2000	8	4779
2000	9	5262
2000	10	5386
2000	11	6814
2000	12	11840
2001	1	6825
2001	2	4992
2001	3	5364
2001	4	24551
2001	5	13396
2001	6	6941
2001	7	4176
2001	8	3228
2001	9	3579
2001	10	3804
2001	11	3320
2001	12	4992
2002	1	3707
2002	2	3666
2002	3	13240
2002	4	28906
2002	5	11000
2002	6	6071
2002	7	5102
2002	8	4433
2002	9	4627
2002	10	5388
2002	11	8605
2002	12	9912
2003	1	4312
2003	2	3311
2003	3	7510
2003	4	27470
2003	5	16211
2003	6	9699
2003	7	4647
2003	8	6571
2003	9	5458
2003	10	18717
2003	11	23020
2003	12	25954
2004	1	11185
2004	2	6310
2004	3	7239
2004	4	20913
2004	5	10277
2004	6	5881
2004	7	5640
2004	8	8236
2004	9	9447
2004	10	6085
2004	11	7242
2004	12	15322
2005	1	9046
2005	2	6767
2005	3	7600
2005	4	45720
2005	5	34193
2005	6	14607
2005	7	7876
2005	8	6403
2005	9	11176
2005	10	34347
2005	11	33343
2005	12	25201
2006	1	25138
2006	2	17060
2006	3	10525
2006	4	18446
2006	5	23904
2006	6	20749
2006	7	10647
2006	8	7224
2006	9	5820
2006	10	15488
2006	11	27876
2006	12	13899
2007	1	11955
2007	2	7392
2007	3	12201
2007	4	31783
2007	5	30470
2007	6	8761
2007	7	5186
2007	8	4447
2007	9	4560
2007	10	6033
2007	11	21844
2007	12	11085
2008	1	11566
2008	2	9866
2008	3	13635
2008	4	39282
2008	5	32724
2008	6	11261
2008	7	9876
2008	8	13615
2008	9	7047
2008	10	12911
2008	11	19533
2008	12	17996
2009	1	9873
2009	2	8476
2009	3	11504
2009	4	44066
2009	5	16477
2009	6	14660
2009	7	17884
2009	8	13018
2009	9	5812
2009	10	10326
2009	11	14924
2009	12	15617
2010	1	12585
2010	2	11320
2010	3	21574
2010	4	28850
2010	5	8423
2010	6	9045
2010	7	5633
2010	8	4242
2010	9	6065
2010	10	13292
2010	11	22629
2010	12	31758
2011	1	10107
2011	2	7078
2011	3	20153
2011	4	35086
2011	5	37538
2011	6	12313
2011	7	5505
2011	8	9919
2011	9	20685
2011	10	13846
2011	11	8752
2011	12	12185
2012	1	8850
2012	2	6747
2012	3	18578
2012	4	17258
2012	5	17460
2012	6	18051
2012	7	10356
2012	8	5023
2012	9	5499
2012	10	15777
2012	11	17956
2012	12	11422
2013	1	9101
2013	2	12077
2013	3	12538
2013	4	24453
2013	5	18393
2013	6	23836
2013	7	14324
2013	8	10810
2013	9	13875
2013	10	7295
2013	11	9988
2013	12	10955
2014	1	16116
2014	2	8566
2014	3	6788
2014	4	41470
2014	5	25797
2014	6	11194
2014	7	13646
2014	8	6772
2014	9	4909
2014	10	11619
2014	11	14052
2014	12	7736
2015	3	0
2015	4	22183
2015	5	14446
2015	6	12060
2015	7	6416
2015	8	7969
2015	9	7080
