1940	1	208
1940	2	252
1940	3	528
1940	4	2329
1940	5	971
1940	6	696
1940	7	249
1940	8	153
1940	9	124
1940	10	116
1940	11	290
1940	12	385
1941	1	381
1941	2	624
1941	3	455
1941	4	533
1941	5	298
1941	6	154
1941	7	97
1941	8	91
1941	9	84
1941	10	91
1941	11	136
1941	12	205
1942	1	316
1942	2	335
1942	3	1560
1942	4	626
1942	5	390
1942	6	449
1942	7	326
1942	8	164
1942	9	144
1942	10	154
1942	11	331
1942	12	590
1943	1	515
1943	2	684
1943	3	1184
1943	4	835
1943	5	1130
1943	6	404
1943	7	180
1943	8	148
1943	9	107
1943	10	230
1943	11	527
1943	12	299
1944	1	196
1944	2	300
1944	3	703
1944	4	1067
1944	5	425
1944	6	981
1944	7	284
1944	8	149
1944	9	302
1944	10	195
1944	11	240
1944	12	484
1945	1	485
1945	2	488
1945	3	1533
1945	4	707
1945	5	993
1945	6	632
1945	7	347
1945	8	273
1945	9	189
1945	10	184
1945	11	297
1945	12	568
1946	1	768
1946	2	565
1946	3	1301
1946	4	580
1946	5	818
1946	6	797
1946	7	232
1946	8	265
1946	9	181
1946	10	302
1946	11	207
1946	12	255
1947	1	414
1947	2	662
1947	3	928
1947	4	859
1947	5	689
1947	6	417
1947	7	168
1947	8	147
1947	9	175
1947	10	118
1947	11	453
1947	12	313
1948	1	298
1948	2	453
1948	3	1428
1948	4	869
1948	5	1022
1948	6	1067
1948	7	368
1948	8	158
1948	9	114
1948	10	132
1948	11	318
1948	12	256
1949	1	583
1949	2	771
1949	3	726
1949	4	821
1949	5	466
1949	6	192
1949	7	101
1949	8	95
1949	9	137
1949	10	123
1949	11	126
1949	12	181
1950	1	352
1950	2	371
1950	3	816
1950	4	914
1950	5	410
1950	6	228
1950	7	103
1950	8	96
1950	9	106
1950	10	108
1950	11	294
1950	12	541
1951	1	598
1951	2	1405
1951	3	1155
1951	4	1329
1951	5	558
1951	6	490
1951	7	407
1951	8	372
1951	9	287
1951	10	363
1951	11	1312
1951	12	854
1952	1	1395
1952	2	1220
1952	3	1208
1952	4	1407
1952	5	1007
1952	6	714
1952	7	183
1952	8	278
1952	9	191
1952	10	210
1952	11	226
1952	12	481
1953	1	793
1953	2	1222
1953	3	1834
1953	4	2243
1953	5	1381
1953	6	367
1953	7	160
1953	8	183
1953	9	129
1953	10	191
1953	11	342
1953	12	590
1954	1	354
1954	2	507
1954	3	766
1954	4	791
1954	5	1347
1954	6	508
1954	7	222
1954	8	201
1954	9	1248
1954	10	504
1954	11	1095
1954	12	1504
1955	1	690
1955	2	546
1955	3	987
1955	4	942
1955	5	591
1955	6	390
1955	7	204
1955	8	631
1955	9	334
1955	10	1356
1955	11	1780
1955	12	513
1956	1	1398
1956	2	878
1956	3	1013
1956	4	2358
1956	5	1138
1956	6	575
1956	7	265
1956	8	213
1956	9	168
1956	10	182
1956	11	281
1956	12	489
1957	1	566
1957	2	479
1957	3	703
1957	4	687
1957	5	402
1957	6	182
1957	7	109
1957	8	93
1957	9	89
1957	10	131
1957	11	225
1957	12	559
1958	1	929
1958	2	734
1958	3	1246
1958	4	1776
1958	5	927
1958	6	291
1958	7	210
1958	8	161
1958	9	194
1958	10	229
1958	11	296
1958	12	373
1959	1	445
1959	2	408
1959	3	992
1959	4	1239
1959	5	418
1959	6	272
1959	7	472
1959	8	214
1959	9	279
1959	10	505
1959	11	721
1959	12	919
1960	1	639
1960	2	731
1960	3	619
1960	4	2247
1960	5	889
1960	6	588
1960	7	228
1960	8	267
1960	9	606
1960	10	449
1960	11	623
1960	12	456
1961	1	307
1961	2	550
1961	3	1249
1961	4	1753
1961	5	768
1961	6	517
1961	7	260
1961	8	183
1961	9	274
1961	10	295
1961	11	366
1961	12	326
1962	1	585
1962	2	360
1962	3	939
1962	4	1639
1962	5	618
1962	6	292
1962	7	154
1962	8	221
1962	9	179
1962	10	799
1962	11	845
1962	12	752
1963	1	432
1963	2	395
1963	3	1120
1963	4	1182
1963	5	462
1963	6	235
1963	7	118
1963	8	110
1963	9	115
1963	10	128
1963	11	329
1963	12	375
1964	1	602
1964	2	526
1964	3	1157
1964	4	970
1964	5	341
1964	6	156
1964	7	153
1964	8	81
1964	9	95
1964	10	94
1964	11	107
1964	12	193
1965	1	164
1965	2	325
1965	3	445
1965	4	561
1965	5	235
1965	6	173
1965	7	102
1965	8	84
1965	9	98
1965	10	108
1965	11	139
1965	12	134
1966	1	125
1966	2	354
1966	3	812
1966	4	443
1966	5	394
1966	6	209
1966	7	90
1966	8	71
1966	9	120
1966	10	176
1966	11	334
1966	12	223
1967	1	319
1967	2	323
1967	3	567
1967	4	1657
1967	5	1198
1967	6	592
1967	7	369
1967	8	198
1967	9	130
1967	10	174
1967	11	232
1967	12	532
1968	1	395
1968	2	429
1968	3	1713
1968	4	617
1968	5	523
1968	6	820
1968	7	444
1968	8	146
1968	9	118
1968	10	144
1968	11	310
1968	12	655
1969	1	359
1969	2	350
1969	3	1033
1969	4	1642
1969	5	458
1969	6	185
1969	7	143
1969	8	232
1969	9	215
1969	10	168
1969	11	735
1969	12	892
1970	1	514
1970	2	1543
1970	3	852
1970	4	1495
1970	5	628
1970	6	371
1970	7	202
1970	8	134
1970	9	134
1970	10	187
1970	11	293
1970	12	311
1971	1	240
1971	2	390
1971	3	928
1971	4	1422
1971	5	812
1971	6	292
1971	7	175
1971	8	152
1971	9	150
1971	10	167
1971	11	204
1971	12	475
1972	1	521
1972	2	498
1972	3	1587
1972	4	1589
1972	5	1152
1972	6	941
1972	7	472
1972	8	221
1972	9	195
1972	10	286
1972	11	953
1972	12	1049
1973	1	1098
1973	2	1060
1973	3	1485
1973	4	1617
1973	5	1049
1973	6	542
1973	7	581
1973	8	337
1973	9	194
1973	10	186
1973	11	281
1973	12	1190
1974	1	884
1974	2	825
1974	3	896
1974	4	927
1974	5	706
1974	6	472
1974	7	257
1974	8	104
1974	9	257
1974	10	338
1974	11	368
1974	12	793
1975	1	665
1975	2	703
1975	3	1076
1975	4	1014
1975	5	341
1975	6	312
1975	7	180
1975	8	152
1975	9	385
1975	10	804
1975	11	980
1975	12	795
1976	1	913
1976	2	1521
1976	3	1187
1976	4	719
1976	5	517
1976	6	185
1976	7	124
1976	8	215
1976	9	112
1976	10	202
1976	11	169
1976	12	200
1977	1	131
1977	2	191
1977	3	1750
1977	4	1152
1977	5	652
1977	6	274
1977	7	162
1977	8	200
1977	9	188
1977	10	573
1977	11	804
1977	12	1026
1978	1	1385
1978	2	799
1978	3	1090
1978	4	1525
1978	5	637
1978	6	405
1978	7	171
1978	8	222
1978	9	121
1978	10	177
1978	11	141
1978	12	261
1979	1	1417
1979	2	713
1979	3	1915
1979	4	1152
1979	5	904
1979	6	346
1979	7	236
1979	8	280
1979	9	266
1979	10	694
1979	11	584
1979	12	399
1980	1	317
1980	2	186
1980	3	1105
1980	4	1257
1980	5	659
1980	6	230
1980	7	195
1980	8	159
1980	9	87
1980	10	177
1980	11	214
1980	12	241
1981	1	116
1981	2	956
1981	3	826
1981	4	577
1981	5	577
1981	6	312
1981	7	419
1981	8	210
1981	9	230
1981	10	406
1981	11	692
1981	12	815
1982	1	886
1982	2	957
1982	3	1230
1982	4	1240
1982	5	490
1982	6	1975
1982	7	419
1982	8	329
1982	9	228
1982	10	339
1982	11	364
1982	12	353
1983	1	803
1983	2	948
1983	3	2754
1983	4	2037
1983	5	931
1983	6	612
1983	7	204
1983	8	133
1983	9	162
1983	10	208
1983	11	705
1983	12	1343
1984	1	549
1984	2	1495
1984	3	1208
1984	4	2266
1984	5	1165
1984	6	1796
1984	7	423
1984	8	164
1984	9	111
1984	10	178
1984	11	229
1984	12	305
1985	1	271
1985	2	401
1985	3	580
1985	4	368
1985	5	296
1985	6	173
1985	7	129
1985	8	182
1985	9	273
1985	10	356
1985	11	787
1985	12	530
1986	1	849
1986	2	712
1986	3	1418
1986	4	634
1986	5	342
1986	6	663
1986	7	346
1986	8	452
1986	9	182
1986	10	212
1986	11	617
1986	12	1535
1987	1	676
1987	2	387
1987	3	980
1987	4	3675
1987	5	998
1987	6	312
1987	7	180
1987	8	124
1987	9	224
1987	10	346
1987	11	330
1987	12	517
1988	1	353
1988	2	677
1988	3	766
1988	4	678
1988	5	909
1988	6	297
1988	7	280
1988	8	175
1988	9	219
1988	10	210
1988	11	788
1988	12	437
1989	1	298
1989	2	376
1989	3	386
1989	4	947
1989	5	1259
1989	6	758
1989	7	304
1989	8	377
1989	9	342
1989	10	797
1989	11	852
1989	12	348
1990	1	441
1990	2	1147
1990	3	1050
1990	4	1056
1990	5	1094
1990	6	439
1990	7	157
1990	8	300
1990	9	134
1990	10	587
1990	11	661
1990	12	823
1991	1	643
1991	2	944
1991	3	1069
1991	4	738
1991	5	779
1991	6	296
1991	7	148
1991	8	534
1991	9	479
1991	10	577
1991	11	981
1991	12	908
1992	1	729
1992	2	517
1992	3	763
1992	4	787
1992	5	525
1992	6	830
1992	7	227
1992	8	338
1992	9	154
1992	10	185
1992	11	429
1992	12	625
1993	1	794
1993	2	414
1993	3	894
1993	4	2635
1993	5	499
1993	6	221
1993	7	110
1993	8	115
1993	9	155
1993	10	254
1993	11	391
1993	12	978
1994	1	544
1994	2	590
1994	3	1588
1994	4	1317
1994	5	895
1994	6	275
1994	7	166
1994	8	263
1994	9	360
1994	10	545
1994	11	372
1994	12	936
1995	1	967
1995	2	521
1995	3	875
1995	4	473
1995	5	381
1995	6	240
1995	7	96
1995	8	87
1995	9	76
1995	10	406
1995	11	999
1995	12	419
1996	1	1308
1996	2	1499
1996	3	1270
1996	4	2037
1996	5	1223
1996	6	381
1996	7	437
1996	8	165
1996	9	272
1996	10	1066
1996	11	678
1996	12	1615
1997	1	923
1997	2	784
1997	3	1004
1997	4	1956
1997	5	844
1997	6	259
1997	7	178
1997	8	156
1997	9	117
1997	10	136
1997	11	440
1997	12	358
1998	1	1027
1998	2	1146
1998	3	1930
1998	4	874
1998	5	1091
1998	6	1487
1998	7	426
1998	8	170
1998	9	122
1998	10	302
1998	11	224
1998	12	209
1999	1	558
1999	2	853
1999	3	1175
1999	4	471
1999	5	270
1999	6	106
1999	7	109
1999	8	76
1999	9	306
1999	10	293
1999	11	340
1999	12	381
2000	1	428
2000	2	526
2000	3	1167
2000	4	1513
2000	5	857
2000	6	929
2000	7	300
2000	8	354
2000	9	204
2000	10	233
2000	11	397
2000	12	533
2001	1	314
2001	2	405
2001	3	1331
2001	4	2070
2001	5	357
2001	6	516
2001	7	272
2001	8	131
2001	9	100
2001	10	116
2001	11	94
2001	12	171
2002	1	141
2002	2	264
2002	3	452
2002	4	572
2002	5	820
2002	6	490
2002	7	125
2002	8	69
2002	9	72
2002	10	155
2002	11	464
2002	12	757
2003	1	530
2003	2	463
2003	3	1318
2003	4	1414
2003	5	807
2003	6	900
2003	7	400
2003	8	512
2003	9	357
2003	10	1313
2003	11	620
2003	12	944
2004	1	517
2004	2	282
2004	3	608
2004	4	1986
2004	5	859
2004	6	447
2004	7	320
2004	8	371
2004	9	434
2004	10	355
2004	11	386
2004	12	904
2005	1	881
2005	2	782
2005	3	957
2005	4	1744
2005	5	1217
2005	6	729
2005	7	433
2005	8	215
2005	9	131
2005	10	1569
2005	11	937
2005	12	1026
2006	1	1354
2006	2	1290
2006	3	499
2006	4	472
2006	5	1435
2006	6	1464
2006	7	683
2006	8	375
2006	9	410
2006	10	537
2006	11	1335
2006	12	723
2007	1	755
2007	2	305
2007	3	1009
2007	4	2188
2007	5	878
2007	6	421
2007	7	322
2007	8	225
2007	9	129
2007	10	186
2007	11	241
2007	12	220
2008	1	538
2008	2	1581
2008	3	1772
2008	4	1074
2008	5	556
2008	6	217
2008	7	475
2008	8	590
2008	9	750
2008	10	427
2008	11	557
2008	12	1465
2009	1	829
2009	2	699
2009	3	986
2009	4	965
2009	5	688
2009	6	843
2009	7	1399
2009	8	679
2009	9	353
2009	10	476
2009	11	609
2009	12	717
2010	1	603
2010	2	900
2010	3	3351
2010	4	2182
2010	5	501
2010	6	429
2010	7	228
2010	8	158
2010	9	111
2010	10	301
2010	11	396
2010	12	586
2011	1	383
2011	2	462
2011	3	2121
2011	4	1215
2011	5	853
2011	6	669
2011	7	360
2011	8	525
2011	9	1059
2011	10	1248
2011	11	1286
2011	12	1464
2012	1	880
2012	2	688
2012	3	782
2012	4	482
2012	5	678
2012	6	691
2012	7	222
2012	8	158
2012	9	123
2012	10	379
2012	11	512
2012	12	495
2013	1	480
2013	2	561
2013	3	1206
2013	4	955
2013	5	559
2013	6	1502
2013	7	571
2013	8	367
2013	9	179
2013	10	139
2013	11	166
2013	12	254
2014	1	529
2014	2	333
2014	3	682
2014	4	1678
2014	5	776
2014	6	421
2014	7	357
2014	8	253
2014	9	105
2014	10	416
2014	11	396
2014	12	1375
2015	1	575
2015	2	445
2015	3	735
2015	4	1366
2015	5	349
2015	6	465
2015	7	285
2015	8	128
2015	9	104
