1947	1	87
1947	2	87
1947	3	106
1947	4	448
1947	5	478
1947	6	253
1947	7	124
1947	8	29
1947	9	17
1947	10	13
1947	11	35
1947	12	21
1948	1	12
1948	2	18
1948	3	237
1948	4	407
1948	5	300
1948	6	110
1948	7	44
1948	8	37
1948	9	7
1948	10	28
1948	11	185
1948	12	78
1949	1	175
1949	2	49
1949	3	205
1949	4	411
1949	5	167
1949	6	64
1949	7	22
1949	8	17
1949	9	44
1949	10	61
1949	11	108
1949	12	157
1950	1	142
1950	2	62
1950	3	82
1950	4	521
1950	5	214
1950	6	129
1950	7	50
1950	8	54
1950	9	58
1950	10	76
1950	11	169
1950	12	191
1951	1	45
1951	2	75
1951	3	107
1951	4	666
1951	5	186
1951	6	72
1951	7	91
1951	8	62
1951	9	42
1951	10	55
1951	11	214
1951	12	123
1952	1	94
1952	2	76
1952	3	73
1952	4	701
1952	5	235
1952	6	251
1952	7	22
1952	8	10
1952	9	20
1952	10	62
1952	11	83
1952	12	87
1953	1	77
1953	2	101
1953	3	467
1953	4	362
1953	5	242
1953	6	36
1953	7	19
1953	8	31
1953	9	44
1953	10	33
1953	11	64
1953	12	152
1954	1	34
1954	2	62
1954	3	104
1954	4	806
1954	5	348
1954	6	201
1954	7	59
1954	8	44
1954	9	322
1954	10	167
1954	11	175
1954	12	118
1955	1	63
1955	2	63
1955	3	97
1955	4	737
1955	5	211
1955	6	163
1955	7	15
1955	8	53
1955	9	12
1955	10	32
1955	11	106
1955	12	32
1956	1	98
1956	2	37
1956	3	32
1956	4	365
1956	5	580
1956	6	122
1956	7	46
1956	8	26
1956	9	97
1956	10	84
1956	11	140
1956	12	86
1957	1	87
1957	2	64
1957	3	146
1957	4	351
1957	5	201
1957	6	80
1957	7	113
1957	8	24
1957	9	22
1957	10	33
1957	11	131
1957	12	306
1958	1	69
1958	2	36
1958	3	50
1958	4	579
1958	5	229
1958	6	142
1958	7	127
1958	8	56
1958	9	55
1958	10	159
1958	11	104
1958	12	46
1959	1	79
1959	2	52
1959	3	83
1959	4	645
1959	5	143
1959	6	122
1959	7	27
1959	8	20
1959	9	26
1959	10	194
1959	11	376
1959	12	169
1960	1	88
1960	2	81
1960	3	52
1960	4	769
1960	5	208
1960	6	97
1960	7	32
1960	8	16
1960	9	33
1960	10	90
1960	11	100
1960	12	62
1961	1	24
1961	2	52
1961	3	84
1961	4	399
1961	5	287
1961	6	194
1961	7	65
1961	8	24
1961	9	15
1961	10	16
1961	11	54
1961	12	52
1962	1	42
1962	2	23
1962	3	45
1962	4	572
1962	5	242
1962	6	43
1962	7	66
1962	8	87
1962	9	69
1962	10	251
1962	11	177
1962	12	67
1963	1	34
1963	2	27
1963	3	63
1963	4	577
1963	5	338
1963	6	42
1963	7	26
1963	8	65
1963	9	36
1963	10	20
1963	11	171
1963	12	78
1964	1	58
1964	2	32
1964	3	175
1964	4	548
1964	5	207
1964	6	44
1964	7	57
1964	8	66
1964	9	25
1964	10	56
1964	11	142
1964	12	117
1965	1	63
1965	2	59
1965	3	76
1965	4	271
1965	5	131
1965	6	110
1965	7	49
1965	8	57
1965	9	112
1965	10	191
1965	11	178
1965	12	77
1966	1	62
1966	2	48
1966	3	225
1966	4	381
1966	5	348
1966	6	103
1966	7	23
1966	8	29
1966	9	29
1966	10	54
1966	11	81
1966	12	96
1967	1	40
1967	2	33
1967	3	35
1967	4	420
1967	5	404
1967	6	107
1967	7	65
1967	8	33
1967	9	25
1967	10	78
1967	11	77
1967	12	112
1968	1	47
1968	2	47
1968	3	272
1968	4	471
1968	5	185
1968	6	192
1968	7	81
1968	8	21
1968	9	26
1968	10	41
1968	11	82
1968	12	82
1969	1	45
1969	2	41
1969	3	51
1969	4	738
1969	5	490
1969	6	108
1969	7	142
1969	8	130
1969	9	42
1969	10	52
1969	11	217
1969	12	111
1970	1	59
1970	2	80
1970	3	53
1970	4	603
1970	5	246
1970	6	72
1970	7	37
1970	8	18
1970	9	27
1970	10	58
1970	11	59
1970	12	52
1971	1	27
1971	2	36
1971	3	60
1971	4	371
1971	5	564
1971	6	70
1971	7	34
1971	8	79
1971	9	33
1971	10	52
1971	11	45
1971	12	80
1972	1	79
1972	2	43
1972	3	195
1972	4	285
1972	5	674
1972	6	143
1972	7	136
1972	8	60
1972	9	18
1972	10	49
1972	11	117
1972	12	93
1973	1	134
1973	2	132
1973	3	326
1973	4	449
1973	5	272
1973	6	298
1973	7	235
1973	8	68
1973	9	120
1973	10	134
1973	11	207
1973	12	386
1974	1	123
1974	2	90
1974	3	160
1974	4	648
1974	5	419
1974	6	94
1974	7	103
1974	8	28
1974	9	55
1974	10	72
1974	11	119
1974	12	104
1975	1	54
1975	2	45
1975	3	115
1975	4	250
1975	5	209
1975	6	88
1975	7	36
1975	8	16
1975	9	106
1975	10	182
1975	11	178
1975	12	101
1976	1	59
1976	2	126
1976	3	382
1976	4	599
1976	5	301
1976	6	67
1976	7	77
1976	8	130
1976	9	111
1976	10	255
1976	11	154
1976	12	81
1977	1	34
1977	2	23
1977	3	289
1977	4	482
1977	5	85
1977	6	72
1977	7	24
1977	8	136
1977	9	166
1977	10	286
1977	11	251
1977	12	121
1978	1	140
1978	2	84
1978	3	60
1978	4	455
1978	5	408
1978	6	163
1978	7	41
1978	8	26
1978	9	23
1978	10	70
1978	11	44
1978	12	32
1979	1	99
1979	2	39
1979	3	440
1979	4	468
1979	5	240
1979	6	91
1979	7	31
1979	8	52
1979	9	81
1979	10	85
1979	11	132
1979	12	116
1980	1	89
1980	2	15
1980	3	87
1980	4	352
1980	5	182
1980	6	49
1980	7	57
1980	8	73
1980	9	163
1980	10	162
1980	11	175
1980	12	131
1981	1	29
1981	2	429
1981	3	113
1981	4	261
1981	5	161
1981	6	130
1981	7	42
1981	8	103
1981	9	103
1981	10	233
1981	11	137
1981	12	72
1982	1	62
1982	2	79
1982	3	128
1982	4	710
1982	5	230
1982	6	105
1982	7	57
1982	8	66
1982	9	46
1982	10	59
1982	11	220
1982	12	150
1983	1	116
1983	2	104
1983	3	150
1983	4	376
1983	5	426
1983	6	142
1983	7	76
1983	8	101
1983	9	29
1983	10	59
1983	11	253
1983	12	312
1984	1	73
1984	2	188
1984	3	162
1984	4	478
1984	5	360
1984	6	168
1984	7	145
1984	8	23
1984	9	15
1984	10	44
1984	11	106
1984	12	107
1985	1	72
1985	2	94
1985	3	141
1985	4	430
1985	5	189
1985	6	74
1985	7	32
1985	8	29
1985	9	34
1985	10	59
1985	11	151
1985	12	74
1986	1	189
1986	2	106
1986	3	320
1986	4	438
1986	5	185
1986	6	72
1986	7	108
1986	8	206
1986	9	121
1986	10	135
1986	11	143
1986	12	120
1987	1	41
1987	2	31
1987	3	383
1987	4	337
1987	5	108
1987	6	152
1987	7	73
1987	8	32
1987	9	119
1987	10	180
1987	11	118
1987	12	151
1988	1	59
1988	2	81
1988	3	115
1988	4	497
1988	5	145
1988	6	31
1988	7	39
1988	8	94
1988	9	73
1988	10	73
1988	11	202
1988	12	64
1989	1	32
1989	2	31
1989	3	144
1989	4	518
1989	5	378
1989	6	146
1989	7	23
1989	8	172
1989	9	132
1989	10	160
1989	11	178
1989	12	51
1990	1	83
1990	2	142
1990	3	450
1990	4	440
1990	5	248
1990	6	181
1990	7	123
1990	8	156
1990	9	42
1990	10	353
1990	11	250
1990	12	339
1991	1	133
1991	2	65
1991	3	231
1991	4	455
1991	5	162
1991	6	47
1991	7	10
1991	8	66
1991	9	124
1991	10	246
1991	11	120
1991	12	103
1992	1	84
1992	2	37
1992	3	158
1992	4	483
1992	5	144
1992	6	53
1992	7	47
1992	8	29
1992	9	45
1992	10	80
1992	11	184
1992	12	65
1993	1	89
1993	2	33
1993	3	91
1993	4	576
1993	5	133
1993	6	132
1993	7	40
1993	8	43
1993	9	104
1993	10	120
1993	11	137
1993	12	100
1994	1	49
1994	2	47
1994	3	68
1994	4	761
1994	5	280
1994	6	132
1994	7	171
1994	8	129
1994	9	75
1994	10	58
1994	11	95
1994	12	114
1995	1	182
1995	2	49
1995	3	217
1995	4	172
1995	5	143
1995	6	47
1995	7	41
1995	8	242
1995	9	34
1995	10	227
1995	11	253
1995	12	60
1996	1	151
1996	2	129
1996	3	127
1996	4	577
1996	5	391
1996	6	111
1996	7	159
1996	8	66
1996	9	29
1996	10	120
1996	11	103
1996	12	245
1997	1	86
1997	2	96
1997	3	126
1997	4	539
1997	5	389
1997	6	130
1997	7	163
1997	8	126
1997	9	55
1997	10	62
1997	11	144
1997	12	57
1998	1	209
1998	2	126
1998	3	347
1998	4	371
1998	5	110
1998	6	177
1998	7	160
1998	8	94
1998	9	81
1998	10	109
1998	11	157
1998	12	155
1999	1	99
1999	2	76
1999	3	152
1999	4	352
1999	5	72
1999	6	39
1999	7	44
1999	8	18
1999	9	126
1999	10	153
1999	11	157
1999	12	102
2000	1	103
2000	2	66
2000	3	284
2000	4	553
2000	5	382
2000	6	75
2000	7	26
2000	8	71
2000	9	72
2000	10	86
2000	11	145
2000	12	211
2001	1	76
2001	2	57
2001	3	46
2001	4	487
2001	5	192
2001	6	106
2001	7	60
2001	8	8
2001	9	37
2001	10	54
2001	11	89
2001	12	90
2002	1	38
2002	2	60
2002	3	200
2002	4	636
2002	5	299
2002	6	210
2002	7	116
2002	8	25
2002	9	50
2002	10	65
2002	11	143
2002	12	66
2003	1	50
2003	2	34
2003	3	224
2003	4	327
2003	5	254
2003	6	101
2003	7	59
2003	8	68
2003	9	45
2003	10	278
2003	11	268
2003	12	269
2004	1	98
2004	2	47
2004	3	140
2004	4	399
2004	5	217
2004	6	86
2004	7	64
2004	8	102
2004	9	104
2004	10	36
2004	11	127
2004	12	152
2005	1	98
2005	2	43
2005	3	52
2005	4	616
2005	5	193
2005	6	208
2005	7	100
2005	8	61
2005	9	123
2005	10	466
2005	11	353
2005	12	182
2006	1	241
2006	2	147
2006	3	133
2006	4	333
2006	5	243
2006	6	289
2006	7	165
2006	8	168
2006	9	46
2006	10	298
2006	11	194
2006	12	204
2007	1	217
2007	2	63
2007	3	152
2007	4	523
2007	5	286
2007	6	92
2007	7	109
2007	8	50
2007	9	55
2007	10	246
2007	11	296
2007	12	130
2008	1	158
2008	2	109
2008	3	153
2008	4	788
2008	5	151
2008	6	216
2008	7	273
2008	8	359
2008	9	38
2008	10	124
2008	11	143
2008	12	147
2009	1	61
2009	2	77
2009	3	214
2009	4	508
2009	5	300
2009	6	167
2009	7	240
2009	8	78
2009	9	32
2009	10	182
2009	11	209
2009	12	216
2010	1	115
2010	2	71
2010	3	302
2010	4	289
2010	5	181
2010	6	138
2010	7	54
2010	8	68
2010	9	41
2010	10	355
2010	11	206
2010	12	157
2011	1	74
2011	2	59
2011	3	186
2011	4	795
2011	5	471
2011	6	110
2011	7	40
2011	8	166
2011	9	114
2011	10	218
2011	11	90
2011	12	176
2012	1	91
2012	2	49
2012	3	347
2012	4	213
2012	5	246
2012	6	120
2012	7	37
2012	8	25
2012	9	72
2012	10	113
2012	11	72
2012	12	126
2013	1	60
2013	2	75
2013	3	119
2013	4	388
2013	5	250
2013	6	252
2013	7	193
2013	8	49
2013	9	124
2013	10	59
2013	11	168
2013	12	146
2014	1	144
2014	2	58
2014	3	57
2014	4	620
2014	5	371
2014	6	111
2014	7	60
2014	8	42
2014	9	16
2014	10	140
2014	11	104
2014	12	187
2015	1	8
2015	2	0
2015	3	0
2015	4	538
2015	5	168
2015	6	341
2015	7	128
2015	8	58
2015	9	69
