1940	1	6
1940	2	6
1940	3	12
1940	4	180
1940	5	58
1940	6	36
1940	7	11
1940	8	4
1940	9	3
1940	10	2
1940	11	21
1940	12	22
1941	1	19
1941	2	24
1941	3	16
1941	4	51
1941	5	21
1941	6	8
1941	7	4
1941	8	2
1941	9	4
1941	10	4
1941	11	11
1941	12	14
1942	1	16
1942	2	10
1942	3	94
1942	4	50
1942	5	16
1942	6	17
1942	7	15
1942	8	10
1942	9	5
1942	10	10
1942	11	26
1942	12	27
1943	1	22
1943	2	20
1943	3	56
1943	4	64
1943	5	84
1943	6	17
1943	7	4
1943	8	13
1943	9	3
1943	10	11
1943	11	40
1943	12	15
1944	1	7
1944	2	9
1944	3	35
1944	4	103
1944	5	26
1944	6	39
1944	7	13
1944	8	4
1944	9	11
1944	10	7
1944	11	9
1944	12	18
1945	1	23
1945	2	19
1945	3	109
1945	4	73
1945	5	92
1945	6	45
1945	7	33
1945	8	15
1945	9	11
1945	10	12
1945	11	20
1945	12	30
1946	1	32
1946	2	23
1946	3	86
1946	4	36
1946	5	54
1946	6	38
1946	7	13
1946	8	16
1946	9	6
1946	10	16
1946	11	8
1946	12	8
1947	1	18
1947	2	43
1947	3	50
1947	4	96
1947	5	44
1947	6	24
1947	7	6
1947	8	3
1947	9	3
1947	10	2
1947	11	9
1947	12	9
1948	1	10
1948	2	17
1948	3	93
1948	4	63
1948	5	66
1948	6	56
1948	7	31
1948	8	3
1948	9	1
1948	10	1
1948	11	8
1948	12	11
1949	1	49
1949	2	36
1949	3	52
1949	4	43
1949	5	24
1949	6	8
1949	7	8
1949	8	3
1949	9	4
1949	10	5
1949	11	9
1949	12	19
1950	1	38
1950	2	28
1950	3	36
1950	4	84
1950	5	27
1950	6	27
1950	7	4
1950	8	3
1950	9	4
1950	10	3
1950	11	40
1950	12	52
1951	1	30
1951	2	70
1951	3	70
1951	4	91
1951	5	21
1951	6	13
1951	7	20
1951	8	20
1951	9	10
1951	10	27
1951	11	76
1951	12	42
1952	1	66
1952	2	42
1952	3	41
1952	4	103
1952	5	34
1952	6	25
1952	7	5
1952	8	5
1952	9	3
1952	10	3
1952	11	3
1952	12	14
1953	1	26
1953	2	59
1953	3	106
1953	4	88
1953	5	54
1953	6	10
1953	7	5
1953	8	2
1953	9	0
1953	10	1
1953	11	11
1953	12	54
1954	1	18
1954	2	33
1954	3	53
1954	4	60
1954	5	64
1954	6	20
1954	7	11
1954	8	7
1954	9	41
1954	10	14
1954	11	49
1954	12	46
1955	1	19
1955	2	15
1955	3	50
1955	4	75
1955	5	28
1955	6	19
1955	7	6
1955	8	15
1955	9	7
1955	10	52
1955	11	70
1955	12	15
1956	1	57
1956	2	17
1956	3	22
1956	4	132
1956	5	70
1956	6	19
1956	7	7
1956	8	2
1956	9	6
1956	10	8
1956	11	9
1956	12	25
1957	1	24
1957	2	18
1957	3	37
1957	4	44
1957	5	25
1957	6	11
1957	7	6
1957	8	2
1957	9	2
1957	10	2
1957	11	5
1957	12	38
1958	1	37
1958	2	26
1958	3	29
1958	4	134
1958	5	49
1958	6	7
1958	7	5
1958	8	4
1958	9	2
1958	10	4
1958	11	14
1958	12	15
1959	1	22
1959	2	17
1959	3	34
1959	4	106
1959	5	26
1959	6	11
1959	7	8
1959	8	4
1959	9	6
1959	10	39
1959	11	54
1959	12	59
1960	1	36
1960	2	23
1960	3	18
1960	4	165
1960	5	42
1960	6	33
1960	7	10
1960	8	11
1960	9	36
1960	10	28
1960	11	35
1960	12	22
1961	1	14
1961	2	16
1961	3	52
1961	4	103
1961	5	40
1961	6	19
1961	7	11
1961	8	7
1961	9	5
1961	10	6
1961	11	13
1961	12	13
1962	1	19
1962	2	13
1962	3	21
1962	4	118
1962	5	32
1962	6	8
1962	7	4
1962	8	4
1962	9	2
1962	10	9
1962	11	18
1962	12	21
1963	1	13
1963	2	13
1963	3	32
1963	4	92
1963	5	19
1963	6	6
1963	7	3
1963	8	2
1963	9	1
1963	10	1
1963	11	6
1963	12	16
1964	1	21
1964	2	18
1964	3	55
1964	4	82
1964	5	18
1964	6	3
1964	7	1
1964	8	2
1964	9	1
1964	10	0
1964	11	1
1964	12	2
1965	1	3
1965	2	3
1965	3	6
1965	4	33
1965	5	11
1965	6	3
1965	7	1
1965	8	2
1965	9	1
1965	10	4
1965	11	5
1965	12	8
1966	1	7
1966	2	17
1966	3	47
1966	4	40
1966	5	25
1966	6	5
1966	7	3
1966	8	2
1966	9	2
1966	10	7
1966	11	14
1966	12	9
1967	1	11
1967	2	12
1967	3	14
1967	4	120
1967	5	86
1967	6	28
1967	7	21
1967	8	6
1967	9	4
1967	10	7
1967	11	12
1967	12	34
1968	1	16
1968	2	17
1968	3	84
1968	4	42
1968	5	24
1968	6	63
1968	7	16
1968	8	2
1968	9	1
1968	10	1
1968	11	11
1968	12	49
1969	1	15
1969	2	14
1969	3	27
1969	4	136
1969	5	26
1969	6	30
1969	7	18
1969	8	44
1969	9	16
1969	10	7
1969	11	48
1969	12	38
1970	1	17
1970	2	71
1970	3	34
1970	4	110
1970	5	50
1970	6	38
1970	7	9
1970	8	9
1970	9	7
1970	10	8
1970	11	16
1970	12	20
1971	1	12
1971	2	17
1971	3	32
1971	4	107
1971	5	49
1971	6	7
1971	7	4
1971	8	4
1971	9	6
1971	10	4
1971	11	11
1971	12	27
1972	1	33
1972	2	21
1972	3	64
1972	4	118
1972	5	67
1972	6	41
1972	7	16
1972	8	5
1972	9	3
1972	10	4
1972	11	25
1972	12	46
1973	1	51
1973	2	49
1973	3	96
1973	4	75
1973	5	48
1973	6	29
1973	7	44
1973	8	13
1973	9	3
1973	10	2
1973	11	7
1973	12	83
1974	1	47
1974	2	43
1974	3	58
1974	4	64
1974	5	39
1974	6	16
1974	7	3
1974	8	1
1974	9	10
1974	10	12
1974	11	22
1974	12	34
1975	1	29
1975	2	29
1975	3	60
1975	4	78
1975	5	19
1975	6	30
1975	7	20
1975	8	19
1975	9	41
1975	10	68
1975	11	57
1975	12	37
1976	1	45
1976	2	75
1976	3	74
1976	4	58
1976	5	40
1976	6	8
1976	7	4
1976	8	13
1976	9	2
1976	10	6
1976	11	9
1976	12	11
1977	1	6
1977	2	7
1977	3	93
1977	4	90
1977	5	41
1977	6	14
1977	7	7
1977	8	2
1977	9	3
1977	10	47
1977	11	29
1977	12	51
1978	1	67
1978	2	30
1978	3	32
1978	4	92
1978	5	26
1978	6	12
1978	7	2
1978	8	2
1978	9	1
1978	10	2
1978	11	2
1978	12	6
1979	1	52
1979	2	22
1979	3	141
1979	4	81
1979	5	49
1979	6	20
1979	7	3
1979	8	6
1979	9	13
1979	10	55
1979	11	37
1979	12	28
1980	1	20
1980	2	7
1980	3	69
1980	4	82
1980	5	24
1980	6	9
1980	7	6
1980	8	3
1980	9	1
1980	10	2
1980	11	4
1980	12	10
1981	1	3
1981	2	35
1981	3	35
1981	4	45
1981	5	42
1981	6	8
1981	7	13
1981	8	4
1981	9	5
1981	10	26
1981	11	40
1981	12	33
1982	1	32
1982	2	37
1982	3	57
1982	4	127
1982	5	24
1982	6	45
1982	7	13
1982	8	9
1982	9	2
1982	10	5
1982	11	14
1982	12	17
1983	1	33
1983	2	35
1983	3	100
1983	4	92
1983	5	56
1983	6	41
1983	7	5
1983	8	1
