1940	1	48
1940	2	51
1940	3	117
1940	4	962
1940	5	317
1940	6	163
1940	7	82
1940	8	29
1940	9	15
1940	10	11
1940	11	101
1940	12	151
1941	1	123
1941	2	179
1941	3	144
1941	4	223
1941	5	140
1941	6	59
1941	7	36
1941	8	19
1941	9	14
1941	10	15
1941	11	41
1941	12	57
1942	1	99
1942	2	65
1942	3	563
1942	4	220
1942	5	132
1942	6	150
1942	7	110
1942	8	40
1942	9	27
1942	10	53
1942	11	149
1942	12	173
1943	1	141
1943	2	185
1943	3	409
1943	4	323
1943	5	385
1943	6	102
1943	7	29
1943	8	38
1943	9	14
1943	10	60
1943	11	180
1943	12	83
1944	1	36
1944	2	53
1944	3	247
1944	4	362
1944	5	161
1944	6	341
1944	7	127
1944	8	23
1944	9	105
1944	10	56
1944	11	84
1944	12	154
1945	1	153
1945	2	128
1945	3	524
1945	4	307
1945	5	353
1945	6	234
1945	7	163
1945	8	106
1945	9	42
1945	10	47
1945	11	94
1945	12	168
1946	1	239
1946	2	170
1946	3	455
1946	4	202
1946	5	228
1946	6	224
1946	7	64
1946	8	71
1946	9	54
1946	10	137
1946	11	62
1946	12	73
1947	1	151
1947	2	260
1947	3	332
1947	4	360
1947	5	257
1947	6	113
1947	7	69
1947	8	30
1947	9	15
1947	10	15
1947	11	106
1947	12	60
1948	1	51
1948	2	104
1948	3	585
1948	4	306
1948	5	331
1948	6	323
1948	7	140
1948	8	41
1948	9	18
1948	10	19
1948	11	119
1948	12	91
1949	1	277
1949	2	251
1949	3	243
1949	4	231
1949	5	181
1949	6	45
1949	7	16
1949	8	11
1949	9	15
1949	10	18
1949	11	28
1949	12	84
1950	1	184
1950	2	147
1950	3	263
1950	4	352
1950	5	167
1950	6	100
1950	7	34
1950	8	17
1950	9	14
1950	10	19
1950	11	118
1950	12	173
1951	1	184
1951	2	414
1951	3	352
1951	4	378
1951	5	156
1951	6	106
1951	7	87
1951	8	91
1951	9	46
1951	10	81
1951	11	341
1951	12	270
1952	1	381
1952	2	258
1952	3	263
1952	4	368
1952	5	202
1952	6	141
1952	7	34
1952	8	60
1952	9	49
1952	10	25
1952	11	51
1952	12	132
1953	1	244
1953	2	341
1953	3	534
1953	4	573
1953	5	366
1953	6	81
1953	7	26
1953	8	14
1953	9	6
1953	10	30
1953	11	95
1953	12	292
1954	1	124
1954	2	181
1954	3	282
1954	4	339
1954	5	321
1954	6	104
1954	7	51
1954	8	57
1954	9	328
1954	10	110
1954	11	294
1954	12	310
1955	1	153
1955	2	144
1955	3	247
1955	4	281
1955	5	154
1955	6	86
1955	7	38
1955	8	319
1955	9	75
1955	10	464
1955	11	444
1955	12	115
1956	1	275
1956	2	137
1956	3	201
1956	4	800
1956	5	321
1956	6	129
1956	7	49
1956	8	16
1956	9	38
1956	10	44
1956	11	93
1956	12	170
1957	1	178
1957	2	147
1957	3	238
1957	4	270
1957	5	125
1957	6	83
1957	7	28
1957	8	16
1957	9	10
1957	10	16
1957	11	54
1957	12	242
1958	1	242
1958	2	160
1958	3	290
1958	4	730
1958	5	330
1958	6	83
1958	7	83
1958	8	40
1958	9	63
1958	10	75
1958	11	121
1958	12	150
1959	1	163
1959	2	119
1959	3	303
1959	4	459
1959	5	149
1959	6	85
1959	7	135
1959	8	45
1959	9	78
1959	10	182
1959	11	269
1959	12	297
1960	1	199
1960	2	184
1960	3	152
1960	4	795
1960	5	239
1960	6	119
1960	7	73
1960	8	62
1960	9	128
1960	10	108
1960	11	161
1960	12	131
1961	1	92
1961	2	149
1961	3	368
1961	4	560
1961	5	214
1961	6	134
1961	7	75
1961	8	36
1961	9	48
1961	10	47
1961	11	106
1961	12	89
1962	1	184
1962	2	94
1962	3	238
1962	4	544
1962	5	225
1962	6	98
1962	7	25
1962	8	24
1962	9	18
1962	10	124
1962	11	150
1962	12	147
1963	1	90
1963	2	83
1963	3	266
1963	4	416
1963	5	138
1963	6	69
1963	7	16
1963	8	9
1963	9	9
1963	10	11
1963	11	77
1963	12	95
1964	1	165
1964	2	127
1964	3	371
1964	4	334
1964	5	94
1964	6	31
1964	7	12
1964	8	9
1964	9	5
1964	10	7
1964	11	13
1964	12	42
1965	1	40
1965	2	61
1965	3	128
1965	4	226
1965	5	83
1965	6	46
1965	7	10
1965	8	8
1965	9	7
1965	10	11
1965	11	16
1965	12	29
1966	1	31
1966	2	85
1966	3	271
1966	4	154
1966	5	139
1966	6	54
1966	7	17
1966	8	5
1966	9	14
1966	10	36
1966	11	124
1966	12	70
1967	1	95
1967	2	90
1967	3	126
1967	4	584
1967	5	393
1967	6	168
1967	7	111
1967	8	55
1967	9	27
1967	10	40
1967	11	78
1967	12	188
1968	1	105
1968	2	129
1968	3	537
1968	4	229
1968	5	161
1968	6	289
1968	7	93
1968	8	17
1968	9	10
1968	10	12
1968	11	66
1968	12	150
1969	1	84
1969	2	84
1969	3	227
1969	4	587
1969	5	171
1969	6	66
1969	7	29
1969	8	103
1969	9	45
1969	10	36
1969	11	176
1969	12	203
1970	1	124
1970	2	414
1970	3	236
1970	4	502
1970	5	213
1970	6	147
1970	7	47
1970	8	23
1970	9	22
1970	10	30
1970	11	65
1970	12	70
1971	1	61
1971	2	92
1971	3	205
1971	4	442
1971	5	221
1971	6	75
1971	7	35
1971	8	40
1971	9	42
1971	10	52
1971	11	71
1971	12	205
1972	1	191
1972	2	142
1972	3	480
1972	4	562
1972	5	395
1972	6	324
1972	7	140
1972	8	47
1972	9	29
1972	10	50
1972	11	213
1972	12	321
1973	1	341
1973	2	326
1973	3	432
1973	4	423
1973	5	309
1973	6	145
1973	7	162
1973	8	52
1973	9	38
1973	10	33
1973	11	70
1973	12	412
1974	1	272
1974	2	241
1974	3	302
1974	4	274
1974	5	218
1974	6	109
1974	7	44
1974	8	15
1974	9	78
1974	10	122
1974	11	150
1974	12	262
1975	1	230
1975	2	205
1975	3	357
1975	4	367
1975	5	120
1975	6	118
1975	7	61
1975	8	67
1975	9	169
1975	10	348
1975	11	362
1975	12	235
1976	1	303
1976	2	487
1976	3	310
1976	4	242
1976	5	196
1976	6	48
1976	7	25
1976	8	64
1976	9	14
1976	10	42
1976	11	32
1976	12	51
1977	1	29
1977	2	37
1977	3	530
1977	4	405
1977	5	239
1977	6	94
1977	7	41
1977	8	73
1977	9	67
1977	10	259
1977	11	223
1977	12	334
1978	1	384
1978	2	198
1978	3	256
1978	4	453
1978	5	190
1978	6	157
1978	7	36
1978	8	73
1978	9	15
1978	10	35
1978	11	29
1978	12	71
1979	1	498
1979	2	193
1979	3	663
1979	4	337
1979	5	237
1979	6	77
1979	7	92
1979	8	139
1979	9	131
1979	10	272
1979	11	241
1979	12	154
1980	1	99
1980	2	37
1980	3	394
1980	4	420
1980	5	216
1980	6	72
1980	7	47
1980	8	27
1980	9	12
1980	10	28
1980	11	52
1980	12	58
1981	1	17
1981	2	284
1981	3	247
1981	4	231
1981	5	184
1981	6	101
1981	7	132
1981	8	49
1981	9	60
1981	10	167
1981	11	193
1981	12	231
1982	1	255
1982	2	299
1982	3	364
1982	4	497
1982	5	157
1982	6	499
1982	7	109
1982	8	78
1982	9	30
1982	10	49
1982	11	125
1982	12	109
1983	1	226
1983	2	240
1983	3	616
1983	4	491
1983	5	298
1983	6	188
1983	7	54
1983	8	19
1983	9	26
1983	10	59
1983	11	223
1983	12	371
1984	1	160
1984	2	439
1984	3	291
1984	4	543
1984	5	332
1984	6	502
1984	7	126
1984	8	29
1984	9	15
1984	10	29
1984	11	50
1984	12	87
1985	1	82
1985	2	105
1985	3	204
1985	4	128
1985	5	95
1985	6	72
1985	7	34
1985	8	68
1985	9	85
1985	10	116
1985	11	227
1985	12	155
1986	1	239
1986	2	208
1986	3	406
1986	4	209
1986	5	110
1986	6	238
1986	7	84
1986	8	53
1986	9	22
1986	10	30
1986	11	126
1986	12	325
1987	1	159
1987	2	89
1987	3	260
1987	4	916
1987	5	209
1987	6	65
1987	7	35
1987	8	17
1987	9	37
1987	10	93
1987	11	78
1987	12	121
1988	1	79
1988	2	165
1988	3	246
1988	4	248
1988	5	218
1988	6	67
1988	7	78
1988	8	35
1988	9	51
1988	10	47
1988	11	232
1988	12	127
1989	1	90
1989	2	110
1989	3	146
1989	4	329
1989	5	437
1989	6	242
1989	7	84
1989	8	157
1989	9	129
1989	10	301
1989	11	253
1989	12	102
1990	1	125
1990	2	336
1990	3	335
1990	4	295
1990	5	366
1990	6	122
1990	7	35
1990	8	129
1990	9	36
1990	10	205
1990	11	171
1990	12	271
1991	1	198
1991	2	248
1991	3	338
1991	4	202
1991	5	263
1991	6	90
1991	7	31
1991	8	178
1991	9	146
1991	10	171
1991	11	259
1991	12	252
1992	1	175
1992	2	118
1992	3	215
1992	4	244
1992	5	170
1992	6	101
1992	7	47
1992	8	96
1992	9	32
1992	10	39
1992	11	153
1992	12	204
1993	1	290
1993	2	118
1993	3	187
1993	4	701
1993	5	134
1993	6	55
1993	7	26
1993	8	21
1993	9	37
1993	10	67
1993	11	144
1993	12	328
1994	1	160
1994	2	176
1994	3	424
1994	4	505
1994	5	215
1994	6	53
1994	7	48
1994	8	114
1994	9	61
1994	10	44
1994	11	65
1994	12	260
1995	1	288
1995	2	139
1995	3	267
1995	4	155
1995	5	105
1995	6	93
1995	7	15
1995	8	16
1995	9	5
1995	10	153
1995	11	300
1995	12	132
1996	1	369
1996	2	404
1996	3	300
1996	4	516
1996	5	315
1996	6	123
1996	7	132
1996	8	44
1996	9	74
1996	10	267
1996	11	233
1996	12	569
1997	1	256
1997	2	222
1997	3	283
1997	4	536
1997	5	235
1997	6	57
1997	7	52
1997	8	22
1997	9	13
1997	10	13
1997	11	88
1997	12	76
1998	1	294
1998	2	282
1998	3	539
1998	4	256
1998	5	249
1998	6	299
1998	7	157
1998	8	21
1998	9	12
1998	10	58
1998	11	49
1998	12	51
1999	1	239
1999	2	238
1999	3	349
1999	4	149
1999	5	73
1999	6	18
1999	7	8
1999	8	4
1999	9	84
1999	10	90
1999	11	123
1999	12	145
2000	1	135
2000	2	166
2000	3	368
2000	4	393
2000	5	224
2000	6	244
2000	7	67
2000	8	71
2000	9	41
2000	10	40
2000	11	75
2000	12	137
2001	1	88
2001	2	121
2001	3	271
2001	4	646
2001	5	107
2001	6	222
2001	7	68
2001	8	22
2001	9	20
2001	10	17
2001	11	20
2001	12	45
2002	1	42
2002	2	82
2002	3	146
2002	4	174
2002	5	212
2002	6	134
2002	7	24
2002	8	9
2002	9	9
2002	10	29
2002	11	96
2002	12	194
2003	1	139
2003	2	114
2003	3	443
2003	4	440
2003	5	203
2003	6	265
2003	7	59
2003	8	101
2003	9	50
2003	10	123
2003	11	190
2003	12	374
2004	1	181
2004	2	89
2004	3	196
2004	4	471
2004	5	195
2004	6	69
2004	7	27
2004	8	22
2004	9	82
2004	10	85
2004	11	110
2004	12	264
2005	1	316
2005	2	211
2005	3	205
2005	4	673
2005	5	252
2005	6	110
2005	7	96
2005	8	20
2005	9	13
2005	10	466
2005	11	326
2005	12	311
2006	1	440
2006	2	344
2006	3	136
2006	4	124
2006	5	239
2006	6	325
2006	7	147
2006	8	27
2006	9	30
2006	10	106
2006	11	299
2006	12	156
2007	1	210
2007	2	83
2007	3	287
2007	4	505
2007	5	325
2007	6	95
2007	7	74
2007	8	37
2007	9	19
2007	10	31
2007	11	84
2007	12	80
2008	1	177
2008	2	545
2008	3	520
2008	4	339
2008	5	172
2008	6	65
2008	7	149
2008	8	140
2008	9	184
2008	10	91
2008	11	145
2008	12	428
2009	1	245
2009	2	147
2009	3	310
2009	4	297
2009	5	181
2009	6	180
2009	7	238
2009	8	180
2009	9	55
2009	10	85
2009	11	125
2009	12	203
2010	1	190
2010	2	212
2010	3	660
2010	4	560
2010	5	87
2010	6	63
2010	7	35
2010	8	18
2010	9	12
2010	10	78
2010	11	128
2010	12	157
2011	1	88
2011	2	103
2011	3	669
2011	4	354
2011	5	202
2011	6	131
2011	7	49
2011	8	82
2011	9	393
2011	10	354
2011	11	497
2011	12	416
2012	1	171
2012	2	122
2012	3	151
2012	4	117
2012	5	188
2012	6	139
2012	7	26
2012	8	56
2012	9	36
2012	10	55
2012	11	90
2012	12	95
2013	1	95
2013	2	169
2013	3	307
2013	4	291
2013	5	166
2013	6	402
2013	7	173
2013	8	118
2013	9	28
2013	10	27
2013	11	47
2013	12	71
2014	1	160
2014	2	85
2014	3	172
2014	4	564
2014	5	292
2014	6	82
2014	7	64
2014	8	33
2014	9	24
2014	10	139
2014	11	120
2014	12	382
2015	1	192
2015	2	105
2015	3	151
2015	4	492
2015	5	76
2015	6	92
2015	7	65
2015	8	21
