1940	1	91
1940	2	106
1940	3	250
1940	4	1351
1940	5	461
1940	6	231
1940	7	86
1940	8	43
1940	9	39
1940	10	35
1940	11	140
1940	12	186
1941	1	160
1941	2	248
1941	3	207
1941	4	280
1941	5	127
1941	6	74
1941	7	53
1941	8	37
1941	9	31
1941	10	26
1941	11	52
1941	12	71
1942	1	150
1942	2	115
1942	3	700
1942	4	324
1942	5	193
1942	6	156
1942	7	109
1942	8	81
1942	9	49
1942	10	56
1942	11	165
1942	12	270
1943	1	236
1943	2	320
1943	3	645
1943	4	398
1943	5	573
1943	6	217
1943	7	70
1943	8	79
1943	9	32
1943	10	66
1943	11	243
1943	12	128
1944	1	68
1944	2	121
1944	3	357
1944	4	476
1944	5	244
1944	6	176
1944	7	146
1944	8	39
1944	9	86
1944	10	59
1944	11	92
1944	12	188
1945	1	217
1945	2	202
1945	3	751
1945	4	393
1945	5	546
1945	6	380
1945	7	259
1945	8	172
1945	9	105
1945	10	85
1945	11	153
1945	12	268
1946	1	387
1946	2	314
1946	3	594
1946	4	235
1946	5	266
1946	6	322
1946	7	86
1946	8	138
1946	9	77
1946	10	255
1946	11	109
1946	12	133
1947	1	226
1947	2	355
1947	3	495
1947	4	476
1947	5	358
1947	6	138
1947	7	57
1947	8	45
1947	9	38
1947	10	23
1947	11	139
1947	12	105
1948	1	86
1948	2	176
1948	3	721
1948	4	515
1948	5	410
1948	6	655
1948	7	324
1948	8	142
1948	9	51
1948	10	47
1948	11	164
1948	12	141
1949	1	347
1949	2	336
1949	3	364
1949	4	302
1949	5	229
1949	6	73
1949	7	27
1949	8	16
1949	9	17
1949	10	19
1949	11	26
1949	12	72
1950	1	169
1950	2	194
1950	3	366
1950	4	468
1950	5	254
1950	6	165
1950	7	49
1950	8	42
1950	9	41
1950	10	34
1950	11	121
1950	12	309
1951	1	296
1951	2	620
1951	3	478
1951	4	572
1951	5	213
1951	6	160
1951	7	85
1951	8	109
1951	9	77
1951	10	112
1951	11	520
1951	12	411
1952	1	556
1952	2	454
1952	3	470
1952	4	481
1952	5	334
1952	6	305
1952	7	71
1952	8	91
1952	9	70
1952	10	46
1952	11	50
1952	12	181
1953	1	386
1953	2	572
1953	3	683
1953	4	988
1953	5	565
1953	6	117
1953	7	54
1953	8	32
1953	9	17
1953	10	27
1953	11	109
1953	12	361
1954	1	187
1954	2	234
1954	3	398
1954	4	460
1954	5	449
1954	6	151
1954	7	66
1954	8	81
1954	9	526
1954	10	209
1954	11	443
1954	12	529
1955	1	312
1955	2	245
1955	3	466
1955	4	391
1955	5	270
1955	6	101
1955	7	77
1955	8	1440
1955	9	291
1955	10	606
1955	11	693
1955	12	237
1956	1	324
1956	2	287
1956	3	421
1956	4	966
1956	5	429
1956	6	199
1956	7	67
1956	8	24
1956	9	32
1956	10	57
1956	11	89
1956	12	203
1957	1	249
1957	2	255
1957	3	337
1957	4	401
1957	5	164
1957	6	57
1957	7	25
1957	8	12
1957	9	11
1957	10	11
1957	11	52
1957	12	245
1958	1	342
1958	2	282
1958	3	508
1958	4	805
1958	5	449
1958	6	120
1958	7	108
1958	8	86
1958	9	113
1958	10	154
1958	11	200
1958	12	269
1959	1	257
1959	2	213
1959	3	488
1959	4	572
1959	5	226
1959	6	119
1959	7	194
1959	8	99
1959	9	96
1959	10	156
1959	11	352
1959	12	463
1960	1	316
1960	2	345
1960	3	266
1960	4	965
1960	5	326
1960	6	213
1960	7	87
1960	8	103
1960	9	147
1960	10	130
1960	11	235
1960	12	237
1961	1	172
1961	2	298
1961	3	648
1961	4	641
1961	5	306
1961	6	158
1961	7	86
1961	8	52
1961	9	56
1961	10	77
1961	11	116
1961	12	135
1962	1	324
1962	2	144
1962	3	407
1962	4	639
1962	5	204
1962	6	90
1962	7	44
1962	8	32
1962	9	32
1962	10	221
1962	11	235
1962	12	220
1963	1	187
1963	2	176
1963	3	537
1963	4	608
1963	5	212
1963	6	99
1963	7	41
1963	8	21
1963	9	17
1963	10	28
1963	11	93
1963	12	147
1964	1	283
1964	2	233
1964	3	489
1964	4	518
1964	5	168
1964	6	46
1964	7	37
1964	8	17
1964	9	13
1964	10	20
1964	11	30
1964	12	88
1965	1	96
1965	2	269
1965	3	243
1965	4	271
1965	5	134
1965	6	63
1965	7	17
1965	8	13
1965	9	13
1965	10	26
1965	11	33
1965	12	60
1966	1	59
1966	2	182
1966	3	368
1966	4	215
1966	5	187
1966	6	94
1966	7	33
1966	8	18
1966	9	22
1966	10	54
1966	11	161
1966	12	99
1967	1	186
1967	2	160
1967	3	255
1967	4	726
1967	5	502
1967	6	287
1967	7	119
1967	8	90
1967	9	40
1967	10	55
1967	11	107
1967	12	221
1968	1	161
1968	2	187
1968	3	693
1968	4	335
1968	5	209
1968	6	423
1968	7	210
1968	8	43
1968	9	27
1968	10	27
1968	11	99
1968	12	197
1969	1	132
1969	2	128
1969	3	347
1969	4	808
1969	5	326
1969	6	90
1969	7	49
1969	8	211
1969	9	138
1969	10	97
1969	11	340
1969	12	377
1970	1	249
1970	2	748
1970	3	344
1970	4	661
1970	5	302
1970	6	197
1970	7	82
1970	8	49
1970	9	45
1970	10	51
1970	11	99
1970	12	103
1971	1	102
1971	2	198
1971	3	454
1971	4	501
1971	5	362
1971	6	100
1971	7	40
1971	8	65
1971	9	68
1971	10	66
1971	11	98
1971	12	293
1972	1	278
1972	2	260
1972	3	913
1972	4	654
1972	5	553
1972	6	642
1972	7	273
1972	8	102
1972	9	77
1972	10	101
1972	11	311
1972	12	596
1973	1	489
1973	2	561
1973	3	497
1973	4	567
1973	5	365
1973	6	196
1973	7	185
1973	8	80
1973	9	57
1973	10	54
1973	11	89
1973	12	503
1974	1	429
1974	2	434
1974	3	444
1974	4	408
1974	5	311
1974	6	121
1974	7	95
1974	8	31
1974	9	170
1974	10	264
1974	11	243
1974	12	455
1975	1	407
1975	2	337
1975	3	515
1975	4	458
1975	5	186
1975	6	126
1975	7	91
1975	8	76
1975	9	252
1975	10	466
1975	11	469
1975	12	357
1976	1	514
1976	2	706
1976	3	430
1976	4	324
1976	5	264
1976	6	84
1976	7	56
1976	8	108
1976	9	34
1976	10	78
1976	11	72
1976	12	83
1977	1	56
1977	2	65
1977	3	731
1977	4	583
1977	5	377
1977	6	91
1977	7	74
1977	8	59
1977	9	82
1977	10	343
1977	11	258
1977	12	473
1978	1	621
1978	2	357
1978	3	430
1978	4	593
1978	5	255
1978	6	129
1978	7	49
1978	8	132
1978	9	25
1978	10	60
1978	11	52
1978	12	124
1979	1	821
1979	2	362
1979	3	825
1979	4	458
1979	5	345
1979	6	125
1979	7	92
1979	8	169
1979	9	245
1979	10	372
1979	11	373
1979	12	259
1980	1	175
1980	2	80
1980	3	548
1980	4	644
1980	5	273
1980	6	80
1980	7	72
1980	8	70
1980	9	32
1980	10	62
1980	11	112
1980	12	124
1981	1	46
1981	2	403
1981	3	440
1981	4	296
1981	5	261
1981	6	87
1981	7	104
1981	8	51
1981	9	86
1981	10	178
1981	11	270
1981	12	383
1982	1	412
1982	2	437
1982	3	480
1982	4	666
1982	5	222
1982	6	762
1982	7	154
1982	8	84
1982	9	42
1982	10	70
1982	11	150
1982	12	126
1983	1	282
1983	2	426
1983	3	810
1983	4	898
1983	5	526
1983	6	291
1983	7	62
1983	8	61
1983	9	48
1983	10	105
1983	11	255
1983	12	580
1984	1	274
1984	2	517
1984	3	540
1984	4	805
1984	5	493
1984	6	788
1984	7	176
1984	8	56
1984	9	39
1984	10	95
1984	11	89
1984	12	115
1985	1	89
1985	2	153
1985	3	236
1985	4	175
1985	5	209
1985	6	158
1985	7	88
1985	8	175
1985	9	181
1985	10	307
1985	11	374
1985	12	318
1986	1	331
1986	2	377
1986	3	475
1986	4	262
1986	5	168
1986	6	457
1986	7	125
1986	8	84
1986	9	49
1986	10	65
1986	11	152
1986	12	394
1987	1	269
1987	2	145
1987	3	325
1987	4	1057
1987	5	323
1987	6	118
1987	7	68
1987	8	60
1987	9	98
1987	10	168
1987	11	174
1987	12	199
1988	1	147
1988	2	280
1988	3	308
1988	4	296
1988	5	345
1988	6	113
1988	7	118
1988	8	67
1988	9	50
1988	10	64
1988	11	255
1988	12	210
1989	1	124
1989	2	152
1989	3	168
1989	4	467
1989	5	571
1989	6	351
1989	7	127
1989	8	256
1989	9	168
1989	10	426
1989	11	428
1989	12	198
1990	1	244
1990	2	553
1990	3	410
1990	4	416
1990	5	480
1990	6	209
1990	7	84
1990	8	181
1990	9	71
1990	10	295
1990	11	290
1990	12	354
1991	1	340
1991	2	355
1991	3	436
1991	4	289
1991	5	306
1991	6	133
1991	7	69
1991	8	194
1991	9	154
1991	10	282
1991	11	338
1991	12	402
1992	1	270
1992	2	186
1992	3	349
1992	4	398
1992	5	258
1992	6	130
1992	7	81
1992	8	152
1992	9	86
1992	10	114
1992	11	188
1992	12	372
1993	1	434
1993	2	198
1993	3	367
1993	4	906
1993	5	232
1993	6	85
1993	7	29
1993	8	19
1993	9	42
1993	10	83
1993	11	166
1993	12	460
1994	1	278
1994	2	286
1994	3	636
1994	4	669
1994	5	361
1994	6	129
1994	7	67
1994	8	188
1994	9	110
1994	10	90
1994	11	116
1994	12	271
1995	1	421
1995	2	206
1995	3	417
1995	4	215
1995	5	130
1995	6	60
1995	7	30
1995	8	69
1995	9	22
1995	10	217
1995	11	516
1995	12	235
1996	1	617
1996	2	618
1996	3	524
1996	4	779
1996	5	529
1996	6	149
1996	7	247
1996	8	115
1996	9	147
1996	10	353
1996	11	417
1996	12	910
1997	1	428
1997	2	347
1997	3	418
1997	4	823
1997	5	353
1997	6	85
1997	7	65
1997	8	35
1997	9	25
1997	10	17
1997	11	156
1997	12	119
1998	1	371
1998	2	416
1998	3	849
1998	4	449
1998	5	331
1998	6	313
1998	7	168
1998	8	35
1998	9	24
1998	10	96
1998	11	105
1998	12	89
1999	1	365
1999	2	423
1999	3	607
1999	4	249
1999	5	141
1999	6	35
1999	7	20
1999	8	12
1999	9	86
1999	10	131
1999	11	187
1999	12	240
2000	1	196
2000	2	218
2000	3	582
2000	4	609
2000	5	441
2000	6	347
2000	7	96
2000	8	101
2000	9	52
2000	10	67
2000	11	132
2000	12	185
2001	1	143
2001	2	185
2001	3	493
2001	4	988
2001	5	149
2001	6	196
2001	7	87
2001	8	43
2001	9	25
2001	10	38
2001	11	61
2001	12	68
2002	1	53
2002	2	101
2002	3	176
2002	4	259
2002	5	323
2002	6	224
2002	7	61
2002	8	28
2002	9	31
2002	10	84
2002	11	204
2002	12	336
2003	1	258
2003	2	177
2003	3	651
2003	4	658
2003	5	282
2003	6	444
2003	7	151
2003	8	112
2003	9	90
2003	10	199
2003	11	389
2003	12	622
2004	1	389
2004	2	175
2004	3	301
2004	4	692
2004	5	374
2004	6	110
2004	7	51
2004	8	65
2004	9	132
2004	10	162
2004	11	190
2004	12	474
2005	1	630
2005	2	419
2005	3	382
2005	4	892
2005	5	405
2005	6	127
2005	7	129
2005	8	38
2005	9	36
2005	10	931
2005	11	587
2005	12	539
2006	1	794
2006	2	678
2006	3	224
2006	4	152
2006	5	315
2006	6	472
2006	7	192
2006	8	86
2006	9	73
2006	10	138
2006	11	515
2006	12	366
2007	1	392
2007	2	218
2007	3	518
2007	4	965
2007	5	478
2007	6	122
2007	7	55
2007	8	32
2007	9	19
2007	10	35
2007	11	110
2007	12	169
2008	1	285
2008	2	975
2008	3	882
2008	4	466
2008	5	290
2008	6	129
2008	7	222
2008	8	338
2008	9	400
2008	10	204
2008	11	269
2008	12	730
2009	1	502
2009	2	304
2009	3	486
2009	4	422
2009	5	266
2009	6	147
2009	7	258
2009	8	288
2009	9	95
2009	10	111
2009	11	210
2009	12	295
2010	1	283
2010	2	325
2010	3	944
2010	4	637
2010	5	137
2010	6	87
2010	7	45
2010	8	35
2010	9	40
2010	10	94
2010	11	137
2010	12	278
2011	1	175
2011	2	277
2011	3	1137
2011	4	566
2011	5	392
2011	6	256
2011	7	115
2011	8	231
2011	9	772
2011	10	387
2011	11	653
2011	12	744
2012	1	392
2012	2	256
2012	3	224
2012	4	128
2012	5	187
2012	6	130
2012	7	33
2012	8	102
2012	9	75
2012	10	117
2012	11	188
2012	12	211
2013	1	245
2013	2	322
2013	3	560
2013	4	310
2013	5	256
2013	6	759
2013	7	191
2013	8	94
2013	9	105
2013	10	92
2013	11	94
2013	12	216
2014	1	331
2014	2	169
2014	3	315
2014	4	773
2014	5	464
2014	6	113
2014	7	73
2014	8	50
2014	9	70
2014	10	144
2014	11	191
2014	12	460
2015	1	369
2015	2	343
2015	3	373
2015	4	701
2015	5	151
2015	6	159
2015	7	90
2015	8	40
2015	9	31
