1940	1	259
1940	2	198
1940	3	207
1940	4	3894
1940	5	3337
1940	6	1202
1940	7	933
1940	8	169
1940	9	363
1940	10	254
1940	11	1034
1940	12	1392
1941	1	931
1941	2	395
1941	3	321
1941	4	3682
1941	5	424
1941	6	144
1941	7	155
1941	8	84
1941	9	313
1941	10	494
1941	11	1244
1941	12	1172
1942	1	780
1942	2	374
1942	3	1667
1942	4	3211
1942	5	1259
1942	6	1506
1942	7	199
1942	8	185
1942	9	952
1942	10	1218
1942	11	1191
1942	12	712
1943	1	738
1943	2	627
1943	3	2096
1943	4	2980
1943	5	4260
1943	6	841
1943	7	241
1943	8	670
1943	9	197
1943	10	481
1943	11	1028
1943	12	308
1944	1	237
1944	2	261
1944	3	670
1944	4	3913
1944	5	2344
1944	6	1324
1944	7	377
1944	8	105
1944	9	260
1944	10	534
1944	11	397
1944	12	305
1945	1	786
1945	2	521
1945	3	4125
1945	4	2539
1945	5	2704
1945	6	1041
1945	7	1566
1945	8	355
1945	9	1082
1945	10	2677
1945	11	1744
1945	12	667
1946	1	917
1946	2	620
1946	3	3511
1946	4	1346
1946	5	1621
1946	6	897
1946	7	288
1946	8	181
1946	9	140
1946	10	693
1946	11	715
1946	12	760
1947	1	1124
1947	2	800
1947	3	1228
1947	4	4170
1947	5	3373
1947	6	2751
1947	7	1285
1947	8	325
1947	9	259
1947	10	108
1947	11	654
1947	12	490
1948	1	315
1948	2	558
1948	3	3460
1948	4	3244
1948	5	1320
1948	6	847
1948	7	314
1948	8	322
1948	9	96
1948	10	116
1948	11	890
1948	12	1591
1949	1	2308
1949	2	1131
1949	3	1897
1949	4	2400
1949	5	816
1949	6	133
1949	7	72
1949	8	172
1949	9	383
1949	10	516
1949	11	1035
1949	12	1778
1950	1	2214
1950	2	675
1950	3	948
1950	4	3901
1950	5	1574
1950	6	527
1950	7	402
1950	8	186
1950	9	298
1950	10	245
1950	11	1440
1950	12	1410
1951	1	797
1951	2	1100
1951	3	1527
1951	4	5133
1951	5	1004
1951	6	496
1951	7	954
1951	8	319
1951	9	643
1951	10	601
1951	11	1743
1951	12	1547
1952	1	1021
1952	2	850
1952	3	1060
1952	4	5297
1952	5	2040
1952	6	712
1952	7	514
1952	8	150
1952	9	140
1952	10	141
1952	11	406
1952	12	1640
1953	1	883
1953	2	939
1953	3	3321
1953	4	2559
1953	5	2284
1953	6	288
1953	7	113
1953	8	373
1953	9	362
1953	10	242
1953	11	554
1953	12	1423
1954	1	546
1954	2	1761
1954	3	1809
1954	4	3644
1954	5	1921
1954	6	1081
1954	7	137
1954	8	76
1954	9	350
1954	10	338
1954	11	1331
1954	12	1063
1955	1	585
1955	2	369
1955	3	1722
1955	4	4872
1955	5	831
1955	6	801
1955	7	130
1955	8	169
1955	9	194
1955	10	2035
1955	11	1605
1955	12	577
1956	1	366
1956	2	204
1956	3	249
1956	4	3432
1956	5	2724
1956	6	1010
1956	7	331
1956	8	78
1956	9	773
1956	10	478
1956	11	961
1956	12	1076
1957	1	1039
1957	2	658
1957	3	1234
1957	4	2147
1957	5	1281
1957	6	408
1957	7	370
1957	8	83
1957	9	114
1957	10	264
1957	11	745
1957	12	2247
1958	1	751
1958	2	405
1958	3	451
1958	4	3612
1958	5	1271
1958	6	817
1958	7	252
1958	8	135
1958	9	270
1958	10	778
1958	11	837
1958	12	492
1959	1	1081
1959	2	880
1959	3	871
1959	4	4509
1959	5	1082
1959	6	265
1959	7	96
1959	8	84
1959	9	168
1959	10	1730
1959	11	2727
1959	12	1875
1960	1	830
1960	2	980
1960	3	528
1960	4	5168
1960	5	1096
1960	6	789
1960	7	221
1960	8	129
1960	9	293
1960	10	246
1960	11	464
1960	12	345
1961	1	207
1961	2	675
1961	3	1328
1961	4	2668
1961	5	1512
1961	6	1111
1961	7	473
1961	8	220
1961	9	201
1961	10	100
1961	11	402
1961	12	626
1962	1	731
1962	2	350
1962	3	639
1962	4	4576
1962	5	1692
1962	6	222
1962	7	98
1962	8	222
1962	9	174
1962	10	616
1962	11	1033
1962	12	824
1963	1	381
1963	2	256
1963	3	770
1963	4	4031
1963	5	1517
1963	6	412
1963	7	123
1963	8	230
1963	9	116
1963	10	63
1963	11	509
1963	12	616
1964	1	707
1964	2	493
1964	3	2310
1964	4	3218
1964	5	843
1964	6	166
1964	7	81
1964	8	197
1964	9	116
1964	10	53
1964	11	204
1964	12	615
1965	1	482
1965	2	716
1965	3	589
1965	4	2710
1965	5	1168
1965	6	223
1965	7	141
1965	8	122
1965	9	349
1965	10	931
1965	11	1377
1965	12	807
1966	1	655
1966	2	1097
1966	3	1652
1966	4	1912
1966	5	1746
1966	6	538
1966	7	82
1966	8	280
1966	9	346
1966	10	373
1966	11	684
1966	12	792
1967	1	376
1967	2	325
1967	3	470
1967	4	3420
1967	5	1460
1967	6	311
1967	7	201
1967	8	235
1967	9	252
1967	10	946
1967	11	1375
1967	12	1254
1968	1	452
1968	2	364
1968	3	2461
1968	4	2232
1968	5	1653
1968	6	1496
1968	7	806
1968	8	172
1968	9	205
1968	10	277
1968	11	1173
1968	12	1006
1969	1	618
1969	2	485
1969	3	620
1969	4	5296
1969	5	1986
1969	6	650
1969	7	265
1969	8	263
1969	9	163
1969	10	230
1969	11	1355
1969	12	868
1970	1	265
1970	2	1342
1970	3	592
1970	4	4396
1970	5	1299
1970	6	266
1970	7	299
1970	8	130
1970	9	464
1970	10	829
1970	11	1238
1970	12	748
1971	1	269
1971	2	806
1971	3	827
1971	4	2965
1971	5	3959
1971	6	337
1971	7	315
1971	8	663
1971	9	876
1971	10	467
1971	11	501
1971	12	1099
1972	1	604
1972	2	482
1972	3	1432
1972	4	3211
1972	5	4341
1972	6	2479
1972	7	1238
1972	8	537
1972	9	234
1972	10	458
1972	11	2116
1972	12	1211
1973	1	1736
1973	2	1066
1973	3	3127
1973	4	3008
1973	5	2325
1973	6	770
1973	7	401
1973	8	150
1973	9	269
1973	10	264
1973	11	938
1973	12	2370
1974	1	1030
1974	2	932
1974	3	1322
1974	4	3323
1974	5	1763
1974	6	548
1974	7	366
1974	8	258
1974	9	530
1974	10	454
1974	11	1328
1974	12	1271
1975	1	777
1975	2	928
1975	3	1631
1975	4	2741
1975	5	2095
1975	6	1054
1975	7	143
1975	8	232
1975	9	1527
1975	10	1284
1975	11	1561
1975	12	1197
1976	1	859
1976	2	1547
1976	3	2875
1976	4	4508
1976	5	2507
1976	6	1551
1976	7	1361
1976	8	817
1976	9	434
1976	10	2173
1976	11	1195
1976	12	665
1977	1	290
1977	2	243
1977	3	3854
1977	4	4377
1977	5	1119
1977	6	290
1977	7	201
1977	8	155
1977	9	967
1977	10	2370
1977	11	1373
1977	12	1244
1978	1	1547
1978	2	648
1978	3	800
1978	4	3834
1978	5	2094
1978	6	479
1978	7	112
1978	8	176
1978	9	249
1978	10	620
1978	11	460
1978	12	642
1979	1	1340
1979	2	579
1979	3	3704
1979	4	4636
1979	5	1540
1979	6	411
1979	7	228
1979	8	173
1979	9	597
1979	10	1052
1979	11	1529
1979	12	959
1980	1	553
1980	2	177
1980	3	1740
1980	4	3552
1980	5	928
1980	6	581
1980	7	199
1980	8	177
1980	9	272
1980	10	380
1980	11	684
1980	12	794
1981	1	188
1981	2	3196
1981	3	862
1981	4	1814
1981	5	1249
1981	6	350
1981	7	214
1981	8	277
1981	9	742
1981	10	1985
1981	11	1184
1981	12	539
1982	1	837
1982	2	906
1982	3	1032
1982	4	4997
1982	5	1437
1982	6	1153
1982	7	325
1982	8	176
1982	9	112
1982	10	212
1982	11	705
1982	12	850
1983	1	758
1983	2	1050
1983	3	1502
1983	4	3387
1983	5	2850
1983	6	795
1983	7	92
1983	8	300
1983	9	249
1983	10	348
1983	11	1110
1983	12	2200
1984	1	654
1984	2	1730
1984	3	949
1984	4	4182
1984	5	2245
1984	6	816
1984	7	1024
1984	8	399
1984	9	411
1984	10	316
1984	11	799
1984	12	1482
1985	1	1256
1985	2	956
1985	3	1521
1985	4	2629
1985	5	752
1985	6	261
1985	7	125
1985	8	74
1985	9	363
1985	10	984
1985	11	1481
1985	12	850
1986	1	848
1986	2	488
1986	3	2787
1986	4	2851
1986	5	1284
1986	6	1090
1986	7	585
1986	8	741
1986	9	674
1986	10	872
1986	11	1231
1986	12	1234
1987	1	457
1987	2	375
1987	3	2632
1987	4	3568
1987	5	462
1987	6	640
1987	7	342
1987	8	213
1987	9	1604
1987	10	1358
1987	11	1223
1987	12	1061
1988	1	356
1988	2	530
1988	3	1010
1988	4	2464
1988	5	1161
1988	6	171
1988	7	146
1988	8	282
1988	9	366
1988	10	791
1988	11	2071
1988	12	494
1989	1	270
1989	2	284
1989	3	1364
1989	4	2800
1989	5	2271
1989	6	1322
1989	7	291
1989	8	243
1989	9	800
1989	10	1368
1989	11	1776
1989	12	407
1990	1	856
1990	2	1373
1990	3	3216
1990	4	2905
1990	5	2717
1990	6	481
1990	7	228
1990	8	569
1990	9	204
1990	10	1951
1990	11	1626
1990	12	1962
1991	1	1117
1991	2	732
1991	3	2063
1991	4	2593
1991	5	801
1991	6	242
1991	7	132
1991	8	79
1991	9	180
1991	10	591
1991	11	566
1991	12	984
1992	1	735
1992	2	368
1992	3	1550
1992	4	3046
1992	5	1432
1992	6	923
1992	7	664
1992	8	504
1992	9	778
1992	10	991
1992	11	1923
1992	12	838
1993	1	1266
1993	2	429
1993	3	770
1993	4	5900
1993	5	1082
1993	6	789
1993	7	172
1993	8	274
1993	9	275
1993	10	518
1993	11	1213
1993	12	1073
1994	1	592
1994	2	624
1994	3	767
1994	4	5441
1994	5	2040
1994	6	696
1994	7	856
1994	8	883
1994	9	344
1994	10	289
1994	11	869
1994	12	1521
1995	1	1547
1995	2	598
1995	3	1695
1995	4	1096
1995	5	548
1995	6	345
1995	7	125
1995	8	121
1995	9	107
1995	10	2149
1995	11	1937
1995	12	670
1996	1	2100
1996	2	1302
1996	3	1136
1996	4	3460
1996	5	2639
1996	6	1006
1996	7	489
1996	8	236
1996	9	253
1996	10	651
1996	11	2122
1996	12	2668
1997	1	954
1997	2	1096
1997	3	1503
1997	4	4124
1997	5	1962
1997	6	360
1997	7	145
1997	8	129
1997	9	138
1997	10	261
1997	11	940
1997	12	539
1998	1	2692
1998	2	616
1998	3	2494
1998	4	2878
1998	5	814
1998	6	1760
1998	7	417
1998	8	298
1998	9	168
1998	10	164
1998	11	309
1998	12	507
1999	1	970
1999	2	963
1999	3	1017
1999	4	3777
1999	5	1061
1999	6	204
1999	7	182
1999	8	49
1999	9	340
1999	10	507
1999	11	787
1999	12	592
2000	1	1141
2000	2	675
2000	3	2646
2000	4	3315
2000	5	2549
2000	6	970
2000	7	923
2000	8	1033
2000	9	389
2000	10	629
2000	11	854
2000	12	1304
2001	1	514
2001	2	620
2001	3	508
2001	4	4496
2001	5	1550
2001	6	1375
2001	7	334
2001	8	148
2001	9	154
2001	10	147
2001	11	285
2001	12	718
2002	1	517
2002	2	1219
2002	3	1852
2002	4	3420
2002	5	1842
2002	6	1118
2002	7	178
2002	8	59
2002	9	256
2002	10	1018
2002	11	1271
2002	12	723
2003	1	547
2003	2	578
2003	3	2009
2003	4	2959
2003	5	1547
2003	6	832
2003	7	364
2003	8	583
2003	9	376
2003	10	1556
2003	11	1955
2003	12	1896
2004	1	773
2004	2	327
2004	3	1359
2004	4	2601
2004	5	1778
2004	6	529
2004	7	534
2004	8	795
2004	9	798
2004	10	381
2004	11	958
2004	12	2169
2005	1	1066
2005	2	466
2005	3	637
2005	4	4133
2005	5	1103
2005	6	819
2005	7	211
2005	8	119
2005	9	375
2005	10	2087
2005	11	2290
2005	12	1237
2006	1	1820
2006	2	1483
2006	3	1466
2006	4	2320
2006	5	1780
2006	6	2821
2006	7	1569
2006	8	323
2006	9	334
2006	10	2402
2006	11	2370
2006	12	1768
2007	1	2317
2007	2	526
2007	3	1496
2007	4	4273
2007	5	1293
2007	6	187
2007	7	110
2007	8	69
2007	9	60
2007	10	503
2007	11	1152
2007	12	840
2008	1	1629
2008	2	862
2008	3	1973
2008	4	5403
2008	5	1024
2008	6	349
2008	7	737
2008	8	651
2008	9	225
2008	10	668
2008	11	1034
2008	12	1787
2009	1	674
2009	2	562
2009	3	2327
2009	4	2883
2009	5	1775
2009	6	1201
2009	7	564
2009	8	1052
2009	9	402
2009	10	1290
2009	11	1030
2009	12	1020
2010	1	864
2010	2	576
2010	3	3073
2010	4	1788
2010	5	862
2010	6	872
2010	7	508
2010	8	1037
2010	9	377
2010	10	2162
2010	11	1204
2010	12	1582
2011	1	380
2011	2	283
2011	3	1881
2011	4	5254
2011	5	2797
2011	6	1121
2011	7	417
2011	8	794
2011	9	1672
2011	10	1444
2011	11	999
2011	12	1325
2012	1	825
2012	2	642
2012	3	2100
2012	4	899
2012	5	1608
2012	6	965
2012	7	159
2012	8	252
2012	9	285
2012	10	1366
2012	11	731
2012	12	1282
2013	1	768
2013	2	822
2013	3	1006
2013	4	3340
2013	5	1166
2013	6	2026
2013	7	1382
2013	8	270
2013	9	175
2013	10	310
2013	11	1296
2013	12	1115
2014	1	1292
2014	2	489
2014	3	438
2014	4	4831
2014	5	2600
2014	6	1524
2014	7	613
2014	8	360
2014	9	245
2014	10	445
2014	11	635
2014	12	1690
2015	1	542
2015	2	0
2015	3	0
2015	4	3741
2015	5	755
2015	6	1500
2015	7	680
2015	8	132
2015	9	183
