1940	1	1222
1940	2	1224
1940	3	1692
1940	4	11986
1940	5	3655
1940	6	1637
1940	7	2170
1940	8	1170
1940	9	1113
1940	10	1123
1940	11	2109
1940	12	5250
1941	1	3610
1941	2	2492
1941	3	2554
1941	4	5992
1941	5	1465
1941	6	902
1941	7	719
1941	8	654
1941	9	947
1941	10	1642
1941	11	2361
1941	12	2485
1942	1	2174
1942	2	1690
1942	3	4978
1942	4	4448
1942	5	2206
1942	6	1716
1942	7	948
1942	8	936
1942	9	1972
1942	10	3017
1942	11	3466
1942	12	3975
1943	1	3900
1943	2	3813
1943	3	7851
1943	4	5456
1943	5	7878
1943	6	2835
1943	7	1835
1943	8	2400
1943	9	1373
1943	10	1619
1943	11	2758
1943	12	2062
1944	1	1419
1944	2	1149
1944	3	4871
1944	4	6068
1944	5	3477
1944	6	2285
1944	7	1068
1944	8	905
1944	9	1262
1944	10	1769
1944	11	1808
1944	12	1848
1945	1	2179
1945	2	2144
1945	3	9558
1945	4	4997
1945	5	4610
1945	6	2515
1945	7	1720
1945	8	1453
1945	9	3012
1945	10	6528
1945	11	4839
1945	12	2689
1946	1	2548
1946	2	2245
1946	3	6241
1946	4	2419
1946	5	3221
1946	6	2725
1946	7	1411
1946	8	1066
1946	9	983
1946	10	1612
1946	11	2262
1946	12	2447
1947	1	4009
1947	2	3739
1947	3	5053
1947	4	8242
1947	5	6718
1947	6	5079
1947	7	2838
1947	8	1503
1947	9	1252
1947	10	980
1947	11	1398
1947	12	1934
1948	1	1423
1948	2	2067
1948	3	7846
1948	4	5642
1948	5	3470
1948	6	1897
1948	7	1572
1948	8	1461
1948	9	995
1948	10	951
1948	11	2277
1948	12	2827
1949	1	5336
1949	2	4943
1949	3	4169
1949	4	4412
1949	5	2309
1949	6	975
1949	7	789
1949	8	823
1949	9	1139
1949	10	1510
1949	11	2542
1949	12	4294
1950	1	6508
1950	2	3153
1950	3	4848
1950	4	6818
1950	5	2228
1950	6	1611
1950	7	1271
1950	8	1180
1950	9	1993
1950	10	1475
1950	11	2270
1950	12	3830
1951	1	4288
1951	2	4932
1951	3	5386
1951	4	7386
1951	5	2146
1951	6	1621
1951	7	2644
1951	8	1549
1951	9	1586
1951	10	1398
1951	11	2576
1951	12	3629
1952	1	5380
1952	2	3842
1952	3	4302
1952	4	6005
1952	5	2853
1952	6	1392
1952	7	1629
1952	8	1192
1952	9	926
1952	10	876
1952	11	971
1952	12	2473
1953	1	2690
1953	2	3528
1953	3	4794
1953	4	4280
1953	5	4795
1953	6	1395
1953	7	916
1953	8	951
1953	9	831
1953	10	818
1953	11	856
1953	12	1932
1954	1	2347
1954	2	4704
1954	3	4027
1954	4	6556
1954	5	3381
1954	6	2420
1954	7	945
1954	8	822
1954	9	985
1954	10	1083
1954	11	2485
1954	12	3575
1955	1	2651
1955	2	2314
1955	3	7380
1955	4	7395
1955	5	1754
1955	6	1412
1955	7	939
1955	8	772
1955	9	777
1955	10	2640
1955	11	3435
1955	12	2527
1956	1	1637
1956	2	1555
1956	3	3820
1956	4	8497
1956	5	4875
1956	6	3027
1956	7	1295
1956	8	1001
1956	9	2391
1956	10	1908
1956	11	1633
1956	12	3324
1957	1	2479
1957	2	2754
1957	3	3242
1957	4	3342
1957	5	2110
1957	6	1200
1957	7	1429
1957	8	1297
1957	9	921
1957	10	1050
1957	11	1524
1957	12	3791
1958	1	2699
1958	2	1708
1958	3	3589
1958	4	4586
1958	5	2899
1958	6	2259
1958	7	1225
1958	8	959
1958	9	1567
1958	10	2687
1958	11	3398
1958	12	2280
1959	1	3513
1959	2	3217
1959	3	4385
1959	4	6901
1959	5	2669
1959	6	1462
1959	7	913
1959	8	741
1959	9	703
1959	10	1994
1959	11	5872
1959	12	5035
1960	1	2614
1960	2	3414
1960	3	2333
1960	4	9222
1960	5	2672
1960	6	2025
1960	7	1524
1960	8	942
1960	9	981
1960	10	1018
1960	11	1615
1960	12	1111
1961	1	885
1961	2	3035
1961	3	4416
1961	4	4624
1961	5	3144
1961	6	3099
1961	7	1760
1961	8	1274
1961	9	1062
1961	10	859
1961	11	1320
1961	12	1912
1962	1	2644
1962	2	1781
1962	3	3883
1962	4	6145
1962	5	2469
1962	6	1056
1962	7	722
1962	8	847
1962	9	862
1962	10	1440
1962	11	2092
1962	12	1993
1963	1	1507
1963	2	1536
1963	3	3637
1963	4	6852
1963	5	3196
1963	6	1432
1963	7	1030
1963	8	1079
1963	9	796
1963	10	754
1963	11	1190
1963	12	1624
1964	1	2229
1964	2	1543
1964	3	6527
1964	4	5838
1964	5	2014
1964	6	1070
1964	7	877
1964	8	898
1964	9	767
1964	10	718
1964	11	757
1964	12	1695
1965	1	1654
1965	2	2880
1965	3	2827
1965	4	5368
1965	5	2255
1965	6	1224
1965	7	1228
1965	8	773
1965	9	996
1965	10	2285
1965	11	3610
1965	12	2911
1966	1	2292
1966	2	3361
1966	3	5610
1966	4	3636
1966	5	3690
1966	6	1552
1966	7	965
1966	8	948
1966	9	1270
1966	10	1269
1966	11	1565
1966	12	2424
1967	1	2526
1967	2	1775
1967	3	2733
1967	4	5092
1967	5	2670
1967	6	1082
1967	7	1217
1967	8	1528
1967	9	1415
1967	10	1742
1967	11	3899
1967	12	4147
1968	1	2171
1968	2	2292
1968	3	4677
1968	4	4061
1968	5	2894
1968	6	3544
1968	7	2395
1968	8	1323
1968	9	1394
1968	10	1852
1968	11	5134
1968	12	4088
1969	1	3632
1969	2	3232
1969	3	3594
1969	4	7157
1969	5	4056
1969	6	1942
1969	7	1227
1969	8	945
1969	9	945
1969	10	963
1969	11	1982
1969	12	2233
1970	1	1616
1970	2	2470
1970	3	2981
1970	4	7551
1970	5	2459
1970	6	1557
1970	7	1741
1970	8	1058
1970	9	1445
1970	10	1917
1970	11	2374
1970	12	2777
1971	1	2166
1971	2	4059
1971	3	4067
1971	4	8080
1971	5	5627
1971	6	1387
1971	7	1463
1971	8	1677
1971	9	1813
1971	10	1706
1971	11	1739
1971	12	3572
1972	1	2840
1972	2	2251
1972	3	4986
1972	4	7484
1972	5	6470
1972	6	6305
1972	7	2526
1972	8	1758
1972	9	1264
1972	10	1470
1972	11	5233
1972	12	4540
1973	1	5964
1973	2	4053
1973	3	5600
1973	4	5516
1973	5	5172
1973	6	2450
1973	7	1521
1973	8	1026
1973	9	1029
1973	10	1128
1973	11	3066
1973	12	6253
1974	1	4355
1974	2	3432
1974	3	4355
1974	4	5987
1974	5	4389
1974	6	1613
1974	7	3044
1974	8	1222
1974	9	1973
1974	10	1765
1974	11	3505
1974	12	3737
1975	1	3700
1975	2	4099
1975	3	4930
1975	4	5026
1975	5	3316
1975	6	2231
1975	7	1321
1975	8	1238
1975	9	3402
1975	10	3898
1975	11	4093
1975	12	3471
1976	1	2587
1976	2	6759
1976	3	7033
1976	4	6083
1976	5	5648
1976	6	3816
1976	7	3021
1976	8	2319
1976	9	1896
1976	10	5082
1976	11	3454
1976	12	3079
1977	1	1875
1977	2	2384
1977	3	9056
1977	4	7063
1977	5	2198
1977	6	1178
1977	7	1114
1977	8	1291
1977	9	4361
1977	10	6131
1977	11	4797
1977	12	4903
1978	1	4498
1978	2	2920
1978	3	4419
1978	4	6764
1978	5	3025
1978	6	1682
1978	7	1064
1978	8	1017
1978	9	1256
1978	10	1627
1978	11	1581
1978	12	2318
1979	1	3848
1979	2	2669
1979	3	8648
1979	4	7593
1979	5	2878
1979	6	1464
1979	7	1094
1979	8	983
1979	9	1185
1979	10	1183
1979	11	2424
1979	12	2535
1980	1	2169
1980	2	1107
1980	3	4522
1980	4	5799
1980	5	2018
1980	6	1632
1980	7	1323
1980	8	1013
1980	9	1199
1980	10	1390
1980	11	2492
1980	12	2465
1981	1	1732
1981	2	5748
1981	3	3103
1981	4	3175
1981	5	1839
1981	6	1393
1981	7	1034
1981	8	1039
1981	9	2671
1981	10	4626
1981	11	3135
1981	12	2394
1982	1	2478
1982	2	2362
1982	3	4818
1982	4	8589
1982	5	2569
1982	6	2637
1982	7	1647
1982	8	1085
1982	9	997
1982	10	1038
1982	11	1736
1982	12	2562
1983	1	2117
1983	2	2575
1983	3	3534
1983	4	7233
1983	5	6002
1983	6	1943
1983	7	951
1983	8	1029
1983	9	992
1983	10	1045
1983	11	2205
1983	12	5855
1984	1	2130
1984	2	5121
1984	3	3412
1984	4	5192
1984	5	4901
1984	6	2358
1984	7	2677
1984	8	1205
1984	9	1693
1984	10	1232
1984	11	2472
1984	12	4685
1985	1	3664
1985	2	3074
1985	3	5397
1985	4	3980
1985	5	1583
1985	6	1063
1985	7	938
1985	8	847
1985	9	1600
1985	10	1755
1985	11	3448
1985	12	2810
1986	1	2995
1986	2	2641
1986	3	7475
1986	4	5321
1986	5	2668
1986	6	2964
1986	7	2253
1986	8	2911
1986	9	2360
1986	10	3782
1986	11	4557
1986	12	4066
1987	1	2289
1987	2	1512
1987	3	4358
1987	4	5624
1987	5	1363
1987	6	1342
1987	7	1395
1987	8	1001
1987	9	1941
1987	10	2348
1987	11	3152
1987	12	2825
1988	1	1508
1988	2	2315
1988	3	3279
1988	4	3781
1988	5	2250
1988	6	979
1988	7	1130
1988	8	986
1988	9	1274
1988	10	1797
1988	11	4123
1988	12	2465
1989	1	1812
1989	2	2282
1989	3	3455
1989	4	5269
1989	5	4608
1989	6	3329
1989	7	1268
1989	8	1188
1989	9	1856
1989	10	2616
1989	11	4976
1989	12	1977
1990	1	3502
1990	2	5357
1990	3	6730
1990	4	5999
1990	5	6802
1990	6	1690
1990	7	1070
1990	8	1208
1990	9	1113
1990	10	3852
1990	11	4694
1990	12	5964
1991	1	4111
1991	2	3363
1991	3	5452
1991	4	5264
1991	5	2417
1991	6	1105
1991	7	927
1991	8	1013
1991	9	1198
1991	10	1349
1991	11	2140
1991	12	2766
1992	1	2606
1992	2	2062
1992	3	3931
1992	4	5639
1992	5	3468
1992	6	2084
1992	7	3167
1992	8	1703
1992	9	2488
1992	10	3477
1992	11	5092
1992	12	3019
1993	1	3899
1993	2	1892
1993	3	3445
1993	4	13158
1993	5	2431
1993	6	2268
1993	7	1158
1993	8	1205
1993	9	1605
1993	10	2034
1993	11	4407
1993	12	3886
1994	1	1856
1994	2	2891
1994	3	4941
1994	4	11179
1994	5	3440
1994	6	1960
1994	7	2255
1994	8	2306
1994	9	1695
1994	10	1590
1994	11	2614
1994	12	3266
1995	1	3819
1995	2	1934
1995	3	4181
1995	4	2288
1995	5	1333
1995	6	998
1995	7	884
1995	8	732
1995	9	703
1995	10	2376
1995	11	4597
1995	12	2257
1996	1	4329
1996	2	3487
1996	3	4005
1996	4	5801
1996	5	5915
1996	6	2024
1996	7	1744
1996	8	1326
1996	9	1310
1996	10	1667
1996	11	4500
1996	12	6672
1997	1	2572
1997	2	3930
1997	3	5821
1997	4	5447
1997	5	3998
1997	6	1487
1997	7	1196
1997	8	911
1997	9	853
1997	10	1057
1997	11	1856
1997	12	2069
1998	1	6825
1998	2	3052
1998	3	6165
1998	4	3936
1998	5	1829
1998	6	2370
1998	7	1433
1998	8	1190
1998	9	1130
1998	10	1067
1998	11	1044
1998	12	1402
1999	1	3064
1999	2	3505
1999	3	3567
1999	4	4338
1999	5	1601
1999	6	899
1999	7	1442
1999	8	725
1999	9	1340
1999	10	1972
1999	11	1586
1999	12	2551
2000	1	3682
2000	2	3586
2000	3	4811
2000	4	6720
2000	5	6815
2000	6	2981
2000	7	1740
2000	8	2580
2000	9	1796
2000	10	1971
2000	11	2184
2000	12	3100
2001	1	1965
2001	2	2934
2001	3	3107
2001	4	8569
2001	5	2092
2001	6	3735
2001	7	1406
2001	8	926
2001	9	1104
2001	10	1043
2001	11	1409
2001	12	2169
2002	1	1520
2002	2	3541
2002	3	4861
2002	4	6250
2002	5	4713
2002	6	3074
2002	7	1107
2002	8	991
2002	9	1213
2002	10	2317
2002	11	3673
2002	12	3157
2003	1	2798
2003	2	2287
2003	3	6229
2003	4	5701
2003	5	4062
2003	6	2831
2003	7	1558
2003	8	2526
2003	9	1661
2003	10	4253
2003	11	5275
2003	12	5019
2004	1	3022
2004	2	1945
2004	3	5055
2004	4	4804
2004	5	4489
2004	6	1613
2004	7	2199
2004	8	3059
2004	9	2859
2004	10	1707
2004	11	2767
2004	12	5765
2005	1	4098
2005	2	2613
2005	3	3509
2005	4	6598
2005	5	1879
2005	6	1564
2005	7	1061
2005	8	1191
2005	9	1465
2005	10	3905
2005	11	4939
2005	12	4331
2006	1	4951
2006	2	4482
2006	3	4409
2006	4	3709
2006	5	2388
2006	6	4999
2006	7	4526
2006	8	1867
2006	9	1481
2006	10	5267
2006	11	5913
2006	12	4508
2007	1	5916
2007	2	2139
2007	3	6340
2007	4	7844
2007	5	2238
2007	6	1081
2007	7	958
2007	8	913
2007	9	745
2007	10	1714
2007	11	3373
2007	12	3967
2008	1	4828
2008	2	4587
2008	3	6446
2008	4	7140
2008	5	1888
2008	6	1472
2008	7	1608
2008	8	1988
2008	9	1359
2008	10	2409
2008	11	3089
2008	12	4984
2009	1	2918
2009	2	2533
2009	3	5858
2009	4	4741
2009	5	2997
2009	6	2195
2009	7	1298
2009	8	1843
2009	9	1437
2009	10	2715
2009	11	2710
2009	12	2642
2010	1	2738
2010	2	1830
2010	3	4806
2010	4	3058
2010	5	1715
2010	6	1960
2010	7	1903
2010	8	2648
2010	9	1554
2010	10	5479
2010	11	3849
2010	12	3850
2011	1	1961
2011	2	2033
2011	3	6315
2011	4	9325
2011	5	5098
2011	6	2498
2011	7	1365
2011	8	1855
2011	9	4831
2011	10	3604
2011	11	3561
2011	12	4107
2012	1	3860
2012	2	2835
2012	3	3498
2012	4	2035
2012	5	3484
2012	6	1528
2012	7	993
2012	8	1005
2012	9	869
2012	10	1674
2012	11	1550
2012	12	3505
2013	1	2634
2013	2	2908
2013	3	3038
2013	4	5140
2013	5	2523
2013	6	6327
2013	7	5751
2013	8	1146
2013	9	1351
2013	10	1671
2013	11	3712
2013	12	4457
2014	1	3875
2014	2	2432
2014	3	2709
2014	4	6909
2014	5	4871
2014	6	3201
2014	7	2296
2014	8	2347
2014	9	1824
2014	10	2406
2014	11	2320
2014	12	4056
2015	1	1142
2015	2	0
2015	3	1726
2015	4	6520
2015	5	2323
2015	6	3320
2015	7	2292
2015	8	969
2015	9	889
