1940	1	99
1940	2	93
1940	3	599
1940	4	2578
1940	5	1262
1940	6	456
1940	7	90
1940	8	19
1940	9	99
1940	10	27
1940	11	259
1940	12	409
1941	1	242
1941	2	394
1941	3	289
1941	4	1032
1941	5	178
1941	6	291
1941	7	68
1941	8	67
1941	9	23
1941	10	16
1941	11	79
1941	12	361
1942	1	241
1942	2	138
1942	3	1054
1942	4	763
1942	5	435
1942	6	212
1942	7	43
1942	8	46
1942	9	549
1942	10	586
1942	11	753
1942	12	662
1943	1	413
1943	2	552
1943	3	921
1943	4	751
1943	5	1230
1943	6	392
1943	7	66
1943	8	26
1943	9	12
1943	10	269
1943	11	621
1943	12	169
1944	1	85
1944	2	154
1944	3	597
1944	4	801
1944	5	386
1944	6	129
1944	7	56
1944	8	58
1944	9	143
1944	10	115
1944	11	251
1944	12	496
1945	1	443
1945	2	379
1945	3	1633
1945	4	515
1945	5	968
1945	6	444
1945	7	751
1945	8	197
1945	9	342
1945	10	292
1945	11	554
1945	12	459
1946	1	789
1946	2	228
1946	3	1015
1946	4	264
1946	5	697
1946	6	476
1946	7	130
1946	8	60
1946	9	74
1946	10	177
1946	11	90
1946	12	102
1947	1	511
1947	2	287
1947	3	699
1947	4	1132
1947	5	1099
1947	6	258
1947	7	124
1947	8	39
1947	9	35
1947	10	22
1947	11	520
1947	12	180
1948	1	106
1948	2	472
1948	3	1406
1948	4	818
1948	5	622
1948	6	435
1948	7	127
1948	8	49
1948	9	16
1948	10	41
1948	11	449
1948	12	750
1949	1	1048
1949	2	554
1949	3	378
1949	4	518
1949	5	495
1949	6	93
1949	7	16
1949	8	21
1949	9	86
1949	10	56
1949	11	133
1949	12	359
1950	1	546
1950	2	316
1950	3	807
1950	4	1185
1950	5	521
1950	6	361
1950	7	123
1950	8	56
1950	9	132
1950	10	108
1950	11	1162
1950	12	1019
1951	1	617
1951	2	980
1951	3	1106
1951	4	1066
1951	5	256
1951	6	317
1951	7	517
1951	8	100
1951	9	139
1951	10	439
1951	11	1185
1951	12	683
1952	1	713
1952	2	405
1952	3	697
1952	4	1620
1952	5	696
1952	6	539
1952	7	301
1952	8	75
1952	9	154
1952	10	31
1952	11	354
1952	12	987
1953	1	681
1953	2	494
1953	3	1239
1953	4	983
1953	5	831
1953	6	110
1953	7	45
1953	8	49
1953	9	33
1953	10	81
1953	11	390
1953	12	667
1954	1	318
1954	2	601
1954	3	684
1954	4	494
1954	5	1064
1954	6	172
1954	7	51
1954	8	54
1954	9	187
1954	10	144
1954	11	934
1954	12	829
1955	1	263
1955	2	343
1955	3	747
1955	4	848
1955	5	249
1955	6	197
1955	7	30
1955	8	1190
1955	9	103
1955	10	2496
1955	11	867
1955	12	226
1956	1	386
1956	2	274
1956	3	727
1956	4	1989
1956	5	605
1956	6	172
1956	7	82
1956	8	22
1956	9	78
1956	10	109
1956	11	250
1956	12	523
1957	1	363
1957	2	230
1957	3	421
1957	4	793
1957	5	486
1957	6	105
1957	7	27
1957	8	19
1957	9	13
1957	10	58
1957	11	282
1957	12	1226
1958	1	337
1958	2	190
1958	3	383
1958	4	3022
1958	5	781
1958	6	205
1958	7	78
1958	8	27
1958	9	44
1958	10	222
1958	11	687
1958	12	274
1959	1	404
1959	2	252
1959	3	606
1959	4	1133
1959	5	296
1959	6	103
1959	7	31
1959	8	19
1959	9	62
1959	10	753
1959	11	941
1959	12	800
1960	1	453
1960	2	628
1960	3	516
1960	4	1532
1960	5	471
1960	6	284
1960	7	170
1960	8	170
1960	9	1152
1960	10	209
1960	11	227
1960	12	182
1961	1	101
1961	2	723
1961	3	790
1961	4	1313
1961	5	687
1961	6	245
1961	7	59
1961	8	31
1961	9	28
1961	10	18
1961	11	67
1961	12	78
1962	1	297
1962	2	106
1962	3	604
1962	4	1451
1962	5	273
1962	6	50
1962	7	15
1962	8	10
1962	9	10
1962	10	95
1962	11	483
1962	12	565
1963	1	130
1963	2	142
1963	3	947
1963	4	659
1963	5	232
1963	6	184
1963	7	71
1963	8	98
1963	9	24
1963	10	26
1963	11	629
1963	12	470
1964	1	658
1964	2	201
1964	3	1328
1964	4	744
1964	5	197
1964	6	37
1964	7	22
1964	8	10
1964	9	5
1964	10	8
1964	11	17
1964	12	139
1965	1	304
1965	2	551
1965	3	252
1965	4	773
1965	5	260
1965	6	50
1965	7	11
1965	8	143
1965	9	271
1965	10	369
1965	11	174
1965	12	260
1966	1	179
1966	2	379
1966	3	1163
1966	4	391
1966	5	326
1966	6	153
1966	7	21
1966	8	10
1966	9	41
1966	10	90
1966	11	426
1966	12	258
1967	1	408
1967	2	322
1967	3	533
1967	4	1097
1967	5	544
1967	6	171
1967	7	92
1967	8	45
1967	9	40
1967	10	227
1967	11	401
1967	12	578
1968	1	166
1968	2	572
1968	3	1304
1968	4	634
1968	5	845
1968	6	672
1968	7	196
1968	8	32
1968	9	24
1968	10	29
1968	11	451
1968	12	544
1969	1	368
1969	2	228
1969	3	502
1969	4	1412
1969	5	500
1969	6	280
1969	7	405
1969	8	218
1969	9	56
1969	10	31
1969	11	1339
1969	12	667
1970	1	386
1970	2	1001
1970	3	403
1970	4	1657
1970	5	392
1970	6	84
1970	7	63
1970	8	33
1970	9	28
1970	10	253
1970	11	309
1970	12	197
1971	1	153
1971	2	484
1971	3	790
1971	4	1218
1971	5	808
1971	6	81
1971	7	24
1971	8	159
1971	9	383
1971	10	181
1971	11	246
1971	12	992
1972	1	449
1972	2	605
1972	3	918
1972	4	1276
1972	5	943
1972	6	1229
1972	7	339
1972	8	52
1972	9	25
1972	10	120
1972	11	1251
1972	12	1113
1973	1	1326
1973	2	650
1973	3	674
1973	4	971
1973	5	947
1973	6	745
1973	7	377
1973	8	93
1973	9	34
1973	10	74
1973	11	162
1973	12	1722
1974	1	511
1974	2	366
1974	3	624
1974	4	1164
1974	5	507
1974	6	189
1974	7	250
1974	8	75
1974	9	282
1974	10	227
1974	11	482
1974	12	1022
1975	1	659
1975	2	648
1975	3	767
1975	4	869
1975	5	641
1975	6	405
1975	7	232
1975	8	159
1975	9	247
1975	10	679
1975	11	509
1975	12	468
1976	1	943
1976	2	1092
1976	3	643
1976	4	712
1976	5	794
1976	6	189
1976	7	183
1976	8	461
1976	9	75
1976	10	678
1976	11	304
1976	12	1122
1977	1	204
1977	2	614
1977	3	2295
1977	4	971
1977	5	630
1977	6	165
1977	7	44
1977	8	63
1977	9	834
1977	10	1461
1977	11	1432
1977	12	1208
1978	1	2210
1978	2	450
1978	3	893
1978	4	1250
1978	5	874
1978	6	277
1978	7	138
1978	8	127
1978	9	94
1978	10	133
1978	11	165
1978	12	304
1979	1	1199
1979	2	331
1979	3	2093
1979	4	927
1979	5	747
1979	6	297
1979	7	158
1979	8	97
1979	9	548
1979	10	883
1979	11	832
1979	12	312
1980	1	178
1980	2	62
1980	3	1625
1980	4	1269
1980	5	369
1980	6	87
1980	7	79
1980	8	31
1980	9	9
1980	10	34
1980	11	119
1980	12	181
1981	1	75
1981	2	1711
1981	3	298
1981	4	453
1981	5	607
1981	6	166
1981	7	261
1981	8	35
1981	9	148
1981	10	281
1981	11	298
1981	12	294
1982	1	295
1982	2	551
1982	3	598
1982	4	1178
1982	5	233
1982	6	866
1982	7	162
1982	8	31
1982	9	18
1982	10	16
1982	11	155
1982	12	224
1983	1	339
1983	2	667
1983	3	1511
1983	4	2117
1983	5	741
1983	6	244
1983	7	46
1983	8	27
1983	9	27
1983	10	34
1983	11	349
1983	12	1219
1984	1	271
1984	2	1104
1984	3	456
1984	4	2273
1984	5	1264
1984	6	350
1984	7	98
1984	8	55
1984	9	34
1984	10	30
1984	11	74
1984	12	317
1985	1	157
1985	2	296
1985	3	425
1985	4	372
1985	5	270
1985	6	134
1985	7	63
1985	8	33
1985	9	254
1985	10	228
1985	11	631
1985	12	525
1986	1	320
1986	2	465
1986	3	1431
1986	4	529
1986	5	732
1986	6	575
1986	7	101
1986	8	123
1986	9	35
1986	10	51
1986	11	448
1986	12	571
1987	1	259
1987	2	215
1987	3	1195
1987	4	2818
1987	5	196
1987	6	76
1987	7	188
1987	8	77
1987	9	662
1987	10	1106
1987	11	516
1987	12	375
1988	1	183
1988	2	445
1988	3	678
1988	4	470
1988	5	934
1988	6	139
1988	7	80
1988	8	43
1988	9	40
1988	10	79
1988	11	703
1988	12	142
1989	1	89
1989	2	116
1989	3	357
1989	4	688
1989	5	1738
1989	6	581
1989	7	246
1989	8	75
1989	9	160
1989	10	734
1989	11	561
1989	12	184
1990	1	438
1990	2	848
1990	3	813
1990	4	704
1990	5	955
1990	6	218
1990	7	93
1990	8	430
1990	9	93
1990	10	482
1990	11	804
1990	12	733
1991	1	364
1991	2	476
1991	3	842
1991	4	714
1991	5	335
1991	6	49
1991	7	19
1991	8	28
1991	9	27
1991	10	251
1991	11	511
1991	12	436
1992	1	409
1992	2	196
1992	3	658
1992	4	842
1992	5	436
1992	6	536
1992	7	65
1992	8	47
1992	9	41
1992	10	63
1992	11	386
1992	12	340
1993	1	763
1993	2	92
1993	3	748
1993	4	2669
1993	5	265
1993	6	50
1993	7	16
1993	8	11
1993	9	22
1993	10	50
1993	11	650
1993	12	565
1994	1	250
1994	2	348
1994	3	996
1994	4	1841
1994	5	335
1994	6	112
1994	7	132
1994	8	218
1994	9	181
1994	10	131
1994	11	175
1994	12	667
1995	1	764
1995	2	249
1995	3	792
1995	4	359
1995	5	176
1995	6	83
1995	7	29
1995	8	20
1995	9	13
1995	10	885
1995	11	1056
1995	12	231
1996	1	2049
1996	2	521
1996	3	464
1996	4	1101
1996	5	1005
1996	6	439
1996	7	782
1996	8	98
1996	9	432
1996	10	1063
1996	11	824
1996	12	1258
1997	1	304
1997	2	368
1997	3	518
1997	4	1237
1997	5	602
1997	6	89
1997	7	27
1997	8	31
1997	9	90
1997	10	43
1997	11	804
1997	12	310
1998	1	1065
1998	2	327
1998	3	1312
1998	4	989
1998	5	1295
1998	6	990
1998	7	252
1998	8	32
1998	9	20
1998	10	88
1998	11	82
1998	12	94
1999	1	1050
1999	2	416
1999	3	999
1999	4	549
1999	5	368
1999	6	82
1999	7	145
1999	8	30
1999	9	1138
1999	10	397
1999	11	663
1999	12	368
2000	1	243
2000	2	852
2000	3	1271
2000	4	1105
2000	5	730
2000	6	1199
2000	7	265
2000	8	195
2000	9	110
2000	10	116
2000	11	140
2000	12	753
2001	1	179
2001	2	355
2001	3	345
2001	4	1829
2001	5	267
2001	6	279
2001	7	61
2001	8	29
2001	9	70
2001	10	49
2001	11	41
2001	12	177
2002	1	159
2002	2	397
2002	3	568
2002	4	594
2002	5	610
2002	6	398
2002	7	52
2002	8	31
2002	9	57
2002	10	701
2002	11	626
2002	12	601
2003	1	328
2003	2	466
2003	3	1701
2003	4	795
2003	5	616
2003	6	682
2003	7	130
2003	8	483
2003	9	1084
2003	10	1146
2003	11	1043
2003	12	1583
2004	1	347
2004	2	83
2004	3	715
2004	4	910
2004	5	446
2004	6	180
2004	7	167
2004	8	581
2004	9	1314
2004	10	422
2004	11	477
2004	12	1035
2005	1	976
2005	2	421
2005	3	691
2005	4	1792
2005	5	336
2005	6	162
2005	7	115
2005	8	27
2005	9	24
2005	10	1419
2005	11	980
2005	12	710
2006	1	1298
2006	2	595
2006	3	224
2006	4	535
2006	5	806
2006	6	1887
2006	7	342
2006	8	136
2006	9	354
2006	10	802
2006	11	1021
2006	12	366
2007	1	531
2007	2	84
2007	3	1356
2007	4	2059
2007	5	452
2007	6	400
2007	7	123
2007	8	84
2007	9	128
2007	10	545
2007	11	669
2007	12	714
2008	1	690
2008	2	1197
2008	3	1495
2008	4	723
2008	5	224
2008	6	102
2008	7	351
2008	8	150
2008	9	152
2008	10	481
2008	11	777
2008	12	1124
2009	1	321
2009	2	337
2009	3	683
2009	4	512
2009	5	332
2009	6	784
2009	7	782
2009	8	478
2009	9	162
2009	10	351
2009	11	489
2009	12	691
2010	1	909
2010	2	226
2010	3	2713
2010	4	1337
2010	5	287
2010	6	95
2010	7	65
2010	8	157
2010	9	43
2010	10	1459
2010	11	565
2010	12	1042
2011	1	316
2011	2	436
2011	3	1911
2011	4	1312
2011	5	1102
2011	6	195
2011	7	315
2011	8	1803
2011	9	1839
2011	10	774
2011	11	532
2011	12	760
2012	1	497
2012	2	261
2012	3	374
2012	4	485
2012	5	432
2012	6	149
2012	7	32
2012	8	35
2012	9	349
2012	10	877
2012	11	505
2012	12	765
2013	1	580
2013	2	355
2013	3	673
2013	4	972
2013	5	481
2013	6	1058
2013	7	195
2013	8	107
2013	9	89
2013	10	82
2013	11	241
2013	12	544
2014	1	644
2014	2	144
2014	3	495
2014	4	1174
2014	5	800
2014	6	342
2014	7	192
2014	8	48
2014	9	21
2014	10	244
2014	11	211
2014	12	736
2015	1	116
2015	2	0
2015	3	101
2015	4	1172
2015	5	146
2015	6	409
2015	7	187
2015	8	53
2015	9	196
