1940	1	3
1940	2	3
1940	3	3
1940	4	5
1940	5	158
1940	6	172
1940	7	179
1940	8	171
1940	9	175
1940	10	170
1940	11	171
1940	12	17
1941	1	3
1941	2	3
1941	3	3
1941	4	115
1941	5	160
1941	6	177
1941	7	176
1941	8	170
1941	9	144
1941	10	148
1941	11	148
1941	12	35
1942	1	3
1942	2	3
1942	3	34
1942	4	80
1942	5	117
1942	6	117
1942	7	121
1942	8	117
1942	9	134
1942	10	125
1942	11	115
1942	12	41
1943	1	3
1943	2	3
1943	3	3
1943	4	75
1943	5	77
1943	6	102
1943	7	130
1943	8	125
1943	9	127
1943	10	133
1943	11	129
1943	12	52
1944	1	3
1944	2	3
1944	3	15
1944	4	66
1944	5	92
1944	6	101
1944	7	111
1944	8	109
1944	9	108
1944	10	102
1944	11	79
1944	12	19
1945	1	3
1945	2	3
1945	3	24
1945	4	81
1945	5	95
1945	6	109
1945	7	106
1945	8	107
1945	9	109
1945	10	104
1945	11	114
1945	12	25
1946	1	3
1946	2	3
1946	3	27
1946	4	91
1946	5	99
1946	6	102
1946	7	102
1946	8	109
1946	9	101
1946	10	114
1946	11	120
1946	12	35
1947	1	3
1947	2	3
1947	3	16
1947	4	80
1947	5	111
1947	6	117
1947	7	129
1947	8	139
1947	9	131
1947	10	135
1947	11	129
1947	12	46
1948	1	3
1948	2	3
1948	3	3
1948	4	103
1948	5	129
1948	6	142
1948	7	140
1948	8	146
1948	9	138
1948	10	134
1948	11	138
1948	12	37
1949	1	3
1949	2	3
1949	3	8
1949	4	116
1949	5	136
1949	6	125
1949	7	121
1949	8	117
1949	9	139
1949	10	122
1949	11	125
1949	12	24
1950	1	3
1950	2	3
1950	3	3
1950	4	35
1950	5	160
1950	6	164
1950	7	167
1950	8	171
1950	9	157
1950	10	170
1950	11	158
1950	12	67
1951	1	3
1951	2	3
1951	3	18
1951	4	141
1951	5	172
1951	6	171
1951	7	172
1951	8	161
1951	9	158
1951	10	153
1951	11	151
1951	12	50
1952	1	3
1952	2	3
1952	3	3
1952	4	135
1952	5	156
1952	6	155
1952	7	109
1952	8	120
1952	9	164
1952	10	151
1952	11	146
1952	12	70
1953	1	3
1953	2	3
1953	3	15
1953	4	132
1953	5	149
1953	6	152
1953	7	152
1953	8	139
1953	9	149
1953	10	145
1953	11	134
1953	12	52
1954	1	3
1954	2	3
1954	3	16
1954	4	105
1954	5	121
1954	6	122
1954	7	131
1954	8	139
1954	9	131
1954	10	135
1954	11	135
1954	12	48
1955	1	3
1955	2	3
1955	3	3
1955	4	118
1955	5	149
1955	6	154
1955	7	153
1955	8	137
1955	9	135
1955	10	124
1955	11	137
1955	12	63
1956	1	3
1956	2	3
1956	3	3
1956	4	77
1956	5	138
1956	6	148
1956	7	155
1956	8	161
1956	9	145
1956	10	135
1956	11	128
1956	12	43
1957	1	3
1957	2	3
1957	3	3
1957	4	74
1957	5	112
1957	6	99
1957	7	112
1957	8	106
1957	9	106
1957	10	93
1957	11	86
1957	12	29
1958	1	3
1958	2	3
1958	3	3
1958	4	49
1958	5	115
1958	6	122
1958	7	126
1958	8	132
1958	9	104
1958	10	96
1958	11	94
1958	12	46
1959	1	3
1959	2	3
1959	3	3
1959	4	55
1959	5	92
1959	6	93
1959	7	110
1959	8	100
1959	9	83
1959	10	82
1959	11	69
1959	12	35
1960	1	3
1960	2	3
1960	3	3
1960	4	48
1960	5	89
1960	6	85
1960	7	105
1960	8	101
1960	9	89
1960	10	80
1960	11	76
1960	12	39
1961	1	3
1961	2	3
1961	3	3
1961	4	29
1961	5	110
1961	6	100
1961	7	103
1961	8	97
1961	9	86
1961	10	88
1961	11	75
1961	12	15
1962	1	3
1962	2	3
1962	3	3
1962	4	62
1962	5	77
1962	6	90
1962	7	100
1962	8	93
1962	9	81
1962	10	75
1962	11	72
1962	12	11
1963	1	3
1963	2	3
1963	3	3
1963	4	57
1963	5	70
1963	6	92
1963	7	98
1963	8	105
1963	9	99
1963	10	94
1963	11	83
1963	12	27
1964	1	3
1964	2	3
1964	3	3
1964	4	78
1964	5	83
1964	6	99
1964	7	119
1964	8	97
1964	9	94
1964	10	89
1964	11	84
1964	12	38
1965	1	3
1965	2	3
1965	3	35
1965	4	64
1965	5	90
1965	6	95
1965	7	118
1965	8	108
1965	9	99
1965	10	94
1965	11	84
1965	12	23
1966	1	3
1966	2	3
1966	3	3
1966	4	62
1966	5	89
1966	6	92
1966	7	103
1966	8	99
1966	9	93
1966	10	82
1966	11	74
1966	12	16
1967	1	3
1967	2	3
1967	3	3
1967	4	82
1967	5	86
1967	6	98
1967	7	93
1967	8	99
1967	9	94
1967	10	88
1967	11	78
1967	12	24
1968	1	3
1968	2	3
1968	3	21
1968	4	61
1968	5	106
1968	6	101
1968	7	111
1968	8	108
1968	9	90
1968	10	86
1968	11	71
1968	12	39
1969	1	3
1969	2	3
1969	3	3
1969	4	75
1969	5	114
1969	6	118
1969	7	129
1969	8	127
1969	9	110
1969	10	111
1969	11	99
1969	12	22
1970	1	3
1970	2	3
1970	3	3
1970	4	61
1970	5	109
1970	6	113
1970	7	127
1970	8	125
1970	9	115
1970	10	111
1970	11	91
1970	12	35
1971	1	3
1971	2	3
1971	3	3
1971	4	46
1971	5	99
1971	6	117
1971	7	131
1971	8	127
1971	9	120
1971	10	120
1971	11	105
1971	12	30
1972	1	3
1972	2	3
1972	3	3
1972	4	47
1972	5	102
1972	6	109
1972	7	118
1972	8	118
1972	9	113
1972	10	93
1972	11	72
1972	12	38
1973	1	3
1973	2	3
1973	3	3
1973	4	84
1973	5	84
1973	6	98
1973	7	112
1973	8	103
1973	9	102
1973	10	95
1973	11	79
1973	12	34
1974	1	3
1974	2	3
1974	3	3
1974	4	73
1974	5	112
1974	6	129
1974	7	130
1974	8	133
1974	9	119
1974	10	109
1974	11	101
1974	12	42
1975	1	3
1975	2	3
1975	3	3
1975	4	57
1975	5	107
1975	6	113
1975	7	121
1975	8	120
1975	9	107
1975	10	110
1975	11	93
1975	12	26
1976	1	3
1976	2	3
1976	3	3
1976	4	32
1976	5	92
1976	6	93
1976	7	106
1976	8	126
1976	9	123
1976	10	123
1976	11	110
1976	12	72
1977	1	3
1977	2	3
1977	3	3
1977	4	37
1977	5	105
1977	6	134
1977	7	145
1977	8	139
1977	9	131
1977	10	111
1977	11	103
1977	12	59
1978	1	3
1978	2	3
1978	3	3
1978	4	58
1978	5	110
1978	6	113
1978	7	123
1978	8	123
1978	9	122
1978	10	120
1978	11	93
1978	12	29
1979	1	3
1979	2	3
1979	3	3
1979	4	57
1979	5	100
1979	6	109
1979	7	120
1979	8	116
1979	9	118
1979	10	105
1979	11	96
1979	12	42
1980	1	3
1980	2	3
1980	3	3
1980	4	65
1980	5	122
1980	6	129
1980	7	138
1980	8	134
1980	9	125
1980	10	123
1980	11	104
1980	12	43
1981	1	3
1981	2	3
1981	3	3
1981	4	53
1981	5	125
1981	6	126
1981	7	136
1981	8	134
1981	9	128
1981	10	123
1981	11	104
1981	12	37
1982	1	3
1982	2	3
1982	3	3
1982	4	63
1982	5	137
1982	6	139
1982	7	151
1982	8	118
1982	9	141
1982	10	135
1982	11	110
1982	12	23
1983	1	3
1983	2	3
1983	3	3
1983	4	53
1983	5	131
1983	6	140
1983	7	157
1983	8	152
1983	9	137
1983	10	131
1983	11	111
1983	12	32
1984	1	3
1984	2	3
1984	3	3
1984	4	51
1984	5	117
1984	6	130
1984	7	136
1984	8	135
1984	9	132
1984	10	119
1984	11	98
1984	12	23
1985	1	3
1985	2	3
1985	3	3
1985	4	51
1985	5	128
1985	6	135
1985	7	149
1985	8	143
1985	9	130
1985	10	125
1985	11	102
1985	12	35
1986	1	3
1986	2	3
1986	3	3
1986	4	42
1986	5	123
1986	6	138
1986	7	146
1986	8	139
1986	9	134
1986	10	126
1986	11	105
1986	12	48
1987	1	3
1987	2	3
1987	3	3
1987	4	54
1987	5	137
1987	6	141
1987	7	146
1987	8	143
1987	9	137
1987	10	122
1987	11	103
1987	12	27
1988	1	3
1988	2	3
1988	3	3
1988	4	77
1988	5	136
1988	6	142
1988	7	152
1988	8	143
1988	9	147
1988	10	128
1988	11	100
1988	12	47
1989	1	3
1989	2	3
1989	3	3
1989	4	55
1989	5	141
1989	6	144
1989	7	151
1989	8	143
1989	9	145
1989	10	118
1989	11	104
1989	12	61
1990	1	3
1990	2	3
1990	3	3
1990	4	34
1990	5	138
1990	6	143
1990	7	153
1990	8	142
1990	9	137
1990	10	120
1990	11	101
1990	12	19
1991	1	3
1991	2	3
1991	3	3
1991	4	4
1991	5	137
1991	6	142
1991	7	147
1991	8	142
1991	9	135
1991	10	125
1991	11	106
1991	12	10
1992	1	3
1992	2	3
1992	3	3
1992	4	3
1992	5	124
1992	6	123
1992	7	103
1992	8	102
1992	9	95
1992	10	82
1992	11	66
1992	12	27
1993	1	3
1993	2	3
1993	3	3
1993	4	41
1993	5	105
1993	6	121
1993	7	128
1993	8	121
1993	9	119
1993	10	103
1993	11	83
1993	12	16
1994	1	3
1994	2	3
1994	3	3
1994	4	32
1994	5	105
1994	6	115
1994	7	138
1994	8	128
1994	9	119
1994	10	100
1994	11	80
1994	12	11
1995	1	3
1995	2	3
1995	3	3
1995	4	49
1995	5	117
1995	6	125
1995	7	138
1995	8	128
1995	9	125
1995	10	97
1995	11	80
1995	12	15
1996	1	3
1996	2	3
1996	3	3
1996	4	46
1996	5	101
1996	6	122
1996	7	127
1996	8	130
1996	9	121
1996	10	101
1996	11	77
1996	12	3
1997	1	3
1997	2	3
1997	3	3
1997	4	39
1997	5	109
1997	6	127
1997	7	134
1997	8	134
1997	9	123
1997	10	101
1997	11	83
1997	12	12
1998	1	3
1998	2	3
1998	3	3
1998	4	35
1998	5	116
1998	6	123
1998	7	141
1998	8	130
1998	9	130
1998	10	104
1998	11	81
1998	12	16
1999	1	3
1999	2	3
1999	3	3
1999	4	31
1999	5	125
1999	6	141
1999	7	144
1999	8	138
1999	9	138
1999	10	109
1999	11	83
1999	12	10
2000	1	3
2000	2	3
2000	3	3
2000	4	49
2000	5	116
2000	6	115
2000	7	150
2000	8	133
2000	9	129
2000	10	107
2000	11	84
2000	12	3
2001	1	3
2001	2	3
2001	3	3
2001	4	29
2001	5	110
2001	6	134
2001	7	146
2001	8	137
2001	9	133
2001	10	109
2001	11	40
2001	12	3
2002	1	3
2002	2	3
2002	3	3
2002	4	37
2002	5	108
2002	6	127
2002	7	150
2002	8	133
2002	9	132
2002	10	106
2002	11	64
2002	12	3
2003	1	3
2003	2	3
2003	3	3
2003	4	30
2003	5	109
2003	6	124
2003	7	142
2003	8	131
2003	9	125
2003	10	104
2003	11	77
2003	12	8
2004	1	3
2004	2	3
2004	3	3
2004	4	39
2004	5	110
2004	6	130
2004	7	136
2004	8	135
2004	9	129
2004	10	106
2004	11	80
2004	12	8
2005	1	3
2005	2	3
2005	3	3
2005	4	45
2005	5	118
2005	6	132
2005	7	130
2005	8	130
2005	9	122
2005	10	103
2005	11	84
2005	12	19
2006	1	3
2006	2	3
2006	3	3
2006	4	23
2006	5	114
2006	6	118
2006	7	92
2006	8	110
2006	9	129
2006	10	96
2006	11	83
2006	12	19
2007	1	3
2007	2	3
2007	3	3
2007	4	31
2007	5	114
2007	6	129
2007	7	130
2007	8	125
2007	9	127
2007	10	107
2007	11	77
2007	12	28
2008	1	3
2008	2	3
2008	3	3
2008	4	37
2008	5	112
2008	6	121
2008	7	125
2008	8	124
2008	9	118
2008	10	98
2008	11	79
2008	12	19
2009	1	3
2009	2	3
2009	3	3
2009	4	27
2009	5	108
2009	6	123
2009	7	122
2009	8	120
2009	9	120
2009	10	103
2009	11	16
2009	12	3
2010	1	3
2010	2	3
2010	3	3
2010	4	16
2010	5	114
2010	6	118
2010	7	121
2010	8	107
2010	9	113
2010	10	94
2010	11	42
2010	12	3
2011	1	3
2011	2	3
2011	3	3
2011	4	26
2011	5	93
2011	6	121
2011	7	127
2011	8	113
2011	9	75
2011	10	75
2011	11	76
2011	12	19
2012	1	3
2012	2	3
2012	3	3
2012	4	3
2012	5	107
2012	6	116
2012	7	116
2012	8	115
2012	9	113
2012	10	97
2012	11	41
2012	12	3
2013	1	3
2013	2	3
2013	3	3
2013	4	3
2013	5	104
2013	6	88
2013	7	106
2013	8	114
2013	9	98
2013	10	88
2013	11	43
2013	12	3
2014	1	3
2014	2	3
2014	3	3
2014	4	3
2014	5	87
2014	6	109
2014	7	116
2014	8	105
