1940	1	12
1940	2	11
1940	3	53
1940	4	72
1940	5	56
1940	6	30
1940	7	17
1940	8	12
1940	9	16
1940	10	6
1940	11	23
1940	12	22
1941	1	20
1941	2	42
1941	3	37
1941	4	31
1941	5	8
1941	6	12
1941	7	18
1941	8	14
1941	9	3
1941	10	2
1941	11	6
1941	12	16
1942	1	12
1942	2	33
1942	3	63
1942	4	21
1942	5	15
1942	6	8
1942	7	22
1942	8	111
1942	9	27
1942	10	14
1942	11	27
1942	12	48
1943	1	20
1943	2	42
1943	3	40
1943	4	21
1943	5	49
1943	6	17
1943	7	10
1943	8	8
1943	9	7
1943	10	26
1943	11	24
1943	12	4
1944	1	41
1944	2	19
1944	3	69
1944	4	58
1944	5	14
1944	6	13
1944	7	6
1944	8	6
1944	9	27
1944	10	4
1944	11	40
1944	12	23
1945	1	20
1945	2	48
1945	3	38
1945	4	23
1945	5	50
1945	6	25
1945	7	69
1945	8	22
1945	9	58
1945	10	14
1945	11	48
1945	12	54
1946	1	32
1946	2	15
1946	3	33
1946	4	10
1946	5	41
1946	6	47
1946	7	39
1946	8	12
1946	9	9
1946	10	4
1946	11	5
1946	12	6
1947	1	14
1947	2	7
1947	3	30
1947	4	40
1947	5	51
1947	6	19
1947	7	21
1947	8	12
1947	9	10
1947	10	5
1947	11	76
1947	12	9
1948	1	15
1948	2	54
1948	3	52
1948	4	48
1948	5	84
1948	6	57
1948	7	38
1948	8	23
1948	9	6
1948	10	5
1948	11	7
1948	12	40
1949	1	83
1949	2	43
1949	3	26
1949	4	41
1949	5	20
1949	6	5
1949	7	6
1949	8	4
1949	9	7
1949	10	3
1949	11	2
1949	12	5
1950	1	5
1950	2	21
1950	3	27
1950	4	10
1950	5	13
1950	6	10
1950	7	20
1950	8	17
1950	9	6
1950	10	4
1950	11	26
1950	12	37
1951	1	32
1951	2	62
1951	3	64
1951	4	38
1951	5	30
1951	6	15
1951	7	24
1951	8	10
1951	9	4
1951	10	12
1951	11	47
1951	12	53
1952	1	52
1952	2	35
1952	3	66
1952	4	57
1952	5	48
1952	6	66
1952	7	15
1952	8	35
1952	9	29
1952	10	4
1952	11	16
1952	12	32
1953	1	61
1953	2	26
1953	3	112
1953	4	81
1953	5	37
1953	6	13
1953	7	14
1953	8	5
1953	9	3
1953	10	6
1953	11	7
1953	12	22
1954	1	5
1954	2	6
1954	3	17
1954	4	10
1954	5	20
1954	6	4
1954	7	3
1954	8	14
1954	9	29
1954	10	7
1954	11	26
1954	12	22
1955	1	9
1955	2	24
1955	3	34
1955	4	13
1955	5	8
1955	6	12
1955	7	4
1955	8	84
1955	9	8
1955	10	43
1955	11	27
1955	12	5
1956	1	7
1956	2	38
1956	3	50
1956	4	44
1956	5	15
1956	6	13
1956	7	16
1956	8	10
1956	9	16
1956	10	13
1956	11	20
1956	12	28
1957	1	10
1957	2	23
1957	3	24
1957	4	60
1957	5	13
1957	6	9
1957	7	3
1957	8	5
1957	9	5
1957	10	6
1957	11	10
1957	12	50
1958	1	68
1958	2	40
1958	3	65
1958	4	80
1958	5	38
1958	6	13
1958	7	14
1958	8	10
1958	9	12
1958	10	38
1958	11	16
1958	12	11
1959	1	17
1959	2	15
1959	3	29
1959	4	17
1959	5	10
1959	6	17
1959	7	14
1959	8	31
1959	9	16
1959	10	20
1959	11	30
1959	12	44
1960	1	30
1960	2	47
1960	3	20
1960	4	44
1960	5	23
1960	6	7
1960	7	23
1960	8	20
1960	9	46
1960	10	10
1960	11	13
1960	12	10
1961	1	20
1961	2	55
1961	3	68
1961	4	80
1961	5	23
1961	6	11
1961	7	21
1961	8	14
1961	9	9
1961	10	7
1961	11	8
1961	12	11
1962	1	22
1962	2	31
1962	3	64
1962	4	45
1962	5	10
1962	6	9
1962	7	6
1962	8	19
1962	9	11
1962	10	17
1962	11	29
1962	12	12
1963	1	12
1963	2	22
1963	3	47
1963	4	6
1963	5	10
1963	6	5
1963	7	13
1963	8	4
1963	9	10
1963	10	1
1963	11	27
1963	12	5
1964	1	50
1964	2	19
1964	3	25
1964	4	46
1964	5	14
1964	6	9
1964	7	18
1964	8	1
1964	9	2
1964	10	3
1964	11	5
1964	12	13
1965	1	4
1965	2	35
1965	3	12
1965	4	11
1965	5	5
1965	6	3
1965	7	6
1965	8	8
1965	9	7
1965	10	18
1965	11	4
1965	12	4
1966	1	3
1966	2	30
1966	3	24
1966	4	12
1966	5	28
1966	6	4
1966	7	1
1966	8	6
1966	9	46
1966	10	30
1966	11	14
1966	12	15
1967	1	21
1967	2	17
1967	3	69
1967	4	22
1967	5	33
1967	6	10
1967	7	37
1967	8	33
1967	9	7
1967	10	11
1967	11	8
1967	12	52
1968	1	13
1968	2	15
1968	3	39
1968	4	13
1968	5	95
1968	6	49
1968	7	9
1968	8	17
1968	9	13
1968	10	6
1968	11	21
1968	12	32
1969	1	7
1969	2	11
1969	3	49
1969	4	22
1969	5	14
1969	6	13
1969	7	81
1969	8	15
1969	9	37
1969	10	4
1969	11	10
1969	12	41
1970	1	7
1970	2	65
1970	3	20
1970	4	57
1970	5	20
1970	6	10
1970	7	19
1970	8	18
1970	9	3
1970	10	6
1970	11	27
1970	12	14
1971	1	13
1971	2	67
1971	3	41
1971	4	28
1971	5	17
1971	6	5
1971	7	19
1971	8	102
1971	9	70
1971	10	27
1971	11	52
1971	12	17
1972	1	17
1972	2	48
1972	3	63
1972	4	27
1972	5	87
1972	6	109
1972	7	41
1972	8	12
1972	9	6
1972	10	25
1972	11	107
1972	12	60
1973	1	52
1973	2	77
1973	3	38
1973	4	81
1973	5	31
1973	6	65
1973	7	36
1973	8	78
1973	9	19
1973	10	46
1973	11	13
1973	12	108
1974	1	40
1974	2	19
1974	3	50
1974	4	71
1974	5	32
1974	6	24
1974	7	7
1974	8	35
1974	9	52
1974	10	15
1974	11	8
1974	12	48
1975	1	43
1975	2	37
1975	3	31
1975	4	19
1975	5	37
1975	6	51
1975	7	137
1975	8	25
1975	9	99
1975	10	32
1975	11	45
1975	12	32
1976	1	68
1976	2	33
1976	3	29
1976	4	32
1976	5	31
1976	6	17
1976	7	12
1976	8	19
1976	9	11
1976	10	40
1976	11	7
1976	12	5
1977	1	5
1977	2	30
1977	3	74
1977	4	46
1977	5	8
1977	6	23
1977	7	4
1977	8	11
1977	9	24
1977	10	22
1977	11	101
1977	12	72
1978	1	89
1978	2	12
1978	3	84
1978	4	34
1978	5	78
1978	6	23
1978	7	24
1978	8	51
1978	9	21
1978	10	6
1978	11	10
1978	12	34
1979	1	115
1979	2	69
1979	3	53
1979	4	29
1979	5	60
1979	6	20
1979	7	14
1979	8	17
1979	9	46
1979	10	29
1979	11	23
1979	12	30
1980	1	15
1980	2	7
1980	3	99
1980	4	93
1980	5	26
1980	6	19
1980	7	10
1980	8	5
1980	9	10
1980	10	15
1980	11	21
1980	12	6
1981	1	4
1981	2	46
1981	3	7
1981	4	14
1981	5	33
1981	6	8
1981	7	23
1981	8	3
1981	9	11
1981	10	13
1981	11	8
1981	12	29
1982	1	52
1982	2	46
1982	3	17
1982	4	51
1982	5	17
1982	6	30
1982	7	15
1982	8	13
1982	9	12
1982	10	7
1982	11	15
1982	12	8
1983	1	18
1983	2	21
1983	3	111
1983	4	138
1983	5	36
1983	6	32
1983	7	9
1983	8	15
1983	9	11
1983	10	35
1983	11	31
1983	12	129
1984	1	16
1984	2	59
1984	3	57
1984	4	107
1984	5	100
1984	6	32
1984	7	65
1984	8	13
1984	9	11
1984	10	20
1984	11	20
1984	12	21
1985	1	9
1985	2	21
1985	3	13
1985	4	8
1985	5	25
1985	6	23
1985	7	23
1985	8	18
1985	9	33
1985	10	9
1985	11	60
1985	12	13
1986	1	37
1986	2	36
1986	3	20
1986	4	70
1986	5	15
1986	6	13
1986	7	22
1986	8	23
1986	9	8
1986	10	9
1986	11	52
1986	12	54
1987	1	42
1987	2	23
1987	3	53
1987	4	61
1987	5	19
1987	6	16
1987	7	41
1987	8	22
1987	9	30
1987	10	26
1987	11	23
1987	12	16
1988	1	17
1988	2	53
1988	3	22
1988	4	13
1988	5	53
1988	6	9
1988	7	55
1988	8	16
1988	9	12
1988	10	13
1988	11	61
1988	12	11
1989	1	15
1989	2	24
1989	3	31
1989	4	35
1989	5	112
1989	6	42
1989	7	38
1989	8	32
1989	9	67
1989	10	65
1989	11	28
1989	12	7
1990	1	41
1990	2	22
1990	3	28
1990	4	38
1990	5	76
1990	6	23
1990	7	17
1990	8	43
1990	9	15
1990	10	43
1990	11	30
1990	12	57
1991	1	51
1991	2	21
1991	3	57
1991	4	39
1991	5	25
1991	6	16
1991	7	25
1991	8	43
1991	9	26
1991	10	15
1991	11	21
1991	12	28
1992	1	16
1992	2	14
1992	3	35
1992	4	16
1992	5	20
1992	6	89
1992	7	23
1992	8	12
1992	9	17
1992	10	6
1992	11	41
1992	12	38
1993	1	39
1993	2	22
1993	3	97
1993	4	72
1993	5	15
1993	6	15
1993	7	9
1993	8	16
1993	9	22
1993	10	23
1993	11	31
1993	12	48
1994	1	49
1994	2	37
1994	3	119
1994	4	47
1994	5	29
1994	6	31
1994	7	31
1994	8	22
1994	9	11
1994	10	8
1994	11	22
1994	12	16
1995	1	28
1995	2	17
1995	3	21
1995	4	12
1995	5	19
1995	6	23
1995	7	25
1995	8	8
1995	9	18
1995	10	39
1995	11	65
1995	12	13
1996	1	89
1996	2	37
1996	3	51
1996	4	70
1996	5	26
1996	6	43
1996	7	41
1996	8	14
1996	9	36
1996	10	108
1996	11	27
1996	12	100
1997	1	47
1997	2	35
1997	3	54
1997	4	49
1997	5	33
1997	6	20
1997	7	87
1997	8	18
1997	9	14
1997	10	17
1997	11	25
1997	12	39
1998	1	51
1998	2	79
1998	3	56
1998	4	78
1998	5	80
1998	6	42
1998	7	12
1998	8	13
1998	9	20
1998	10	14
1998	11	9
1998	12	7
1999	1	61
1999	2	34
1999	3	49
1999	4	18
1999	5	27
1999	6	9
1999	7	8
1999	8	22
1999	9	151
1999	10	25
1999	11	24
1999	12	30
2000	1	26
2000	2	30
2000	3	34
2000	4	35
2000	5	52
2000	6	28
2000	7	47
2000	8	40
2000	9	25
2000	10	11
2000	11	28
2000	12	39
2001	1	32
2001	2	39
2001	3	83
2001	4	33
2001	5	21
2001	6	62
2001	7	16
2001	8	15
2001	9	26
2001	10	8
2001	11	8
2001	12	11
2002	1	8
2002	2	6
2002	3	25
2002	4	27
2002	5	41
2002	6	25
2002	7	14
2002	8	16
2002	9	21
2002	10	43
2002	11	48
2002	12	45
2003	1	50
2003	2	40
2003	3	74
2003	4	45
2003	5	30
2003	6	123
2003	7	19
2003	8	30
2003	9	37
2003	10	39
2003	11	41
2003	12	86
2004	1	22
2004	2	49
2004	3	31
2004	4	59
2004	5	42
2004	6	23
2004	7	61
2004	8	29
2004	9	61
2004	10	16
2004	11	44
2004	12	49
2005	1	48
2005	2	38
2005	3	60
2005	4	56
2005	5	12
2005	6	12
2005	7	16
2005	8	6
2005	9	9
2005	10	110
2005	11	35
2005	12	47
2006	1	65
2006	2	32
2006	3	15
2006	4	28
2006	5	28
2006	6	56
2006	7	40
2006	8	19
2006	9	33
2006	10	68
2006	11	75
2006	12	30
2007	1	54
2007	2	15
2007	3	65
2007	4	185
2007	5	24
2007	6	24
2007	7	39
2007	8	55
2007	9	11
2007	10	28
2007	11	19
2007	12	46
2008	1	31
2008	2	76
2008	3	60
2008	4	28
2008	5	33
2008	6	27
2008	7	26
2008	8	15
2008	9	45
2008	10	21
2008	11	26
2008	12	67
2009	1	29
2009	2	19
2009	3	16
2009	4	44
2009	5	43
2009	6	63
2009	7	35
2009	8	41
2009	9	13
2009	10	37
2009	11	18
2009	12	87
2010	1	36
2010	2	39
2010	3	178
2010	4	43
2010	5	29
2010	6	15
2010	7	14
2010	8	18
2010	9	18
2010	10	28
2010	11	13
2010	12	26
2011	1	15
2011	2	61
2011	3	98
2011	4	76
2011	5	72
2011	6	35
2011	7	13
2011	8	227
2011	9	71
2011	10	36
2011	11	54
2011	12	61
2012	1	37
2012	2	21
2012	3	18
2012	4	29
2012	5	35
2012	6	19
2012	7	12
2012	8	19
2012	9	17
2012	10	22
2012	11	11
2012	12	59
2013	1	29
2013	2	47
2013	3	44
2013	4	22
2013	5	34
2013	6	80
2013	7	31
2013	8	28
2013	9	11
2013	10	8
2013	11	26
2013	12	29
2014	1	31
2014	2	41
2014	3	63
2014	4	72
2014	5	91
2014	6	48
2014	7	50
2014	8	16
2014	9	12
2014	10	27
2014	11	34
2014	12	63
2015	1	53
2015	2	14
2015	3	84
2015	4	41
2015	5	18
2015	6	59
2015	7	18
2015	8	15
2015	9	19
