1944	10	175
1944	11	1310
1944	12	1100
1945	1	1118
1945	2	2397
1945	3	1986
1945	4	1013
1945	5	1654
1945	6	702
1945	7	1901
1945	8	1205
1945	9	1381
1945	10	512
1945	11	1642
1945	12	2344
1946	1	1582
1946	2	832
1946	3	1933
1946	4	664
1946	5	1494
1946	6	2205
1946	7	1342
1946	8	566
1946	9	307
1946	10	289
1946	11	257
1946	12	392
1947	1	1217
1947	2	654
1947	3	1638
1947	4	1618
1947	5	2434
1947	6	1238
1947	7	594
1947	8	490
1947	9	314
1947	10	223
1947	11	2188
1947	12	684
1948	1	1131
1948	2	2448
1948	3	2609
1948	4	2103
1948	5	2787
1948	6	1879
1948	7	780
1948	8	748
1948	9	257
1948	10	221
1948	11	375
1948	12	1864
1949	1	3697
1949	2	2278
1949	3	1498
1949	4	1443
1949	5	1205
1949	6	291
1949	7	240
1949	8	146
1949	9	258
1949	10	198
1949	11	217
1949	12	655
1950	1	679
1950	2	2218
1950	3	1853
1950	4	878
1950	5	828
1950	6	648
1950	7	566
1950	8	425
1950	9	335
1950	10	237
1950	11	1213
1950	12	1882
1951	1	1536
1951	2	2670
1951	3	2336
1951	4	2076
1951	5	789
1951	6	648
1951	7	914
1951	8	980
1951	9	285
1951	10	630
1951	11	3024
1951	12	2801
1952	1	2674
1952	2	1916
1952	3	2778
1952	4	2693
1952	5	2038
1952	6	1694
1952	7	799
1952	8	734
1952	9	1213
1952	10	298
1952	11	1202
1952	12	2105
1953	1	3060
1953	2	1521
1953	3	3344
1953	4	3043
1953	5	1394
1953	6	532
1953	7	270
1953	8	225
1953	9	109
1953	10	170
1953	11	271
1953	12	1277
1954	1	604
1954	2	673
1954	3	1611
1954	4	855
1954	5	1046
1954	6	232
1954	7	121
1954	8	308
1954	9	891
1954	10	294
1954	11	1616
1954	12	1469
1955	1	830
1955	2	1626
1955	3	2075
1955	4	838
1955	5	362
1955	6	290
1955	7	84
1955	8	3575
1955	9	406
1955	10	2811
1955	11	1326
1955	12	473
1956	1	577
1956	2	2502
1956	3	2707
1956	4	2278
1956	5	920
1956	6	545
1956	7	420
1956	8	222
1956	9	520
1956	10	351
1956	11	980
1956	12	1776
1957	1	786
1957	2	1545
1957	3	1362
1957	4	2725
1957	5	570
1957	6	225
1957	7	95
1957	8	69
1957	9	76
1957	10	113
1957	11	222
1957	12	2187
1958	1	2400
1958	2	1601
1958	3	3234
1958	4	2895
1958	5	2030
1958	6	450
1958	7	583
1958	8	279
1958	9	288
1958	10	1249
1958	11	1013
1958	12	847
1959	1	1009
1959	2	1081
1959	3	1710
1959	4	1249
1959	5	457
1959	6	405
1959	7	345
1959	8	689
1959	9	301
1959	10	385
1959	11	776
1959	12	1969
1960	1	1969
1960	2	2274
1960	3	1218
1960	4	2176
1960	5	669
1960	6	316
1960	7	674
1960	8	626
1960	9	2034
1960	10	594
1960	11	713
1960	12	720
1961	1	1434
1961	2	2682
1961	3	3339
1961	4	2863
1961	5	1253
1961	6	371
1961	7	630
1961	8	846
1961	9	256
1961	10	211
1961	11	298
1961	12	684
1962	1	1481
1962	2	1813
1962	3	2620
1962	4	2281
1962	5	541
1962	6	296
1962	7	196
1962	8	336
1962	9	252
1962	10	293
1962	11	1430
1962	12	678
1963	1	862
1963	2	1270
1963	3	2732
1963	4	551
1963	5	397
1963	6	191
1963	7	123
1963	8	95
1963	9	233
1963	10	118
1963	11	1048
1963	12	720
1964	1	2248
1964	2	1120
1964	3	1345
1964	4	2147
1964	5	893
1964	6	285
1964	7	372
1964	8	94
1964	9	97
1964	10	179
1964	11	152
1964	12	709
1965	1	621
1965	2	1716
1965	3	1251
1965	4	867
1965	5	339
1965	6	117
1965	7	116
1965	8	143
1965	9	158
1965	10	171
1965	11	137
1965	12	178
1966	1	283
1966	2	1707
1966	3	1372
1966	4	425
1966	5	997
1966	6	215
1966	7	123
1966	8	116
1966	9	544
1966	10	1060
1966	11	693
1966	12	1045
1967	1	1572
1967	2	1036
1967	3	3095
1967	4	943
1967	5	1513
1967	6	420
1967	7	916
1967	8	2064
1967	9	360
1967	10	424
1967	11	543
1967	12	2483
1968	1	1356
1968	2	1016
1968	3	2190
1968	4	665
1968	5	1619
1968	6	1874
1968	7	297
1968	8	444
1968	9	207
1968	10	182
1968	11	690
1968	12	1090
1969	1	670
1969	2	694
1969	3	1796
1969	4	1123
1969	5	541
1969	6	266
1969	7	1280
1969	8	1072
1969	9	1154
1969	10	296
1969	11	603
1969	12	1858
1970	1	724
1970	2	2383
1970	3	1186
1970	4	3155
1970	5	783
1970	6	537
1970	7	317
1970	8	450
1970	9	178
1970	10	516
1970	11	1545
1970	12	990
1971	1	1009
1971	2	3232
1971	3	2369
1971	4	1531
1971	5	844
1971	6	273
1971	7	284
1971	8	2935
1971	9	3077
1971	10	1400
1971	11	1876
1971	12	1272
1972	1	1287
1972	2	1942
1972	3	2592
1972	4	1163
1972	5	2349
1972	6	3883
1972	7	1529
1972	8	219
1972	9	219
1972	10	416
1972	11	3683
1972	12	3336
1973	1	2273
1973	2	3192
1973	3	1767
1973	4	3386
1973	5	1845
1973	6	1671
1973	7	1194
1973	8	1581
1973	9	328
1973	10	695
1973	11	564
1973	12	4171
1974	1	2129
1974	2	1055
1974	3	2025
1974	4	2350
1974	5	1015
1974	6	473
1974	7	247
1974	8	503
1974	9	1399
1974	10	721
1974	11	565
1974	12	2230
1975	1	2609
1975	2	2356
1975	3	2290
1975	4	1159
1975	5	1655
1975	6	2387
1975	7	4623
1975	8	788
1975	9	3158
1975	10	1653
1975	11	1637
1975	12	1188
1976	1	2798
1976	2	2098
1976	3	1260
1976	4	980
1976	5	756
1976	6	307
1976	7	251
1976	8	240
1976	9	192
1976	10	513
1976	11	314
1976	12	386
1977	1	240
1977	2	1318
1977	3	3071
1977	4	2082
1977	5	543
1977	6	340
1977	7	354
1977	8	317
1977	9	338
1977	10	745
1977	11	2283
1977	12	3366
1978	1	4070
1978	2	857
1978	3	3858
1978	4	1198
1978	5	2389
1978	6	581
1978	7	344
1978	8	953
1978	9	354
1978	10	185
1978	11	255
1978	12	1745
1979	1	5824
1979	2	2678
1979	3	2749
1979	4	1520
1979	5	2162
1979	6	1178
1979	7	633
1979	8	829
1979	9	1682
1979	10	2160
1979	11	1591
1979	12	1254
1980	1	1245
1980	2	485
1980	3	3538
1980	4	3737
1980	5	1214
1980	6	377
1980	7	231
1980	8	184
1980	9	180
1980	10	298
1980	11	351
1980	12	275
1981	1	178
1981	2	1396
1981	3	534
1981	4	775
1981	5	1564
1981	6	284
1981	7	321
1981	8	135
1981	9	230
1981	10	289
1981	11	216
1981	12	1193
1982	1	1883
1982	2	2261
1982	3	1034
1982	4	2345
1982	5	748
1982	6	1187
1982	7	410
1982	8	220
1982	9	220
1982	10	180
1982	11	357
1982	12	527
1983	1	1158
1983	2	1500
1983	3	3599
1983	4	5326
1983	5	1798
1983	6	855
1983	7	220
1983	8	254
1983	9	188
1983	10	487
1983	11	1516
1983	12	3756
1984	1	816
1984	2	2414
1984	3	2834
1984	4	3758
1984	5	2838
1984	6	1285
1984	7	2616
1984	8	434
1984	9	198
1984	10	286
1984	11	295
1984	12	666
1985	1	480
1985	2	1009
1985	3	453
1985	4	230
1985	5	706
1985	6	405
1985	7	221
1985	8	275
1985	9	773
1985	10	493
1985	11	1919
1985	12	1085
1986	1	1634
1986	2	2244
1986	3	1449
1986	4	2618
1986	5	457
1986	6	256
1986	7	390
1986	8	779
1986	9	402
1986	10	202
1986	11	1902
1986	12	2840
1987	1	1584
1987	2	974
1987	3	1550
1987	4	2823
1987	5	726
1987	6	471
1987	7	1372
1987	8	599
1987	9	551
1987	10	679
1987	11	969
1987	12	985
1988	1	946
1988	2	2476
1988	3	1292
1988	4	621
1988	5	1577
1988	6	370
1988	7	1445
1988	8	344
1988	9	379
1988	10	290
1988	11	1863
1988	12	687
1989	1	768
1989	2	1191
1989	3	1390
1989	4	1665
1989	5	3862
1989	6	2270
1989	7	1240
1989	8	559
1989	9	2149
1989	10	2056
1989	11	1006
1989	12	415
1990	1	1960
1990	2	1446
1990	3	898
1990	4	1302
1990	5	2473
1990	6	1306
1990	7	580
1990	8	1693
1990	9	340
1990	10	957
1990	11	780
1990	12	2070
1991	1	2332
1991	2	1066
1991	3	1948
1991	4	1656
1991	5	889
1991	6	301
1991	7	384
1991	8	547
1991	9	462
1991	10	266
1991	11	335
1991	12	987
1992	1	638
1992	2	553
1992	3	1114
1992	4	582
1992	5	328
1992	6	1384
1992	7	332
1992	8	318
1992	9	229
1992	10	174
1992	11	1054
1992	12	2436
1993	1	1339
1993	2	1098
1993	3	4135
1993	4	2811
1993	5	594
1993	6	299
1993	7	228
1993	8	281
1993	9	491
1993	10	483
1993	11	822
1993	12	1764
1994	1	1770
1994	2	1521
1994	3	5093
1994	4	2061
1994	5	797
1994	6	570
1994	7	699
1994	8	799
1994	9	227
1994	10	178
1994	11	499
1994	12	840
1995	1	1258
1995	2	861
1995	3	1377
1995	4	465
1995	5	345
1995	6	247
1995	7	309
1995	8	205
1995	9	306
1995	10	1409
1995	11	1976
1995	12	589
1996	1	3752
1996	2	1910
1996	3	2192
1996	4	2533
1996	5	1464
1996	6	970
1996	7	1722
1996	8	707
1996	9	554
1996	10	2810
1996	11	1098
1996	12	4614
1997	1	1694
1997	2	1603
1997	3	1505
1997	4	1865
1997	5	1145
1997	6	574
1997	7	927
1997	8	273
1997	9	300
1997	10	206
1997	11	409
1997	12	898
1998	1	1913
1998	2	2066
1998	3	2202
1998	4	2315
1998	5	3005
1998	6	811
1998	7	214
1998	8	224
1998	9	217
1998	10	270
1998	11	185
1998	12	165
1999	1	2067
1999	2	1147
1999	3	2069
1999	4	815
1999	5	664
1999	6	171
1999	7	162
1999	8	298
1999	9	3357
1999	10	540
1999	11	476
1999	12	1025
2000	1	626
2000	2	1449
2000	3	1275
2000	4	967
2000	5	1071
2000	6	599
2000	7	370
2000	8	1267
2000	9	591
2000	10	205
2000	11	429
2000	12	1152
2001	1	1239
2001	2	1937
2001	3	2356
2001	4	1480
2001	5	743
2001	6	1598
2001	7	392
2001	8	381
2001	9	268
2001	10	154
2001	11	157
2001	12	193
2002	1	307
2002	2	198
2002	3	920
2002	4	498
2002	5	1371
2002	6	594
2002	7	169
2002	8	227
2002	9	360
2002	10	914
2002	11	1576
2002	12	1852
2003	1	1409
2003	2	1491
2003	3	3107
2003	4	1389
2003	5	691
2003	6	3761
2003	7	708
2003	8	940
2003	9	1074
2003	10	1617
2003	11	2311
2003	12	3910
2004	1	923
2004	2	1932
2004	3	1491
2004	4	2356
2004	5	864
2004	6	328
2004	7	1959
2004	8	756
2004	9	1180
2004	10	604
2004	11	1191
2004	12	2058
2005	1	1973
2005	2	1729
2005	3	2060
2005	4	2893
2005	5	494
2005	6	370
2005	7	508
2005	8	181
2005	9	188
2005	10	3289
2005	11	1146
2005	12	1860
2006	1	3125
2006	2	1624
2006	3	543
2006	4	940
2006	5	698
2006	6	1930
2006	7	996
2006	8	254
2006	9	799
2006	10	1752
2006	11	2843
2006	12	1190
2007	1	2003
2007	2	527
2007	3	2382
2007	4	5360
2007	5	817
2007	6	414
2007	7	474
2007	8	547
2007	9	195
2007	10	630
2007	11	484
2007	12	1879
2008	1	1284
2008	2	3116
2008	3	3241
2008	4	898
2008	5	1092
2008	6	426
2008	7	369
2008	8	205
2008	9	749
2008	10	575
2008	11	771
2008	12	2952
2009	1	1072
2009	2	741
2009	3	526
2009	4	1053
2009	5	1503
2009	6	1661
2009	7	993
2009	8	2077
2009	9	468
2009	10	1153
2009	11	659
2009	12	3291
2010	1	1606
2010	2	1554
2010	3	6075
2010	4	1749
2010	5	802
2010	6	345
2010	7	356
2010	8	217
2010	9	216
2010	10	708
2010	11	322
2010	12	916
2011	1	461
2011	2	2069
2011	3	3698
2011	4	3141
2011	5	1630
2011	6	561
2011	7	357
2011	8	5024
2011	9	4225
2011	10	1408
2011	11	2072
2011	12	2526
2012	1	1729
2012	2	744
2012	3	646
2012	4	733
2012	5	802
2012	6	678
2012	7	294
2012	8	359
2012	9	264
2012	10	555
2012	11	406
2012	12	1528
2013	1	1002
2013	2	1272
2013	3	1290
2013	4	812
2013	5	1102
2013	6	3198
2013	7	1248
2013	8	746
2013	9	384
2013	10	187
2013	11	439
2013	12	1239
2014	1	1398
2014	2	1863
2014	3	2305
2014	4	1955
2014	5	2899
2014	6	856
2014	7	858
2014	8	282
2014	9	217
2014	10	339
2014	11	603
2014	12	1599
2015	1	1341
2015	2	706
2015	3	2748
2015	4	1010
2015	5	298
2015	6	714
2015	7	259
2015	8	212
2015	9	223
