1940	1	19
1940	2	14
1940	3	61
1940	4	293
1940	5	171
1940	6	57
1940	7	29
1940	8	6
1940	9	25
1940	10	8
1940	11	55
1940	12	71
1941	1	36
1941	2	37
1941	3	35
1941	4	130
1941	5	39
1941	6	16
1941	7	10
1941	8	13
1941	9	6
1941	10	5
1941	11	24
1941	12	73
1942	1	41
1942	2	32
1942	3	107
1942	4	106
1942	5	67
1942	6	22
1942	7	7
1942	8	15
1942	9	95
1942	10	80
1942	11	93
1942	12	103
1943	1	54
1943	2	66
1943	3	130
1943	4	105
1943	5	162
1943	6	51
1943	7	8
1943	8	4
1943	9	2
1943	10	20
1943	11	77
1943	12	20
1944	1	12
1944	2	26
1944	3	82
1944	4	123
1944	5	43
1944	6	20
1944	7	12
1944	8	10
1944	9	15
1944	10	18
1944	11	33
1944	12	49
1945	1	55
1945	2	42
1945	3	190
1945	4	75
1945	5	110
1945	6	64
1945	7	136
1945	8	36
1945	9	28
1945	10	73
1945	11	89
1945	12	42
1946	1	78
1946	2	25
1946	3	115
1946	4	34
1946	5	79
1946	6	57
1946	7	31
1946	8	10
1946	9	12
1946	10	33
1946	11	24
1946	12	30
1947	1	73
1947	2	45
1947	3	87
1947	4	147
1947	5	114
1947	6	39
1947	7	35
1947	8	15
1947	9	19
1947	10	6
1947	11	81
1947	12	35
1948	1	13
1948	2	41
1948	3	216
1948	4	128
1948	5	64
1948	6	33
1948	7	18
1948	8	11
1948	9	4
1948	10	5
1948	11	65
1948	12	120
1949	1	115
1949	2	70
1949	3	63
1949	4	67
1949	5	81
1949	6	16
1949	7	4
1949	8	3
1949	9	6
1949	10	13
1949	11	28
1949	12	86
1950	1	83
1950	2	51
1950	3	82
1950	4	136
1950	5	66
1950	6	44
1950	7	29
1950	8	15
1950	9	14
1950	10	7
1950	11	126
1950	12	117
1951	1	84
1951	2	113
1951	3	120
1951	4	142
1951	5	31
1951	6	20
1951	7	21
1951	8	12
1951	9	13
1951	10	38
1951	11	127
1951	12	80
1952	1	99
1952	2	61
1952	3	95
1952	4	163
1952	5	75
1952	6	51
1952	7	28
1952	8	7
1952	9	12
1952	10	5
1952	11	42
1952	12	113
1953	1	93
1953	2	79
1953	3	133
1953	4	115
1953	5	96
1953	6	21
1953	7	7
1953	8	3
1953	9	3
1953	10	8
1953	11	52
1953	12	103
1954	1	43
1954	2	97
1954	3	79
1954	4	82
1954	5	96
1954	6	34
1954	7	9
1954	8	5
1954	9	19
1954	10	23
1954	11	98
1954	12	84
1955	1	44
1955	2	53
1955	3	103
1955	4	94
1955	5	27
1955	6	17
1955	7	4
1955	8	87
1955	9	17
1955	10	124
1955	11	84
1955	12	26
1956	1	28
1956	2	38
1956	3	87
1956	4	244
1956	5	91
1956	6	43
1956	7	12
1956	8	4
1956	9	13
1956	10	19
1956	11	45
1956	12	73
1957	1	60
1957	2	33
1957	3	60
1957	4	111
1957	5	70
1957	6	15
1957	7	5
1957	8	3
1957	9	2
1957	10	5
1957	11	32
1957	12	155
1958	1	40
1958	2	22
1958	3	38
1958	4	263
1958	5	81
1958	6	18
1958	7	10
1958	8	7
1958	9	14
1958	10	35
1958	11	86
1958	12	40
1959	1	76
1959	2	32
1959	3	59
1959	4	144
1959	5	34
1959	6	8
1959	7	4
1959	8	3
1959	9	16
1959	10	95
1959	11	157
1959	12	106
1960	1	66
1960	2	92
1960	3	67
1960	4	192
1960	5	42
1960	6	50
1960	7	19
1960	8	15
1960	9	97
1960	10	29
1960	11	37
1960	12	26
1961	1	7
1961	2	96
1961	3	94
1961	4	154
1961	5	65
1961	6	40
1961	7	17
1961	8	7
1961	9	4
1961	10	3
1961	11	16
1961	12	25
1962	1	65
1962	2	20
1962	3	66
1962	4	189
1962	5	33
1962	6	7
1962	7	3
1962	8	2
1962	9	1
1962	10	7
1962	11	34
1962	12	38
1963	1	26
1963	2	20
1963	3	116
1963	4	115
1963	5	37
1963	6	29
1963	7	19
1963	8	25
1963	9	7
1963	10	5
1963	11	63
1963	12	59
1964	1	83
1964	2	26
1964	3	161
1964	4	113
1964	5	26
1964	6	8
1964	7	2
1964	8	2
1964	9	1
1964	10	1
1964	11	1
1964	12	25
1965	1	28
1965	2	81
1965	3	27
1965	4	95
1965	5	40
1965	6	9
1965	7	3
1965	8	7
1965	9	18
1965	10	42
1965	11	30
1965	12	50
1966	1	33
1966	2	47
1966	3	125
1966	4	57
1966	5	51
1966	6	39
1966	7	6
1966	8	2
1966	9	4
1966	10	11
1966	11	43
1966	12	41
1967	1	57
1967	2	41
1967	3	53
1967	4	136
1967	5	69
1967	6	56
1967	7	20
1967	8	15
1967	9	12
1967	10	48
1967	11	73
1967	12	80
1968	1	19
1968	2	30
1968	3	114
1968	4	85
1968	5	86
1968	6	72
1968	7	22
1968	8	5
1968	9	3
1968	10	8
1968	11	72
1968	12	69
1969	1	45
1969	2	36
1969	3	54
1969	4	134
1969	5	62
1969	6	28
1969	7	34
1969	8	43
1969	9	7
1969	10	5
1969	11	113
1969	12	66
1970	1	19
1970	2	77
1970	3	32
1970	4	226
1970	5	74
1970	6	20
1970	7	15
1970	8	9
1970	9	22
1970	10	77
1970	11	49
1970	12	32
1971	1	28
1971	2	61
1971	3	79
1971	4	133
1971	5	101
1971	6	14
1971	7	5
1971	8	17
1971	9	12
1971	10	16
1971	11	32
1971	12	116
1972	1	48
1972	2	25
1972	3	96
1972	4	144
1972	5	86
1972	6	84
1972	7	31
1972	8	10
1972	9	3
1972	10	10
1972	11	135
1972	12	122
1973	1	84
1973	2	72
1973	3	80
1973	4	103
1973	5	106
1973	6	83
1973	7	36
1973	8	12
1973	9	6
1973	10	4
1973	11	19
1973	12	210
1974	1	76
1974	2	76
1974	3	97
1974	4	142
1974	5	70
1974	6	46
1974	7	28
1974	8	14
1974	9	48
1974	10	35
1974	11	77
1974	12	93
1975	1	84
1975	2	89
1975	3	92
1975	4	104
1975	5	104
1975	6	63
1975	7	28
1975	8	42
1975	9	66
1975	10	73
1975	11	78
1975	12	55
1976	1	72
1976	2	101
1976	3	134
1976	4	83
1976	5	79
1976	6	27
1976	7	37
1976	8	20
1976	9	9
1976	10	80
1976	11	74
1976	12	60
1977	1	14
1977	2	59
1977	3	181
1977	4	123
1977	5	97
1977	6	16
1977	7	5
1977	8	6
1977	9	54
1977	10	127
1977	11	84
1977	12	102
1978	1	116
1978	2	30
1978	3	67
1978	4	125
1978	5	62
1978	6	33
1978	7	34
1978	8	15
1978	9	12
1978	10	22
1978	11	23
1978	12	41
1979	1	139
1979	2	37
1979	3	143
1979	4	94
1979	5	86
1979	6	33
1979	7	7
1979	8	6
1979	9	44
1979	10	66
1979	11	105
1979	12	39
1980	1	31
1980	2	12
1980	3	189
1980	4	138
1980	5	39
1980	6	20
1980	7	25
1980	8	5
1980	9	3
1980	10	4
1980	11	18
1980	12	28
1981	1	6
1981	2	206
1981	3	33
1981	4	62
1981	5	104
1981	6	18
1981	7	11
1981	8	6
1981	9	13
1981	10	60
1981	11	45
1981	12	32
1982	1	37
1982	2	59
1982	3	66
1982	4	147
1982	5	29
1982	6	41
1982	7	22
1982	8	4
1982	9	3
1982	10	3
1982	11	24
1982	12	43
1983	1	37
1983	2	57
1983	3	125
1983	4	188
1983	5	81
1983	6	35
1983	7	9
1983	8	4
1983	9	3
1983	10	4
1983	11	26
1983	12	108
1984	1	30
1984	2	118
1984	3	52
1984	4	147
1984	5	129
1984	6	40
1984	7	22
1984	8	9
1984	9	7
1984	10	5
1984	11	24
1984	12	56
1985	1	22
1985	2	31
1985	3	61
1985	4	48
1985	5	33
1985	6	23
1985	7	16
1985	8	9
1985	9	30
1985	10	44
1985	11	63
1985	12	53
1986	1	49
1986	2	53
1986	3	190
1986	4	58
1986	5	96
1986	6	68
1986	7	48
1986	8	47
1986	9	7
1986	10	10
1986	11	94
1986	12	56
1987	1	19
1987	2	12
1987	3	119
1987	4	185
1987	5	23
1987	6	15
1987	7	40
1987	8	26
1987	9	54
1987	10	80
1987	11	58
1987	12	44
1988	1	26
1988	2	67
1988	3	95
1988	4	62
1988	5	56
1988	6	17
1988	7	42
1988	8	17
1988	9	9
1988	10	12
1988	11	81
1988	12	25
1989	1	16
1989	2	26
1989	3	49
1989	4	78
1989	5	122
1989	6	64
1989	7	25
1989	8	7
1989	9	28
1989	10	77
1989	11	73
1989	12	24
1990	1	60
1990	2	99
1990	3	81
1990	4	81
1990	5	116
1990	6	19
1990	7	15
1990	8	22
1990	9	10
1990	10	56
1990	11	109
1990	12	108
1991	1	55
1991	2	54
1991	3	103
1991	4	64
1991	5	44
1991	6	9
1991	7	3
1991	8	3
1991	9	4
1991	10	21
1991	11	54
1991	12	46
1992	1	50
1992	2	28
1992	3	69
1992	4	104
1992	5	51
1992	6	57
1992	7	10
1992	8	14
1992	9	20
1992	10	27
1992	11	82
1992	12	64
1993	1	89
1993	2	16
1993	3	80
1993	4	257
1993	5	39
1993	6	10
1993	7	2
1993	8	1
1993	9	9
1993	10	21
1993	11	93
1993	12	71
1994	1	35
1994	2	49
1994	3	110
1994	4	232
1994	5	45
1994	6	36
1994	7	12
1994	8	37
1994	9	20
1994	10	22
1994	11	38
1994	12	56
1995	1	83
1995	2	27
1995	3	100
1995	4	54
1995	5	23
1995	6	17
1995	7	8
1995	8	3
1995	9	2
1995	10	84
1995	11	98
1995	12	29
1996	1	170
1996	2	64
1996	3	63
1996	4	129
1996	5	108
1996	6	41
1996	7	63
1996	8	15
1996	9	8
1996	10	61
1996	11	154
1996	12	172
1997	1	57
1997	2	60
1997	3	74
1997	4	99
1997	5	79
1997	6	18
1997	7	4
1997	8	3
1997	9	12
1997	10	6
1997	11	50
1997	12	38
1998	1	126
1998	2	42
1998	3	117
1998	4	93
1998	5	66
1998	6	87
1998	7	47
1998	8	5
1998	9	3
1998	10	10
1998	11	11
1998	12	20
1999	1	135
1999	2	55
1999	3	83
1999	4	78
1999	5	49
1999	6	15
1999	7	17
1999	8	4
1999	9	68
1999	10	59
1999	11	64
1999	12	49
2000	1	29
2000	2	78
2000	3	128
2000	4	116
2000	5	75
2000	6	98
2000	7	38
2000	8	25
2000	9	18
2000	10	24
2000	11	25
2000	12	100
2001	1	23
2001	2	46
2001	3	39
2001	4	186
2001	5	16
2001	6	37
2001	7	12
2001	8	5
2001	9	14
2001	10	12
2001	11	13
2001	12	45
2002	1	33
2002	2	73
2002	3	71
2002	4	73
2002	5	79
2002	6	89
2002	7	11
2002	8	3
2002	9	4
2002	10	46
2002	11	76
2002	12	61
2003	1	42
2003	2	22
2003	3	133
2003	4	70
2003	5	56
2003	6	74
2003	7	26
2003	8	93
2003	9	166
2003	10	128
2003	11	108
2003	12	129
2004	1	45
2004	2	14
2004	3	82
2004	4	78
2004	5	61
2004	6	38
2004	7	42
2004	8	84
2004	9	115
2004	10	43
2004	11	50
2004	12	109
2005	1	92
2005	2	42
2005	3	59
2005	4	153
2005	5	36
2005	6	16
2005	7	11
2005	8	4
2005	9	3
2005	10	108
2005	11	92
2005	12	72
2006	1	127
2006	2	61
2006	3	26
2006	4	49
2006	5	46
2006	6	129
2006	7	32
2006	8	23
2006	9	34
2006	10	78
2006	11	121
2006	12	48
2007	1	89
2007	2	13
2007	3	114
2007	4	170
2007	5	49
2007	6	61
2007	7	17
2007	8	16
2007	9	10
2007	10	69
2007	11	115
2007	12	86
2008	1	86
2008	2	170
2008	3	175
2008	4	102
2008	5	26
2008	6	13
2008	7	78
2008	8	24
2008	9	13
2008	10	35
2008	11	64
2008	12	119
2009	1	26
2009	2	33
2009	3	103
2009	4	61
2009	5	61
2009	6	79
2009	7	39
2009	8	58
2009	9	15
2009	10	32
2009	11	48
2009	12	75
2010	1	78
2010	2	28
2010	3	231
2010	4	83
2010	5	31
2010	6	21
2010	7	14
2010	8	9
2010	9	11
2010	10	128
2010	11	67
2010	12	101
2011	1	33
2011	2	40
2011	3	186
2011	4	157
2011	5	91
2011	6	36
2011	7	40
2011	8	135
2011	9	200
2011	10	62
2011	11	61
2011	12	111
2012	1	70
2012	2	35
2012	3	54
2012	4	43
2012	5	87
2012	6	25
2012	7	6
2012	8	4
2012	9	34
2012	10	79
2012	11	57
2012	12	67
2013	1	47
2013	2	35
2013	3	63
2013	4	92
2013	5	53
2013	6	69
2013	7	19
2013	8	27
2013	9	33
2013	10	28
2013	11	54
2013	12	78
2014	1	92
2014	2	23
2014	3	45
2014	4	144
2014	5	71
2014	6	62
2014	7	97
2014	8	13
2014	9	4
2014	10	14
2014	11	28
2014	12	75
2015	1	11
2015	2	0
2015	3	17
2015	4	157
2015	5	24
2015	6	49
2015	7	25
2015	8	10
2015	9	7
