1943	6	107
1943	7	94
1943	8	34
1943	9	24
1943	10	74
1943	11	100
1943	12	73
1944	1	200
1944	2	83
1944	3	173
1944	4	152
1944	5	91
1944	6	65
1944	7	34
1944	8	36
1944	9	88
1944	10	38
1944	11	63
1944	12	92
1945	1	122
1945	2	207
1945	3	111
1945	4	102
1945	5	99
1945	6	71
1945	7	199
1945	8	197
1945	9	149
1945	10	83
1945	11	120
1945	12	151
1946	1	125
1946	2	125
1946	3	118
1946	4	83
1946	5	117
1946	6	179
1946	7	157
1946	8	96
1946	9	63
1946	10	59
1946	11	54
1946	12	64
1947	1	94
1947	2	68
1947	3	103
1947	4	89
1947	5	198
1947	6	115
1947	7	100
1947	8	52
1947	9	50
1947	10	42
1947	11	108
1947	12	64
1948	1	183
1948	2	253
1948	3	163
1948	4	161
1948	5	224
1948	6	148
1948	7	99
1948	8	71
1948	9	53
1948	10	53
1948	11	81
1948	12	150
1949	1	211
1949	2	222
1949	3	174
1949	4	145
1949	5	117
1949	6	63
1949	7	92
1949	8	53
1949	9	40
1949	10	48
1949	11	41
1949	12	65
1950	1	53
1950	2	121
1950	3	159
1950	4	95
1950	5	127
1950	6	81
1950	7	60
1950	8	99
1950	9	62
1950	10	66
1950	11	140
1950	12	105
1951	1	120
1951	2	208
1951	3	159
1951	4	137
1951	5	95
1951	6	84
1951	7	73
1951	8	46
1951	9	33
1951	10	38
1951	11	127
1951	12	200
1952	1	168
1952	2	185
1952	3	252
1952	4	236
1952	5	229
1952	6	150
1952	7	174
1952	8	103
1952	9	96
1952	10	47
1952	11	124
1952	12	159
1953	1	265
1953	2	189
1953	3	268
1953	4	228
1953	5	178
1953	6	140
1953	7	79
1953	8	50
1953	9	39
1953	10	54
1953	11	78
1953	12	140
1954	1	82
1954	2	67
1954	3	137
1954	4	107
1954	5	96
1954	6	43
1954	7	27
1954	8	38
1954	9	30
1954	10	35
1954	11	57
1954	12	63
1955	1	44
1955	2	108
1955	3	109
1955	4	67
1955	5	42
1955	6	64
1955	7	23
1955	8	261
1955	9	58
1955	10	64
1955	11	59
1955	12	46
1956	1	68
1956	2	157
1956	3	163
1956	4	128
1956	5	84
1956	6	84
1956	7	114
1956	8	52
1956	9	44
1956	10	62
1956	11	146
1956	12	112
1957	1	86
1957	2	126
1957	3	124
1957	4	157
1957	5	80
1957	6	58
1957	7	28
1957	8	24
1957	9	67
1959	10	49
1959	11	65
1959	12	140
1960	1	117
1960	2	167
1960	3	115
1960	4	196
1960	5	145
1960	6	81
1960	7	82
1960	8	79
1960	9	226
1960	10	95
1960	11	90
1960	12	84
1961	1	148
1961	2	224
1961	3	232
1961	4	235
1961	5	138
1961	6	98
1961	7	75
1961	8	55
1961	9	37
1961	10	36
1961	11	50
1961	12	65
1962	1	97
1962	2	137
1962	3	154
1962	4	166
1962	5	82
1962	6	60
1962	7	33
1962	8	37
1962	9	32
1962	10	33
1962	11	98
1962	12	68
1963	1	87
1963	2	145
1963	3	203
1963	4	59
1963	5	48
1963	6	37
1963	7	16
1963	8	16
1963	9	27
1963	10	17
1963	11	72
1963	12	49
1964	1	195
1964	2	94
1964	3	121
1964	4	152
1964	5	85
1964	6	46
1964	7	45
1964	8	27
1964	9	23
1964	10	34
1964	11	35
1964	12	81
1965	1	64
1965	2	140
1965	3	106
1965	4	87
1965	5	56
1965	6	38
1965	7	44
1965	8	24
1965	9	20
1965	10	33
1965	11	28
1965	12	28
1966	1	32
1966	2	173
1966	3	102
1966	4	74
1966	5	91
1966	6	37
1966	7	24
1966	8	13
1966	9	39
1966	10	72
1966	11	39
1966	12	65
1967	1	111
1967	2	100
1967	3	211
1967	4	103
1967	5	107
1967	6	55
1967	7	119
1967	8	300
1967	9	90
1967	10	76
1967	11	66
1967	12	179
1968	1	149
1968	2	110
1968	3	228
1968	4	111
1968	5	131
1968	6	104
1968	7	62
1968	8	38
1968	9	32
1968	10	39
1968	11	65
1968	12	69
1969	1	60
1969	2	66
1969	3	69
1969	4	59
1969	5	52
1969	6	63
1969	7	99
1969	8	59
1969	9	72
1969	10	35
1969	11	46
1969	12	150
1970	1	108
1970	2	149
1970	3	124
1970	4	279
1970	5	122
1970	6	113
1970	7	80
1970	8	84
1970	9	33
1970	10	42
1970	11	101
1970	12	108
1971	1	129
1971	2	396
1971	3	145
1971	4	123
1971	5	140
1971	6	81
1971	7	53
1971	8	196
1971	9	197
1971	10	230
1971	11	207
1971	12	159
1972	1	137
1972	2	232
1972	3	210
1972	4	225
1972	5	165
1972	6	311
1972	7	140
1972	8	64
1972	9	59
1972	10	69
1972	11	220
1972	12	256
1973	1	195
1973	2	242
1973	3	193
1973	4	292
1973	5	219
1973	6	200
1973	7	160
1973	8	100
1973	9	76
1973	10	57
1973	11	50
1973	12	229
1974	1	156
1974	2	109
1974	3	137
1974	4	172
1974	5	127
1974	6	85
1974	7	66
1974	8	97
1974	9	86
1974	10	67
1974	11	58
1974	12	166
1975	1	158
1975	2	174
1975	3	243
1975	4	175
1975	5	168
1975	6	271
1975	7	540
1975	8	127
1975	9	153
1975	10	136
1975	11	138
1975	12	112
1976	1	256
1976	2	166
1976	3	139
1976	4	116
1976	5	111
1976	6	87
1976	7	135
1976	8	56
1976	9	40
1976	10	105
1976	11	59
1976	12	78
1977	1	56
1977	2	127
1977	3	201
1977	4	150
1977	5	61
1977	6	79
1977	7	52
1977	8	59
1977	9	40
1977	10	48
1977	11	100
1977	12	255
1978	1	484
1978	2	116
1978	3	397
1978	4	144
1978	5	241
1978	6	107
1978	7	170
1978	8	129
1978	9	82
1978	10	67
1978	11	62
1978	12	141
1979	1	492
1979	2	542
1979	3	167
1979	4	112
1979	5	107
1979	6	97
1979	7	76
1979	8	83
1979	9	230
1979	10	153
1979	11	156
1979	12	113
1980	1	110
1980	2	83
1980	3	189
1980	4	178
1980	5	151
1980	6	97
1980	7	71
1980	8	49
1980	9	29
1980	10	59
1980	11	67
1980	12	41
1981	1	38
1981	2	132
1981	3	57
1981	4	68
1981	5	105
1981	6	52
1981	7	34
1981	8	88
1981	9	54
1981	10	41
1981	11	37
1981	12	81
1982	1	133
1982	2	203
1982	3	88
1982	4	127
1982	5	99
1982	6	155
1982	7	55
1982	8	43
1982	9	38
1982	10	36
1982	11	71
1982	12	71
1983	1	92
1983	2	141
1983	3	279
1983	4	341
1983	5	257
1983	6	144
1983	7	70
1983	8	45
1983	9	39
1983	10	78
1983	11	137
1983	12	303
1984	1	142
1984	2	261
1984	3	243
1984	4	255
1984	5	248
1984	6	185
1984	7	193
1984	8	100
1984	9	87
1984	10	76
1984	11	84
1984	12	89
1985	1	65
1985	2	200
1985	3	75
1985	4	63
1985	5	77
1985	6	44
1985	7	59
1985	8	75
1985	9	93
1985	10	52
1985	11	91
1985	12	78
1986	1	121
1986	2	173
1986	3	112
1986	4	116
1986	5	61
1986	6	50
1986	7	36
1986	8	37
1986	9	27
1986	10	37
1986	11	148
1986	12	187
1987	1	142
1987	2	110
1987	3	152
1987	4	152
1987	5	108
1987	6	63
1987	7	59
1987	8	36
1987	9	150
1987	10	56
1987	11	123
1987	12	91
1988	1	122
1988	2	212
1988	3	114
1988	4	106
1988	5	204
1988	6	68
1988	7	83
1988	8	68
1988	9	59
1988	10	48
1988	11	130
1988	12	67
1989	1	94
1989	2	108
1989	3	161
1989	4	151
1989	5	264
1989	6	188
1989	7	498
1989	8	168
1989	9	152
1989	10	167
1989	11	118
1989	12	92
1990	1	193
1990	2	132
1990	3	105
1990	4	138
1990	5	212
1990	6	136
1990	7	89
1990	8	101
1990	9	55
1990	10	56
1990	11	66
1990	12	139
1991	1	177
1991	2	103
1991	3	154
1991	4	135
1991	5	93
1991	6	68
1991	7	61
1991	8	61
1991	9	55
1991	10	35
1991	11	51
1991	12	100
1992	1	59
1992	2	67
1992	3	133
1992	4	81
1992	5	106
1992	6	90
1992	7	63
1992	8	56
1992	9	67
1992	10	45
1992	11	114
1992	12	154
1993	1	119
1993	2	133
1993	3	373
1993	4	320
1993	5	141
1993	6	107
1993	7	51
1993	8	40
1993	9	102
1993	10	70
1993	11	105
1993	12	169
1994	1	267
1994	2	297
1994	3	402
1994	4	159
1994	5	120
1994	6	61
1994	7	68
1994	8	53
1994	9	30
1994	10	27
1994	11	49
1994	12	61
1995	1	116
1995	2	74
1995	3	131
1995	4	63
1995	5	71
1995	6	33
1995	7	44
1995	8	21
1995	9	34
1995	10	117
1995	11	117
1995	12	68
1996	1	383
1996	2	145
1996	3	176
1996	4	244
1996	5	178
1996	6	162
1996	7	141
1996	8	151
1996	9	114
1996	10	234
1996	11	172
1996	12	404
1997	1	220
1997	2	191
1997	3	230
1997	4	183
1997	5	110
1997	6	83
1997	7	51
1997	8	42
1997	9	36
1997	10	34
1997	11	65
1997	12	59
1998	1	134
1998	2	148
1998	3	216
1998	4	132
1998	5	137
1998	6	102
1998	7	71
1998	8	51
1998	9	28
1998	10	39
1998	11	35
1998	12	32
1999	1	170
1999	2	86
1999	3	134
1999	4	98
1999	5	67
1999	6	38
1999	7	25
1999	8	43
1999	9	415
1999	10	84
1999	11	82
1999	12	118
2000	1	93
2000	2	157
2000	3	335
2000	4	183
2000	5	113
2000	6	101
2000	7	79
2000	8	56
2000	9	93
2000	10	39
2000	11	46
2000	12	141
2001	1	120
2001	2	130
2001	3	172
2001	4	121
2001	5	110
2001	6	107
2001	7	45
2001	8	70
2001	9	52
2001	10	30
2001	11	35
2001	12	42
2002	1	60
2002	2	40
2002	3	87
2002	4	72
2002	5	76
2002	6	57
2002	7	20
2002	8	21
2002	9	24
2002	10	74
2002	11	104
2002	12	175
2003	1	111
2003	2	221
2003	3	292
2003	4	157
2003	5	128
2003	6	305
2003	7	92
2003	8	106
2003	9	441
2003	10	213
2003	11	217
2003	12	310
2004	1	142
2004	2	305
2004	3	161
2004	4	203
2004	5	162
2004	6	261
2004	7	232
2004	8	239
2004	9	390
2004	10	169
2004	11	235
2004	12	228
2005	1	214
2005	2	175
2005	3	231
2005	4	262
2005	5	123
2005	6	85
2005	7	104
2005	8	49
2005	9	43
2005	10	134
2005	11	79
2005	12	125
2006	1	164
2006	2	135
2006	3	81
2006	4	110
2006	5	63
2006	6	215
2006	7	90
2006	8	46
2006	9	123
2006	10	123
2006	11	188
2006	12	116
2007	1	153
2007	2	106
2007	3	252
2007	4	301
2007	5	117
2007	6	85
2007	7	51
2007	8	57
2007	9	27
2007	10	77
2007	11	58
2007	12	124
2008	1	78
2008	2	191
2008	3	155
2008	4	102
2008	5	108
2008	6	68
2008	7	60
2008	8	31
2008	9	68
2008	10	48
2008	11	67
2008	12	175
2009	1	96
2009	2	76
2009	3	61
2009	4	138
2009	5	138
2009	6	151
2009	7	83
2009	8	122
2009	9	124
2009	10	166
2009	11	109
2009	12	323
2010	1	192
2010	2	174
2010	3	336
2010	4	202
2010	5	131
2010	6	75
2010	7	86
2010	8	37
2010	9	40
2010	10	192
2010	11	77
2010	12	102
2011	1	83
2011	2	161
2011	3	219
2011	4	192
2011	5	128
2011	6	79
2011	7	44
2011	8	434
2011	9	285
2011	10	128
2011	11	182
2011	12	234
2012	1	186
2012	2	123
2012	3	112
2012	4	97
2012	5	79
2012	6	63
2012	7	39
2012	8	40
2012	9	48
2012	10	171
2012	11	66
2012	12	133
2013	1	131
2013	2	111
2013	3	121
2013	4	95
2013	5	89
2013	6	349
2013	7	219
2013	8	149
2013	9	68
2013	10	106
2013	11	95
2013	12	167
2014	1	159
2014	2	275
2014	3	235
2014	4	329
2014	5	373
2014	6	147
2014	7	91
2014	8	61
2014	9	57
2014	10	53
2014	11	87
2014	12	84
2015	1	129
2015	2	48
2015	3	251
2015	4	131
2015	5	67
2015	6	181
2015	7	99
2015	8	47
2015	9	48
