1940	2	65
1940	3	321
1940	4	1113
1940	5	227
1940	6	202
1940	7	112
1940	8	60
1940	9	181
1940	10	87
1940	11	248
1940	12	230
1941	1	149
1941	2	98
1941	3	188
1941	4	495
1941	5	85
1941	6	107
1941	7	69
1941	8	51
1941	9	36
1941	10	27
1941	11	50
1941	12	97
1942	1	102
1942	2	99
1942	3	394
1942	4	257
1942	5	430
1942	6	186
1942	7	97
1942	8	111
1942	9	139
1942	10	215
1942	11	272
1942	12	324
1943	1	244
1943	2	302
1943	3	470
1943	4	304
1943	5	453
1943	6	134
1943	7	52
1943	8	43
1943	9	29
1943	10	123
1943	11	326
1943	12	87
1944	1	60
1944	2	77
1944	3	315
1944	4	358
1944	5	181
1944	6	141
1944	7	80
1944	8	52
1944	9	79
1944	10	82
1944	11	104
1944	12	182
1945	1	184
1945	2	160
1945	3	691
1945	4	298
1945	5	285
1945	6	209
1945	7	350
1945	8	193
1945	9	186
1945	10	233
1945	11	430
1945	12	193
1946	1	234
1946	2	94
1946	3	450
1946	4	121
1946	5	517
1946	6	284
1946	7	162
1946	8	138
1946	9	51
1946	10	59
1946	11	64
1946	12	53
1947	1	212
1947	2	173
1947	3	382
1947	4	517
1947	5	552
1947	6	186
1947	7	373
1947	8	164
1947	9	50
1947	10	35
1947	11	157
1947	12	92
1948	1	56
1948	2	156
1948	3	548
1948	4	379
1948	5	268
1948	6	164
1948	7	118
1948	8	55
1948	9	36
1948	10	31
1948	11	121
1948	12	215
1949	1	379
1949	2	259
1949	3	191
1949	4	316
1949	5	266
1949	6	67
1949	7	51
1949	8	60
1949	9	49
1949	10	72
1949	11	125
1949	12	306
1950	1	285
1950	2	144
1950	3	452
1950	4	507
1950	5	252
1950	6	205
1950	7	149
1950	8	87
1950	9	96
1950	10	61
1950	11	347
1950	12	420
1951	1	291
1951	2	370
1951	3	412
1951	4	404
1951	5	94
1951	6	101
1951	7	89
1951	8	53
1951	9	45
1951	10	56
1951	11	305
1951	12	247
1952	1	367
1952	2	227
1952	3	424
1952	4	521
1952	5	400
1952	6	124
1952	7	88
1952	8	58
1952	9	114
1952	10	38
1952	11	164
1952	12	316
1953	1	310
1953	2	290
1953	3	392
1953	4	381
1953	5	296
1953	6	113
1953	7	46
1953	8	31
1953	9	28
1953	10	28
1953	11	113
1953	12	280
1954	1	139
1954	2	260
1954	3	273
1954	4	325
1954	5	325
1954	6	85
1954	7	43
1954	8	33
1954	9	62
1954	10	44
1954	11	357
1954	12	283
1955	1	163
1955	2	175
1955	3	441
1955	4	257
1955	5	97
1955	6	63
1955	7	38
1955	8	442
1955	9	102
1955	10	656
1955	11	344
1955	12	120
1956	1	99
1956	2	193
1956	3	412
1956	4	636
1956	5	253
1956	6	240
1956	7	75
1956	8	44
1956	9	113
1956	10	82
1956	11	101
1956	12	265
1957	1	171
1957	2	165
1957	3	244
1957	4	480
1957	5	134
1957	6	66
1957	7	50
1957	8	40
1957	9	34
1957	10	45
1957	11	94
1957	12	354
1958	1	189
1958	2	112
1958	3	258
1958	4	978
1958	5	309
1958	6	138
1958	7	131
1958	8	84
1958	9	97
1958	10	158
1958	11	239
1958	12	150
1959	1	208
1959	2	199
1959	3	266
1959	4	437
1959	5	150
1959	6	68
1959	7	47
1959	8	38
1959	9	41
1959	10	207
1959	11	373
1959	12	419
1960	1	287
1960	2	277
1960	3	194
1960	4	652
1960	5	308
1960	6	334
1960	7	139
1960	8	100
1960	9	230
1960	10	103
1960	11	94
1960	12	98
1961	1	63
1961	2	338
1961	3	476
1961	4	586
1961	5	285
1961	6	111
1961	7	77
1961	8	70
1961	9	46
1961	10	28
1961	11	85
1961	12	103
1962	1	218
1962	2	100
1962	3	313
1962	4	527
1962	5	129
1962	6	47
1962	7	28
1962	8	28
1962	9	25
1962	10	107
1962	11	175
1962	12	104
1963	1	87
1963	2	75
1963	3	393
1963	4	323
1963	5	194
1963	6	126
1963	7	74
1963	8	67
1963	9	32
1963	10	27
1963	11	99
1963	12	162
1964	1	268
1964	2	138
1964	3	733
1964	4	312
1964	5	256
1964	6	71
1964	7	34
1964	8	27
1964	9	18
1964	10	15
1964	11	17
1964	12	77
1965	1	113
1965	2	217
1965	3	162
1965	4	281
1965	5	117
1965	6	64
1965	7	25
1965	8	51
1965	9	82
1965	10	114
1965	11	103
1965	12	139
1966	1	111
1966	2	172
1966	3	471
1966	4	195
1966	5	327
1966	6	115
1966	7	35
1966	8	25
1966	9	24
1966	10	29
1966	11	78
1966	12	143
1967	1	169
1967	2	144
1967	3	376
1967	4	419
1967	5	313
1967	6	97
1967	7	52
1967	8	97
1967	9	73
1967	10	128
1967	11	230
1967	12	242
1968	1	97
1968	2	168
1968	3	415
1968	4	178
1968	5	323
1968	6	273
1968	7	93
1968	8	39
1968	9	116
1968	10	47
1968	11	277
1968	12	192
1969	1	130
1969	2	143
1969	3	275
1969	4	367
1969	5	187
1969	6	353
1969	7	135
1969	8	173
1969	9	40
1969	10	38
1969	11	226
1969	12	194
1970	1	106
1970	2	308
1970	3	179
1970	4	829
1970	5	200
1970	6	72
1970	7	53
1970	8	42
1970	9	42
1970	10	101
1970	11	162
1970	12	111
1971	1	96
1971	2	201
1971	3	460
1971	4	486
1971	5	231
1971	6	63
1971	7	38
1971	8	93
1971	9	51
1971	10	54
1971	11	106
1971	12	501
1972	1	203
1972	2	128
1972	3	553
1972	4	492
1972	5	331
1972	6	604
1972	7	208
1972	8	90
1972	9	50
1972	10	66
1972	11	661
1972	12	489
1973	1	297
1973	2	207
1973	3	305
1973	4	499
1973	5	406
1973	6	399
1973	7	271
1973	8	93
1973	9	63
1973	10	52
1973	11	132
1973	12	581
1974	1	325
1974	2	259
1974	3	321
1974	4	515
1974	5	238
1974	6	146
1974	7	110
1974	8	65
1974	9	139
1974	10	109
1974	11	182
1974	12	265
1975	1	299
1975	2	399
1975	3	386
1975	4	233
1975	5	284
1975	6	268
1975	7	131
1975	8	103
1975	9	314
1975	10	372
1975	11	254
1975	12	158
1976	1	245
1976	2	497
1976	3	282
1976	4	219
1976	5	227
1976	6	135
1976	7	124
1976	8	102
1976	9	65
1976	10	503
1976	11	169
1976	12	108
1977	1	42
1977	2	114
1977	3	740
1977	4	521
1977	5	179
1977	6	61
1977	7	43
1977	8	55
1977	9	295
1977	10	578
1977	11	291
1977	12	376
1978	1	451
1978	2	144
1978	3	454
1978	4	550
1978	5	397
1978	6	134
1978	7	49
1978	8	63
1978	9	50
1978	10	104
1978	11	86
1978	12	161
1979	1	535
1979	2	183
1979	3	651
1979	4	326
1979	5	407
1979	6	148
1979	7	41
1979	8	28
1979	9	52
1979	10	143
1979	11	248
1979	12	139
1980	1	82
1980	2	40
1980	3	379
1980	4	422
1980	5	162
1980	6	52
1980	7	43
1980	8	36
1980	9	23
1980	10	24
1980	11	50
1980	12	90
1981	1	38
1981	2	597
1981	3	142
1981	4	201
1981	5	269
1981	6	100
1981	7	54
1981	8	33
1981	9	31
1981	10	90
1981	11	146
1981	12	133
1982	1	134
1982	2	209
1982	3	361
1982	4	445
1982	5	100
1982	6	148
1982	7	61
1982	8	35
1982	9	28
1982	10	23
1982	11	55
1982	12	129
1983	1	92
1983	2	200
1983	3	283
1983	4	780
1983	5	306
1983	6	156
1983	7	67
1983	8	39
1983	9	30
1983	10	32
1983	11	109
1983	12	469
1984	1	95
1984	2	457
1984	3	189
1984	4	670
1984	5	484
1984	6	286
1984	7	277
1984	8	78
1984	9	40
1984	10	40
1984	11	83
1984	12	272
1985	1	132
1985	2	167
1985	3	255
1985	4	187
1985	5	153
1985	6	91
1985	7	90
1985	8	54
1985	9	208
1985	10	215
1985	11	362
1985	12	286
1986	1	174
1986	2	234
1986	3	671
1986	4	331
1986	5	156
1986	6	214
1986	7	149
1986	8	147
1986	9	42
1986	10	129
1986	11	357
1986	12	264
1987	1	137
1987	2	85
1987	3	372
1987	4	492
1987	5	173
1987	6	128
1987	7	141
1987	8	72
1987	9	376
1987	10	148
1987	11	199
1987	12	249
1988	1	104
1988	2	241
1988	3	319
1988	4	173
1988	5	314
1988	6	76
1988	7	46
1988	8	43
1988	9	49
1988	10	43
1988	11	222
1988	12	93
1989	1	72
1989	2	110
1989	3	188
1989	4	276
1989	5	610
1989	6	420
1989	7	168
1989	8	52
1989	9	51
1989	10	161
1989	11	245
1989	12	80
1990	1	222
1990	2	414
1990	3	221
1990	4	274
1990	5	356
1990	6	107
1990	7	137
1990	8	139
1990	9	69
1990	10	255
1990	11	306
1990	12	393
1991	1	222
1991	2	292
1991	3	275
1991	4	236
1991	5	151
1991	6	61
1991	7	31
1991	8	26
1991	9	25
1991	10	30
1991	11	90
1991	12	156
1992	1	144
1992	2	94
1992	3	298
1992	4	372
1992	5	214
1992	6	237
1992	7	65
1992	8	87
1992	9	63
1992	10	140
1992	11	264
1992	12	223
1993	1	313
1993	2	63
1993	3	269
1993	4	1110
1993	5	186
1993	6	61
1993	7	32
1993	8	30
1993	9	54
1993	10	103
1993	11	289
1993	12	311
1994	1	87
1994	2	167
1994	3	477
1994	4	973
1994	5	232
1994	6	82
1994	7	63
1994	8	233
1994	9	85
1994	10	91
1994	11	184
1994	12	242
1995	1	229
1995	2	108
1995	3	313
1995	4	202
1995	5	121
1995	6	70
1995	7	40
1995	8	29
1995	9	23
1995	10	220
1995	11	296
1995	12	139
1996	1	540
1996	2	274
1996	3	304
1996	4	402
1996	5	379
1996	6	130
1996	7	156
1996	8	52
1996	9	68
1996	10	174
1996	11	373
1996	12	557
1997	1	159
1997	2	179
1997	3	272
1997	4	268
1997	5	226
1997	6	87
1997	7	34
1997	8	32
1997	9	31
1997	10	26
1997	11	87
1997	12	122
1998	1	427
1998	2	245
1998	3	529
1998	4	413
1998	5	295
1998	6	251
1998	7	171
1998	8	37
1998	9	30
1998	10	42
1998	11	32
1998	12	42
1999	1	279
1999	2	239
1999	3	265
1999	4	245
1999	5	165
1999	6	66
1999	7	40
1999	8	31
1999	9	130
1999	10	151
1999	11	131
1999	12	163
2000	1	144
2000	2	269
2000	3	528
2000	4	442
2000	5	383
2000	6	318
2000	7	76
2000	8	88
2000	9	64
2000	10	102
2000	11	123
2000	12	229
2001	1	86
2001	2	194
2001	3	276
2001	4	541
2001	5	99
2001	6	165
2001	7	59
2001	8	32
2001	9	42
2001	10	34
2001	11	35
2001	12	115
2002	1	100
2002	2	273
2002	3	204
2002	4	259
2002	5	492
2002	6	266
2002	7	61
2002	8	36
2002	9	55
2002	10	327
2002	11	258
2002	12	241
2003	1	230
2003	2	126
2003	3	609
2003	4	349
2003	5	222
2003	6	489
2003	7	127
2003	8	133
2003	9	621
2003	10	326
2003	11	371
2003	12	445
2004	1	233
2004	2	76
2004	3	313
2004	4	289
2004	5	269
2004	6	102
2004	7	105
2004	8	167
2004	9	540
2004	10	214
2004	11	243
2004	12	380
2005	1	444
2005	2	236
2005	3	340
2005	4	760
2005	5	122
2005	6	58
2005	7	37
2005	8	30
2005	9	25
2005	10	262
2005	11	202
2005	12	222
2006	1	517
2006	2	282
2006	3	117
2006	4	181
2006	5	142
2006	6	486
2006	7	314
2006	8	49
2006	9	141
2006	10	264
2006	11	460
2006	12	187
2007	1	393
2007	2	81
2007	3	544
2007	4	492
2007	5	143
2007	6	50
2007	7	74
2007	8	70
2007	9	47
2007	10	280
2007	11	335
2007	12	318
2008	1	346
2008	2	475
2008	3	673
2008	4	261
2008	5	187
2008	6	71
2008	7	72
2008	8	56
2008	9	39
2008	10	65
2008	11	129
2008	12	363
2009	1	136
2009	2	174
2009	3	303
2009	4	183
2009	5	257
2009	6	206
2009	7	172
2009	8	302
2009	9	84
2009	10	154
2009	11	152
2009	12	192
2010	1	236
2010	2	99
2010	3	514
2010	4	327
2010	5	152
2010	6	75
2010	7	42
2010	8	56
2010	9	42
2010	10	400
2010	11	169
2010	12	243
2011	1	81
2011	2	143
2011	3	778
2011	4	578
2011	5	487
2011	6	236
2011	7	116
2011	8	197
2011	9	650
2011	10	372
2011	11	270
2011	12	397
2012	1	239
2012	2	156
2012	3	203
2012	4	172
2012	5	342
2012	6	109
2012	7	74
2012	8	81
2012	9	90
2012	10	229
2012	11	198
2012	12	302
2013	1	241
2013	2	223
2013	3	232
2013	4	199
2013	5	159
2013	6	350
2013	7	170
2013	8	134
2013	9	68
2013	10	69
2013	11	100
2013	12	276
2014	1	278
2014	2	106
2014	3	207
2014	4	481
2014	5	323
2014	6	137
2014	7	125
2014	8	49
2014	9	29
2014	10	108
2014	11	68
2014	12	255
2015	1	123
2015	2	59
2015	3	145
2015	4	623
2015	5	108
2015	6	161
2015	7	182
2015	8	49
2015	9	26
