1940	1	1933
1940	2	2914
1940	3	15832
1940	4	56363
1940	5	13097
1940	6	7472
1940	7	3752
1940	8	1576
1940	9	3199
1940	10	1353
1940	11	4613
1940	12	14473
1941	1	8950
1941	2	3832
1941	3	12096
1941	4	21940
1941	5	3352
1941	6	5231
1941	7	2482
1941	8	2298
1941	9	1325
1941	10	927
1941	11	2521
1941	12	9697
1942	1	7254
1942	2	7942
1942	3	28394
1942	4	21809
1942	5	17015
1942	6	5946
1942	7	7851
1942	8	2536
1942	9	2713
1942	10	7696
1942	11	11927
1942	12	15515
1943	1	21058
1943	2	15897
1943	3	21709
1943	4	25430
1943	5	24938
1943	6	11302
1943	7	2280
1943	8	1583
1943	9	810
1943	10	3729
1943	11	9912
1943	12	2716
1944	1	3796
1944	2	6087
1944	3	23661
1944	4	20240
1944	5	21335
1944	6	9609
1944	7	2623
1944	8	1102
1944	9	1264
1944	10	2576
1944	11	2126
1944	12	5153
1945	1	7495
1945	2	12085
1945	3	49200
1945	4	16927
1945	5	27145
1945	6	10530
1945	7	3500
1945	8	3250
1945	9	6141
1945	10	10353
1945	11	20898
1945	12	14253
1946	1	15916
1946	2	5041
1946	3	28774
1946	4	5822
1946	5	28099
1946	6	20430
1946	7	5259
1946	8	4341
1946	9	2045
1946	10	7819
1946	11	4788
1946	12	4285
1947	1	17264
1947	2	9084
1947	3	11600
1947	4	19593
1947	5	24512
1947	6	11819
1947	7	7746
1947	8	3944
1947	9	3524
1947	10	1248
1947	11	5401
1947	12	5734
1948	1	5267
1948	2	13575
1948	3	26291
1948	4	34033
1948	5	19275
1948	6	5823
1948	7	4896
1948	8	2622
1948	9	1047
1948	10	1490
1948	11	7400
1948	12	13307
1949	1	25490
1949	2	17852
1949	3	11110
1949	4	18053
1949	5	11525
1949	6	3392
1949	7	1418
1949	8	1193
1949	9	1575
1949	10	1634
1949	11	2637
1949	12	10676
1950	1	22581
1950	2	16075
1950	3	22040
1950	4	24888
1950	5	12953
1950	6	9315
1950	7	3755
1950	8	4383
1950	9	4111
1950	10	9027
1950	11	31997
1950	12	24934
1951	1	21742
1951	2	25378
1951	3	25225
1951	4	27063
1951	5	9203
1951	6	9832
1951	7	4446
1951	8	1472
1951	9	937
1951	10	823
1951	11	2892
1951	12	10170
1952	1	30739
1952	2	17199
1952	3	27181
1952	4	26986
1952	5	22267
1952	6	5242
1952	7	1806
1952	8	2045
1952	9	1617
1952	10	995
1952	11	5907
1952	12	12762
1953	1	15010
1953	2	12221
1953	3	21708
1953	4	18436
1953	5	24441
1953	6	14960
1953	7	2055
1953	8	1827
1953	9	1067
1953	10	884
1953	11	2278
1953	12	6115
1954	1	4477
1954	2	12017
1954	3	23402
1954	4	18135
1954	5	17485
1954	6	8816
1954	7	2037
1954	8	1528
1954	9	1348
1954	10	3863
1954	11	3911
1954	12	10780
1955	1	13477
1955	2	9171
1955	3	32741
1955	4	12534
1955	5	6122
1955	6	4376
1955	7	1595
1955	8	3097
1955	9	1586
1955	10	16034
1955	11	13686
1955	12	5759
1956	1	3143
1956	2	15051
1956	3	30245
1956	4	25020
1956	5	18639
1956	6	9568
1956	7	11000
1956	8	11210
1956	9	5864
1956	10	5360
1956	11	14736
1956	12	18981
1957	1	12071
1957	2	12344
1957	3	16129
1957	4	36073
1957	5	8481
1957	6	3463
1957	7	2190
1957	8	1022
1957	9	996
1957	10	1115
1957	11	2280
1957	12	12542
1958	1	8462
1958	2	5286
1958	3	18198
1958	4	35253
1958	5	20074
1958	6	7109
1958	7	8411
1958	8	6611
1958	9	4574
1958	10	4035
1958	11	5891
1958	12	5048
1959	1	14364
1959	2	14389
1959	3	18478
1959	4	24020
1959	5	12126
1959	6	3248
1959	7	2101
1959	8	1395
1959	9	1296
1959	10	5662
1959	11	13382
1959	12	18234
1960	1	13395
1960	2	12705
1960	3	9034
1960	4	30372
1960	5	27567
1960	6	13459
1960	7	4196
1960	8	2543
1960	9	3701
1960	10	1811
1960	11	2281
1960	12	1726
1961	1	1920
1961	2	18673
1961	3	26574
1961	4	28530
1961	5	14449
1961	6	7031
1961	7	4014
1961	8	3338
1961	9	1842
1961	10	1114
1961	11	3707
1961	12	4199
1962	1	8164
1962	2	6803
1962	3	24117
1962	4	35083
1962	5	6891
1962	6	2534
1962	7	1083
1962	8	1010
1962	9	1119
1962	10	4332
1962	11	6592
1962	12	4361
1963	1	5777
1963	2	3196
1963	3	32877
1963	4	12921
1963	5	11060
1963	6	6096
1963	7	1850
1963	8	1082
1963	9	1239
1963	10	658
1963	11	1761
1963	12	4938
1964	1	10448
1964	2	6437
1964	3	44348
1964	4	21650
1964	5	12336
1964	6	2672
1964	7	1493
1964	8	1669
1964	9	601
1964	10	672
1964	11	761
1964	12	2767
1965	1	7427
1965	2	13538
1965	3	12710
1965	4	20413
1965	5	10072
1965	6	2910
1965	7	1032
1965	8	1112
1965	9	1211
1965	10	2847
1965	11	3324
1965	12	3888
1966	1	6225
1966	2	16016
1966	3	20933
1966	4	10037
1966	5	20809
1966	6	3901
1966	7	1103
1966	8	982
1966	9	1497
1966	10	1700
1966	11	6175
1966	12	11710
1967	1	4414
1967	2	9299
1967	3	27301
1967	4	18350
1967	5	20325
1967	6	5995
1967	7	4669
1967	8	5614
1967	9	3889
1967	10	11218
1967	11	13143
1967	12	12576
1968	1	4474
1968	2	10575
1968	3	13861
1968	4	9985
1968	5	17185
1968	6	15289
1968	7	3983
1968	8	1574
1968	9	2422
1968	10	1713
1968	11	11031
1968	12	9787
1969	1	6917
1969	2	7610
1969	3	6168
1969	4	17528
1969	5	12217
1969	6	4694
1969	7	3822
1969	8	4416
1969	9	1523
1969	10	1464
1969	11	7918
1969	12	8769
1970	1	4761
1970	2	17347
1970	3	15162
1970	4	38393
1970	5	13927
1970	6	5624
1970	7	4485
1970	8	3128
1970	9	3011
1970	10	7928
1970	11	22116
1970	12	14845
1971	1	7456
1971	2	19346
1971	3	27496
1971	4	18279
1971	5	10871
1971	6	3324
1971	7	2000
1971	8	1898
1971	9	3364
1971	10	2973
1971	11	4321
1971	12	15641
1972	1	15551
1972	2	6515
1972	3	32760
1972	4	25710
1972	5	16451
1972	6	46905
1972	7	20121
1972	8	3050
1972	9	2141
1972	10	1881
1972	11	13088
1972	12	28232
1973	1	10960
1973	2	18528
1973	3	22175
1973	4	18039
1973	5	17867
1973	6	11541
1973	7	5280
1973	8	6104
1973	9	4896
1973	10	5541
1973	11	12185
1973	12	25779
1974	1	20580
1974	2	12843
1974	3	21287
1974	4	25245
1974	5	13148
1974	6	5795
1974	7	8293
1974	8	2625
1974	9	7775
1974	10	3326
1974	11	7848
1974	12	16058
1975	1	15961
1975	2	27004
1975	3	22329
1975	4	10894
1975	5	15186
1975	6	15072
1975	7	5598
1975	8	2713
1975	9	24081
1975	10	15383
1975	11	11258
1975	12	11697
1976	1	13461
1976	2	28851
1976	3	16135
1976	4	9729
1976	5	6817
1976	6	12745
1976	7	6199
1976	8	4653
1976	9	2524
1976	10	15720
1976	11	9096
1976	12	7301
1977	1	3167
1977	2	8857
1977	3	33974
1977	4	25087
1977	5	7147
1977	6	3805
1977	7	9810
1977	8	5972
1977	9	8977
1977	10	17466
1977	11	23268
1977	12	23563
1978	1	21389
1978	2	7920
1978	3	29431
1978	4	27070
1978	5	28750
1978	6	9342
1978	7	3230
1978	8	4199
1978	9	3971
1978	10	3830
1978	11	4567
1978	12	12013
1979	1	26004
1979	2	10228
1979	3	42158
1979	4	18896
1979	5	11015
1979	6	6694
1979	7	3508
1979	8	6203
1979	9	8320
1979	10	17525
1979	11	17057
1979	12	12973
1980	1	7429
1980	2	3272
1980	3	19950
1980	4	31606
1980	5	12920
1980	6	5684
1980	7	3143
1980	8	2986
1980	9	1435
1980	10	1888
1980	11	3337
1980	12	5575
1981	1	1751
1981	2	33014
1981	3	10169
1981	4	13350
1981	5	16473
1981	6	11321
1981	7	5934
1981	8	2814
1981	9	3025
1981	10	8064
1981	11	8460
1981	12	6289
1982	1	8556
1982	2	16035
1982	3	28565
1982	4	20829
1982	5	8737
1982	6	23118
1982	7	5327
1982	8	2404
1982	9	1720
1982	10	1545
1982	11	4126
1982	12	8512
1983	1	5403
1983	2	10178
1983	3	15383
1983	4	27996
1983	5	22377
1983	6	12379
1983	7	6220
1983	8	2068
1983	9	1330
1983	10	2084
1983	11	8334
1983	12	22616
1984	1	4406
1984	2	28651
1984	3	14678
1984	4	33426
1984	5	21558
1984	6	18063
1984	7	12239
1984	8	11384
1984	9	2839
1984	10	2120
1984	11	6672
1984	12	20077
1985	1	9534
1985	2	12435
1985	3	19261
1985	4	17540
1985	5	6779
1985	6	6367
1985	7	3195
1985	8	2266
1985	9	2922
1985	10	1966
1985	11	19109
1985	12	15451
1986	1	10099
1986	2	18233
1986	3	25526
1986	4	15847
1986	5	6507
1986	6	11778
1986	7	6552
1986	8	3803
1986	9	2087
1986	10	5900
1986	11	19886
1986	12	18627
1987	1	7810
1987	2	4880
1987	3	15216
1987	4	23862
1987	5	9018
1987	6	5621
1987	7	7525
1987	8	2342
1987	9	9182
1987	10	6901
1987	11	6587
1987	12	12133
1988	1	6468
1988	2	16430
1988	3	14967
1988	4	8703
1988	5	16590
1988	6	3254
1988	7	1583
1988	8	4119
1988	9	3944
1988	10	2508
1988	11	8867
1988	12	5010
1989	1	6846
1989	2	9607
1989	3	14186
1989	4	19427
1989	5	27508
1989	6	23248
1989	7	8191
1989	8	2176
1989	9	2273
1989	10	5064
1989	11	7179
1989	12	3622
1990	1	11206
1990	2	24112
1990	3	8780
1990	4	14544
1990	5	13648
1990	6	8261
1990	7	12735
1990	8	7381
1990	9	7156
1990	10	24903
1990	11	11906
1990	12	22459
1991	1	18466
1991	2	15311
1991	3	21739
1991	4	13420
1991	5	7210
1991	6	2047
1991	7	1609
1991	8	1118
1991	9	1320
1991	10	1500
1991	11	2416
1991	12	6286
1992	1	7795
1992	2	6374
1992	3	16686
1992	4	18723
1992	5	7105
1992	6	5310
1992	7	10309
1992	8	9397
1992	9	8096
1992	10	6116
1992	11	17167
1992	12	12465
1993	1	20987
1993	2	4837
1993	3	21500
1993	4	62993
1993	5	12154
1993	6	3831
1993	7	1751
1993	8	1923
1993	9	3078
1993	10	5227
1993	11	17208
1993	12	17837
1994	1	5677
1994	2	12846
1994	3	34154
1994	4	43691
1994	5	11355
1994	6	10038
1994	7	7639
1994	8	18703
1994	9	6469
1994	10	3833
1994	11	8096
1994	12	17290
1995	1	17335
1995	2	6397
1995	3	11717
1995	4	10518
1995	5	8588
1995	6	6575
1995	7	3220
1995	8	1473
1995	9	837
1995	10	6654
1995	11	11646
1995	12	8334
1996	1	30277
1996	2	20118
1996	3	22000
1996	4	16776
1996	5	21647
1996	6	5796
1996	7	6206
1996	8	3442
1996	9	13930
1996	10	17109
1996	11	21267
1996	12	27422
1997	1	7978
1997	2	15199
1997	3	23187
1997	4	9422
1997	5	8467
1997	6	7024
1997	7	1917
1997	8	2606
1997	9	2078
1997	10	2229
1997	11	14804
1997	12	9379
1998	1	23335
1998	2	19322
1998	3	22670
1998	4	24212
1998	5	20457
1998	6	4707
1998	7	2747
1998	8	1403
1998	9	1032
1998	10	1578
1998	11	1293
1998	12	1756
1999	1	13461
1999	2	12642
1999	3	16940
1999	4	17676
1999	5	5165
1999	6	1807
1999	7	1487
1999	8	1257
1999	9	4183
1999	10	4020
1999	11	5428
1999	12	9618
2000	1	6295
2000	2	11575
2000	3	18080
2000	4	23779
2000	5	10417
2000	6	10259
2000	7	3232
2000	8	3180
2000	9	1824
2000	10	3302
2000	11	3023
2000	12	7299
2001	1	2923
2001	2	9975
2001	3	14376
2001	4	19168
2001	5	5227
2001	6	5804
2001	7	2477
2001	8	1572
2001	9	3406
2001	10	2773
2001	11	3068
2001	12	10754
2002	1	4991
2002	2	12072
2002	3	14249
2002	4	13395
2002	5	26048
2002	6	14573
2002	7	2662
2002	8	1329
2002	9	1653
2002	10	5522
2002	11	8541
2002	12	10264
2003	1	12172
2003	2	6566
2003	3	29345
2003	4	18138
2003	5	10482
2003	6	17929
2003	7	7469
2003	8	16147
2003	9	17408
2003	10	13142
2003	11	21054
2003	12	22691
2004	1	17575
2004	2	5182
2004	3	27414
2004	4	20213
2004	5	18735
2004	6	6983
2004	7	12261
2004	8	12512
2004	9	34921
2004	10	8523
2004	11	10614
2004	12	22222
2005	1	27562
2005	2	13310
2005	3	16134
2005	4	22554
2005	5	4378
2005	6	2813
2005	7	2256
2005	8	1137
2005	9	1974
2005	10	6029
2005	11	10432
2005	12	15409
2006	1	24412
2006	2	13057
2006	3	6482
2006	4	7902
2006	5	7183
2006	6	9570
2006	7	8078
2006	8	3899
2006	9	11655
2006	10	11607
2006	11	19677
2006	12	8527
2007	1	19909
2007	2	4632
2007	3	27980
2007	4	15729
2007	5	10165
2007	6	3277
2007	7	1485
2007	8	2342
2007	9	1242
2007	10	1266
2007	11	5203
2007	12	13592
2008	1	12567
2008	2	20970
2008	3	33643
2008	4	13780
2008	5	13024
2008	6	3748
2008	7	2792
2008	8	1382
2008	9	1666
2008	10	1681
2008	11	2361
2008	12	13773
2009	1	7533
2009	2	13292
2009	3	15705
2009	4	11457
2009	5	9192
2009	6	7207
2009	7	4628
2009	8	8198
2009	9	2680
2009	10	9181
2009	11	7876
2009	12	14456
2010	1	19571
2010	2	7996
2010	3	20941
2010	4	9999
2010	5	10011
2010	6	4586
2010	7	2178
2010	8	1892
2010	9	1122
2010	10	7992
2010	11	8237
2010	12	23150
2011	1	3797
2011	2	10484
2011	3	45225
2011	4	44343
2011	5	28293
2011	6	6572
2011	7	1802
2011	8	3379
2011	9	22459
2011	10	22051
2011	11	15161
2011	12	19748
2012	1	18384
2012	2	11669
2012	3	15271
2012	4	5744
2012	5	15155
2012	6	7921
2012	7	2466
2012	8	2522
2012	9	2757
2012	10	3811
2012	11	7746
2012	12	12580
2013	1	13434
2013	2	15859
2013	3	11431
2013	4	15868
2013	5	9515
2013	6	7499
2013	7	9748
2013	8	2385
2013	9	1774
2013	10	1989
2013	11	4321
2013	12	12565
2014	1	10616
2014	2	7825
2014	3	15968
2014	4	21312
2014	5	22286
2014	6	8714
2014	7	3762
2014	8	5467
2014	9	2545
2014	10	2947
2014	11	2770
2014	12	9634
2015	1	6009
2015	2	2989
2015	3	16274
2015	4	29000
2015	5	6137
2015	6	10049
2015	7	17295
2015	8	3420
2015	9	1621
