1940	1	84
1940	2	59
1940	3	443
1940	4	1630
1940	5	423
1940	6	219
1940	7	43
1940	8	25
1940	9	55
1940	10	27
1940	11	141
1940	12	371
1941	1	192
1941	2	74
1941	3	235
1941	4	730
1941	5	74
1941	6	62
1941	7	64
1941	8	31
1941	9	11
1941	10	15
1941	11	77
1941	12	400
1942	1	154
1942	2	216
1942	3	752
1942	4	369
1942	5	463
1942	6	109
1942	7	86
1942	8	41
1942	9	143
1942	10	333
1942	11	345
1942	12	412
1943	1	294
1943	2	383
1943	3	627
1943	4	586
1943	5	622
1943	6	203
1943	7	56
1943	8	32
1943	9	13
1943	10	230
1943	11	569
1943	12	97
1944	1	69
1944	2	96
1944	3	529
1944	4	566
1944	5	568
1944	6	231
1944	7	66
1944	8	17
1944	9	20
1944	10	39
1944	11	46
1944	12	138
1945	1	178
1945	2	192
1945	3	1143
1945	4	357
1945	5	790
1945	6	392
1945	7	57
1945	8	40
1945	9	110
1945	10	199
1945	11	725
1945	12	366
1946	1	429
1946	2	126
1946	3	789
1946	4	132
1946	5	911
1946	6	288
1946	7	166
1946	8	176
1946	9	78
1946	10	360
1946	11	145
1946	12	94
1947	1	441
1947	2	257
1947	3	397
1947	4	671
1947	5	669
1947	6	232
1947	7	436
1947	8	347
1947	9	225
1947	10	51
1947	11	246
1947	12	151
1948	1	101
1948	2	214
1948	3	868
1948	4	957
1948	5	468
1948	6	109
1948	7	66
1948	8	36
1948	9	13
1948	10	31
1948	11	424
1948	12	394
1949	1	582
1949	2	466
1949	3	293
1949	4	506
1949	5	306
1949	6	97
1949	7	33
1949	8	37
1949	9	81
1949	10	103
1949	11	219
1949	12	391
1950	1	559
1950	2	196
1950	3	575
1950	4	850
1950	5	325
1950	6	318
1950	7	76
1950	8	73
1950	9	204
1950	10	103
1950	11	677
1950	12	650
1951	1	434
1951	2	530
1951	3	781
1951	4	637
1951	5	134
1951	6	148
1951	7	56
1951	8	18
1951	9	15
1951	10	16
1951	11	123
1951	12	495
1952	1	582
1952	2	472
1952	3	771
1952	4	696
1952	5	469
1952	6	111
1952	7	65
1952	8	83
1952	9	44
1952	10	28
1952	11	389
1952	12	630
1953	1	449
1953	2	302
1953	3	603
1953	4	412
1953	5	503
1953	6	221
1953	7	40
1953	8	30
1953	9	16
1953	10	25
1953	11	181
1953	12	348
1954	1	141
1954	2	476
1954	3	627
1954	4	404
1954	5	574
1954	6	204
1954	7	42
1954	8	30
1954	9	35
1954	10	24
1954	11	61
1954	12	286
1955	1	243
1955	2	199
1955	3	800
1955	4	280
1955	5	119
1955	6	38
1955	7	19
1955	8	102
1955	9	78
1955	10	883
1955	11	404
1955	12	108
1956	1	56
1956	2	178
1956	3	678
1956	4	862
1956	5	273
1956	6	127
1956	7	225
1956	8	155
1956	9	146
1956	10	192
1956	11	743
1956	12	522
1957	1	305
1957	2	254
1957	3	460
1957	4	979
1957	5	183
1957	6	97
1957	7	83
1957	8	33
1957	9	32
1957	10	46
1957	11	166
1957	12	640
1958	1	260
1958	2	185
1958	3	446
1958	4	1331
1958	5	481
1958	6	117
1958	7	154
1958	8	91
1958	9	144
1958	10	153
1958	11	194
1958	12	158
1959	1	301
1959	2	197
1959	3	540
1959	4	858
1959	5	219
1959	6	54
1959	7	70
1959	8	45
1959	9	54
1959	10	241
1959	11	629
1959	12	622
1960	1	269
1960	2	378
1960	3	393
1960	4	790
1960	5	701
1960	6	389
1960	7	90
1960	8	53
1960	9	136
1960	10	74
1960	11	134
1960	12	88
1961	1	62
1961	2	477
1961	3	670
1961	4	839
1961	5	405
1961	6	125
1961	7	83
1961	8	72
1961	9	35
1961	10	20
1961	11	86
1961	12	98
1962	1	321
1962	2	128
1962	3	670
1962	4	934
1962	5	127
1962	6	46
1962	7	16
1962	8	18
1962	9	17
1962	10	120
1962	11	282
1962	12	201
1963	1	160
1963	2	74
1963	3	778
1963	4	353
1963	5	453
1963	6	141
1963	7	40
1963	8	17
1963	9	14
1963	10	16
1963	11	54
1963	12	101
1964	1	335
1964	2	170
1964	3	1163
1964	4	580
1964	5	299
1964	6	37
1964	7	16
1964	8	9
1964	9	5
1964	10	7
1964	11	13
1964	12	26
1965	1	36
1965	2	320
1965	3	212
1965	4	455
1965	5	275
1965	6	94
1965	7	34
1965	8	19
1965	9	16
1965	10	90
1965	11	99
1965	12	107
1966	1	164
1966	2	377
1966	3	776
1966	4	284
1966	5	568
1966	6	118
1966	7	37
1966	8	15
1966	9	38
1966	10	29
1966	11	325
1966	12	286
1967	1	159
1967	2	177
1967	3	605
1967	4	502
1967	5	568
1967	6	150
1967	7	217
1967	8	159
1967	9	108
1967	10	455
1967	11	471
1967	12	352
1968	1	139
1968	2	240
1968	3	590
1968	4	282
1968	5	458
1968	6	320
1968	7	78
1968	8	32
1968	9	105
1968	10	66
1968	11	508
1968	12	255
1969	1	110
1969	2	78
1969	3	159
1969	4	492
1969	5	263
1969	6	198
1969	7	113
1969	8	92
1969	9	18
1969	10	23
1969	11	410
1969	12	397
1970	1	117
1970	2	413
1970	3	320
1970	4	1107
1970	5	298
1970	6	124
1970	7	100
1970	8	95
1970	9	49
1970	10	327
1970	11	760
1970	12	207
1971	1	97
1971	2	441
1971	3	635
1971	4	659
1971	5	328
1971	6	71
1971	7	29
1971	8	24
1971	9	155
1971	10	137
1971	11	208
1971	12	465
1972	1	293
1972	2	125
1972	3	970
1972	4	799
1972	5	585
1972	6	1487
1972	7	344
1972	8	66
1972	9	26
1972	10	33
1972	11	505
1972	12	721
1973	1	254
1973	2	548
1973	3	765
1973	4	597
1973	5	599
1973	6	252
1973	7	245
1973	8	196
1973	9	255
1973	10	169
1973	11	323
1973	12	845
1974	1	417
1974	2	370
1974	3	542
1974	4	660
1974	5	401
1974	6	86
1974	7	118
1974	8	33
1974	9	110
1974	10	60
1974	11	196
1974	12	500
1975	1	357
1975	2	616
1975	3	407
1975	4	234
1975	5	372
1975	6	381
1975	7	75
1975	8	42
1975	9	775
1975	10	408
1975	11	309
1975	12	372
1976	1	349
1976	2	775
1976	3	495
1976	4	324
1976	5	220
1976	6	421
1976	7	189
1976	8	147
1976	9	60
1976	10	471
1976	11	213
1976	12	175
1977	1	51
1977	2	197
1977	3	1073
1977	4	722
1977	5	246
1977	6	110
1977	7	142
1977	8	66
1977	9	266
1977	10	546
1977	11	630
1977	12	509
1978	1	767
1978	2	206
1978	3	865
1978	4	907
1978	5	733
1978	6	357
1978	7	75
1978	8	141
1978	9	123
1978	10	103
1978	11	194
1978	12	289
1979	1	772
1979	2	200
1979	3	1079
1979	4	452
1979	5	254
1979	6	118
1979	7	39
1979	8	90
1979	9	303
1979	10	450
1979	11	536
1979	12	313
1980	1	192
1980	2	60
1980	3	676
1980	4	871
1980	5	269
1980	6	68
1980	7	34
1980	8	16
1980	9	9
1980	10	23
1980	11	54
1980	12	117
1981	1	40
1981	2	1082
1981	3	182
1981	4	318
1981	5	321
1981	6	302
1981	7	139
1981	8	49
1981	9	66
1981	10	180
1981	11	193
1981	12	135
1982	1	207
1982	2	253
1982	3	591
1982	4	702
1982	5	193
1982	6	700
1982	7	104
1982	8	46
1982	9	27
1982	10	22
1982	11	73
1982	12	140
1983	1	97
1983	2	384
1983	3	504
1983	4	1025
1983	5	717
1983	6	298
1983	7	88
1983	8	39
1983	9	13
1983	10	28
1983	11	332
1983	12	764
1984	1	97
1984	2	1011
1984	3	330
1984	4	1291
1984	5	695
1984	6	250
1984	7	278
1984	8	181
1984	9	49
1984	10	34
1984	11	166
1984	12	380
1985	1	163
1985	2	197
1985	3	328
1985	4	269
1985	5	132
1985	6	195
1985	7	82
1985	8	65
1985	9	72
1985	10	80
1985	11	421
1985	12	336
1986	1	225
1986	2	203
1986	3	754
1986	4	484
1986	5	249
1986	6	434
1986	7	76
1986	8	67
1986	9	35
1986	10	93
1986	11	519
1986	12	565
1987	1	186
1987	2	68
1987	3	445
1987	4	634
1987	5	127
1987	6	61
1987	7	113
1987	8	30
1987	9	241
1987	10	203
1987	11	234
1987	12	274
1988	1	73
1988	2	333
1988	3	407
1988	4	218
1988	5	457
1988	6	76
1988	7	35
1988	8	134
1988	9	136
1988	10	86
1988	11	324
1988	12	113
1989	1	107
1989	2	131
1989	3	376
1989	4	414
1989	5	661
1989	6	498
1989	7	147
1989	8	38
1989	9	81
1989	10	265
1989	11	285
1989	12	90
1990	1	251
1990	2	676
1990	3	263
1990	4	349
1990	5	313
1990	6	167
1990	7	357
1990	8	194
1990	9	169
1990	10	982
1990	11	407
1990	12	708
1991	1	397
1991	2	382
1991	3	602
1991	4	335
1991	5	159
1991	6	17
1991	7	20
1991	8	34
1991	9	15
1991	10	36
1991	11	107
1991	12	230
1992	1	308
1992	2	133
1992	3	545
1992	4	562
1992	5	197
1992	6	299
1992	7	228
1992	8	90
1992	9	172
1992	10	198
1992	11	670
1992	12	326
1993	1	482
1993	2	44
1993	3	633
1993	4	1783
1993	5	321
1993	6	56
1993	7	20
1993	8	35
1993	9	58
1993	10	88
1993	11	447
1993	12	478
1994	1	148
1994	2	305
1994	3	734
1994	4	1167
1994	5	193
1994	6	105
1994	7	185
1994	8	812
1994	9	329
1994	10	210
1994	11	316
1994	12	487
1995	1	653
1995	2	105
1995	3	277
1995	4	287
1995	5	131
1995	6	105
1995	7	71
1995	8	17
1995	9	16
1995	10	353
1995	11	418
1995	12	168
1996	1	1094
1996	2	656
1996	3	615
1996	4	804
1996	5	673
1996	6	125
1996	7	64
1996	8	45
1996	9	477
1996	10	569
1996	11	536
1996	12	1002
1997	1	192
1997	2	337
1997	3	627
1997	4	232
1997	5	196
1997	6	98
1997	7	31
1997	8	54
1997	9	81
1997	10	59
1997	11	371
1997	12	227
1998	1	646
1998	2	684
1998	3	667
1998	4	540
1998	5	510
1998	6	119
1998	7	84
1998	8	22
1998	9	12
1998	10	28
1998	11	29
1998	12	33
1999	1	449
1999	2	282
1999	3	579
1999	4	426
1999	5	117
1999	6	56
1999	7	33
1999	8	17
1999	9	341
1999	10	284
1999	11	324
1999	12	403
2000	1	259
2000	2	393
2000	3	594
2000	4	770
2000	5	343
2000	6	248
2000	7	71
2000	8	52
2000	9	18
2000	10	26
2000	11	31
2000	12	252
2001	1	60
2001	2	112
2001	3	345
2001	4	677
2001	5	124
2001	6	113
2001	7	62
2001	8	50
2001	9	250
2001	10	129
2001	11	144
2001	12	387
2002	1	152
2002	2	366
2002	3	422
2002	4	323
2002	5	526
2002	6	192
2002	7	57
2002	8	21
2002	9	58
2002	10	283
2002	11	386
2002	12	329
2003	1	256
2003	2	164
2003	3	926
2003	4	547
2003	5	237
2003	6	541
2003	7	214
2003	8	512
2003	9	482
2003	10	390
2003	11	630
2003	12	683
2004	1	350
2004	2	81
2004	3	629
2004	4	395
2004	5	440
2004	6	112
2004	7	533
2004	8	357
2004	9	807
2004	10	252
2004	11	338
2004	12	597
2005	1	623
2005	2	332
2005	3	464
2005	4	760
2005	5	102
2005	6	65
2005	7	45
2005	8	70
2005	9	92
2005	10	389
2005	11	570
2005	12	379
2006	1	799
2006	2	423
2006	3	151
2006	4	148
2006	5	186
2006	6	479
2006	7	195
2006	8	61
2006	9	269
2006	10	241
2006	11	467
2006	12	276
2007	1	520
2007	2	101
2007	3	704
2007	4	448
2007	5	276
2007	6	59
2007	7	20
2007	8	33
2007	9	22
2007	10	38
2007	11	204
2007	12	508
2008	1	381
2008	2	601
2008	3	961
2008	4	363
2008	5	279
2008	6	68
2008	7	94
2008	8	31
2008	9	25
2008	10	37
2008	11	50
2008	12	312
2009	1	164
2009	2	251
2009	3	414
2009	4	390
2009	5	336
2009	6	141
2009	7	89
2009	8	107
2009	9	52
2009	10	254
2009	11	235
2009	12	422
2010	1	591
2010	2	181
2010	3	441
2010	4	303
2010	5	208
2010	6	80
2010	7	42
2010	8	56
2010	9	60
2010	10	392
2010	11	385
2010	12	654
2011	1	92
2011	2	193
2011	3	1389
2011	4	1733
2011	5	871
2011	6	149
2011	7	26
2011	8	50
2011	9	1159
2011	10	771
2011	11	335
2011	12	532
2012	1	470
2012	2	227
2012	3	352
2012	4	114
2012	5	394
2012	6	200
2012	7	40
2012	8	40
2012	9	148
2012	10	254
2012	11	242
2012	12	406
2013	1	524
2013	2	309
2013	3	361
2013	4	376
2013	5	242
2013	6	187
2013	7	378
2013	8	36
2013	9	19
2013	10	32
2013	11	98
2013	12	373
2014	1	350
2014	2	98
2014	3	406
2014	4	660
2014	5	549
2014	6	182
2014	7	62
2014	8	158
2014	9	71
2014	10	112
2014	11	81
2014	12	345
2015	1	179
2015	2	61
2015	3	209
2015	4	830
2015	5	140
2015	6	305
2015	8	132
2015	9	48
