1940	1	87
1940	2	108
1940	3	1010
1940	4	1768
1940	5	609
1940	6	396
1940	7	176
1940	8	110
1940	9	118
1940	10	72
1940	11	192
1940	12	361
1941	1	335
1941	2	167
1941	3	573
1941	4	770
1941	5	178
1941	6	225
1941	7	122
1941	8	91
1941	9	62
1941	10	54
1941	11	119
1941	12	382
1942	1	317
1942	2	424
1942	3	1009
1942	4	1063
1942	5	988
1942	6	345
1942	7	163
1942	8	112
1942	9	102
1942	10	270
1942	11	347
1942	12	801
1943	1	774
1943	2	603
1943	3	736
1943	4	932
1943	5	593
1943	6	416
1943	7	146
1943	8	104
1943	9	65
1943	10	224
1943	11	574
1943	12	150
1944	1	324
1944	2	243
1944	3	955
1944	4	734
1944	5	1087
1944	6	581
1944	7	199
1944	8	83
1944	9	64
1944	10	85
1944	11	60
1944	12	105
1945	1	128
1945	2	376
1945	3	1461
1945	4	691
1945	5	1054
1945	6	479
1945	7	200
1945	8	137
1945	9	344
1945	10	416
1945	11	931
1945	12	794
1946	1	578
1946	2	293
1946	3	1122
1946	4	329
1946	5	970
1946	6	851
1946	7	197
1946	8	223
1946	9	110
1946	10	321
1946	11	228
1946	12	165
1947	1	535
1947	2	359
1947	3	543
1947	4	596
1947	5	888
1947	6	610
1947	7	313
1947	8	156
1947	9	112
1947	10	76
1947	11	238
1947	12	156
1948	1	231
1948	2	430
1948	3	877
1948	4	1480
1948	5	951
1948	6	298
1948	7	142
1948	8	87
1948	9	54
1948	10	81
1948	11	388
1948	12	578
1949	1	1037
1949	2	725
1949	3	464
1949	4	781
1949	5	410
1949	6	191
1949	7	111
1949	8	75
1949	9	70
1949	10	62
1949	11	67
1949	12	227
1950	1	628
1950	2	723
1950	3	884
1950	4	849
1950	5	440
1950	6	450
1950	7	166
1950	8	114
1950	9	98
1950	10	163
1950	11	1077
1950	12	1351
1951	1	772
1951	2	934
1951	3	993
1951	4	1194
1951	5	372
1951	6	673
1951	7	196
1951	8	116
1951	9	71
1951	10	60
1951	11	148
1951	12	436
1952	1	930
1952	2	679
1952	3	1178
1952	4	1097
1952	5	817
1952	6	303
1952	7	108
1952	8	90
1952	9	111
1952	10	57
1952	11	315
1952	12	514
1953	1	710
1953	2	514
1953	3	907
1953	4	706
1953	5	1161
1953	6	822
1953	7	139
1953	8	105
1953	9	56
1953	10	46
1953	11	94
1953	12	191
1954	1	208
1954	2	360
1954	3	1009
1954	4	678
1954	5	959
1954	6	336
1954	7	144
1954	8	93
1954	9	54
1954	10	140
1954	11	153
1954	12	342
1955	1	382
1955	2	343
1955	3	914
1955	4	501
1955	5	283
1955	6	159
1955	7	87
1955	8	365
1955	9	123
1955	10	756
1955	11	530
1955	12	212
1956	1	157
1956	2	712
1956	3	870
1956	4	796
1956	5	715
1956	6	288
1956	7	262
1956	8	331
1956	9	459
1956	10	287
1956	11	1112
1956	12	800
1957	1	456
1957	2	464
1957	3	680
1957	4	1447
1957	5	330
1957	6	191
1957	7	128
1957	8	55
1957	9	68
1957	10	65
1957	11	108
1957	12	536
1958	1	497
1958	2	382
1958	3	946
1958	4	1213
1958	5	787
1958	6	339
1958	7	161
1958	8	171
1958	9	93
1958	10	74
1958	11	100
1958	12	134
1959	1	409
1959	2	438
1959	3	590
1959	4	807
1959	5	446
1959	6	154
1959	7	116
1959	8	107
1959	9	81
1959	10	222
1959	11	499
1959	12	662
1960	1	526
1960	2	499
1960	3	605
1960	4	1335
1960	5	1100
1960	6	454
1960	7	257
1960	8	96
1960	9	135
1960	10	87
1960	11	94
1960	12	74
1961	1	101
1961	2	809
1961	3	1078
1961	4	1314
1961	5	678
1961	6	273
1961	7	170
1961	8	112
1961	9	60
1961	10	52
1961	11	100
1961	12	120
1962	1	291
1962	2	428
1962	3	1108
1962	4	1352
1962	5	253
1962	6	107
1962	7	57
1962	8	45
1962	9	56
1962	10	138
1962	11	262
1962	12	185
1963	1	251
1963	2	148
1963	3	1304
1963	4	409
1963	5	566
1963	6	318
1963	7	162
1963	8	77
1963	9	73
1963	10	46
1963	11	121
1963	12	215
1964	1	551
1964	2	370
1964	3	1564
1964	4	872
1964	5	618
1964	6	158
1964	7	85
1964	8	56
1964	9	36
1964	10	43
1964	11	53
1964	12	59
1965	1	109
1965	2	316
1965	3	557
1965	4	710
1965	5	345
1965	6	122
1965	7	57
1965	8	58
1965	9	44
1965	10	79
1965	11	53
1965	12	62
1966	1	126
1966	2	510
1966	3	768
1966	4	348
1966	5	660
1966	6	196
1966	7	72
1966	8	37
1966	9	68
1966	10	65
1966	11	185
1966	12	382
1967	1	231
1967	2	309
1967	3	1166
1967	4	723
1967	5	835
1967	6	277
1967	7	290
1967	8	358
1967	9	139
1967	10	466
1967	11	517
1967	12	511
1968	1	305
1968	2	502
1968	3	668
1968	4	359
1968	5	455
1968	6	681
1968	7	181
1968	8	87
1968	9	147
1968	10	89
1968	11	499
1968	12	375
1969	1	219
1969	2	267
1969	3	207
1969	4	446
1969	5	332
1969	6	162
1969	7	162
1969	8	232
1969	9	128
1969	10	86
1969	11	297
1969	12	422
1970	1	287
1970	2	818
1970	3	737
1970	4	1594
1970	5	444
1970	6	254
1970	7	201
1970	8	115
1970	9	80
1970	10	148
1970	11	887
1970	12	531
1971	1	351
1971	2	923
1971	3	994
1971	4	606
1971	5	406
1971	6	176
1971	7	115
1971	8	132
1971	9	144
1971	10	144
1971	11	184
1971	12	578
1972	1	331
1972	2	365
1972	3	1607
1972	4	795
1972	5	744
1972	6	2844
1972	7	638
1972	8	192
1972	9	106
1972	10	90
1972	11	404
1972	12	1251
1973	1	549
1973	2	885
1973	3	721
1973	4	925
1973	5	801
1973	6	530
1973	7	192
1973	8	123
1973	9	140
1973	10	196
1973	11	295
1973	12	1181
1974	1	866
1974	2	503
1974	3	785
1974	4	1060
1974	5	443
1974	6	289
1974	7	323
1974	8	182
1974	9	197
1974	10	102
1974	11	193
1974	12	851
1975	1	647
1975	2	1149
1975	3	1025
1975	4	485
1975	5	528
1975	6	636
1975	7	251
1975	8	123
1975	9	642
1975	10	502
1975	11	571
1975	12	432
1976	1	577
1976	2	914
1976	3	459
1976	4	356
1976	5	285
1976	6	456
1976	7	299
1976	8	181
1976	9	130
1976	10	1115
1976	11	439
1976	12	313
1977	1	129
1977	2	367
1977	3	1373
1977	4	960
1977	5	304
1977	6	208
1977	7	376
1977	8	185
1977	9	191
1977	10	939
1977	11	1567
1977	12	1035
1978	1	1155
1978	2	435
1978	3	1461
1978	4	1108
1978	5	1792
1978	6	378
1978	7	217
1978	8	255
1978	9	130
1978	10	93
1978	11	90
1978	12	257
1979	1	1111
1979	2	762
1979	3	1594
1979	4	741
1979	5	737
1979	6	429
1979	7	237
1979	8	389
1979	9	1294
1979	10	928
1979	11	802
1979	12	598
1980	1	383
1980	2	216
1980	3	844
1980	4	1443
1980	5	570
1980	6	217
1980	7	112
1980	8	72
1980	9	62
1980	10	66
1980	11	90
1980	12	117
1981	1	75
1981	2	1474
1981	3	439
1981	4	506
1981	5	412
1981	6	650
1981	7	336
1981	8	136
1981	9	107
1981	10	130
1981	11	156
1981	12	149
1982	1	236
1982	2	394
1982	3	1195
1982	4	975
1982	5	294
1982	6	1064
1982	7	236
1982	8	121
1982	9	90
1982	10	68
1982	11	110
1982	12	184
1983	1	182
1983	2	528
1983	3	739
1983	4	1359
1983	5	1167
1983	6	692
1983	7	273
1983	8	118
1983	9	66
1983	10	104
1983	11	351
1983	12	1101
1984	1	274
1984	2	1696
1984	3	706
1984	4	1426
1984	5	536
1984	6	873
1984	7	489
1984	8	683
1984	9	184
1984	10	113
1984	11	171
1984	12	528
1985	1	279
1985	2	465
1985	3	582
1985	4	719
1985	5	358
1985	6	200
1985	7	113
1985	8	88
1985	9	67
1985	10	59
1985	11	577
1985	12	546
1986	1	343
1986	2	651
1986	3	1137
1986	4	758
1986	5	335
1986	6	227
1986	7	223
1986	8	137
1986	9	99
1986	10	124
1986	11	587
1986	12	834
1987	1	408
1987	2	262
1987	3	654
1987	4	916
1987	5	418
1987	6	202
1987	7	144
1987	8	95
1987	9	248
1987	10	223
1987	11	306
1987	12	405
1988	1	203
1988	2	567
1988	3	523
1988	4	416
1988	5	890
1988	6	240
1988	7	108
1988	8	112
1988	9	124
1988	10	82
1988	11	281
1988	12	168
1989	1	277
1989	2	347
1989	3	520
1989	4	524
1989	5	1105
1989	6	628
1989	7	759
1989	8	241
1989	9	120
1989	10	288
1989	11	380
1989	12	168
1990	1	340
1990	2	814
1990	3	309
1990	4	443
1990	5	707
1990	6	618
1990	7	393
1990	8	295
1990	9	258
1990	10	1355
1990	11	583
1990	12	1025
1991	1	770
1991	2	576
1991	3	910
1991	4	631
1991	5	332
1991	6	129
1991	7	82
1991	8	78
1991	9	87
1991	10	70
1991	11	137
1991	12	234
1992	1	200
1992	2	196
1992	3	788
1992	4	715
1992	5	417
1992	6	330
1992	7	190
1992	8	147
1992	9	119
1992	10	108
1992	11	442
1992	12	547
1993	1	730
1993	2	221
1993	3	1251
1993	4	2855
1993	5	584
1993	6	181
1993	7	106
1993	8	87
1993	9	110
1993	10	113
1993	11	576
1993	12	707
1994	1	393
1994	2	973
1994	3	1708
1994	4	1776
1994	5	478
1994	6	228
1994	7	159
1994	8	434
1994	9	274
1994	10	205
1994	11	361
1994	12	708
1995	1	965
1995	2	280
1995	3	418
1995	4	278
1995	5	274
1995	6	316
1995	7	176
1995	8	77
1995	9	55
1995	10	291
1995	11	518
1995	12	353
1996	1	1626
1996	2	851
1996	3	1001
1996	4	719
1996	5	773
1996	6	360
1996	7	248
1996	8	172
1996	9	1053
1996	10	978
1996	11	737
1996	12	1358
1997	1	337
1997	2	553
1997	3	664
1997	4	335
1997	5	250
1997	6	366
1997	7	125
1997	8	135
1997	9	159
1997	10	114
1997	11	616
1997	12	365
1998	1	1199
1998	2	1282
1998	3	1356
1998	4	1200
1998	5	1202
1998	6	226
1998	7	119
1998	8	97
1998	9	62
1998	10	73
1998	11	57
1998	12	46
1999	1	515
1999	2	329
1999	3	731
1999	4	619
1999	5	311
1999	6	132
1999	7	71
1999	8	141
1999	9	294
1999	10	292
1999	11	291
1999	12	453
2000	1	232
2000	2	494
2000	3	759
2000	4	941
2000	5	388
2000	6	366
2000	7	174
2000	8	108
2000	9	90
2000	10	81
2000	11	87
2000	12	169
2001	1	125
2001	2	258
2001	3	679
2001	4	832
2001	5	322
2001	6	275
2001	7	117
2001	8	87
2001	9	96
2001	10	72
2001	11	82
2001	12	217
2002	1	182
2002	2	323
2002	3	580
2002	4	513
2002	5	1022
2002	6	682
2002	7	177
2002	8	87
2002	9	91
2002	10	272
2002	11	495
2002	12	607
2003	1	675
2003	2	352
2003	3	1260
2003	4	970
2003	5	453
2003	6	811
2003	7	363
2003	8	605
2003	9	1212
2003	10	586
2003	11	922
2003	12	1190
2004	1	767
2004	2	255
2004	3	1034
2004	4	973
2004	5	611
2004	6	303
2004	7	349
2004	8	553
2004	9	1649
2004	10	472
2004	11	510
2004	12	1036
2005	1	1133
2005	2	525
2005	3	855
2005	4	1069
2005	5	225
2005	6	122
2005	7	98
2005	8	61
2005	9	53
2005	10	157
2005	11	340
2005	12	498
2006	1	999
2006	2	700
2006	3	234
2006	4	275
2006	5	275
2006	6	600
2006	7	406
2006	8	197
2006	9	656
2006	10	246
2006	11	716
2006	12	400
2007	1	641
2007	2	193
2007	3	1081
2007	4	605
2007	5	387
2007	6	156
2007	7	83
2007	8	84
2007	9	56
2007	10	55
2007	11	133
2007	12	314
2008	1	409
2008	2	831
2008	3	1649
2008	4	551
2008	5	854
2008	6	299
2008	7	139
2008	8	80
2008	9	122
2008	10	103
2008	11	121
2008	12	556
2009	1	362
2009	2	416
2009	3	351
2009	4	755
2009	5	462
2009	6	398
2009	7	237
2009	8	245
2009	9	162
2009	10	657
2009	11	437
2009	12	760
2010	1	898
2010	2	419
2010	3	1199
2010	4	455
2010	5	302
2010	6	168
2010	7	100
2010	8	119
2010	9	107
2010	10	391
2010	11	303
2010	12	1059
2011	1	175
2011	2	442
2011	3	2262
2011	4	1847
2011	5	2193
2011	6	528
2011	7	155
2011	8	131
2011	9	1153
2011	10	1246
2011	11	821
2011	12	1125
2012	1	694
2012	2	421
2012	3	422
2012	4	266
2012	5	908
2012	6	576
2012	7	203
2012	8	154
2012	9	142
2012	10	307
2012	11	401
2012	12	480
2013	1	638
2013	2	681
2013	3	503
2013	4	698
2013	5	409
2013	6	271
2013	7	349
2013	8	128
2013	9	71
2013	10	100
2013	11	112
2013	12	434
2014	1	377
2014	2	434
2014	3	657
2014	4	790
2014	5	1228
2014	6	435
2014	7	234
2014	8	453
2014	9	139
2014	10	219
2014	11	144
2014	12	440
2015	1	311
2015	2	228
2015	3	764
2015	4	892
2015	5	303
2015	6	342
2015	7	568
2015	8	188
2015	9	108
