1940	1	73
1940	2	163
1940	3	688
1940	4	1149
1940	5	298
1940	6	235
1940	7	53
1940	8	58
1940	9	86
1940	10	48
1940	11	207
1940	12	390
1941	1	233
1941	2	143
1941	3	429
1941	4	451
1941	5	88
1941	6	170
1941	7	91
1941	8	33
1941	9	22
1941	10	21
1941	11	44
1941	12	206
1942	1	156
1942	2	281
1942	3	589
1942	4	847
1942	5	836
1942	6	478
1942	7	235
1942	8	531
1942	9	116
1942	10	642
1942	11	308
1942	12	679
1943	1	426
1943	2	511
1943	3	467
1943	4	514
1943	5	818
1943	6	195
1943	7	68
1943	8	61
1943	9	25
1943	10	153
1943	11	307
1943	12	70
1944	1	318
1944	2	200
1944	3	738
1944	4	616
1944	5	565
1944	6	212
1944	7	45
1944	8	30
1944	9	36
1944	10	96
1944	11	59
1944	12	222
1945	1	219
1945	2	421
1945	3	621
1945	4	462
1945	5	616
1945	6	165
1945	7	98
1945	8	155
1945	9	304
1945	10	96
1945	11	621
1945	12	478
1946	1	484
1946	2	195
1946	3	674
1946	4	201
1946	5	685
1946	6	658
1946	7	113
1946	8	100
1946	9	73
1946	10	185
1946	11	101
1946	12	107
1947	1	360
1947	2	210
1947	3	330
1947	4	319
1947	5	547
1947	6	314
1947	7	148
1947	8	125
1947	9	87
1947	10	47
1947	11	524
1947	12	168
1948	1	195
1948	2	297
1948	3	427
1948	4	702
1948	5	806
1948	6	283
1948	7	107
1948	8	58
1948	9	30
1948	10	63
1948	11	255
1948	12	498
1949	1	510
1949	2	476
1949	3	230
1949	4	424
1949	5	172
1949	6	71
1949	7	134
1949	8	45
1949	9	36
1949	10	39
1949	11	43
1949	12	150
1950	1	266
1950	2	632
1950	3	531
1950	4	265
1950	5	339
1950	6	219
1950	7	83
1950	8	123
1950	9	53
1950	10	174
1950	11	677
1950	12	840
1951	1	593
1951	2	802
1951	3	575
1951	4	573
1951	5	180
1951	6	342
1951	7	105
1951	8	89
1951	9	50
1951	10	36
1951	11	162
1951	12	331
1952	1	678
1952	2	420
1952	3	1067
1952	4	947
1952	5	616
1952	6	149
1952	7	78
1952	8	77
1952	9	278
1952	10	45
1952	11	731
1952	12	491
1953	1	867
1953	2	397
1953	3	760
1953	4	461
1953	5	485
1953	6	382
1953	7	71
1953	8	101
1953	9	33
1953	10	30
1953	11	56
1953	12	181
1954	1	107
1954	2	309
1954	3	600
1954	4	354
1954	5	505
1954	6	101
1954	7	44
1954	8	56
1954	9	48
1954	10	136
1954	11	172
1954	12	386
1955	1	249
1955	2	265
1955	3	684
1955	4	321
1955	5	135
1955	6	150
1955	7	36
1955	8	470
1955	9	90
1955	10	500
1955	11	203
1955	12	99
1956	1	86
1956	2	557
1956	3	567
1956	4	567
1956	5	351
1956	6	124
1956	7	223
1956	8	180
1956	9	59
1956	10	150
1956	11	717
1956	12	560
1957	1	247
1957	2	395
1957	3	436
1957	4	631
1957	5	133
1957	6	71
1957	7	35
1957	8	22
1957	9	25
1957	10	49
1957	11	88
1957	12	489
1958	1	529
1958	2	367
1958	3	781
1958	4	702
1958	5	587
1958	6	126
1958	7	63
1958	8	46
1958	9	29
1958	10	35
1958	11	63
1958	12	55
1959	1	220
1959	2	211
1959	3	317
1959	4	464
1959	5	245
1959	6	120
1959	7	92
1959	8	80
1959	9	101
1959	10	146
1959	11	158
1959	12	308
1960	1	265
1960	2	338
1960	3	407
1960	4	728
1960	5	665
1960	6	273
1960	7	110
1960	8	57
1960	9	67
1960	10	32
1960	11	42
1960	12	32
1961	1	87
1961	2	583
1961	3	704
1961	4	934
1961	5	269
1961	6	141
1961	7	102
1961	8	82
1961	9	43
1961	10	25
1961	11	47
1961	12	87
1962	1	109
1962	2	338
1962	3	835
1962	4	799
1962	5	196
1962	6	62
1962	7	27
1962	8	25
1962	9	53
1962	10	239
1962	11	304
1962	12	187
1963	1	244
1963	2	130
1963	3	927
1963	4	190
1963	5	191
1963	6	158
1963	7	43
1963	8	29
1963	9	19
1963	10	18
1963	11	84
1963	12	90
1964	1	411
1964	2	242
1964	3	784
1964	4	630
1964	5	365
1964	6	80
1964	7	46
1964	8	38
1964	9	18
1964	10	28
1964	11	45
1964	12	123
1965	1	194
1965	2	412
1965	3	655
1965	4	318
1965	5	176
1965	6	48
1965	7	25
1965	8	68
1965	9	24
1965	10	66
1965	11	40
1965	12	41
1966	1	71
1966	2	538
1966	3	469
1966	4	229
1966	5	248
1966	6	54
1966	7	18
1966	8	34
1966	9	108
1966	10	65
1966	11	203
1966	12	195
1967	1	246
1967	2	240
1967	3	916
1967	4	339
1967	5	647
1967	6	87
1967	7	84
1967	8	123
1967	9	34
1967	10	198
1967	11	198
1967	12	469
1968	1	248
1968	2	280
1968	3	436
1968	4	189
1968	5	639
1968	6	394
1968	7	64
1968	8	29
1968	9	107
1968	10	42
1968	11	296
1968	12	214
1969	1	104
1969	2	116
1969	3	318
1969	4	263
1969	5	160
1969	6	71
1969	7	129
1969	8	127
1969	9	35
1969	10	36
1969	11	133
1969	12	244
1970	1	260
1970	2	773
1970	3	525
1970	4	1278
1970	5	297
1970	6	134
1970	7	337
1970	8	82
1970	9	43
1970	10	119
1970	11	924
1970	12	356
1971	1	308
1971	2	1140
1971	3	701
1971	4	183
1971	5	273
1971	6	86
1971	7	36
1971	8	39
1971	9	29
1971	10	137
1971	11	207
1971	12	658
1972	1	283
1972	2	428
1972	3	974
1972	4	617
1972	5	757
1972	6	1969
1972	7	388
1972	8	72
1972	9	50
1972	10	47
1972	11	304
1972	12	964
1973	1	449
1973	2	559
1973	3	370
1973	4	791
1973	5	592
1973	6	478
1973	7	155
1973	8	71
1973	9	297
1973	10	137
1973	11	122
1973	12	673
1974	1	611
1974	2	305
1974	3	387
1974	4	673
1974	5	310
1974	6	188
1974	7	93
1974	8	65
1974	9	55
1974	10	33
1974	11	52
1974	12	298
1975	1	376
1975	2	580
1975	3	738
1975	4	404
1975	5	451
1975	6	166
1975	7	60
1975	8	40
1975	9	476
1975	10	470
1975	11	309
1975	12	263
1976	1	392
1976	2	412
1976	3	341
1976	4	348
1976	5	191
1976	6	280
1976	7	82
1976	8	41
1976	9	55
1976	10	905
1976	11	223
1976	12	191
1977	1	118
1977	2	340
1977	3	958
1977	4	478
1977	5	93
1977	6	57
1977	7	59
1977	8	31
1977	9	39
1977	10	110
1977	11	604
1977	12	713
1978	1	781
1978	2	224
1978	3	1331
1978	4	415
1978	5	1195
1978	6	169
1978	7	186
1978	8	353
1978	9	68
1978	10	51
1978	11	60
1978	12	211
1979	1	859
1979	2	723
1979	3	932
1979	4	480
1979	5	402
1979	6	220
1979	7	141
1979	8	167
1979	9	338
1979	10	440
1979	11	522
1979	12	418
1980	1	260
1980	2	156
1980	3	699
1980	4	1013
1980	5	455
1980	6	131
1980	7	54
1980	8	44
1980	9	30
1980	10	40
1980	11	66
1980	12	42
1981	1	22
1981	2	1001
1981	3	224
1981	4	314
1981	5	225
1981	6	148
1981	7	96
1981	8	64
1981	9	99
1981	10	126
1981	11	130
1981	12	89
1982	1	224
1982	2	444
1982	3	570
1982	4	545
1982	5	174
1982	6	506
1982	7	76
1982	8	46
1982	9	38
1982	10	41
1982	11	74
1982	12	129
1983	1	136
1983	2	396
1983	3	657
1983	4	1125
1983	5	573
1983	6	189
1983	7	50
1983	8	32
1983	9	21
1983	10	59
1983	11	257
1983	12	731
1984	1	134
1984	2	1253
1984	3	586
1984	4	1033
1984	5	324
1984	6	142
1984	7	407
1984	8	280
1984	9	67
1984	10	57
1984	11	157
1984	12	314
1985	1	115
1985	2	423
1985	3	300
1985	4	363
1985	5	247
1985	6	154
1985	7	81
1985	8	43
1985	9	29
1985	10	34
1985	11	463
1985	12	334
1986	1	151
1986	2	556
1986	3	714
1986	4	518
1986	5	196
1986	6	76
1986	7	56
1986	8	33
1986	9	27
1986	10	35
1986	11	133
1986	12	401
1987	1	229
1987	2	151
1987	3	369
1987	4	720
1987	5	277
1987	6	80
1987	7	36
1987	8	28
1987	9	224
1987	10	83
1987	11	329
1987	12	291
1988	1	269
1988	2	387
1988	3	256
1988	4	224
1988	5	669
1988	6	108
1988	7	48
1988	8	45
1988	9	84
1988	10	43
1988	11	138
1988	12	87
1989	1	226
1989	2	168
1989	3	404
1989	4	248
1989	5	961
1989	6	615
1989	7	1187
1989	8	162
1989	9	66
1989	10	179
1989	11	177
1989	12	83
1990	1	304
1990	2	391
1990	3	146
1990	4	260
1990	5	487
1990	6	207
1990	7	117
1990	8	206
1990	9	84
1990	10	850
1990	11	222
1990	12	789
1991	1	588
1991	2	314
1991	3	538
1991	4	361
1991	5	175
1991	6	48
1991	7	33
1991	8	37
1991	9	27
1991	10	33
1991	11	47
1991	12	79
1992	1	88
1992	2	134
1992	3	520
1992	4	419
1992	5	227
1992	6	195
1992	7	63
1992	8	30
1992	9	43
1992	10	31
1992	11	308
1992	12	502
1993	1	401
1993	2	129
1993	3	1386
1993	4	1675
1993	5	298
1993	6	89
1993	7	94
1993	8	52
1993	9	64
1993	10	60
1993	11	410
1993	12	453
1994	1	273
1994	2	618
1994	3	1571
1994	4	651
1994	5	259
1994	6	80
1994	7	68
1994	8	177
1994	9	88
1994	10	58
1994	11	167
1994	12	308
1995	1	709
1995	2	178
1995	3	248
1995	4	172
1995	5	149
1995	6	259
1995	7	282
1995	8	38
1995	9	26
1995	10	172
1995	11	385
1995	12	248
1996	1	1144
1996	2	792
1996	3	655
1996	4	527
1996	5	397
1996	6	453
1996	7	205
1996	8	88
1996	9	954
1996	10	572
1996	11	476
1996	12	968
1997	1	234
1997	2	470
1997	3	486
1997	4	161
1997	5	143
1997	6	181
1997	7	78
1997	8	65
1997	9	221
1997	10	61
1997	11	734
1997	12	284
1998	1	951
1998	2	1127
1998	3	1066
1998	4	713
1998	5	949
1998	6	169
1998	7	84
1998	8	63
1998	9	42
1998	10	50
1998	11	43
1998	12	32
1999	1	341
1999	2	173
1999	3	447
1999	4	366
1999	5	174
1999	6	57
1999	7	30
1999	8	78
1999	9	243
1999	10	286
1999	11	223
1999	12	305
2000	1	145
2000	2	434
2000	3	614
2000	4	595
2000	5	269
2000	6	214
2000	7	112
2000	8	79
2000	9	72
2000	10	60
2000	11	81
2000	12	178
2001	1	150
2001	2	268
2001	3	565
2001	4	531
2001	5	169
2001	6	296
2001	7	80
2001	8	31
2001	9	24
2001	10	27
2001	11	40
2001	12	43
2002	1	57
2002	2	60
2002	3	251
2002	4	244
2002	5	424
2002	6	139
2002	7	30
2002	8	14
2002	9	32
2002	10	185
2002	11	316
2002	12	387
2003	1	437
2003	2	221
2003	3	983
2003	4	523
2003	5	579
2003	6	677
2003	7	110
2003	8	166
2003	9	379
2003	10	391
2003	11	536
2003	12	883
2004	1	367
2004	2	250
2004	3	574
2004	4	914
2004	5	387
2004	6	214
2004	7	277
2004	8	301
2004	9	962
2004	10	262
2004	11	390
2004	12	630
2005	1	635
2005	2	287
2005	3	726
2005	4	607
2005	5	133
2005	6	75
2005	7	106
2005	8	43
2005	9	27
2005	10	142
2005	11	230
2005	12	298
2006	1	588
2006	2	471
2006	3	135
2006	4	250
2006	5	196
2006	6	571
2006	7	234
2006	8	52
2006	9	86
2006	10	92
2006	11	403
2006	12	227
2007	1	312
2007	2	122
2007	3	666
2007	4	431
2007	5	178
2007	6	68
2007	7	40
2007	8	95
2007	9	35
2007	10	61
2007	11	136
2007	12	365
2008	1	314
2008	2	541
2008	3	900
2008	4	562
2008	5	675
2008	6	158
2008	7	94
2008	8	41
2008	9	126
2008	10	99
2008	11	82
2008	12	763
2009	1	226
2009	2	173
2009	3	122
2009	4	542
2009	5	765
2009	6	319
2009	7	118
2009	8	105
2009	9	66
2009	10	439
2009	11	308
2009	12	762
2010	1	725
2010	2	271
2010	3	921
2010	4	279
2010	5	293
2010	6	223
2010	7	108
2010	8	55
2010	9	74
2010	10	242
2010	11	302
2010	12	589
2011	1	111
2011	2	365
2011	3	1393
2011	4	1233
2011	5	892
2011	6	147
2011	7	94
2011	8	83
2011	9	1306
2011	10	616
2011	11	762
2011	12	675
2012	1	474
2012	2	239
2012	3	291
2012	4	191
2012	5	508
2012	6	289
2012	7	77
2012	8	101
2012	9	116
2012	10	413
2012	11	253
2012	12	381
2013	1	457
2013	2	380
2013	3	349
2013	4	244
2013	5	218
2013	6	250
2013	7	104
2013	8	46
2013	9	32
2013	10	249
2013	11	130
2013	12	310
2014	1	206
2014	2	220
2014	3	442
2014	4	613
2014	5	817
2014	6	289
2014	7	151
2014	8	250
2014	9	76
2014	10	134
2014	11	102
2014	12	309
2015	1	167
2015	2	100
2015	3	467
2015	4	369
2015	5	144
2015	6	191
2015	7	131
2015	8	43
2015	9	29
