1940	1	208
1940	2	774
1940	3	1559
1940	4	2432
1940	5	400
1940	6	254
1940	7	131
1940	8	193
1940	9	678
1940	10	430
1940	11	1122
1940	12	982
1941	1	566
1941	2	646
1941	3	1050
1941	4	783
1941	5	134
1941	6	208
1941	7	125
1941	8	52
1941	9	23
1941	10	9
1941	11	42
1941	12	165
1942	1	154
1942	2	554
1942	3	740
1942	4	1067
1942	5	1080
1942	6	933
1942	7	670
1942	8	1371
1942	9	234
1942	10	1066
1942	11	504
1942	12	1384
1943	1	751
1943	2	1233
1943	3	1093
1943	4	688
1943	5	1004
1943	6	316
1943	7	209
1943	8	60
1943	9	19
1943	10	373
1943	11	1128
1943	12	200
1944	1	1039
1944	2	369
1944	3	1806
1944	4	1139
1944	5	800
1944	6	252
1944	7	48
1944	8	40
1944	9	56
1944	10	107
1944	11	169
1944	12	695
1945	1	302
1945	2	1442
1945	3	946
1945	4	938
1945	5	773
1945	6	230
1945	7	852
1945	8	721
1945	9	875
1945	10	191
1945	11	1207
1945	12	999
1946	1	746
1946	2	438
1946	3	1113
1946	4	279
1946	5	827
1946	6	1566
1946	7	299
1946	8	168
1946	9	109
1946	10	169
1946	11	109
1946	12	181
1947	1	752
1947	2	358
1947	3	738
1947	4	328
1947	5	1358
1947	6	519
1947	7	472
1947	8	95
1947	9	59
1947	10	28
1947	11	602
1947	12	184
1948	1	671
1948	2	869
1948	3	1212
1948	4	1156
1948	5	1237
1948	6	520
1948	7	175
1948	8	257
1948	9	35
1948	10	114
1948	11	685
1948	12	1207
1949	1	1918
1949	2	1211
1949	3	408
1949	4	822
1949	5	307
1949	6	99
1949	7	584
1949	8	116
1949	9	67
1949	10	91
1949	11	104
1949	12	445
1950	1	352
1950	2	1496
1950	3	1298
1950	4	392
1950	5	1153
1950	6	678
1950	7	210
1950	8	72
1950	9	414
1950	10	220
1950	11	723
1950	12	1221
1951	1	1088
1951	2	2092
1951	3	948
1951	4	536
1951	5	227
1951	6	983
1951	7	287
1951	8	158
1951	9	70
1951	10	42
1951	11	364
1951	12	707
1952	1	2077
1952	2	1012
1952	3	1706
1952	4	2042
1952	5	1179
1952	6	253
1952	7	291
1952	8	102
1952	9	392
1952	10	79
1952	11	946
1952	12	1005
1953	1	1814
1953	2	1028
1953	3	1529
1953	4	883
1953	5	1237
1953	6	820
1953	7	139
1953	8	52
1953	9	36
1953	10	24
1953	11	67
1953	12	454
1954	1	189
1954	2	307
1954	3	770
1954	4	437
1954	5	603
1954	6	75
1954	7	28
1954	8	52
1954	9	42
1954	10	50
1954	11	124
1954	12	405
1955	1	219
1955	2	646
1955	3	1468
1955	4	434
1955	5	180
1955	6	303
1955	7	76
1955	8	824
1955	9	179
1955	10	904
1955	11	372
1955	12	129
1956	1	151
1956	2	1446
1956	3	1460
1956	4	817
1956	5	334
1956	6	160
1956	7	286
1956	8	230
1956	9	103
1956	10	277
1956	11	631
1956	12	1118
1957	1	556
1957	2	976
1957	3	881
1957	4	1067
1957	5	177
1957	6	116
1957	7	45
1957	8	22
1957	9	36
1957	10	59
1957	11	145
1957	12	1347
1958	1	1236
1958	2	916
1958	3	2049
1958	4	1149
1958	5	1391
1958	6	455
1958	7	272
1958	8	228
1958	9	197
1958	10	138
1958	11	306
1958	12	174
1959	1	532
1959	2	585
1959	3	687
1959	4	663
1959	5	246
1959	6	336
1959	7	89
1959	8	136
1959	9	93
1959	10	69
1959	11	123
1959	12	425
1960	1	546
1960	2	935
1960	3	832
1960	4	1664
1960	5	888
1960	6	659
1960	7	221
1960	8	432
1960	9	358
1960	10	120
1960	11	182
1960	12	111
1961	1	420
1961	2	2246
1961	3	1521
1961	4	1978
1961	5	416
1961	6	157
1961	7	331
1961	8	135
1961	9	124
1961	10	62
1961	11	111
1961	12	255
1962	1	838
1962	2	1450
1962	3	2273
1962	4	1054
1962	5	287
1962	6	144
1962	7	53
1962	8	41
1962	9	28
1962	10	244
1962	11	765
1962	12	366
1963	1	542
1963	2	293
1963	3	2746
1963	4	276
1963	5	187
1963	6	172
1963	7	57
1963	8	43
1963	9	54
1963	10	15
1963	11	113
1963	12	214
1964	1	1239
1964	2	689
1964	3	1903
1964	4	1411
1964	5	751
1964	6	102
1964	7	84
1964	8	32
1964	9	11
1964	10	32
1964	11	48
1964	12	152
1965	1	311
1965	2	1252
1965	3	1348
1965	4	346
1965	5	170
1965	6	52
1965	7	34
1965	8	42
1965	9	27
1965	10	103
1965	11	38
1965	12	43
1966	1	90
1966	2	1122
1966	3	901
1966	4	485
1966	5	383
1966	6	54
1966	7	12
1966	8	15
1966	9	241
1966	10	148
1966	11	183
1966	12	371
1967	1	787
1967	2	480
1967	3	1832
1967	4	490
1967	5	643
1967	6	212
1967	7	262
1967	8	487
1967	9	70
1967	10	137
1967	11	217
1967	12	1018
1968	1	665
1968	2	515
1968	3	958
1968	4	359
1968	5	1015
1968	6	548
1968	7	95
1968	8	91
1968	9	455
1968	10	87
1968	11	521
1968	12	335
1969	1	146
1969	2	311
1969	3	489
1969	4	347
1969	5	145
1969	6	182
1969	7	1419
1969	8	537
1969	9	176
1969	10	95
1969	11	277
1969	12	693
1970	1	663
1970	2	2045
1970	3	995
1970	4	2424
1970	5	508
1970	6	639
1970	7	1097
1970	8	146
1970	9	65
1970	10	148
1970	11	748
1970	12	960
1971	1	691
1971	2	2521
1971	3	1328
1971	4	342
1971	5	682
1971	6	405
1971	7	69
1971	8	318
1971	9	186
1971	10	342
1971	11	1085
1971	12	1081
1972	1	704
1972	2	1206
1972	3	1651
1972	4	1207
1972	5	957
1972	6	4445
1972	7	610
1972	8	136
1972	9	57
1972	10	57
1972	11	502
1972	12	1715
1973	1	1128
1973	2	1074
1973	3	719
1973	4	1811
1973	5	1069
1973	6	706
1973	7	249
1973	8	114
1973	9	467
1973	10	274
1973	11	165
1973	12	1514
1974	1	1476
1974	2	442
1974	3	805
1974	4	1683
1974	5	396
1974	6	198
1974	7	83
1974	8	62
1974	9	177
1974	10	77
1974	11	143
1974	12	781
1975	1	1105
1975	2	1383
1975	3	1279
1975	4	865
1975	5	1304
1975	6	974
1975	7	672
1975	8	89
1975	9	3862
1975	10	853
1975	11	1095
1975	12	503
1976	1	1663
1976	2	996
1976	3	644
1976	4	764
1976	5	316
1976	6	346
1976	7	156
1976	8	107
1976	9	80
1976	10	1782
1976	11	496
1976	12	386
1977	1	98
1977	2	430
1977	3	1529
1977	4	1263
1977	5	221
1977	6	102
1977	7	69
1977	8	61
1977	9	71
1977	10	249
1977	11	661
1977	12	2313
1978	1	2428
1978	2	616
1978	3	1865
1978	4	593
1978	5	1063
1978	6	202
1978	7	297
1978	8	176
1978	9	86
1978	10	79
1978	11	158
1978	12	589
1979	1	2060
1979	2	1880
1979	3	1863
1979	4	1001
1979	5	491
1979	6	266
1979	7	163
1979	8	176
1979	9	838
1979	10	1206
1979	11	566
1979	12	423
1980	1	344
1980	2	173
1980	3	1491
1980	4	1324
1980	5	881
1980	6	437
1980	7	103
1980	8	70
1980	9	32
1980	10	60
1980	11	218
1980	12	91
1981	1	37
1981	2	1405
1981	3	394
1981	4	586
1981	5	251
1981	6	316
1981	7	129
1981	8	59
1981	9	88
1981	10	140
1981	11	124
1981	12	131
1982	1	426
1982	2	1143
1982	3	876
1982	4	1080
1982	5	285
1982	6	1320
1982	7	171
1982	8	69
1982	9	62
1982	10	104
1982	11	205
1982	12	280
1983	1	301
1983	2	861
1983	3	1273
1983	4	2655
1983	5	773
1983	6	414
1983	7	115
1983	8	70
1983	9	36
1983	10	163
1983	11	526
1983	12	1831
1984	1	281
1984	2	2121
1984	3	1531
1984	4	1982
1984	5	1236
1984	6	496
1984	7	744
1984	8	805
1984	9	104
1984	10	120
1984	11	383
1984	12	532
1985	1	232
1985	2	985
1985	3	429
1985	4	455
1985	5	637
1985	6	191
1985	7	287
1985	8	98
1985	9	90
1985	10	83
1985	11	922
1985	12	711
1986	1	318
1986	2	1711
1986	3	1227
1986	4	901
1986	5	279
1986	6	179
1986	7	90
1986	8	226
1986	9	32
1986	10	70
1986	11	503
1986	12	1294
1987	1	877
1987	2	452
1987	3	831
1987	4	928
1987	5	456
1987	6	138
1987	7	77
1987	8	30
1987	9	510
1987	10	185
1987	11	1104
1987	12	751
1988	1	602
1988	2	1263
1988	3	573
1988	4	293
1988	5	1083
1988	6	187
1988	7	123
1988	8	68
1988	9	66
1988	10	64
1988	11	223
1988	12	109
1989	1	417
1989	2	346
1989	3	836
1989	4	504
1989	5	2874
1989	6	871
1989	7	805
1989	8	363
1989	9	129
1989	10	673
1989	11	450
1989	12	150
1990	1	1235
1990	2	955
1990	3	509
1990	4	625
1990	5	1069
1990	6	392
1990	7	268
1990	8	505
1990	9	100
1990	10	961
1990	11	610
1990	12	1625
1991	1	1519
1991	2	577
1991	3	955
1991	4	547
1991	5	308
1991	6	66
1991	7	41
1991	8	82
1991	9	137
1991	10	108
1991	11	178
1991	12	585
1992	1	339
1992	2	434
1992	3	1525
1992	4	835
1992	5	351
1992	6	273
1992	7	126
1992	8	56
1992	9	161
1992	10	173
1992	11	881
1992	12	1108
1993	1	888
1993	2	396
1993	3	3626
1993	4	3273
1993	5	480
1993	6	174
1993	7	103
1993	8	97
1993	9	328
1993	10	236
1993	11	1039
1993	12	1579
1994	1	347
1994	2	1366
1994	3	4510
1994	4	1078
1994	5	576
1994	6	123
1994	7	297
1994	8	329
1994	9	144
1994	10	100
1994	11	683
1994	12	795
1995	1	1501
1995	2	364
1995	3	589
1995	4	252
1995	5	263
1995	6	314
1995	7	730
1995	8	123
1995	9	56
1995	10	252
1995	11	841
1995	12	457
1996	1	3126
1996	2	1361
1996	3	1361
1996	4	1303
1996	5	1040
1996	6	1266
1996	7	716
1996	8	477
1996	9	1031
1996	10	1111
1996	11	1142
1996	12	2578
1997	1	630
1997	2	828
1997	3	1293
1997	4	416
1997	5	215
1997	6	247
1997	7	76
1997	8	62
1997	9	90
1997	10	58
1997	11	476
1997	12	302
1998	1	2068
1998	2	2525
1998	3	2250
1998	4	1200
1998	5	1782
1998	6	399
1998	7	194
1998	8	166
1998	9	52
1998	10	119
1998	11	74
1998	12	59
1999	1	1023
1999	2	396
1999	3	760
1999	4	759
1999	5	256
1999	6	96
1999	7	45
1999	8	42
1999	9	393
1999	10	532
1999	11	190
1999	12	513
2000	1	240
2000	2	749
2000	3	1566
2000	4	1011
2000	5	399
2000	6	226
2000	7	155
2000	8	85
2000	9	567
2000	10	145
2000	11	150
2000	12	803
2001	1	453
2001	2	669
2001	3	1122
2001	4	809
2001	5	213
2001	6	146
2001	7	52
2001	8	55
2001	9	47
2001	10	40
2001	11	89
2001	12	64
2002	1	138
2002	2	114
2002	3	371
2002	4	346
2002	5	472
2002	6	147
2002	7	33
2002	8	21
2002	9	77
2002	10	578
2002	11	972
2002	12	1269
2003	1	1188
2003	2	721
2003	3	2778
2003	4	1048
2003	5	1339
2003	6	2247
2003	7	316
2003	8	550
2003	9	1303
2003	10	958
2003	11	1168
2003	12	1740
2004	1	492
2004	2	1372
2004	3	984
2004	4	1634
2004	5	789
2004	6	956
2004	7	314
2004	8	953
2004	9	1434
2004	10	503
2004	11	642
2004	12	1257
2005	1	1444
2005	2	740
2005	3	1670
2005	4	1585
2005	5	289
2005	6	212
2005	7	641
2005	8	152
2005	9	75
2005	10	736
2005	11	471
2005	12	939
2006	1	1367
2006	2	1281
2006	3	283
2006	4	428
2006	5	252
2006	6	1263
2006	7	336
2006	8	58
2006	9	186
2006	10	328
2006	11	1363
2006	12	664
2007	1	950
2007	2	406
2007	3	1956
2007	4	1100
2007	5	278
2007	6	140
2007	7	92
2007	8	134
2007	9	55
2007	10	72
2007	11	157
2007	12	753
2008	1	404
2008	2	1674
2008	3	1637
2008	4	895
2008	5	1485
2008	6	324
2008	7	154
2008	8	70
2008	9	476
2008	10	220
2008	11	289
2008	12	1894
2009	1	548
2009	2	364
2009	3	256
2009	4	1012
2009	5	1489
2009	6	852
2009	7	193
2009	8	278
2009	9	235
2009	10	935
2009	11	505
2009	12	1783
2010	1	1256
2010	2	676
2010	3	1852
2010	4	461
2010	5	370
2010	6	293
2010	7	158
2010	8	138
2010	9	85
2010	10	543
2010	11	347
2010	12	540
2011	1	156
2011	2	1081
2011	3	2369
2011	4	2428
2011	5	1086
2011	6	352
2011	7	118
2011	8	285
2011	9	4839
2011	10	1269
2011	11	1671
2011	12	1301
2012	1	1056
2012	2	501
2012	3	735
2012	4	424
2012	5	594
2012	6	578
2012	7	176
2012	8	263
2012	9	867
2012	10	1861
2012	11	678
2012	12	850
2013	1	1081
2013	2	848
2013	3	856
2013	4	391
2013	5	340
2013	6	350
2013	7	191
2013	8	432
2013	9	91
2013	10	1890
2013	11	358
2013	12	1226
2014	1	866
2014	2	1164
2014	3	1595
2014	4	1254
2014	5	1532
2014	6	553
2014	7	153
2014	8	159
2014	9	64
2014	10	163
2014	11	215
2014	12	688
2015	1	427
2015	2	236
2015	3	1539
2015	4	524
2015	5	225
2015	6	1261
2015	7	502
2015	8	331
2015	9	271
