1943	9	8
1943	10	7
1943	11	9
1943	12	9
1944	1	57
1944	2	90
1944	3	271
1944	4	90
1944	5	256
1944	6	31
1944	7	8
1944	8	8
1944	9	43
1944	10	111
1944	11	21
1944	12	115
1945	1	93
1945	2	159
1945	3	135
1945	4	59
1945	5	48
1945	6	16
1945	7	63
1945	8	25
1945	9	242
1945	10	17
1945	11	67
1945	12	100
1946	1	195
1946	2	165
1946	3	169
1946	4	74
1946	5	140
1946	6	28
1946	7	15
1946	8	6
1946	9	4
1946	10	20
1946	11	13
1946	12	19
1947	1	117
1947	2	34
1947	3	168
1947	4	65
1947	5	84
1947	6	72
1947	7	135
1947	8	19
1947	9	11
1947	10	6
1947	11	70
1947	12	28
1948	1	29
1948	2	223
1948	3	244
1948	4	314
1948	5	150
1948	6	66
1948	7	18
1948	8	45
1948	9	74
1948	10	141
1948	11	154
1948	12	250
1949	1	169
1949	2	187
1949	3	95
1949	4	284
1949	5	165
1949	6	569
1949	7	220
1949	8	84
1949	9	43
1949	10	42
1949	11	87
1949	12	106
1950	1	77
1950	2	190
1950	3	119
1950	4	56
1950	5	141
1950	6	70
1950	7	13
1950	8	12
1950	9	200
1950	10	23
1950	11	71
1950	12	301
1951	1	117
1951	2	272
1951	3	185
1951	4	239
1951	5	92
1951	6	179
1951	7	33
1951	8	28
1951	9	14
1951	10	9
1951	11	21
1951	12	116
1952	1	229
1952	2	171
1952	3	282
1952	4	262
1952	5	178
1952	6	26
1952	7	10
1952	8	27
1952	9	38
1952	10	10
1952	11	106
1952	12	111
1953	1	250
1953	2	194
1953	3	294
1953	4	86
1953	5	84
1953	6	33
1953	7	12
1953	8	5
1953	9	5
1953	10	5
1953	11	6
1953	12	22
1954	1	50
1954	2	60
1954	3	361
1954	4	125
1954	5	74
1954	6	48
1954	7	18
1954	8	6
1954	9	4
1954	10	215
1954	11	180
1954	12	185
1955	1	62
1955	2	135
1955	3	329
1955	4	76
1955	5	52
1955	6	32
1955	7	15
1955	8	234
1955	9	21
1955	10	9
1955	11	10
1955	12	6
1956	1	7
1956	2	136
1956	3	168
1956	4	127
1956	5	24
1956	6	19
1956	7	10
1956	8	25
1956	9	11
1956	10	32
1956	11	50
1956	12	58
1957	1	79
1957	2	189
1957	3	111
1957	4	253
1957	5	90
1957	6	74
1957	7	11
1957	8	3
1957	9	9
1957	10	58
1957	11	46
1957	12	127
1958	1	86
1958	2	134
1958	3	245
1958	4	316
1958	5	201
1958	6	22
1958	7	24
1958	8	33
1958	9	10
1958	10	7
1958	11	6
1958	12	10
1959	1	26
1959	2	23
1959	3	69
1959	4	200
1959	5	127
1959	6	167
1959	7	7
1959	8	3
1959	9	5
1959	10	81
1959	11	25
1959	12	77
1960	1	90
1960	2	176
1960	3	291
1960	4	252
1960	5	324
1960	6	74
1960	7	10
1960	8	15
1960	9	42
1960	10	9
1960	11	10
1960	12	6
1961	1	17
1961	2	295
1961	3	161
1961	4	262
1961	5	156
1961	6	26
1961	7	26
1961	8	32
1961	9	24
1961	10	113
1961	11	56
1961	12	182
1962	1	147
1962	2	139
1962	3	419
1962	4	163
1962	5	52
1962	6	16
1962	7	9
1962	8	6
1962	9	4
1962	10	9
1962	11	106
1962	12	24
1963	1	133
1963	2	23
1963	3	496
1963	4	40
1963	5	18
1963	6	30
1963	7	12
1963	8	6
1963	9	4
1963	10	4
1963	11	30
1963	12	32
1964	1	213
1964	2	98
1964	3	346
1964	4	94
1964	5	74
1964	6	9
1964	7	7
1964	8	4
1964	9	8
1964	10	39
1964	11	46
1964	12	95
1965	1	231
1965	2	199
1965	3	176
1965	4	183
1965	5	137
1965	6	14
1965	7	3
1965	8	3
1965	9	22
1965	10	14
1965	11	7
1965	12	6
1966	1	17
1966	2	176
1966	3	108
1966	4	188
1966	5	107
1966	6	15
1966	7	3
1966	8	3
1966	9	84
1966	10	115
1966	11	125
1966	12	79
1967	1	110
1967	2	81
1967	3	411
1967	4	36
1967	5	133
1967	6	35
1967	7	12
1967	8	18
1967	9	11
1967	10	46
1967	11	17
1967	12	129
1968	1	139
1968	2	126
1968	3	253
1968	4	58
1968	5	106
1968	6	41
1968	7	9
1968	8	4
1968	9	2
1968	10	13
1968	11	59
1968	12	19
1969	1	43
1969	2	68
1969	3	88
1969	4	43
1969	5	22
1969	6	17
1969	7	39
1969	8	156
1969	9	88
1969	10	32
1969	11	58
1969	12	202
1970	1	123
1970	2	156
1970	3	132
1970	4	233
1970	5	46
1970	6	13
1970	7	100
1970	8	42
1970	9	9
1970	10	17
1970	11	213
1970	12	100
1971	1	159
1971	2	329
1971	3	162
1971	4	114
1971	5	255
1971	6	126
1971	7	18
1971	8	25
1971	9	105
1971	10	237
1971	11	49
1971	12	119
1972	1	49
1972	2	252
1972	3	131
1972	4	144
1972	5	160
1972	6	278
1972	7	149
1972	8	54
1972	9	17
1972	10	339
1972	11	269
1972	12	344
1973	1	117
1973	2	245
1973	3	180
1973	4	307
1973	5	112
1973	6	45
1973	7	16
1973	8	36
1973	9	14
1973	10	60
1973	11	65
1973	12	472
1974	1	207
1974	2	81
1974	3	130
1974	4	109
1974	5	107
1974	6	269
1974	7	15
1974	8	13
1974	9	19
1974	10	14
1974	11	14
1974	12	152
1975	1	153
1975	2	177
1975	3	346
1975	4	72
1975	5	159
1975	6	59
1975	7	54
1975	8	45
1975	9	83
1975	10	117
1975	11	56
1975	12	79
1976	1	217
1976	2	88
1976	3	91
1976	4	65
1976	5	41
1976	6	46
1976	7	15
1976	8	6
1976	9	5
1976	10	334
1976	11	78
1976	12	115
1977	1	17
1977	2	22
1977	3	184
1977	4	228
1977	5	18
1977	6	7
1977	7	5
1977	8	5
1977	9	13
1977	10	28
1977	11	225
1977	12	148
1978	1	271
1978	2	50
1978	3	446
1978	4	108
1978	5	179
1978	6	38
1978	7	40
1978	8	114
1978	9	11
1978	10	5
1978	11	8
1978	12	73
1979	1	310
1979	2	350
1979	3	323
1979	4	118
1979	5	146
1979	6	189
1979	7	13
1979	8	17
1979	9	212
1979	10	246
1979	11	230
1979	12	72
1980	1	179
1980	2	41
1980	3	198
1980	4	309
1980	5	200
1980	6	29
1980	7	19
1980	8	16
1980	9	8
1980	10	6
1980	11	22
1980	12	16
1981	1	7
1981	2	112
1981	3	31
1981	4	34
1981	5	88
1981	6	88
1981	7	48
1981	8	4
1981	9	6
1981	10	24
1981	11	15
1981	12	32
1982	1	74
1982	2	266
1982	3	319
1982	4	59
1982	5	75
1982	6	82
1982	7	32
1982	8	22
1982	9	10
1982	10	19
1982	11	44
1982	12	117
1983	1	28
1983	2	160
1983	3	281
1983	4	461
1983	5	184
1983	6	58
1983	7	14
1983	8	9
1983	9	4
1983	10	66
1983	11	90
1983	12	275
1984	1	61
1984	2	293
1984	3	335
1984	4	434
1984	5	132
1984	6	20
1984	7	29
1984	8	300
1984	9	11
1984	10	18
1984	11	87
1984	12	87
1985	1	87
1985	2	168
1985	3	119
1985	4	49
1985	5	137
1985	6	35
1985	7	41
1985	8	30
1985	9	9
1985	10	23
1985	11	965
1985	12	101
1986	1	19
1986	2	91
1986	3	262
1986	4	63
1986	5	59
1986	6	24
1986	7	23
1986	8	13
1986	9	11
1986	10	6
1986	11	15
1986	12	133
1987	1	115
1987	2	84
1987	3	192
1987	4	583
1987	5	168
1987	6	41
1987	7	12
1987	8	9
1987	9	96
1987	10	12
1987	11	70
1987	12	111
1988	1	107
1988	2	65
1988	3	30
1988	4	67
1988	5	204
1988	6	17
1988	7	6
1988	8	6
1988	9	7
1988	10	7
1988	11	22
1988	12	15
1989	1	56
1989	2	48
1989	3	162
1989	4	71
1989	5	257
1989	6	178
1989	7	54
1989	8	187
1989	9	233
1989	10	152
1989	11	146
1989	12	54
1990	1	167
1990	2	160
1990	3	69
1990	4	131
1990	5	110
1990	6	57
1990	7	11
1990	8	24
1990	9	11
1990	10	148
1990	11	32
1990	12	151
1991	1	299
1991	2	56
1991	3	331
1991	4	111
1991	5	43
1991	6	14
1991	7	30
1991	8	20
1991	9	7
1991	10	6
1991	11	10
1991	12	76
1992	1	142
1992	2	102
1992	3	170
1992	4	257
1992	5	181
1992	6	148
1992	7	21
1992	8	9
1992	9	9
1992	10	6
1992	11	35
1992	12	106
1993	1	77
1993	2	40
1993	3	564
1993	4	297
1993	5	83
1993	6	18
1993	7	6
1993	8	7
1993	9	10
1993	10	10
1993	11	79
1993	12	165
1994	1	247
1994	2	412
1994	3	588
1994	4	145
1994	5	215
1994	6	16
1994	7	86
1994	8	231
1994	9	13
1994	10	7
1994	11	9
1994	12	16
1995	1	356
1995	2	62
1995	3	80
1995	4	51
1995	5	173
1995	6	146
1995	7	97
1995	8	32
1995	9	5
1995	10	18
1995	11	47
1995	12	69
1996	1	519
1996	2	151
1996	3	229
1996	4	100
1996	5	275
1996	6	88
1996	7	33
1996	8	73
1996	9	567
1996	10	42
1996	11	181
1996	12	234
1997	1	82
1997	2	128
1997	3	271
1997	4	40
1997	5	29
1997	6	111
1997	7	33
1997	8	13
1997	9	6
1997	10	7
1997	11	141
1997	12	23
1998	1	320
1998	2	681
1998	3	536
1998	4	314
1998	5	254
1998	6	39
1998	7	16
1998	8	14
1998	9	11
1998	10	6
1998	11	4
1998	12	8
1999	1	93
1999	2	46
1999	3	168
1999	4	38
1999	5	30
1999	6	10
1999	7	3
1999	8	6
1999	9	120
1999	10	54
1999	11	71
1999	12	102
2000	1	31
2000	2	140
2000	3	262
2000	4	123
2000	5	51
2000	6	153
2000	7	22
2000	8	16
2000	9	103
2000	10	18
2000	11	15
2000	12	57
2001	1	65
2001	2	73
2001	3	239
2001	4	199
2001	5	148
2001	6	87
2001	7	33
2001	8	36
2001	9	15
2001	10	7
2001	11	6
2001	12	10
2002	1	11
2002	2	10
2002	3	46
2002	4	266
2002	5	118
2002	6	27
2002	7	14
2002	8	7
2002	9	26
2002	10	124
2002	11	291
2002	12	263
2003	1	121
2003	2	242
2003	3	321
2003	4	304
2003	5	277
2003	6	215
2003	7	34
2003	8	50
2003	9	340
2003	10	57
2003	11	265
2003	12	262
2004	1	45
2004	2	227
2004	3	155
2004	4	252
2004	5	201
2004	6	54
2004	7	18
2004	8	14
2004	9	317
2004	10	67
2004	11	151
2004	12	206
2005	1	118
2005	2	46
2005	3	248
2005	4	144
2005	5	79
2005	6	32
2005	7	70
2005	8	22
2005	9	10
2005	10	13
2005	11	90
2005	12	133
2006	1	221
2006	2	95
2006	3	36
2006	4	186
2006	5	40
2006	6	208
2006	7	121
2006	8	11
2006	9	81
2006	10	141
2006	11	270
2006	12	56
2007	1	130
2007	2	65
2007	3	397
2007	4	243
2007	5	52
2007	6	65
2007	7	11
2007	8	8
2007	9	5
2007	10	42
2007	11	35
2007	12	99
2008	1	74
2008	2	173
2008	3	217
2008	4	199
2008	5	316
2008	6	25
2008	7	20
2008	8	8
2008	9	12
2008	10	9
2008	11	13
2008	12	113
2009	1	102
2009	2	47
2009	3	84
2009	4	219
2009	5	320
2009	6	56
2009	7	14
2009	8	26
2009	9	13
2009	10	19
2009	11	138
2009	12	302
2010	1	334
2010	2	108
2010	3	459
2010	4	68
2010	5	30
2010	6	14
2010	7	11
2010	8	8
2010	9	27
2010	10	40
2010	11	21
2010	12	101
2011	1	10
2011	2	85
2011	3	279
2011	4	526
2011	5	325
2011	6	40
2011	7	10
2011	8	6
2011	9	65
2011	10	32
2011	11	97
2011	12	204
2012	1	122
2012	2	54
2012	3	214
2012	4	41
2012	5	69
2012	6	18
2012	7	47
2012	8	40
2012	9	67
2012	10	16
2012	11	21
2012	12	28
2013	1	169
2013	2	104
2013	3	227
2013	4	163
2013	5	219
2013	6	85
2013	7	69
2013	8	14
2013	9	10
2013	10	10
2013	11	15
2013	12	226
2014	1	71
2014	2	292
2014	3	195
2014	4	125
2014	5	251
2014	6	23
2014	7	9
2014	8	6
2014	9	5
2014	10	9
2014	11	6
2014	12	62
2015	1	66
2015	2	32
2015	3	236
2015	4	234
2015	5	80
2015	6	74
2015	7	52
2015	8	9
2015	9	18
