1946	10	3
1946	11	3
1946	12	5
1947	1	42
1947	2	16
1947	3	41
1947	4	23
1947	5	16
1947	6	24
1947	7	14
1947	8	1
1947	9	1
1947	10	8
1947	11	42
1947	12	14
1948	1	12
1948	2	46
1948	3	59
1948	4	72
1948	5	50
1948	6	22
1948	7	4
1948	8	13
1948	9	15
1948	10	41
1948	11	55
1948	12	63
1949	1	50
1949	2	40
1949	3	24
1949	4	55
1949	5	33
1949	6	176
1949	7	27
1949	8	13
1949	9	8
1949	10	16
1949	11	44
1949	12	20
1950	1	16
1950	2	88
1950	3	33
1950	4	16
1950	5	47
1950	6	18
1950	7	1
1950	8	1
1950	9	52
1950	10	6
1950	11	15
1950	12	58
1951	1	27
1951	2	72
1951	3	47
1951	4	68
1951	5	19
1951	6	53
1951	7	10
1951	8	6
1951	9	1
1951	10	0
1951	11	1
1951	12	24
1952	1	60
1952	2	48
1952	3	65
1952	4	58
1952	5	37
1952	6	5
1952	7	2
1952	8	3
1952	9	14
1952	10	1
1952	11	23
1952	12	36
1953	1	66
1953	2	56
1953	3	83
1953	4	29
1953	5	20
1953	6	4
1953	7	1
1953	8	0
1953	9	0
1953	10	0
1953	11	0
1953	12	5
1954	1	15
1954	2	25
1954	3	101
1954	4	60
1954	5	30
1954	6	32
1954	7	4
1954	8	0
1954	9	0
1954	10	15
1954	11	47
1954	12	40
1955	1	22
1955	2	39
1955	3	80
1955	4	28
1955	5	16
1955	6	14
1955	7	5
1955	8	42
1955	9	8
1955	10	2
1955	11	2
1955	12	1
1956	1	1
1956	2	47
1956	3	40
1956	4	40
1956	5	8
1956	6	5
1956	7	3
1956	8	4
1956	9	2
1956	10	15
1956	11	28
1956	12	26
1957	1	26
1957	2	60
1957	3	35
1957	4	107
1957	5	36
1957	6	40
1957	7	4
1957	8	0
1957	9	1
1957	10	12
1957	11	20
1957	12	45
1958	1	31
1958	2	21
1958	3	44
1958	4	114
1958	5	41
1958	6	4
1958	7	1
1958	8	6
1958	9	2
1958	10	0
1958	11	0
1958	12	1
1959	1	9
1959	2	11
1959	3	25
1959	4	58
1959	5	36
1959	6	40
1959	7	1
1959	8	0
1959	9	1
1959	10	32
1959	11	10
1959	12	28
1960	1	26
1960	2	42
1960	3	37
1960	4	42
1960	5	86
1960	6	48
1960	7	1
1960	8	1
1960	9	4
1960	10	1
1960	11	1
1960	12	1
1961	1	4
1961	2	69
1961	3	31
1961	4	62
1961	5	41
1961	6	8
1961	7	6
1961	8	1
1961	9	8
1961	10	19
1961	11	13
1961	12	31
1962	1	37
1962	2	25
1962	3	79
1962	4	60
1962	5	16
1962	6	5
1962	7	2
1962	8	0
1962	9	0
1962	10	0
1962	11	20
1962	12	9
1963	1	32
1963	2	9
1963	3	103
1963	4	13
1963	5	10
1963	6	7
1963	7	0
1963	8	0
1963	9	0
1963	10	0
1963	11	2
1963	12	5
1964	1	30
1964	2	17
1964	3	80
1964	4	41
1964	5	28
1964	6	2
1964	7	2
1964	8	0
1964	9	4
1964	10	9
1964	11	19
1964	12	26
1965	1	53
1965	2	54
1965	3	45
1965	4	40
1965	5	24
1965	6	3
1965	7	0
1965	8	0
1965	9	1
1965	10	2
1965	11	1
1965	12	1
1966	1	6
1966	2	40
1966	3	32
1966	4	42
1966	5	34
1966	6	7
1966	7	0
1966	8	0
1966	9	14
1966	10	27
1966	11	41
1966	12	22
1967	1	23
1967	2	20
1967	3	84
1967	4	11
1967	5	49
1967	6	8
1967	7	2
1967	8	9
1967	9	7
1967	10	33
1967	11	16
1967	12	44
1968	1	25
1968	2	23
1968	3	43
1968	4	16
1968	5	40
1968	6	14
1968	7	7
1968	8	0
1968	9	0
1968	10	1
1968	11	26
1968	12	8
1969	1	15
1969	2	16
1969	3	30
1969	4	16
1969	5	10
1969	6	12
1969	7	18
1969	8	52
1969	9	6
1969	10	9
1969	11	27
1969	12	39
1970	1	29
1970	2	38
1970	3	31
1970	4	52
1970	5	10
1970	6	2
1970	7	2
1970	8	3
1970	9	0
1970	10	3
1970	11	67
1970	12	25
1971	1	41
1971	2	50
1971	3	33
1971	4	17
1971	5	55
1971	6	33
1971	7	4
1971	8	5
1971	9	15
1971	10	45
1971	11	12
1971	12	30
1972	1	12
1972	2	42
1972	3	38
1972	4	22
1972	5	28
1972	6	84
1972	7	40
1972	8	23
1972	9	2
1972	10	78
1972	11	63
1972	12	65
1973	1	24
1973	2	48
1973	3	67
1973	4	65
1973	5	41
1973	6	12
1973	7	2
1973	8	5
1973	9	2
1973	10	8
1973	11	22
1973	12	99
1974	1	48
1974	2	17
1974	3	29
1974	4	25
1974	5	26
1974	6	51
1974	7	3
1974	8	1
1974	9	4
1974	10	2
1974	11	5
1974	12	45
1975	1	40
1975	2	53
1975	3	83
1975	4	22
1975	5	54
1975	6	14
1975	7	4
1975	8	1
1975	9	9
1975	10	19
1975	11	13
1975	12	13
1976	1	34
1976	2	19
1976	3	22
1976	4	17
1976	5	18
1976	6	31
1976	7	3
1976	8	0
1976	9	0
1976	10	50
1976	11	19
1976	12	27
1977	1	4
1977	2	4
1977	3	55
1977	4	45
1977	5	4
1977	6	1
1977	7	0
1977	8	0
1977	9	0
1977	10	5
1977	11	57
1977	12	54
1978	1	78
1978	2	27
1978	3	139
1978	4	41
1978	5	69
1978	6	5
1978	7	4
1978	8	9
1978	9	1
1978	10	0
1978	11	0
1978	12	12
1979	1	60
1979	2	44
1979	3	70
1979	4	33
1979	5	50
1979	6	29
1979	7	4
1979	8	5
1979	9	62
1979	10	90
1979	11	58
1979	12	21
1980	1	46
1980	2	8
1980	3	60
1980	4	79
1980	5	38
1980	6	3
1980	7	1
1980	8	0
1980	9	0
1980	10	0
1980	11	0
1980	12	0
1981	1	0
1981	2	26
1981	3	7
1981	4	14
1981	5	35
1981	6	21
1981	7	15
1981	8	0
1981	9	0
1981	10	2
1981	11	1
1981	12	10
1982	1	30
1982	2	82
1982	3	72
1982	4	24
1982	5	11
1982	6	31
1982	7	14
1982	8	8
1982	9	0
1982	10	1
1982	11	7
1982	12	30
1983	1	11
1983	2	36
1983	3	63
1983	4	91
1983	5	26
1983	6	9
1983	7	1
1983	8	0
1983	9	0
1983	10	14
1983	11	24
1983	12	55
1984	1	16
1984	2	59
1984	3	69
1984	4	75
1984	5	35
1984	6	2
1984	7	4
1984	8	42
1984	9	1
1984	10	1
1984	11	15
1984	12	23
1985	1	19
1985	2	34
1985	3	25
1985	4	13
1985	5	26
1985	6	4
1985	7	5
1985	8	21
1985	9	3
1985	10	2
1985	11	256
1985	12	24
1986	1	3
1986	2	31
1986	3	48
1986	4	16
1986	5	15
1986	6	4
1986	7	1
1986	8	0
1986	9	0
1986	10	0
1986	11	4
1986	12	37
1987	1	24
1987	2	19
1987	3	49
1987	4	192
1987	5	55
1987	6	15
1987	7	0
1987	8	0
1987	9	13
1987	10	1
1987	11	14
1987	12	29
1988	1	27
1988	2	18
1988	3	7
1988	4	17
1988	5	43
1988	6	4
1988	7	0
1988	8	0
1988	9	0
1988	10	0
1988	11	7
1988	12	6
1989	1	24
1989	2	18
1989	3	44
1989	4	26
1989	5	70
1989	6	78
1989	7	9
1989	8	66
1989	9	51
1989	10	37
1989	11	29
1989	12	16
1990	1	31
1990	2	42
1990	3	20
1990	4	26
1990	5	36
1990	6	11
1990	7	1
1990	8	0
1990	9	0
1990	10	46
1990	11	11
1990	12	26
1991	1	67
1991	2	15
1991	3	95
1991	4	31
1991	5	12
1991	6	8
1991	7	6
1991	8	3
1991	9	0
1991	10	0
1991	11	0
1991	12	18
1992	1	42
1992	2	35
1992	3	50
1992	4	195
1992	5	44
1992	6	52
1992	7	5
1992	8	2
1992	9	10
1992	10	2
1992	11	44
1992	12	47
1993	1	46
1993	2	24
1993	3	229
1993	4	91
1993	5	25
1993	6	2
1993	7	0
1993	8	0
1993	9	1
1993	10	1
1993	11	12
1993	12	38
1994	1	51
1994	2	86
1994	3	104
1994	4	28
1994	5	49
1994	6	2
1994	7	10
1994	8	39
1994	9	2
1994	10	0
1994	11	1
1994	12	3
1995	1	151
1995	2	15
1995	3	20
1995	4	11
1995	5	74
1995	6	70
1995	7	52
1995	8	5
1995	9	0
1995	10	7
1995	11	21
1995	12	23
1996	1	145
1996	2	32
1996	3	34
1996	4	23
1996	5	49
1996	6	44
1996	7	11
1996	8	15
1996	9	156
1996	10	25
1996	11	62
1996	12	67
1997	1	8
1997	2	17
1997	3	84
1997	4	17
1997	5	14
1997	6	50
1997	7	4
1997	8	1
1997	9	0
1997	10	0
1997	11	26
1997	12	9
1998	1	71
1998	2	99
1998	3	116
1998	4	67
1998	5	53
1998	6	12
1998	7	6
1998	8	0
1998	9	0
1998	10	0
1998	11	0
1998	12	0
1999	1	17
1999	2	17
1999	3	37
1999	4	10
1999	5	12
1999	6	1
1999	7	0
1999	8	0
1999	9	13
1999	10	12
1999	11	87
1999	12	28
2000	1	8
2000	2	18
2000	3	33
2000	4	37
2000	5	22
2000	6	23
2000	7	16
2000	8	17
2000	9	43
2000	10	7
2000	11	11
2000	12	25
2001	1	11
2001	2	16
2001	3	39
2001	4	36
2001	5	36
2001	6	10
2001	7	1
2001	8	5
2001	9	0
2001	10	0
2001	11	1
2001	12	2
2002	1	2
2002	2	3
2002	3	16
2002	4	54
2002	5	30
2002	6	3
2002	7	3
2002	8	2
2002	9	4
2002	10	23
2002	11	57
2002	12	45
2003	1	26
2003	2	79
2003	3	85
2003	4	71
2003	5	66
2003	6	72
2003	7	10
2003	8	13
2003	9	88
2003	10	16
2003	11	60
2003	12	49
2004	1	13
2004	2	31
2004	3	40
2004	4	45
2004	5	38
2004	6	9
2004	7	10
2004	8	7
2004	9	102
2004	10	19
2004	11	43
2004	12	51
2005	1	29
2005	2	13
2005	3	44
2005	4	41
2005	5	31
2005	6	6
2005	7	17
2005	8	7
2005	9	2
2005	10	4
2005	11	35
2005	12	32
2006	1	57
2006	2	26
2006	3	13
2006	4	39
2006	5	13
2006	6	78
2006	7	12
2006	8	0
2006	9	15
2006	10	38
2006	11	66
2006	12	27
2007	1	39
2007	2	7
2007	3	76
2007	4	52
2007	5	16
2007	6	16
2007	7	2
2007	8	0
2007	9	0
2007	10	3
2007	11	5
2007	12	26
2008	1	18
2008	2	42
2008	3	49
2008	4	46
2008	5	55
2008	6	4
2008	7	1
2008	8	0
2008	9	1
2008	10	0
2008	11	2
2008	12	29
2009	1	25
2009	2	12
2009	3	17
2009	4	57
2009	5	75
2009	6	24
2009	7	2
2009	8	3
2009	9	1
2009	10	7
2009	11	50
2009	12	73
2010	1	82
2010	2	26
2010	3	112
2010	4	17
2010	5	20
2010	6	6
2010	7	1
2010	8	0
2010	9	1
2010	10	4
2010	11	6
2010	12	35
2011	1	6
2011	2	19
2011	3	79
2011	4	111
2011	5	72
2011	6	12
2011	7	3
2011	8	1
2011	9	14
2011	10	24
2011	11	41
2011	12	64
2012	1	44
2012	2	18
2012	3	51
2012	4	13
2012	5	31
2012	6	11
2012	7	0
2012	8	5
2012	9	23
2012	10	0
2012	11	7
2012	12	6
2013	1	34
2013	2	16
2013	3	58
2013	4	69
2013	5	83
2013	6	41
2013	7	38
2013	8	5
2013	9	4
2013	10	2
2013	11	5
2013	12	48
2014	1	16
2014	2	58
2014	3	44
2014	4	43
2014	5	67
2014	6	7
2014	7	1
2014	8	1
2014	9	0
2014	10	1
2014	11	1
2014	12	22
2015	1	21
2015	2	10
2015	3	71
2015	4	83
2015	5	28
2015	6	32
2015	7	13
2015	8	1
2015	9	0
