1943	10	48
1943	11	56
1943	12	46
1944	1	113
1944	2	158
1944	3	774
1944	4	392
1944	5	721
1944	6	130
1944	7	52
1944	8	41
1944	9	139
1944	10	419
1944	11	68
1944	12	254
1945	1	371
1945	2	553
1945	3	458
1945	4	212
1945	5	230
1945	6	103
1945	7	156
1945	8	231
1945	9	1315
1945	10	188
1945	11	183
1945	12	354
1946	1	574
1946	2	627
1946	3	768
1946	4	444
1946	5	642
1946	6	252
1946	7	125
1946	8	53
1946	9	34
1946	10	44
1946	11	47
1946	12	55
1947	1	223
1947	2	98
1947	3	385
1947	4	166
1947	5	311
1947	6	135
1947	7	104
1947	8	67
1947	9	38
1947	10	25
1947	11	84
1947	12	55
1948	1	117
1948	2	484
1948	3	533
1948	4	825
1948	5	621
1948	6	262
1948	7	148
1948	8	559
1948	9	242
1948	10	729
1948	11	867
1948	12	1162
1949	1	941
1949	2	759
1949	3	384
1949	4	614
1949	5	637
1949	6	786
1949	7	833
1949	8	615
1949	9	245
1949	10	145
1949	11	264
1949	12	263
1950	1	257
1950	2	760
1950	3	506
1950	4	251
1950	5	436
1950	6	264
1950	7	87
1950	8	79
1950	9	538
1950	10	129
1950	11	221
1950	12	1165
1951	1	360
1951	2	1022
1951	3	924
1951	4	909
1951	5	412
1951	6	502
1951	7	174
1951	8	82
1951	9	56
1951	10	49
1951	11	79
1951	12	341
1952	1	660
1952	2	710
1952	3	1043
1952	4	1325
1952	5	886
1952	6	255
1952	7	239
1952	8	162
1952	9	294
1952	10	104
1952	11	699
1952	12	590
1953	1	961
1953	2	558
1953	3	1242
1953	4	526
1953	5	884
1953	6	179
1953	7	68
1953	8	57
1953	9	70
1953	10	47
1953	11	50
1953	12	94
1954	1	159
1954	2	230
1954	3	792
1954	4	384
1954	5	315
1954	6	336
1954	7	87
1954	8	43
1954	9	26
1954	10	539
1954	11	540
1954	12	510
1955	1	298
1955	2	433
1955	3	1037
1955	4	394
1955	5	242
1955	6	302
1955	7	148
1955	8	1403
1955	9	209
1955	10	97
1955	11	86
1955	12	60
1956	1	64
1956	2	333
1956	3	487
1956	4	466
1956	5	119
1956	6	76
1956	7	103
1956	8	255
1956	9	62
1956	10	71
1956	11	112
1956	12	97
1957	1	119
1957	2	475
1957	3	413
1957	4	856
1957	5	304
1957	6	286
1957	7	51
1957	8	20
1957	9	30
1957	10	66
1957	11	70
1957	12	228
1958	1	260
1958	2	441
1958	3	857
1958	4	957
1958	5	785
1958	6	171
1958	7	485
1958	8	604
1958	9	124
1958	10	80
1958	11	67
1958	12	66
1959	1	68
1959	2	62
1959	3	181
1959	4	536
1959	5	435
1959	6	688
1959	7	88
1959	8	59
1959	9	78
1959	10	492
1959	11	113
1959	12	265
1960	1	322
1960	2	670
1960	3	1003
1960	4	1105
1960	5	1092
1960	6	288
1960	7	89
1960	8	103
1960	9	132
1960	10	69
1960	11	54
1960	12	47
1961	1	95
1961	2	937
1961	3	673
1961	4	1174
1961	5	595
1961	6	176
1961	7	91
1961	8	164
1961	9	115
1961	10	90
1961	11	153
1961	12	521
1962	1	459
1962	2	392
1962	3	1644
1962	4	742
1962	5	394
1962	6	388
1962	7	133
1962	8	65
1962	9	43
1962	10	46
1962	11	202
1962	12	129
1963	1	401
1963	2	153
1963	3	1746
1963	4	277
1963	5	136
1963	6	110
1963	7	53
1963	8	34
1963	9	34
1963	10	29
1963	11	84
1963	12	140
1964	1	843
1964	2	409
1964	3	1188
1964	4	351
1964	5	274
1964	6	72
1964	7	35
1964	8	19
1964	9	28
1964	10	85
1964	11	85
1964	12	200
1965	1	682
1965	2	981
1965	3	904
1965	4	549
1965	5	315
1965	6	83
1965	7	48
1965	8	30
1965	9	35
1965	10	32
1965	11	26
1965	12	22
1966	1	30
1966	2	300
1966	3	396
1966	4	479
1966	5	518
1966	6	91
1966	7	29
1966	8	25
1966	9	196
1966	10	279
1966	11	168
1966	12	241
1967	1	328
1967	2	330
1967	3	1434
1967	4	221
1967	5	361
1967	6	122
1967	7	123
1967	8	310
1967	9	136
1967	10	256
1967	11	107
1967	12	608
1968	1	501
1968	2	621
1968	3	987
1968	4	251
1968	5	354
1968	6	147
1968	7	64
1968	8	60
1968	9	42
1968	10	54
1968	11	191
1968	12	84
1969	1	136
1969	2	224
1969	3	286
1969	4	177
1969	5	84
1969	6	57
1969	7	177
1969	8	817
1969	9	414
1969	10	159
1969	11	187
1969	12	544
1970	1	619
1970	2	695
1970	3	482
1970	4	793
1970	5	234
1970	6	153
1970	7	405
1970	8	136
1970	9	50
1970	10	71
1970	11	532
1970	12	408
1971	1	688
1971	2	1212
1971	3	617
1971	4	392
1971	5	685
1971	6	419
1971	7	125
1971	8	195
1971	9	191
1971	10	549
1971	11	234
1971	12	310
1972	1	124
1972	2	904
1972	3	480
1972	4	582
1972	5	765
1972	6	1482
1972	7	608
1972	8	206
1972	9	91
1972	10	1027
1972	11	1296
1972	12	1271
1973	1	685
1973	2	1086
1973	3	752
1973	4	1512
1973	5	600
1973	6	512
1973	7	146
1973	8	364
1973	9	103
1973	10	222
1973	11	229
1973	12	1244
1974	1	753
1974	2	400
1974	3	353
1974	4	418
1974	5	348
1974	6	842
1974	7	104
1974	8	68
1974	9	107
1974	10	34
1974	11	34
1974	12	697
1975	1	439
1975	2	651
1975	3	1572
1975	4	368
1975	5	669
1975	6	174
1975	7	441
1975	8	292
1975	9	878
1975	10	464
1975	11	271
1975	12	224
1976	1	951
1976	2	426
1976	3	324
1976	4	250
1976	5	116
1976	6	139
1976	7	62
1976	8	38
1976	9	46
1976	10	1184
1976	11	344
1976	12	480
1977	1	119
1977	2	127
1977	3	529
1977	4	610
1977	5	99
1977	6	53
1977	7	26
1977	8	31
1977	9	37
1977	10	57
1977	11	738
1977	12	594
1978	1	1110
1978	2	318
1978	3	1678
1978	4	470
1978	5	768
1978	6	228
1978	7	236
1978	8	866
1978	9	151
1978	10	76
1978	11	86
1978	12	261
1979	1	992
1979	2	1184
1979	3	1030
1979	4	562
1979	5	954
1979	6	886
1979	7	186
1979	8	209
1979	9	894
1979	10	1580
1979	11	1000
1979	12	396
1980	1	879
1980	2	276
1980	3	929
1980	4	1256
1980	5	735
1980	6	209
1980	7	107
1980	8	79
1980	9	59
1980	10	62
1980	11	92
1980	12	65
1981	1	41
1981	2	315
1981	3	118
1981	4	79
1981	5	358
1981	6	357
1981	7	78
1981	8	30
1981	9	54
1981	10	83
1981	11	65
1981	12	82
1982	1	243
1982	2	1068
1982	3	1097
1982	4	370
1982	5	296
1982	6	743
1982	7	369
1982	8	332
1982	9	78
1982	10	74
1982	11	129
1982	12	356
1983	1	142
1983	2	759
1983	3	1011
1983	4	1839
1983	5	753
1983	6	248
1983	7	137
1983	8	79
1983	9	56
1983	10	225
1983	11	338
1983	12	1095
1984	1	492
1984	2	1391
1984	3	1382
1984	4	1608
1984	5	541
1984	6	169
1984	7	186
1984	8	255
1984	9	88
1984	10	99
1984	11	213
1984	12	261
1985	1	299
1985	2	776
1985	3	346
1985	4	186
1985	5	373
1985	6	314
1985	7	71
1985	8	63
1985	9	34
1985	10	146
1985	11	2370
1985	12	448
1986	1	150
1986	2	566
1986	3	786
1986	4	383
1986	5	203
1986	6	86
1986	7	50
1986	8	28
1986	9	26
1986	10	22
1986	11	54
1986	12	253
1987	1	336
1987	2	447
1987	3	642
1987	4	2193
1987	5	736
1987	6	225
1987	7	81
1987	8	48
1987	9	599
1987	10	101
1987	11	203
1987	12	404
1988	1	464
1988	2	365
1988	3	199
1988	4	236
1988	5	1418
1988	6	174
1988	7	58
1988	8	34
1988	9	38
1988	10	37
1988	11	49
1988	12	41
1989	1	73
1989	2	79
1989	3	360
1989	4	180
1989	5	1189
1989	6	375
1989	7	416
1989	8	258
1989	9	291
1989	10	475
1989	11	416
1989	12	154
1990	1	457
1990	2	522
1990	3	270
1990	4	491
1990	5	586
1990	6	222
1990	7	164
1990	8	149
1990	9	109
1990	10	993
1990	11	240
1990	12	585
1991	1	1388
1991	2	297
1991	3	1234
1991	4	564
1991	5	244
1991	6	129
1991	7	199
1991	8	61
1991	9	42
1991	10	37
1991	11	43
1991	12	180
1992	1	302
1992	2	297
1992	3	606
1992	4	848
1992	5	562
1992	6	314
1992	7	104
1992	8	73
1992	9	95
1992	10	46
1992	11	243
1992	12	685
1993	1	539
1993	2	323
1993	3	2343
1993	4	1788
1993	5	392
1993	6	171
1993	7	105
1993	8	71
1993	9	59
1993	10	54
1993	11	355
1993	12	600
1994	1	911
1994	2	1554
1994	3	2387
1994	4	823
1994	5	761
1994	6	154
1994	7	143
1994	8	752
1994	9	93
1994	10	64
1994	11	68
1994	12	74
1995	1	723
1995	2	221
1995	3	282
1995	4	163
1995	5	465
1995	6	640
1995	7	414
1995	8	258
1995	9	48
1995	10	384
1995	11	391
1995	12	361
1996	1	2283
1996	2	744
1996	3	896
1996	4	645
1996	5	930
1996	6	584
1996	7	202
1996	8	1001
1996	9	2804
1996	10	518
1996	11	809
1996	12	1267
1997	1	445
1997	2	572
1997	3	1286
1997	4	339
1997	5	201
1997	6	440
1997	7	170
1997	8	74
1997	9	64
1997	10	61
1997	11	486
1997	12	141
1998	1	1339
1998	2	2444
1998	3	1759
1998	4	936
1998	5	814
1998	6	214
1998	7	105
1998	8	69
1998	9	45
1998	10	37
1998	11	34
1998	12	39
1999	1	239
1999	2	117
1999	3	449
1999	4	150
1999	5	136
1999	6	31
1999	7	8
1999	8	24
1999	9	457
1999	10	296
1999	11	215
1999	12	311
2000	1	109
2000	2	305
2000	3	474
2000	4	312
2000	5	170
2000	6	386
2000	7	124
2000	8	194
2000	9	183
2000	10	81
2000	11	56
2000	12	139
2001	1	168
2001	2	247
2001	3	617
2001	4	678
2001	5	325
2001	6	616
2001	7	241
2001	8	258
2001	9	56
2001	10	41
2001	11	41
2001	12	43
2002	1	33
2002	2	29
2002	3	202
2002	4	722
2002	5	390
2002	6	133
2002	7	42
2002	8	14
2002	9	63
2002	10	300
2002	11	754
2002	12	806
2003	1	675
2003	2	823
2003	3	1708
2003	4	1230
2003	5	1171
2003	6	1242
2003	7	478
2003	8	315
2003	9	1127
2003	10	306
2003	11	710
2003	12	1036
2004	1	289
2004	2	832
2004	3	492
2004	4	920
2004	5	544
2004	6	290
2004	7	110
2004	8	74
2004	9	908
2004	10	326
2004	11	522
2004	12	772
2005	1	436
2005	2	229
2005	3	721
2005	4	593
2005	5	270
2005	6	137
2005	7	202
2005	8	84
2005	9	36
2005	10	92
2005	11	422
2005	12	409
2006	1	591
2006	2	457
2006	3	176
2006	4	405
2006	5	174
2006	6	407
2006	7	325
2006	8	85
2006	9	331
2006	10	354
2006	11	1028
2006	12	344
2007	1	399
2007	2	421
2007	3	1187
2007	4	718
2007	5	207
2007	6	152
2007	7	67
2007	8	64
2007	9	41
2007	10	52
2007	11	69
2007	12	169
2008	1	143
2008	2	358
2008	3	409
2008	4	504
2008	5	793
2008	6	227
2008	7	134
2008	8	74
2008	9	61
2008	10	41
2008	11	45
2008	12	223
2009	1	249
2009	2	131
2009	3	145
2009	4	617
2009	5	886
2009	6	393
2009	7	89
2009	8	67
2009	9	40
2009	10	35
2009	11	237
2009	12	828
2010	1	1034
2010	2	582
2010	3	1603
2010	4	413
2010	5	190
2010	6	203
2010	7	55
2010	8	44
2010	9	57
2010	10	131
2010	11	90
2010	12	291
2011	1	48
2011	2	223
2011	3	1095
2011	4	1717
2011	5	1486
2011	6	368
2011	7	116
2011	8	64
2011	9	232
2011	10	219
2011	11	352
2011	12	776
2012	1	528
2012	2	284
2012	3	597
2012	4	230
2012	5	261
2012	6	101
2012	7	140
2012	8	247
2012	9	179
2012	10	206
2012	11	185
2012	12	125
2013	1	763
2013	2	511
2013	3	898
2013	4	596
2013	5	987
2013	6	593
2013	7	283
2013	8	122
2013	9	72
2013	10	67
2013	11	75
2013	12	689
2014	1	428
2014	2	1124
2014	3	700
2014	4	577
2014	5	1034
2014	6	214
2014	7	158
2014	8	78
2014	9	35
2014	10	60
2014	11	50
2014	12	269
2015	1	230
2015	2	106
2015	3	791
2015	4	785
2015	5	282
2015	6	214
2015	7	129
2015	8	46
2015	9	85
