1947	8	30
1947	9	8
1947	10	7
1947	11	48
1947	12	23
1948	1	107
1948	2	118
1948	3	124
1948	4	179
1948	5	156
1948	6	43
1948	7	22
1948	8	24
1948	9	8
1948	10	31
1948	11	103
1948	12	217
1949	1	255
1949	2	171
1949	3	76
1949	4	79
1949	5	69
1949	6	33
1949	7	214
1949	8	31
1949	9	27
1949	10	24
1949	11	30
1949	12	81
1950	1	64
1950	2	174
1950	3	154
1950	4	82
1950	5	117
1950	6	68
1950	7	18
1950	8	7
1950	9	40
1950	10	36
1950	11	107
1950	12	244
1951	1	111
1951	2	233
1951	3	133
1951	4	131
1951	5	70
1951	6	129
1951	7	26
1951	8	11
1951	9	5
1951	10	4
1951	11	22
1951	12	62
1952	1	199
1952	2	123
1952	3	184
1952	4	289
1952	5	220
1952	6	54
1952	7	16
1952	8	19
1952	9	60
1952	10	11
1952	11	161
1952	12	144
1953	1	212
1953	2	101
1953	3	205
1953	4	164
1953	5	121
1953	6	89
1953	7	36
1953	8	12
1953	9	9
1953	10	5
1953	11	8
1953	12	36
1954	1	23
1954	2	28
1954	3	89
1954	4	63
1954	5	52
1954	6	13
1954	7	8
1954	8	16
1954	9	6
1954	10	20
1954	11	20
1954	12	53
1955	1	31
1955	2	72
1955	3	186
1955	4	70
1955	5	35
1955	6	31
1955	7	20
1955	8	207
1955	9	33
1955	10	58
1955	11	32
1955	12	18
1956	1	29
1956	2	189
1956	3	151
1956	4	104
1956	5	40
1956	6	22
1956	7	76
1956	8	20
1956	9	12
1956	10	22
1956	11	109
1956	12	76
1957	1	82
1957	2	163
1957	3	106
1957	4	133
1957	5	39
1957	6	21
1957	7	6
1957	8	4
1957	9	7
1957	10	8
1957	11	25
1957	12	122
1958	1	172
1958	2	96
1958	3	192
1958	4	183
1958	5	145
1958	6	46
1958	7	42
1958	8	20
1958	9	12
1958	10	12
1958	11	18
1958	12	14
1959	1	36
1959	2	55
1959	3	54
1959	4	74
1959	5	62
1959	6	25
1959	7	9
1959	8	16
1959	9	4
1959	10	12
1959	11	18
1959	12	50
1960	1	74
1960	2	103
1960	3	109
1960	4	189
1960	5	98
1960	6	115
1960	7	29
1960	8	19
1960	9	7
1960	10	5
1960	11	9
1960	12	6
1961	1	14
1961	2	157
1961	3	145
1961	4	235
1961	5	114
1961	6	35
1961	7	19
1961	8	6
1961	9	4
1961	10	5
1961	11	17
1961	12	26
1962	1	75
1962	2	130
1962	3	239
1962	4	147
1962	5	46
1962	6	15
1962	7	6
1962	8	2
1962	9	2
1962	10	4
1962	11	27
1962	12	21
1963	1	80
1963	2	44
1963	3	212
1963	4	44
1963	5	29
1963	6	53
1963	7	14
1963	8	4
1963	9	2
1963	10	2
1963	11	18
1963	12	25
1964	1	137
1964	2	117
1964	3	208
1964	4	181
1964	5	97
1964	6	14
1964	7	23
1964	8	4
1964	9	2
1964	10	4
1964	11	10
1964	12	18
1965	1	46
1965	2	98
1965	3	189
1965	4	78
1965	5	42
1965	6	18
1965	7	4
1965	8	1
1965	9	1
1965	10	5
1965	11	3
1965	12	3
1966	1	4
1966	2	76
1966	3	75
1966	4	68
1966	5	75
1966	6	16
1966	7	4
1966	8	1
1966	9	80
1966	10	35
1966	11	27
1966	12	59
1967	1	103
1967	2	86
1967	3	200
1967	4	62
1967	5	83
1967	6	18
1967	7	23
1967	8	33
1967	9	14
1967	10	46
1967	11	42
1967	12	114
1968	1	155
1968	2	86
1968	3	139
1968	4	58
1968	5	79
1968	6	78
1968	7	18
1968	8	8
1968	9	16
1968	10	9
1968	11	48
1968	12	36
1969	1	26
1969	2	40
1969	3	46
1969	4	51
1969	5	34
1969	6	15
1969	7	15
1969	8	30
1969	9	35
1969	10	13
1969	11	32
1969	12	65
1970	1	67
1970	2	204
1970	3	132
1970	4	233
1970	5	73
1970	6	60
1970	7	102
1970	8	17
1970	9	7
1970	10	14
1970	11	71
1970	12	93
1971	1	126
1971	2	254
1971	3	131
1971	4	86
1971	5	98
1971	6	60
1971	7	12
1971	8	17
1971	9	25
1971	10	89
1971	11	80
1971	12	146
1972	1	79
1972	2	242
1972	3	228
1972	4	222
1972	5	209
1972	6	438
1972	7	94
1972	8	18
1972	9	7
1972	10	8
1972	11	62
1972	12	245
1973	1	124
1973	2	200
1973	3	95
1973	4	237
1973	5	114
1973	6	95
1973	7	21
1973	8	18
1973	9	12
1973	10	15
1973	11	14
1973	12	136
1974	1	165
1974	2	51
1974	3	77
1974	4	177
1974	5	79
1974	6	40
1974	7	13
1974	8	8
1974	9	28
1974	10	10
1974	11	18
1974	12	147
1975	1	110
1975	2	137
1975	3	224
1975	4	98
1975	5	149
1975	6	144
1975	7	58
1975	8	21
1975	9	283
1975	10	138
1975	11	126
1975	12	79
1976	1	218
1976	2	112
1976	3	73
1976	4	123
1976	5	31
1976	6	25
1976	7	25
1976	8	16
1976	9	15
1976	10	399
1976	11	82
1976	12	66
1977	1	29
1977	2	63
1977	3	183
1977	4	213
1977	5	33
1977	6	44
1977	7	17
1977	8	13
1977	9	3
1977	10	20
1977	11	103
1977	12	194
1978	1	233
1978	2	60
1978	3	221
1978	4	84
1978	5	232
1978	6	52
1978	7	49
1978	8	20
1978	9	8
1978	10	5
1978	11	10
1978	12	53
1979	1	278
1979	2	200
1979	3	242
1979	4	120
1979	5	85
1979	6	46
1979	7	18
1979	8	19
1979	9	161
1979	10	262
1979	11	84
1979	12	75
1980	1	89
1980	2	41
1980	3	181
1980	4	176
1980	5	117
1980	6	52
1980	7	20
1980	8	8
1980	9	4
1980	10	6
1980	11	19
1980	12	10
1981	1	6
1981	2	97
1981	3	55
1981	4	117
1981	5	49
1981	6	72
1981	7	34
1981	8	12
1981	9	9
1981	10	16
1981	11	14
1981	12	23
1982	1	45
1982	2	150
1982	3	147
1982	4	125
1982	5	51
1982	6	95
1982	7	38
1982	8	13
1982	9	8
1982	10	8
1982	11	15
1982	12	25
1983	1	26
1983	2	85
1983	3	164
1983	4	348
1983	5	126
1983	6	74
1983	7	17
1983	8	9
1983	9	3
1983	10	26
1983	11	60
1983	12	164
1984	1	66
1984	2	356
1984	3	210
1984	4	262
1984	5	166
1984	6	46
1984	7	35
1984	8	74
1984	9	15
1984	10	20
1984	11	43
1984	12	56
1985	1	42
1985	2	152
1985	3	70
1985	4	61
1985	5	44
1985	6	37
1985	7	39
1985	8	30
1985	9	10
1985	10	24
1985	11	161
1985	12	106
1986	1	36
1986	2	169
1986	3	172
1986	4	98
1986	5	52
1986	6	22
1986	7	6
1986	8	4
1986	9	1
1986	10	3
1986	11	18
1986	12	64
1987	1	66
1987	2	60
1987	3	91
1987	4	234
1987	5	55
1987	6	25
1987	7	17
1987	8	2
1987	9	12
1987	10	7
1987	11	33
1987	12	38
1988	1	65
1988	2	73
1988	3	56
1988	4	55
1988	5	391
1988	6	46
1988	7	19
1988	8	7
1988	9	7
1988	10	5
1988	11	21
1988	12	18
1989	1	50
1989	2	56
1989	3	126
1989	4	63
1989	5	336
1989	6	75
1989	7	51
1989	8	20
1989	9	8
1989	10	22
1989	11	22
1989	12	17
1990	1	79
1990	2	101
1990	3	62
1990	4	114
1990	5	125
1990	6	48
1990	7	29
1990	8	16
1990	9	6
1990	10	71
1990	11	38
1990	12	117
1991	1	194
1991	2	76
1991	3	127
1991	4	90
1991	5	44
1991	6	14
1991	7	5
1991	8	5
1991	9	10
1991	10	9
1991	11	15
1991	12	60
1992	1	42
1992	2	48
1992	3	133
1992	4	187
1992	5	72
1992	6	48
1992	7	87
1992	8	44
1992	9	31
1992	10	27
1992	11	107
1992	12	317
1993	1	137
1993	2	61
1993	3	400
1993	4	360
1993	5	74
1993	6	27
1993	7	11
1993	8	6
1993	9	26
1993	10	17
1993	11	83
1993	12	205
1994	1	135
1994	2	223
1994	3	406
1994	4	175
1994	5	71
1994	6	25
1994	7	13
1994	8	24
1994	9	10
1994	10	10
1994	11	34
1994	12	62
1995	1	107
1995	2	50
1995	3	87
1995	4	40
1995	5	46
1995	6	24
1995	7	12
1995	8	4
1995	9	1
1995	10	17
1995	11	57
1995	12	66
1996	1	328
1996	2	133
1996	3	181
1996	4	140
1996	5	126
1996	6	293
1996	7	198
1996	8	168
1996	9	252
1996	10	185
1996	11	144
1996	12	308
1997	1	84
1997	2	93
1997	3	163
1997	4	79
1997	5	35
1997	6	22
1997	7	4
1997	8	4
1997	9	6
1997	10	5
1997	11	80
1997	12	34
1998	1	332
1998	2	373
1998	3	329
1998	4	148
1998	5	276
1998	6	51
1998	7	15
1998	8	6
1998	9	2
1998	10	4
1998	11	4
1998	12	4
1999	1	63
1999	2	27
1999	3	80
1999	4	71
1999	5	29
1999	6	11
1999	7	6
1999	8	6
1999	9	44
1999	10	68
1999	11	22
1999	12	49
2000	1	32
2000	2	125
2000	3	174
2000	4	162
2000	5	58
2000	6	63
2000	7	52
2000	8	27
2000	9	47
2000	10	25
2000	11	23
2000	12	72
2001	1	58
2001	2	94
2001	3	137
2001	4	123
2001	5	38
2001	6	21
2001	7	7
2001	8	5
2001	9	3
2001	10	2
2001	11	6
2001	12	6
2002	1	8
2002	2	7
2002	3	30
2002	4	30
2002	5	34
2002	6	11
2002	7	9
2002	8	1
2002	9	8
2002	10	28
2002	11	84
2002	12	121
2003	1	148
2003	2	114
2003	3	240
2003	4	136
2003	5	274
2003	6	259
2003	7	38
2003	8	34
2003	9	212
2003	10	104
2003	11	172
2003	12	267
2004	1	55
2004	2	184
2004	3	107
2004	4	210
2004	5	127
2004	6	142
2004	7	30
2004	8	17
2004	9	47
2004	10	30
2004	11	41
2004	12	113
2005	1	143
2005	2	80
2005	3	181
2005	4	158
2005	5	43
2005	6	17
2005	7	29
2005	8	11
2005	9	3
2005	10	50
2005	11	56
2005	12	71
2006	1	135
2006	2	112
2006	3	39
2006	4	42
2006	5	31
2006	6	157
2006	7	45
2006	8	5
2006	9	32
2006	10	40
2006	11	113
2006	12	62
2007	1	104
2007	2	59
2007	3	214
2007	4	117
2007	5	35
2007	6	17
2007	7	3
2007	8	7
2007	9	1
2007	10	5
2007	11	11
2007	12	44
2008	1	31
2008	2	84
2008	3	137
2008	4	212
2008	5	271
2008	6	53
2008	7	20
2008	8	9
2008	9	22
2008	10	8
2008	11	19
2008	12	112
2009	1	50
2009	2	34
2009	3	28
2009	4	90
2009	5	149
2009	6	61
2009	7	19
2009	8	25
2009	9	8
2009	10	28
2009	11	42
2009	12	196
2010	1	131
2010	2	49
2010	3	301
2010	4	83
2010	5	60
2010	6	22
2010	7	5
2010	8	5
2010	9	7
2010	10	25
2010	11	22
2010	12	51
2011	1	14
2011	2	83
2011	3	251
2011	4	356
2011	5	125
2011	6	26
2011	7	10
2011	8	4
2011	9	37
2011	10	74
2011	11	144
2011	12	162
2012	1	105
2012	2	77
2012	3	106
2012	4	57
2012	5	104
2012	6	112
2012	7	33
2012	8	16
2012	9	45
2012	10	282
2012	11	121
2012	12	80
2013	1	179
2013	2	142
2013	3	120
2013	4	66
2013	5	95
2013	6	44
2013	7	19
2013	8	18
2013	9	3
2013	10	38
2013	11	26
2013	12	152
2014	1	119
2014	2	198
2014	3	149
2014	4	165
2014	5	308
2014	6	180
2014	7	46
2014	8	46
2014	9	19
2014	10	38
2014	11	33
2014	12	97
2015	1	80
2015	2	46
2015	3	243
2015	4	101
2015	5	48
2015	6	92
2015	7	69
2015	8	14
2015	9	24
