1940	1	457
1940	2	1531
1940	3	1979
1940	4	3333
1940	5	1115
1940	6	591
1940	7	344
1940	8	434
1940	9	1853
1940	10	647
1940	11	2094
1940	12	1507
1941	1	1054
1941	2	1014
1941	3	1355
1941	4	1480
1941	5	335
1941	6	410
1941	7	210
1941	8	111
1941	9	75
1941	10	55
1941	11	98
1941	12	307
1942	1	281
1942	2	890
1942	3	1083
1942	4	1918
1942	5	1478
1942	6	971
1942	7	719
1942	8	2268
1942	9	413
1942	10	2141
1942	11	946
1942	12	1892
1943	1	1160
1943	2	1955
1943	3	1908
1943	4	1271
1943	5	1626
1943	6	438
1943	7	198
1943	8	85
1943	9	64
1943	10	340
1943	11	1176
1943	12	332
1944	1	1785
1944	2	463
1944	3	2437
1944	4	1441
1944	5	820
1944	6	360
1944	7	157
1944	8	82
1944	9	113
1944	10	228
1944	11	205
1944	12	1009
1945	1	507
1945	2	2009
1945	3	1222
1945	4	1100
1945	5	940
1945	6	459
1945	7	931
1945	8	1063
1945	9	1358
1945	10	374
1945	11	1331
1945	12	1823
1946	1	1299
1946	2	807
1946	3	1341
1946	4	466
1946	5	1012
1946	6	1905
1946	7	426
1946	8	538
1946	9	407
1946	10	400
1946	11	276
1946	12	385
1947	1	1171
1947	2	615
1947	3	1078
1947	4	453
1947	5	1098
1947	6	625
1947	7	787
1947	8	331
1947	9	147
1947	10	115
1947	11	830
1947	12	299
1948	1	1198
1948	2	1408
1948	3	1627
1948	4	1727
1948	5	1556
1948	6	810
1948	7	554
1948	8	547
1948	9	179
1948	10	298
1948	11	1125
1948	12	2242
1949	1	3166
1949	2	2181
1949	3	890
1949	4	1376
1949	5	819
1949	6	330
1949	7	2570
1949	8	349
1949	9	209
1949	10	246
1949	11	296
1949	12	744
1950	1	546
1950	2	2053
1950	3	1861
1950	4	734
1950	5	1395
1950	6	650
1950	7	279
1950	8	164
1950	9	657
1950	10	488
1950	11	871
1950	12	1933
1951	1	1281
1951	2	2743
1951	3	1389
1951	4	1187
1951	5	580
1951	6	1578
1951	7	550
1951	8	371
1951	9	178
1951	10	134
1951	11	504
1951	12	1129
1952	1	2740
1952	2	1590
1952	3	2467
1952	4	3409
1952	5	1985
1952	6	809
1952	7	758
1952	8	382
1952	9	876
1952	10	213
1952	11	1463
1952	12	1391
1953	1	2402
1953	2	1382
1953	3	2143
1953	4	1425
1953	5	1533
1953	6	763
1953	7	325
1953	8	275
1953	9	200
1953	10	122
1953	11	167
1953	12	806
1954	1	414
1954	2	439
1954	3	1030
1954	4	718
1954	5	824
1954	6	204
1954	7	125
1954	8	177
1954	9	129
1954	10	155
1954	11	251
1954	12	686
1955	1	375
1955	2	990
1955	3	2317
1955	4	823
1955	5	407
1955	6	678
1955	7	295
1955	8	2045
1955	9	483
1955	10	906
1955	11	499
1955	12	245
1956	1	281
1956	2	2304
1956	3	2051
1956	4	1433
1956	5	536
1956	6	342
1956	7	1051
1956	8	280
1956	9	219
1956	10	514
1956	11	1075
1956	12	1203
1957	1	1049
1957	2	1711
1957	3	1218
1957	4	1569
1957	5	427
1957	6	318
1957	7	169
1957	8	97
1957	9	148
1957	10	173
1957	11	362
1957	12	1893
1958	1	1766
1958	2	1031
1958	3	2592
1958	4	2018
1958	5	2301
1958	6	625
1958	7	443
1958	8	293
1958	9	232
1958	10	234
1958	11	402
1958	12	277
1959	1	541
1959	2	794
1959	3	895
1959	4	1024
1959	5	538
1959	6	418
1959	7	244
1959	8	279
1959	9	108
1959	10	162
1959	11	207
1959	12	636
1960	1	861
1960	2	1404
1960	3	1266
1960	4	1924
1960	5	886
1960	6	905
1960	7	371
1960	8	411
1960	9	310
1960	10	155
1960	11	228
1960	12	163
1961	1	672
1961	2	2875
1961	3	2087
1961	4	2633
1961	5	960
1961	6	427
1961	7	236
1961	8	181
1961	9	265
1961	10	119
1961	11	273
1961	12	446
1962	1	989
1962	2	1654
1962	3	2678
1962	4	1647
1962	5	432
1962	6	293
1962	7	147
1962	8	107
1962	9	93
1962	10	166
1962	11	673
1962	12	370
1963	1	647
1963	2	482
1963	3	2754
1963	4	456
1963	5	296
1963	6	549
1963	7	177
1963	8	80
1963	9	59
1963	10	64
1963	11	241
1963	12	328
1964	1	1782
1964	2	1020
1964	3	2154
1964	4	1893
1964	5	974
1964	6	184
1964	7	269
1964	8	131
1964	9	74
1964	10	106
1964	11	157
1964	12	353
1965	1	632
1965	2	1555
1965	3	2058
1965	4	686
1965	5	383
1965	6	187
1965	7	121
1965	8	86
1965	9	81
1965	10	171
1965	11	94
1965	12	107
1966	1	153
1966	2	1381
1966	3	1272
1966	4	796
1966	5	679
1966	6	158
1966	7	64
1966	8	36
1966	9	1524
1966	10	491
1966	11	401
1966	12	668
1967	1	1304
1967	2	876
1967	3	2384
1967	4	676
1967	5	894
1967	6	366
1967	7	506
1967	8	770
1967	9	219
1967	10	345
1967	11	374
1967	12	1459
1968	1	1234
1968	2	737
1968	3	1358
1968	4	524
1968	5	1113
1968	6	849
1968	7	204
1968	8	195
1968	9	335
1968	10	166
1968	11	727
1968	12	502
1969	1	299
1969	2	507
1969	3	807
1969	4	538
1969	5	312
1969	6	247
1969	7	375
1969	8	304
1969	9	606
1969	10	221
1969	11	420
1969	12	965
1970	1	877
1970	2	2274
1970	3	1474
1970	4	2974
1970	5	718
1970	6	624
1970	7	1342
1970	8	294
1970	9	135
1970	10	191
1970	11	1053
1970	12	1329
1971	1	1129
1971	2	3108
1971	3	1581
1971	4	567
1971	5	935
1971	6	628
1971	7	230
1971	8	660
1971	9	464
1971	10	1033
1971	11	1560
1971	12	1654
1972	1	1021
1972	2	2148
1972	3	2197
1972	4	2078
1972	5	1697
1972	6	6826
1972	7	1285
1972	8	412
1972	9	215
1972	10	229
1972	11	1273
1972	12	3006
1973	1	1826
1973	2	2266
1973	3	1469
1973	4	3073
1973	5	1678
1973	6	1075
1973	7	476
1973	8	412
1973	9	476
1973	10	368
1973	11	330
1973	12	2147
1974	1	2212
1974	2	733
1974	3	1166
1974	4	2150
1974	5	812
1974	6	458
1974	7	230
1974	8	158
1974	9	500
1974	10	181
1974	11	227
1974	12	1319
1975	1	1435
1975	2	1810
1975	3	2285
1975	4	1285
1975	5	1724
1975	6	1902
1975	7	870
1975	8	357
1975	9	5165
1975	10	2215
1975	11	1591
1975	12	1031
1976	1	2623
1976	2	1360
1976	3	979
1976	4	1379
1976	5	523
1976	6	619
1976	7	430
1976	8	240
1976	9	259
1976	10	3942
1976	11	862
1976	12	696
1977	1	300
1977	2	601
1977	3	2183
1977	4	2294
1977	5	418
1977	6	283
1977	7	158
1977	8	190
1977	9	108
1977	10	248
1977	11	1273
1977	12	2701
1978	1	3058
1978	2	785
1978	3	3478
1978	4	907
1978	5	1998
1978	6	471
1978	7	689
1978	8	258
1978	9	200
1978	10	148
1978	11	194
1978	12	1060
1979	1	3664
1979	2	2976
1979	3	2743
1979	4	1429
1979	5	952
1979	6	662
1979	7	284
1979	8	626
1979	9	2694
1979	10	2887
1979	11	990
1979	12	708
1980	1	836
1980	2	454
1980	3	2332
1980	4	2124
1980	5	1544
1980	6	549
1980	7	260
1980	8	155
1980	9	102
1980	10	147
1980	11	310
1980	12	174
1981	1	122
1981	2	1970
1981	3	589
1981	4	1251
1981	5	457
1981	6	886
1981	7	372
1981	8	160
1981	9	193
1981	10	219
1981	11	187
1981	12	319
1982	1	850
1982	2	2179
1982	3	1326
1982	4	1302
1982	5	483
1982	6	1599
1982	7	331
1982	8	172
1982	9	156
1982	10	145
1982	11	271
1982	12	350
1983	1	467
1983	2	1384
1983	3	2493
1983	4	4532
1983	5	1415
1983	6	1144
1983	7	325
1983	8	176
1983	9	112
1983	10	290
1983	11	872
1983	12	2746
1984	1	819
1984	2	4062
1984	3	2981
1984	4	3027
1984	5	2184
1984	6	645
1984	7	861
1984	8	1408
1984	9	252
1984	10	371
1984	11	712
1984	12	942
1985	1	530
1985	2	1945
1985	3	871
1985	4	734
1985	5	599
1985	6	278
1985	7	343
1985	8	214
1985	9	165
1985	10	213
1985	11	1600
1985	12	1166
1986	1	418
1986	2	2034
1986	3	1665
1986	4	973
1986	5	399
1986	6	228
1986	7	140
1986	8	126
1986	9	117
1986	10	92
1986	11	468
1986	12	1709
1987	1	1228
1987	2	969
1987	3	1298
1987	4	1728
1987	5	816
1987	6	397
1987	7	511
1987	8	98
1987	9	602
1987	10	247
1987	11	1286
1987	12	1037
1988	1	1087
1988	2	1435
1988	3	791
1988	4	590
1988	5	2744
1988	6	416
1988	7	223
1988	8	144
1988	9	135
1988	10	122
1988	11	311
1988	12	226
1989	1	787
1989	2	723
1989	3	1502
1989	4	735
1989	5	3773
1989	6	1593
1989	7	789
1989	8	333
1989	9	187
1989	10	591
1989	11	456
1989	12	259
1990	1	1491
1990	2	1271
1990	3	664
1990	4	1054
1990	5	1623
1990	6	662
1990	7	396
1990	8	455
1990	9	202
1990	10	1358
1990	11	786
1990	12	1857
1991	1	2441
1991	2	1003
1991	3	1580
1991	4	923
1991	5	484
1991	6	192
1991	7	116
1991	8	153
1991	9	237
1991	10	150
1991	11	257
1991	12	857
1992	1	482
1992	2	699
1992	3	1965
1992	4	1311
1992	5	632
1992	6	665
1992	7	766
1992	8	299
1992	9	397
1992	10	336
1992	11	1643
1992	12	2312
1993	1	1357
1993	2	781
1993	3	5850
1993	4	4400
1993	5	938
1993	6	588
1993	7	285
1993	8	234
1993	9	489
1993	10	322
1993	11	1528
1993	12	2360
1994	1	976
1994	2	2344
1994	3	5329
1994	4	1703
1994	5	781
1994	6	335
1994	7	298
1994	8	486
1994	9	270
1994	10	223
1994	11	819
1994	12	1105
1995	1	2083
1995	2	699
1995	3	930
1995	4	431
1995	5	480
1995	6	536
1995	7	578
1995	8	148
1995	9	106
1995	10	365
1995	11	1062
1995	12	825
1996	1	4158
1996	2	1915
1996	3	1758
1996	4	1708
1996	5	1572
1996	6	2813
1996	7	2130
1996	8	1371
1996	9	2147
1996	10	1895
1996	11	1690
1996	12	3606
1997	1	1077
1997	2	1272
1997	3	1922
1997	4	842
1997	5	416
1997	6	344
1997	7	133
1997	8	116
1997	9	154
1997	10	113
1997	11	971
1997	12	491
1998	1	3251
1998	2	3427
1998	3	3427
1998	4	1831
1998	5	2161
1998	6	689
1998	7	319
1998	8	248
1998	9	114
1998	10	170
1998	11	145
1998	12	131
1999	1	1136
1999	2	591
1999	3	1219
1999	4	1117
1999	5	338
1999	6	152
1999	7	93
1999	8	134
1999	9	732
1999	10	971
1999	11	328
1999	12	862
2000	1	436
2000	2	1663
2000	3	2035
2000	4	1732
2000	5	728
2000	6	564
2000	7	537
2000	8	306
2000	9	726
2000	10	275
2000	11	275
2000	12	1186
2001	1	799
2001	2	1035
2001	3	1577
2001	4	1285
2001	5	436
2001	6	340
2001	7	152
2001	8	111
2001	9	115
2001	10	89
2001	11	128
2001	12	135
2002	1	170
2002	2	154
2002	3	611
2002	4	375
2002	5	399
2002	6	191
2002	7	68
2002	8	62
2002	9	149
2002	10	666
2002	11	1292
2002	12	1746
2003	1	1779
2003	2	1323
2003	3	3294
2003	4	1503
2003	5	2300
2003	6	3275
2003	7	628
2003	8	560
2003	9	2791
2003	10	1388
2003	11	1854
2003	12	2949
2004	1	657
2004	2	2228
2004	3	1243
2004	4	2306
2004	5	1117
2004	6	1388
2004	7	451
2004	8	530
2004	9	1223
2004	10	555
2004	11	796
2004	12	1739
2005	1	1798
2005	2	1053
2005	3	2203
2005	4	2126
2005	5	606
2005	6	322
2005	7	1059
2005	8	238
2005	9	128
2005	10	745
2005	11	784
2005	12	1249
2006	1	1852
2006	2	1649
2006	3	469
2006	4	538
2006	5	450
2006	6	1115
2006	7	457
2006	8	123
2006	9	336
2006	10	545
2006	11	1679
2006	12	958
2007	1	1308
2007	2	802
2007	3	2665
2007	4	1528
2007	5	480
2007	6	231
2007	7	127
2007	8	163
2007	9	76
2007	10	109
2007	11	180
2007	12	759
2008	1	488
2008	2	1614
2008	3	1735
2008	4	1810
2008	5	2224
2008	6	670
2008	7	265
2008	8	117
2008	9	556
2008	10	302
2008	11	363
2008	12	2039
2009	1	800
2009	2	537
2009	3	435
2009	4	1508
2009	5	1661
2009	6	1160
2009	7	326
2009	8	473
2009	9	261
2009	10	1049
2009	11	889
2009	12	2979
2010	1	1886
2010	2	1280
2010	3	3376
2010	4	901
2010	5	702
2010	6	307
2010	7	143
2010	8	248
2010	9	136
2010	10	643
2010	11	455
2010	12	715
2011	1	224
2011	2	1421
2011	3	2823
2011	4	3283
2011	5	1330
2011	6	312
2011	7	212
2011	8	153
2011	9	2839
2011	10	1579
2011	11	2423
2011	12	2016
2012	1	1492
2012	2	830
2012	3	1242
2012	4	619
2012	5	784
2012	6	939
2012	7	356
2012	8	283
2012	9	820
2012	10	2232
2012	11	1031
2012	12	1308
2013	1	1982
2013	2	1716
2013	3	1525
2013	4	726
2013	5	710
2013	6	558
2013	7	241
2013	8	240
2013	9	124
2013	10	980
2013	11	491
2013	12	2043
2014	1	1439
2014	2	2374
2014	3	1909
2014	4	1944
2014	5	3342
2014	6	1298
2014	7	499
2014	8	426
2014	9	205
2014	10	449
2014	11	487
2014	12	1360
2015	1	1016
2015	2	337
2015	3	2802
2015	4	1116
2015	5	555
2015	6	1897
2015	7	777
2015	8	260
2015	9	371
