1940	1	30
1940	2	69
1940	3	69
1940	4	119
1940	5	57
1940	6	27
1940	7	22
1940	8	17
1940	9	17
1940	10	17
1940	11	60
1940	12	47
1941	1	61
1941	2	50
1941	3	61
1941	4	69
1941	5	28
1941	6	32
1941	7	27
1941	8	18
1941	9	5
1941	10	4
1941	11	8
1941	12	19
1942	1	18
1942	2	30
1942	3	47
1942	4	59
1942	5	32
1942	6	23
1942	7	18
1942	8	36
1942	9	12
1942	10	120
1942	11	37
1942	12	63
1943	1	48
1943	2	91
1943	3	90
1943	4	75
1943	5	75
1943	6	47
1943	7	23
1943	8	6
1943	9	18
1943	10	17
1943	11	59
1943	12	31
1944	1	77
1944	2	34
1944	3	85
1944	4	70
1944	5	40
1944	6	23
1944	7	8
1944	8	15
1944	9	23
1944	10	24
1944	11	31
1944	12	57
1945	1	88
1945	2	74
1945	3	56
1945	4	45
1945	5	40
1945	6	66
1945	7	191
1945	8	102
1945	9	61
1945	10	37
1945	11	65
1945	12	113
1946	1	78
1946	2	96
1946	3	75
1946	4	51
1946	5	92
1946	6	66
1946	7	37
1946	8	30
1946	9	18
1946	10	20
1946	11	23
1946	12	29
1947	1	56
1947	2	34
1947	3	50
1947	4	38
1947	5	60
1947	6	40
1947	7	29
1947	8	23
1947	9	20
1947	10	16
1947	11	58
1947	12	31
1948	1	77
1948	2	92
1948	3	76
1948	4	58
1948	5	104
1948	6	74
1948	7	38
1948	8	71
1948	9	25
1948	10	33
1948	11	88
1948	12	118
1949	1	146
1949	2	141
1949	3	109
1949	4	88
1949	5	109
1949	6	50
1949	7	48
1949	8	32
1949	9	26
1949	10	32
1949	11	29
1949	12	42
1950	1	40
1950	2	91
1950	3	92
1950	4	47
1950	5	83
1950	6	85
1950	7	51
1950	8	34
1950	9	75
1950	10	47
1950	11	77
1950	12	103
1951	1	67
1951	2	123
1951	3	82
1951	4	88
1951	5	55
1951	6	164
1951	7	42
1951	8	22
1951	9	15
1951	10	13
1951	11	45
1951	12	65
1952	1	93
1952	2	72
1952	3	89
1952	4	194
1952	5	122
1952	6	74
1952	7	72
1952	8	44
1952	9	110
1952	10	26
1952	11	164
1952	12	95
1953	1	126
1953	2	83
1953	3	198
1953	4	120
1953	5	151
1953	6	66
1953	7	40
1953	8	58
1953	9	45
1953	10	24
1953	11	29
1953	12	79
1954	1	48
1954	2	38
1954	3	64
1954	4	73
1954	5	41
1954	6	27
1954	7	18
1954	8	25
1954	9	6
1954	10	16
1954	11	16
1954	12	27
1955	1	18
1955	2	56
1955	3	60
1955	4	37
1955	5	24
1955	6	26
1955	7	9
1955	8	173
1955	9	22
1955	10	61
1955	11	29
1955	12	20
1956	1	36
1956	2	75
1956	3	90
1956	4	51
1956	5	33
1956	6	21
1956	7	116
1956	8	17
1956	9	30
1956	10	29
1956	11	33
1956	12	46
1957	1	43
1957	2	66
1957	3	62
1957	4	90
1957	5	45
1957	6	45
1957	7	10
1957	8	9
1957	9	27
1957	10	13
1957	11	16
1957	12	100
1958	1	82
1958	2	72
1958	3	138
1958	4	96
1958	5	89
1958	6	61
1958	7	127
1958	8	55
1958	9	21
1958	10	20
1958	11	27
1958	12	26
1959	1	47
1959	2	44
1959	3	46
1959	4	63
1959	5	41
1959	6	33
1959	7	44
1959	8	46
1959	9	35
1959	10	31
1959	11	41
1959	12	48
1960	1	54
1960	2	98
1960	3	64
1960	4	95
1960	5	82
1960	6	42
1960	7	52
1960	8	55
1960	9	57
1960	10	24
1960	11	26
1960	12	25
1961	1	58
1961	2	169
1961	3	108
1961	4	135
1961	5	83
1961	6	64
1961	7	44
1961	8	57
1961	9	16
1961	10	26
1961	11	27
1961	12	46
1962	1	48
1962	2	81
1962	3	123
1962	4	84
1962	5	63
1962	6	66
1962	7	26
1962	8	11
1962	9	13
1962	10	12
1962	11	59
1962	12	25
1963	1	47
1963	2	54
1963	3	111
1963	4	35
1963	5	29
1963	6	73
1963	7	13
1963	8	58
1963	9	26
1963	10	11
1963	11	89
1963	12	37
1964	1	131
1964	2	81
1964	3	83
1964	4	96
1964	5	50
1964	6	28
1964	7	20
1964	8	19
1964	9	16
1964	10	15
1964	11	21
1964	12	51
1965	1	52
1965	2	64
1965	3	123
1965	4	53
1965	5	39
1965	6	26
1965	7	23
1965	8	41
1965	9	20
1965	10	48
1965	11	10
1965	12	13
1966	1	24
1966	2	104
1966	3	49
1966	4	65
1966	5	59
1966	6	29
1966	7	16
1966	8	8
1966	9	127
1966	10	63
1966	11	30
1966	12	41
1967	1	56
1967	2	52
1967	3	112
1967	4	49
1967	5	66
1967	6	29
1967	7	55
1967	8	146
1967	9	23
1967	10	28
1967	11	27
1967	12	98
1968	1	85
1968	2	31
1968	3	79
1968	4	43
1968	5	64
1968	6	85
1968	7	44
1968	8	21
1968	9	32
1968	10	22
1968	11	53
1968	12	41
1969	1	34
1969	2	53
1969	3	38
1969	4	29
1969	5	32
1969	6	58
1969	7	43
1969	8	125
1969	9	62
1969	10	23
1969	11	29
1969	12	82
1970	1	62
1970	2	79
1970	3	63
1970	4	133
1970	5	70
1970	6	64
1970	7	118
1970	8	49
1970	9	23
1970	10	30
1970	11	85
1970	12	69
1971	1	58
1971	2	191
1971	3	83
1971	4	61
1971	5	126
1971	6	71
1971	7	49
1971	8	143
1971	9	88
1971	10	138
1971	11	113
1971	12	77
1972	1	79
1972	2	182
1972	3	125
1972	4	149
1972	5	133
1972	6	455
1972	7	172
1972	8	49
1972	9	28
1972	10	52
1972	11	150
1972	12	184
1973	1	93
1973	2	120
1973	3	89
1973	4	215
1973	5	106
1973	6	81
1973	7	98
1973	8	70
1973	9	64
1973	10	36
1973	11	29
1973	12	131
1974	1	107
1974	2	56
1974	3	92
1974	4	98
1974	5	63
1974	6	65
1974	7	23
1974	8	33
1974	9	56
1974	10	26
1974	11	31
1974	12	126
1975	1	69
1975	2	72
1975	3	124
1975	4	70
1975	5	108
1975	6	51
1975	7	164
1975	8	65
1975	9	276
1975	10	99
1975	11	68
1975	12	71
1976	1	158
1976	2	74
1976	3	62
1976	4	79
1976	5	62
1976	6	43
1976	7	53
1976	8	38
1976	9	47
1976	10	97
1976	11	34
1976	12	44
1977	1	26
1977	2	35
1977	3	77
1977	4	69
1977	5	31
1977	6	35
1977	7	37
1977	8	46
1977	9	9
1977	10	45
1977	11	66
1977	12	125
1978	1	200
1978	2	72
1978	3	109
1978	4	63
1978	5	133
1978	6	55
1978	7	66
1978	8	109
1978	9	27
1978	10	26
1978	11	37
1978	12	76
1979	1	196
1979	2	209
1979	3	153
1979	4	95
1979	5	75
1979	6	124
1979	7	57
1979	8	122
1979	9	348
1979	10	195
1979	11	83
1979	12	54
1980	1	81
1980	2	47
1980	3	132
1980	4	112
1980	5	122
1980	6	62
1980	7	51
1980	8	34
1980	9	19
1980	10	27
1980	11	39
1980	12	22
1981	1	18
1981	2	71
1981	3	32
1981	4	40
1981	5	54
1981	6	49
1981	7	55
1981	8	42
1981	9	30
1981	10	22
1981	11	15
1981	12	32
1982	1	41
1982	2	128
1982	3	61
1982	4	66
1982	5	46
1982	6	79
1982	7	36
1982	8	24
1982	9	32
1982	10	23
1982	11	41
1982	12	45
1983	1	35
1983	2	64
1983	3	117
1983	4	189
1983	5	113
1983	6	104
1983	7	35
1983	8	30
1983	9	17
1983	10	55
1983	11	87
1983	12	167
1984	1	68
1984	2	127
1984	3	150
1984	4	150
1984	5	113
1984	6	46
1984	7	67
1984	8	65
1984	9	21
1984	10	33
1984	11	47
1984	12	40
1985	1	35
1985	2	114
1985	3	43
1985	4	33
1985	5	53
1985	6	40
1985	7	54
1985	8	16
1985	9	46
1985	10	30
1985	11	69
1985	12	37
1986	1	42
1986	2	73
1986	3	45
1986	4	64
1986	5	40
1986	6	18
1986	7	26
1986	8	26
1986	9	9
1986	10	12
1986	11	57
1986	12	100
1987	1	69
1987	2	61
1987	3	77
1987	4	90
1987	5	57
1987	6	59
1987	7	31
1987	8	13
1987	9	127
1987	10	39
1987	11	76
1987	12	66
1988	1	73
1988	2	79
1988	3	62
1988	4	59
1988	5	156
1988	6	32
1988	7	48
1988	8	32
1988	9	28
1988	10	19
1988	11	58
1988	12	28
1989	1	57
1989	2	63
1989	3	101
1989	4	72
1989	5	232
1989	6	127
1989	7	86
1989	8	27
1989	9	48
1989	10	79
1989	11	55
1989	12	27
1990	1	88
1990	2	62
1990	3	62
1990	4	98
1990	5	105
1990	6	54
1990	7	65
1990	8	94
1990	9	22
1990	10	109
1990	11	72
1990	12	94
1991	1	112
1991	2	47
1991	3	126
1991	4	62
1991	5	35
1991	6	39
1991	7	44
1991	8	18
1991	9	34
1991	10	26
1991	11	29
1991	12	67
1992	1	56
1992	2	51
1992	3	73
1992	4	64
1992	5	73
1992	6	46
1992	7	57
1992	8	36
1992	9	54
1992	10	33
1992	11	88
1992	12	109
1993	1	74
1993	2	62
1993	3	221
1993	4	183
1993	5	81
1993	6	39
1993	7	23
1993	8	45
1993	9	26
1993	10	23
1993	11	111
1993	12	105
1994	1	114
1994	2	143
1994	3	186
1994	4	89
1994	5	72
1994	6	45
1994	7	63
1994	8	84
1994	9	45
1994	10	23
1994	11	37
1994	12	42
1995	1	93
1995	2	44
1995	3	64
1995	4	42
1995	5	70
1995	6	45
1995	7	44
1995	8	47
1995	9	25
1995	10	59
1995	11	88
1995	12	49
1996	1	181
1996	2	74
1996	3	93
1996	4	99
1996	5	105
1996	6	117
1996	7	91
1996	8	73
1996	9	181
1996	10	103
1996	11	112
1996	12	161
1997	1	94
1997	2	93
1997	3	138
1997	4	72
1997	5	68
1997	6	60
1997	7	22
1997	8	27
1997	9	19
1997	10	28
1997	11	87
1997	12	36
1998	1	108
1998	2	176
1998	3	162
1998	4	83
1998	5	123
1998	6	78
1998	7	33
1998	8	17
1998	9	14
1998	10	16
1998	11	16
1998	12	17
1999	1	79
1999	2	45
1999	3	77
1999	4	48
1999	5	31
1999	6	20
1999	7	9
1999	8	30
1999	9	156
1999	10	46
1999	11	36
1999	12	57
2000	1	38
2000	2	74
2000	3	92
2000	4	106
2000	5	42
2000	6	69
2000	7	48
2000	8	48
2000	9	61
2000	10	15
2000	11	23
2000	12	47
2001	1	47
2001	2	54
2001	3	82
2001	4	62
2001	5	74
2001	6	131
2001	7	62
2001	8	64
2001	9	34
2001	10	12
2001	11	21
2001	12	24
2002	1	25
2002	2	17
2002	3	51
2002	4	51
2002	5	59
2002	6	28
2002	7	25
2002	8	28
2002	9	28
2002	10	52
2002	11	81
2002	12	87
2003	1	81
2003	2	121
2003	3	152
2003	4	85
2003	5	138
2003	6	211
2003	7	114
2003	8	61
2003	9	147
2003	10	86
2003	11	142
2003	12	192
2004	1	61
2004	2	129
2004	3	70
2004	4	124
2004	5	72
2004	6	59
2004	7	91
2004	8	54
2004	9	35
2004	10	35
2004	11	82
2004	12	99
2005	1	102
2005	2	42
2005	3	137
2005	4	170
2005	5	83
2005	6	57
2005	7	109
2005	8	25
2005	9	6
2005	10	145
2005	11	37
2005	12	57
2006	1	68
2006	2	66
2006	3	29
2006	4	59
2006	5	29
2006	6	284
2006	7	91
2006	8	11
2006	9	50
2006	10	56
2006	11	125
2006	12	44
2007	1	59
2007	2	51
2007	3	98
2007	4	97
2007	5	31
2007	6	47
2007	7	14
2007	8	20
2007	9	5
2007	10	37
2007	11	16
2007	12	38
2008	1	22
2008	2	76
2008	3	73
2008	4	102
2008	5	142
2008	6	64
2008	7	30
2008	8	16
2008	9	71
2008	10	24
2008	11	24
2008	12	61
2009	1	53
2009	2	23
2009	3	39
2009	4	80
2009	5	144
2009	6	147
2009	7	29
2009	8	56
2009	9	31
2009	10	78
2009	11	82
2009	12	183
2010	1	74
2010	2	87
2010	3	130
2010	4	65
2010	5	60
2010	6	36
2010	7	53
2010	8	109
2010	9	60
2010	10	89
2010	11	43
2010	12	45
2011	1	28
2011	2	67
2011	3	145
2011	4	105
2011	5	52
2011	6	22
2011	7	37
2011	8	53
2011	9	154
2011	10	76
2011	11	57
2011	12	112
2012	1	69
2012	2	46
2012	3	79
2012	4	41
2012	5	52
2012	6	54
2012	7	57
2012	8	37
2012	9	25
2012	10	139
2012	11	61
2012	12	72
2013	1	73
2013	2	71
2013	3	75
2013	4	49
2013	5	52
2013	6	132
2013	7	63
2013	8	20
2013	9	26
2013	10	90
2013	11	46
2013	12	105
2014	1	82
2014	2	121
2014	3	105
2014	4	178
2014	5	249
2014	6	77
2014	7	64
2014	8	97
2014	9	47
2014	10	56
2014	11	55
2014	12	84
2015	1	94
2015	2	48
2015	3	143
2015	4	95
2015	5	53
2015	6	144
2015	7	42
2015	8	16
2015	9	18
