1942	10	860
1942	11	169
1942	12	311
1943	1	296
1943	2	572
1943	3	376
1943	4	318
1943	5	205
1943	6	59
1943	7	31
1943	8	4
1943	9	3
1943	10	8
1943	11	59
1943	12	49
1944	1	189
1944	2	171
1944	3	517
1944	4	380
1944	5	127
1944	6	29
1944	7	46
1944	8	94
1944	9	87
1944	10	152
1944	11	101
1944	12	254
1945	1	361
1945	2	198
1945	3	176
1945	4	193
1945	5	177
1945	6	63
1945	7	852
1945	8	439
1945	9	135
1945	10	74
1945	11	141
1945	12	481
1946	1	391
1946	2	404
1946	3	387
1946	4	325
1946	5	627
1946	6	204
1946	7	349
1946	8	251
1946	9	65
1946	10	76
1946	11	87
1946	12	145
1947	1	538
1947	2	187
1947	3	341
1947	4	228
1947	5	162
1947	6	124
1947	7	133
1947	8	31
1947	9	34
1947	10	34
1947	11	289
1947	12	142
1948	1	341
1948	2	342
1948	3	440
1948	4	544
1948	5	420
1948	6	137
1948	7	42
1948	8	609
1948	9	81
1948	10	185
1948	11	245
1948	12	1041
1949	1	779
1949	2	501
1949	3	492
1949	4	336
1949	5	339
1949	6	105
1949	7	333
1949	8	124
1949	9	58
1949	10	58
1949	11	130
1949	12	130
1950	1	140
1950	2	314
1950	3	443
1950	4	205
1950	5	456
1950	6	138
1950	7	82
1950	8	33
1950	9	364
1950	10	150
1950	11	135
1950	12	336
1951	1	184
1951	2	338
1951	3	441
1951	4	451
1951	5	174
1951	6	178
1951	7	73
1951	8	46
1951	9	47
1951	10	22
1951	11	202
1951	12	463
1952	1	491
1952	2	416
1952	3	560
1952	4	615
1952	5	356
1952	6	144
1952	7	95
1952	8	70
1952	9	200
1952	10	40
1952	11	485
1952	12	275
1953	1	540
1953	2	346
1953	3	657
1953	4	443
1953	5	305
1953	6	107
1953	7	15
1953	8	14
1953	9	4
1953	10	11
1953	11	33
1953	12	87
1954	1	169
1954	2	123
1954	3	258
1954	4	156
1954	5	124
1954	6	21
1954	7	9
1954	8	4
1954	9	0
1954	10	1
1954	11	10
1954	12	52
1955	1	60
1955	2	121
1955	3	349
1955	4	216
1955	5	56
1955	6	79
1955	7	22
1955	8	938
1955	9	44
1955	10	74
1955	11	85
1955	12	62
1956	1	85
1956	2	295
1956	3	240
1956	4	235
1956	5	80
1956	6	71
1956	7	147
1956	8	70
1956	9	43
1956	10	146
1956	11	445
1956	12	231
1957	1	231
1957	2	459
1957	3	455
1957	4	273
1957	5	93
1957	6	72
1957	7	11
1957	8	16
1957	9	24
1957	10	186
1957	11	186
1957	12	654
1958	1	511
1958	2	427
1958	3	866
1958	4	592
1958	5	345
1958	6	172
1958	7	54
1958	8	222
1958	9	43
1958	10	104
1958	11	116
1958	12	164
1959	1	340
1959	2	201
1959	3	210
1959	4	363
1959	5	86
1959	6	139
1959	7	63
1959	8	27
1959	9	36
1959	10	50
1959	11	69
1959	12	174
1960	1	230
1960	2	533
1960	3	417
1960	4	554
1960	5	538
1960	6	147
1960	7	81
1960	8	62
1960	9	320
1960	10	123
1960	11	124
1960	12	113
1961	1	313
1961	2	1061
1961	3	627
1961	4	575
1961	5	421
1961	6	104
1961	7	66
1961	8	100
1961	9	31
1961	10	61
1961	11	87
1961	12	337
1962	1	331
1962	2	315
1962	3	891
1962	4	493
1962	5	146
1962	6	136
1962	7	58
1962	8	22
1962	9	15
1962	10	16
1962	11	225
1962	12	136
1963	1	344
1963	2	243
1963	3	920
1963	4	139
1963	5	63
1963	6	291
1963	7	9
1963	8	1
1963	9	1
1963	10	2
1963	11	86
1963	12	138
1964	1	488
1964	2	630
1964	3	269
1964	4	322
1964	5	192
1964	6	37
1964	7	32
1964	8	43
1964	9	8
1964	10	77
1964	11	79
1964	12	211
1965	1	316
1965	2	362
1965	3	486
1965	4	272
1965	5	103
1965	6	84
1965	7	78
1965	8	45
1965	9	26
1965	10	38
1965	11	28
1965	12	33
1966	1	58
1966	2	316
1966	3	266
1966	4	155
1966	5	186
1966	6	46
1966	7	19
1966	8	3
1966	9	116
1966	10	221
1966	11	81
1966	12	139
1967	1	232
1967	2	229
1967	3	397
1967	4	152
1967	5	211
1967	6	57
1967	7	21
1967	8	41
1967	9	6
1967	10	5
1967	11	27
1967	12	246
1968	1	285
1968	2	112
1968	3	384
1968	4	103
1968	5	129
1968	6	204
1968	7	41
1968	8	105
1968	9	10
1968	10	15
1968	11	114
1968	12	97
1969	1	182
1969	2	254
1969	3	375
1969	4	171
1969	5	63
1969	6	39
1969	7	48
1969	8	782
1969	9	58
1969	10	32
1969	11	70
1969	12	310
1970	1	462
1970	2	446
1970	3	296
1970	4	633
1970	5	202
1970	6	42
1970	7	67
1970	8	12
1970	9	4
1970	10	4
1970	11	220
1970	12	207
1971	1	345
1971	2	743
1971	3	417
1971	4	406
1971	5	389
1971	6	480
1971	7	53
1971	8	175
1971	9	100
1971	10	667
1971	11	363
1971	12	372
1972	1	336
1972	2	877
1972	3	507
1972	4	452
1972	5	706
1972	6	1111
1972	7	574
1972	8	197
1972	9	48
1972	10	199
1972	11	721
1972	12	659
1973	1	448
1973	2	802
1973	3	506
1973	4	882
1973	5	310
1973	6	84
1973	7	52
1973	8	164
1973	9	41
1973	10	85
1973	11	81
1973	12	638
1974	1	421
1974	2	256
1974	3	335
1974	4	429
1974	5	214
1974	6	183
1974	7	62
1974	8	66
1974	9	246
1974	10	44
1974	11	62
1974	12	315
1975	1	352
1975	2	364
1975	3	946
1975	4	350
1975	5	260
1975	6	129
1975	7	466
1975	8	47
1975	9	714
1975	10	232
1975	11	177
1975	12	201
1976	1	839
1976	2	402
1976	3	301
1976	4	393
1976	5	151
1976	6	120
1976	7	51
1976	8	19
1976	9	57
1976	10	363
1976	11	228
1976	12	312
1977	1	196
1977	2	255
1977	3	196
1977	4	151
1977	5	90
1977	6	17
1977	7	8
1977	8	0
1977	9	3
1977	10	38
1977	11	176
1977	12	476
1978	1	1173
1978	2	297
1978	3	563
1978	4	400
1978	5	678
1978	6	147
1978	7	102
1978	8	98
1978	9	14
1978	10	11
1978	11	36
1978	12	151
1979	1	562
1979	2	947
1979	3	768
1979	4	440
1979	5	200
1979	6	353
1979	7	96
1979	8	119
1979	9	322
1979	10	855
1979	11	353
1979	12	241
1980	1	647
1980	2	263
1980	3	561
1980	4	455
1980	5	335
1980	6	68
1980	7	25
1980	8	6
1980	9	2
1980	10	21
1980	11	49
1980	12	39
1981	1	34
1981	2	157
1981	3	79
1981	4	105
1981	5	178
1981	6	29
1981	7	27
1981	8	10
1981	9	3
1981	10	23
1981	11	16
1981	12	86
1982	1	149
1982	2	470
1982	3	345
1982	4	193
1982	5	69
1982	6	250
1982	7	113
1982	8	209
1982	9	31
1982	10	49
1982	11	104
1982	12	275
1983	1	174
1983	2	346
1983	3	597
1983	4	1163
1983	5	455
1983	6	160
1983	7	47
1983	8	5
1983	9	2
1983	10	43
1983	11	239
1983	12	413
1984	1	334
1984	2	587
1984	3	1078
1984	4	1058
1984	5	294
1984	6	78
1984	7	309
1984	8	238
1984	9	27
1984	10	74
1984	11	153
1984	12	227
1985	1	229
1985	2	503
1985	3	178
1985	4	108
1985	5	58
1985	6	119
1985	7	13
1985	8	180
1985	9	30
1985	10	250
1985	11	648
1985	12	447
1986	1	204
1986	2	365
1986	3	241
1986	4	195
1986	5	101
1986	6	18
1986	7	17
1986	8	27
1986	9	8
1986	10	14
1986	11	47
1986	12	341
1987	1	286
1987	2	365
1987	3	303
1987	4	631
1987	5	405
1987	6	208
1987	7	29
1987	8	10
1987	9	49
1987	10	41
1987	11	147
1987	12	357
1988	1	468
1988	2	395
1988	3	214
1988	4	214
1988	5	311
1988	6	43
1988	7	38
1988	8	18
1988	9	8
1988	10	11
1988	11	92
1988	12	96
1989	1	105
1989	2	185
1989	3	524
1989	4	317
1989	5	681
1989	6	210
1989	7	110
1989	8	119
1989	9	357
1989	10	293
1989	11	333
1989	12	213
1990	1	591
1990	2	422
1990	3	317
1990	4	427
1990	5	465
1990	6	219
1990	7	70
1990	8	55
1990	9	20
1990	10	75
1990	11	102
1990	12	170
1991	1	490
1991	2	129
1991	3	253
1991	4	232
1991	5	66
1991	6	18
1991	7	19
1991	8	8
1991	9	0
1991	10	1
1991	11	5
1991	12	95
1992	1	136
1992	2	122
1992	3	252
1992	4	158
1992	5	94
1992	6	92
1992	7	157
1992	8	81
1992	9	24
1992	10	58
1992	11	120
1992	12	434
1993	1	451
1993	2	281
1993	3	1214
1993	4	842
1993	5	332
1993	6	98
1993	7	22
1993	8	17
1993	9	17
1993	10	16
1993	11	304
1993	12	445
1994	1	448
1994	2	973
1994	3	1540
1994	4	490
1994	5	164
1994	6	38
1994	7	125
1994	8	178
1994	9	87
1994	10	51
1994	11	83
1994	12	101
1995	1	337
1995	2	182
1995	3	301
1995	4	128
1995	5	178
1995	6	142
1995	7	103
1995	8	15
1995	9	2
1995	10	196
1995	11	215
1995	12	253
1996	1	805
1996	2	517
1996	3	373
1996	4	489
1996	5	259
1996	6	161
1996	7	188
1996	8	181
1996	9	426
1996	10	457
1996	11	359
1996	12	711
1997	1	363
1997	2	489
1997	3	556
1997	4	331
1997	5	151
1997	6	114
1997	7	56
1997	8	22
1997	9	5
1997	10	15
1997	11	257
1997	12	142
1998	1	770
1998	2	1705
1998	3	1177
1998	4	638
1998	5	383
1998	6	153
1998	7	38
1998	8	8
1998	9	2
1998	10	1
1998	11	5
1998	12	15
1999	1	87
1999	2	68
1999	3	346
1999	4	96
1999	5	22
1999	6	4
1999	7	5
1999	8	1
1999	9	85
1999	10	105
1999	11	53
1999	12	122
2000	1	95
2000	2	156
2000	3	207
2000	4	433
2000	5	98
2000	6	133
2000	7	142
2000	8	91
2000	9	57
2000	10	9
2000	11	25
2000	12	85
2001	1	141
2001	2	122
2001	3	261
2001	4	299
2001	5	162
2001	6	111
2001	7	18
2001	8	24
2001	9	2
2001	10	0
2001	11	0
2001	12	15
2002	1	38
2002	2	26
2002	3	56
2002	4	69
2002	5	59
2002	6	9
2002	7	0
2002	8	0
2002	9	1
2002	10	0
2002	11	151
2002	12	279
2003	1	253
2003	2	775
2003	3	691
2003	4	492
2003	5	472
2003	6	438
2003	7	130
2003	8	50
2003	9	495
2003	10	119
2003	11	713
2003	12	974
2004	1	297
2004	2	545
2004	3	241
2004	4	434
2004	5	122
2004	6	86
2004	7	122
2004	8	192
2004	9	199
2004	10	131
2004	11	377
2004	12	328
2005	1	408
2005	2	243
2005	3	438
2005	4	369
2005	5	200
2005	6	53
2005	7	38
2005	8	26
2005	9	2
2005	10	144
2005	11	92
2005	12	299
2006	1	334
2006	2	309
2006	3	109
2006	4	200
2006	5	133
2006	6	217
2006	7	146
2006	8	11
2006	9	254
2006	10	302
2006	11	818
2006	12	252
2007	1	490
2007	2	249
2007	3	617
2007	4	375
2007	5	138
2007	6	53
2007	7	9
2007	8	6
2007	9	1
2007	10	30
2007	11	23
2007	12	57
2008	1	84
2008	2	217
2008	3	257
2008	4	408
2008	5	931
2008	6	231
2008	7	70
2008	8	16
2008	9	112
2008	10	23
2008	11	62
2008	12	239
2009	1	195
2009	2	95
2009	3	167
2009	4	254
2009	5	273
2009	6	830
2009	7	56
2009	8	27
2009	9	9
2009	10	40
2009	11	454
2009	12	942
2010	1	454
2010	2	599
2010	3	750
2010	4	340
2010	5	110
2010	6	42
2010	7	4
2010	8	14
2010	9	1
2010	10	69
2010	11	79
2010	12	81
2011	1	96
2011	2	140
2011	3	475
2011	4	230
2011	5	322
2011	6	58
2011	7	13
2011	8	32
2011	9	466
2011	10	237
2011	11	266
2011	12	744
2012	1	299
2012	2	275
2012	3	388
2012	4	131
2012	5	187
2012	6	92
2012	7	13
2012	8	12
2012	9	15
2012	10	22
2012	11	43
2012	12	84
2013	1	183
2013	2	159
2013	3	350
2013	4	194
2013	5	294
2013	6	219
2013	7	67
2013	8	62
2013	9	18
2013	10	33
2013	11	84
2013	12	386
2014	1	410
2014	2	473
2014	3	318
2014	4	476
2014	5	875
2014	6	135
2014	7	82
2014	8	60
2014	9	28
2014	10	31
2014	11	45
2014	12	116
2015	1	162
2015	2	147
2015	3	388
2015	4	300
2015	5	118
2015	6	158
2015	7	89
2015	8	29
2015	9	6
