1940	1	211
1940	2	700
1940	3	441
1940	4	922
1940	5	853
1940	6	1394
1940	7	316
1940	8	988
1940	9	375
1940	10	120
1940	11	228
1940	12	487
1941	1	484
1941	2	266
1941	3	434
1941	4	614
1941	5	160
1941	6	182
1941	7	317
1941	8	81
1941	9	76
1941	10	66
1941	11	87
1941	12	296
1942	1	260
1942	2	457
1942	3	579
1942	4	269
1942	5	1769
1942	6	690
1942	7	163
1942	8	854
1942	9	285
1942	10	640
1942	11	407
1942	12	1034
1943	1	691
1943	2	1016
1943	3	1464
1943	4	881
1943	5	989
1943	6	721
1943	7	603
1943	8	148
1943	9	90
1943	10	90
1943	11	122
1943	12	113
1944	1	286
1944	2	574
1944	3	1313
1944	4	560
1944	5	935
1944	6	181
1944	7	94
1944	8	78
1944	9	125
1944	10	221
1944	11	138
1944	12	405
1945	1	619
1945	2	674
1945	3	891
1945	4	377
1945	5	304
1945	6	152
1945	7	277
1945	8	138
1945	9	583
1945	10	106
1945	11	324
1945	12	505
1946	1	1216
1946	2	819
1946	3	805
1946	4	458
1946	5	791
1946	6	231
1946	7	136
1946	8	82
1946	9	66
1946	10	116
1946	11	106
1946	12	146
1947	1	1003
1947	2	272
1947	3	910
1947	4	456
1947	5	303
1947	6	259
1947	7	315
1947	8	115
1947	9	131
1947	10	133
1947	11	586
1947	12	254
1948	1	227
1948	2	1247
1948	3	1468
1948	4	1232
1948	5	797
1948	6	288
1948	7	198
1948	8	309
1948	9	153
1948	10	542
1948	11	1180
1948	12	1712
1949	1	1481
1949	2	949
1949	3	697
1949	4	1191
1949	5	835
1949	6	787
1949	7	862
1949	8	480
1949	9	258
1949	10	273
1949	11	659
1949	12	790
1950	1	592
1950	2	1357
1950	3	715
1950	4	321
1950	5	847
1950	6	300
1950	7	149
1950	8	135
1950	9	1243
1950	10	172
1950	11	272
1950	12	1395
1951	1	507
1951	2	1525
1951	3	1156
1951	4	1584
1951	5	475
1951	6	1199
1951	7	270
1951	8	177
1951	9	117
1951	10	99
1951	11	167
1951	12	611
1952	1	1600
1952	2	876
1952	3	1471
1952	4	1117
1952	5	778
1952	6	186
1952	7	115
1952	8	211
1952	9	154
1952	10	112
1952	11	232
1952	12	484
1953	1	862
1953	2	1312
1953	3	1534
1953	4	580
1953	5	435
1953	6	230
1953	7	147
1953	8	96
1953	9	77
1953	10	77
1953	11	88
1953	12	260
1954	1	466
1954	2	455
1954	3	1324
1954	4	710
1954	5	430
1954	6	229
1954	7	218
1954	8	105
1954	9	77
1954	10	550
1954	11	459
1954	12	868
1955	1	428
1955	2	1013
1955	3	2018
1955	4	582
1955	5	275
1955	6	234
1955	7	126
1955	8	245
1955	9	112
1955	10	89
1955	11	99
1955	12	99
1956	1	102
1956	2	807
1956	3	789
1956	4	695
1956	5	213
1956	6	221
1956	7	109
1956	8	93
1956	9	101
1956	10	137
1956	11	143
1956	12	291
1957	1	575
1957	2	1263
1957	3	727
1957	4	1314
1957	5	439
1957	6	497
1957	7	181
1957	8	83
1957	9	243
1957	10	200
1957	11	381
1957	12	874
1958	1	668
1958	2	760
1958	3	1143
1958	4	1586
1958	5	985
1958	6	233
1958	7	209
1958	8	270
1958	9	119
1958	10	90
1958	11	87
1958	12	158
1959	1	325
1959	2	281
1959	3	610
1959	4	1041
1959	5	520
1959	6	731
1959	7	162
1959	8	115
1959	9	157
1959	10	536
1959	11	459
1959	12	668
1960	1	572
1960	2	1018
1960	3	1189
1960	4	1188
1960	5	1222
1960	6	439
1960	7	129
1960	8	139
1960	9	198
1960	10	105
1960	11	108
1960	12	99
1961	1	202
1961	2	1235
1961	3	838
1961	4	1035
1961	5	779
1961	6	322
1961	7	170
1961	8	200
1961	9	144
1961	10	639
1961	11	365
1961	12	1053
1962	1	746
1962	2	772
1962	3	1929
1962	4	1084
1962	5	349
1962	6	187
1962	7	153
1962	8	127
1962	9	88
1962	10	87
1962	11	307
1962	12	165
1963	1	774
1963	2	309
1963	3	2511
1963	4	258
1963	5	212
1963	6	134
1963	7	105
1963	8	76
1963	9	63
1963	10	62
1963	11	155
1963	12	154
1964	1	977
1964	2	607
1964	3	1545
1964	4	633
1964	5	365
1964	6	98
1964	7	81
1964	8	68
1964	9	102
1964	10	151
1964	11	156
1964	12	449
1965	1	1070
1965	2	1017
1965	3	1108
1965	4	879
1965	5	605
1965	6	180
1965	7	153
1965	8	97
1965	9	118
1965	10	165
1965	11	89
1965	12	82
1966	1	163
1966	2	1175
1966	3	705
1966	4	537
1966	5	730
1966	6	150
1966	7	71
1966	8	104
1966	9	224
1966	10	449
1966	11	321
1966	12	431
1967	1	658
1967	2	446
1967	3	1922
1967	4	281
1967	5	884
1967	6	228
1967	7	112
1967	8	202
1967	9	104
1967	10	222
1967	11	134
1967	12	779
1968	1	558
1968	2	646
1968	3	1136
1968	4	372
1968	5	354
1968	6	238
1968	7	128
1968	8	86
1968	9	64
1968	10	179
1968	11	397
1968	12	259
1969	1	337
1969	2	425
1969	3	495
1969	4	301
1969	5	274
1969	6	212
1969	7	369
1969	8	1530
1969	9	197
1969	10	115
1969	11	127
1969	12	701
1970	1	699
1970	2	975
1970	3	616
1970	4	894
1970	5	313
1970	6	122
1970	7	264
1970	8	130
1970	9	77
1970	10	111
1970	11	681
1970	12	571
1971	1	757
1971	2	1844
1971	3	838
1971	4	573
1971	5	1064
1971	6	587
1971	7	134
1971	8	148
1971	9	307
1971	10	353
1971	11	248
1971	12	612
1972	1	540
1972	2	1448
1972	3	607
1972	4	860
1972	5	827
1972	6	1290
1972	7	1213
1972	8	341
1972	9	87
1972	10	674
1972	11	1487
1972	12	1670
1973	1	703
1973	2	1428
1973	3	1582
1973	4	1669
1973	5	1154
1973	6	446
1973	7	185
1973	8	151
1973	9	110
1973	10	214
1973	11	344
1973	12	1883
1974	1	1462
1974	2	480
1974	3	889
1974	4	672
1974	5	858
1974	6	648
1974	7	166
1974	8	132
1974	9	130
1974	10	131
1974	11	118
1974	12	558
1975	1	809
1975	2	1241
1975	3	1638
1975	4	475
1975	5	1216
1975	6	501
1975	7	171
1975	8	148
1975	9	254
1975	10	534
1975	11	298
1975	12	314
1976	1	1096
1976	2	530
1976	3	492
1976	4	397
1976	5	253
1976	6	703
1976	7	143
1976	8	89
1976	9	84
1976	10	1212
1976	11	390
1976	12	606
1977	1	145
1977	2	279
1977	3	1028
1977	4	1119
1977	5	164
1977	6	113
1977	7	94
1977	8	82
1977	9	100
1977	10	237
1977	11	580
1977	12	868
1978	1	1363
1978	2	343
1978	3	2080
1978	4	521
1978	5	925
1978	6	189
1978	7	138
1978	8	138
1978	9	70
1978	10	65
1978	11	78
1978	12	365
1979	1	1484
1979	2	1285
1979	3	1571
1979	4	548
1979	5	901
1979	6	648
1979	7	171
1979	8	163
1979	9	1077
1979	10	1305
1979	11	1138
1979	12	533
1980	1	1085
1980	2	329
1980	3	1613
1980	4	1993
1980	5	555
1980	6	185
1980	7	133
1980	8	118
1980	9	99
1980	10	90
1980	11	162
1980	12	119
1981	1	95
1981	2	454
1981	3	202
1981	4	267
1981	5	651
1981	6	628
1981	7	159
1981	8	70
1981	9	101
1981	10	252
1981	11	119
1981	12	318
1982	1	612
1982	2	1722
1982	3	1445
1982	4	587
1982	5	354
1982	6	1484
1982	7	222
1982	8	154
1982	9	94
1982	10	142
1982	11	350
1982	12	803
1983	1	222
1983	2	861
1983	3	1049
1983	4	2004
1983	5	869
1983	6	298
1983	7	125
1983	8	86
1983	9	70
1983	10	264
1983	11	424
1983	12	1081
1984	1	386
1984	2	1599
1984	3	1488
1984	4	1256
1984	5	817
1984	6	153
1984	7	295
1984	8	918
1984	9	140
1984	10	199
1984	11	551
1984	12	620
1985	1	630
1985	2	1003
1985	3	518
1985	4	324
1985	5	663
1985	6	187
1985	7	123
1985	8	324
1985	9	96
1985	10	103
1985	11	2745
1985	12	547
1986	1	211
1986	2	656
1986	3	1085
1986	4	254
1986	5	424
1986	6	192
1986	7	124
1986	8	94
1986	9	110
1986	10	81
1986	11	231
1986	12	864
1987	1	592
1987	2	693
1987	3	1199
1987	4	2878
1987	5	696
1987	6	265
1987	7	150
1987	8	83
1987	9	744
1987	10	114
1987	11	250
1987	12	600
1988	1	672
1988	2	427
1988	3	243
1988	4	291
1988	5	660
1988	6	143
1988	7	171
1988	8	94
1988	9	128
1988	10	92
1988	11	264
1988	12	250
1989	1	625
1989	2	478
1989	3	950
1989	4	1106
1989	5	2341
1989	6	828
1989	7	491
1989	8	416
1989	9	830
1989	10	1107
1989	11	928
1989	12	313
1990	1	1116
1990	2	1222
1990	3	550
1990	4	639
1990	5	847
1990	6	360
1990	7	173
1990	8	122
1990	9	102
1990	10	758
1990	11	266
1990	12	953
1991	1	1597
1991	2	486
1991	3	1965
1991	4	744
1991	5	223
1991	6	150
1991	7	277
1991	8	181
1991	9	87
1991	10	79
1991	11	108
1991	12	665
1992	1	442
1992	2	978
1992	3	952
1992	4	1455
1992	5	688
1992	6	757
1992	7	189
1992	8	98
1992	9	126
1992	10	84
1992	11	437
1992	12	644
1993	1	682
1993	2	550
1993	3	2531
1993	4	1511
1993	5	477
1993	6	217
1993	7	106
1993	8	90
1993	9	107
1993	10	97
1993	11	239
1993	12	676
1994	1	1057
1994	2	1751
1994	3	2021
1994	4	816
1994	5	828
1994	6	153
1994	7	196
1994	8	351
1994	9	100
1994	10	86
1994	11	92
1994	12	140
1995	1	1184
1995	2	473
1995	3	508
1995	4	235
1995	5	558
1995	6	1140
1995	7	380
1995	8	110
1995	9	82
1995	10	134
1995	11	327
1995	12	457
1996	1	2253
1996	2	851
1996	3	1052
1996	4	505
1996	5	1204
1996	6	879
1996	7	193
1996	8	395
1996	9	1510
1996	10	318
1996	11	832
1996	12	1495
1997	1	645
1997	2	787
1997	3	1321
1997	4	483
1997	5	356
1997	6	344
1997	7	305
1997	8	113
1997	9	98
1997	10	98
1997	11	380
1997	12	291
1998	1	1863
1998	2	1911
1998	3	1884
1998	4	1235
1998	5	784
1998	6	276
1998	7	151
1998	8	105
1998	9	79
1998	10	89
1998	11	85
1998	12	99
1999	1	637
1999	2	442
1999	3	844
1999	4	279
1999	5	429
1999	6	114
1999	7	78
1999	8	80
1999	9	213
1999	10	175
1999	11	253
1999	12	489
2000	1	189
2000	2	727
2000	3	809
2000	4	716
2000	5	318
2000	6	347
2000	7	213
2000	8	191
2000	9	374
2000	10	129
2000	11	134
2000	12	298
2001	1	334
2001	2	313
2001	3	751
2001	4	641
2001	5	961
2001	6	266
2001	7	127
2001	8	197
2001	9	90
2001	10	74
2001	11	76
2001	12	123
2002	1	133
2002	2	135
2002	3	378
2002	4	1121
2002	5	550
2002	6	116
2002	7	140
2002	8	76
2002	9	129
2002	10	298
2002	11	933
2002	12	932
2003	1	564
2003	2	1402
2003	3	1370
2003	4	1244
2003	5	1251
2003	6	1770
2003	7	452
2003	8	375
2003	9	1046
2003	10	319
2003	11	1574
2003	12	1135
2004	1	361
2004	2	1056
2004	3	647
2004	4	1055
2004	5	836
2004	6	407
2004	7	208
2004	8	149
2004	9	1144
2004	10	320
2004	11	783
2004	12	1151
2005	1	679
2005	2	367
2005	3	1044
2005	4	1047
2005	5	577
2005	6	225
2005	7	289
2005	8	185
2005	9	122
2005	10	149
2005	11	485
2005	12	548
2006	1	1001
2006	2	452
2006	3	256
2006	4	630
2006	5	230
2006	6	1694
2006	7	495
2006	8	126
2006	9	195
2006	10	838
2006	11	1218
2006	12	541
2007	1	1036
2007	2	429
2007	3	1825
2007	4	1283
2007	5	416
2007	6	325
2007	7	143
2007	8	97
2007	9	101
2007	10	245
2007	11	154
2007	12	466
2008	1	396
2008	2	809
2008	3	1007
2008	4	970
2008	5	798
2008	6	150
2008	7	124
2008	8	88
2008	9	86
2008	10	75
2008	11	83
2008	12	346
2009	1	460
2009	2	229
2009	3	424
2009	4	688
2009	5	1545
2009	6	417
2009	7	136
2009	8	131
2009	9	114
2009	10	161
2009	11	729
2009	12	1486
2010	1	1467
2010	2	604
2010	3	1192
2010	4	404
2010	5	482
2010	6	196
2010	7	114
2010	8	101
2010	9	144
2010	10	175
2010	11	169
2010	12	588
2011	1	153
2011	2	350
2011	3	1596
2011	4	2347
2011	5	1199
2011	6	222
2011	7	103
2011	8	115
2011	9	226
2011	10	131
2011	11	313
2011	12	1172
2012	1	816
2012	2	417
2012	3	1395
2012	4	377
2012	5	713
2012	6	211
2012	7	112
2012	8	168
2012	9	280
2012	10	120
2012	11	102
2012	12	135
2013	1	901
2013	2	562
2013	3	900
2013	4	1021
2013	5	1159
2013	6	898
2013	7	523
2013	8	171
2013	9	120
2013	10	106
2013	11	170
2013	12	1304
2014	1	553
2014	2	1428
2014	3	912
2014	4	975
2014	5	990
2014	6	190
2014	7	109
2014	8	110
2014	9	86
2014	10	162
2014	11	154
2014	12	398
2015	1	427
2015	2	329
2015	3	1615
2015	4	1527
2015	5	516
2015	6	459
2015	7	407
2015	8	115
2015	9	113
