1940	1	98
1940	2	337
1940	3	215
1940	4	545
1940	5	708
1940	6	466
1940	7	169
1940	8	2139
1940	9	341
1940	10	137
1940	11	154
1940	12	207
1941	1	261
1941	2	189
1941	3	273
1941	4	335
1941	5	111
1941	6	120
1941	7	379
1941	8	79
1941	9	79
1941	10	65
1941	11	83
1941	12	110
1942	1	99
1942	2	106
1942	3	199
1942	4	107
1942	5	628
1942	6	582
1942	7	91
1942	8	353
1942	9	212
1942	10	296
1942	11	222
1942	12	463
1943	1	404
1943	2	783
1943	3	648
1943	4	652
1943	5	488
1943	6	328
1943	7	324
1943	8	98
1943	9	77
1943	10	76
1943	11	81
1943	12	96
1944	1	145
1944	2	543
1944	3	839
1944	4	399
1944	5	291
1944	6	129
1944	7	90
1944	8	73
1944	9	195
1944	10	410
1944	11	163
1944	12	300
1945	1	513
1945	2	553
1945	3	424
1945	4	243
1945	5	221
1945	6	114
1945	7	125
1945	8	95
1945	9	777
1945	10	189
1945	11	230
1945	12	554
1946	1	854
1946	2	779
1946	3	498
1946	4	313
1946	5	597
1946	6	212
1946	7	314
1946	8	107
1946	9	97
1946	10	143
1946	11	126
1946	12	143
1947	1	865
1947	2	240
1947	3	503
1947	4	562
1947	5	237
1947	6	345
1947	7	151
1947	8	309
1947	9	162
1947	10	657
1947	11	692
1947	12	212
1948	1	220
1948	2	905
1948	3	712
1948	4	913
1948	5	421
1948	6	400
1948	7	226
1948	8	726
1948	9	174
1948	10	201
1948	11	417
1948	12	1337
1949	1	849
1949	2	737
1949	3	600
1949	4	886
1949	5	614
1949	6	569
1949	7	904
1949	8	462
1949	9	358
1949	10	189
1949	11	395
1949	12	306
1950	1	305
1950	2	737
1950	3	373
1950	4	277
1950	5	874
1950	6	477
1950	7	420
1950	8	223
1950	9	435
1950	10	213
1950	11	158
1950	12	642
1951	1	221
1951	2	506
1951	3	803
1951	4	1116
1951	5	283
1951	6	406
1951	7	184
1951	8	123
1951	9	91
1951	10	82
1951	11	125
1951	12	267
1952	1	623
1952	2	616
1952	3	606
1952	4	597
1952	5	482
1952	6	169
1952	7	119
1952	8	225
1952	9	354
1952	10	101
1952	11	151
1952	12	298
1953	1	480
1953	2	603
1953	3	937
1953	4	395
1953	5	460
1953	6	178
1953	7	95
1953	8	71
1953	9	65
1953	10	58
1953	11	62
1953	12	117
1954	1	338
1954	2	226
1954	3	499
1954	4	242
1954	5	253
1954	6	118
1954	7	83
1954	8	60
1954	9	44
1954	10	253
1954	11	167
1954	12	377
1955	1	234
1955	2	585
1955	3	1350
1955	4	615
1955	5	244
1955	6	193
1955	7	149
1955	8	239
1955	9	103
1955	10	73
1955	11	89
1955	12	81
1956	1	68
1956	2	356
1956	3	309
1956	4	632
1956	5	213
1956	6	98
1956	7	73
1956	8	46
1956	9	91
1956	10	404
1956	11	348
1956	12	269
1957	1	557
1957	2	1380
1957	3	587
1957	4	955
1957	5	236
1957	6	276
1957	7	112
1957	8	63
1957	9	227
1957	10	231
1957	11	376
1957	12	472
1958	1	453
1958	2	544
1958	3	775
1958	4	935
1958	5	1125
1958	6	205
1958	7	219
1958	8	171
1958	9	80
1958	10	80
1958	11	86
1958	12	284
1959	1	275
1959	2	178
1959	3	258
1959	4	697
1959	5	225
1959	6	198
1959	7	105
1959	8	114
1959	9	304
1959	10	649
1959	11	328
1959	12	459
1960	1	364
1960	2	1179
1960	3	1099
1960	4	886
1960	5	460
1960	6	181
1960	7	98
1960	8	95
1960	9	125
1960	10	90
1960	11	97
1960	12	89
1961	1	127
1961	2	542
1961	3	616
1961	4	659
1961	5	565
1961	6	191
1961	7	117
1961	8	146
1961	9	96
1961	10	113
1961	11	230
1961	12	761
1962	1	513
1962	2	632
1962	3	1016
1962	4	713
1962	5	264
1962	6	227
1962	7	154
1962	8	115
1962	9	91
1962	10	103
1962	11	491
1962	12	331
1963	1	510
1963	2	226
1963	3	937
1963	4	210
1963	5	137
1963	6	100
1963	7	71
1963	8	49
1963	9	62
1963	10	51
1963	11	82
1963	12	73
1964	1	459
1964	2	541
1964	3	524
1964	4	550
1964	5	216
1964	6	99
1964	7	90
1964	8	89
1964	9	100
1964	10	207
1964	11	198
1964	12	301
1965	1	530
1965	2	603
1965	3	716
1965	4	386
1965	5	268
1965	6	138
1965	7	113
1965	8	70
1965	9	71
1965	10	113
1965	11	75
1965	12	69
1966	1	70
1966	2	674
1966	3	332
1966	4	135
1966	5	397
1966	6	90
1966	7	65
1966	8	180
1966	9	232
1966	10	475
1966	11	240
1966	12	280
1967	1	585
1967	2	438
1967	3	958
1967	4	254
1967	5	369
1967	6	180
1967	7	133
1967	8	263
1967	9	106
1967	10	98
1967	11	89
1967	12	249
1968	1	532
1968	2	421
1968	3	571
1968	4	365
1968	5	318
1968	6	195
1968	7	85
1968	8	133
1968	9	52
1968	10	410
1968	11	283
1968	12	169
1969	1	294
1969	2	497
1969	3	583
1969	4	307
1969	5	151
1969	6	184
1969	7	155
1969	8	178
1969	9	154
1969	10	110
1969	11	140
1969	12	373
1970	1	392
1970	2	376
1970	3	199
1970	4	301
1970	5	207
1970	6	109
1970	7	78
1970	8	272
1970	9	60
1970	10	133
1970	11	384
1970	12	176
1971	1	255
1971	2	748
1971	3	381
1971	4	465
1971	5	767
1971	6	487
1971	7	155
1971	8	164
1971	9	171
1971	10	844
1971	11	292
1971	12	308
1972	1	364
1972	2	931
1972	3	461
1972	4	815
1972	5	739
1972	6	1206
1972	7	358
1972	8	231
1972	9	203
1972	10	258
1972	11	722
1972	12	920
1973	1	480
1973	2	751
1973	3	955
1973	4	985
1973	5	869
1973	6	464
1973	7	191
1973	8	252
1973	9	104
1973	10	144
1973	11	139
1973	12	650
1974	1	768
1974	2	518
1974	3	522
1974	4	601
1974	5	236
1974	6	155
1974	7	108
1974	8	105
1974	9	143
1974	10	75
1974	11	77
1974	12	194
1975	1	455
1975	2	675
1975	3	1451
1975	4	440
1975	5	476
1975	6	244
1975	7	130
1975	8	121
1975	9	192
1975	10	145
1975	11	136
1975	12	120
1976	1	361
1976	2	262
1976	3	228
1976	4	359
1976	5	207
1976	6	563
1976	7	131
1976	8	86
1976	9	68
1976	10	804
1976	11	265
1976	12	455
1977	1	146
1977	2	183
1977	3	441
1977	4	841
1977	5	155
1977	6	104
1977	7	67
1977	8	66
1977	9	77
1977	10	163
1977	11	1069
1977	12	408
1978	1	778
1978	2	337
1978	3	1369
1978	4	1499
1978	5	1052
1978	6	263
1978	7	195
1978	8	166
1978	9	78
1978	10	71
1978	11	89
1978	12	166
1979	1	745
1979	2	946
1979	3	948
1979	4	613
1979	5	331
1979	6	328
1979	7	181
1979	8	113
1979	9	737
1979	10	448
1979	11	637
1979	12	327
1980	1	722
1980	2	324
1980	3	928
1980	4	1180
1980	5	354
1980	6	168
1980	7	146
1980	8	84
1980	9	71
1980	10	91
1980	11	82
1980	12	76
1981	1	65
1981	2	133
1981	3	119
1981	4	154
1981	5	188
1981	6	222
1981	7	96
1981	8	43
1981	9	83
1981	10	82
1981	11	55
1981	12	124
1982	1	462
1982	2	898
1982	3	682
1982	4	279
1982	5	260
1982	6	529
1982	7	152
1982	8	159
1982	9	69
1982	10	135
1982	11	216
1982	12	462
1983	1	197
1983	2	693
1983	3	1267
1983	4	1592
1983	5	405
1983	6	260
1983	7	109
1983	8	69
1983	9	54
1983	10	193
1983	11	226
1983	12	668
1984	1	267
1984	2	887
1984	3	799
1984	4	897
1984	5	641
1984	6	162
1984	7	138
1984	8	184
1984	9	95
1984	10	86
1984	11	100
1984	12	110
1985	1	170
1985	2	418
1985	3	219
1985	4	194
1985	5	342
1985	6	105
1985	7	89
1985	8	542
1985	9	100
1985	10	95
1985	11	1626
1985	12	386
1986	1	164
1986	2	524
1986	3	485
1986	4	176
1986	5	296
1986	6	107
1986	7	65
1986	8	152
1986	9	172
1986	10	73
1986	11	221
1986	12	649
1987	1	498
1987	2	662
1987	3	1245
1987	4	2557
1987	5	478
1987	6	181
1987	7	127
1987	8	66
1987	9	367
1987	10	102
1987	11	189
1987	12	285
1988	1	330
1988	2	280
1988	3	153
1988	4	367
1988	5	221
1988	6	121
1988	7	90
1988	8	68
1988	9	81
1988	10	58
1988	11	101
1988	12	99
1989	1	155
1989	2	168
1989	3	357
1989	4	259
1989	5	900
1989	6	445
1989	7	470
1989	8	134
1989	9	992
1989	10	677
1989	11	516
1989	12	250
1990	1	756
1990	2	706
1990	3	501
1990	4	616
1990	5	599
1990	6	306
1990	7	268
1990	8	214
1990	9	98
1990	10	680
1990	11	253
1990	12	359
1991	1	858
1991	2	423
1991	3	1061
1991	4	664
1991	5	360
1991	6	209
1991	7	173
1991	8	109
1991	9	57
1991	10	47
1991	11	83
1991	12	184
1992	1	570
1992	2	414
1992	3	523
1992	4	1012
1992	5	780
1992	6	907
1992	7	224
1992	8	147
1992	9	112
1992	10	101
1992	11	265
1992	12	296
1993	1	576
1993	2	542
1993	3	1971
1993	4	755
1993	5	357
1993	6	204
1993	7	182
1993	8	93
1993	9	105
1993	10	87
1993	11	130
1993	12	490
1994	1	691
1994	2	1283
1994	3	1162
1994	4	696
1994	5	379
1994	6	159
1994	7	232
1994	8	436
1994	9	121
1994	10	98
1994	11	97
1994	12	155
1995	1	768
1995	2	522
1995	3	402
1995	4	150
1995	5	218
1995	6	712
1995	7	308
1995	8	92
1995	9	78
1995	10	132
1995	11	158
1995	12	257
1996	1	996
1996	2	719
1996	3	564
1996	4	353
1996	5	457
1996	6	569
1996	7	213
1996	8	349
1996	9	807
1996	10	213
1996	11	449
1996	12	852
1997	1	471
1997	2	638
1997	3	772
1997	4	361
1997	5	253
1997	6	482
1997	7	120
1997	8	86
1997	9	83
1997	10	77
1997	11	119
1997	12	118
1998	1	905
1998	2	1912
1998	3	1144
1998	4	916
1998	5	697
1998	6	277
1998	7	120
1998	8	121
1998	9	64
1998	10	88
1998	11	75
1998	12	93
1999	1	215
1999	2	192
1999	3	334
1999	4	277
1999	5	172
1999	6	76
1999	7	92
1999	8	74
1999	9	309
1999	10	130
1999	11	115
1999	12	169
2000	1	149
2000	2	306
2000	3	310
2000	4	582
2000	5	181
2000	6	130
2000	7	132
2000	8	148
2000	9	233
2000	10	73
2000	11	86
2000	12	111
2001	1	163
2001	2	129
2001	3	405
2001	4	316
2001	5	555
2001	6	228
2001	7	120
2001	8	102
2001	9	62
2001	10	61
2001	11	66
2001	12	86
2002	1	86
2002	2	76
2002	3	183
2002	4	159
2002	5	357
2002	6	73
2002	7	68
2002	8	39
2002	9	49
2002	10	114
2002	11	421
2002	12	496
2003	1	284
2003	2	1129
2003	3	724
2003	4	1075
2003	5	987
2003	6	1185
2003	7	781
2003	8	415
2003	9	314
2003	10	181
2003	11	439
2003	12	545
2004	1	338
2004	2	760
2004	3	339
2004	4	603
2004	5	268
2004	6	380
2004	7	172
2004	8	119
2004	9	1244
2004	10	390
2004	11	597
2004	12	577
2005	1	502
2005	2	386
2005	3	778
2005	4	592
2005	5	244
2005	6	207
2005	7	226
2005	8	127
2005	9	66
2005	10	187
2005	11	187
2005	12	235
2006	1	424
2006	2	254
2006	3	147
2006	4	239
2006	5	152
2006	6	699
2006	7	290
2006	8	111
2006	9	183
2006	10	276
2006	11	552
2006	12	281
2007	1	512
2007	2	313
2007	3	630
2007	4	459
2007	5	237
2007	6	148
2007	7	87
2007	8	52
2007	9	66
2007	10	106
2007	11	72
2007	12	89
2008	1	97
2008	2	138
2008	3	135
2008	4	412
2008	5	195
2008	6	75
2008	7	72
2008	8	74
2008	9	61
2008	10	57
2008	11	64
2008	12	130
2009	1	231
2009	2	123
2009	3	398
2009	4	376
2009	5	736
2009	6	604
2009	7	173
2009	8	182
2009	9	126
2009	10	111
2009	11	684
2009	12	1237
2010	1	969
2010	2	605
2010	3	1088
2010	4	436
2010	5	286
2010	6	174
2010	7	111
2010	8	164
2010	9	127
2010	10	157
2010	11	138
2010	12	235
2011	1	127
2011	2	165
2011	3	758
2011	4	786
2011	5	634
2011	6	164
2011	7	119
2011	8	54
2011	9	220
2011	10	133
2011	11	350
2011	12	654
2012	1	301
2012	2	365
2012	3	627
2012	4	402
2012	5	279
2012	6	150
2012	7	92
2012	8	84
2012	9	82
2012	10	71
2012	11	64
2012	12	84
2013	1	729
2013	2	421
2013	3	447
2013	4	588
2013	5	948
2013	6	528
2013	7	1292
2013	8	176
2013	9	108
2013	10	135
2013	11	163
2013	12	476
2014	1	391
2014	2	889
2014	3	516
2014	4	582
2014	5	494
2014	6	168
2014	7	118
2014	8	224
2014	9	131
2014	10	258
2014	11	224
2014	12	359
2015	1	250
2015	2	198
2015	3	929
2015	4	822
2015	5	341
2015	6	192
2015	7	144
2015	8	92
2015	9	603
