1946	10	245
1946	11	202
1946	12	165
1947	1	386
1947	2	209
1947	3	344
1947	4	306
1947	5	194
1947	6	322
1947	7	158
1947	8	141
1947	9	165
1947	10	521
1947	11	370
1947	12	199
1948	1	238
1948	2	406
1948	3	467
1948	4	489
1948	5	339
1948	6	283
1948	7	241
1948	8	233
1948	9	171
1948	10	182
1948	11	344
1948	12	506
1949	1	403
1949	2	392
1949	3	474
1949	4	483
1949	5	631
1949	6	561
1949	7	915
1949	8	758
1949	9	531
1949	10	352
1949	11	353
1949	12	295
1950	1	269
1950	2	344
1950	3	302
1950	4	244
1950	5	601
1950	6	354
1950	7	223
1950	8	217
1950	9	454
1950	10	232
1950	11	182
1950	12	474
1951	1	208
1951	2	419
1951	3	315
1951	4	514
1951	5	336
1951	6	290
1951	7	229
1951	8	160
1951	9	139
1951	10	96
1951	11	168
1951	12	219
1952	1	155
1952	2	136
1952	3	623
1952	4	367
1952	5	381
1952	6	103
1952	7	130
1952	8	281
1952	9	332
1952	10	162
1952	11	70
1952	12	178
1953	1	71
1953	2	58
1953	3	60
1953	4	78
1953	5	87
1953	6	160
1953	7	172
1953	8	117
1953	9	251
1953	10	217
1953	11	218
1953	12	224
1954	1	207
1954	2	225
1954	3	214
1954	4	208
1954	5	209
1954	6	210
1954	7	210
1954	8	215
1954	9	218
1954	10	149
1954	11	219
1954	12	213
1955	1	216
1955	2	231
1955	3	217
1955	4	221
1955	5	203
1955	6	215
1955	7	210
1955	8	209
1955	9	198
1955	10	208
1955	11	214
1955	12	213
1956	1	221
1956	2	233
1956	3	216
1956	4	222
1956	5	215
1956	6	230
1956	7	233
1956	8	254
1956	9	125
1956	10	109
1956	11	100
1956	12	96
1957	1	96
1957	2	101
1957	3	97
1957	4	104
1957	5	199
1957	6	268
1957	7	186
1957	8	196
1957	9	332
1957	10	395
1957	11	382
1957	12	497
1958	1	485
1958	2	365
1958	3	427
1958	4	723
1958	5	621
1958	6	347
1958	7	255
1958	8	259
1958	9	249
1958	10	233
1958	11	177
1958	12	175
1959	1	221
1959	2	204
1959	3	177
1959	4	174
1959	5	227
1959	6	182
1959	7	181
1959	8	184
1959	9	213
1959	10	702
1959	11	286
1959	12	378
1960	1	319
1960	2	586
1960	3	619
1960	4	717
1960	5	364
1960	6	314
1960	7	245
1960	8	191
1960	9	241
1960	10	242
1960	11	195
1960	12	178
1961	1	176
1961	2	189
1961	3	307
1961	4	503
1961	5	416
1961	6	307
1961	7	192
1961	8	245
1961	9	200
1961	10	140
1961	11	167
1961	12	307
1962	1	323
1962	2	260
1962	3	365
1962	4	405
1962	5	231
1962	6	259
1962	7	200
1962	8	210
1962	9	164
1962	10	185
1962	11	368
1962	12	378
1963	1	298
1963	2	184
1963	3	483
1963	4	216
1963	5	180
1963	6	212
1963	7	339
1963	8	367
1963	9	306
1963	10	384
1963	11	399
1963	12	363
1964	1	124
1964	2	76
1964	3	84
1964	4	83
1964	5	61
1964	6	67
1964	7	82
1964	8	77
1964	9	204
1964	10	135
1964	11	135
1964	12	334
1965	1	300
1965	2	454
1965	3	491
1965	4	398
1965	5	236
1965	6	215
1965	7	192
1965	8	193
1965	9	178
1965	10	172
1965	11	151
1965	12	225
1966	1	332
1966	2	288
1966	3	122
1966	4	140
1966	5	196
1966	6	170
1966	7	375
1966	8	447
1966	9	226
1966	10	209
1966	11	131
1966	12	171
1967	1	116
1967	2	105
1967	3	105
1967	4	129
1967	5	130
1967	6	147
1967	7	165
1967	8	190
1967	9	134
1967	10	166
1967	11	166
1967	12	182
1968	1	92
1968	2	96
1968	3	101
1968	4	110
1968	5	108
1968	6	194
1968	7	168
1968	8	182
1968	9	479
1968	10	401
1968	11	394
1968	12	259
1969	1	263
1969	2	76
1969	3	66
1969	4	69
1969	5	64
1969	6	71
1969	7	125
1969	8	391
1969	9	186
1969	10	177
1969	11	152
1969	12	329
1970	1	328
1970	2	312
1970	3	149
1970	4	308
1970	5	293
1970	6	153
1970	7	159
1970	8	479
1970	9	189
1970	10	153
1970	11	468
1970	12	264
1971	1	269
1971	2	331
1971	3	371
1971	4	293
1971	5	432
1971	6	334
1971	7	217
1971	8	207
1971	9	188
1971	10	353
1971	11	511
1971	12	315
1972	1	231
1972	2	334
1972	3	311
1972	4	399
1972	5	442
1972	6	827
1972	7	646
1972	8	321
1972	9	228
1972	10	252
1972	11	408
1972	12	421
1973	1	466
1973	2	717
1973	3	589
1973	4	710
1973	5	563
1973	6	439
1973	7	282
1973	8	282
1973	9	184
1973	10	203
1973	11	156
1973	12	283
1974	1	503
1974	2	356
1974	3	209
1974	4	473
1974	5	361
1974	6	241
1974	7	273
1974	8	251
1974	9	284
1974	10	160
1974	11	150
1974	12	212
1975	1	301
1975	2	272
1975	3	748
1975	4	476
1975	5	350
1975	6	422
1975	7	295
1975	8	226
1975	9	289
1975	10	361
1975	11	203
1975	12	178
1976	1	352
1976	2	222
1976	3	215
1976	4	290
1976	5	194
1976	6	362
1976	7	245
1976	8	227
1976	9	202
1976	10	317
1976	11	275
1976	12	382
1977	1	151
1977	2	176
1977	3	286
1977	4	384
1977	5	188
1977	6	216
1977	7	224
1977	8	265
1977	9	266
1977	10	208
1977	11	132
1977	12	342
1978	1	395
1978	2	446
1978	3	509
1978	4	581
1978	5	796
1978	6	339
1978	7	277
1978	8	348
1978	9	246
1978	10	149
1978	11	117
1978	12	137
1979	1	459
1979	2	307
1979	3	848
1979	4	486
1979	5	436
1979	6	330
1979	7	256
1979	8	230
1979	9	724
1979	10	660
1979	11	436
1979	12	318
1980	1	359
1980	2	230
1980	3	408
1980	4	911
1980	5	470
1980	6	300
1980	7	270
1980	8	211
1980	9	188
1980	10	154
1980	11	125
1980	12	122
1981	1	150
1981	2	145
1981	3	121
1981	4	140
1981	5	133
1981	6	116
1981	7	120
1981	8	198
1981	9	251
1981	10	220
1981	11	123
1981	12	126
1982	1	90
1982	2	75
1982	3	70
1982	4	159
1982	5	254
1982	6	526
1982	7	218
1982	8	168
1982	9	204
1982	10	134
1982	11	82
1982	12	170
1983	1	144
1983	2	337
1983	3	409
1983	4	1194
1983	5	438
1983	6	311
1983	7	232
1983	8	232
1983	9	336
1983	10	261
1983	11	128
1983	12	118
1984	1	294
1984	2	301
1984	3	454
1984	4	522
1984	5	385
1984	6	244
1984	7	242
1984	8	317
1984	9	178
1984	10	150
1984	11	151
1984	12	143
1985	1	191
1985	2	193
1985	3	142
1985	4	151
1985	5	307
1985	6	171
1985	7	235
1985	8	407
1985	9	284
1985	10	162
1985	11	835
1985	12	387
1986	1	264
1986	2	225
1986	3	232
1986	4	153
1986	5	149
1986	6	183
1986	7	252
1986	8	228
1986	9	248
1986	10	161
1986	11	151
1986	12	139
1987	1	190
1987	2	334
1987	3	743
1987	4	1180
1987	5	551
1987	6	374
1987	7	292
1987	8	211
1987	9	595
1987	10	154
1987	11	163
1987	12	277
1988	1	322
1988	2	152
1988	3	154
1988	4	163
1988	5	168
1988	6	189
1988	7	208
1988	8	205
1988	9	181
1988	10	140
1988	11	91
1988	12	98
1989	1	83
1989	2	84
1989	3	99
1989	4	143
1989	5	389
1989	6	349
1989	7	481
1989	8	350
1989	9	613
1989	10	755
1989	11	349
1989	12	290
1990	1	395
1990	2	442
1990	3	401
1990	4	496
1990	5	405
1990	6	294
1990	7	302
1990	8	237
1990	9	183
1990	10	383
1990	11	268
1990	12	291
1991	1	525
1991	2	236
1991	3	404
1991	4	414
1991	5	438
1991	6	316
1991	7	238
1991	8	232
1991	9	193
1991	10	128
1991	11	90
1991	12	88
1992	1	337
1992	2	154
1992	3	285
1992	4	720
1992	5	372
1992	6	807
1992	7	273
1992	8	262
1992	9	292
1992	10	164
1992	11	349
1992	12	338
1993	1	487
1993	2	381
1993	3	946
1993	4	697
1993	5	424
1993	6	255
1993	7	265
1993	8	234
1993	9	226
1993	10	162
1993	11	108
1993	12	172
1994	1	288
1994	2	411
1994	3	590
1994	4	480
1994	5	236
1994	6	205
1994	7	247
1994	8	477
1994	9	206
1994	10	159
1994	11	168
1994	12	163
1995	1	434
1995	2	262
1995	3	277
1995	4	155
1995	5	232
1995	6	244
1995	7	275
1995	8	248
1995	9	199
1995	10	128
1995	11	90
1995	12	88
1996	1	485
1996	2	352
1996	3	274
1996	4	317
1996	5	371
1996	6	506
1996	7	240
1996	8	399
1996	9	539
1996	10	289
1996	11	372
1996	12	585
1997	1	371
1997	2	402
1997	3	521
1997	4	389
1997	5	364
1997	6	280
1997	7	243
1997	8	228
1997	9	202
1997	10	177
1997	11	139
1997	12	136
1998	1	173
1998	2	645
1998	3	518
1998	4	502
1998	5	374
1998	6	262
1998	7	246
1998	8	237
1998	9	208
1998	10	167
1998	11	178
1998	12	178
1999	1	131
1999	2	129
1999	3	136
1999	4	180
1999	5	137
1999	6	212
1999	7	241
1999	8	339
1999	9	200
1999	10	125
1999	11	134
1999	12	131
2000	1	124
2000	2	125
2000	3	107
2000	4	107
2000	5	100
2000	6	110
2000	7	111
2000	8	113
2000	9	113
2000	10	109
2000	11	109
2000	12	110
2001	1	110
2001	2	107
2001	3	116
2001	4	118
2001	5	192
2001	6	168
2001	7	147
2001	8	239
2001	9	146
2001	10	148
2001	11	183
2001	12	179
2002	1	191
2002	2	106
2002	3	75
2002	4	77
2002	5	83
2002	6	79
2002	7	77
2002	8	74
2002	9	71
2002	10	74
2002	11	71
2002	12	100
2003	1	235
2003	2	380
2003	3	486
2003	4	777
2003	5	488
2003	6	873
2003	7	548
2003	8	550
2003	9	334
2003	10	254
2003	11	353
2003	12	446
2004	1	323
2004	2	312
2004	3	213
2004	4	441
2004	5	236
2004	6	290
2004	7	261
2004	8	181
2004	9	372
2004	10	542
2004	11	277
2004	12	430
2005	1	459
2005	2	240
2005	3	407
2005	4	548
2005	5	294
2005	6	235
2005	7	253
2005	8	279
2005	9	239
2005	10	162
2005	11	190
2005	12	362
2006	1	452
2006	2	209
2006	3	168
2006	4	162
2006	5	171
2006	6	231
2006	7	272
2006	8	278
2006	9	228
2006	10	161
2006	11	370
2006	12	251
2007	1	486
2007	2	285
2007	3	537
2007	4	380
2007	5	224
2007	6	229
2007	7	253
2007	8	266
2007	9	218
2007	10	189
2007	11	184
2007	12	168
2008	1	147
2008	2	138
2008	3	129
2008	4	136
2008	5	196
2008	6	215
2008	7	267
2008	8	237
2008	9	179
2008	10	99
2008	11	89
2008	12	95
2009	1	93
2009	2	96
2009	3	94
2009	4	363
2009	5	241
2009	6	707
2009	7	258
2009	8	233
2009	9	225
2009	10	176
2009	11	236
2009	12	594
2010	1	737
2010	2	491
2010	3	521
2010	4	469
2010	5	259
2010	6	238
2010	7	241
2010	8	253
2010	9	229
2010	10	117
2010	11	98
2010	12	192
2011	1	167
2011	2	141
2011	3	432
2011	4	455
2011	5	346
2011	6	235
2011	7	248
2011	8	265
2011	9	227
2011	10	150
2011	11	137
2011	12	230
2012	1	360
2012	2	163
2012	3	276
2012	4	291
2012	5	305
2012	6	273
2012	7	249
2012	8	275
2012	9	214
2012	10	182
2012	11	177
2012	12	184
2013	1	153
2013	2	359
2013	3	343
2013	4	435
2013	5	694
2013	6	451
2013	7	787
2013	8	385
2013	9	239
2013	10	208
2013	11	181
2013	12	306
2014	1	436
2014	2	324
2014	3	324
2014	4	437
2014	5	311
2014	6	219
2014	7	279
2014	8	209
2014	9	212
2014	10	227
2014	11	177
2014	12	230
2015	1	215
2015	2	184
2015	3	180
2015	4	408
2015	5	251
2015	6	229
2015	7	275
2015	8	260
2015	9	267
