1940	1	76
1940	2	391
1940	3	170
1940	4	140
1940	5	244
1940	6	155
1940	7	36
1940	8	289
1940	9	30
1940	10	11
1940	11	241
1940	12	112
1941	1	150
1941	2	79
1941	3	170
1941	4	135
1941	5	28
1941	6	28
1941	7	31
1941	8	8
1941	9	14
1941	10	0
1941	11	0
1941	12	3
1942	1	6
1942	2	65
1942	3	148
1942	4	31
1942	5	214
1942	6	41
1942	7	49
1942	8	161
1942	9	63
1942	10	282
1942	11	176
1942	12	284
1943	1	273
1943	2	319
1943	3	265
1943	4	195
1943	5	63
1943	6	39
1943	7	50
1943	8	4
1943	9	8
1943	10	1
1943	11	3
1943	12	12
1944	1	119
1944	2	235
1944	3	379
1944	4	378
1944	5	102
1944	6	27
1944	7	44
1944	8	43
1944	9	476
1944	10	154
1944	11	149
1944	12	165
1945	1	164
1945	2	412
1945	3	134
1945	4	102
1945	5	71
1945	6	55
1945	7	272
1945	8	135
1945	9	647
1945	10	56
1945	11	42
1945	12	358
1946	1	301
1946	2	359
1946	3	109
1946	4	75
1946	5	90
1946	6	35
1946	7	117
1946	8	13
1946	9	13
1946	10	21
1946	11	39
1946	12	32
1947	1	283
1947	2	70
1947	3	173
1947	4	118
1947	5	46
1947	6	22
1947	7	16
1947	8	32
1947	9	81
1947	10	56
1947	11	395
1947	12	88
1948	1	172
1948	2	545
1948	3	291
1948	4	261
1948	5	200
1948	6	73
1948	7	57
1948	8	51
1948	9	39
1948	10	117
1948	11	437
1948	12	370
1949	1	245
1949	2	330
1949	3	166
1949	4	164
1949	5	167
1949	6	28
1949	7	54
1949	8	88
1949	9	44
1949	10	96
1949	11	145
1949	12	77
1950	1	103
1950	2	110
1950	3	129
1950	4	53
1950	5	112
1950	6	156
1950	7	156
1950	8	42
1950	9	37
1950	10	29
1950	11	22
1950	12	106
1951	1	61
1951	2	123
1951	3	181
1951	4	262
1951	5	42
1951	6	115
1951	7	53
1951	8	12
1951	9	4
1951	10	2
1951	11	9
1951	12	189
1952	1	262
1952	2	261
1952	3	555
1952	4	204
1952	5	104
1952	6	41
1952	7	122
1952	8	200
1952	9	199
1952	10	24
1952	11	356
1952	12	148
1953	1	369
1953	2	352
1953	3	434
1953	4	170
1953	5	57
1953	6	214
1953	7	26
1953	8	4
1953	9	2
1953	10	2
1953	11	1
1953	12	24
1954	1	254
1954	2	64
1954	3	295
1954	4	147
1954	5	73
1954	6	62
1954	7	35
1954	8	9
1954	9	0
1954	10	33
1954	11	30
1954	12	87
1955	1	45
1955	2	195
1955	3	281
1955	4	198
1955	5	76
1955	6	21
1955	7	220
1955	8	420
1955	9	49
1955	10	241
1955	11	48
1955	12	33
1956	1	28
1956	2	280
1956	3	223
1956	4	238
1956	5	208
1956	6	50
1956	7	28
1956	8	31
1956	9	28
1956	10	66
1956	11	57
1956	12	99
1957	1	135
1957	2	457
1957	3	213
1957	4	229
1957	5	50
1957	6	41
1957	7	10
1957	8	49
1957	9	19
1957	10	26
1957	11	178
1957	12	180
1958	1	326
1958	2	263
1958	3	201
1958	4	378
1958	5	266
1958	6	51
1958	7	81
1958	8	68
1958	9	9
1958	10	9
1958	11	12
1958	12	238
1959	1	132
1959	2	215
1959	3	145
1959	4	284
1959	5	56
1959	6	178
1959	7	61
1959	8	38
1959	9	33
1959	10	223
1959	11	197
1959	12	242
1960	1	226
1960	2	665
1960	3	424
1960	4	354
1960	5	184
1960	6	38
1960	7	37
1960	8	103
1960	9	114
1960	10	49
1960	11	32
1960	12	51
1961	1	110
1961	2	419
1961	3	272
1961	4	276
1961	5	180
1961	6	121
1961	7	92
1961	8	191
1961	9	32
1961	10	14
1961	11	17
1961	12	160
1962	1	633
1962	2	459
1962	3	352
1962	4	398
1962	5	53
1962	6	121
1962	7	38
1962	8	101
1962	9	29
1962	10	12
1962	11	286
1962	12	141
1963	1	185
1963	2	197
1963	3	482
1963	4	70
1963	5	43
1963	6	20
1963	7	24
1963	8	39
1963	9	12
1963	10	5
1963	11	131
1963	12	90
1964	1	262
1964	2	330
1964	3	172
1964	4	165
1964	5	32
1964	6	29
1964	7	32
1964	8	33
1964	9	49
1964	10	116
1964	11	43
1964	12	119
1965	1	109
1965	2	329
1965	3	314
1965	4	183
1965	5	52
1965	6	88
1965	7	131
1965	8	48
1965	9	13
1965	10	13
1965	11	10
1965	12	7
1966	1	32
1966	2	372
1966	3	234
1966	4	40
1966	5	100
1966	6	22
1966	7	4
1966	8	49
1966	9	34
1966	10	26
1966	11	20
1966	12	61
1967	1	97
1967	2	198
1967	3	72
1967	4	50
1967	5	34
1967	6	114
1967	7	56
1967	8	18
1967	9	9
1967	10	6
1967	11	6
1967	12	189
1968	1	244
1968	2	64
1968	3	224
1968	4	74
1968	5	178
1968	6	38
1968	7	27
1968	8	6
1968	9	0
1968	10	1
1968	11	29
1968	12	54
1969	1	122
1969	2	192
1969	3	334
1969	4	219
1969	5	50
1969	6	93
1969	7	28
1969	8	29
1969	9	20
1969	10	25
1969	11	11
1969	12	78
1970	1	49
1970	2	218
1970	3	135
1970	4	206
1970	5	88
1970	6	35
1970	7	176
1970	8	31
1970	9	4
1970	10	5
1970	11	114
1970	12	53
1971	1	120
1971	2	337
1971	3	213
1971	4	166
1971	5	237
1971	6	51
1971	7	28
1971	8	118
1971	9	279
1971	10	561
1971	11	209
1971	12	133
1972	1	100
1972	2	354
1972	3	102
1972	4	179
1972	5	194
1972	6	190
1972	7	54
1972	8	28
1972	9	53
1972	10	320
1972	11	405
1972	12	421
1973	1	242
1973	2	476
1973	3	488
1973	4	471
1973	5	126
1973	6	132
1973	7	94
1973	8	236
1973	9	19
1973	10	8
1973	11	12
1973	12	210
1974	1	351
1974	2	287
1974	3	190
1974	4	144
1974	5	184
1974	6	47
1974	7	17
1974	8	119
1974	9	462
1974	10	29
1974	11	31
1974	12	134
1975	1	580
1975	2	307
1975	3	892
1975	4	134
1975	5	114
1975	6	43
1975	7	798
1975	8	47
1975	9	156
1975	10	42
1975	11	61
1975	12	79
1976	1	234
1976	2	144
1976	3	83
1976	4	57
1976	5	30
1976	6	26
1976	7	8
1976	8	3
1976	9	2
1976	10	27
1976	11	24
1976	12	105
1977	1	123
1977	2	67
1977	3	210
1977	4	65
1977	5	28
1977	6	10
1977	7	9
1977	8	2
1977	9	8
1977	10	19
1977	11	49
1977	12	127
1978	1	626
1978	2	92
1978	3	306
1978	4	477
1978	5	573
1978	6	54
1978	7	127
1978	8	105
1978	9	28
1978	10	6
1978	11	15
1978	12	126
1979	1	451
1979	2	669
1979	3	342
1979	4	176
1979	5	161
1979	6	130
1979	7	31
1979	8	38
1979	9	157
1979	10	72
1979	11	308
1979	12	75
1980	1	244
1980	2	126
1980	3	322
1980	4	206
1980	5	116
1980	6	75
1980	7	24
1980	8	7
1980	9	18
1980	10	17
1980	11	32
1980	12	24
1981	1	19
1981	2	121
1981	3	82
1981	4	60
1981	5	22
1981	6	28
1981	7	143
1981	8	57
1981	9	36
1981	10	74
1981	11	18
1981	12	141
1982	1	355
1982	2	383
1982	3	246
1982	4	91
1982	5	52
1982	6	369
1982	7	81
1982	8	216
1982	9	15
1982	10	144
1982	11	59
1982	12	255
1983	1	165
1983	2	430
1983	3	592
1983	4	587
1983	5	195
1983	6	76
1983	7	25
1983	8	5
1983	9	1
1983	10	5
1983	11	50
1983	12	287
1984	1	287
1984	2	487
1984	3	595
1984	4	459
1984	5	150
1984	6	62
1984	7	238
1984	8	53
1984	9	11
1984	10	15
1984	11	16
1984	12	73
1985	1	207
1985	2	379
1985	3	73
1985	4	35
1985	5	31
1985	6	13
1985	7	23
1985	8	119
1985	9	17
1985	10	22
1985	11	489
1985	12	155
1986	1	62
1986	2	89
1986	3	189
1986	4	52
1986	5	27
1986	6	7
1986	7	7
1986	8	130
1986	9	8
1986	10	5
1986	11	26
1986	12	186
1987	1	312
1987	2	423
1987	3	525
1987	4	301
1987	5	73
1987	6	56
1987	7	57
1987	8	4
1987	9	19
1987	10	12
1987	11	32
1987	12	104
1988	1	182
1988	2	131
1988	3	80
1988	4	93
1988	5	44
1988	6	15
1988	7	5
1988	8	12
1988	9	14
1988	10	33
1988	11	135
1988	12	41
1989	1	71
1989	2	467
1989	3	682
1989	4	323
1989	5	311
1989	6	98
1989	7	229
1989	8	93
1989	9	40
1989	10	123
1989	11	79
1989	12	196
1990	1	283
1990	2	356
1990	3	161
1990	4	271
1990	5	253
1990	6	65
1990	7	15
1990	8	12
1990	9	1
1990	10	151
1990	11	59
1990	12	140
1991	1	410
1991	2	74
1991	3	314
1991	4	121
1991	5	50
1991	6	12
1991	7	4
1991	8	6
1991	9	19
1991	10	19
1991	11	6
1991	12	31
1992	1	305
1992	2	134
1992	3	206
1992	4	149
1992	5	31
1992	6	31
1992	7	29
1992	8	26
1992	9	11
1992	10	21
1992	11	139
1992	12	154
1993	1	379
1993	2	175
1993	3	896
1993	4	567
1993	5	63
1993	6	29
1993	7	17
1993	8	9
1993	9	6
1993	10	4
1993	11	66
1993	12	95
1994	1	169
1994	2	241
1994	3	499
1994	4	156
1994	5	34
1994	6	8
1994	7	118
1994	8	62
1994	9	7
1994	10	5
1994	11	9
1994	12	9
1995	1	155
1995	2	231
1995	3	226
1995	4	33
1995	5	23
1995	6	412
1995	7	122
1995	8	36
1995	9	9
1995	10	190
1995	11	212
1995	12	129
1996	1	378
1996	2	238
1996	3	279
1996	4	178
1996	5	148
1996	6	33
1996	7	57
1996	8	84
1996	9	984
1996	10	81
1996	11	97
1996	12	248
1997	1	223
1997	2	314
1997	3	258
1997	4	364
1997	5	103
1997	6	72
1997	7	16
1997	8	13
1997	9	16
1997	10	13
1997	11	102
1997	12	99
1998	1	631
1998	2	758
1998	3	948
1998	4	323
1998	5	113
1998	6	37
1998	7	24
1998	8	7
1998	9	28
1998	10	4
1998	11	4
1998	12	63
1999	1	320
1999	2	90
1999	3	130
1999	4	162
1999	5	61
1999	6	30
1999	7	12
1999	8	5
1999	9	675
1999	10	131
1999	11	87
1999	12	78
2000	1	162
2000	2	297
2000	3	239
2000	4	375
2000	5	91
2000	6	104
2000	7	49
2000	8	34
2000	9	27
2000	10	9
2000	11	15
2000	12	34
2001	1	46
2001	2	95
2001	3	377
2001	4	198
2001	5	31
2001	6	46
2001	7	67
2001	8	20
2001	9	11
2001	10	3
2001	11	2
2001	12	8
2002	1	76
2002	2	39
2002	3	77
2002	4	34
2002	5	19
2002	6	3
2002	7	1
2002	8	3
2002	9	30
2002	10	388
2002	11	217
2002	12	359
2003	1	125
2003	2	358
2003	3	695
2003	4	656
2003	5	408
2003	6	348
2003	7	310
2003	8	129
2003	9	172
2003	10	66
2003	11	74
2003	12	240
2004	1	84
2004	2	175
2004	3	58
2004	4	157
2004	5	63
2004	6	23
2004	7	11
2004	8	200
2004	9	91
2004	10	39
2004	11	164
2004	12	292
2005	1	232
2005	2	155
2005	3	294
2005	4	114
2005	5	49
2005	6	39
2005	7	10
2005	8	7
2005	9	0
2005	10	0
2005	11	11
2005	12	174
2006	1	60
2006	2	49
2006	3	28
2006	4	65
2006	5	30
2006	6	77
2006	7	92
2006	8	12
2006	9	35
2006	10	50
2006	11	429
2006	12	123
2007	1	206
2007	2	127
2007	3	186
2007	4	202
2007	5	37
2007	6	19
2007	7	5
2007	8	0
2007	9	0
2007	10	8
2007	11	0
2007	12	22
2008	1	22
2008	2	56
2008	3	174
2008	4	262
2008	5	42
2008	6	9
2008	7	3
2008	8	32
2008	9	380
2008	10	21
2008	11	29
2008	12	199
2009	1	183
2009	2	51
2009	3	380
2009	4	142
2009	5	55
2009	6	208
2009	7	14
2009	8	16
2009	9	0
2009	10	4
2009	11	360
2009	12	542
2010	1	278
2010	2	429
2010	3	164
2010	4	62
2010	5	159
2010	6	45
2010	7	34
2010	8	10
2010	9	24
2010	10	20
2010	11	10
2010	12	21
2011	1	20
2011	2	33
2011	3	165
2011	4	81
2011	5	86
2011	6	14
2011	7	18
2011	8	2
2011	9	25
2011	10	0
2011	11	56
2011	12	66
2012	1	29
2012	2	47
2012	3	134
2012	4	53
2012	5	89
2012	6	30
2012	7	14
2012	8	22
2012	9	66
2012	10	16
2012	11	9
2012	12	52
2013	1	197
2013	2	170
2013	3	114
2013	4	126
2013	5	155
2013	6	147
2013	7	269
2013	8	85
2013	9	11
2013	10	12
2013	11	18
2013	12	187
2014	1	270
2014	2	220
2014	3	317
2014	4	289
2014	5	329
2014	6	34
2014	7	38
2014	8	52
2014	9	29
2014	10	35
2014	11	60
2014	12	144
2015	1	149
2015	2	133
2015	3	297
2015	4	113
2015	5	34
2015	6	90
2015	7	18
2015	8	4
2015	9	21
