1940	1	68
1940	2	126
1940	3	139
1940	4	134
1940	5	53
1940	6	21
1940	7	8
1940	8	36
1940	9	12
1940	10	5
1940	11	18
1940	12	31
1941	1	47
1941	2	46
1941	3	101
1941	4	152
1941	5	20
1941	6	17
1941	7	257
1941	8	32
1941	9	9
1941	10	8
1941	11	6
1941	12	53
1942	1	31
1942	2	71
1942	3	149
1942	4	65
1942	5	56
1942	6	69
1942	7	38
1942	8	148
1942	9	121
1942	10	111
1942	11	76
1942	12	125
1943	1	251
1943	2	154
1943	3	143
1943	4	97
1943	5	35
1943	6	111
1943	7	205
1943	8	26
1943	9	37
1943	10	15
1943	11	28
1943	12	71
1944	1	210
1944	2	204
1944	3	339
1944	4	224
1944	5	67
1944	6	18
1944	7	17
1944	8	43
1944	9	15
1944	10	119
1944	11	49
1944	12	120
1945	1	91
1945	2	166
1945	3	125
1945	4	67
1945	5	40
1945	6	12
1945	7	26
1945	8	188
1945	9	345
1945	10	59
1945	11	46
1945	12	236
1946	1	271
1946	2	207
1946	3	101
1946	4	137
1946	5	136
1946	6	42
1946	7	66
1946	8	44
1946	9	41
1946	10	76
1946	11	79
1946	12	71
1947	1	157
1947	2	65
1947	3	90
1947	4	94
1947	5	43
1947	6	33
1947	7	22
1947	8	14
1947	9	72
1947	10	33
1947	11	167
1947	12	71
1948	1	115
1948	2	374
1948	3	208
1948	4	127
1948	5	35
1948	6	19
1948	7	10
1948	8	10
1948	9	14
1948	10	54
1948	11	170
1948	12	211
1949	1	141
1949	2	188
1949	3	105
1949	4	76
1949	5	228
1949	6	98
1949	7	90
1949	8	340
1949	9	94
1949	10	38
1949	11	74
1949	12	61
1950	1	91
1950	2	81
1950	3	83
1950	4	43
1950	5	64
1950	6	23
1950	7	111
1950	8	13
1950	9	16
1950	10	27
1950	11	26
1950	12	56
1951	1	50
1951	2	55
1951	3	65
1951	4	92
1951	5	25
1951	6	9
1951	7	11
1951	8	13
1951	9	3
1951	10	2
1951	11	6
1951	12	19
1952	1	48
1952	2	112
1952	3	351
1952	4	80
1952	5	40
1952	6	20
1952	7	17
1952	8	118
1952	9	237
1952	10	35
1952	11	114
1952	12	81
1953	1	196
1953	2	246
1953	3	220
1953	4	140
1953	5	50
1953	6	39
1953	7	16
1953	8	10
1953	9	4
1953	10	3
1953	11	7
1953	12	72
1954	1	355
1954	2	183
1954	3	165
1954	4	134
1954	5	81
1954	6	19
1954	7	14
1954	8	6
1954	9	0
1954	10	15
1954	11	18
1954	12	52
1955	1	61
1955	2	116
1955	3	89
1955	4	78
1955	5	14
1955	6	10
1955	7	26
1955	8	132
1955	9	436
1955	10	54
1955	11	52
1955	12	40
1956	1	38
1956	2	167
1956	3	189
1956	4	134
1956	5	79
1956	6	52
1956	7	41
1956	8	20
1956	9	21
1956	10	93
1956	11	118
1956	12	124
1957	1	70
1957	2	138
1957	3	182
1957	4	78
1957	5	80
1957	6	181
1957	7	22
1957	8	45
1957	9	48
1957	10	104
1957	11	226
1957	12	225
1958	1	208
1958	2	205
1958	3	178
1958	4	160
1958	5	329
1958	6	46
1958	7	38
1958	8	98
1958	9	19
1958	10	67
1958	11	44
1958	12	103
1959	1	110
1959	2	170
1959	3	157
1959	4	318
1959	5	61
1959	6	85
1959	7	130
1959	8	78
1959	9	176
1959	10	275
1959	11	136
1959	12	105
1960	1	171
1960	2	389
1960	3	234
1960	4	203
1960	5	110
1960	6	27
1960	7	60
1960	8	106
1960	9	46
1960	10	55
1960	11	33
1960	12	53
1961	1	73
1961	2	270
1961	3	170
1961	4	169
1961	5	121
1961	6	48
1961	7	31
1961	8	62
1961	9	14
1961	10	9
1961	11	18
1961	12	67
1962	1	182
1962	2	129
1962	3	175
1962	4	205
1962	5	27
1962	6	33
1962	7	174
1962	8	44
1962	9	14
1962	10	13
1962	11	210
1962	12	106
1963	1	171
1963	2	175
1963	3	224
1963	4	75
1963	5	54
1963	6	29
1963	7	17
1963	8	17
1963	9	15
1963	10	9
1963	11	120
1963	12	142
1964	1	167
1964	2	193
1964	3	173
1964	4	198
1964	5	36
1964	6	16
1964	7	9
1964	8	23
1964	9	53
1964	10	273
1964	11	56
1964	12	154
1965	1	90
1965	2	168
1965	3	201
1965	4	84
1965	5	62
1965	6	163
1965	7	472
1965	8	167
1965	9	32
1965	10	31
1965	11	27
1965	12	25
1966	1	70
1966	2	194
1966	3	191
1966	4	55
1966	5	123
1966	6	64
1966	7	14
1966	8	14
1966	9	19
1966	10	16
1966	11	23
1966	12	41
1967	1	62
1967	2	131
1967	3	72
1967	4	40
1967	5	35
1967	6	124
1967	7	36
1967	8	232
1967	9	64
1967	10	23
1967	11	29
1967	12	144
1968	1	192
1968	2	64
1968	3	91
1968	4	62
1968	5	32
1968	6	24
1968	7	31
1968	8	4
1968	9	0
1968	10	10
1968	11	35
1968	12	41
1969	1	56
1969	2	139
1969	3	189
1969	4	72
1969	5	27
1969	6	35
1969	7	19
1969	8	155
1969	9	39
1969	10	60
1969	11	36
1969	12	65
1970	1	67
1970	2	142
1970	3	108
1970	4	126
1970	5	44
1970	6	11
1970	7	20
1970	8	34
1970	9	4
1970	10	10
1970	11	41
1970	12	36
1971	1	161
1971	2	230
1971	3	234
1971	4	105
1971	5	76
1971	6	14
1971	7	21
1971	8	34
1971	9	14
1971	10	204
1971	11	98
1971	12	77
1972	1	98
1972	2	213
1972	3	100
1972	4	102
1972	5	84
1972	6	33
1972	7	36
1972	8	25
1972	9	22
1972	10	48
1972	11	176
1972	12	254
1973	1	177
1973	2	450
1973	3	178
1973	4	240
1973	5	77
1973	6	161
1973	7	41
1973	8	17
1973	9	8
1973	10	5
1973	11	4
1973	12	45
1974	1	92
1974	2	177
1974	3	112
1974	4	81
1974	5	99
1974	6	35
1974	7	11
1974	8	107
1974	9	83
1974	10	20
1974	11	26
1974	12	96
1975	1	274
1975	2	240
1975	3	269
1975	4	95
1975	5	38
1975	6	17
1975	7	187
1975	8	16
1975	9	28
1975	10	25
1975	11	42
1975	12	93
1976	1	146
1976	2	107
1976	3	76
1976	4	35
1976	5	35
1976	6	75
1976	7	14
1976	8	4
1976	9	5
1976	10	33
1976	11	30
1976	12	129
1977	1	123
1977	2	58
1977	3	204
1977	4	77
1977	5	22
1977	6	9
1977	7	1
1977	8	9
1977	9	42
1977	10	42
1977	11	76
1977	12	73
1978	1	276
1978	2	94
1978	3	186
1978	4	256
1978	5	167
1978	6	54
1978	7	40
1978	8	37
1978	9	8
1978	10	13
1978	11	24
1978	12	54
1979	1	143
1979	2	221
1979	3	176
1979	4	131
1979	5	160
1979	6	91
1979	7	26
1979	8	15
1979	9	124
1979	10	52
1979	11	212
1979	12	75
1980	1	134
1980	2	109
1980	3	226
1980	4	121
1980	5	44
1980	6	39
1980	7	17
1980	8	4
1980	9	5
1980	10	19
1980	11	20
1980	12	40
1981	1	34
1981	2	125
1981	3	45
1981	4	24
1981	5	11
1981	6	5
1981	7	4
1981	8	27
1981	9	6
1981	10	11
1981	11	9
1981	12	42
1982	1	179
1982	2	154
1982	3	140
1982	4	58
1982	5	72
1982	6	129
1982	7	47
1982	8	66
1982	9	3
1982	10	8
1982	11	17
1982	12	51
1983	1	72
1983	2	247
1983	3	305
1983	4	188
1983	5	122
1983	6	62
1983	7	12
1983	8	1
1983	9	0
1983	10	3
1983	11	19
1983	12	187
1984	1	195
1984	2	214
1984	3	265
1984	4	199
1984	5	133
1984	6	69
1984	7	114
1984	8	55
1984	9	16
1984	10	14
1984	11	16
1984	12	32
1985	1	64
1985	2	177
1985	3	61
1985	4	27
1985	5	12
1985	6	10
1985	7	16
1985	8	18
1985	9	1
1985	10	2
1985	11	35
1985	12	45
1986	1	33
1986	2	49
1986	3	63
1986	4	16
1986	5	13
1986	6	1
1986	7	0
1986	8	116
1986	9	6
1986	10	0
1986	11	9
1986	12	40
1987	1	283
1987	2	146
1987	3	209
1987	4	190
1987	5	25
1987	6	8
1987	7	2
1987	8	1
1987	9	20
1987	10	7
1987	11	14
1987	12	28
1988	1	81
1988	2	84
1988	3	53
1988	4	49
1988	5	19
1988	6	19
1988	7	33
1988	8	11
1988	9	13
1988	10	14
1988	11	90
1988	12	33
1989	1	58
1989	2	148
1989	3	352
1989	4	169
1989	5	261
1989	6	112
1989	7	156
1989	8	111
1989	9	26
1989	10	94
1989	11	112
1989	12	163
1990	1	142
1990	2	157
1990	3	178
1990	4	129
1990	5	75
1990	6	42
1990	7	15
1990	8	33
1990	9	3
1990	10	25
1990	11	16
1990	12	37
1991	1	154
1991	2	50
1991	3	116
1991	4	70
1991	5	62
1991	6	85
1991	7	70
1991	8	68
1991	9	15
1991	10	14
1991	11	19
1991	12	35
1992	1	92
1992	2	66
1992	3	117
1992	4	56
1992	5	22
1992	6	202
1992	7	22
1992	8	28
1992	9	16
1992	10	43
1992	11	203
1992	12	125
1993	1	221
1993	2	93
1993	3	264
1993	4	231
1993	5	47
1993	6	14
1993	7	19
1993	8	23
1993	9	11
1993	10	49
1993	11	38
1993	12	81
1994	1	131
1994	2	169
1994	3	222
1994	4	66
1994	5	40
1994	6	11
1994	7	18
1994	8	23
1994	9	25
1994	10	65
1994	11	30
1994	12	34
1995	1	143
1995	2	279
1995	3	219
1995	4	41
1995	5	38
1995	6	173
1995	7	88
1995	8	75
1995	9	36
1995	10	246
1995	11	230
1995	12	88
1996	1	164
1996	2	174
1996	3	150
1996	4	111
1996	5	133
1996	6	49
1996	7	54
1996	8	42
1996	9	461
1996	10	155
1996	11	118
1996	12	174
1997	1	160
1997	2	192
1997	3	120
1997	4	131
1997	5	88
1997	6	73
1997	7	79
1997	8	13
1997	9	13
1997	10	13
1997	11	31
1997	12	70
1998	1	377
1998	2	382
1998	3	438
1998	4	125
1998	5	113
1998	6	26
1998	7	13
1998	8	29
1998	9	29
1998	10	25
1998	11	27
1998	12	42
1999	1	179
1999	2	76
1999	3	108
1999	4	59
1999	5	25
1999	6	11
1999	7	16
1999	8	16
1999	9	601
1999	10	224
1999	11	60
1999	12	78
2000	1	189
2000	2	221
2000	3	116
2000	4	87
2000	5	30
2000	6	46
2000	7	43
2000	8	141
2000	9	148
2000	10	31
2000	11	51
2000	12	49
2001	1	52
2001	2	70
2001	3	204
2001	4	123
2001	5	33
2001	6	140
2001	7	312
2001	8	134
2001	9	35
2001	10	29
2001	11	25
2001	12	42
2002	1	206
2002	2	97
2002	3	72
2002	4	99
2002	5	23
2002	6	15
2002	7	32
2002	8	16
2002	9	26
2002	10	110
2002	11	131
2002	12	172
2003	1	97
2003	2	251
2003	3	368
2003	4	284
2003	5	97
2003	6	94
2003	7	255
2003	8	337
2003	9	115
2003	10	70
2003	11	76
2003	12	133
2004	1	70
2004	2	160
2004	3	113
2004	4	75
2004	5	80
2004	6	56
2004	7	30
2004	8	195
2004	9	171
2004	10	48
2004	11	67
2004	12	75
2005	1	127
2005	2	95
2005	3	198
2005	4	113
2005	5	46
2005	6	37
2005	7	38
2005	8	36
2005	9	15
2005	10	23
2005	11	44
2005	12	141
2006	1	100
2006	2	72
2006	3	51
2006	4	77
2006	5	91
2006	6	434
2006	7	51
2006	8	18
2006	9	39
2006	10	29
2006	11	279
2006	12	159
2007	1	144
2007	2	93
2007	3	163
2007	4	103
2007	5	24
2007	6	23
2007	7	32
2007	8	13
2007	9	15
2007	10	51
2007	11	20
2007	12	51
2008	1	72
2008	2	62
2008	3	94
2008	4	129
2008	5	42
2008	6	13
2008	7	22
2008	8	22
2008	9	125
2008	10	27
2008	11	42
2008	12	117
2009	1	107
2009	2	57
2009	3	210
2009	4	73
2009	5	41
2009	6	38
2009	7	22
2009	8	18
2009	9	24
2009	10	14
2009	11	81
2009	12	183
2010	1	170
2010	2	225
2010	3	120
2010	4	60
2010	5	106
2010	6	78
2010	7	29
2010	8	124
2010	9	52
2010	10	87
2010	11	32
2010	12	45
2011	1	48
2011	2	64
2011	3	79
2011	4	100
2011	5	56
2011	6	18
2011	7	14
2011	8	26
2011	9	24
2011	10	17
2011	11	32
2011	12	32
2012	1	42
2012	2	52
2012	3	83
2012	4	44
2012	5	65
2012	6	36
2012	7	34
2012	8	19
2012	9	27
2012	10	24
2012	11	19
2012	12	47
2013	1	65
2013	2	113
2013	3	69
2013	4	76
2013	5	77
2013	6	210
2013	7	223
2013	8	49
2013	9	89
2013	10	27
2013	11	52
2013	12	135
2014	1	136
2014	2	189
2014	3	216
2014	4	142
2014	5	175
2014	6	28
2014	7	31
2014	8	142
2014	9	148
2014	10	76
2014	11	87
2014	12	201
2015	1	260
2015	2	138
2015	3	188
2015	4	209
2015	5	59
2015	6	42
2015	7	45
2015	8	14
2015	9	17
