1940	8	372
1940	9	36
1940	10	18
1940	11	56
1940	12	96
1941	1	165
1941	2	278
1941	3	1062
1941	4	707
1941	5	122
1941	6	90
1941	7	653
1941	8	270
1941	9	38
1941	10	17
1941	11	31
1941	12	169
1942	1	230
1942	2	413
1942	3	1212
1942	4	342
1942	5	97
1942	6	240
1942	7	156
1942	8	1275
1942	9	1049
1942	10	2447
1942	11	436
1942	12	856
1943	1	975
1943	2	1189
1943	3	1113
1943	4	1229
1943	5	471
1943	6	251
1943	7	1111
1943	8	123
1943	9	39
1943	10	16
1943	11	36
1943	12	165
1944	1	963
1944	2	1414
1944	3	1742
1944	4	1306
1944	5	210
1944	6	28
1944	7	84
1944	8	389
1944	9	90
1944	10	196
1944	11	126
1944	12	485
1945	1	575
1945	2	761
1945	3	539
1945	4	150
1945	5	105
1945	6	100
1945	7	604
1945	8	1726
1945	9	2063
1945	10	376
1945	11	391
1945	12	1136
1946	1	1532
1946	2	967
1946	3	575
1946	4	443
1946	5	868
1946	6	292
1946	7	1079
1946	8	960
1946	9	522
1946	10	1118
1946	11	517
1946	12	511
1947	1	1066
1947	2	395
1947	3	878
1947	4	1293
1947	5	179
1947	6	98
1947	7	380
1947	8	421
1947	9	1162
1947	10	860
1947	11	1852
1947	12	1181
1948	1	1537
1948	2	3583
1948	3	1692
1948	4	444
1948	5	148
1948	6	382
1948	7	185
1948	8	266
1948	9	41
1948	10	412
1948	11	1189
1948	12	2224
1949	1	1291
1949	2	1407
1949	3	836
1949	4	744
1949	5	1417
1949	6	971
1949	7	1111
1949	8	1109
1949	9	978
1949	10	140
1949	11	514
1949	12	432
1950	1	482
1950	2	312
1950	3	397
1950	4	205
1950	5	532
1950	6	233
1950	7	2682
1950	8	389
1950	9	539
1950	10	585
1950	11	173
1950	12	330
1951	1	410
1951	2	323
1951	3	446
1951	4	492
1951	5	171
1951	6	25
1951	7	143
1951	8	188
1951	9	46
1951	10	43
1951	11	410
1951	12	475
1952	1	464
1952	2	1002
1952	3	1532
1952	4	416
1952	5	483
1952	6	108
1952	7	93
1952	8	210
1952	9	169
1952	10	61
1952	11	161
1952	12	245
1953	1	451
1953	2	1163
1953	3	1110
1953	4	238
1953	5	231
1953	6	598
1953	7	61
1953	8	44
1953	9	223
1953	10	193
1953	11	241
1953	12	930
1954	1	1269
1954	2	512
1954	3	577
1954	4	958
1954	5	139
1954	6	69
1954	7	25
1954	8	13
1954	9	10
1954	10	7
1954	11	15
1954	12	59
1955	1	158
1955	2	248
1955	3	260
1955	4	184
1955	5	122
1955	6	98
1955	7	369
1955	8	2680
1955	9	4753
1955	10	473
1955	11	370
1955	12	434
1956	1	493
1956	2	1182
1956	3	870
1956	4	621
1956	5	1096
1956	6	263
1956	7	187
1956	8	102
1956	9	116
1956	10	351
1956	11	514
1956	12	299
1957	1	340
1957	2	465
1957	3	1439
1957	4	440
1957	5	192
1957	6	731
1957	7	114
1957	8	50
1957	9	322
1957	10	528
1957	11	770
1957	12	2018
1958	1	1853
1958	2	1015
1958	3	1421
1958	4	1135
1958	5	1157
1958	6	410
1958	7	315
1958	8	245
1958	9	261
1958	10	800
1958	11	362
1958	12	607
1959	1	835
1959	2	1371
1959	3	2743
1959	4	1896
1959	5	333
1959	6	226
1959	7	1126
1959	8	643
1959	9	534
1959	10	996
1959	11	1061
1959	12	1299
1960	1	1601
1960	2	2154
1960	3	1531
1960	4	1087
1960	5	537
1960	6	235
1960	7	679
1960	8	1960
1960	9	1509
1960	10	946
1960	11	330
1960	12	487
1961	1	602
1961	2	1146
1961	3	980
1961	4	1599
1961	5	731
1961	6	1953
1961	7	1463
1961	8	640
1961	9	419
1961	10	116
1961	11	118
1961	12	268
1962	1	984
1962	2	901
1962	3	1226
1962	4	971
1962	5	142
1962	6	402
1962	7	3922
1962	8	739
1962	9	575
1962	10	474
1962	11	1357
1962	12	563
1963	1	2028
1963	2	1657
1963	3	1054
1963	4	404
1963	5	393
1963	6	324
1963	7	273
1963	8	497
1963	9	257
1963	10	222
1963	11	592
1963	12	826
1964	1	1697
1964	2	2004
1964	3	1394
1964	4	1211
1964	5	222
1964	6	289
1964	7	310
1964	8	216
1964	9	1605
1964	10	1914
1964	11	400
1964	12	717
1965	1	782
1965	2	1676
1965	3	1568
1965	4	497
1965	5	249
1965	6	1429
1965	7	2132
1965	8	1238
1965	9	139
1965	10	133
1965	11	158
1965	12	171
1966	1	938
1966	2	1541
1966	3	2609
1966	4	356
1966	5	652
1966	6	369
1966	7	176
1966	8	1206
1966	9	332
1966	10	102
1966	11	93
1966	12	397
1967	1	1517
1967	2	1373
1967	3	473
1967	4	243
1967	5	216
1967	6	93
1967	7	336
1967	8	544
1967	9	733
1967	10	126
1967	11	156
1967	12	630
1968	1	1826
1968	2	473
1968	3	1491
1968	4	489
1968	5	130
1968	6	238
1968	7	380
1968	8	230
1968	9	28
1968	10	44
1968	11	188
1968	12	191
1969	1	410
1969	2	590
1969	3	1365
1969	4	997
1969	5	1901
1969	6	1020
1969	7	932
1969	8	2128
1969	9	274
1969	10	214
1969	11	1060
1969	12	738
1970	1	932
1970	2	1569
1970	3	919
1970	4	783
1970	5	268
1970	6	69
1970	7	343
1970	8	487
1970	9	92
1970	10	92
1970	11	315
1970	12	258
1971	1	885
1971	2	1580
1971	3	2469
1971	4	1191
1971	5	894
1971	6	208
1971	7	491
1971	8	1925
1971	9	516
1971	10	1480
1971	11	592
1971	12	604
1972	1	1209
1972	2	2217
1972	3	939
1972	4	966
1972	5	1109
1972	6	405
1972	7	853
1972	8	527
1972	9	738
1972	10	659
1972	11	1215
1972	12	1596
1973	1	1611
1973	2	3832
1973	3	1610
1973	4	2958
1973	5	418
1973	6	619
1973	7	327
1973	8	191
1973	9	119
1973	10	38
1973	11	37
1973	12	527
1974	1	590
1974	2	1484
1974	3	998
1974	4	1478
1974	5	680
1974	6	470
1974	7	329
1974	8	2645
1974	9	589
1974	10	168
1974	11	310
1974	12	1058
1975	1	1599
1975	2	1555
1975	3	1238
1975	4	906
1975	5	464
1975	6	195
1975	7	384
1975	8	99
1975	9	751
1975	10	531
1975	11	272
1975	12	700
1976	1	1847
1976	2	1514
1976	3	598
1976	4	215
1976	5	139
1976	6	695
1976	7	586
1976	8	437
1976	9	128
1976	10	85
1976	11	282
1976	12	1149
1977	1	1265
1977	2	491
1977	3	1997
1977	4	312
1977	5	358
1977	6	470
1977	7	53
1977	8	171
1977	9	213
1977	10	223
1977	11	1058
1977	12	945
1978	1	2249
1978	2	935
1978	3	1089
1978	4	2003
1978	5	1606
1978	6	230
1978	7	544
1978	8	401
1978	9	70
1978	10	42
1978	11	81
1978	12	468
1979	1	1295
1979	2	1027
1979	3	1731
1979	4	688
1979	5	778
1979	6	1037
1979	7	659
1979	8	137
1979	9	1618
1979	10	667
1979	11	405
1979	12	620
1980	1	966
1980	2	994
1980	3	2317
1980	4	1518
1980	5	978
1980	6	277
1980	7	416
1980	8	116
1980	9	98
1980	10	348
1980	11	376
1980	12	505
1981	1	722
1981	2	876
1981	3	434
1981	4	262
1981	5	318
1981	6	727
1981	7	136
1981	8	1587
1981	9	297
1981	10	42
1981	11	75
1981	12	327
1982	1	1437
1982	2	1487
1982	3	855
1982	4	399
1982	5	257
1982	6	496
1982	7	264
1982	8	524
1982	9	161
1982	10	173
1982	11	501
1982	12	900
1983	1	1163
1983	2	2617
1983	3	3506
1983	4	2297
1983	5	387
1983	6	1008
1983	7	367
1983	8	41
1983	9	64
1983	10	46
1983	11	131
1983	12	1072
1984	1	830
1984	2	1136
1984	3	1895
1984	4	1444
1984	5	341
1984	6	115
1984	7	620
1984	8	515
1984	9	1681
1984	10	366
1984	11	185
1984	12	298
1985	1	531
1985	2	1863
1985	3	674
1985	4	232
1985	5	71
1985	6	20
1985	7	106
1985	8	460
1985	9	69
1985	10	354
1985	11	395
1985	12	472
1986	1	334
1986	2	458
1986	3	511
1986	4	145
1986	5	77
1986	6	99
1986	7	202
1986	8	847
1986	9	143
1986	10	152
1986	11	238
1986	12	1008
1987	1	2206
1987	2	1017
1987	3	1783
1987	4	1578
1987	5	543
1987	6	249
1987	7	218
1987	8	274
1987	9	232
1987	10	40
1987	11	65
1987	12	246
1988	1	1009
1988	2	507
1988	3	413
1988	4	428
1988	5	639
1988	6	230
1988	7	142
1988	8	199
1988	9	264
1988	10	106
1988	11	133
1988	12	123
1989	1	297
1989	2	366
1989	3	1420
1989	4	1311
1989	5	1097
1989	6	493
1989	7	521
1989	8	470
1989	9	285
1989	10	776
1989	11	405
1989	12	1292
1990	1	1132
1990	2	738
1990	3	662
1990	4	961
1990	5	431
1990	6	283
1990	7	150
1990	8	772
1990	9	171
1990	10	264
1990	11	473
1990	12	334
1991	1	1033
1991	2	809
1991	3	1066
1991	4	986
1991	5	302
1991	6	232
1991	7	707
1991	8	1824
1991	9	480
1991	10	468
1991	11	319
1991	12	252
1992	1	855
1992	2	515
1992	3	465
1992	4	438
1992	5	173
1992	6	262
1992	7	44
1992	8	2572
1992	9	300
1992	10	349
1992	11	714
1992	12	1603
1993	1	2548
1993	2	954
1993	3	1472
1993	4	1313
1993	5	202
1993	6	77
1993	7	58
1993	8	45
1993	9	71
1993	10	76
1993	11	209
1993	12	378
1994	1	817
1994	2	787
1994	3	1162
1994	4	334
1994	5	68
1994	6	17
1994	7	57
1994	8	235
1994	9	164
1994	10	225
1994	11	165
1994	12	524
1995	1	709
1995	2	1708
1995	3	1330
1995	4	223
1995	5	64
1995	6	1649
1995	7	1071
1995	8	80
1995	9	64
1995	10	413
1995	11	558
1995	12	386
1996	1	630
1996	2	798
1996	3	1039
1996	4	610
1996	5	204
1996	6	470
1996	7	1061
1996	8	680
1996	9	4488
1996	10	2486
1996	11	776
1996	12	1164
1997	1	1210
1997	2	1234
1997	3	1041
1997	4	483
1997	5	426
1997	6	161
1997	7	158
1997	8	203
1997	9	286
1997	10	150
1997	11	613
1997	12	1090
1998	1	2376
1998	2	4398
1998	3	1950
1998	4	1451
1998	5	697
1998	6	194
1998	7	70
1998	8	927
1998	9	1140
1998	10	68
1998	11	112
1998	12	439
1999	1	2011
1999	2	1060
1999	3	656
1999	4	429
1999	5	504
1999	6	184
1999	7	346
1999	8	188
1999	9	7328
1999	10	3237
1999	11	949
1999	12	558
2000	1	1125
2000	2	1497
2000	3	1203
2000	4	922
2000	5	286
2000	6	303
2000	7	513
2000	8	392
2000	9	1137
2000	10	426
2000	11	257
2000	12	516
2001	1	331
2001	2	527
2001	3	1750
2001	4	766
2001	5	172
2001	6	655
2001	7	117
2001	8	755
2001	9	242
2001	10	96
2001	11	47
2001	12	99
2002	1	604
2002	2	601
2002	3	1204
2002	4	703
2002	5	122
2002	6	58
2002	7	54
2002	8	67
2002	9	185
2002	10	70
2002	11	400
2002	12	493
2003	1	401
2003	2	876
2003	3	1638
2003	4	1704
2003	5	964
2003	6	1750
2003	7	3192
2003	8	1367
2003	9	265
2003	10	642
2003	11	1135
2003	12	1392
2004	1	506
2004	2	984
2004	3	634
2004	4	699
2004	5	1106
2004	6	477
2004	7	195
2004	8	1137
2004	9	908
2004	10	206
2004	11	450
2004	12	549
2005	1	532
2005	2	495
2005	3	728
2005	4	781
2005	5	549
2005	6	199
2005	7	307
2005	8	193
2005	9	84
2005	10	1150
2005	11	452
2005	12	1214
2006	1	1236
2006	2	790
2006	3	400
2006	4	222
2006	5	476
2006	6	525
2006	7	845
2006	8	445
2006	9	3833
2006	10	487
2006	11	3063
2006	12	1368
2007	1	1246
2007	2	1017
2007	3	472
2007	4	533
2007	5	239
2007	6	60
2007	7	155
2007	8	66
2007	9	27
2007	10	150
2007	11	124
2007	12	214
2008	1	474
2008	2	944
2008	3	827
2008	4	1163
2008	5	211
2008	6	39
2008	7	14
2008	8	42
2008	9	570
2008	10	353
2008	11	408
2008	12	534
2009	1	504
2009	2	374
2009	3	903
2009	4	438
2009	5	326
2009	6	115
2009	7	14
2009	8	185
2009	9	195
2009	10	89
2009	11	1109
2009	12	2109
2010	1	1606
2010	2	2337
2010	3	1098
2010	4	335
2010	5	109
2010	6	123
2010	7	41
2010	8	72
2010	9	196
2010	10	1836
2010	11	298
2010	12	380
2011	1	436
2011	2	949
2011	3	372
2011	4	482
2011	5	183
2011	6	12
2011	7	6
2011	8	590
2011	9	740
2011	10	313
2011	11	282
2011	12	230
2012	1	370
2012	2	471
2012	3	1090
2012	4	457
2012	5	316
2012	6	820
2012	7	511
2012	8	1162
2012	9	433
2012	10	154
2012	11	100
2012	12	367
2013	1	612
2013	2	950
2013	3	691
2013	4	315
2013	5	171
2013	6	939
2013	7	2302
2013	8	684
2013	9	361
2013	10	158
2013	11	204
2013	12	835
2014	1	859
2014	2	1011
2014	3	1033
2014	4	1247
2014	5	565
2014	6	202
2014	7	556
2014	8	1452
2014	9	1383
2014	10	380
2014	11	275
2014	12	771
2015	1	1540
2015	2	1143
2015	3	1745
2015	4	723
2015	5	1365
2015	6	246
2015	7	262
2015	8	200
2015	9	485
