1940	1	31
1940	2	90
1940	3	143
1940	4	249
1940	5	76
1940	6	127
1940	7	86
1940	8	1084
1940	9	140
1940	10	53
1940	11	62
1940	12	156
1941	1	103
1941	2	60
1941	3	97
1941	4	116
1941	5	48
1941	6	33
1941	7	237
1941	8	49
1941	9	31
1941	10	20
1941	11	36
1941	12	108
1942	1	88
1942	2	180
1942	3	276
1942	4	92
1942	5	313
1942	6	266
1942	7	81
1942	8	97
1942	9	284
1942	10	102
1942	11	80
1942	12	223
1943	1	222
1943	2	213
1943	3	159
1943	4	210
1943	5	173
1943	6	122
1943	7	227
1943	8	60
1943	9	37
1943	10	31
1943	11	43
1943	12	39
1944	1	79
1944	2	175
1944	3	241
1944	4	154
1944	5	96
1944	6	84
1944	7	57
1944	8	40
1944	9	63
1944	10	123
1944	11	83
1944	12	110
1945	1	154
1945	2	185
1945	3	148
1945	4	202
1945	5	227
1945	6	78
1945	7	91
1945	8	74
1945	9	472
1945	10	153
1945	11	120
1945	12	173
1946	1	399
1946	2	225
1946	3	277
1946	4	151
1946	5	168
1946	6	70
1946	7	80
1946	8	41
1946	9	33
1946	10	75
1946	11	55
1946	12	47
1947	1	228
1947	2	86
1947	3	142
1947	4	168
1947	5	61
1947	6	54
1947	7	55
1947	8	126
1947	9	72
1947	10	395
1947	11	391
1947	12	101
1948	1	76
1948	2	262
1948	3	221
1948	4	165
1948	5	74
1948	6	71
1948	7	109
1948	8	110
1948	9	204
1948	10	77
1948	11	347
1948	12	212
1949	1	144
1949	2	155
1949	3	168
1949	4	244
1949	5	225
1949	6	256
1949	7	332
1949	8	473
1949	9	151
1949	10	152
1949	11	180
1949	12	127
1950	1	116
1950	2	173
1950	3	196
1950	4	109
1950	5	83
1950	6	81
1950	7	59
1950	8	57
1950	9	326
1950	10	133
1950	11	75
1950	12	293
1951	1	104
1951	2	150
1951	3	207
1951	4	190
1951	5	78
1951	6	84
1951	7	67
1951	8	60
1951	9	32
1951	10	26
1951	11	55
1951	12	150
1952	1	120
1952	2	253
1952	3	357
1952	4	160
1952	5	93
1952	6	59
1952	7	35
1952	8	61
1952	9	55
1952	10	31
1952	11	67
1952	12	83
1953	1	257
1953	2	276
1953	3	351
1953	4	117
1953	5	105
1953	6	69
1953	7	52
1953	8	32
1953	9	41
1953	10	24
1953	11	42
1953	12	103
1954	1	222
1954	2	179
1954	3	209
1954	4	141
1954	5	190
1954	6	75
1954	7	55
1954	8	33
1954	9	25
1954	10	18
1954	11	45
1954	12	106
1955	1	61
1955	2	157
1955	3	200
1955	4	295
1955	5	105
1955	6	70
1955	7	89
1955	8	142
1955	9	50
1955	10	40
1955	11	44
1955	12	40
1956	1	33
1956	2	180
1956	3	158
1956	4	195
1956	5	86
1956	6	34
1956	7	54
1956	8	20
1956	9	48
1956	10	175
1956	11	148
1956	12	130
1957	1	152
1957	2	386
1957	3	191
1957	4	471
1957	5	128
1957	6	318
1957	7	112
1957	8	44
1957	9	140
1957	10	154
1957	11	286
1957	12	272
1958	1	183
1958	2	218
1958	3	236
1958	4	317
1958	5	224
1958	6	91
1958	7	88
1958	8	54
1958	9	30
1958	10	39
1958	11	38
1958	12	117
1959	1	145
1959	2	114
1959	3	146
1959	4	232
1959	5	114
1959	6	107
1959	7	84
1959	8	68
1959	9	265
1959	10	290
1959	11	131
1959	12	189
1960	1	206
1960	2	377
1960	3	271
1960	4	346
1960	5	155
1960	6	133
1960	7	130
1960	8	207
1960	9	134
1960	10	100
1960	11	63
1960	12	61
1961	1	158
1961	2	282
1961	3	206
1961	4	255
1961	5	210
1961	6	142
1961	7	109
1961	8	220
1961	9	102
1961	10	66
1961	11	112
1961	12	274
1962	1	202
1962	2	236
1962	3	254
1962	4	280
1962	5	84
1962	6	119
1962	7	98
1962	8	67
1962	9	92
1962	10	125
1962	11	175
1962	12	117
1963	1	110
1963	2	70
1963	3	407
1963	4	100
1963	5	140
1963	6	78
1963	7	65
1963	8	44
1963	9	35
1963	10	24
1963	11	59
1963	12	57
1964	1	190
1964	2	147
1964	3	302
1964	4	220
1964	5	128
1964	6	58
1964	7	122
1964	8	188
1964	9	148
1964	10	383
1964	11	152
1964	12	175
1965	1	154
1965	2	227
1965	3	298
1965	4	199
1965	5	132
1965	6	108
1965	7	77
1965	8	52
1965	9	53
1965	10	154
1965	11	63
1965	12	44
1966	1	56
1966	2	355
1966	3	159
1966	4	126
1966	5	190
1966	6	77
1966	7	67
1966	8	92
1966	9	166
1966	10	111
1966	11	205
1966	12	145
1967	1	141
1967	2	133
1967	3	172
1967	4	68
1967	5	102
1967	6	122
1967	7	108
1967	8	107
1967	9	89
1967	10	98
1967	11	100
1967	12	153
1968	1	166
1968	2	110
1968	3	224
1968	4	135
1968	5	75
1968	6	218
1968	7	72
1968	8	61
1968	9	30
1968	10	210
1968	11	105
1968	12	105
1969	1	137
1969	2	208
1969	3	239
1969	4	226
1969	5	123
1969	6	153
1969	7	79
1969	8	97
1969	9	152
1969	10	170
1969	11	330
1969	12	179
1970	1	152
1970	2	172
1970	3	152
1970	4	169
1970	5	114
1970	6	111
1970	7	93
1970	8	353
1970	9	64
1970	10	201
1970	11	254
1970	12	87
1971	1	100
1971	2	213
1971	3	173
1971	4	117
1971	5	167
1971	6	101
1971	7	158
1971	8	125
1971	9	77
1971	10	363
1971	11	259
1971	12	216
1972	1	181
1972	2	150
1972	3	156
1972	4	174
1972	5	235
1972	6	598
1972	7	79
1972	8	52
1972	9	42
1972	10	59
1972	11	99
1972	12	189
1973	1	153
1973	2	266
1973	3	439
1973	4	298
1973	5	367
1973	6	125
1973	7	90
1973	8	118
1973	9	65
1973	10	103
1973	11	96
1973	12	268
1974	1	238
1974	2	229
1974	3	152
1974	4	298
1974	5	141
1974	6	204
1974	7	115
1974	8	227
1974	9	231
1974	10	85
1974	11	86
1974	12	150
1975	1	191
1975	2	299
1975	3	426
1975	4	148
1975	5	212
1975	6	249
1975	7	78
1975	8	56
1975	9	198
1975	10	234
1975	11	173
1975	12	106
1976	1	228
1976	2	145
1976	3	116
1976	4	133
1976	5	369
1976	6	465
1976	7	104
1976	8	55
1976	9	57
1976	10	299
1976	11	93
1976	12	163
1977	1	77
1977	2	105
1977	3	361
1977	4	288
1977	5	211
1977	6	151
1977	7	63
1977	8	57
1977	9	136
1977	10	158
1977	11	677
1977	12	167
1978	1	271
1978	2	110
1978	3	279
1978	4	148
1978	5	175
1978	6	86
1978	7	52
1978	8	109
1978	9	129
1978	10	44
1978	11	42
1978	12	120
1979	1	270
1979	2	264
1979	3	632
1979	4	345
1979	5	216
1979	6	187
1979	7	143
1979	8	87
1979	9	605
1979	10	220
1979	11	401
1979	12	140
1980	1	157
1980	2	95
1980	3	274
1980	4	402
1980	5	165
1980	6	138
1980	7	91
1980	8	46
1980	9	41
1980	10	61
1980	11	61
1980	12	54
1981	1	37
1981	2	157
1981	3	128
1981	4	107
1981	5	145
1981	6	129
1981	7	46
1981	8	24
1981	9	40
1981	10	25
1981	11	29
1981	12	51
1982	1	178
1982	2	277
1982	3	158
1982	4	135
1982	5	170
1982	6	103
1982	7	98
1982	8	79
1982	9	48
1982	10	57
1982	11	125
1982	12	260
1983	1	152
1983	2	453
1983	3	545
1983	4	479
1983	5	203
1983	6	192
1983	7	109
1983	8	55
1983	9	71
1983	10	146
1983	11	173
1983	12	348
1984	1	138
1984	2	325
1984	3	239
1984	4	288
1984	5	267
1984	6	137
1984	7	121
1984	8	125
1984	9	41
1984	10	39
1984	11	72
1984	12	66
1985	1	76
1985	2	174
1985	3	102
1985	4	144
1985	5	119
1985	6	70
1985	7	74
1985	8	154
1985	9	60
1985	10	49
1985	11	421
1985	12	124
1986	1	84
1986	2	123
1986	3	122
1986	4	62
1986	5	72
1986	6	47
1986	7	32
1986	8	50
1986	9	92
1986	10	46
1986	11	125
1986	12	245
1987	1	136
1987	2	170
1987	3	311
1987	4	410
1987	5	134
1987	6	135
1987	7	59
1987	8	32
1987	9	139
1987	10	41
1987	11	105
1987	12	120
1988	1	119
1988	2	97
1988	3	74
1988	4	147
1988	5	64
1988	6	38
1988	7	34
1988	8	37
1988	9	51
1988	10	41
1988	11	109
1988	12	72
1989	1	111
1989	2	118
1989	3	196
1989	4	125
1989	5	211
1989	6	204
1989	7	448
1989	8	114
1989	9	436
1989	10	278
1989	11	237
1989	12	139
1990	1	226
1990	2	358
1990	3	382
1990	4	118
1990	5	160
1990	6	67
1990	7	69
1990	8	169
1990	9	75
1990	10	377
1990	11	115
1990	12	163
1991	1	203
1991	2	173
1991	3	318
1991	4	273
1991	5	186
1991	6	148
1991	7	113
1991	8	78
1991	9	50
1991	10	43
1991	11	65
1991	12	132
1992	1	216
1992	2	112
1992	3	184
1992	4	382
1992	5	285
1992	6	517
1992	7	68
1992	8	89
1992	9	76
1992	10	143
1992	11	439
1992	12	223
1993	1	229
1993	2	210
1993	3	477
1993	4	277
1993	5	242
1993	6	68
1993	7	40
1993	8	33
1993	9	35
1993	10	23
1993	11	44
1993	12	95
1994	1	191
1994	2	251
1994	3	322
1994	4	250
1994	5	76
1994	6	74
1994	7	76
1994	8	557
1994	9	91
1994	10	106
1994	11	96
1994	12	151
1995	1	664
1995	2	175
1995	3	306
1995	4	93
1995	5	119
1995	6	308
1995	7	111
1995	8	139
1995	9	88
1995	10	374
1995	11	138
1995	12	78
1996	1	388
1996	2	204
1996	3	154
1996	4	118
1996	5	110
1996	6	148
1996	7	47
1996	8	177
1996	9	123
1996	10	90
1996	11	162
1996	12	257
1997	1	113
1997	2	190
1997	3	338
1997	4	174
1997	5	124
1997	6	170
1997	7	83
1997	8	41
1997	9	39
1997	10	34
1997	11	40
1997	12	63
1998	1	403
1998	2	568
1998	3	295
1998	4	310
1998	5	175
1998	6	82
1998	7	42
1998	8	67
1998	9	31
1998	10	34
1998	11	32
1998	12	59
1999	1	190
1999	2	114
1999	3	141
1999	4	89
1999	5	112
1999	6	51
1999	7	93
1999	8	35
1999	9	35
1999	10	48
1999	11	185
1999	12	105
2000	1	82
2000	2	152
2000	3	192
2000	4	209
2000	5	83
2000	6	52
2000	7	48
2000	8	50
2000	9	60
2000	10	24
2000	11	42
2000	12	48
2001	1	79
2001	2	69
2001	3	196
2001	4	129
2001	5	58
2001	6	56
2001	7	133
2001	8	117
2001	9	97
2001	10	56
2001	11	44
2001	12	95
2002	1	152
2002	2	81
2002	3	151
2002	4	112
2002	5	61
2002	6	49
2002	7	51
2002	8	24
2002	9	101
2002	10	82
2002	11	192
2002	12	229
2003	1	129
2003	2	218
2003	3	259
2003	4	380
2003	5	171
2003	6	231
2003	7	227
2003	8	165
2003	9	99
2003	10	93
2003	11	338
2003	12	169
2004	1	96
2004	2	166
2004	3	143
2004	4	152
2004	5	127
2004	6	150
2004	7	82
2004	8	53
2004	9	1570
2004	10	177
2004	11	201
2004	12	218
2005	1	209
2005	2	125
2005	3	197
2005	4	277
2005	5	141
2005	6	209
2005	7	265
2005	8	227
2005	9	89
2005	10	179
2005	11	181
2005	12	178
2006	1	209
2006	2	145
2006	3	90
2006	4	130
2006	5	97
2006	6	86
2006	7	59
2006	8	51
2006	9	190
2006	10	76
2006	11	214
2006	12	189
2007	1	249
2007	2	87
2007	3	175
2007	4	100
2007	5	58
2007	6	44
2007	7	50
2007	8	35
2007	9	39
2007	10	88
2007	11	47
2007	12	75
2008	1	85
2008	2	148
2008	3	273
2008	4	114
2008	5	67
2008	6	50
2008	7	39
2008	8	169
2008	9	101
2008	10	68
2008	11	73
2008	12	194
2009	1	170
2009	2	77
2009	3	170
2009	4	204
2009	5	289
2009	6	167
2009	7	55
2009	8	54
2009	9	136
2009	10	135
2009	11	214
2009	12	305
2010	1	353
2010	2	199
2010	3	318
2010	4	135
2010	5	100
2010	6	76
2010	7	44
2010	8	96
2010	9	38
2010	10	37
2010	11	36
2010	12	144
2011	1	80
2011	2	106
2011	3	285
2011	4	300
2011	5	140
2011	6	74
2011	7	62
2011	8	38
2011	9	153
2011	10	104
2011	11	212
2011	12	252
2012	1	171
2012	2	111
2012	3	123
2012	4	159
2012	5	248
2012	6	74
2012	7	90
2012	8	86
2012	9	183
2012	10	117
2012	11	60
2012	12	119
2013	1	418
2013	2	235
2013	3	213
2013	4	240
2013	5	580
2013	6	174
2013	7	937
2013	8	172
2013	9	86
2013	10	65
2013	11	86
2013	12	221
2014	1	179
2014	2	164
2014	3	142
2014	4	163
2014	5	180
2014	6	108
2014	7	118
2014	8	60
2014	9	141
2014	10	159
2014	11	124
2014	12	118
2015	1	126
2015	2	87
2015	3	108
2015	4	311
2015	5	91
2015	6	105
2015	7	45
2015	8	46
2015	9	209
