1940	1	241
1940	2	301
1940	3	260
1940	4	217
1940	5	127
1940	6	96
1940	7	57
1940	8	115
1940	9	46
1940	10	48
1940	11	213
1940	12	181
1941	1	195
1941	2	155
1941	3	240
1941	4	367
1941	5	96
1941	6	103
1941	7	326
1941	8	147
1941	9	88
1941	10	75
1941	11	93
1941	12	187
1942	1	151
1942	2	221
1942	3	401
1942	4	242
1942	5	205
1942	6	126
1942	7	127
1942	8	214
1942	9	214
1942	10	175
1942	11	191
1942	12	259
1943	1	337
1943	2	304
1943	3	348
1943	4	266
1943	5	189
1943	6	91
1943	7	363
1943	8	145
1943	9	153
1943	10	99
1943	11	132
1943	12	190
1944	1	344
1944	2	467
1944	3	605
1944	4	582
1944	5	310
1944	6	158
1944	7	623
1944	8	348
1944	9	219
1944	10	272
1944	11	222
1944	12	285
1945	1	265
1945	2	353
1945	3	300
1945	4	214
1945	5	171
1945	6	169
1945	7	292
1945	8	349
1945	9	931
1945	10	390
1945	11	312
1945	12	455
1946	1	469
1946	2	408
1946	3	315
1946	4	289
1946	5	319
1946	6	214
1946	7	339
1946	8	329
1946	9	212
1946	10	270
1946	11	260
1946	12	227
1947	1	397
1947	2	252
1947	3	322
1947	4	402
1947	5	203
1947	6	117
1947	7	146
1947	8	139
1947	9	149
1947	10	192
1947	11	420
1947	12	281
1948	1	307
1948	2	531
1948	3	482
1948	4	424
1948	5	242
1948	6	198
1948	7	269
1948	8	208
1948	9	120
1948	10	292
1948	11	490
1948	12	502
1949	1	454
1949	2	403
1949	3	352
1949	4	330
1949	5	374
1949	6	212
1949	7	508
1949	8	438
1949	9	367
1949	10	472
1949	11	362
1949	12	338
1950	1	298
1950	2	263
1950	3	301
1950	4	204
1950	5	207
1950	6	114
1950	7	208
1950	8	136
1950	9	111
1950	10	134
1950	11	123
1950	12	197
1951	1	172
1951	2	157
1951	3	184
1951	4	271
1951	5	94
1951	6	107
1951	7	79
1951	8	95
1951	9	75
1951	10	77
1951	11	131
1951	12	193
1952	1	194
1952	2	450
1952	3	619
1952	4	353
1952	5	249
1952	6	173
1952	7	81
1952	8	185
1952	9	299
1952	10	132
1952	11	298
1952	12	244
1953	1	390
1953	2	431
1953	3	551
1953	4	375
1953	5	291
1953	6	174
1953	7	134
1953	8	124
1953	9	134
1953	10	115
1953	11	120
1953	12	344
1954	1	465
1954	2	338
1954	3	322
1954	4	409
1954	5	212
1954	6	134
1954	7	110
1954	8	64
1954	9	43
1954	10	221
1954	11	168
1954	12	254
1955	1	241
1955	2	280
1955	3	210
1955	4	289
1955	5	195
1955	6	92
1955	7	128
1955	8	197
1955	9	209
1955	10	203
1955	11	185
1955	12	150
1956	1	152
1956	2	324
1956	3	339
1956	4	265
1956	5	315
1956	6	135
1956	7	392
1956	8	187
1956	9	177
1956	10	173
1956	11	158
1956	12	216
1957	1	181
1957	2	242
1957	3	306
1957	4	170
1957	5	327
1957	6	264
1957	7	85
1957	8	186
1957	9	259
1957	10	269
1957	11	468
1957	12	463
1958	1	469
1958	2	439
1958	3	440
1958	4	485
1958	5	465
1958	6	235
1958	7	195
1958	8	145
1958	9	87
1958	10	217
1958	11	146
1958	12	205
1959	1	268
1959	2	360
1959	3	320
1959	4	461
1959	5	233
1959	6	292
1959	7	426
1959	8	259
1959	9	278
1959	10	413
1959	11	310
1959	12	306
1960	1	419
1960	2	687
1960	3	556
1960	4	557
1960	5	284
1960	6	171
1960	7	153
1960	8	158
1960	9	160
1960	10	148
1960	11	141
1960	12	176
1961	1	203
1961	2	420
1961	3	450
1961	4	448
1961	5	308
1961	6	282
1961	7	162
1961	8	172
1961	9	110
1961	10	91
1961	11	140
1961	12	221
1962	1	342
1962	2	304
1962	3	375
1962	4	313
1962	5	138
1962	6	189
1962	7	137
1962	8	96
1962	9	158
1962	10	99
1962	11	334
1962	12	237
1963	1	356
1963	2	360
1963	3	410
1963	4	204
1963	5	252
1963	6	170
1963	7	117
1963	8	91
1963	9	109
1963	10	101
1963	11	190
1963	12	273
1964	1	413
1964	2	429
1964	3	458
1964	4	461
1964	5	177
1964	6	171
1964	7	294
1964	8	437
1964	9	556
1964	10	594
1964	11	322
1964	12	390
1965	1	327
1965	2	500
1965	3	539
1965	4	359
1965	5	194
1965	6	332
1965	7	370
1965	8	352
1965	9	237
1965	10	228
1965	11	234
1965	12	184
1966	1	303
1966	2	410
1966	3	477
1966	4	233
1966	5	321
1966	6	178
1966	7	109
1966	8	115
1966	9	133
1966	10	152
1966	11	141
1966	12	172
1967	1	202
1967	2	316
1967	3	206
1967	4	137
1967	5	153
1967	6	84
1967	7	96
1967	8	179
1967	9	159
1967	10	99
1967	11	153
1967	12	250
1968	1	419
1968	2	195
1968	3	244
1968	4	155
1968	5	109
1968	6	117
1968	7	99
1968	8	43
1968	9	28
1968	10	157
1968	11	232
1968	12	217
1969	1	198
1969	2	303
1969	3	396
1969	4	340
1969	5	193
1969	6	347
1969	7	165
1969	8	295
1969	9	311
1969	10	365
1969	11	210
1969	12	278
1970	1	256
1970	2	350
1970	3	313
1970	4	345
1970	5	230
1970	6	90
1970	7	175
1970	8	212
1970	9	92
1970	10	114
1970	11	309
1970	12	216
1971	1	377
1971	2	470
1971	3	528
1971	4	353
1971	5	351
1971	6	158
1971	7	161
1971	8	290
1971	9	209
1971	10	438
1971	11	299
1971	12	287
1972	1	375
1972	2	479
1972	3	290
1972	4	284
1972	5	365
1972	6	286
1972	7	199
1972	8	191
1972	9	125
1972	10	206
1972	11	331
1972	12	530
1973	1	458
1973	2	619
1973	3	518
1973	4	842
1973	5	362
1973	6	339
1973	7	218
1973	8	143
1973	9	122
1973	10	95
1973	11	109
1973	12	214
1974	1	214
1974	2	375
1974	3	228
1974	4	293
1974	5	232
1974	6	149
1974	7	98
1974	8	252
1974	9	208
1974	10	116
1974	11	176
1974	12	271
1975	1	438
1975	2	470
1975	3	505
1975	4	318
1975	5	331
1975	6	206
1975	7	538
1975	8	240
1975	9	264
1975	10	242
1975	11	264
1975	12	324
1976	1	389
1976	2	315
1976	3	294
1976	4	163
1976	5	259
1976	6	420
1976	7	162
1976	8	96
1976	9	92
1976	10	134
1976	11	193
1976	12	408
1977	1	379
1977	2	226
1977	3	506
1977	4	354
1977	5	178
1977	6	121
1977	7	64
1977	8	98
1977	9	139
1977	10	150
1977	11	153
1977	12	194
1978	1	500
1978	2	321
1978	3	403
1978	4	307
1978	5	299
1978	6	205
1978	7	142
1978	8	122
1978	9	71
1978	10	76
1978	11	127
1978	12	179
1979	1	341
1979	2	429
1979	3	455
1979	4	395
1979	5	292
1979	6	249
1979	7	181
1979	8	104
1979	9	413
1979	10	207
1979	11	499
1979	12	277
1980	1	444
1980	2	340
1980	3	507
1980	4	402
1980	5	207
1980	6	121
1980	7	85
1980	8	69
1980	9	110
1980	10	233
1980	11	220
1980	12	192
1981	1	170
1981	2	291
1981	3	173
1981	4	119
1981	5	98
1981	6	60
1981	7	73
1981	8	193
1981	9	90
1981	10	140
1981	11	141
1981	12	234
1982	1	465
1982	2	406
1982	3	430
1982	4	264
1982	5	220
1982	6	214
1982	7	165
1982	8	190
1982	9	114
1982	10	189
1982	11	174
1982	12	279
1983	1	269
1983	2	486
1983	3	500
1983	4	509
1983	5	240
1983	6	142
1983	7	150
1983	8	80
1983	9	109
1983	10	115
1983	11	217
1983	12	502
1984	1	485
1984	2	501
1984	3	533
1984	4	636
1984	5	416
1984	6	273
1984	7	561
1984	8	362
1984	9	148
1984	10	181
1984	11	173
1984	12	222
1985	1	273
1985	2	424
1985	3	198
1985	4	130
1985	5	118
1985	6	115
1985	7	275
1985	8	496
1985	9	171
1985	10	194
1985	11	332
1985	12	276
1986	1	207
1986	2	202
1986	3	221
1986	4	110
1986	5	91
1986	6	51
1986	7	32
1986	8	318
1986	9	109
1986	10	90
1986	11	210
1986	12	272
1987	1	407
1987	2	337
1987	3	503
1987	4	291
1987	5	152
1987	6	162
1987	7	89
1987	8	72
1987	9	127
1987	10	97
1987	11	138
1987	12	180
1988	1	316
1988	2	256
1988	3	227
1988	4	165
1988	5	84
1988	6	34
1988	7	74
1988	8	50
1988	9	130
1988	10	176
1988	11	249
1988	12	135
1989	1	198
1989	2	218
1989	3	499
1989	4	394
1989	5	382
1989	6	243
1989	7	279
1989	8	329
1989	9	218
1989	10	380
1989	11	301
1989	12	345
1990	1	320
1990	2	350
1990	3	299
1990	4	327
1990	5	206
1990	6	82
1990	7	65
1990	8	89
1990	9	45
1990	10	299
1990	11	212
1990	12	225
1991	1	366
1991	2	272
1991	3	350
1991	4	314
1991	5	174
1991	6	107
1991	7	135
1991	8	183
1991	9	82
1991	10	84
1991	11	114
1991	12	142
1992	1	165
1992	2	146
1992	3	183
1992	4	171
1992	5	118
1992	6	207
1992	7	64
1992	8	101
1992	9	50
1992	10	99
1992	11	396
1992	12	298
1993	1	399
1993	2	247
1993	3	496
1993	4	519
1993	5	234
1993	6	144
1993	7	93
1993	8	77
1993	9	58
1993	10	78
1993	11	166
1993	12	200
1994	1	245
1994	2	277
1994	3	323
1994	4	162
1994	5	98
1994	6	99
1994	7	145
1994	8	145
1994	9	284
1994	10	163
1994	11	175
1994	12	230
1995	1	415
1995	2	487
1995	3	433
1995	4	199
1995	5	142
1995	6	319
1995	7	315
1995	8	108
1995	9	134
1995	10	387
1995	11	416
1995	12	262
1996	1	316
1996	2	342
1996	3	340
1996	4	251
1996	5	152
1996	6	62
1996	7	98
1996	8	221
1996	9	504
1996	10	382
1996	11	308
1996	12	310
1997	1	339
1997	2	390
1997	3	333
1997	4	255
1997	5	193
1997	6	112
1997	7	256
1997	8	156
1997	9	117
1997	10	155
1997	11	232
1997	12	270
1998	1	560
1998	2	632
1998	3	728
1998	4	605
1998	5	380
1998	6	176
1998	7	115
1998	8	112
1998	9	198
1998	10	189
1998	11	167
1998	12	218
1999	1	397
1999	2	319
1999	3	285
1999	4	204
1999	5	183
1999	6	76
1999	7	72
1999	8	47
1999	9	266
1999	10	409
1999	11	212
1999	12	235
2000	1	351
2000	2	544
2000	3	325
2000	4	313
2000	5	124
2000	6	89
2000	7	114
2000	8	114
2000	9	197
2000	10	80
2000	11	148
2000	12	164
2001	1	144
2001	2	181
2001	3	218
2001	4	221
2001	5	111
2001	6	191
2001	7	68
2001	8	56
2001	9	79
2001	10	94
2001	11	76
2001	12	106
2002	1	244
2002	2	183
2002	3	157
2002	4	121
2002	5	49
2002	6	10
2002	7	11
2002	8	12
2002	9	75
2002	10	236
2002	11	265
2002	12	326
2003	1	212
2003	2	388
2003	3	610
2003	4	538
2003	5	397
2003	6	391
2003	7	264
2003	8	590
2003	9	347
2003	10	264
2003	11	259
2003	12	283
2004	1	204
2004	2	283
2004	3	253
2004	4	154
2004	5	134
2004	6	78
2004	7	63
2004	8	159
2004	9	327
2004	10	161
2004	11	163
2004	12	181
2005	1	234
2005	2	218
2005	3	309
2005	4	234
2005	5	105
2005	6	148
2005	7	87
2005	8	104
2005	9	34
2005	10	104
2005	11	104
2005	12	293
2006	1	200
2006	2	161
2006	3	141
2006	4	119
2006	5	146
2006	6	249
2006	7	99
2006	8	82
2006	9	95
2006	10	102
2006	11	402
2006	12	331
2007	1	338
2007	2	294
2007	3	319
2007	4	266
2007	5	120
2007	6	71
2007	7	44
2007	8	25
2007	9	29
2007	10	102
2007	11	83
2007	12	158
2008	1	223
2008	2	209
2008	3	265
2008	4	239
2008	5	108
2008	6	41
2008	7	79
2008	8	114
2008	9	301
2008	10	110
2008	11	157
2008	12	265
2009	1	199
2009	2	164
2009	3	327
2009	4	180
2009	5	116
2009	6	56
2009	7	35
2009	8	60
2009	9	35
2009	10	45
2009	11	142
2009	12	284
2010	1	338
2010	2	448
2010	3	252
2010	4	147
2010	5	93
2010	6	76
2010	7	53
2010	8	77
2010	9	62
2010	10	195
2010	11	100
2010	12	123
2011	1	123
2011	2	170
2011	3	155
2011	4	124
2011	5	56
2011	6	22
2011	7	17
2011	8	24
2011	9	36
2011	10	44
2011	11	79
2011	12	106
2012	1	100
2012	2	94
2012	3	145
2012	4	116
2012	5	55
2012	6	20
2012	7	30
2012	8	83
2012	9	49
2012	10	57
2012	11	55
2012	12	100
2013	1	126
2013	2	152
2013	3	130
2013	4	158
2013	5	198
2013	6	302
2013	7	376
2013	8	150
2013	9	79
2013	10	140
2013	11	134
2013	12	223
2014	1	334
2014	2	337
2014	3	388
2014	4	267
2014	5	196
2014	6	71
2014	7	53
2014	8	134
2014	9	185
2014	10	134
2014	11	176
2014	12	273
2015	1	392
2015	2	272
2015	3	294
2015	4	229
2015	5	98
2015	6	86
2015	7	76
2015	8	27
2015	9	48
