1942	1	73
1942	2	198
1942	3	208
1942	4	93
1942	5	99
1942	6	75
1942	7	77
1942	8	59
1942	9	72
1942	10	50
1942	11	47
1942	12	184
1943	1	193
1943	2	139
1943	3	147
1943	4	177
1943	5	108
1943	6	80
1943	7	155
1943	8	62
1943	9	53
1943	10	44
1943	11	60
1943	12	58
1944	1	108
1944	2	158
1944	3	284
1944	4	214
1944	5	114
1944	6	85
1944	7	96
1944	8	50
1944	9	114
1944	10	158
1944	11	82
1944	12	104
1945	1	110
1945	2	172
1945	3	128
1945	4	121
1945	5	89
1945	6	57
1945	7	86
1945	8	70
1945	9	594
1945	10	89
1945	11	87
1945	12	223
1946	1	310
1946	2	281
1946	3	223
1946	4	157
1946	5	187
1946	6	110
1946	7	96
1946	8	78
1946	9	66
1946	10	87
1946	11	85
1946	12	68
1947	1	209
1947	2	78
1947	3	125
1947	4	121
1947	5	77
1947	6	391
1947	7	73
1947	8	59
1947	9	56
1947	10	214
1947	11	255
1947	12	115
1948	1	127
1948	2	291
1948	3	229
1948	4	200
1948	5	127
1948	6	99
1948	7	71
1948	8	275
1948	9	100
1948	10	75
1948	11	274
1948	12	203
1949	1	165
1949	2	226
1949	3	164
1949	4	194
1949	5	196
1949	6	120
1949	7	203
1949	8	252
1949	9	134
1949	10	206
1949	11	162
1949	12	104
1950	1	111
1950	2	128
1950	3	204
1950	4	110
1950	5	87
1950	6	93
1950	7	74
1950	8	60
1950	9	98
1950	10	66
1950	11	56
1950	12	185
1951	1	59
1951	2	141
1951	3	128
1951	4	130
1951	5	73
1951	6	127
1951	7	82
1951	8	64
1951	9	40
1951	10	28
1951	11	46
1951	12	160
1952	1	121
1952	2	209
1952	3	414
1952	4	177
1952	5	111
1952	6	84
1952	7	61
1952	8	124
1952	9	61
1952	10	52
1952	11	52
1952	12	68
1953	1	153
1953	2	237
1953	3	282
1953	4	126
1953	5	88
1953	6	97
1953	7	49
1953	8	77
1953	9	125
1953	10	52
1953	11	49
1953	12	120
1954	1	281
1954	2	182
1954	3	223
1954	4	169
1954	5	139
1954	6	72
1954	7	42
1954	8	43
1954	9	25
1954	10	26
1954	11	40
1954	12	63
1955	1	48
1955	2	141
1955	3	77
1955	4	122
1955	5	86
1955	6	60
1955	7	51
1955	8	39
1955	9	30
1955	10	42
1955	11	35
1955	12	31
1956	1	32
1956	2	147
1956	3	86
1956	4	183
1956	5	88
1956	6	46
1956	7	108
1956	8	47
1956	9	57
1956	10	59
1956	11	62
1956	12	88
1957	1	111
1957	2	242
1957	3	168
1957	4	286
1957	5	127
1957	6	192
1957	7	84
1957	8	64
1957	9	173
1957	10	125
1957	11	246
1957	12	175
1958	1	215
1958	2	207
1958	3	211
1958	4	393
1958	5	276
1958	6	139
1958	7	106
1958	8	78
1958	9	62
1958	10	62
1958	11	55
1958	12	163
1959	1	111
1959	2	92
1959	3	120
1959	4	189
1959	5	109
1959	6	120
1959	7	91
1959	8	69
1959	9	199
1959	10	264
1959	11	128
1959	12	158
1960	1	198
1960	2	473
1960	3	347
1960	4	351
1960	5	181
1960	6	129
1960	7	100
1960	8	96
1960	9	91
1960	10	93
1960	11	65
1960	12	62
1961	1	117
1961	2	219
1961	3	167
1961	4	229
1961	5	137
1961	6	140
1961	7	83
1961	8	100
1961	9	54
1961	10	42
1961	11	71
1961	12	244
1962	1	171
1962	2	185
1962	3	213
1962	4	294
1962	5	123
1962	6	213
1962	7	130
1962	8	68
1962	9	64
1962	10	61
1962	11	97
1962	12	82
1963	1	102
1963	2	87
1963	3	329
1963	4	112
1963	5	147
1963	6	92
1963	7	68
1963	8	45
1963	9	56
1963	10	38
1963	11	56
1963	12	59
1964	1	168
1964	2	177
1964	3	168
1964	4	267
1964	5	139
1964	6	82
1964	7	102
1964	8	81
1964	9	63
1964	10	432
1964	11	178
1964	12	140
1965	1	131
1965	2	270
1965	3	280
1965	4	186
1965	5	141
1965	6	125
1965	7	92
1965	8	74
1965	9	53
1965	10	91
1965	11	58
1965	12	51
1966	1	62
1966	2	342
1966	3	180
1966	4	79
1966	5	81
1966	6	64
1966	7	41
1966	8	42
1966	9	90
1966	10	65
1966	11	97
1966	12	66
1967	1	104
1967	2	100
1967	3	92
1967	4	61
1967	5	70
1967	6	87
1967	7	118
1967	8	93
1967	9	54
1967	10	51
1967	11	56
1967	12	230
1968	1	190
1968	2	108
1968	3	173
1968	4	109
1968	5	268
1968	6	131
1968	7	95
1968	8	73
1968	9	62
1968	10	81
1968	11	87
1968	12	78
1969	1	107
1969	2	219
1969	3	215
1969	4	253
1969	5	121
1969	6	96
1969	7	57
1969	8	102
1969	9	137
1969	10	93
1969	11	119
1969	12	185
1970	1	117
1970	2	149
1970	3	118
1970	4	142
1970	5	94
1970	6	74
1970	7	56
1970	8	389
1970	9	68
1970	10	111
1970	11	117
1970	12	94
1971	1	144
1971	2	266
1971	3	180
1971	4	130
1971	5	156
1971	6	99
1971	7	91
1971	8	81
1971	9	64
1971	10	186
1971	11	141
1971	12	212
1972	1	154
1972	2	135
1972	3	147
1972	4	128
1972	5	225
1972	6	266
1972	7	118
1972	8	79
1972	9	60
1972	10	72
1972	11	115
1972	12	199
1973	1	176
1973	2	322
1973	3	377
1973	4	302
1973	5	277
1973	6	165
1973	7	111
1973	8	101
1973	9	76
1973	10	83
1973	11	69
1973	12	208
1974	1	216
1974	2	197
1974	3	170
1974	4	228
1974	5	173
1974	6	146
1974	7	130
1974	8	146
1974	9	131
1974	10	75
1974	11	80
1974	12	127
1975	1	178
1975	2	209
1975	3	582
1975	4	201
1975	5	245
1975	6	213
1975	7	122
1975	8	78
1975	9	119
1975	10	280
1975	11	147
1975	12	121
1976	1	181
1976	2	134
1976	3	119
1976	4	130
1976	5	122
1976	6	119
1976	7	64
1976	8	52
1976	9	59
1976	10	271
1976	11	99
1976	12	208
1977	1	108
1977	2	96
1977	3	177
1977	4	220
1977	5	99
1977	6	85
1977	7	49
1977	8	46
1977	9	134
1977	10	77
1977	11	392
1977	12	131
1978	1	353
1978	2	131
1978	3	248
1978	4	154
1978	5	216
1978	6	99
1978	7	82
1978	8	206
1978	9	69
1978	10	50
1978	11	52
1978	12	83
1979	1	231
1979	2	267
1979	3	312
1979	4	274
1979	5	168
1979	6	140
1979	7	126
1979	8	77
1979	9	298
1979	10	202
1979	11	221
1979	12	128
1980	1	208
1980	2	122
1980	3	287
1980	4	391
1980	5	214
1980	6	170
1980	7	118
1980	8	77
1980	9	74
1980	10	95
1980	11	102
1980	12	73
1981	1	57
1981	2	103
1981	3	108
1981	4	92
1981	5	116
1981	6	91
1981	7	94
1981	8	50
1981	9	64
1981	10	46
1981	11	39
1981	12	92
1982	1	196
1982	2	243
1982	3	127
1982	4	174
1982	5	124
1982	6	154
1982	7	122
1982	8	96
1982	9	52
1982	10	67
1982	11	74
1982	12	180
1983	1	150
1983	2	292
1983	3	290
1983	4	470
1983	5	195
1983	6	195
1983	7	123
1983	8	70
1983	9	70
1983	10	97
1983	11	120
1983	12	276
1984	1	158
1984	2	326
1984	3	260
1984	4	367
1984	5	321
1984	6	163
1984	7	165
1984	8	125
1984	9	71
1984	10	68
1984	11	68
1984	12	67
1985	1	94
1985	2	176
1985	3	69
1985	4	73
1985	5	57
1985	6	55
1985	7	105
1985	8	127
1985	9	58
1985	10	45
1985	11	253
1985	12	115
1986	1	81
1986	2	85
1986	3	124
1986	4	73
1986	5	79
1986	6	49
1986	7	34
1986	8	56
1986	9	67
1986	10	44
1986	11	99
1986	12	218
1987	1	142
1987	2	267
1987	3	385
1987	4	248
1987	5	133
1987	6	248
1987	7	93
1987	8	53
1987	9	92
1987	10	50
1987	11	94
1987	12	97
1988	1	118
1988	2	82
1988	3	72
1988	4	104
1988	5	62
1988	6	41
1988	7	42
1988	8	39
1988	9	54
1988	10	53
1988	11	62
1988	12	51
1989	1	70
1989	2	136
1989	3	159
1989	4	99
1989	5	149
1989	6	114
1989	7	94
1989	8	135
1989	9	267
1989	10	310
1989	11	130
1989	12	170
1990	1	203
1990	2	377
1990	3	292
1990	4	190
1990	5	168
1990	6	101
1990	7	89
1990	8	94
1990	9	56
1990	10	366
1990	11	110
1990	12	125
1991	1	220
1991	2	128
1991	3	241
1991	4	291
1991	5	175
1991	6	119
1991	7	100
1991	8	119
1991	9	67
1991	10	56
1991	11	60
1991	12	81
1992	1	120
1992	2	114
1992	3	130
1992	4	209
1992	5	156
1992	6	181
1992	7	99
1992	8	74
1992	9	83
1992	10	161
1992	11	294
1992	12	206
1993	1	357
1993	2	218
1993	3	472
1993	4	334
1993	5	264
1993	6	120
1993	7	84
1993	8	79
1993	9	54
1993	10	43
1993	11	61
1993	12	72
1994	1	178
1994	2	194
1994	3	314
1994	4	170
1994	5	108
1994	6	124
1994	7	120
1994	8	288
1994	9	90
1994	10	99
1994	11	105
1994	12	164
1995	1	329
1995	2	193
1995	3	206
1995	4	108
1995	5	86
1995	6	174
1995	7	107
1995	8	87
1995	9	83
1995	10	173
1995	11	154
1995	12	86
1996	1	380
1996	2	224
1996	3	164
1996	4	138
1996	5	114
1996	6	100
1996	7	58
1996	8	87
1996	9	66
1996	10	57
1996	11	86
1996	12	191
1997	1	123
1997	2	190
1997	3	242
1997	4	238
1997	5	151
1997	6	146
1997	7	109
1997	8	70
1997	9	56
1997	10	63
1997	11	68
1997	12	90
1998	1	270
1998	2	360
1998	3	267
1998	4	252
1998	5	200
1998	6	131
1998	7	88
1998	8	83
1998	9	53
1998	10	74
1998	11	62
1998	12	75
1999	1	132
1999	2	152
1999	3	117
1999	4	108
1999	5	91
1999	6	56
1999	7	49
1999	8	26
1999	9	27
1999	10	40
1999	11	52
1999	12	55
2000	1	69
2000	2	80
2000	3	122
2000	4	136
2000	5	84
2000	6	40
2000	7	35
2000	8	28
2000	9	37
2000	10	24
2000	11	36
2000	12	44
2001	1	44
2001	2	49
2001	3	142
2001	4	76
2001	5	36
2001	6	36
2001	7	47
2001	8	30
2001	9	41
2001	10	36
2001	11	36
2001	12	42
2002	1	72
2002	2	67
2002	3	106
2002	4	56
2002	5	35
2002	6	20
2002	7	14
2002	8	12
2002	9	45
2002	10	66
2002	11	130
2002	12	196
2003	1	96
2003	2	166
2003	3	278
2003	4	457
2003	5	312
2003	6	282
2003	7	191
2003	8	236
2003	9	110
2003	10	94
2003	11	108
2003	12	135
2004	1	85
2004	2	188
2004	3	100
2004	4	126
2004	5	78
2004	6	84
2004	7	68
2004	8	67
2004	9	406
2004	10	103
2004	11	159
2004	12	206
2005	1	131
2005	2	114
2005	3	200
2005	4	175
2005	5	106
2005	6	108
2005	7	149
2005	8	128
2005	9	58
2005	10	164
2005	11	80
2005	12	138
2006	1	143
2006	2	95
2006	3	80
2006	4	84
2006	5	59
2006	6	54
2006	7	35
2006	8	73
2006	9	134
2006	10	73
2006	11	143
2006	12	138
2007	1	256
2007	2	97
2007	3	191
2007	4	96
2007	5	67
2007	6	54
2007	7	37
2007	8	23
2007	9	25
2007	10	26
2007	11	32
2007	12	52
2008	1	45
2008	2	82
2008	3	105
2008	4	86
2008	5	41
2008	6	23
2008	7	34
2008	8	51
2008	9	41
2008	10	35
2008	11	36
2008	12	88
2009	1	119
2009	2	52
2009	3	171
2009	4	145
2009	5	160
2009	6	126
2009	7	54
2009	8	60
2009	9	88
2009	10	68
2009	11	217
2009	12	312
2010	1	335
2010	2	319
2010	3	220
2010	4	147
2010	5	114
2010	6	95
2010	7	57
2010	8	54
2010	9	36
2010	10	62
2010	11	50
2010	12	110
2011	1	58
2011	2	67
2011	3	208
2011	4	130
2011	5	74
2011	6	39
2011	7	28
2011	8	23
2011	9	36
2011	10	35
2011	11	73
2011	12	117
2012	1	97
2012	2	68
2012	3	77
2012	4	73
2012	5	138
2012	6	43
2012	7	40
2012	8	39
2012	9	45
2012	10	51
2012	11	35
2012	12	87
2013	1	197
2013	2	140
2013	3	137
2013	4	159
2013	5	355
2013	6	274
2013	7	424
2013	8	160
2013	9	103
2013	10	86
2013	11	110
2013	12	180
2014	1	176
2014	2	132
2014	3	146
2014	4	177
2014	5	105
2014	6	70
2014	7	55
2014	8	61
2014	9	96
2014	10	64
2014	11	88
2014	12	83
2015	1	106
2015	2	72
2015	3	93
2015	4	162
2015	5	68
2015	6	50
2015	7	28
2015	8	26
2015	9	53
