1940	1	2316
1940	2	3348
1940	3	2995
1940	4	2585
1940	5	1790
1940	6	1941
1940	7	1729
1940	8	7582
1940	9	2142
1940	10	1359
1940	11	2883
1940	12	2425
1941	1	2501
1941	2	1886
1941	3	2843
1941	4	2939
1941	5	1508
1941	6	1646
1941	7	8091
1941	8	2507
1941	9	1386
1941	10	1038
1941	11	1394
1941	12	2844
1942	1	2208
1942	2	5924
1942	3	6317
1942	4	2564
1942	5	3652
1942	6	2866
1942	7	2761
1942	8	3207
1942	9	3361
1942	10	1782
1942	11	1717
1942	12	4208
1943	1	8375
1943	2	4827
1943	3	5242
1943	4	4680
1943	5	3237
1943	6	3441
1943	7	6001
1943	8	2613
1943	9	1878
1943	10	1435
1943	11	1951
1943	12	2141
1944	1	3696
1944	2	6252
1944	3	10206
1944	4	7746
1944	5	4062
1944	6	3201
1944	7	2294
1944	8	2608
1944	9	1882
1944	10	3440
1944	11	2310
1944	12	2639
1945	1	3031
1945	2	4926
1945	3	4051
1945	4	3734
1945	5	2802
1945	6	1547
1945	7	3372
1945	8	2260
1945	9	9885
1945	10	2291
1945	11	2264
1945	12	7549
1946	1	9163
1946	2	8454
1946	3	5602
1946	4	4381
1946	5	4961
1946	6	2865
1946	7	3263
1946	8	3518
1946	9	2319
1946	10	3508
1946	11	2768
1946	12	2519
1947	1	7874
1947	2	3249
1947	3	4548
1947	4	3775
1947	5	2454
1947	6	3567
1947	7	2604
1947	8	2002
1947	9	1642
1947	10	4911
1947	11	7507
1947	12	3498
1948	1	4150
1948	2	8360
1948	3	7000
1948	4	5978
1948	5	3485
1948	6	2806
1948	7	2843
1948	8	4512
1948	9	2750
1948	10	1973
1948	11	8093
1948	12	6180
1949	1	5491
1949	2	6372
1949	3	4243
1949	4	5628
1949	5	5467
1949	6	3561
1949	7	4931
1949	8	9495
1949	9	5329
1949	10	6926
1949	11	5559
1949	12	3626
1950	1	4099
1950	2	3730
1950	3	4683
1950	4	3543
1950	5	3110
1950	6	3376
1950	7	3243
1950	8	2192
1950	9	3823
1950	10	3031
1950	11	2172
1950	12	4272
1951	1	2479
1951	2	3454
1951	3	4596
1951	4	4531
1951	5	2474
1951	6	2480
1951	7	2005
1951	8	1738
1951	9	1794
1951	10	1175
1951	11	1800
1951	12	6104
1952	1	3696
1952	2	5619
1952	3	14923
1952	4	4784
1952	5	3200
1952	6	2364
1952	7	1634
1952	8	3601
1952	9	2160
1952	10	1478
1952	11	1616
1952	12	2018
1953	1	4836
1953	2	7793
1953	3	6412
1953	4	3093
1953	5	3676
1953	6	2587
1953	7	1572
1953	8	1288
1953	9	2318
1953	10	1248
1953	11	1262
1953	12	3920
1954	1	8494
1954	2	3632
1954	3	5426
1954	4	4252
1954	5	2493
1954	6	1506
1954	7	1178
1954	8	981
1954	9	628
1954	10	561
1954	11	1086
1954	12	1659
1955	1	1996
1955	2	4330
1955	3	2432
1955	4	4699
1955	5	3457
1955	6	1835
1955	7	2423
1955	8	1620
1955	9	891
1955	10	1546
1955	11	1374
1955	12	1271
1956	1	1219
1956	2	6315
1956	3	4413
1956	4	5989
1956	5	3270
1956	6	1396
1956	7	1506
1956	8	750
1956	9	2148
1956	10	1483
1956	11	1615
1956	12	2305
1957	1	2216
1957	2	5048
1957	3	4822
1957	4	5582
1957	5	3055
1957	6	4205
1957	7	1652
1957	8	1782
1957	9	2679
1957	10	3338
1957	11	8651
1957	12	4413
1958	1	5484
1958	2	5238
1958	3	5121
1958	4	11398
1958	5	7314
1958	6	3474
1958	7	4131
1958	8	2768
1958	9	1628
1958	10	1637
1958	11	1708
1958	12	3442
1959	1	3695
1959	2	3612
1959	3	4305
1959	4	5949
1959	5	4638
1959	6	4177
1959	7	3694
1959	8	2626
1959	9	4493
1959	10	9120
1959	11	3944
1959	12	4468
1960	1	5823
1960	2	13042
1960	3	8407
1960	4	8531
1960	5	4883
1960	6	3968
1960	7	2731
1960	8	2910
1960	9	3135
1960	10	3820
1960	11	2613
1960	12	2630
1961	1	3634
1961	2	8702
1961	3	5690
1961	4	7608
1961	5	4390
1961	6	6013
1961	7	3739
1961	8	4931
1961	9	2561
1961	10	1829
1961	11	2392
1961	12	7503
1962	1	7429
1962	2	6359
1962	3	7549
1962	4	10498
1962	5	3637
1962	6	5446
1962	7	3334
1962	8	2657
1962	9	2558
1962	10	2499
1962	11	3404
1962	12	3203
1963	1	4854
1963	2	4107
1963	3	11677
1963	4	3642
1963	5	4235
1963	6	3212
1963	7	2659
1963	8	1711
1963	9	1839
1963	10	1600
1963	11	1798
1963	12	2633
1964	1	6055
1964	2	6029
1964	3	6951
1964	4	9905
1964	5	4114
1964	6	3145
1964	7	3856
1964	8	3676
1964	9	2687
1964	10	14723
1964	11	4510
1964	12	5661
1965	1	4173
1965	2	6555
1965	3	8912
1965	4	6793
1965	5	4052
1965	6	4913
1965	7	5599
1965	8	3521
1965	9	2179
1965	10	3154
1965	11	2418
1965	12	2188
1966	1	2875
1966	2	8344
1966	3	7398
1966	4	2968
1966	5	3288
1966	6	2463
1966	7	1689
1966	8	2013
1966	9	3089
1966	10	2412
1966	11	3142
1966	12	2699
1967	1	3653
1967	2	4115
1967	3	3251
1967	4	2148
1967	5	2601
1967	6	3646
1967	7	4775
1967	8	7225
1967	9	2726
1967	10	2241
1967	11	2374
1967	12	7546
1968	1	6907
1968	2	3249
1968	3	5722
1968	4	2988
1968	5	3321
1968	6	3386
1968	7	3461
1968	8	1815
1968	9	1461
1968	10	2129
1968	11	2643
1968	12	2329
1969	1	3110
1969	2	6766
1969	3	6318
1969	4	7730
1969	5	3256
1969	6	3454
1969	7	2182
1969	8	3642
1969	9	4212
1969	10	2688
1969	11	3088
1969	12	4856
1970	1	3517
1970	2	4982
1970	3	4036
1970	4	4333
1970	5	2809
1970	6	2132
1970	7	1885
1970	8	5373
1970	9	1648
1970	10	2058
1970	11	3266
1970	12	2642
1971	1	3890
1971	2	8032
1971	3	6541
1971	4	3935
1971	5	5688
1971	6	2480
1971	7	2951
1971	8	3297
1971	9	2968
1971	10	7075
1971	11	5301
1971	12	6952
1972	1	6847
1972	2	6293
1972	3	4553
1972	4	4247
1972	5	6841
1972	6	6330
1972	7	3183
1972	8	2467
1972	9	1910
1972	10	2129
1972	11	3315
1972	12	7530
1973	1	5379
1973	2	9095
1973	3	9708
1973	4	9573
1973	5	6929
1973	6	6763
1973	7	3471
1973	8	3131
1973	9	3060
1973	10	2681
1973	11	2276
1973	12	4311
1974	1	7513
1974	2	7161
1974	3	4343
1974	4	7801
1974	5	4389
1974	6	3656
1974	7	3380
1974	8	3290
1974	9	2437
1974	10	2031
1974	11	2049
1974	12	3113
1975	1	7184
1975	2	6548
1975	3	13071
1975	4	5205
1975	5	8534
1975	6	6435
1975	7	4323
1975	8	2621
1975	9	5021
1975	10	5872
1975	11	4413
1975	12	3765
1976	1	5956
1976	2	4475
1976	3	4833
1976	4	4468
1976	5	4764
1976	6	5042
1976	7	2839
1976	8	1869
1976	9	2537
1976	10	10840
1976	11	3268
1976	12	7125
1977	1	4542
1977	2	2953
1977	3	7377
1977	4	7354
1977	5	2955
1977	6	2506
1977	7	1782
1977	8	1808
1977	9	3768
1977	10	3030
1977	11	5508
1977	12	3644
1978	1	10609
1978	2	4953
1978	3	6668
1978	4	4050
1978	5	5350
1978	6	2867
1978	7	2123
1978	8	3483
1978	9	2269
1978	10	1703
1978	11	1798
1978	12	2448
1979	1	5597
1979	2	8865
1979	3	8032
1979	4	7422
1979	5	5062
1979	6	4141
1979	7	3559
1979	8	2409
1979	9	3712
1979	10	4955
1979	11	5338
1979	12	3413
1980	1	5649
1980	2	3579
1980	3	9444
1980	4	7660
1980	5	5665
1980	6	4999
1980	7	3066
1980	8	2210
1980	9	2711
1980	10	3805
1980	11	3649
1980	12	2990
1981	1	2400
1981	2	4376
1981	3	2685
1981	4	2900
1981	5	2310
1981	6	2150
1981	7	1560
1981	8	1219
1981	9	1417
1981	10	1183
1981	11	1263
1981	12	2959
1982	1	7719
1982	2	6770
1982	3	3974
1982	4	3379
1982	5	3129
1982	6	3232
1982	7	2404
1982	8	2411
1982	9	1324
1982	10	1418
1982	11	1955
1982	12	4747
1983	1	4450
1983	2	7511
1983	3	8407
1983	4	7999
1983	5	4666
1983	6	3030
1983	7	2388
1983	8	1608
1983	9	1548
1983	10	1836
1983	11	2404
1983	12	7498
1984	1	5768
1984	2	8292
1984	3	8481
1984	4	6995
1984	5	7656
1984	6	3569
1984	7	4162
1984	8	4141
1984	9	1965
1984	10	2377
1984	11	2205
1984	12	2807
1985	1	3168
1985	2	6404
1985	3	2857
1985	4	2482
1985	5	2004
1985	6	1451
1985	7	1763
1985	8	4375
1985	9	1651
1985	10	1708
1985	11	6897
1985	12	3898
1986	1	2271
1986	2	2247
1986	3	2876
1986	4	1922
1986	5	1727
1986	6	1310
1986	7	790
1986	8	4501
1986	9	2297
1986	10	1985
1986	11	3486
1986	12	5677
1987	1	5605
1987	2	5077
1987	3	10696
1987	4	5046
1987	5	3040
1987	6	2667
1987	7	1763
1987	8	1270
1987	9	2508
1987	10	1434
1987	11	1989
1987	12	3040
1988	1	4109
1988	2	2572
1988	3	2398
1988	4	2737
1988	5	1672
1988	6	1013
1988	7	871
1988	8	761
1988	9	1159
1988	10	1187
1988	11	1615
1988	12	1495
1989	1	2216
1989	2	2524
1989	3	5989
1989	4	2895
1989	5	3417
1989	6	2968
1989	7	2841
1989	8	2092
1989	9	2469
1989	10	6917
1989	11	2935
1989	12	4384
1990	1	5148
1990	2	10134
1990	3	7496
1990	4	4332
1990	5	3745
1990	6	2235
1990	7	1984
1990	8	1849
1990	9	1813
1990	10	10865
1990	11	3468
1990	12	3215
1991	1	6315
1991	2	3663
1991	3	7314
1991	4	7489
1991	5	5922
1991	6	3341
1991	7	2590
1991	8	3891
1991	9	2054
1991	10	1699
1991	11	1820
1991	12	2288
1992	1	2616
1992	2	4403
1992	3	4892
1992	4	4535
1992	5	3838
1992	6	4876
1992	7	2204
1992	8	2251
1992	9	2315
1992	10	5596
1992	11	8407
1992	12	6011
1993	1	10220
1993	2	6138
1993	3	12549
1993	4	7629
1993	5	5228
1993	6	2843
1993	7	1946
1993	8	1761
1993	9	1470
1993	10	1283
1993	11	1996
1993	12	2392
1994	1	3664
1994	2	4261
1994	3	5860
1994	4	3887
1994	5	2243
1994	6	3246
1994	7	2806
1994	8	6271
1994	9	2369
1994	10	2888
1994	11	2483
1994	12	3933
1995	1	9990
1995	2	8088
1995	3	5250
1995	4	2982
1995	5	2680
1995	6	4306
1995	7	2440
1995	8	5715
1995	9	3051
1995	10	5259
1995	11	5956
1995	12	3396
1996	1	6890
1996	2	7301
1996	3	6222
1996	4	4492
1996	5	3417
1996	6	2772
1996	7	1712
1996	8	2455
1996	9	2592
1996	10	2102
1996	11	2205
1996	12	4317
1997	1	4108
1997	2	5601
1997	3	6415
1997	4	5079
1997	5	3962
1997	6	3239
1997	7	2477
1997	8	1633
1997	9	1462
1997	10	2049
1997	11	2257
1997	12	3376
1998	1	8115
1998	2	9257
1998	3	8099
1998	4	7288
1998	5	4583
1998	6	2929
1998	7	1888
1998	8	2219
1998	9	1587
1998	10	1665
1998	11	1647
1998	12	2155
1999	1	3740
1999	2	3700
1999	3	2637
1999	4	2626
1999	5	2244
1999	6	1518
1999	7	1411
1999	8	721
1999	9	693
1999	10	1733
1999	11	1472
1999	12	1797
2000	1	2538
2000	2	2915
2000	3	4160
2000	4	3301
2000	5	1785
2000	6	1050
2000	7	792
2000	8	695
2000	9	1061
2000	10	651
2000	11	985
2000	12	1297
2001	1	1393
2001	2	1546
2001	3	3865
2001	4	2421
2001	5	1314
2001	6	1363
2001	7	1533
2001	8	783
2001	9	1045
2001	10	743
2001	11	814
2001	12	1150
2002	1	2199
2002	2	1941
2002	3	2721
2002	4	1888
2002	5	1333
2002	6	686
2002	7	534
2002	8	374
2002	9	712
2002	10	1439
2002	11	3029
2002	12	5251
2003	1	2884
2003	2	4782
2003	3	10602
2003	4	11656
2003	5	10218
2003	6	6281
2003	7	5396
2003	8	6678
2003	9	2771
2003	10	2308
2003	11	2897
2003	12	3445
2004	1	2411
2004	2	4725
2004	3	2684
2004	4	2956
2004	5	2103
2004	6	3476
2004	7	2237
2004	8	1747
2004	9	11006
2004	10	2950
2004	11	3809
2004	12	5367
2005	1	3686
2005	2	3381
2005	3	6119
2005	4	4743
2005	5	2782
2005	6	3615
2005	7	5800
2005	8	2853
2005	9	1486
2005	10	3707
2005	11	2213
2005	12	4150
2006	1	3866
2006	2	2846
2006	3	2266
2006	4	2055
2006	5	1570
2006	6	1666
2006	7	1360
2006	8	1486
2006	9	2063
2006	10	1513
2006	11	2960
2006	12	3295
2007	1	5840
2007	2	3013
2007	3	5742
2007	4	2566
2007	5	1738
2007	6	1141
2007	7	800
2007	8	500
2007	9	501
2007	10	512
2007	11	644
2007	12	973
2008	1	1409
2008	2	1848
2008	3	2829
2008	4	2066
2008	5	1131
2008	6	513
2008	7	417
2008	8	1450
2008	9	871
2008	10	850
2008	11	831
2008	12	2389
2009	1	2628
2009	2	1347
2009	3	5050
2009	4	4144
2009	5	3035
2009	6	3158
2009	7	1080
2009	8	998
2009	9	1820
2009	10	1839
2009	11	5160
2009	12	8975
2010	1	8269
2010	2	8907
2010	3	5138
2010	4	3612
2010	5	2935
2010	6	2380
2010	7	1094
2010	8	1486
2010	9	860
2010	10	1159
2010	11	1203
2010	12	2328
2011	1	1503
2011	2	2253
2011	3	4559
2011	4	3370
2011	5	1940
2011	6	1182
2011	7	783
2011	8	656
2011	9	1027
2011	10	856
2011	11	1519
2011	12	2804
2012	1	2849
2012	2	2049
2012	3	2247
2012	4	2053
2012	5	3375
2012	6	1315
2012	7	1472
2012	8	1451
2012	9	1222
2012	10	1206
2012	11	796
2012	12	2268
2013	1	4559
2013	2	3781
2013	3	3525
2013	4	4041
2013	5	8552
2013	6	4014
2013	7	9256
2013	8	4147
2013	9	2809
2013	10	2294
2013	11	3005
2013	12	6683
2014	1	5989
2014	2	4175
2014	3	5186
2014	4	5834
2014	5	2923
2014	6	2228
2014	7	2110
2014	8	2635
2014	9	1805
2014	10	1675
2014	11	2213
2014	12	2677
2015	1	3475
2015	2	2629
2015	3	2662
2015	4	5384
2015	5	1977
2015	6	1605
2015	7	885
2015	8	712
2015	9	979
