1940	1	318
1940	2	402
1940	3	259
1940	4	226
1940	5	86
1940	6	65
1940	7	193
1940	8	98
1940	9	37
1940	10	29
1940	11	76
1940	12	229
1941	1	142
1941	2	129
1941	3	196
1941	4	155
1941	5	52
1941	6	94
1941	7	134
1941	8	60
1941	9	21
1941	10	20
1941	11	28
1941	12	502
1942	1	233
1942	2	373
1942	3	762
1942	4	178
1942	5	110
1942	6	128
1942	7	103
1942	8	131
1942	9	74
1942	10	50
1942	11	58
1942	12	423
1943	1	610
1943	2	263
1943	3	882
1943	4	304
1943	5	245
1943	6	107
1943	7	113
1943	8	106
1943	9	39
1943	10	32
1943	11	47
1943	12	73
1944	1	180
1944	2	277
1944	3	1294
1944	4	436
1944	5	185
1944	6	77
1944	7	152
1944	8	85
1944	9	68
1944	10	44
1944	11	55
1944	12	90
1945	1	111
1945	2	382
1945	3	188
1945	4	272
1945	5	117
1945	6	52
1945	7	85
1945	8	59
1945	9	76
1945	10	77
1945	11	101
1945	12	438
1946	1	429
1946	2	256
1946	3	280
1946	4	165
1946	5	139
1946	6	167
1946	7	64
1946	8	71
1946	9	75
1946	10	75
1946	11	81
1946	12	71
1947	1	478
1947	2	172
1947	3	678
1947	4	383
1947	5	161
1947	6	139
1947	7	111
1947	8	193
1947	9	51
1947	10	67
1947	11	502
1947	12	510
1948	1	346
1948	2	595
1948	3	606
1948	4	495
1948	5	164
1948	6	93
1948	7	288
1948	8	118
1948	9	64
1948	10	69
1948	11	671
1948	12	336
1949	1	257
1949	2	492
1949	3	238
1949	4	349
1949	5	224
1949	6	149
1949	7	164
1949	8	172
1949	9	114
1949	10	69
1949	11	72
1949	12	111
1950	1	112
1950	2	126
1950	3	336
1950	4	123
1950	5	95
1950	6	61
1950	7	40
1950	8	28
1950	9	78
1950	10	44
1950	11	40
1950	12	129
1951	1	116
1951	2	118
1951	3	160
1951	4	235
1951	5	71
1951	6	39
1951	7	78
1951	8	25
1951	9	30
1951	10	22
1951	11	46
1951	12	184
1952	1	138
1952	2	343
1952	3	968
1952	4	200
1952	5	133
1952	6	109
1952	7	33
1952	8	70
1952	9	79
1952	10	37
1952	11	45
1952	12	88
1953	1	258
1953	2	400
1953	3	280
1953	4	358
1953	5	948
1953	6	123
1953	7	276
1953	8	86
1953	9	263
1953	10	130
1953	11	105
1953	12	481
1954	1	236
1954	2	176
1954	3	248
1954	4	131
1954	5	80
1954	6	42
1954	7	30
1954	8	19
1954	9	6
1954	10	5
1954	11	26
1954	12	55
1955	1	168
1955	2	203
1955	3	116
1955	4	252
1955	5	156
1955	6	64
1955	7	47
1955	8	24
1955	9	11
1955	10	12
1955	11	38
1955	12	40
1956	1	43
1956	2	371
1956	3	382
1956	4	207
1956	5	96
1956	6	78
1956	7	73
1956	8	63
1956	9	218
1956	10	60
1956	11	46
1956	12	256
1957	1	171
1957	2	184
1957	3	493
1957	4	262
1957	5	602
1957	6	249
1957	7	117
1957	8	59
1957	9	128
1957	10	159
1957	11	399
1957	12	239
1958	1	264
1958	2	407
1958	3	479
1958	4	483
1958	5	153
1958	6	93
1958	7	169
1958	8	51
1958	9	33
1958	10	27
1958	11	38
1958	12	60
1959	1	120
1959	2	460
1959	3	400
1959	4	196
1959	5	96
1959	6	178
1959	7	76
1959	8	40
1959	9	58
1959	10	186
1959	11	99
1959	12	96
1960	1	468
1960	2	683
1960	3	624
1960	4	505
1960	5	168
1960	6	87
1960	7	55
1960	8	51
1960	9	60
1960	10	61
1960	11	57
1960	12	59
1961	1	76
1961	2	794
1961	3	355
1961	4	637
1961	5	288
1961	6	125
1961	7	91
1961	8	86
1961	9	52
1961	10	26
1961	11	43
1961	12	240
1962	1	368
1962	2	538
1962	3	662
1962	4	603
1962	5	122
1962	6	112
1962	7	70
1962	8	56
1962	9	40
1962	10	45
1962	11	77
1962	12	85
1963	1	559
1963	2	335
1963	3	319
1963	4	157
1963	5	171
1963	6	130
1963	7	113
1963	8	69
1963	9	61
1963	10	47
1963	11	68
1963	12	188
1964	1	690
1964	2	418
1964	3	670
1964	4	1098
1964	5	531
1964	6	118
1964	7	181
1964	8	110
1964	9	66
1964	10	458
1964	11	116
1964	12	707
1965	1	201
1965	2	500
1965	3	426
1965	4	355
1965	5	120
1965	6	217
1965	7	113
1965	8	107
1965	9	55
1965	10	64
1965	11	69
1965	12	79
1966	1	440
1966	2	586
1966	3	559
1966	4	203
1966	5	343
1966	6	206
1966	7	101
1966	8	90
1966	9	94
1966	10	184
1966	11	158
1966	12	242
1967	1	336
1967	2	358
1967	3	167
1967	4	127
1967	5	117
1967	6	95
1967	7	82
1967	8	172
1967	9	80
1967	10	46
1967	11	81
1967	12	264
1968	1	329
1968	2	123
1968	3	214
1968	4	118
1968	5	44
1968	6	41
1968	7	18
1968	8	18
1968	9	14
1968	10	12
1968	11	28
1968	12	130
1969	1	99
1969	2	184
1969	3	214
1969	4	378
1969	5	179
1969	6	107
1969	7	49
1969	8	206
1969	9	53
1969	10	42
1969	11	35
1969	12	95
1970	1	115
1970	2	146
1970	3	474
1970	4	183
1970	5	77
1970	6	85
1970	7	47
1970	8	61
1970	9	36
1970	10	27
1970	11	31
1970	12	226
1971	1	346
1971	2	393
1971	3	917
1971	4	291
1971	5	216
1971	6	79
1971	7	298
1971	8	161
1971	9	95
1971	10	47
1971	11	76
1971	12	237
1972	1	324
1972	2	404
1972	3	257
1972	4	139
1972	5	82
1972	6	186
1972	7	78
1972	8	39
1972	9	20
1972	10	20
1972	11	44
1972	12	190
1973	1	424
1973	2	413
1973	3	536
1973	4	621
1973	5	307
1973	6	177
1973	7	210
1973	8	189
1973	9	47
1973	10	41
1973	11	47
1973	12	115
1974	1	350
1974	2	772
1974	3	181
1974	4	409
1974	5	154
1974	6	90
1974	7	60
1974	8	81
1974	9	75
1974	10	36
1974	11	46
1974	12	249
1975	1	445
1975	2	748
1975	3	670
1975	4	734
1975	5	319
1975	6	224
1975	7	169
1975	8	144
1975	9	71
1975	10	226
1975	11	115
1975	12	328
1976	1	369
1976	2	193
1976	3	173
1976	4	155
1976	5	471
1976	6	154
1976	7	205
1976	8	114
1976	9	89
1976	10	99
1976	11	187
1976	12	343
1977	1	425
1977	2	110
1977	3	705
1977	4	247
1977	5	111
1977	6	63
1977	7	35
1977	8	127
1977	9	44
1977	10	37
1977	11	176
1977	12	118
1978	1	606
1978	2	173
1978	3	338
1978	4	183
1978	5	182
1978	6	72
1978	7	33
1978	8	126
1978	9	21
1978	10	17
1978	11	18
1978	12	20
1979	1	167
1979	2	732
1979	3	210
1979	4	427
1979	5	130
1979	6	73
1979	7	66
1979	8	34
1979	9	90
1979	10	52
1979	11	98
1979	12	85
1980	1	230
1980	2	249
1980	3	1086
1980	4	391
1980	5	292
1980	6	103
1980	7	48
1980	8	35
1980	9	26
1980	10	39
1980	11	60
1980	12	171
1981	1	101
1981	2	562
1981	3	43
1981	4	229
1981	5	57
1981	6	47
1981	7	25
1981	8	27
1981	9	24
1981	10	18
1981	11	18
1981	12	162
1982	1	290
1982	2	465
1982	3	141
1982	4	329
1982	5	143
1982	6	50
1982	7	83
1982	8	90
1982	9	49
1982	10	38
1982	11	79
1982	12	270
1983	1	446
1983	2	519
1983	3	399
1983	4	497
1983	5	160
1983	6	115
1983	7	62
1983	8	45
1983	9	51
1983	10	35
1983	11	146
1983	12	335
1984	1	338
1984	2	361
1984	3	488
1984	4	231
1984	5	189
1984	6	79
1984	7	222
1984	8	277
1984	9	42
1984	10	33
1984	11	49
1984	12	95
1985	1	119
1985	2	503
1985	3	128
1985	4	109
1985	5	84
1985	6	45
1985	7	87
1985	8	37
1985	9	24
1985	10	27
1985	11	108
1985	12	139
1986	1	230
1986	2	124
1986	3	311
1986	4	87
1986	5	54
1986	6	50
1986	7	28
1986	8	25
1986	9	23
1986	10	22
1986	11	118
1986	12	225
1987	1	393
1987	2	458
1987	3	507
1987	4	222
1987	5	193
1987	6	133
1987	7	73
1987	8	31
1987	9	21
1987	10	18
1987	11	18
1987	12	34
1988	1	197
1988	2	118
1988	3	110
1988	4	232
1988	5	83
1988	6	31
1988	7	23
1988	8	22
1988	9	53
1988	10	47
1988	11	58
1988	12	73
1989	1	118
1989	2	111
1989	3	242
1989	4	393
1989	5	154
1989	6	105
1989	7	177
1989	8	55
1989	9	37
1989	10	239
1989	11	86
1989	12	514
1990	1	403
1990	2	217
1990	3	660
1990	4	162
1990	5	103
1990	6	55
1990	7	30
1990	8	27
1990	9	21
1990	10	17
1990	11	25
1990	12	67
1991	1	371
1991	2	213
1991	3	483
1991	4	450
1991	5	132
1991	6	70
1991	7	116
1991	8	90
1991	9	39
1991	10	23
1991	11	27
1991	12	55
1992	1	372
1992	2	276
1992	3	77
1992	4	184
1992	5	61
1992	6	137
1992	7	61
1992	8	165
1992	9	112
1992	10	79
1992	11	624
1992	12	299
1993	1	404
1993	2	409
1993	3	735
1993	4	331
1993	5	178
1993	6	135
1993	7	43
1993	8	39
1993	9	30
1993	10	64
1993	11	103
1993	12	279
1994	1	214
1994	2	278
1994	3	396
1994	4	175
1994	5	75
1994	6	138
1994	7	1271
1994	8	383
1994	9	207
1994	10	346
1994	11	365
1994	12	286
1995	1	235
1995	2	648
1995	3	381
1995	4	147
1995	5	82
1995	6	133
1995	7	67
1995	8	48
1995	9	40
1995	10	14
1995	11	136
1995	12	132
1996	1	364
1996	2	383
1996	3	504
1996	4	186
1996	5	95
1996	6	51
1996	7	44
1996	8	56
1996	9	33
1996	10	37
1996	11	51
1996	12	144
1997	1	277
1997	2	367
1997	3	157
1997	4	115
1997	5	100
1997	6	112
1997	7	59
1997	8	50
1997	9	19
1997	10	59
1997	11	194
1997	12	490
1998	1	461
1998	2	765
1998	3	731
1998	4	445
1998	5	176
1998	6	100
1998	7	34
1998	8	40
1998	9	64
1998	10	43
1998	11	44
1998	12	160
1999	1	115
1999	2	148
1999	3	92
1999	4	83
1999	5	42
1999	6	48
1999	7	67
1999	8	23
1999	9	20
1999	10	18
1999	11	18
1999	12	21
2000	1	101
2000	2	78
2000	3	142
2000	4	57
2000	5	28
2000	6	23
2000	7	22
2000	8	25
2000	9	20
2000	10	7
2000	11	7
2000	12	8
2001	1	47
2001	2	88
2001	3	652
2001	4	243
2001	5	53
2001	6	100
2001	8	25
2001	9	20
2001	10	6
2001	11	13
2001	12	25
2002	1	54
2002	2	142
2002	3	182
2002	4	121
2002	5	43
2002	6	8
2002	7	8
2002	8	6
2002	9	4
2002	10	98
2002	11	117
2002	12	212
2003	1	92
2003	2	316
2003	3	475
2003	4	242
2003	5	311
2003	6	179
2003	7	373
2003	8	184
2003	9	75
2003	10	49
2003	11	64
2003	12	88
2004	1	149
2004	2	332
2004	3	137
2004	4	64
2004	5	38
2004	6	88
2004	7	42
2004	8	16
2004	9	385
2004	10	111
2004	11	243
2004	12	125
2005	1	128
2005	2	154
2005	3	419
2005	4	405
2005	5	81
2005	6	190
2005	7	352
2005	8	220
2005	9	45
2005	10	36
2005	11	40
2005	12	70
2006	1	108
2006	2	149
2006	3	167
2006	4	80
2006	5	49
2006	6	9
2006	7	8
2006	8	7
2006	9	6
2006	10	7
2006	11	23
2006	12	76
2007	1	151
2007	2	131
2007	3	301
2007	4	64
2007	5	11
2007	6	4
2007	7	8
2007	8	5
2007	9	5
2007	10	19
2007	11	17
2007	12	107
2008	1	162
2008	2	349
2008	3	169
2008	4	111
2008	5	60
2008	6	15
2008	7	18
2008	8	42
2008	9	28
2008	10	9
2008	11	102
2008	12	481
2009	1	103
2009	2	28
2009	3	557
2009	4	664
2009	5	118
2009	6	91
2009	7	7
2009	8	30
2009	9	150
2009	10	247
2009	11	519
2009	12	828
2010	1	462
2010	2	319
2010	3	356
2010	4	203
2010	5	348
2010	6	71
2010	7	90
2010	8	54
2010	9	46
2010	10	30
2010	11	40
2010	12	78
2011	1	102
2011	2	257
2011	3	250
2011	4	159
2011	5	30
2011	6	12
2011	7	14
2011	8	14
2011	9	11
2011	10	9
2011	11	10
2011	12	46
2012	1	86
2012	2	98
2012	3	72
2012	4	28
2012	5	10
2012	6	14
2012	7	19
2012	8	12
2012	9	11
2012	10	10
2012	11	10
2012	12	200
2013	1	69
2013	2	514
2013	3	295
2013	4	223
2013	5	270
2013	6	181
2013	7	209
2013	8	218
2013	9	37
2013	10	24
2013	11	48
2013	12	350
2014	1	306
2014	2	318
2014	3	304
2014	4	434
2014	5	100
2014	6	62
2014	7	108
2014	8	26
2014	9	43
2014	10	14
2014	11	66
2014	12	199
2015	1	108
2015	2	219
2015	3	183
2015	4	331
2015	5	123
2015	6	75
2015	7	35
2015	8	47
2015	9	45
