1940	1	748
1940	2	727
1940	3	721
1940	4	712
1940	5	703
1940	6	691
1940	7	697
1940	8	714
1940	9	728
1940	10	715
1940	11	693
1940	12	675
1941	1	675
1941	2	679
1941	3	704
1941	4	733
1941	5	741
1941	6	726
1941	7	750
1941	8	777
1941	9	776
1941	10	779
1941	11	865
1941	12	884
1942	1	927
1942	2	930
1942	3	961
1942	4	1011
1942	5	989
1942	6	943
1942	7	977
1942	8	987
1942	9	999
1942	10	972
1942	11	907
1942	12	854
1943	1	809
1943	2	775
1943	3	757
1943	4	729
1943	5	708
1943	6	692
1943	7	699
1943	8	741
1943	9	828
1943	10	834
1943	11	786
1943	12	754
1944	1	727
1944	2	705
1944	3	690
1944	4	694
1944	5	693
1944	6	681
1944	7	681
1944	8	716
1944	9	748
1944	10	758
1944	11	827
1944	12	802
1945	1	776
1945	2	753
1945	3	729
1945	4	703
1945	5	674
1945	6	652
1945	7	684
1945	8	783
1945	9	922
1945	10	992
1945	11	912
1945	12	861
1946	1	835
1946	2	825
1946	3	870
1946	4	851
1946	5	822
1946	6	817
1946	7	801
1946	8	869
1946	9	917
1946	10	968
1946	11	974
1946	12	929
1947	1	867
1947	2	814
1947	3	801
1947	4	836
1947	5	838
1947	6	815
1947	7	817
1947	8	873
1947	9	924
1947	10	1012
1947	11	1039
1947	12	1014
1948	1	978
1948	2	993
1948	3	1008
1948	4	1015
1948	5	966
1948	6	903
1948	7	869
1948	8	990
1948	9	1084
1948	10	1089
1948	11	1052
1948	12	1004
1949	1	950
1949	2	909
1949	3	864
1949	4	850
1949	5	829
1949	6	793
1949	7	830
1949	8	879
1949	9	1062
1949	10	1105
1949	11	1059
1949	12	999
1950	1	935
1950	2	873
1950	3	821
1950	4	793
1950	5	788
1950	6	766
1950	7	760
1950	8	768
1950	9	979
1950	10	1110
1950	11	1120
1950	12	1064
1951	1	1004
1951	2	958
1951	3	910
1951	4	866
1951	5	824
1951	6	788
1951	7	787
1951	8	796
1951	9	806
1951	10	843
1951	11	836
1951	12	833
1952	1	826
1952	2	823
1952	3	896
1952	4	923
1952	5	891
1952	6	857
1952	7	828
1952	8	814
1952	9	811
1952	10	814
1952	11	841
1952	12	810
1953	1	778
1953	2	760
1953	3	740
1953	4	744
1953	5	763
1953	6	754
1953	7	764
1953	8	802
1953	9	936
1953	10	1018
1953	11	993
1953	12	974
1954	1	1023
1954	2	995
1954	3	949
1954	4	905
1954	5	860
1954	6	818
1954	7	784
1954	8	767
1954	9	761
1954	10	770
1954	11	764
1954	12	739
1955	1	716
1955	2	704
1955	3	694
1955	4	682
1955	5	666
1955	6	652
1955	7	646
1955	8	645
1955	9	651
1955	10	644
1955	11	627
1955	12	612
1956	1	597
1956	2	586
1956	3	575
1956	4	560
1956	5	554
1956	6	546
1956	7	553
1956	8	563
1956	9	571
1956	10	591
1956	11	618
1956	12	608
1957	1	588
1957	2	571
1957	3	555
1957	4	550
1957	5	547
1957	6	564
1957	7	588
1957	8	616
1957	9	651
1957	10	672
1957	11	672
1957	12	658
1958	1	644
1958	2	640
1958	3	682
1958	4	727
1958	5	742
1958	6	732
1958	7	735
1958	8	766
1958	9	767
1958	10	750
1958	11	766
1958	12	763
1959	1	751
1959	2	747
1959	3	793
1959	4	968
1959	5	979
1959	6	977
1959	7	1007
1959	8	1035
1959	9	1044
1959	10	1060
1959	11	1033
1959	12	986
1960	1	936
1960	2	899
1960	3	978
1960	4	1148
1960	5	1112
1960	6	1053
1960	7	1067
1960	8	1189
1960	9	1235
1960	10	1279
1960	11	1229
1960	12	1156
1961	1	1088
1961	2	1050
1961	3	1014
1961	4	967
1961	5	922
1961	6	873
1961	7	843
1961	8	829
1961	9	862
1961	10	844
1961	11	805
1961	12	770
1962	1	741
1962	2	718
1962	3	696
1962	4	674
1962	5	651
1962	6	636
1962	7	636
1962	8	648
1962	9	658
1962	10	664
1962	11	652
1962	12	635
1963	1	624
1963	2	626
1963	3	652
1963	4	658
1963	5	642
1963	6	628
1963	7	627
1963	8	640
1963	9	656
1963	10	666
1963	11	657
1963	12	643
1964	1	649
1964	2	710
1964	3	752
1964	4	768
1964	5	801
1964	6	787
1964	7	780
1964	8	900
1964	9	1049
1964	10	1149
1964	11	1090
1964	12	1028
1965	1	990
1965	2	962
1965	3	969
1965	4	956
1965	5	910
1965	6	880
1965	7	915
1965	8	1086
1965	9	1150
1965	10	1128
1965	11	1085
1965	12	1024
1966	1	975
1966	2	944
1966	3	989
1966	4	978
1966	5	942
1966	6	922
1966	7	925
1966	8	963
1966	9	1006
1966	10	1107
1966	11	1085
1966	12	1024
1967	1	971
1967	2	940
1967	3	921
1967	4	882
1967	5	843
1967	6	810
1967	7	815
1967	8	865
1967	9	939
1967	10	911
1967	11	854
1967	12	810
1968	1	772
1968	2	741
1968	3	713
1968	4	684
1968	5	653
1968	6	663
1968	7	724
1968	8	781
1968	9	863
1968	10	898
1968	11	935
1968	12	914
1969	1	879
1969	2	851
1969	3	850
1969	4	876
1969	5	852
1969	6	826
1969	7	793
1969	8	788
1969	9	836
1969	10	802
1969	11	796
1969	12	793
1970	1	822
1970	2	889
1970	3	935
1970	4	971
1970	5	955
1970	6	919
1970	7	894
1970	8	912
1970	9	969
1970	10	963
1970	11	933
1970	12	883
1971	1	835
1971	2	837
1971	3	838
1971	4	825
1971	5	817
1971	6	795
1971	7	738
1971	8	742
1971	9	794
1971	10	796
1971	11	770
1971	12	749
1972	1	725
1972	2	720
1972	3	725
1972	4	773
1972	5	779
1972	6	760
1972	7	764
1972	8	758
1972	9	760
1972	10	723
1972	11	683
1972	12	663
1973	1	687
1973	2	719
1973	3	744
1973	4	776
1973	5	774
1973	6	760
1973	7	757
1973	8	772
1973	9	800
1973	10	812
1973	11	801
1973	12	770
1974	1	726
1974	2	698
1974	3	698
1974	4	698
1974	5	682
1974	6	676
1974	7	814
1974	8	878
1974	9	907
1974	10	888
1974	11	850
1974	12	807
1975	1	752
1975	2	710
1975	3	703
1975	4	681
1975	5	650
1975	6	632
1975	7	624
1975	8	636
1975	9	644
1975	10	668
1975	11	690
1975	12	687
1976	1	682
1976	2	683
1976	3	656
1976	4	633
1976	5	607
1976	6	643
1976	7	735
1976	8	769
1976	9	804
1976	10	791
1976	11	744
1976	12	725
1977	1	758
1977	2	788
1977	3	785
1977	4	751
1977	5	709
1977	6	669
1977	7	632
1977	8	606
1977	9	596
1977	10	589
1977	11	572
1977	12	574
1978	1	601
1978	2	683
1978	3	878
1978	4	936
1978	5	872
1978	6	811
1978	7	792
1978	8	833
1978	9	853
1978	10	826
1978	11	779
1978	12	742
1979	1	718
1979	2	719
1979	3	735
1979	4	729
1979	5	755
1979	6	783
1979	7	755
1979	8	737
1979	9	749
1979	10	865
1979	11	866
1979	12	840
1980	1	808
1980	2	800
1980	3	782
1980	4	784
1980	5	776
1980	6	760
1980	7	749
1980	8	757
1980	9	762
1980	10	748
1980	11	727
1980	12	755
1981	1	746
1981	2	722
1981	3	704
1981	4	682
1981	5	650
1981	6	625
1981	7	608
1981	8	624
1981	9	633
1981	10	634
1981	11	624
1981	12	606
1982	1	597
1982	2	600
1982	3	634
1982	4	764
1982	5	843
1982	6	875
1982	7	1022
1982	8	1046
1982	9	1054
1982	10	1067
1982	11	1019
1982	12	968
1983	1	923
1983	2	902
1983	3	918
1983	4	956
1983	5	950
1983	6	931
1983	7	966
1983	8	985
1983	9	990
1983	10	987
1983	11	967
1983	12	949
1984	1	962
1984	2	959
1984	3	968
1984	4	974
1984	5	957
1984	6	940
1984	7	947
1984	8	947
1984	9	926
1984	10	898
1984	11	866
1984	12	832
1985	1	799
1985	2	768
1985	3	736
1985	4	697
1985	5	674
1985	6	655
1985	7	654
1985	8	688
1985	9	769
1985	10	813
1985	11	812
1985	12	795
1986	1	798
1986	2	823
1986	3	830
1986	4	840
1986	5	807
1986	6	776
1986	7	772
1986	8	773
1986	9	791
1986	10	785
1986	11	762
1986	12	750
1987	1	743
1987	2	756
1987	3	809
1987	4	912
1987	5	928
1987	6	891
1987	7	870
1987	8	837
1987	9	818
1987	10	800
1987	11	784
1987	12	769
1988	1	754
1988	2	794
1988	3	846
1988	4	867
1988	5	838
1988	6	804
1988	7	782
1988	8	772
1988	9	867
1988	10	942
1988	11	913
1988	12	879
1989	1	842
1989	2	808
1989	3	779
1989	4	757
1989	5	722
1989	6	695
1989	7	695
1989	8	702
1989	9	703
1989	10	707
1989	11	689
1989	12	669
1990	1	675
1990	2	675
1990	3	671
1990	4	658
1990	5	638
1990	6	615
1990	7	635
1990	8	635
1990	9	615
1990	10	587
1990	11	561
1990	12	539
1991	1	528
1991	2	520
1991	3	520
1991	4	536
1991	5	576
1991	6	634
1991	7	671
1991	8	693
1991	9	681
1991	10	661
1991	11	631
1991	12	602
1992	1	575
1992	2	557
1992	3	560
1992	4	559
1992	5	554
1992	6	553
1992	7	571
1992	8	596
1992	9	636
1992	10	687
1992	11	715
1992	12	708
1993	1	691
1993	2	681
1993	3	695
1993	4	722
1993	5	697
1993	6	669
1993	7	659
1993	8	637
1993	9	632
1993	10	616
1993	11	613
1993	12	600
1994	1	604
1994	2	665
1994	3	699
1994	4	688
1994	5	656
1994	6	638
1994	7	629
1994	8	669
1994	9	738
1994	10	771
1994	11	776
1994	12	776
1995	1	764
1995	2	757
1995	3	732
1995	4	720
1995	5	678
1995	6	643
1995	7	628
1995	8	600
1995	9	638
1995	10	748
1995	11	805
1995	12	775
1996	1	786
1996	2	767
1996	3	733
1996	4	763
1996	5	777
1996	6	780
1996	7	835
1996	8	866
1996	9	831
1996	10	797
1996	11	773
1996	12	779
1997	1	789
1997	2	774
1997	3	746
1997	4	719
1997	5	696
1997	6	678
1997	7	651
1997	8	612
1997	9	579
1997	10	567
1997	11	597
1997	12	657
1998	1	796
1998	2	907
1998	3	1015
1998	4	1011
1998	5	989
1998	6	930
1998	7	870
1998	8	871
1998	9	884
1998	10	988
1998	11	968
1998	12	926
1999	1	888
1999	2	876
1999	3	841
1999	4	800
1999	5	753
1999	6	695
1999	7	679
1999	8	661
1999	9	633
1999	10	643
1999	11	632
1999	12	630
2000	1	600
2000	2	589
2000	3	556
2000	4	524
2000	5	484
2000	6	449
2000	7	438
2000	8	443
2000	9	460
2000	10	473
2000	11	449
2000	12	437
2001	1	428
2001	2	410
2001	3	412
2001	4	421
2001	5	386
2001	6	358
2001	7	361
2001	8	410
2001	9	476
2001	10	575
2001	11	565
2001	12	530
2002	1	503
2002	2	482
2002	3	464
2002	4	441
2002	5	399
2002	6	367
2002	7	413
2002	8	470
2002	9	519
2002	10	548
2002	11	541
2002	12	531
2003	1	568
2003	2	556
2003	3	583
2003	4	640
2003	5	612
2003	6	586
2003	7	615
2003	8	656
2003	9	674
2003	10	656
2003	11	637
2003	12	612
2004	1	589
2004	2	560
2004	3	550
2004	4	555
2004	5	525
2004	6	506
2004	7	505
2004	8	507
2004	9	576
2004	10	751
2004	11	742
2004	12	712
2005	1	680
2005	2	646
2005	3	617
2005	4	639
2005	5	629
2005	6	646
2005	7	727
2005	8	764
2005	9	756
2005	10	724
2005	11	686
2005	12	660
2006	1	648
2006	2	645
2006	3	648
2006	4	620
2006	5	583
2006	6	549
2006	7	532
2006	8	512
2006	9	507
2006	10	491
2006	11	474
2006	12	466
2007	1	469
2007	2	498
2007	3	512
2007	4	499
2007	5	466
2007	6	439
2007	7	420
2007	8	439
2007	9	465
2007	10	523
2007	11	531
2007	12	516
2008	1	502
2008	2	497
2008	3	515
2008	4	536
2008	5	501
2008	6	451
2008	7	440
2008	8	470
2008	9	677
2008	10	667
2008	11	625
2008	12	582
2009	1	549
2009	2	519
2009	3	477
2009	4	433
2009	5	403
2009	6	504
2009	7	506
2009	8	510
2009	9	538
2009	10	541
2009	11	515
2009	12	510
2010	1	512
2010	2	556
2010	3	613
2010	4	690
2010	5	665
2010	6	612
2010	7	608
2010	8	590
2010	9	587
2010	10	545
2010	11	501
2010	12	470
2011	1	453
2011	2	450
2011	3	434
2011	4	418
2011	5	382
2011	6	340
2011	7	332
2011	8	338
2011	9	338
2011	10	360
2011	11	383
2011	12	365
2012	1	341
2012	2	321
2012	3	298
2012	4	264
2012	5	234
2012	6	241
2012	7	441
2012	8	487
2012	9	565
2012	10	588
2012	11	557
2012	12	530
2013	1	511
2013	2	484
2013	3	445
2013	4	410
2013	5	383
2013	6	364
2013	7	393
2013	8	463
2013	9	513
2013	10	527
2013	11	514
2013	12	508
2014	1	531
2014	2	555
2014	3	582
2014	4	624
2014	5	618
2014	6	603
2014	7	647
2014	8	675
2014	9	663
2014	10	690
2014	11	661
2014	12	670
2015	1	678
2015	2	714
2015	3	691
2015	4	653
2015	5	604
2015	6	556
2015	7	516
2015	8	584
2015	9	644
