1940	1	1604
1940	2	1497
1940	3	1468
1940	4	1496
1940	5	1118
1940	6	1042
1940	7	1392
1940	8	1782
1940	9	2707
1940	10	2653
1940	11	1551
1940	12	1218
1941	1	1496
1941	2	1738
1941	3	1556
1941	4	1847
1941	5	1907
1941	6	1469
1941	7	2878
1941	8	3399
1941	9	2440
1941	10	2974
1941	11	2916
1941	12	2397
1942	1	2837
1942	2	2592
1942	3	3799
1942	4	2533
1942	5	1801
1942	6	2616
1942	7	2411
1942	8	2227
1942	9	2139
1942	10	1783
1942	11	1328
1942	12	1098
1943	1	899
1943	2	753
1943	3	748
1943	4	562
1943	5	445
1943	6	481
1943	7	1025
1943	8	1355
1943	9	1719
1943	10	3066
1943	11	1722
1943	12	1381
1944	1	1161
1944	2	945
1944	3	733
1944	4	976
1944	5	643
1944	6	536
1944	7	612
1944	8	952
1944	9	1236
1944	10	1349
1944	11	1740
1944	12	1598
1945	1	1474
1945	2	1319
1945	3	1079
1945	4	796
1945	5	556
1945	6	475
1945	7	1808
1945	8	3219
1945	9	6155
1945	10	6126
1945	11	4377
1945	12	3300
1946	1	2504
1946	2	1834
1946	3	1623
1946	4	1170
1946	5	998
1946	6	1003
1946	7	949
1946	8	1340
1946	9	2058
1946	10	2168
1946	11	1778
1946	12	1520
1947	1	1268
1947	2	1087
1947	3	1588
1947	4	1656
1947	5	1301
1947	6	2772
1947	7	5222
1947	8	5603
1947	9	8975
1947	10	9133
1947	11	6240
1947	12	4680
1948	1	4115
1948	2	3835
1948	3	2695
1948	4	2093
1948	5	1698
1948	6	1405
1948	7	1452
1948	8	1682
1948	9	5831
1948	10	11499
1948	11	5383
1948	12	3549
1949	1	2436
1949	2	1837
1949	3	1310
1949	4	943
1949	5	683
1949	6	596
1949	7	996
1949	8	1879
1949	9	4839
1949	10	6868
1949	11	4128
1949	12	2448
1950	1	1792
1950	2	1520
1950	3	1184
1950	4	868
1950	5	700
1950	6	741
1950	7	743
1950	8	557
1950	9	620
1950	10	1427
1950	11	1693
1950	12	1147
1951	1	1079
1951	2	1105
1951	3	916
1951	4	1452
1951	5	1681
1951	6	939
1951	7	1509
1951	8	1974
1951	9	1580
1951	10	3939
1951	11	2733
1951	12	2286
1952	1	1804
1952	2	1526
1952	3	1335
1952	4	1394
1952	5	1469
1952	6	1580
1952	7	1565
1952	8	1715
1952	9	1937
1952	10	3578
1952	11	3813
1952	12	2396
1953	1	1826
1953	2	1610
1953	3	1466
1953	4	1533
1953	5	1485
1953	6	1429
1953	7	1658
1953	8	2518
1953	9	7463
1953	10	11777
1953	11	7678
1953	12	6983
1954	1	5399
1954	2	3715
1954	3	2768
1954	4	1940
1954	5	1631
1954	6	3423
1954	7	3252
1954	8	2343
1954	9	2321
1954	10	2618
1954	11	1950
1954	12	1616
1955	1	1335
1955	2	1233
1955	3	925
1955	4	744
1955	5	491
1955	6	470
1955	7	1129
1955	8	1125
1955	9	1124
1955	10	802
1955	11	546
1955	12	467
1956	1	395
1956	2	325
1956	3	262
1956	4	170
1956	5	115
1956	6	99
1956	7	124
1956	8	139
1956	9	464
1956	10	3397
1956	11	2288
1956	12	1374
1957	1	1150
1957	2	1018
1957	3	1401
1957	4	1666
1957	5	2229
1957	6	1905
1957	7	2460
1957	8	3468
1957	9	4554
1957	10	4246
1957	11	2671
1957	12	1786
1958	1	2314
1958	2	2959
1958	3	3110
1958	4	3097
1958	5	2626
1958	6	1950
1958	7	2071
1958	8	1914
1958	9	1812
1958	10	1330
1958	11	833
1958	12	709
1959	1	733
1959	2	806
1959	3	1711
1959	4	2724
1959	5	2232
1959	6	4483
1959	7	5897
1959	8	5350
1959	9	6127
1959	10	8118
1959	11	6687
1959	12	4517
1960	1	3059
1960	2	2983
1960	3	3782
1960	4	5991
1960	5	3866
1960	6	2850
1960	7	3990
1960	8	9293
1960	9	11860
1960	10	11484
1960	11	7065
1960	12	4248
1961	1	2890
1961	2	2320
1961	3	1834
1961	4	1519
1961	5	1036
1961	6	772
1961	7	937
1961	8	1130
1961	9	1067
1961	10	536
1961	11	378
1961	12	283
1962	1	216
1962	2	171
1962	3	134
1962	4	114
1962	5	72
1962	6	257
1962	7	1121
1962	8	1250
1962	9	2830
1964	10	2539
1964	11	839
1964	12	394
1965	1	735
1965	2	943
1965	3	1705
1965	4	1147
1965	5	448
1965	6	404
1965	7	1031
1965	8	1880
1965	9	1982
1965	10	2056
1965	11	1614
1965	12	656
1966	1	1040
1966	2	2206
1966	3	3993
1966	4	2902
1966	5	1768
1966	6	1909
1966	7	1962
1966	8	3320
1966	9	2700
1966	10	2765
1966	11	907
1966	12	246
1967	1	194
1967	2	259
1967	3	170
1967	4	102
1967	5	389
1967	6	492
1967	7	539
1967	8	1699
1967	9	2450
1967	10	1668
1967	11	258
1967	12	247
1968	1	226
1968	2	203
1968	3	169
1968	4	102
1968	5	196
1968	6	3524
1968	7	6751
1968	8	3728
1968	9	2977
1968	10	2030
1968	11	667
1968	12	310
1969	1	1457
1969	2	512
1969	3	3563
1969	4	2771
1969	5	1737
1969	6	1626
1969	7	366
1969	8	1416
1969	9	1998
1969	10	10000
1969	11	2972
1969	12	3712
1970	1	4389
1970	2	2747
1970	3	3534
1970	4	2664
1970	5	326
1970	6	388
1970	7	794
1970	8	334
1970	9	189
1970	10	500
1970	11	121
1970	12	253
1971	1	803
1971	2	2407
1971	3	332
1971	4	12
1971	5	2
1971	6	361
1971	7	748
1971	8	720
1971	9	1583
1971	10	929
1971	11	186
1971	12	61
1972	1	18
1972	2	199
1972	3	82
1972	4	387
1972	5	729
1972	6	2064
1972	7	1411
1972	8	476
1972	9	513
1972	10	36
1972	11	108
1972	12	187
1973	1	583
1973	2	1928
1973	3	1931
1973	4	3524
1973	5	2150
1973	6	583
1973	7	1310
1973	8	2678
1973	9	4217
1973	10	1209
1973	11	163
1973	12	68
1974	1	70
1974	2	842
1974	3	296
1974	4	373
1974	5	674
1974	6	983
1974	7	9670
1974	8	7420
1974	9	3299
1974	10	760
1974	11	94
1974	12	84
1975	1	61
1975	2	65
1975	3	121
1975	4	913
1975	5	1235
1975	6	714
1975	7	614
1975	8	1685
1975	9	2283
1975	10	1760
1975	11	1215
1975	12	140
1976	1	104
1976	2	1460
1976	3	1878
1976	4	814
1976	5	1339
1976	6	1398
1976	7	1056
1976	8	4354
1976	9	2403
1976	10	451
1976	11	88
1976	12	1301
1977	1	2337
1977	2	1625
1977	3	1973
1977	4	222
1977	5	1
1977	6	28
1977	7	17
1977	8	13
1977	9	456
1977	10	117
1977	11	192
1977	12	765
1978	1	1701
1978	2	2415
1978	3	2640
1978	4	600
1978	5	938
1978	6	1293
1978	7	2875
1978	8	5961
1978	9	1344
1978	10	586
1978	11	196
1978	12	448
1979	1	3616
1979	2	2940
1979	3	869
1979	4	62
1979	5	1756
1979	6	246
1979	7	469
1979	8	834
1979	9	6421
1979	10	3627
1979	11	486
1979	12	1194
1980	1	1581
1980	2	1833
1980	3	1891
1980	4	1197
1980	5	1423
1980	6	78
1980	7	249
1980	8	358
1980	9	499
1980	10	63
1980	11	88
1980	12	94
1981	1	61
1981	2	104
1981	3	35
1981	4	3
1981	5	1
1981	6	0
1981	7	0
1981	8	42
1981	9	1012
1981	10	44
1981	11	10
1981	12	2
1982	1	5
1982	2	6
1982	3	109
1982	4	681
1982	5	1230
1982	6	4675
1982	7	4800
1982	8	4061
1982	9	3012
1982	10	3309
1982	11	567
1982	12	258
1983	1	808
1983	2	6134
1983	3	6950
1983	4	4658
1983	5	1205
1983	6	228
1983	7	1316
1983	8	2166
1983	9	1119
1983	10	172
1983	11	54
1983	12	1636
1984	1	1808
1984	2	2323
1984	3	1149
1984	4	2890
1984	5	2361
1984	6	650
1984	7	2128
1984	8	2328
1984	9	264
1984	10	72
1984	11	112
1984	12	76
1985	1	0
1985	2	31
1985	3	0
1985	4	51
1985	5	754
1985	6	94
1985	7	227
1985	8	909
1985	9	2024
1985	10	644
1985	11	90
1985	12	76
1986	1	1825
1986	2	1999
1986	3	1163
1986	4	757
1986	5	723
1986	6	504
1986	7	1037
1986	8	1277
1986	9	1437
1986	10	74
1986	11	247
1986	12	133
1987	1	3272
1987	2	2630
1987	3	1384
1987	4	3601
1987	5	941
1987	6	0
1987	7	232
1987	8	151
1987	9	407
1987	10	1562
1987	11	4098
1987	12	2298
1988	1	1050
1988	2	1925
1988	3	4230
1988	4	2540
1988	5	1172
1988	6	55
1988	7	235
1988	8	735
1988	9	2230
1988	10	46
1988	11	5
1988	12	0
1989	1	530
1989	2	995
1989	3	1030
1989	4	1524
1989	5	1107
1989	6	15
1989	7	132
1989	8	213
1989	9	471
1989	10	827
1989	11	48
1989	12	89
1990	1	1408
1990	2	2171
1990	3	752
1990	4	586
1990	5	214
1990	6	217
1990	7	921
1990	8	807
1990	9	442
1990	10	1194
1990	11	72
1990	12	17
1991	1	116
1991	2	49
1991	3	328
1991	4	1131
1991	5	2156
1991	6	956
1991	7	2694
1991	8	6200
1991	9	2333
1991	10	1949
1991	11	167
1991	12	96
1992	1	72
1992	2	1332
1992	3	280
1992	4	2022
1992	5	1462
1992	6	962
1992	7	1048
1992	8	2794
1992	9	2060
1992	10	630
1992	11	331
1992	12	425
1993	1	4042
1993	2	1271
1993	3	1988
1993	4	4947
1993	5	151
1993	6	73
1993	7	66
1993	8	97
1993	9	628
1993	10	262
1993	11	63
1993	12	24
1994	1	84
1994	2	188
1994	3	1412
1994	4	708
1994	5	137
1994	6	2805
1994	7	3358
1994	8	2346
1994	9	4204
1994	10	4069
1994	11	4319
1994	12	3379
1995	1	1881
1995	2	2109
1995	3	1948
1995	4	2135
1995	5	740
1995	6	443
1995	7	1448
1995	8	6478
1995	9	6548
1995	10	4548
1995	11	1277
1995	12	1410
1996	1	2949
1996	2	1332
1996	3	1397
1996	4	2873
1996	5	606
1996	6	1021
1996	7	595
1996	8	1157
1996	9	453
1996	10	561
1996	11	20
1996	12	20
1997	1	451
1997	2	1141
1997	3	85
1997	4	685
1997	5	2059
1997	6	892
1997	7	423
1997	8	4545
1997	9	1009
1997	10	524
1997	11	2312
1997	12	6539
1998	1	7864
1998	2	6870
1998	3	9326
1998	4	3307
1998	5	421
1998	6	57
1998	7	212
1998	8	972
1998	9	1387
1998	10	357
1998	11	367
1998	12	68
1999	1	56
1999	2	50
1999	3	476
1999	4	535
1999	5	1393
1999	6	231
1999	7	1097
1999	8	1811
1999	9	2430
1999	10	5194
1999	11	947
1999	12	786
2000	1	1159
2000	2	1184
2000	3	327
2000	4	1466
2000	5	75
2000	6	94
2000	7	106
2000	8	219
2000	9	424
2000	10	104
2000	11	0
2000	12	0
2001	1	0
2001	2	0
2001	3	0
2001	4	0
2001	5	0
2001	6	11
2001	7	690
2001	8	1815
2001	9	3701
2001	10	2681
2001	11	1196
2001	12	542
2002	1	479
2002	2	421
2002	3	457
2002	4	395
2002	5	259
2002	6	843
2002	7	5023
2002	8	4386
2002	9	5677
2002	10	1689
2002	11	941
2002	12	4007
2003	1	7397
2003	2	1011
2003	3	1234
2003	4	2152
2003	5	1075
2003	6	1071
2003	7	1503
2003	8	6504
2003	9	7862
2003	10	1749
2003	11	971
2003	12	933
2004	1	1923
2004	2	1301
2004	3	1323
2004	4	506
2004	5	335
2004	6	314
2004	7	287
2004	8	1188
