1940	1	569
1940	2	1405
1940	3	942
1940	4	750
1940	5	160
1940	6	287
1940	7	2085
1940	8	1538
1940	9	2780
1940	10	1093
1940	11	147
1940	12	205
1941	1	735
1941	2	815
1941	3	542
1941	4	1629
1941	5	246
1941	6	455
1941	7	3327
1941	8	1224
1941	9	1476
1941	10	463
1941	11	650
1941	12	646
1942	1	1589
1942	2	1421
1942	3	2366
1942	4	870
1942	5	460
1942	6	3231
1942	7	2799
1942	8	631
1942	9	955
1942	10	356
1942	11	116
1942	12	160
1943	1	164
1943	2	154
1943	3	341
1943	4	134
1943	5	161
1943	6	950
1943	7	4764
1943	8	3952
1943	9	3314
1943	10	1890
1943	11	320
1943	12	226
1944	1	204
1944	2	154
1944	3	222
1944	4	138
1944	5	113
1944	6	284
1944	7	597
1944	8	1888
1944	9	1174
1944	10	661
1944	11	450
1944	12	200
1945	1	419
1945	2	215
1945	3	109
1945	4	83
1945	5	59
1945	6	1570
1945	7	6604
1945	8	3466
1945	9	3618
1945	10	2234
1945	11	645
1945	12	453
1946	1	448
1946	2	333
1946	3	522
1946	4	133
1946	5	149
1946	6	232
1946	7	2047
1946	8	2691
1946	9	2022
1946	10	1096
1946	11	424
1946	12	221
1947	1	181
1947	2	458
1947	3	1909
1947	4	1677
1947	5	467
1947	6	4352
1947	7	3992
1947	8	4783
1947	9	9284
1947	10	3375
1947	11	1257
1947	12	986
1948	1	1651
1948	2	1452
1948	3	694
1948	4	479
1948	5	235
1948	6	178
1948	7	994
1948	8	3646
1948	9	5181
1948	10	5291
1948	11	577
1948	12	439
1949	1	314
1949	2	241
1949	3	162
1949	4	155
1949	5	84
1949	6	791
1949	7	1395
1949	8	6281
1949	9	5221
1949	10	3953
1949	11	715
1949	12	394
1950	1	394
1950	2	259
1950	3	190
1950	4	143
1950	5	152
1950	6	162
1950	7	181
1950	8	342
1950	9	1455
1950	10	2113
1950	11	558
1950	12	452
1951	1	358
1951	2	408
1951	3	225
1951	4	1779
1951	5	432
1951	6	183
1951	7	1581
1951	8	2241
1951	9	1605
1951	10	2202
1951	11	716
1951	12	508
1952	1	321
1952	2	492
1952	3	821
1952	4	624
1952	5	252
1952	6	303
1952	7	755
1952	8	946
1952	9	1113
1952	10	4821
1952	11	1691
1952	12	673
1953	1	1017
1953	2	1299
1953	3	670
1953	4	1062
1953	5	210
1953	6	2600
1953	7	2018
1953	8	3976
1953	9	7588
1953	10	6953
1953	11	2121
1953	12	3105
1954	1	1583
1954	2	765
1954	3	584
1954	4	558
1954	5	756
1954	6	3453
1954	7	3045
1954	8	1491
1954	9	1976
1954	10	1363
1954	11	589
1954	12	503
1955	1	467
1955	2	548
1955	3	251
1955	4	239
1955	5	132
1955	6	213
1955	7	623
1955	8	941
1955	9	2702
1955	10	427
1955	11	207
1955	12	193
1956	1	199
1956	2	210
1956	3	124
1956	4	80
1956	5	268
1956	6	139
1956	7	258
1956	8	718
1956	9	1889
1956	10	1824
1956	11	457
1956	12	221
1957	1	285
1957	2	386
1957	3	1400
1957	4	1428
1957	5	2597
1957	6	1428
1957	7	1636
1957	8	2498
1957	9	3210
1957	10	2615
1957	11	395
1957	12	446
1958	1	2642
1958	2	1518
1958	3	3226
1958	4	2448
1958	5	1195
1958	6	466
1958	7	1210
1958	8	766
1958	9	797
1958	10	341
1958	11	419
1958	12	456
1959	1	748
1959	2	598
1959	3	3786
1959	4	1881
1959	5	778
1959	6	4374
1959	7	5149
1959	8	3623
1959	9	6352
1959	10	2834
1959	11	1206
1959	12	586
1960	1	470
1960	2	1486
1960	3	2754
1960	4	1755
1960	5	609
1960	6	696
1960	7	2220
1960	8	7438
1960	9	8792
1960	10	5001
1960	11	1018
1960	12	437
1961	1	562
1961	2	852
1961	3	619
1961	4	466
1961	5	257
1961	6	395
1961	7	870
1961	8	702
1961	9	920
1961	10	181
1961	11	115
1961	12	114
1962	1	158
1962	2	166
1962	3	175
1962	4	303
1962	5	132
1962	6	1533
1962	7	1204
1962	8	1594
1962	9	5287
1962	10	990
1962	11	444
1962	12	262
1963	1	317
1963	2	1394
1963	3	1569
1963	4	235
1963	5	295
1963	6	1544
1963	7	1243
1963	8	1166
1963	9	1431
1963	10	506
1963	11	759
1963	12	586
1964	1	1365
1964	2	2231
1964	3	977
1964	4	631
1964	5	690
1964	6	204
1964	7	460
1964	8	875
1964	9	2460
1964	10	525
1964	11	222
1964	12	297
1965	1	238
1965	2	374
1965	3	1076
1965	4	235
1965	5	94
1965	6	557
1965	7	2879
1965	8	2700
1965	9	822
1965	10	1703
1965	11	422
1965	12	278
1966	1	899
1966	2	2416
1966	3	1548
1966	4	416
1966	5	179
1966	6	1061
1966	7	1245
1966	8	3128
1966	9	1675
1966	10	920
1966	11	237
1966	12	187
1967	1	173
1967	2	299
1967	3	208
1967	4	129
1967	5	107
1967	6	543
1967	7	1170
1967	8	3083
1967	9	1548
1967	10	1206
1967	11	256
1967	12	283
1968	1	233
1968	2	234
1968	3	215
1968	4	121
1968	5	169
1968	6	3597
1968	7	5262
1968	8	1210
1968	9	2268
1968	10	922
1968	11	1001
1968	12	333
1969	1	625
1969	2	456
1969	3	2524
1969	4	542
1969	5	253
1969	6	906
1969	7	777
1969	8	2040
1969	9	2243
1969	10	2548
1969	11	1385
1969	12	1515
1970	1	1797
1970	2	908
1970	3	2354
1970	4	1193
1970	5	317
1970	6	924
1970	7	1804
1970	8	1278
1970	9	1176
1970	10	579
1970	11	241
1970	12	199
1971	1	198
1971	2	421
1971	3	236
1971	4	147
1971	5	148
1971	6	248
1971	7	555
1971	8	1435
1971	9	2971
1971	10	1168
1971	11	448
1971	12	492
1972	1	251
1972	2	1082
1972	3	313
1972	4	471
1972	5	260
1972	6	1052
1972	7	653
1972	8	978
1972	9	540
1972	10	279
1972	11	197
1972	12	419
1973	1	1344
1973	2	1339
1973	3	707
1973	4	1810
1973	5	224
1973	6	228
1973	7	1001
1973	8	1755
1973	9	2753
1973	10	730
1973	11	244
1973	12	245
1974	1	232
1974	2	209
1974	3	141
1974	4	96
1974	5	110
1974	6	838
1974	7	5418
1974	8	2986
1974	9	1312
1974	10	305
1974	11	189
1974	12	204
1975	1	205
1975	2	162
1975	3	119
1975	4	63
1975	5	94
1975	6	398
1975	7	790
1975	8	1200
1975	9	1917
1975	10	1480
1975	11	881
1975	12	252
1976	1	198
1976	2	156
1976	3	152
1976	4	126
1976	5	261
1976	6	1163
1976	7	1825
1976	8	1833
1976	9	1528
1976	10	641
1976	11	237
1976	12	287
1977	1	352
1977	2	292
1977	3	223
1977	4	83
1977	5	84
1977	6	206
1977	7	775
1977	8	636
1977	9	1466
1977	10	469
1977	11	278
1977	12	860
1978	1	754
1978	2	1183
1978	3	1280
1978	4	190
1978	5	455
1978	6	741
1978	7	2615
1978	8	3438
1978	9	640
1978	10	271
1978	11	162
1978	12	177
1979	1	1039
1979	2	630
1979	3	703
1979	4	140
1979	5	1188
1979	6	631
1979	7	644
1979	8	1218
1979	9	4126
1979	10	2991
1979	11	329
1979	12	377
1980	1	410
1980	2	686
1980	3	570
1980	4	1145
1980	5	505
1980	6	535
1980	7	518
1980	8	508
1980	9	570
1980	10	161
1980	11	151
1980	12	202
1981	1	150
1981	2	529
1981	3	167
1981	4	76
1981	5	65
1981	6	159
1981	7	93
1981	8	449
1981	9	1411
1981	10	194
1981	11	101
1981	12	104
1982	1	119
1982	2	209
1982	3	288
1982	4	336
1982	5	466
1982	6	6107
1982	7	3666
1982	8	2199
1982	9	2551
1982	10	2492
1982	11	565
1982	12	289
1983	1	404
1983	2	2976
1983	3	3289
1983	4	2029
1983	5	304
1983	6	632
1983	7	1089
1983	8	1558
1983	9	2241
1983	10	820
1983	11	357
1983	12	900
1984	1	1141
1984	2	680
1984	3	1060
1984	4	330
1984	5	156
1984	6	316
1984	7	1143
1984	8	1277
1984	9	328
1984	10	145
1984	11	102
1984	12	89
1985	1	83
1985	2	91
1985	3	83
1985	4	92
1985	5	51
1985	6	134
1985	7	270
1985	8	941
1985	9	1593
1985	10	674
1985	11	265
1985	12	136
1986	1	212
1986	2	264
1986	3	641
1986	4	194
1986	5	68
1986	6	401
1986	7	817
1986	8	1579
1986	9	1042
1986	10	302
1986	11	497
1986	12	534
1987	1	1200
1987	2	292
1987	3	722
1987	4	1739
1987	5	554
1987	6	164
1987	7	968
1987	8	1004
1987	9	597
1987	10	598
1987	11	1102
1987	12	651
1988	1	614
1988	2	790
1988	3	1403
1988	4	348
1988	5	159
1988	6	160
1988	7	784
1988	8	2030
1988	9	4973
1988	10	527
1988	11	485
1988	12	409
1989	1	368
1989	2	301
1989	3	314
1989	4	172
1989	5	90
1989	6	164
1989	7	553
1989	8	488
1989	9	753
1989	10	703
1989	11	215
1989	12	344
1990	1	346
1990	2	391
1990	3	311
1990	4	166
1990	5	112
1990	6	301
1990	7	674
1990	8	1362
1990	9	503
1990	10	398
1990	11	125
1990	12	116
1991	1	164
1991	2	131
1991	3	270
1991	4	338
1991	5	311
1991	6	883
1991	7	2859
1991	8	2352
1991	9	1135
1991	10	432
1991	11	177
1991	12	116
1992	1	136
1992	2	196
1992	3	191
1992	4	386
1992	5	174
1992	6	809
1992	7	1659
1992	8	2149
1992	9	1952
1992	10	1167
1992	11	281
1992	12	282
1993	1	802
1993	2	782
1993	3	1405
1993	4	1855
1993	5	266
1993	6	294
1993	7	387
1993	8	323
1993	9	1051
1993	10	597
1993	11	471
1993	12	179
1994	1	277
1994	2	293
1994	3	323
1994	4	136
1994	5	79
1994	6	1099
1994	7	833
1994	8	2277
1994	9	5038
1994	10	3618
1994	11	1275
1994	12	1102
1995	1	1029
1995	2	773
1995	3	748
1995	4	657
1995	5	294
1995	6	648
1995	7	1560
1995	8	4661
1995	9	5107
1995	10	3189
1995	11	1311
1995	12	453
1996	1	1470
1996	2	686
1996	3	533
1996	4	659
1996	5	236
1996	6	533
1996	7	874
1996	8	617
1996	9	555
1996	10	703
1996	11	120
1996	12	177
1997	1	125
1997	2	132
1997	3	106
1997	4	224
1997	5	308
1997	6	199
1997	7	1109
1997	8	1969
1997	9	711
1997	10	696
1997	11	3270
1997	12	3780
1998	1	3651
1998	2	5108
1998	3	6410
1998	4	1642
1998	5	299
1998	6	132
1998	7	429
1998	8	468
1998	9	1771
1998	10	2237
1998	11	812
1998	12	229
1999	1	385
1999	2	348
1999	3	132
1999	4	52
1999	5	97
1999	6	708
1999	7	1061
1999	8	650
1999	9	834
1999	10	1753
1999	11	499
1999	12	255
2000	1	203
2000	2	126
2000	3	62
2000	4	31
2000	5	9
2000	6	19
2000	7	126
2000	8	343
2000	9	485
2000	10	165
2000	11	40
2000	12	50
2001	1	73
2001	2	39
2001	3	46
2001	4	119
2001	5	42
2001	6	360
2001	7	1814
2001	8	1665
2001	9	6890
2001	10	1060
2001	11	246
2001	12	116
2002	1	189
2002	2	342
2002	3	240
2002	4	120
2002	5	43
2002	6	1089
2002	7	2987
2002	8	1204
2002	9	2371
2002	10	985
2002	11	1158
2002	12	3486
2003	1	2875
2003	2	577
2003	3	780
2003	4	552
2003	5	353
2003	6	3829
2003	7	2724
2003	8	4270
2003	9	3858
2003	10	1522
2003	11	361
2003	12	483
2004	1	350
2004	2	685
2004	3	624
2004	4	176
2004	5	408
2004	6	273
2004	7	549
2004	8	3600
2004	9	7810
2004	10	4946
2004	11	905
2004	12	630
2005	1	919
2005	2	469
2005	3	2560
2005	4	659
2005	5	757
2005	6	4714
2005	7	4626
2005	8	2363
2005	9	1272
2005	10	1774
2005	11	1477
2005	12	610
2006	1	343
2006	2	644
2006	3	197
2006	4	59
2006	5	35
2006	6	91
2006	7	373
2006	8	399
2006	9	1909
2006	10	253
2006	11	113
2006	12	132
2007	1	184
2007	2	250
2007	3	121
2007	4	78
2007	5	50
2007	6	71
2007	7	283
2007	8	379
2007	9	290
2007	10	210
2007	11	93
2007	12	64
2008	1	81
2008	2	87
2008	3	102
2008	4	258
2008	5	40
2008	6	85
2008	7	828
2008	8	2035
2008	9	1034
2008	10	371
2008	11	119
2008	12	95
2009	1	73
2009	2	97
2009	3	53
2009	4	36
2009	5	438
2009	6	666
2009	7	1344
2009	8	781
2009	9	1954
2009	10	317
2009	11	141
2009	12	609
2010	1	448
2010	2	552
2010	3	987
2010	4	806
2010	5	211
2010	6	329
2010	7	1381
2010	8	1499
2010	9	1701
2010	10	244
2010	11	139
2010	12	133
2011	1	261
2011	2	217
2011	3	120
2011	4	557
2011	5	77
2011	6	66
2011	7	530
2011	8	1042
2011	9	987
2011	10	2025
2011	11	401
2011	12	180
2012	1	99
2012	2	74
2012	3	56
2012	4	35
2012	5	21
2012	6	599
2012	7	871
2012	8	1226
2012	9	2013
2012	10	1944
2012	11	289
2012	12	214
2013	1	157
2013	2	93
2013	3	62
2013	4	97
2013	5	73
2013	6	862
2013	7	3911
2013	8	2670
2013	9	2297
2013	10	761
2013	11	223
2013	12	172
2014	1	165
2014	2	379
2014	3	204
2014	4	158
2014	5	295
2014	6	703
2014	7	1310
2014	8	923
2014	9	1422
2014	10	1904
2014	11	533
2014	12	616
2015	1	508
2015	2	1035
2015	3	653
2015	4	275
2015	5	157
2015	6	242
2015	7	679
2015	8	3335
2015	9	5118
