1940	4	379
1940	5	212
1940	6	213
1940	7	182
1940	8	489
1940	9	170
1940	10	113
1940	11	167
1940	12	243
1941	1	229
1941	2	177
1941	3	250
1941	4	219
1941	5	132
1941	6	112
1941	7	408
1941	8	137
1941	9	79
1941	10	66
1941	11	104
1941	12	242
1942	1	225
1942	2	557
1942	3	609
1942	4	323
1942	5	330
1942	6	273
1942	7	205
1942	8	256
1942	9	315
1942	10	198
1942	11	205
1942	12	637
1943	1	558
1943	2	630
1943	3	646
1943	4	563
1943	5	424
1943	6	285
1943	7	358
1943	8	288
1943	9	188
1943	10	170
1943	11	183
1943	12	181
1944	1	295
1944	2	746
1944	3	1016
1944	4	694
1944	5	438
1944	6	278
1944	7	186
1944	8	149
1944	9	123
1944	10	104
1944	11	154
1944	12	196
1945	1	254
1945	2	414
1945	3	339
1945	4	355
1945	5	280
1945	6	182
1945	7	171
1945	8	233
1945	9	303
1945	10	202
1945	11	213
1945	12	475
1946	1	1333
1946	2	1183
1946	3	985
1946	4	633
1946	5	654
1946	6	388
1946	7	363
1946	8	199
1946	9	180
1946	10	179
1946	11	188
1946	12	200
1947	1	705
1947	2	333
1947	3	351
1947	4	451
1947	5	291
1947	6	271
1947	7	158
1947	8	130
1947	9	105
1947	10	140
1947	11	257
1947	12	237
1948	1	219
1948	2	567
1948	3	616
1948	4	458
1948	5	295
1948	6	247
1948	7	383
1948	8	541
1948	9	206
1948	10	159
1948	11	608
1948	12	472
1949	1	806
1949	2	696
1949	3	542
1949	4	566
1949	5	458
1949	6	367
1949	7	531
1949	8	378
1949	9	435
1949	10	297
1949	11	301
1949	12	380
1950	1	475
1950	2	438
1950	3	567
1950	4	437
1950	5	334
1950	6	385
1950	7	332
1950	8	245
1950	9	307
1950	10	264
1950	11	183
1950	12	226
1951	1	206
1951	2	255
1951	3	463
1951	4	525
1951	5	309
1951	6	280
1951	7	197
1951	8	121
1951	9	137
1951	10	132
1951	11	212
1951	12	620
1952	1	461
1952	2	503
1952	3	1225
1952	4	594
1952	5	388
1952	6	269
1952	7	157
1952	8	233
1952	9	135
1952	10	108
1952	11	167
1952	12	229
1953	1	554
1953	2	593
1953	3	502
1953	4	344
1953	5	389
1953	6	205
1953	7	276
1953	8	147
1953	9	175
1953	10	123
1953	11	145
1953	12	469
1954	1	780
1954	2	405
1954	3	471
1954	4	453
1954	5	300
1954	6	249
1954	7	155
1954	8	116
1954	9	77
1954	10	68
1954	11	112
1954	12	227
1955	1	219
1955	2	589
1955	3	356
1955	4	383
1955	5	442
1955	6	220
1955	7	204
1955	8	186
1955	9	95
1955	10	109
1955	11	136
1955	12	127
1956	1	120
1956	2	482
1956	3	446
1956	4	646
1956	5	371
1956	6	211
1956	7	206
1956	8	112
1956	9	128
1956	10	116
1956	11	124
1956	12	339
1957	1	398
1957	2	619
1957	3	394
1957	4	717
1957	5	323
1957	6	256
1957	7	184
1957	8	100
1957	9	105
1957	10	199
1957	11	415
1957	12	429
1958	1	318
1958	2	431
1958	3	434
1958	4	497
1958	5	437
1958	6	227
1958	7	478
1958	8	251
1958	9	156
1958	10	160
1958	11	152
1958	12	158
1959	1	299
1959	2	380
1959	3	412
1959	4	503
1959	5	436
1959	6	427
1959	7	282
1959	8	184
1959	9	243
1959	10	521
1959	11	286
1959	12	381
1960	1	510
1960	2	697
1960	3	670
1960	4	721
1960	5	418
1960	6	355
1960	7	286
1960	8	402
1960	9	328
1960	10	334
1960	11	240
1960	12	252
1961	1	293
1961	2	853
1961	3	628
1961	4	598
1961	5	422
1961	6	425
1961	7	372
1961	8	355
1961	9	272
1961	10	163
1961	11	199
1961	12	995
1962	1	549
1962	2	630
1962	3	715
1962	4	890
1962	5	376
1962	6	265
1962	7	181
1962	8	159
1962	9	157
1962	10	121
1962	11	196
1962	12	176
1963	1	309
1963	2	275
1963	3	1160
1963	4	586
1963	5	440
1963	6	428
1963	7	427
1963	8	205
1963	9	214
1963	10	146
1963	11	193
1963	12	245
1964	1	698
1964	2	493
1964	3	1137
1964	4	1161
1964	5	655
1964	6	324
1964	7	299
1964	8	295
1964	9	212
1964	10	538
1964	11	266
1964	12	397
1965	1	407
1965	2	513
1965	3	608
1965	4	556
1965	5	362
1965	6	343
1965	7	245
1965	8	181
1965	9	138
1965	10	197
1965	11	163
1965	12	134
1966	1	240
1966	2	920
1966	3	733
1966	4	485
1966	5	566
1966	6	302
1966	7	193
1966	8	186
1966	9	152
1966	10	184
1966	11	267
1966	12	258
1967	1	359
1967	2	369
1967	3	395
1967	4	285
1967	5	358
1967	6	376
1967	7	588
1967	8	1096
1967	9	474
1967	10	324
1967	11	561
1967	12	693
1968	1	715
1968	2	430
1968	3	710
1968	4	554
1968	5	357
1968	6	263
1968	7	221
1968	8	150
1968	9	178
1968	10	139
1968	11	232
1968	12	323
1969	1	408
1969	2	761
1969	3	393
1969	4	571
1969	5	385
1969	6	297
1969	7	186
1969	8	516
1969	9	308
1969	10	209
1969	11	277
1969	12	275
1970	1	333
1970	2	316
1970	3	385
1970	4	419
1970	5	271
1970	6	383
1970	7	178
1970	8	204
1970	9	152
1970	10	207
1970	11	232
1970	12	224
1971	1	473
1971	2	641
1971	3	607
1971	4	447
1971	5	355
1971	6	241
1971	7	400
1971	8	500
1971	9	237
1971	10	187
1971	11	246
1971	12	645
1972	1	812
1972	2	464
1972	3	457
1972	4	376
1972	5	549
1972	6	355
1972	7	302
1972	8	256
1972	9	151
1972	10	175
1972	11	346
1972	12	667
1973	1	535
1973	2	698
1973	3	789
1973	4	780
1973	5	1004
1973	6	780
1973	7	395
1973	8	316
1973	9	248
1973	10	193
1973	11	267
1973	12	575
1974	1	792
1974	2	757
1974	3	480
1974	4	681
1974	5	540
1974	6	355
1974	7	331
1974	8	450
1974	9	227
1974	10	158
1974	11	181
1974	12	294
1975	1	469
1975	2	757
1975	3	885
1975	4	517
1975	5	446
1975	6	290
1975	7	217
1975	8	213
1975	9	267
1975	10	346
1975	11	309
1975	12	320
1976	1	577
1976	2	458
1976	3	827
1976	4	620
1976	5	838
1976	6	435
1976	7	385
1976	8	220
1976	9	154
1976	10	231
1976	11	223
1976	12	360
1977	1	370
1977	2	259
1977	3	961
1977	4	820
1977	5	420
1977	6	254
1977	7	165
1977	8	158
1977	9	230
1977	10	335
1977	11	533
1977	12	479
1978	1	873
1978	2	456
1978	3	470
1978	4	339
1978	5	350
1978	6	230
1978	7	145
1978	8	386
1978	9	154
1978	10	120
1978	11	141
1978	12	261
1979	1	649
1979	2	558
1979	3	869
1979	4	1199
1979	5	544
1979	6	390
1979	7	349
1979	8	248
1979	9	319
1979	10	256
1979	11	437
1979	12	262
1980	1	405
1980	2	344
1980	3	1255
1980	4	768
1980	5	481
1980	6	353
1980	7	212
1980	8	133
1980	9	168
1980	10	161
1980	11	163
1980	12	142
1981	1	119
1981	2	406
1981	3	227
1981	4	228
1981	5	254
1981	6	361
1981	7	138
1981	8	101
1981	9	117
1981	10	91
1981	11	109
1981	12	245
1982	1	581
1982	2	826
1982	3	379
1982	4	329
1982	5	253
1982	6	185
1982	7	193
1982	8	260
1982	9	138
1982	10	223
1982	11	228
1982	12	672
1983	1	397
1983	2	580
1983	3	534
1983	4	868
1983	5	586
1983	6	328
1983	7	205
1983	8	159
1983	9	172
1983	10	144
1983	11	301
1983	12	700
1984	1	461
1984	2	530
1984	3	545
1984	4	605
1984	5	848
1984	6	342
1984	7	468
1984	8	442
1984	9	197
1984	10	179
1984	11	198
1984	12	239
1985	1	223
1985	2	511
1985	3	263
1985	4	258
1985	5	206
1985	6	151
1985	7	233
1985	8	268
1985	9	149
1985	10	135
1985	11	239
1985	12	238
1986	1	176
1986	2	183
1986	3	230
1986	4	158
1986	5	147
1986	6	99
1986	7	63
1986	8	63
1986	9	89
1986	10	258
1986	11	272
1986	12	366
1987	1	421
1987	2	467
1987	3	576
1987	4	427
1987	5	250
1987	6	187
1987	7	155
1987	8	94
1987	9	92
1987	10	73
1987	11	109
1987	12	189
1988	1	405
1988	2	260
1988	3	196
1988	4	352
1988	5	152
1988	6	94
1988	7	154
1988	8	81
1988	9	134
1988	10	182
1988	11	169
1988	12	148
1989	1	379
1989	2	367
1989	3	536
1989	4	396
1989	5	312
1989	6	618
1989	7	430
1989	8	260
1989	9	339
1989	10	593
1989	11	348
1989	12	432
1990	1	689
1990	2	1090
1990	3	1227
1990	4	550
1990	5	423
1990	6	225
1990	7	268
1990	8	168
1990	9	240
1990	10	258
1990	11	175
1990	12	354
1991	1	467
1991	2	446
1991	3	683
1991	4	644
1991	5	658
1991	6	448
1991	7	402
1991	8	617
1991	9	386
1991	10	232
1991	11	305
1991	12	405
1992	1	392
1992	2	577
1992	3	646
1992	4	434
1992	5	291
1992	6	332
1992	7	250
1992	8	319
1992	9	352
1992	10	357
1992	11	766
1992	12	835
1993	1	934
1993	2	618
1993	3	775
1993	4	642
1993	5	425
1993	6	268
1993	7	164
1993	8	162
1993	9	109
1993	10	92
1993	11	180
1993	12	217
1994	1	329
1994	2	397
1994	3	633
1994	4	586
1994	5	283
1994	6	344
1994	7	393
1994	8	570
1994	9	287
1994	10	375
1994	11	307
1994	12	384
1995	1	596
1995	2	631
1995	3	582
1995	4	344
1995	5	265
1995	6	308
1995	7	185
1995	8	302
1995	9	165
1995	10	461
1995	11	606
1995	12	314
1996	1	854
1996	2	735
1996	3	835
1996	4	581
1996	5	431
1996	6	332
1996	7	188
1996	8	209
1996	9	274
1996	10	187
1996	11	232
1996	12	594
1997	1	472
1997	2	535
1997	3	604
1997	4	498
1997	5	438
1997	6	301
1997	7	221
1997	8	167
1997	9	190
1997	10	410
1997	11	257
1997	12	296
1998	1	768
1998	2	1002
1998	3	837
1998	4	916
1998	5	585
1998	6	315
1998	7	174
1998	8	153
1998	9	102
1998	10	103
1998	11	136
1998	12	185
1999	1	314
1999	2	388
1999	3	268
1999	4	239
1999	5	266
1999	6	170
1999	7	153
1999	8	79
1999	9	49
1999	10	246
1999	11	178
1999	12	185
2000	1	283
2000	2	249
2000	3	316
2000	4	483
2000	5	169
2000	6	107
2000	7	93
2000	8	81
2000	9	93
2000	10	64
2000	11	156
2000	12	169
2001	1	304
2001	2	246
2001	3	370
2001	4	283
2001	5	200
2001	6	247
2001	7	127
2001	8	164
2001	9	142
2001	10	113
2001	11	105
2001	12	175
2002	1	320
2002	2	229
2002	3	288
2002	4	275
2002	5	262
2002	6	137
2002	7	121
2002	8	70
2002	9	204
2002	10	172
2002	11	359
2002	12	503
2003	1	309
2003	2	465
2003	3	501
2003	4	447
2003	5	591
2003	6	529
2003	7	596
2003	8	386
2003	9	276
2003	10	212
2003	11	337
2003	12	342
2004	1	285
2004	2	423
2004	3	295
2004	4	269
2004	5	229
2004	6	239
2004	7	236
2004	8	148
2004	9	641
2004	10	207
2004	11	411
2004	12	567
2005	1	335
2005	2	441
2005	3	477
2005	4	581
2005	5	369
2005	6	678
2005	7	690
2005	8	668
2005	9	263
2005	10	226
2005	11	223
2005	12	351
2006	1	454
2006	2	361
2006	3	302
2006	4	275
2006	5	226
2006	6	184
2006	7	137
2006	8	91
2006	9	155
2006	10	227
2006	11	343
2006	12	251
2007	1	583
2007	2	281
2007	3	421
2007	4	247
2007	5	175
2007	6	127
2007	7	114
2007	8	76
2007	9	58
2007	10	63
2007	11	85
2007	12	133
2008	1	172
2008	2	284
2008	3	417
2008	4	240
2008	5	200
2008	6	117
2008	7	110
2008	8	273
2008	9	89
2008	10	85
2008	11	91
2008	12	372
2009	1	451
2009	2	210
2009	3	402
2009	4	464
2009	5	426
2009	6	221
2009	7	141
2009	8	131
2009	9	638
2009	10	465
2009	11	582
2009	12	830
2010	1	624
2010	2	697
2010	3	471
2010	4	472
2010	5	386
2010	6	272
2010	7	170
2010	8	286
2010	9	172
2010	10	192
2010	11	204
2010	12	321
2011	1	256
2011	2	341
2011	3	694
2011	4	575
2011	5	337
2011	6	236
2011	7	198
2011	8	109
2011	9	111
2011	10	97
2011	11	211
2011	12	348
2012	1	437
2012	2	294
2012	3	376
2012	4	273
2012	5	241
2012	6	150
2012	7	112
2012	8	106
2012	9	91
2012	10	292
2012	11	106
2012	12	278
2013	1	795
2013	2	519
2013	3	440
2013	4	555
2013	5	687
2013	6	427
2013	7	693
2013	8	622
2013	9	318
2013	10	233
2013	11	364
2013	12	819
2014	1	498
2014	2	405
2014	3	376
2014	4	566
2014	5	336
2014	6	247
2014	7	194
2014	8	154
2014	9	119
2014	10	209
2014	11	200
2014	12	243
2015	1	395
2015	2	286
2015	3	275
2015	4	513
2015	5	259
2015	6	214
2015	7	220
2015	8	203
2015	9	134
