1943	3	2254
1943	4	1213
1943	5	1075
1943	6	879
1943	7	1065
1943	8	941
1943	9	698
1943	10	528
1943	11	525
1943	12	620
1944	1	1135
1944	2	1381
1944	3	2685
1944	4	3191
1944	5	1560
1944	6	969
1944	7	952
1944	8	1234
1944	9	1948
1944	10	978
1944	11	797
1944	12	936
1945	1	1242
1945	2	1794
1945	3	1269
1945	4	1044
1945	5	1299
1945	6	690
1945	7	1167
1945	8	1055
1945	9	1211
1945	10	833
1945	11	716
1945	12	1221
1946	1	3021
1946	2	1921
1946	3	2480
1946	4	2697
1946	5	3856
1946	6	2089
1946	7	1656
1946	8	3273
1946	9	1717
1946	10	1253
1946	11	1036
1946	12	1010
1947	1	1917
1947	2	1474
1947	3	4337
1947	4	3887
1947	5	2266
1947	6	2957
1947	7	1795
1947	8	1313
1947	9	973
1947	10	824
1947	11	2763
1947	12	3617
1948	1	2589
1948	2	2570
1948	3	5178
1948	4	7200
1948	5	1794
1948	6	1152
1948	7	3561
1948	8	2571
1948	9	1911
1948	10	2009
1948	11	1820
1948	12	3224
1949	1	2390
1949	2	2959
1949	3	2243
1949	4	2503
1949	5	1833
1949	6	1227
1949	7	1760
1949	8	1668
1949	9	1184
1949	10	1016
1949	11	873
1949	12	1008
1950	1	899
1950	2	841
1950	3	1792
1950	4	2022
1950	5	1085
1950	6	913
1950	7	915
1950	8	944
1950	9	2345
1950	10	920
1950	11	774
1950	12	770
1951	1	765
1951	2	744
1951	3	1085
1951	4	1459
1951	5	873
1951	6	963
1951	7	679
1951	8	650
1951	9	738
1951	10	506
1951	11	906
1951	12	1437
1952	1	1306
1952	2	2228
1952	3	2405
1952	4	1533
1952	5	964
1952	6	784
1952	7	637
1952	8	700
1952	9	784
1952	10	589
1952	11	547
1952	12	584
1953	1	833
1953	2	1758
1953	3	1821
1953	4	2621
1953	5	1635
1953	6	903
1953	7	948
1953	8	846
1953	9	860
1953	10	895
1953	11	740
1953	12	3302
1954	1	2589
1954	2	1494
1954	3	1658
1954	4	1226
1954	5	867
1954	6	714
1954	7	625
1954	8	552
1954	9	465
1954	10	428
1954	11	400
1954	12	450
1955	1	518
1955	2	670
1955	3	540
1955	4	937
1955	5	833
1955	6	573
1955	7	559
1955	8	878
1955	9	573
1955	10	422
1955	11	389
1955	12	393
1956	1	472
1956	2	1145
1956	3	1339
1956	4	914
1956	5	854
1956	6	720
1956	7	1227
1956	8	791
1956	9	872
1956	10	1016
1956	11	831
1956	12	908
1957	1	820
1957	2	681
1957	3	957
1957	4	1362
1957	5	1273
1957	6	1389
1957	7	882
1957	8	756
1957	9	1694
1957	10	2119
1957	11	1557
1957	12	1910
1958	1	1909
1958	2	2062
1958	3	2859
1958	4	2937
1958	5	1858
1958	6	1610
1958	7	1505
1958	8	1282
1958	9	883
1958	10	787
1958	11	763
1958	12	792
1959	1	899
1959	2	1738
1959	3	3031
1959	4	2475
1959	5	1553
1959	6	2090
1959	7	1509
1959	8	1320
1959	9	1120
1959	10	1536
1959	11	1775
1959	12	1380
1960	1	1864
1960	2	2471
1960	3	2367
1960	4	4510
1960	5	1561
1960	6	1172
1960	7	1168
1960	8	1067
1960	9	1073
1960	10	1198
1960	11	766
1960	12	750
1961	1	998
1961	2	1520
1961	3	1644
1961	4	2769
1961	5	1399
1961	6	1144
1961	7	1152
1961	8	1154
1961	9	1492
1961	10	790
1961	11	734
1961	12	1077
1962	1	1419
1962	2	1581
1962	3	1753
1962	4	2869
1962	5	1015
1962	6	810
1962	7	784
1962	8	729
1962	9	633
1962	10	673
1962	11	622
1962	12	880
1963	1	1719
1963	2	1881
1963	3	1638
1963	4	1067
1963	5	893
1963	6	932
1963	7	1511
1963	8	1361
1963	9	759
1963	10	713
1963	11	594
1963	12	1085
1964	1	4021
1964	2	3063
1964	3	3924
1964	4	2818
1964	5	3890
1964	6	1287
1964	7	1615
1964	8	1992
1964	9	1937
1964	10	3124
1964	11	1647
1964	12	2753
1965	1	2637
1965	2	2975
1965	3	3198
1965	4	2283
1965	5	1306
1965	6	2059
1965	7	1746
1965	8	1298
1965	9	893
1965	10	1796
1965	11	976
1965	12	1146
1966	1	1774
1966	2	2895
1966	3	4031
1966	4	1468
1966	5	1163
1966	6	910
1966	7	819
1966	8	1266
1966	9	966
1966	10	890
1966	11	874
1966	12	1041
1967	1	3201
1967	2	2640
1967	3	1578
1967	4	1108
1967	5	792
1967	6	719
1967	7	1114
1967	8	825
1967	9	812
1967	10	567
1967	11	765
1967	12	1048
1968	1	1409
1968	2	938
1968	3	1088
1968	4	756
1968	5	615
1968	6	522
1968	7	483
1968	8	474
1968	9	436
1968	10	379
1968	11	400
1968	12	540
1969	1	760
1969	2	796
1969	3	1534
1969	4	1573
1969	5	964
1969	6	627
1969	7	858
1969	8	1384
1969	9	1107
1969	10	821
1969	11	683
1969	12	806
1970	1	1411
1970	2	2478
1970	3	2874
1970	4	2337
1970	5	1016
1970	6	976
1970	7	911
1970	8	1233
1970	9	738
1970	10	739
1970	11	762
1970	12	707
1971	1	1094
1971	2	1952
1971	3	2541
1971	4	1817
1971	5	1641
1971	6	1027
1971	7	1046
1971	8	1080
1971	9	805
1971	10	631
1971	11	634
1971	12	1077
1972	1	1464
1972	2	1965
1972	3	1748
1972	4	1620
1972	5	1107
1972	6	1391
1972	7	1775
1972	8	800
1972	9	625
1972	10	557
1972	11	587
1972	12	1157
1973	1	2758
1973	2	3793
1973	3	2568
1973	4	4267
1973	5	2097
1973	6	2464
1973	7	1057
1973	8	1241
1973	9	1073
1973	10	822
1973	11	742
1973	12	971
1974	1	1814
1974	2	3038
1974	3	1518
1974	4	1679
1974	5	924
1974	6	829
1974	7	733
1974	8	884
1974	9	746
1974	10	535
1974	11	538
1974	12	629
1975	1	1935
1975	2	2006
1975	3	2424
1975	4	4990
1975	5	1897
1975	6	1671
1975	7	1624
1975	8	3265
1975	9	1643
1975	10	2131
1975	11	1577
1975	12	1298
1976	1	1883
1976	2	2203
1976	3	1674
1976	4	1282
1976	5	1798
1976	6	1602
1976	7	1123
1976	8	833
1976	9	745
1976	10	1042
1976	11	1173
1976	12	2388
1977	1	2651
1977	2	1686
1977	3	2051
1977	4	1340
1977	5	824
1977	6	680
1977	7	647
1977	8	766
1977	9	1486
1977	10	752
1977	11	1784
1977	12	1384
1978	1	2254
1978	2	2994
1978	3	4327
1978	4	2022
1978	5	2356
1978	6	1850
1978	7	1161
1978	8	1462
1978	9	758
1978	10	647
1978	11	626
1978	12	941
1979	1	1841
1979	2	3171
1979	3	3239
1979	4	2346
1979	5	2136
1979	6	1193
1979	7	2003
1979	8	1523
1979	9	2772
1979	10	2175
1979	11	1314
1979	12	1289
1980	1	1533
1980	2	1914
1980	3	3554
1980	4	4284
1980	5	2446
1980	6	1336
1980	7	991
1980	8	826
1980	9	714
1980	10	737
1980	11	765
1980	12	688
1981	1	738
1981	2	1241
1981	3	1315
1981	4	1107
1981	5	698
1981	6	738
1981	7	557
1981	8	564
1981	9	558
1981	10	436
1981	11	419
1981	12	481
1982	1	1276
1982	2	2781
1982	3	1735
1982	4	1230
1982	5	1024
1982	6	911
1982	7	1160
1982	8	1733
1982	9	1230
1982	10	849
1982	11	906
1982	12	1893
1983	1	2614
1983	2	3312
1983	3	3374
1983	4	4127
1983	5	1957
1983	6	1657
1983	7	1484
1983	8	888
1983	9	1183
1983	10	776
1983	11	833
1983	12	2275
1984	1	2284
1984	2	2791
1984	3	4162
1984	4	3068
1984	5	1360
1984	6	1228
1984	7	1508
1984	8	1884
1984	9	986
1984	10	770
1984	11	718
1984	12	661
1985	1	699
1985	2	1227
1985	3	1072
1985	4	831
1985	5	729
1985	6	619
1985	7	639
1985	8	831
1985	9	651
1985	10	555
1985	11	1496
1985	12	2285
1986	1	2633
1986	2	4381
1986	3	2533
1986	4	1226
1986	5	847
1986	6	791
1986	7	637
1986	8	584
1986	9	583
1986	10	489
1986	11	489
1986	12	903
1987	1	1849
1987	2	2566
1987	3	3116
1987	4	2252
1987	5	1148
1987	6	1705
1987	7	1567
1987	8	1185
1987	9	795
1987	10	693
1987	11	739
1987	12	723
1988	1	1184
1988	2	2137
1988	3	3036
1988	4	1669
1988	5	908
1988	6	737
1988	7	889
1988	8	767
1988	9	1328
1988	10	919
1988	11	794
1988	12	756
1989	1	861
1989	2	788
1989	3	1170
1989	4	1140
1989	5	928
1989	6	3635
1989	7	3140
1989	8	1420
1989	9	957
1989	10	1268
1989	11	1471
1989	12	1723
1990	1	3329
1990	2	2572
1990	3	2098
1990	4	1519
1990	5	1030
1990	6	896
1990	7	825
1990	8	564
1990	9	397
1990	10	400
1990	11	370
1990	12	435
1991	1	1043
1991	2	2762
1991	3	4831
1991	4	2326
1991	5	2254
1991	6	1888
1991	7	1666
1991	8	1784
1991	9	986
1991	10	779
1991	11	713
1991	12	756
1992	1	1249
1992	2	2947
1992	3	3544
1992	4	1729
1992	5	926
1992	6	1437
1992	7	1289
1992	8	1247
1992	9	1256
1992	10	971
1992	11	1412
1992	12	2328
1993	1	3584
1993	2	2375
1993	3	3005
1993	4	1998
1993	5	1015
1993	6	770
1993	7	862
1993	8	647
1993	9	697
1993	10	648
1993	11	847
1993	12	805
1994	1	1170
1994	2	2144
1994	3	2569
1994	4	2264
1994	5	1134
1994	6	2335
1994	7	5352
1994	8	2320
1994	9	1640
1994	10	2853
1994	11	1408
1994	12	1836
1995	1	1700
1995	2	2590
1995	3	2292
1995	4	1895
1995	5	1538
1995	6	1507
1995	7	886
1995	8	1176
1995	9	696
1995	10	865
1995	11	1113
1995	12	982
1996	1	1033
1996	2	2183
1996	3	2606
1996	4	2336
1996	5	1293
1996	6	738
1996	7	715
1996	8	661
1996	9	1160
1996	10	1793
1996	11	864
1996	12	1202
1997	1	2192
1997	2	2318
1997	3	1608
1997	4	1504
1997	5	1767
1997	6	1582
1997	7	1775
1997	8	1493
1997	9	849
1997	10	706
1997	11	1659
1997	12	2613
1998	1	3502
1998	2	4012
1998	3	5465
1998	4	1983
1998	5	1015
1998	6	802
1998	7	792
1998	8	761
1998	9	1619
1998	10	2478
1998	11	1319
1998	12	1066
1999	1	1754
1999	2	1619
1999	3	1406
1999	4	903
1999	5	1053
1999	6	1090
1999	7	2140
1999	8	1072
1999	9	770
1999	10	732
1999	11	714
1999	12	706
2000	1	761
2000	2	1021
2000	3	1175
2000	4	914
2000	5	597
2000	6	462
2000	7	459
2000	8	417
2000	9	469
2000	10	399
2000	11	479
2000	12	773
2001	1	978
2001	2	732
2001	3	2138
2001	4	1593
2001	5	712
2001	6	1221
2001	7	755
2001	8	1076
2001	9	653
2001	10	497
2001	11	412
2001	12	445
2002	1	501
2002	2	563
2002	3	960
2002	4	1490
2002	5	586
2002	6	555
2002	7	594
2002	8	638
2002	9	1200
2002	10	1340
2002	11	2871
2002	12	2072
2003	1	1976
2003	2	1881
2003	3	4110
2003	4	2579
2003	5	1345
2003	6	1559
2003	7	2369
2003	8	2510
2003	9	1585
2003	10	998
2003	11	952
2003	12	987
2004	1	935
2004	2	2173
2004	3	1402
2004	4	872
2004	5	1255
2004	6	1398
2004	7	1577
2004	8	888
2004	9	1458
2004	10	1214
2004	11	1400
2004	12	2074
2005	1	1929
2005	2	1448
2005	3	2200
2005	4	4464
2005	5	2070
2005	6	2064
2005	7	2417
2005	8	2584
2005	9	1362
2005	10	885
2005	11	824
2005	12	1439
2006	1	1884
2006	2	1600
2006	3	1182
2006	4	750
2006	5	822
2006	6	594
2006	7	520
2006	8	568
2006	9	532
2006	10	481
2006	11	553
2006	12	664
2007	1	1220
2007	2	1525
2007	3	1113
2007	4	681
2007	5	481
2007	6	369
2007	7	427
2007	8	365
2007	9	352
2007	10	391
2007	11	309
2007	12	528
2008	1	1550
2008	2	3001
2008	3	2499
2008	4	1645
2008	5	754
2008	6	566
2008	7	656
2008	8	1054
2008	9	944
2008	10	712
2008	11	690
2008	12	2792
2009	1	1526
2009	2	1350
2009	3	1743
2009	4	6061
2009	5	2094
2009	6	1645
2009	7	1129
2009	8	907
2009	9	875
2009	10	868
2009	11	868
2009	12	2613
2010	1	3029
2010	2	3443
2010	3	2209
2010	4	1191
2010	5	2191
2010	6	927
2010	7	778
2010	8	708
2010	9	538
2010	10	485
2010	11	500
2010	12	511
2011	1	571
2011	2	960
2011	3	985
2011	4	769
2011	5	497
2011	6	375
2011	7	442
2011	8	414
2011	9	342
2011	10	329
2011	11	324
2011	12	382
2012	1	624
2012	2	1118
2012	3	2045
2012	4	787
2012	5	553
2012	6	510
2012	7	441
2012	8	793
2012	9	827
2012	10	766
2012	11	565
2012	12	646
2013	1	689
2013	2	3017
2013	3	3780
2013	4	1443
2013	5	893
2013	6	697
2013	7	2952
2013	8	3879
2013	9	2114
2013	10	1368
2013	11	1174
2013	12	1509
2014	1	1928
2014	2	2077
2014	3	3146
2014	4	4941
2014	5	4223
2014	6	1572
2014	7	1079
2014	8	800
2014	9	817
2014	10	815
2014	11	819
2014	12	1380
2015	1	1977
2015	2	1613
2015	3	1457
2015	4	2676
2015	5	1720
2015	6	1478
2015	7	1037
2015	8	713
2015	9	594
