1940	1	794
1940	2	1385
1940	3	981
1940	4	994
1940	5	812
1940	6	613
1940	7	3403
1940	8	946
1940	9	577
1940	10	442
1940	11	559
1940	12	1064
1941	1	813
1941	2	738
1941	3	1164
1941	4	946
1941	5	532
1941	6	484
1941	7	1296
1941	8	712
1941	9	643
1941	10	461
1941	11	457
1941	12	951
1942	1	1719
1942	2	1644
1942	3	1954
1942	4	1268
1942	5	1229
1942	6	1184
1942	7	1150
1942	8	1097
1942	9	1094
1942	10	722
1942	11	607
1942	12	886
1943	1	1072
1943	2	829
1943	3	1535
1943	4	808
1943	5	575
1943	6	558
1943	7	864
1943	8	638
1943	9	527
1943	10	314
1943	11	465
1943	12	578
1944	1	812
1944	2	652
1944	3	1546
1944	4	2252
1944	5	1004
1944	6	763
1944	7	782
1944	8	3168
1944	9	2686
1944	10	1173
1944	11	1075
1944	12	1184
1945	1	1552
1945	2	1355
1945	3	950
1945	4	1091
1945	5	979
1945	6	570
1945	7	1234
1945	8	1010
1945	9	1072
1945	10	816
1945	11	631
1945	12	1157
1946	1	2023
1946	2	1476
1946	3	2188
1946	4	1435
1946	5	2441
1946	6	1656
1946	7	2073
1946	8	2789
1946	9	1673
1946	10	971
1946	11	1020
1946	12	829
1947	1	1463
1947	2	905
1947	3	3202
1947	4	2372
1947	5	1515
1947	6	1325
1947	7	741
1947	8	871
1947	9	1209
1947	10	808
1947	11	2016
1947	12	1866
1948	1	1371
1948	2	1286
1948	3	3326
1948	4	2383
1948	5	959
1948	6	728
1948	7	1236
1948	8	1085
1948	9	1107
1948	10	990
1948	11	1858
1948	12	1687
1949	1	1450
1949	2	1321
1949	3	1200
1949	4	1904
1949	5	1492
1949	6	1357
1949	7	2048
1949	8	1332
1949	9	877
1949	10	738
1949	11	568
1949	12	663
1950	1	621
1950	2	534
1950	3	1065
1950	4	1752
1950	5	764
1950	6	582
1950	7	1226
1950	8	893
1950	9	2226
1950	10	668
1950	11	557
1950	12	634
1951	1	587
1951	2	514
1951	3	1091
1951	4	1051
1951	5	656
1951	6	580
1951	7	491
1951	8	433
1951	9	725
1951	10	407
1951	11	678
1951	12	696
1952	1	576
1952	2	1187
1952	3	994
1952	4	854
1952	5	609
1952	6	461
1952	7	373
1952	8	789
1952	9	568
1952	10	343
1952	11	338
1952	12	469
1953	1	740
1953	2	1155
1953	3	802
1953	4	1462
1953	5	679
1953	6	565
1953	7	979
1953	8	699
1953	9	1994
1953	10	1061
1953	11	931
1953	12	3601
1954	1	1890
1954	2	1182
1954	3	1371
1954	4	943
1954	5	688
1954	6	567
1954	7	752
1954	8	441
1954	9	376
1954	10	304
1954	11	330
1954	12	373
1955	1	430
1955	2	640
1955	3	364
1955	4	697
1955	5	1134
1955	6	468
1955	7	637
1955	8	771
1955	9	463
1955	10	442
1955	11	346
1955	12	344
1956	1	487
1956	2	912
1956	3	1078
1956	4	681
1956	5	480
1956	6	753
1956	7	859
1956	8	496
1956	9	1578
1956	10	1226
1956	11	625
1956	12	1141
1957	1	713
1957	2	619
1957	3	648
1957	4	1244
1957	5	780
1957	6	967
1957	7	567
1957	8	524
1957	9	1505
1957	10	873
1957	11	983
1957	12	851
1958	1	993
1958	2	1040
1958	3	1412
1958	4	1264
1958	5	769
1958	6	785
1958	7	1238
1958	8	1096
1958	9	729
1958	10	506
1958	11	511
1958	12	510
1959	1	668
1959	2	1244
1959	3	1570
1959	4	1475
1959	5	1202
1959	6	2490
1959	7	1255
1959	8	1294
1959	9	1386
1959	10	2154
1959	11	1638
1959	12	1295
1960	1	1492
1960	2	1797
1960	3	1620
1960	4	3055
1960	5	1202
1960	6	797
1960	7	1197
1960	8	1152
1960	9	1169
1960	10	1008
1960	11	687
1960	12	785
1961	1	948
1961	2	1564
1961	3	1516
1961	4	1973
1961	5	984
1961	6	1495
1961	7	1149
1961	8	1776
1961	9	1509
1961	10	597
1961	11	622
1961	12	1392
1962	1	1498
1962	2	1836
1962	3	1318
1962	4	2124
1962	5	713
1962	6	666
1962	7	604
1962	8	490
1962	9	479
1962	10	434
1962	11	468
1962	12	636
1963	1	1236
1963	2	1772
1963	3	892
1963	4	563
1963	5	538
1963	6	1033
1963	7	1120
1963	8	999
1963	9	885
1963	10	923
1963	11	736
1963	12	1185
1964	1	2281
1964	2	1650
1964	3	2030
1964	4	2743
1964	5	1814
1964	6	1000
1964	7	1295
1964	8	2165
1964	9	1415
1964	10	1826
1964	11	1189
1964	12	2169
1965	1	1501
1965	2	1867
1965	3	1552
1965	4	1113
1965	5	637
1965	6	1001
1965	7	973
1965	8	1270
1965	9	804
1965	10	1470
1965	11	643
1965	12	803
1966	1	1234
1966	2	1804
1966	3	2193
1966	4	904
1966	5	1124
1966	6	679
1966	7	800
1966	8	614
1966	9	446
1966	10	455
1966	11	675
1966	12	561
1967	1	1294
1967	2	1229
1967	3	613
1967	4	469
1967	5	342
1967	6	464
1967	7	632
1967	8	694
1967	9	706
1967	10	534
1967	11	1601
1967	12	1470
1968	1	1108
1968	2	670
1968	3	943
1968	4	546
1968	5	438
1968	6	367
1968	7	475
1968	8	514
1968	9	391
1968	10	315
1968	11	377
1968	12	474
1969	1	578
1969	2	661
1969	3	1016
1969	4	784
1969	5	1545
1969	6	646
1969	7	914
1969	8	1105
1969	9	1122
1969	10	1077
1969	11	728
1969	12	995
1970	1	933
1970	2	1598
1970	3	1579
1970	4	1071
1970	5	508
1970	6	2074
1970	7	821
1970	8	978
1970	9	728
1970	10	1140
1970	11	765
1970	12	667
1971	1	938
1971	2	2132
1971	3	1423
1971	4	1035
1971	5	942
1971	6	590
1971	7	634
1971	8	952
1971	9	702
1971	10	395
1971	11	403
1971	12	738
1972	1	744
1972	2	863
1972	3	789
1972	4	601
1972	5	786
1972	6	478
1972	7	393
1972	8	354
1972	9	300
1972	10	313
1972	11	597
1972	12	1259
1973	1	2113
1973	2	1608
1973	3	1749
1973	4	2042
1973	5	1350
1973	6	1591
1973	7	1059
1973	8	1257
1973	9	1055
1973	10	629
1973	11	721
1973	12	1773
1974	1	2335
1974	2	2749
1974	3	1216
1974	4	1273
1974	5	627
1974	6	553
1974	7	522
1974	8	1029
1974	9	1469
1974	10	603
1974	11	580
1974	12	815
1975	1	1072
1975	2	1249
1975	3	1329
1975	4	1897
1975	5	1102
1975	6	1425
1975	7	1506
1975	8	4385
1975	9	3967
1975	10	3163
1975	11	2010
1975	12	1684
1976	1	1563
1976	2	1360
1976	3	1349
1976	4	1054
1976	5	1981
1976	6	1620
1976	7	962
1976	8	940
1976	9	843
1976	10	946
1976	11	1192
1976	12	1673
1977	1	1727
1977	2	1095
1977	3	1286
1977	4	954
1977	5	511
1977	6	507
1977	7	539
1977	8	1637
1977	9	1554
1977	10	816
1977	11	1316
1977	12	1039
1978	1	2605
1978	2	1787
1978	3	2906
1978	4	2469
1978	5	2751
1978	6	1999
1978	7	1422
1978	8	1415
1978	9	825
1978	10	616
1978	11	642
1978	12	768
1979	1	1424
1979	2	2575
1979	3	2209
1979	4	1315
1979	5	950
1979	6	687
1979	7	1263
1979	8	1011
1979	9	997
1979	10	709
1979	11	843
1979	12	799
1980	1	1038
1980	2	898
1980	3	2337
1980	4	2495
1980	5	1576
1980	6	1263
1980	7	826
1980	8	658
1980	9	504
1980	10	826
1980	11	603
1980	12	490
1981	1	444
1981	2	1735
1981	3	727
1981	4	565
1981	5	569
1981	6	431
1981	7	379
1981	8	595
1981	9	503
1981	10	354
1981	11	347
1981	12	623
1982	1	1202
1982	2	2973
1982	3	1265
1982	4	814
1982	5	532
1982	6	443
1982	7	826
1982	8	864
1982	9	663
1982	10	551
1982	11	600
1982	12	1231
1983	1	1463
1983	2	1825
1983	3	1757
1983	4	2881
1983	5	1161
1983	6	1568
1983	7	1145
1983	8	856
1983	9	877
1983	10	640
1983	11	744
1983	12	1435
1984	1	1178
1984	2	1129
1984	3	1953
1984	4	1293
1984	5	658
1984	6	570
1984	7	758
1984	8	1303
1984	9	565
1984	10	548
1984	11	688
1984	12	678
1985	1	664
1985	2	1194
1985	3	945
1985	4	582
1985	5	571
1985	6	1004
1985	7	730
1985	8	788
1985	9	772
1985	10	650
1985	11	1036
1985	12	1533
1986	1	1607
1986	2	2040
1986	3	2084
1986	4	875
1986	5	706
1986	6	558
1986	7	474
1986	8	543
1986	9	603
1986	10	519
1986	11	688
1986	12	1135
1987	1	1405
1987	2	1492
1987	3	1404
1987	4	980
1987	5	1073
1987	6	1233
1987	7	1199
1987	8	911
1987	9	673
1987	10	427
1987	11	670
1987	12	535
1988	1	850
1988	2	1474
1988	3	1586
1988	4	778
1988	5	505
1988	6	428
1988	7	816
1988	8	705
1988	9	2687
1988	10	1279
1988	11	939
1988	12	705
1989	1	740
1989	2	1242
1989	3	1274
1989	4	1114
1989	5	1071
1989	6	4420
1989	7	2449
1989	8	1081
1989	9	917
1989	10	1764
1989	11	1969
1989	12	1750
1990	1	2405
1990	2	2033
1990	3	3002
1990	4	1484
1990	5	1553
1990	6	946
1990	7	811
1990	8	542
1990	9	455
1990	10	495
1990	11	418
1990	12	432
1991	1	1732
1991	2	2037
1991	3	2399
1991	4	1128
1991	5	2548
1991	6	1855
1991	7	2009
1991	8	1685
1991	9	1108
1991	10	677
1991	11	662
1991	12	624
1992	1	1241
1992	2	1689
1992	3	1514
1992	4	1021
1992	5	532
1992	6	1624
1992	7	1640
1992	8	1698
1992	9	1052
1992	10	814
1992	11	2228
1992	12	1660
1993	1	2270
1993	2	1809
1993	3	1768
1993	4	1716
1993	5	828
1993	6	609
1993	7	740
1993	8	550
1993	9	538
1993	10	485
1993	11	648
1993	12	682
1994	1	1090
1994	2	975
1994	3	1423
1994	4	1142
1994	5	589
1994	6	1516
1994	7	5435
1994	8	1900
1994	9	1181
1994	10	1411
1994	11	795
1994	12	992
1995	1	974
1995	2	1062
1995	3	1225
1995	4	1303
1995	5	2181
1995	6	1042
1995	7	792
1995	8	1532
1995	9	519
1995	10	1910
1995	11	2252
1995	12	1047
1996	1	1303
1996	2	1513
1996	3	1561
1996	4	1743
1996	5	956
1996	6	827
1996	7	622
1996	8	661
1996	9	824
1996	10	656
1996	11	493
1996	12	886
1997	1	1230
1997	2	1859
1997	3	1113
1997	4	1296
1997	5	987
1997	6	970
1997	7	960
1997	8	987
1997	9	554
1997	10	588
1997	11	923
1997	12	1406
1998	1	2452
1998	2	2346
1998	3	3151
1998	4	1128
1998	5	637
1998	6	450
1998	7	567
1998	8	723
1998	9	4370
1998	10	4096
1998	11	1260
1998	12	1139
1999	1	1189
1999	2	836
1999	3	1489
1999	4	725
1999	5	911
1999	6	1460
1999	7	1805
1999	8	1182
1999	9	640
1999	10	729
1999	11	574
1999	12	734
2000	1	641
2000	2	549
2000	3	511
2000	4	395
2000	5	254
2000	6	309
2000	7	265
2000	8	260
2000	9	411
2000	10	264
2000	11	483
2000	12	732
2001	1	640
2001	2	499
2001	3	2130
2001	4	804
2001	5	401
2001	6	762
2001	7	529
2001	8	1174
2001	9	954
2001	10	505
2001	11	527
2001	12	553
2002	1	580
2002	2	592
2002	3	747
2002	4	894
2002	5	420
2002	6	395
2002	7	491
2002	8	509
2002	9	711
2002	10	762
2002	11	1425
2002	12	1228
2003	1	963
2003	2	911
2003	3	1812
2003	4	1302
2003	5	1019
2003	6	1863
2003	7	3014
2003	8	1878
2003	9	1020
2003	10	726
2003	11	677
2003	12	770
2004	1	690
2004	2	1630
2004	3	776
2004	4	574
2004	5	1094
2004	6	1641
2004	7	1289
2004	8	1079
2004	9	2572
2004	10	1380
2004	11	2359
2004	12	1877
2005	1	1521
2005	2	1152
2005	3	1322
2005	4	3893
2005	5	1732
2005	6	1645
2005	7	1780
2005	8	1702
2005	9	1048
2005	10	647
2005	11	644
2005	12	890
2006	1	824
2006	2	953
2006	3	672
2006	4	571
2006	5	563
2006	6	344
2006	7	336
2006	8	523
2006	9	438
2006	10	382
2006	11	577
2006	12	478
2007	1	714
2007	2	675
2007	3	584
2007	4	797
2007	5	313
2007	6	283
2007	7	435
2007	8	388
2007	9	454
2007	10	853
2007	11	1017
2007	12	1278
2008	1	1378
2008	2	1732
2008	3	1051
2008	4	1455
2008	5	759
2008	6	503
2008	7	714
2008	8	888
2008	9	554
2008	10	582
2008	11	467
2008	12	1099
2009	1	742
2009	2	671
2009	3	2352
2009	4	2588
2009	5	1465
2009	6	828
2009	7	932
2009	8	1053
2009	9	893
2009	10	1190
2009	11	1412
2009	12	2404
2010	1	2708
2010	2	2856
2010	3	1488
2010	4	831
2010	5	908
2010	6	711
2010	7	638
2010	8	624
2010	9	397
2010	10	317
2010	11	458
2010	12	628
2011	1	783
2011	2	675
2011	3	636
2011	4	502
2011	5	227
2011	6	230
2011	7	638
2011	8	410
2011	9	579
2011	10	311
2011	11	303
2011	12	362
2012	1	383
2012	2	678
2012	3	551
2012	4	403
2012	5	375
2012	6	500
2012	7	403
2012	8	691
2012	9	1078
2012	10	594
2012	11	419
2012	12	542
2013	1	527
2013	2	1957
2013	3	1041
2013	4	768
2013	5	545
2013	6	733
2013	7	2077
2013	8	1412
2013	9	1085
2013	10	820
2013	11	712
2013	12	1093
2014	1	1191
2014	2	1260
2014	3	1619
2014	4	3146
2014	5	3271
2014	6	2150
2014	7	1444
2014	8	803
2014	9	661
2014	10	652
2014	11	575
2014	12	982
2015	1	964
2015	2	873
2015	3	715
2015	4	1423
2015	5	925
2015	6	870
2015	7	742
2015	8	604
2015	9	623
