1940	1	471
1940	2	785
1940	3	660
1940	4	440
1940	5	277
1940	6	395
1940	7	560
1940	8	134
1940	9	90
1940	10	95
1940	11	127
1940	12	245
1941	1	232
1941	2	249
1941	3	626
1941	4	285
1941	5	114
1941	6	210
1941	7	486
1941	8	257
1941	9	111
1941	10	81
1941	11	99
1941	12	354
1942	1	301
1942	2	419
1942	3	994
1942	4	360
1942	5	179
1942	6	354
1942	7	171
1942	8	490
1942	9	132
1942	10	98
1942	11	110
1942	12	620
1943	1	290
1943	2	272
1943	3	762
1943	4	501
1943	5	237
1943	6	125
1943	7	167
1943	8	133
1943	9	96
1943	10	75
1943	11	134
1943	12	131
1944	1	289
1944	2	589
1944	3	1000
1944	4	1099
1944	5	397
1944	6	146
1944	7	105
1944	8	166
1944	9	101
1944	10	79
1944	11	124
1944	12	173
1945	1	228
1945	2	958
1945	3	704
1945	4	948
1945	5	413
1945	6	160
1945	7	138
1945	8	84
1945	9	90
1945	10	105
1945	11	126
1945	12	352
1946	1	977
1946	2	612
1946	3	778
1946	4	327
1946	5	488
1946	6	384
1946	7	387
1946	8	236
1946	9	262
1946	10	126
1946	11	197
1946	12	195
1947	1	1179
1947	2	433
1947	3	526
1947	4	974
1947	5	549
1947	6	342
1947	7	319
1947	8	175
1947	9	104
1947	10	88
1947	11	483
1947	12	435
1948	1	339
1948	2	836
1948	3	1181
1948	4	667
1948	5	222
1948	6	144
1948	7	152
1948	8	156
1948	9	91
1948	10	86
1948	11	912
1948	12	582
1949	1	839
1949	2	940
1949	3	627
1949	4	634
1949	5	598
1949	6	397
1949	7	403
1949	8	188
1949	9	182
1949	10	115
1949	11	116
1949	12	229
1950	1	232
1950	2	332
1950	3	382
1950	4	220
1950	5	259
1950	6	109
1950	7	385
1950	8	141
1950	9	233
1950	10	133
1950	11	131
1950	12	203
1951	1	256
1951	2	347
1951	3	1034
1951	4	599
1951	5	191
1951	6	113
1951	7	103
1951	8	85
1951	9	113
1951	10	77
1951	11	111
1951	12	331
1952	1	336
1952	2	265
1952	3	946
1952	4	348
1952	5	192
1952	6	131
1952	7	82
1952	8	114
1952	9	61
1952	10	56
1952	11	94
1952	12	205
1953	1	609
1953	2	843
1953	3	486
1953	4	600
1953	5	498
1953	6	139
1953	7	159
1953	8	75
1953	9	87
1953	10	75
1953	11	103
1953	12	472
1954	1	257
1954	2	287
1954	3	397
1954	4	397
1954	5	156
1954	6	91
1954	7	61
1954	8	42
1954	9	32
1954	10	39
1954	11	82
1954	12	132
1955	1	232
1955	2	453
1955	3	327
1955	4	1404
1955	5	285
1955	6	200
1955	7	165
1955	8	154
1955	9	87
1955	10	66
1955	11	108
1955	12	134
1956	1	111
1956	2	593
1956	3	889
1956	4	551
1956	5	193
1956	6	107
1956	7	87
1956	8	66
1956	9	61
1956	10	106
1956	11	85
1956	12	135
1957	1	206
1957	2	203
1957	3	307
1957	4	1083
1957	5	446
1957	6	191
1957	7	154
1957	8	74
1957	9	95
1957	10	111
1957	11	236
1957	12	342
1958	1	236
1958	2	414
1958	3	733
1958	4	318
1958	5	211
1958	6	147
1958	7	384
1958	8	152
1958	9	130
1958	10	107
1958	11	129
1958	12	153
1959	1	260
1959	2	511
1959	3	583
1959	4	411
1959	5	305
1959	6	338
1959	7	141
1959	8	92
1959	9	108
1959	10	145
1959	11	123
1959	12	130
1960	1	242
1960	2	308
1960	3	563
1960	4	371
1960	5	154
1960	6	95
1960	7	74
1960	8	92
1960	9	74
1960	10	96
1960	11	90
1960	12	102
1961	1	143
1961	2	1407
1961	3	865
1961	4	660
1961	5	171
1961	6	198
1961	7	131
1961	8	93
1961	9	88
1961	10	61
1961	11	97
1961	12	1554
1962	1	736
1962	2	606
1962	3	499
1962	4	953
1962	5	193
1962	6	137
1962	7	102
1962	8	74
1962	9	100
1962	10	74
1962	11	112
1962	12	111
1963	1	341
1963	2	376
1963	3	725
1963	4	237
1963	5	172
1963	6	242
1963	7	147
1963	8	80
1963	9	77
1963	10	60
1963	11	88
1963	12	163
1964	1	408
1964	2	398
1964	3	1044
1964	4	1386
1964	5	252
1964	6	130
1964	7	153
1964	8	189
1964	9	110
1964	10	194
1964	11	158
1964	12	270
1965	1	374
1965	2	561
1965	3	581
1965	4	239
1965	5	107
1965	6	208
1965	7	294
1965	8	118
1965	9	86
1965	10	121
1965	11	95
1965	12	147
1966	1	413
1966	2	1046
1966	3	816
1966	4	379
1966	5	237
1966	6	109
1966	7	75
1966	8	81
1966	9	84
1966	10	96
1966	11	127
1966	12	151
1967	1	264
1967	2	424
1967	3	256
1967	4	123
1967	5	127
1967	6	95
1967	7	146
1967	8	187
1967	9	106
1967	10	86
1967	11	183
1967	12	562
1968	1	546
1968	2	237
1968	3	276
1968	4	531
1968	5	185
1968	6	77
1968	7	72
1968	8	71
1968	9	67
1968	10	56
1968	11	104
1968	12	366
1969	1	539
1969	2	435
1969	3	463
1969	4	497
1969	5	409
1969	6	125
1969	7	70
1969	8	93
1969	9	82
1969	10	95
1969	11	76
1969	12	202
1970	1	266
1970	2	331
1970	3	518
1970	4	453
1970	5	156
1970	6	168
1970	7	117
1970	8	190
1970	9	78
1974	10	129
1974	11	140
1974	12	428
1975	1	749
1975	2	1003
1975	3	808
1975	4	1461
1975	5	427
1975	6	247
1975	7	468
1975	8	482
1975	9	249
1975	10	433
1975	11	267
1975	12	364
1976	1	869
1976	2	388
1976	3	1344
1976	4	605
1976	5	635
1976	6	213
1976	7	272
1976	8	206
1976	9	183
1976	10	116
1976	11	173
1976	12	326
1977	1	509
1977	2	535
1977	3	1032
1977	4	565
1977	5	151
1977	6	107
1977	7	110
1977	8	91
1977	9	110
1977	10	126
1977	11	183
1977	12	177
1978	1	546
1978	2	331
1978	3	410
1978	4	372
1978	5	599
1978	6	150
1978	7	88
1978	8	86
1978	9	70
1978	10	57
1978	11	75
1978	12	135
1979	1	412
1979	2	482
1979	3	1107
1979	4	2070
1979	5	316
1979	6	178
1979	7	201
1979	8	111
1979	9	171
1979	10	106
1979	11	191
1979	12	175
1980	1	421
1980	2	388
1980	3	1251
1980	4	886
1980	5	670
1980	6	233
1980	7	169
1980	8	112
1980	9	122
1980	10	152
1980	11	114
1980	12	110
1981	1	110
1981	2	488
1981	3	395
1981	4	650
1981	5	230
1981	6	87
1981	7	103
1981	8	117
1981	9	79
1981	10	88
1981	11	78
1981	12	174
1982	1	549
1982	2	834
1982	3	349
1982	4	668
1982	5	272
1982	6	255
1982	7	264
1982	8	161
1982	9	84
1982	10	106
1982	11	181
1982	12	644
1983	1	386
1983	2	897
1983	3	820
1983	4	1353
1983	5	650
1983	6	323
1983	7	185
1983	8	124
1983	9	164
1983	10	113
1983	11	324
1983	12	678
1984	1	516
1984	2	503
1984	3	532
1984	4	443
1984	5	310
1984	6	120
1984	7	174
1984	8	256
1984	9	81
1984	10	171
1984	11	251
1984	12	349
1985	1	216
1985	2	581
1985	3	292
1985	4	247
1985	5	199
1985	6	126
1985	7	215
1985	8	126
1985	9	77
1985	10	97
1985	11	108
1985	12	143
1986	1	131
1986	2	167
1986	3	137
1986	4	87
1986	5	145
1986	6	70
1986	7	56
1986	8	50
1986	9	66
1986	10	69
1986	11	652
1986	12	461
1987	1	556
1987	2	616
1987	3	612
1987	4	321
1987	5	207
1987	6	144
1987	7	129
1987	8	67
1987	9	71
1987	10	53
1987	11	97
1987	12	149
1988	1	318
1988	2	342
1988	3	190
1988	4	199
1988	5	107
1988	6	50
1988	7	150
1988	8	49
1988	9	203
1988	10	138
1988	11	256
1988	12	197
1989	1	326
1989	2	234
1989	3	822
1989	4	567
1989	5	167
1989	6	583
1989	7	306
1989	8	113
1989	9	99
1989	10	107
1989	11	148
1989	12	297
1990	1	849
1990	2	1350
1990	3	1388
1990	4	457
1990	5	335
1990	6	142
1990	7	122
1990	8	70
1990	9	51
1990	10	64
1990	11	89
1990	12	128
1991	1	244
1991	2	426
1991	3	456
1991	4	453
1991	5	1014
1991	6	404
1991	7	238
1991	8	116
1991	9	139
1991	10	89
1991	11	163
1991	12	255
1992	1	326
1992	2	626
1992	3	422
1992	4	274
1992	5	129
1992	6	90
1992	7	130
1992	8	176
1992	9	189
1992	10	106
1992	11	544
1992	12	675
1993	1	889
1993	2	538
1993	3	485
1993	4	374
1993	5	208
1993	6	131
1993	7	121
1993	8	166
1993	9	98
1993	10	77
1993	11	197
1993	12	187
1994	1	181
1994	2	477
1994	3	619
1994	4	353
1994	5	146
1994	6	150
1994	7	233
1994	8	125
1994	9	102
1994	10	102
1994	11	132
1994	12	297
1995	1	337
1995	2	603
1995	3	626
1995	4	327
1995	5	147
1995	6	96
1995	7	62
1995	8	54
1995	9	72
1995	10	225
1995	11	320
1995	12	453
1996	1	520
1996	2	592
1996	3	724
1996	4	323
1996	5	192
1996	6	135
1996	7	122
1996	8	98
1996	9	132
1996	10	112
1996	11	118
1996	12	296
1997	1	590
1997	2	558
1997	3	479
1997	4	394
1997	5	273
1997	6	305
1997	7	210
1997	8	188
1997	9	94
1997	10	108
1997	11	186
1997	12	325
1998	1	952
1998	2	1008
1998	3	750
1998	4	368
1998	5	190
1998	6	165
1998	7	145
1998	8	81
1998	9	121
1998	10	95
1998	11	116
1998	12	147
1999	1	456
1999	2	311
1999	3	385
1999	4	161
1999	5	70
1999	6	194
1999	7	233
1999	8	85
1999	9	62
1999	10	99
1999	11	98
1999	12	128
2000	1	236
2000	2	174
2000	3	256
2000	4	404
2000	5	105
2000	6	73
2000	7	38
2000	8	41
2000	9	36
2000	10	36
2000	11	101
2000	12	99
2001	1	155
2001	2	391
2001	3	1082
2001	4	393
2001	5	95
2001	6	211
2001	7	87
2001	8	105
2001	9	128
2001	10	88
2001	11	100
2001	12	215
2002	1	324
2002	2	343
2002	3	329
2002	4	184
2002	5	108
2002	6	75
2002	7	83
2002	8	52
2002	9	122
2002	10	88
2002	11	255
2002	12	503
2003	1	235
2003	2	513
2003	3	531
2003	4	584
2003	5	752
2003	6	888
2003	7	823
2003	8	301
2003	9	144
2003	10	142
2003	11	255
2003	12	259
2004	1	335
2004	2	528
2004	3	239
2004	4	210
2004	5	149
2004	6	153
2004	7	95
2004	8	109
2004	9	227
2004	10	111
2004	11	362
2004	12	370
2005	1	277
2005	2	558
2005	3	685
2005	4	760
2005	5	259
2005	6	314
2005	7	684
2005	8	295
2005	9	167
2005	10	117
2005	11	152
2005	12	204
2006	1	364
2006	2	452
2006	3	367
2006	4	218
2006	5	233
2006	6	87
2006	7	80
2006	8	76
2006	9	68
2006	10	77
2006	11	217
2006	12	191
2007	1	380
2007	2	235
2007	3	166
2007	4	127
2007	5	61
2007	6	53
2007	7	57
2007	8	37
2007	9	38
2007	10	41
2007	11	49
2007	12	65
2008	1	114
2008	2	335
2008	3	262
2008	4	242
2008	5	128
2008	6	57
2008	7	38
2008	8	152
2008	9	79
2008	10	49
2008	11	50
2008	12	89
2009	1	207
2009	2	228
2009	3	818
2009	4	409
2009	5	462
2009	6	154
2009	7	157
2009	8	144
2009	9	549
2009	10	384
2009	11	709
2009	12	962
2010	1	806
2010	2	805
2010	3	806
2010	4	318
2010	5	243
2010	6	149
2010	7	96
2010	8	82
2010	9	48
2010	10	68
2010	11	114
2010	12	148
2011	1	197
2011	2	370
2011	3	811
2011	4	397
2011	5	157
2011	6	84
2011	7	65
2011	8	42
2011	9	58
2011	10	49
2011	11	83
2011	12	117
2012	1	266
2012	2	279
2012	3	590
2012	4	216
2012	5	128
2012	6	84
2012	7	81
2012	8	98
2012	9	203
2012	10	71
2012	11	69
2012	12	250
2013	1	449
2013	2	847
2013	3	436
2013	4	440
2013	5	217
2013	6	102
2013	7	253
2013	8	166
2013	9	88
2013	10	96
2013	11	118
2013	12	428
2014	1	309
2014	2	394
2014	3	574
2014	4	764
2014	5	271
2014	6	170
2014	7	123
2014	8	68
2014	9	57
2014	10	63
2014	11	82
2014	12	221
2015	1	383
2015	2	316
2015	3	366
2015	4	336
2015	5	170
2015	6	110
2015	7	105
2015	8	100
2015	9	70
