1940	1	102
1940	2	1573
1940	3	1297
1940	4	1632
1940	5	239
1940	6	314
1940	7	2512
1940	8	161
1940	9	22
1940	10	18
1940	11	1328
1940	12	1483
1941	1	940
1941	2	422
1941	3	861
1941	4	520
1941	5	70
1941	6	123
1941	7	402
1941	8	128
1941	9	28
1941	10	37
1941	11	781
1941	12	500
1942	1	496
1942	2	1613
1942	3	1900
1942	4	710
1942	5	100
1942	6	68
1942	7	22
1942	8	22
1942	9	9
1942	10	18
1942	11	18
1942	12	1043
1943	1	181
1943	2	393
1943	3	1980
1943	4	449
1943	5	63
1943	6	23
1943	7	26
1943	8	32
1943	9	235
1943	10	3
1943	11	300
1943	12	61
1944	1	501
1944	2	2613
1944	3	4393
1944	4	1908
1944	5	1118
1944	6	51
1944	7	109
1944	8	170
1944	9	113
1944	10	16
1944	11	31
1944	12	1017
1945	1	2099
1945	2	2320
1945	3	2617
1945	4	844
1945	5	382
1945	6	220
1945	7	213
1945	8	244
1945	9	108
1945	10	34
1945	11	436
1945	12	1015
1946	1	4433
1946	2	4207
1946	3	2567
1946	4	365
1946	5	1333
1946	6	615
1946	7	1490
1946	8	164
1946	9	86
1946	10	54
1946	11	1533
1946	12	642
1947	1	3561
1947	2	625
1947	3	1672
1947	4	2466
1947	5	322
1947	6	597
1947	7	215
1947	8	84
1947	9	68
1947	10	13
1947	11	381
1947	12	556
1948	1	726
1948	2	5739
1948	3	3471
1948	4	1600
1948	5	176
1948	6	109
1948	7	85
1948	8	38
1948	9	100
1948	10	12
1948	11	3899
1948	12	1394
1949	1	6104
1949	2	2238
1949	3	2763
1949	4	956
1949	5	585
1949	6	498
1949	7	207
1949	8	257
1949	9	194
1949	10	196
1949	11	166
1949	12	161
1950	1	3023
1950	2	3127
1950	3	3063
1950	4	296
1950	5	771
1950	6	711
1950	7	774
1950	8	821
1950	9	1964
1950	10	121
1950	11	670
1950	12	1363
1951	1	3361
1951	2	3963
1951	3	4080
1951	4	1517
1951	5	214
1951	6	268
1951	7	627
1951	8	41
1951	9	29
1951	10	13
1951	11	117
1951	12	2734
1952	1	1585
1952	2	943
1952	3	1411
1952	4	711
1952	5	211
1952	6	51
1952	7	38
1952	8	37
1952	9	12
1952	10	9
1952	11	44
1952	12	81
1953	1	619
1953	2	3243
1953	3	2102
1953	4	1669
1953	5	1332
1953	6	57
1953	7	580
1953	8	21
1953	9	10
1953	10	9
1953	11	14
1953	12	86
1954	1	1205
1954	2	859
1954	3	239
1954	4	538
1954	5	617
1954	6	45
1954	7	68
1954	8	6
1954	9	4
1954	10	10
1954	11	15
1954	12	490
1955	1	296
1955	2	1231
1955	3	5670
1955	4	2509
1955	5	1672
1955	6	261
1955	7	344
1955	8	92
1955	9	12
1955	10	11
1955	11	19
1955	12	114
1956	1	66
1956	2	2688
1956	3	908
1956	4	3026
1956	5	1461
1956	6	163
1956	7	148
1956	8	28
1956	9	19
1956	10	7
1956	11	24
1956	12	709
1957	1	2240
1957	2	3711
1957	3	958
1957	4	1820
1957	5	180
1957	6	1531
1957	7	816
1957	8	24
1957	9	137
1957	10	580
1957	11	6073
1957	12	1498
1958	1	1019
1958	2	893
1958	3	1219
1958	4	2323
1958	5	1824
1958	6	352
1958	7	273
1958	8	57
1958	9	2208
1958	10	99
1958	11	329
1958	12	159
1959	1	1467
1959	2	2028
1959	3	965
1959	4	955
1959	5	395
1959	6	1288
1959	7	166
1959	8	60
1959	9	48
1959	10	64
1959	11	74
1959	12	2779
1960	1	2148
1960	2	1174
1960	3	2905
1960	4	883
1960	5	530
1960	6	73
1960	7	29
1960	8	24
1960	9	89
1960	10	395
1960	11	402
1960	12	765
1961	1	911
1961	2	3109
1961	3	3518
1961	4	1331
1961	5	413
1961	6	144
1961	7	53
1961	8	451
1961	9	97
1961	10	49
1961	11	1804
1961	12	4940
1962	1	4610
1962	2	2875
1962	3	1413
1962	4	3663
1962	5	396
1962	6	455
1962	7	225
1962	8	50
1962	9	33
1962	10	15
1962	11	39
1962	12	71
1963	1	132
1963	2	360
1963	3	2455
1963	4	928
1963	5	718
1963	6	532
1963	7	1495
1963	8	133
1963	9	128
1963	10	17
1963	11	45
1963	12	541
1964	1	1305
1964	2	1311
1964	3	4132
1964	4	3628
1964	5	501
1964	6	90
1964	7	454
1964	8	122
1964	9	43
1964	10	53
1964	11	272
1964	12	693
1965	1	670
1965	2	2536
1965	3	2468
1965	4	532
1965	5	88
1965	6	71
1965	7	34
1965	8	54
1965	9	56
1965	10	21
1965	11	35
1965	12	40
1966	1	294
1966	2	2692
1966	3	332
1966	4	387
1966	5	1142
1966	6	115
1966	7	58
1966	8	91
1966	9	95
1966	10	39
1966	11	43
1966	12	659
1967	1	314
1967	2	1012
1967	3	541
1967	4	582
1967	5	1157
1967	6	188
1967	7	1122
1967	8	1380
1967	9	45
1967	10	77
1967	11	481
1967	12	2714
1968	1	2989
1968	2	397
1968	3	1288
1968	4	1709
1968	5	2364
1968	6	90
1968	7	75
1968	8	53
1968	9	86
1968	10	61
1968	11	138
1968	12	682
1969	1	429
1969	2	2258
1969	3	1286
1969	4	4475
1969	5	252
1969	6	73
1969	7	49
1969	8	44
1969	9	78
1969	10	177
1969	11	469
1969	12	3044
1970	1	1004
1970	2	1176
1970	3	2516
1970	4	3762
1970	5	1380
1970	6	384
1970	7	57
1970	8	74
1970	9	21
1970	10	735
1970	11	355
1970	12	736
1971	1	1826
1971	2	3107
1971	3	1792
1971	4	894
1971	5	861
1971	6	106
1971	7	348
1971	8	181
1971	9	65
1971	10	29
1971	11	39
1971	12	780
1972	1	2122
1972	2	341
1972	3	883
1972	4	496
1972	5	612
1972	6	186
1972	7	120
1972	8	36
1972	9	97
1972	10	108
1972	11	953
1972	12	2129
1973	1	2917
1973	2	1957
1973	3	5732
1973	4	2511
1973	5	980
1973	6	267
1973	7	270
1973	8	90
1973	9	35
1973	10	125
1973	11	1546
1973	12	1514
1974	1	4965
1974	2	2040
1974	3	908
1974	4	1269
1974	5	2043
1974	6	1081
1974	7	202
1974	8	128
1974	9	335
1974	10	74
1974	11	350
1974	12	2932
1975	1	2134
1975	2	2143
1975	3	6214
1975	4	1060
1975	5	968
1975	6	1025
1975	7	535
1975	8	719
1975	9	282
1975	10	1043
1975	11	882
1975	12	1001
1976	1	1878
1976	2	1985
1976	3	3054
1976	4	486
1976	5	356
1976	6	355
1976	7	75
1976	8	83
1976	9	128
1976	10	104
1976	11	148
1976	12	508
1977	1	1005
1977	2	475
1977	3	3499
1977	4	1725
1977	5	254
1977	6	59
1977	7	111
1977	8	27
1977	9	151
1977	10	349
1977	11	1913
1977	12	1194
1978	1	1890
1978	2	323
1978	3	1834
1978	4	254
1978	5	3839
1978	6	1378
1978	7	51
1978	8	32
1978	9	27
1978	10	28
1978	11	46
1978	12	572
1979	1	4161
1979	2	1259
1979	3	1637
1979	4	3312
1979	5	1727
1979	6	632
1979	7	1069
1979	8	223
1979	9	1760
1979	10	207
1979	11	3179
1979	12	1638
1980	1	1555
1980	2	964
1980	3	5955
1980	4	3012
1980	5	412
1980	6	349
1980	7	209
1980	8	57
1980	9	232
1980	10	142
1980	11	771
1980	12	164
1981	1	169
1981	2	877
1981	3	882
1981	4	390
1981	5	830
1981	6	611
1981	7	119
1981	8	49
1981	9	136
1981	10	39
1981	11	47
1981	12	111
1982	1	1607
1982	2	1097
1982	3	514
1982	4	2465
1982	5	564
1982	6	440
1982	7	204
1982	8	361
1982	9	347
1982	10	482
1982	11	1137
1982	12	8061
1983	1	1966
1983	2	3184
1983	3	2550
1983	4	4953
1983	5	4339
1983	6	798
1983	7	187
1983	8	28
1983	9	53
1983	10	74
1983	11	1000
1983	12	6328
1984	1	1195
1984	2	811
1984	3	1119
1984	4	1974
1984	5	3702
1984	6	101
1984	7	44
1984	8	37
1984	9	35
1984	10	494
1984	11	783
1984	12	321
1985	1	692
1985	2	2826
1985	3	429
1985	4	946
1985	5	1514
1985	6	124
1985	7	96
1985	8	426
1985	9	131
1985	10	498
1985	11	306
1985	12	350
1986	1	111
1986	2	740
1986	3	925
1986	4	105
1986	5	326
1986	6	1140
1986	7	45
1986	8	53
1986	9	50
1986	10	237
1986	11	2802
1986	12	2010
1987	1	1042
1987	2	2527
1987	3	1360
1987	4	374
1987	5	236
1987	6	399
1987	7	89
1987	8	74
1987	9	30
1987	10	14
1987	11	200
1987	12	659
1988	1	919
1988	2	712
1988	3	549
1988	4	924
1988	5	75
1988	6	19
1988	7	31
1988	8	15
1988	9	305
1989	7	2136
1989	8	205
1989	9	347
1989	11	556
1989	12	472
1990	1	2260
1990	5	811
1990	10	49
1990	11	106
1990	12	4410
1991	1	1181
1991	2	5435
1991	3	1969
1991	4	5433
1991	5	8376
1991	6	1015
1991	7	107
1991	8	101
1991	9	124
1991	10	44
1991	11	162
1991	12	5138
1992	1	575
1992	2	656
1992	3	1346
1992	4	473
1992	5	77
1992	6	440
1992	7	219
1992	8	355
1992	9	226
1992	10	87
1992	11	1839
1992	12	1575
1993	1	1290
1993	2	1205
1993	3	1084
1993	4	1551
1993	5	1236
1993	6	211
1993	7	98
1993	8	722
1993	9	316
1993	10	113
1993	11	350
1993	12	1095
1994	1	1756
1994	2	2962
1994	3	2971
1994	4	877
1994	5	351
1994	6	1326
1994	7	1442
1994	8	236
1994	9	183
1994	10	505
1994	11	775
1994	12	1480
1995	1	1571
1995	2	1816
1995	3	3317
1995	4	1409
1995	5	534
1995	6	297
1995	7	170
1995	8	421
1995	9	36
1995	10	70
1995	11	363
1995	12	1278
1996	1	2065
1996	2	1222
1996	3	1618
1996	4	2244
1996	5	262
1996	6	605
1996	7	376
1996	8	195
1996	9	302
1996	10	136
1996	11	908
1996	12	2625
1997	1	2375
1997	2	1667
1997	3	2786
1997	4	556
1997	5	2110
1997	6	3924
1997	7	298
1997	8	199
1997	9	126
1997	10	413
1997	11	271
1997	12	762
1998	1	2065
1998	2	2127
1998	3	1695
1998	4	997
1998	5	487
1998	6	147
1998	7	446
1998	8	347
1998	9	30
1998	10	93
1998	11	83
1998	12	1327
1999	1	3609
1999	2	1219
1999	3	2409
1999	4	1816
1999	5	628
1999	6	1130
1999	7	318
1999	8	37
1999	9	24
1999	10	30
1999	11	34
1999	12	77
2000	1	110
2000	2	293
2000	3	929
2000	4	2571
2000	5	75
2000	6	144
2000	7	34
2000	8	19
2000	9	17
2000	10	51
2000	11	571
2000	12	969
2001	1	1603
2001	2	2713
2001	3	1194
2001	4	2034
2001	5	343
2001	6	964
2001	7	113
2001	8	474
2001	9	405
2001	10	1389
2001	11	1387
2001	12	3342
2002	1	3038
2002	2	1243
2002	3	2601
2002	4	1110
2002	5	2886
2002	6	89
2002	7	189
2002	8	42
2002	9	1354
2002	10	1185
2002	11	1042
2002	12	1760
2003	1	599
2003	2	3047
2003	3	1207
2003	4	1593
2003	5	2955
2003	6	721
2003	7	311
2003	8	1119
2003	9	627
2003	10	397
2003	11	730
2003	12	920
2004	1	1065
2004	2	2823
2004	3	1940
2004	4	539
2004	5	721
2004	6	2007
2004	7	774
2004	8	181
2004	9	194
2004	10	934
2004	11	1951
2004	12	4522
2005	1	1532
2005	2	1416
2005	3	653
2005	4	1461
2005	5	301
2005	6	716
2005	7	638
2005	8	807
2005	9	470
2005	10	84
2005	11	292
2005	12	1015
2006	1	2067
2006	2	1754
2006	3	906
2006	4	775
2006	5	722
2006	6	73
2006	7	62
2006	8	22
2006	9	116
2006	10	330
2006	11	503
2006	12	636
2007	1	1522
2007	2	530
2007	3	535
2007	4	152
2007	5	67
2007	6	105
2007	7	170
2007	8	18
2007	9	71
2007	10	292
2007	11	100
2007	12	171
2008	1	191
2008	2	755
2008	3	867
2008	4	1193
2008	5	1141
2008	6	127
2008	7	34
2008	8	245
2008	9	179
2008	10	355
2008	11	114
2008	12	3188
2009	1	969
2009	2	689
2009	3	1888
2009	4	872
2009	5	2132
2009	6	190
2009	7	118
2009	8	180
2009	9	1229
2009	10	2866
2009	11	627
2009	12	1603
2010	1	2117
2010	2	1475
2010	3	943
2010	4	331
2010	5	2637
2010	6	289
2010	7	419
2010	8	73
2010	9	45
2010	10	70
2010	11	259
2010	12	140
2011	1	539
2011	2	638
2011	3	1705
2011	4	3398
2011	5	751
2011	6	432
2011	7	72
2011	8	162
2011	9	480
2011	10	37
2011	11	246
2011	12	1314
2012	1	1271
2012	2	1320
2012	3	1494
2012	4	702
2012	5	149
2012	6	73
2012	7	171
2012	8	100
2012	9	234
2012	10	282
2012	11	72
2012	12	914
2013	1	2983
2013	2	1272
2013	3	1434
2013	4	1496
2013	5	1493
2013	6	281
2013	7	63
2013	8	109
2013	9	61
2013	10	31
2013	11	143
2013	12	778
2014	1	355
2014	2	1022
2014	3	470
2014	4	1788
2014	5	346
2014	6	1249
2014	7	681
2014	8	101
2014	9	65
2014	10	1008
2014	11	742
2014	12	1095
2015	1	1386
2015	2	1384
2015	3	2361
2015	4	2455
2015	5	1461
2015	6	697
2015	7	2107
2015	8	395
2015	9	39
