1940	1	267
1940	2	2463
1940	3	1457
1940	4	1316
1940	5	491
1940	6	558
1940	7	5314
1940	8	355
1940	9	156
1940	10	74
1940	11	232
1940	12	1667
1941	1	549
1941	2	1037
1941	3	1625
1941	4	794
1941	5	112
1941	6	64
1941	7	752
1941	8	165
1941	9	81
1941	10	101
1941	11	201
1941	12	811
1942	1	347
1942	2	1186
1942	3	1608
1942	4	254
1942	5	210
1942	6	89
1942	7	69
1942	8	111
1942	9	54
1942	10	42
1942	11	55
1942	12	255
1943	1	166
1943	2	293
1943	3	1727
1943	4	457
1943	5	186
1943	6	68
1943	7	55
1943	8	36
1943	9	45
1943	10	32
1943	11	59
1943	12	78
1944	1	228
1944	2	1686
1944	3	4253
1944	4	2895
1944	5	1576
1944	6	90
1944	7	272
1944	8	332
1944	9	71
1944	10	42
1944	11	63
1944	12	413
1945	1	996
1945	2	5227
1945	3	2642
1945	4	981
1945	5	304
1945	6	123
1945	7	173
1945	8	69
1945	9	49
1945	10	70
1945	11	83
1945	12	290
1946	1	3118
1946	2	5835
1946	3	2259
1946	4	761
1946	5	1018
1946	6	662
1946	7	981
1946	8	1335
1946	9	101
1946	10	74
1946	11	722
1946	12	426
1947	1	4852
1947	2	799
1947	3	1717
1947	4	2411
1947	5	451
1947	6	1153
1947	7	177
1947	8	65
1947	9	58
1947	10	47
1947	11	276
1947	12	748
1948	1	766
1948	2	4168
1948	3	3350
1948	4	1930
1948	5	150
1948	6	90
1948	7	132
1948	8	217
1948	9	218
1948	10	71
1948	11	2306
1948	12	3583
1949	1	7621
1949	2	3183
1949	3	2102
1949	4	1354
1949	5	1582
1949	6	396
1949	7	226
1949	8	170
1949	9	202
1949	10	129
1949	11	204
1949	12	413
1950	1	4126
1950	2	4659
1950	3	2304
1950	4	436
1950	5	764
1950	6	191
1950	7	333
1950	8	519
1950	9	1983
1950	10	397
1950	11	473
1950	12	1010
1951	1	2342
1951	2	3976
1951	3	5468
1951	4	2746
1951	5	297
1951	6	625
1951	7	111
1951	8	89
1951	9	83
1951	10	82
1951	11	112
1951	12	597
1952	1	717
1952	2	935
1952	3	1505
1952	4	984
1952	5	154
1952	6	83
1952	7	53
1952	8	52
1952	9	40
1952	10	39
1952	11	51
1952	12	112
1953	1	925
1953	2	2660
1953	3	1505
1953	4	513
1953	5	3700
1953	6	87
1953	7	325
1953	8	70
1953	9	62
1953	10	40
1953	11	48
1953	12	132
1954	1	1093
1954	2	451
1954	3	534
1954	4	1309
1954	5	1256
1954	6	74
1954	7	85
1954	8	34
1954	9	28
1954	10	34
1954	11	50
1954	12	96
1955	1	331
1955	2	1831
1955	3	1234
1955	4	2449
1955	5	510
1955	6	158
1955	7	273
1955	8	88
1955	9	34
1955	10	32
1955	11	94
1955	12	87
1956	1	69
1956	2	3109
1956	3	2495
1956	4	2771
1956	5	283
1956	6	108
1956	7	53
1956	8	46
1956	9	31
1956	10	168
1956	11	55
1956	12	1598
1957	1	1125
1957	2	2828
1957	3	1432
1957	4	2137
1957	5	266
1957	6	282
1957	7	447
1957	8	44
1957	9	78
1957	10	210
1957	11	2518
1957	12	935
1958	1	1391
1958	2	2257
1958	3	2330
1958	4	1477
1958	5	4477
1958	6	205
1958	7	1090
1958	8	181
1958	9	135
1958	10	342
1958	11	594
1958	12	247
1959	1	1402
1959	2	2669
1959	3	1401
1959	4	2334
1959	5	664
1959	6	426
1959	7	110
1959	8	102
1959	9	97
1959	10	145
1959	11	202
1959	12	376
1960	1	1838
1960	2	3246
1960	3	4013
1960	4	852
1960	5	683
1960	6	76
1960	7	64
1960	8	101
1960	9	79
1960	10	68
1960	11	76
1960	12	95
1961	1	249
1961	2	3589
1961	3	2735
1961	4	2744
1961	5	258
1961	6	307
1961	7	962
1961	8	93
1961	9	53
1961	10	61
1961	11	1121
1961	12	6912
1962	1	4913
1962	2	3044
1962	3	2739
1962	4	3623
1962	5	284
1962	6	129
1962	7	117
1962	8	83
1962	9	67
1962	10	85
1962	11	77
1962	12	97
1963	1	245
1963	2	331
1963	3	506
1963	4	118
1963	5	120
1963	6	71
1963	7	1008
1963	8	239
1963	9	56
1963	10	44
1963	11	46
1963	12	244
1964	1	1364
1964	2	648
1964	3	5281
1964	4	5011
1964	5	1344
1964	6	100
1964	7	552
1964	8	830
1964	9	62
1964	10	90
1964	11	243
1964	12	1189
1965	1	846
1965	2	4348
1965	3	2320
1965	4	1787
1965	5	100
1965	6	88
1965	7	79
1965	8	121
1965	9	139
1965	10	220
1965	11	61
1965	12	91
1966	1	888
1966	2	3023
1966	3	790
1966	4	2474
1966	5	863
1966	6	91
1966	7	84
1966	8	85
1966	9	139
1966	10	74
1966	11	85
1966	12	145
1967	1	217
1967	2	871
1967	3	422
1967	4	124
1967	5	473
1967	6	89
1967	7	866
1967	8	195
1967	9	83
1967	10	54
1967	11	122
1967	12	5620
1968	1	4383
1968	2	525
1968	3	3007
1968	4	1846
1968	5	1293
1968	6	155
1968	7	1062
1968	8	297
1968	9	154
1968	10	89
1968	11	131
1968	12	1759
1969	1	660
1969	2	2162
1969	3	2229
1969	4	6540
1969	5	597
1969	6	120
1969	7	118
1969	8	88
1969	9	67
1969	10	49
1969	11	68
1969	12	446
1970	1	1152
1970	2	654
1970	3	3584
1970	4	3579
1970	5	1348
1970	6	132
1970	7	124
1970	8	133
1970	9	69
1970	10	102
1970	11	109
1970	12	146
1971	1	396
1971	2	2448
1971	3	4180
1971	4	934
1971	5	3450
1971	6	177
1971	7	535
1971	8	295
1971	9	746
1971	10	126
1971	11	77
1971	12	2514
1972	1	4873
1972	2	1409
1972	3	1770
1972	4	388
1972	5	322
1972	6	81
1972	7	185
1972	8	90
1972	9	84
1972	10	86
1972	11	258
1972	12	2046
1973	1	4921
1973	2	2333
1973	3	5481
1973	4	3113
1973	5	960
1973	6	437
1973	7	236
1973	8	137
1973	9	94
1973	10	87
1973	11	787
1973	12	2869
1974	1	8286
1974	2	3715
1974	3	1347
1974	4	4685
1974	5	699
1974	6	1029
1974	7	312
1974	8	185
1974	9	282
1974	10	111
1974	11	186
1974	12	1702
1975	1	3401
1975	2	3586
1975	3	4671
1975	4	1637
1975	5	879
1975	6	442
1975	7	411
1975	8	784
1975	9	162
1975	10	1969
1975	11	269
1975	12	1049
1976	1	1831
1976	2	1786
1976	3	4999
1976	4	2099
1976	5	900
1976	6	335
1976	7	282
1976	8	137
1976	9	214
1976	10	104
1976	11	170
1976	12	949
1977	1	2759
1977	2	868
1977	3	4824
1977	4	5019
1977	5	198
1977	6	97
1977	7	181
1977	8	141
1977	9	967
1977	10	879
1977	11	1736
1977	12	1832
1978	1	1752
1978	2	730
1978	3	1514
1978	4	251
1978	5	3012
1978	6	599
1978	7	176
1978	8	98
1978	9	54
1978	10	67
1978	11	82
1978	12	202
1979	1	4160
1979	2	2034
1979	3	3565
1979	4	11291
1979	5	552
1979	6	247
1979	7	717
1979	8	337
1979	9	2519
1979	10	209
1979	11	1216
1979	12	1392
1980	1	2597
1980	2	2053
1980	3	6396
1980	4	5250
1980	5	1544
1980	6	365
1980	7	185
1980	8	117
1980	9	98
1980	10	132
1980	11	273
1980	12	197
1981	1	153
1981	2	642
1981	3	1042
1981	4	1353
1981	5	138
1981	6	312
1981	7	75
1981	8	76
1981	9	69
1981	10	70
1981	11	68
1981	12	172
1982	1	1016
1982	2	1414
1982	3	1118
1982	4	3044
1982	5	375
1982	6	502
1982	7	185
1982	8	337
1982	9	77
1982	10	211
1982	11	326
1982	12	5144
1983	1	2965
1983	2	6013
1983	3	4280
1983	4	6239
1983	5	5297
1983	6	1128
1983	7	320
1983	8	125
1983	9	172
1983	10	131
1983	11	911
1983	12	4522
1984	1	2562
1984	2	1967
1984	3	2136
1984	4	2417
1984	5	2724
1984	6	148
1984	7	185
1984	8	277
1984	9	80
1984	10	270
1984	11	948
1984	12	701
1985	1	637
1985	2	3585
1985	3	750
1985	4	807
1985	5	1065
1985	6	128
1985	7	133
1985	8	130
1985	9	71
1985	10	226
1985	11	256
1985	12	542
1986	1	153
1986	2	293
1986	3	909
1986	4	148
1986	5	322
1986	6	461
1986	7	81
1986	8	83
1986	9	76
1986	10	278
1986	11	1146
1986	12	1482
1987	1	1910
1987	2	2513
1987	3	3226
1987	4	335
1987	5	313
1987	6	284
1987	7	89
1987	8	75
1987	9	63
1987	10	48
1987	11	70
1987	12	92
1988	1	206
1988	2	678
1988	3	454
1988	4	1017
1988	5	93
1988	6	57
1988	7	194
1988	8	82
1988	9	100
1988	10	308
1988	11	932
1988	12	386
1989	1	3578
1989	2	2342
1989	3	2912
1989	4	2083
1989	5	2446
1989	6	1787
1989	7	2655
1989	8	285
1989	9	353
1990	10	71
1990	11	103
1990	12	1795
1991	1	816
1991	2	4941
1991	3	2570
1991	4	5459
1991	5	6567
1991	6	1004
1991	7	235
1991	8	290
1991	9	341
1991	10	127
1991	11	183
1991	12	539
1992	1	666
1992	2	1245
1992	3	693
1992	4	661
1992	5	129
1992	6	460
1992	7	155
1992	8	296
1992	9	209
1992	10	69
1992	11	879
1992	12	1310
1993	1	2975
1993	2	2117
1993	3	1333
1993	4	1929
1993	5	1254
1993	6	192
1993	7	122
1993	8	213
1993	9	77
1993	10	67
1993	11	254
1993	12	334
1994	1	1516
1994	2	3023
1994	3	2719
1994	4	2148
1994	5	254
1994	6	463
1994	7	852
1994	8	143
1994	9	300
1994	10	718
1994	11	502
1994	12	1886
1995	1	1897
1995	2	1469
1995	3	3852
1995	4	2874
1995	5	433
1995	6	386
1995	7	170
1995	8	229
1995	9	78
1995	10	255
1995	11	604
1995	12	1912
1996	1	2761
1996	2	1641
1996	3	1889
1996	4	1419
1996	5	189
1996	6	126
1996	7	151
1996	8	172
1996	9	154
1996	10	83
1996	11	211
1996	12	952
1997	1	3006
1997	2	3020
1997	3	2082
1997	4	1099
1997	5	860
1997	6	2045
1997	7	681
1997	8	487
1997	9	131
1997	10	214
1997	11	354
1997	12	1679
1998	1	3443
1998	2	2773
1998	3	2204
1998	4	874
1998	5	272
1998	6	139
1998	7	380
1998	8	186
1998	9	71
1998	10	66
1998	11	80
1998	12	769
1999	1	3219
1999	2	2466
1999	3	1985
1999	4	662
1999	5	205
1999	6	235
1999	7	242
1999	8	71
1999	9	62
1999	10	72
1999	11	60
1999	12	113
2000	1	251
2000	2	135
2000	3	285
2000	4	3046
2000	5	120
2000	6	102
2000	7	75
2000	8	53
2000	9	39
2000	10	38
2000	11	246
2000	12	266
2001	1	1442
2001	2	1871
2001	3	3976
2001	4	1091
2001	5	150
2001	6	502
2001	7	130
2001	8	214
2001	9	683
2001	10	590
2001	11	252
2001	12	1575
2002	1	1508
2002	2	1792
2002	3	2022
2002	4	1217
2002	5	189
2002	6	129
2002	7	142
2002	8	119
2002	9	758
2002	10	1524
2002	11	2073
2002	12	1918
2003	1	1090
2003	2	5770
2003	3	2747
2003	4	2600
2003	5	802
2003	6	1025
2003	7	820
2003	8	441
2003	9	203
2003	10	196
2003	11	615
2003	12	861
2004	1	1173
2004	2	4445
2004	3	1594
2004	4	432
2004	5	279
2004	6	640
2004	7	1300
2004	8	215
2004	9	319
2004	10	282
2004	11	1438
2004	12	2978
2005	1	842
2005	2	2400
2005	3	1352
2005	4	2357
2005	5	340
2005	6	2038
2005	7	1778
2005	8	702
2005	9	1497
2005	10	126
2005	11	100
2005	12	562
2006	1	1811
2006	2	4674
2006	3	3155
2006	4	399
2006	5	615
2006	6	89
2006	7	106
2006	8	90
2006	9	87
2006	10	854
2006	11	728
2006	12	526
2007	1	1981
2007	2	859
2007	3	343
2007	4	142
2007	5	75
2007	6	61
2007	7	180
2007	8	77
2007	9	88
2007	10	68
2007	11	58
2007	12	67
2008	1	145
2008	2	1275
2008	3	1093
2008	4	948
2008	5	701
2008	6	199
2008	7	66
2008	8	548
2008	9	250
2008	10	262
2008	11	90
2008	12	3901
2009	1	3554
2009	2	524
2009	3	3851
2009	4	1289
2009	5	2568
2009	6	495
2009	7	149
2009	8	245
2009	9	3435
2009	10	4362
2009	11	1091
2009	12	2810
2010	1	2563
2010	2	2391
2010	3	1518
2010	4	893
2010	5	1140
2010	6	317
2010	7	153
2010	8	113
2010	9	81
2010	10	60
2010	11	187
2010	12	286
2011	1	850
2011	2	722
2011	3	2812
2011	4	2919
2011	5	441
2011	6	99
2011	7	231
2011	8	114
2011	9	827
2011	10	76
2011	11	84
2011	12	837
2012	1	940
2012	2	1532
2012	3	2362
2012	4	561
2012	5	281
2012	6	118
2012	7	314
2012	8	287
2012	9	630
2012	10	326
2012	11	107
2012	12	1230
2013	1	4257
2013	2	2994
2013	3	2470
2013	4	2041
2013	5	895
2013	6	349
2013	7	158
2013	8	191
2013	9	197
2013	10	92
2013	11	295
2013	12	979
2014	1	862
2014	2	2635
2014	3	2045
2014	4	5931
2014	5	1422
2014	6	1282
2014	7	184
2014	8	94
2014	9	79
2014	10	107
2014	11	169
2014	12	676
2015	1	2031
2015	2	1610
2015	3	2862
2015	4	1674
2015	5	477
2015	6	443
2015	7	143
2015	8	108
2015	9	51
