1941	10	300
1941	11	400
1941	12	1700
1942	1	980
1942	2	3200
1942	3	3000
1942	4	720
1942	5	238
1942	6	136
1942	7	99
1942	8	737
1942	9	354
1942	10	131
1942	11	187
1942	12	5342
1943	1	1716
1943	2	2174
1943	3	4758
1943	4	2465
1943	5	389
1943	6	178
1943	7	251
1943	8	230
1943	9	110
1943	10	50
1943	11	65
1943	12	85
1944	1	567
1944	2	3587
1944	3	5007
1944	4	3069
1944	5	774
1944	6	202
1944	7	65
1944	8	93
1944	9	178
1944	10	70
1944	11	62
1944	12	215
1945	1	1565
1945	2	4195
1945	3	3579
1945	4	1783
1945	5	1081
1945	6	206
1945	7	168
1945	8	109
1945	9	55
1945	10	89
1945	11	217
1945	12	1232
1946	1	5462
1946	2	7123
1946	3	3532
1946	4	1007
1946	5	1321
1946	6	470
1946	7	865
1946	8	288
1946	9	598
1946	10	269
1946	11	1988
1946	12	1528
1947	1	8224
1947	2	1271
1947	3	3512
1947	4	2411
1947	5	804
1947	6	478
1947	7	151
1947	8	187
1947	9	59
1947	10	45
1947	11	155
1947	12	661
1948	1	1048
1948	2	6340
1948	3	2891
1948	4	3498
1948	5	243
1948	6	159
1948	7	172
1948	8	179
1948	9	64
1948	10	60
1948	11	5448
1948	12	3290
1949	1	8050
1949	2	5673
1949	3	2296
1949	4	1940
1949	5	1358
1949	6	517
1949	7	467
1949	8	158
1949	9	283
1949	10	208
1949	11	392
1949	12	712
1950	1	3175
1950	2	2947
1950	3	5519
1950	4	809
1950	5	559
1950	6	326
1950	7	1290
1950	8	419
1950	9	822
1950	10	122
1950	11	159
1950	12	685
1951	1	1678
1951	2	2959
1951	3	6607
1951	4	3986
1951	5	435
1951	6	226
1951	7	732
1951	8	270
1951	9	246
1951	10	98
1951	11	538
1951	12	4620
1952	1	2530
1952	2	2100
1952	3	2941
1952	4	721
1952	5	199
1952	6	422
1952	7	94
1952	8	229
1952	9	196
1952	10	310
1952	11	178
1952	12	1205
1953	1	4272
1953	2	3865
1953	3	1997
1953	4	1076
1953	5	2417
1953	6	292
1953	7	265
1953	8	61
1953	9	74
1953	10	34
1953	11	45
1953	12	588
1954	1	4413
1954	2	1163
1954	3	1826
1954	4	1007
1954	5	540
1954	6	368
1954	7	105
1954	8	67
1954	9	46
1954	10	46
1954	11	78
1954	12	509
1955	1	1592
1955	2	3588
1955	3	1973
1955	4	2445
1955	5	632
1955	6	315
1955	7	283
1955	8	129
1955	9	54
1955	10	88
1955	11	404
1955	12	341
1956	1	173
1956	2	5023
1956	3	2539
1956	4	3881
1956	5	377
1956	6	136
1956	7	222
1956	8	68
1956	9	59
1956	10	48
1956	11	58
1956	12	877
1957	1	1719
1957	2	4261
1957	3	2130
1957	4	2538
1957	5	516
1957	6	257
1957	7	267
1957	8	65
1957	9	398
1957	10	702
1957	11	2955
1957	12	2202
1958	1	1226
1958	2	2241
1958	3	2176
1958	4	1584
1958	5	1012
1958	6	199
1958	7	775
1958	8	255
1958	9	355
1958	10	277
1958	11	214
1958	12	333
1959	1	1873
1959	2	2860
1959	3	2635
1959	4	1483
1959	5	927
1959	6	1126
1959	7	115
1959	8	113
1959	9	879
1959	10	440
1959	11	1782
1959	12	1630
1960	1	2689
1960	2	2552
1960	3	4472
1960	4	1052
1960	5	360
1960	6	121
1960	7	68
1960	8	201
1960	9	94
1960	10	305
1960	11	301
1960	12	726
1961	1	1039
1961	2	9795
1961	3	4474
1961	4	2699
1961	5	910
1961	6	478
1961	7	952
1961	8	259
1961	9	323
1961	10	81
1961	11	150
1961	12	5911
1962	1	5920
1962	2	2181
1962	3	2294
1962	4	4720
1962	5	270
1962	6	220
1962	7	185
1962	8	144
1962	9	98
1962	10	86
1962	11	390
1962	12	408
1963	1	1832
1963	2	2030
1963	3	3177
1963	4	1196
1963	5	1898
1963	6	412
1963	7	681
1963	8	240
1963	9	46
1963	10	58
1963	11	77
1963	12	736
1964	1	2812
1964	2	1846
1964	3	5900
1964	4	6125
1964	5	1441
1964	6	248
1964	7	932
1964	8	351
1964	9	85
1964	10	352
1964	11	480
1964	12	1976
1965	1	1224
1965	2	3571
1965	3	3609
1965	4	2300
1965	5	273
1965	6	536
1965	7	256
1965	8	132
1965	9	164
1965	10	78
1965	11	95
1965	12	110
1966	1	740
1966	2	3082
1966	3	2331
1966	4	1931
1966	5	3373
1966	6	331
1966	7	218
1966	8	860
1966	9	603
1966	10	484
1966	11	571
1966	12	703
1967	1	1330
1967	2	2367
1967	3	1343
1967	4	742
1967	5	1123
1967	6	271
1967	7	1164
1967	8	1106
1967	9	449
1967	10	282
1967	11	1550
1967	12	5137
1968	1	4958
1968	2	709
1968	3	1639
1968	4	1751
1968	5	2082
1968	6	260
1968	7	347
1968	8	182
1968	9	261
1968	10	117
1968	11	190
1968	12	1670
1969	1	3073
1969	2	3328
1969	3	1834
1969	4	2469
1969	5	3385
1969	6	312
1969	7	297
1969	8	105
1969	9	91
1969	10	79
1969	11	99
1969	12	714
1970	1	1330
1970	2	1189
1970	3	5187
1970	4	3507
1970	5	676
1970	6	528
1970	7	137
1970	8	150
1970	9	81
1970	10	221
1970	11	328
1970	12	570
1971	1	2194
1971	2	5448
1971	3	4457
1971	4	2148
1971	5	972
1971	6	221
1971	7	1253
1971	8	454
1971	9	412
1971	10	164
1971	11	116
1971	12	3012
1972	1	5242
1972	2	1942
1972	3	2445
1972	4	1086
1972	5	620
1972	6	222
1972	7	167
1972	8	131
1972	9	248
1972	10	345
1972	11	676
1972	12	2712
1973	1	5881
1973	2	2614
1973	3	4341
1973	4	5355
1973	5	3205
1973	6	1731
1973	7	703
1973	8	213
1973	9	114
1973	10	140
1973	11	246
1973	12	2124
1974	1	5361
1974	2	4618
1974	3	1443
1974	4	3858
1974	5	1220
1974	6	788
1974	7	172
1974	8	244
1974	9	375
1974	10	106
1974	11	191
1974	12	1307
1975	1	4168
1975	2	5235
1975	3	4865
1975	4	1804
1975	5	1055
1975	6	494
1975	7	1068
1975	8	1180
1975	9	782
1975	10	1632
1975	11	977
1975	12	1406
1976	1	4177
1976	2	2076
1976	3	6344
1976	4	2467
1976	5	2113
1976	6	1131
1976	7	575
1976	8	318
1976	9	332
1976	10	123
1976	11	272
1976	12	1487
1977	1	2708
1977	2	1634
1977	3	5960
1977	4	5141
1977	5	373
1977	6	145
1977	7	138
1977	8	126
1977	9	1137
1977	10	3091
1977	11	3689
1977	12	1704
1978	1	3535
1978	2	1079
1978	3	2364
1978	4	780
1978	5	2351
1978	6	522
1978	7	194
1978	8	362
1978	9	102
1978	10	35
1978	11	88
1978	12	682
1979	1	3810
1979	2	2866
1979	3	4871
1979	4	7346
1979	5	971
1979	6	759
1979	7	245
1979	8	385
1979	9	2711
1979	10	810
1979	11	2517
1979	12	725
1980	1	2666
1980	2	2454
1980	3	10173
1980	4	4999
1980	5	2635
1980	6	449
1980	7	145
1980	8	128
1980	9	749
1980	10	1087
1980	11	1103
1980	12	794
1981	1	355
1981	2	2613
1981	3	2472
1981	4	2303
1981	5	274
1981	6	475
1981	7	152
1981	8	204
1981	9	280
1981	10	120
1981	11	120
1981	12	1281
1982	1	4720
1982	2	3934
1982	3	2002
1982	4	3689
1982	5	1112
1982	6	849
1982	7	536
1982	8	355
1982	9	155
1982	10	246
1982	11	397
1982	12	5145
1983	1	1719
1983	2	4074
1983	3	3249
1983	4	4507
1983	5	4918
1983	6	959
1983	7	234
1983	8	102
1983	9	93
1983	10	113
1983	11	1154
1983	12	5816
1984	1	2655
1984	2	1554
1984	3	2224
1984	4	3624
1984	5	2858
1984	6	298
1984	7	162
1984	8	313
1984	9	79
1984	10	165
1984	11	526
1984	12	921
1985	1	789
1985	2	4103
1985	3	1097
1985	4	933
1985	5	1306
1985	6	232
1985	7	2158
1985	8	851
1985	9	170
1985	10	504
1985	11	802
1985	12	1222
1986	1	743
1986	2	1269
1986	3	984
1986	4	294
1986	5	408
1986	6	366
1986	7	105
1986	8	146
1986	9	219
1986	10	346
1986	11	1301
1986	12	1181
1987	1	543
1987	2	2708
1987	3	3868
1987	4	1269
1987	5	296
1987	6	493
1987	7	1003
1987	8	95
1987	9	79
1987	10	49
1987	11	103
1987	12	254
1988	1	1696
1988	2	1627
1988	3	794
1988	4	1416
1988	5	308
1988	6	74
1988	7	127
1988	8	65
1988	9	1085
1988	10	593
1988	11	1577
1988	12	1071
1989	1	5141
1989	2	2903
1989	3	4403
1989	4	2545
1989	5	923
1989	6	3487
1989	7	3055
1989	8	243
1989	9	390
1989	10	968
1989	11	1749
1989	12	1478
1990	1	4582
1990	2	8693
1990	3	4118
1990	4	860
1990	5	890
1990	6	377
1990	7	221
1990	8	81
1990	9	78
1990	10	65
1990	11	114
1990	12	843
1991	1	1372
1991	2	3316
1991	3	2518
1991	4	2614
1991	5	3837
1991	6	581
1991	7	200
1991	8	218
1991	9	188
1991	10	79
1991	11	200
1991	12	907
1992	1	1145
1992	2	2094
1992	3	1776
1992	4	1051
1992	5	278
1992	6	371
1992	7	643
1992	8	544
1992	9	939
1992	10	365
1992	11	2511
1992	12	3082
1993	1	4468
1993	2	1955
1993	3	2768
1993	4	1511
1993	5	1041
1993	6	245
1993	7	108
1993	8	174
1993	9	91
1993	10	70
1993	11	173
1993	12	561
1994	1	2584
1994	2	3030
1994	3	3857
1994	4	3201
1994	5	576
1994	6	510
1994	7	1155
1994	8	381
1994	9	384
1994	10	1070
1994	11	964
1994	12	2785
1995	1	2004
1995	2	2812
1995	3	3762
1995	4	1310
1995	5	498
1995	6	236
1995	7	112
1995	8	112
1995	9	159
1995	10	2753
1995	11	2561
1995	12	2129
1996	1	5540
1996	2	2993
1996	3	3735
1996	4	1499
1996	5	555
1996	6	267
1996	7	354
1996	8	252
1996	9	658
1996	10	360
1996	11	790
1996	12	2001
1997	1	3658
1997	2	2968
1997	3	3540
1997	4	1217
1997	5	2502
1997	6	5392
1997	7	1639
1997	8	389
1997	9	455
1997	10	1404
1997	11	1049
1997	12	1241
1998	1	5297
1998	2	4640
1998	3	3380
1998	4	3866
1998	5	602
1998	6	459
1998	7	212
1998	8	221
1998	9	69
1998	10	55
1998	11	118
1998	12	827
1999	1	3280
1999	2	2807
1999	3	2548
1999	4	1226
1999	5	859
1999	6	1654
1999	7	868
1999	8	119
1999	9	66
1999	10	82
1999	11	112
1999	12	145
2000	1	669
2000	2	677
2000	3	3360
2000	4	4654
2000	5	279
2000	6	156
2000	7	73
2000	8	67
2000	9	62
2000	10	44
2000	11	513
2000	12	431
2001	1	1851
2001	2	2966
2001	3	6182
2001	4	3927
2001	5	608
2001	6	1118
2001	7	634
2001	8	271
2001	9	2069
2001	10	371
2001	11	372
2001	12	2601
2002	1	3043
2002	2	1963
2002	3	2100
2002	4	1845
2002	5	1949
2002	6	302
2002	7	490
2002	8	155
2002	9	447
2002	10	893
2002	11	2012
2002	12	3333
2003	1	1460
2003	2	3848
2003	3	3819
2003	4	1395
2003	5	6601
2003	6	1340
2003	7	840
2003	8	267
2003	9	178
2003	10	103
2003	11	172
2003	12	347
2004	1	1131
2004	2	4652
2004	3	1974
2004	4	692
2004	5	395
2004	6	990
2004	7	829
2004	8	267
2004	9	1362
2004	10	813
2004	11	6642
2004	12	3615
2005	1	948
2005	2	1673
2005	3	2732
2005	4	3424
2005	5	593
2005	6	631
2005	7	1372
2005	8	307
2005	9	121
2005	10	88
2005	11	146
2005	12	762
2006	1	1847
2006	2	2732
2006	3	1933
2006	4	2131
2006	5	1406
2006	6	173
2006	7	97
2006	8	120
2006	9	221
2006	10	481
2006	11	827
2006	12	502
2007	1	2027
2007	2	971
2007	3	849
2007	4	472
2007	5	169
2007	6	73
2007	7	144
2007	8	47
2007	9	86
2007	10	38
2007	11	56
2007	12	95
2008	1	287
2008	2	1360
2008	3	1853
2008	4	990
2008	5	1686
2008	6	382
2008	7	111
2008	8	490
2008	9	140
2008	10	68
2008	11	80
2008	12	2124
2009	1	5650
2009	2	1573
2009	3	4837
2009	4	2608
2009	5	3329
2009	6	803
2009	7	301
2009	8	378
2009	9	1402
2009	10	2903
2009	11	2166
2009	12	3933
2010	1	2648
2010	2	2791
2010	3	3812
2010	4	2008
2010	5	2190
2010	6	947
2010	7	237
2010	8	167
2010	9	100
2010	10	108
2010	11	145
2010	12	358
2011	1	1063
2011	2	1160
2011	3	3962
2011	4	3161
2011	5	566
2011	6	208
2011	7	303
2011	8	101
2011	9	3390
2011	10	240
2011	11	833
2011	12	3065
2012	1	3778
2012	2	1986
2012	3	2376
2012	4	501
2012	5	336
2012	6	204
2012	7	279
2012	8	486
2012	9	634
2012	10	333
2012	11	186
2012	12	1880
2013	1	5245
2013	2	3503
2013	3	2480
2013	4	2708
2013	5	4113
2013	6	1209
2013	7	975
2013	8	2017
2013	9	397
2013	10	113
2013	11	313
2013	12	2503
2014	1	1656
2014	2	3908
2014	3	1872
2014	4	4433
2014	5	1212
2014	6	646
2014	7	163
2014	8	103
2014	9	85
2014	10	216
2014	11	277
2014	12	1558
2015	1	2254
2015	2	1613
2015	3	2692
2015	4	3681
2015	5	633
2015	6	265
2015	7	219
2015	8	255
2015	9	165
