1940	1	217
1940	2	1035
1940	3	434
1940	4	523
1940	5	446
1940	6	279
1940	7	1552
1940	8	169
1940	9	135
1940	10	126
1940	11	158
1940	12	711
1941	1	400
1941	2	288
1941	3	792
1941	4	589
1941	5	190
1941	6	180
1941	7	252
1941	8	150
1941	9	130
1941	10	132
1941	11	209
1941	12	852
1942	1	519
1942	2	483
1942	3	1013
1942	4	263
1942	5	509
1942	6	255
1942	7	179
1942	8	647
1942	9	368
1942	10	349
1942	11	257
1942	12	730
1943	1	506
1943	2	838
1943	3	2085
1943	4	825
1943	5	252
1943	6	200
1943	7	281
1943	8	171
1943	9	456
1943	10	145
1943	11	274
1943	12	422
1944	1	776
1944	2	978
1944	3	1352
1944	4	880
1944	5	801
1944	6	254
1944	7	205
1944	8	352
1944	9	250
1944	10	173
1944	11	440
1944	12	572
1945	1	656
1945	2	787
1945	3	472
1945	4	823
1945	5	317
1945	6	503
1945	7	315
1945	8	203
1945	9	164
1945	10	272
1945	11	260
1945	12	705
1946	1	940
1946	2	823
1946	3	903
1946	4	241
1946	5	852
1946	6	395
1946	7	503
1946	8	287
1946	9	201
1946	10	174
1946	11	556
1946	12	401
1947	1	1866
1947	2	476
1947	3	1385
1947	4	1769
1947	5	883
1947	6	343
1947	7	181
1947	8	199
1947	9	227
1947	10	187
1947	11	379
1947	12	885
1948	1	645
1948	2	893
1948	3	1699
1948	4	724
1948	5	248
1948	6	210
1948	7	204
1948	8	228
1948	9	253
1948	10	177
1948	11	1343
1948	12	899
1949	1	730
1949	2	1552
1949	3	1533
1949	4	1119
1949	5	708
1949	6	430
1949	7	824
1949	8	659
1949	9	495
1949	10	288
1949	11	234
1949	12	354
1950	1	1157
1950	2	1643
1950	3	845
1950	4	376
1950	5	578
1950	6	262
1950	7	230
1950	8	266
1950	9	271
1950	10	202
1950	11	184
1950	12	343
1951	1	417
1951	2	890
1951	3	941
1951	4	599
1951	5	182
1951	6	177
1951	7	197
1951	8	151
1951	9	188
1951	10	135
1951	11	159
1951	12	423
1952	1	265
1952	2	522
1952	3	462
1952	4	377
1952	5	317
1952	6	145
1952	7	144
1952	8	134
1952	9	119
1952	10	110
1952	11	136
1952	12	183
1953	1	350
1953	2	810
1953	3	729
1953	4	677
1953	5	1595
1953	6	176
1953	7	200
1953	8	158
1953	9	127
1953	10	122
1953	11	157
1953	12	812
1954	1	318
1954	2	258
1954	3	286
1954	4	264
1954	5	232
1954	6	139
1954	7	160
1954	8	111
1954	9	99
1954	10	111
1954	11	115
1954	12	168
1955	1	307
1955	2	540
1955	3	203
1955	4	1130
1955	5	182
1955	6	123
1955	7	154
1955	8	216
1955	9	112
1955	10	106
1955	11	143
1955	12	277
1956	1	181
1956	2	1099
1956	3	844
1956	4	264
1956	5	124
1956	6	146
1956	7	175
1956	8	148
1956	9	103
1956	10	101
1956	11	107
1956	12	170
1957	1	138
1957	2	202
1957	3	255
1957	4	676
1957	5	273
1957	6	259
1957	7	191
1957	8	122
1957	9	579
1957	10	266
1957	11	876
1957	12	420
1958	1	437
1958	2	650
1958	3	807
1958	4	464
1958	5	374
1958	6	187
1958	7	448
1958	8	366
1958	9	1082
1958	10	191
1958	11	191
1958	12	195
1959	1	359
1959	2	639
1959	3	334
1959	4	600
1959	5	263
1959	6	336
1959	7	180
1959	8	169
1959	9	180
1959	10	212
1959	11	739
1959	12	280
1960	1	451
1960	2	675
1960	3	632
1960	4	533
1960	5	434
1960	6	158
1960	7	149
1960	8	297
1960	9	157
1960	10	189
1960	11	165
1960	12	198
1961	1	583
1961	2	3294
1961	3	1851
1961	4	1052
1961	5	232
1961	6	444
1961	7	250
1961	8	199
1961	9	243
1961	10	172
1961	11	817
1961	12	1707
1962	1	1449
1962	2	439
1962	3	412
1962	4	1254
1962	5	325
1962	6	288
1962	7	192
1962	8	241
1962	9	164
1962	10	169
1962	11	180
1962	12	222
1963	1	436
1963	2	377
1963	3	329
1963	4	162
1963	5	142
1963	6	136
1963	7	166
1963	8	123
1963	9	122
1963	10	107
1963	11	126
1963	12	248
1964	1	526
1964	2	440
1964	3	967
1964	4	945
1964	5	228
1964	6	191
1964	7	203
1964	8	220
1964	9	193
1964	10	504
1964	11	351
1964	12	744
1965	1	496
1965	2	1000
1965	3	504
1965	4	281
1965	5	158
1965	6	164
1965	7	148
1965	8	182
1965	9	136
1965	10	129
1965	11	142
1965	12	226
1966	1	533
1966	2	2163
1966	3	551
1966	4	459
1966	5	422
1966	6	166
1966	7	155
1966	8	181
1966	9	179
1966	10	219
1966	11	207
1966	12	215
1967	1	282
1967	2	368
1967	3	208
1967	4	257
1967	5	452
1967	6	171
1967	7	160
1967	8	121
1967	9	137
1967	10	116
1967	11	123
1967	12	814
1968	1	329
1968	2	202
1968	3	340
1968	4	526
1968	5	200
1968	6	145
1968	7	127
1968	8	152
1968	9	140
1968	10	102
1968	11	136
1968	12	810
1969	1	293
1969	2	431
1969	3	694
1969	4	1099
1969	5	269
1969	6	143
1969	7	165
1969	8	286
1969	9	139
1969	10	145
1969	11	152
1969	12	265
1970	1	304
1970	2	379
1970	3	482
1970	4	255
1970	5	341
1970	6	171
1970	7	160
1970	8	174
1970	9	164
1970	10	362
1970	11	218
1970	12	415
1971	1	398
1971	2	628
1971	3	1055
1971	4	334
1971	5	383
1971	6	189
1971	7	186
1971	8	166
1971	9	232
1971	10	130
1971	11	155
1971	12	1110
1972	1	991
1972	2	724
1972	3	583
1972	4	271
1972	5	329
1972	6	163
1972	7	181
1972	8	153
1972	9	131
1972	10	149
1972	11	191
1972	12	969
1973	1	603
1973	2	612
1973	3	1799
1973	4	1849
1973	5	775
1973	6	298
1973	7	195
1973	8	167
1973	9	210
1973	10	205
1973	11	294
1973	12	1387
1974	1	1344
1974	2	714
1974	3	579
1974	4	3083
1974	5	632
1974	6	327
1974	7	282
1974	8	248
1974	9	483
1974	10	217
1974	11	316
1974	12	499
1975	1	1257
1975	2	1000
1975	3	820
1975	4	770
1975	5	1443
1975	6	362
1975	7	287
1975	8	500
1975	9	253
1975	10	298
1975	11	222
1975	12	302
1976	1	414
1976	2	342
1976	3	909
1976	4	707
1976	5	282
1976	6	245
1976	7	199
1976	8	160
1976	9	155
1976	10	161
1976	11	228
1976	12	341
1977	1	574
1977	2	404
1977	3	817
1977	4	832
1977	5	214
1977	6	178
1977	7	219
1977	8	212
1977	9	260
1977	10	304
1977	11	503
1977	12	530
1978	1	709
1978	2	541
1978	3	328
1978	4	362
1978	5	655
1978	6	270
1978	7	168
1978	8	160
1978	9	141
1978	10	123
1978	11	151
1978	12	225
1979	1	899
1979	2	1255
1979	3	1101
1979	4	1081
1979	5	364
1979	6	232
1979	7	589
1979	8	346
1979	9	666
1979	10	191
1979	11	576
1979	12	494
1980	1	929
1980	2	839
1980	3	2216
1980	4	2340
1980	5	1257
1980	6	301
1980	7	369
1980	8	215
1980	9	236
1980	10	320
1980	11	347
1980	12	290
1981	1	238
1981	2	563
1981	3	617
1981	4	473
1981	5	194
1981	6	173
1981	7	257
1981	8	134
1981	9	195
1981	10	134
1981	11	141
1981	12	293
1982	1	487
1982	2	864
1982	3	344
1982	4	325
1982	5	211
1982	6	142
1982	7	202
1982	8	235
1982	9	124
1982	10	119
1982	11	214
1982	12	939
1983	1	733
1983	2	1444
1983	3	863
1983	4	2157
1983	5	792
1983	6	603
1983	7	308
1983	8	251
1983	9	201
1983	10	158
1983	11	257
1983	12	671
1984	1	449
1984	2	540
1984	3	742
1984	4	560
1984	5	510
1984	6	217
1984	7	238
1984	8	295
1984	9	172
1984	10	519
1984	11	503
1984	12	318
1985	1	383
1985	2	904
1985	3	570
1985	4	331
1985	5	203
1985	6	168
1985	7	195
1985	8	604
1985	9	247
1985	10	840
1985	11	406
1985	12	457
1986	1	382
1986	2	384
1986	3	414
1986	4	208
1986	5	380
1986	6	212
1986	7	180
1986	8	131
1986	9	149
1986	10	177
1986	11	600
1986	12	845
1987	1	1310
1987	2	1370
1987	3	1411
1987	4	361
1987	5	750
1987	6	260
1987	7	172
1987	8	282
1987	9	150
1987	10	147
1987	11	212
1987	12	226
1988	1	326
1988	2	719
1988	3	410
1988	4	496
1988	5	178
1988	6	150
1988	7	163
1988	8	155
1988	9	369
1988	10	256
1988	11	329
1988	12	471
1989	1	821
1989	2	312
1989	3	1052
1989	4	393
1989	5	456
1989	6	567
1989	7	334
1989	8	126
1989	9	134
1989	10	151
1989	11	262
1989	12	618
1990	1	1827
1990	2	1750
1990	3	798
1990	4	515
1990	5	2218
1990	6	468
1990	7	253
1990	8	190
1990	9	155
1990	10	152
1990	11	186
1990	12	219
1991	1	589
1991	2	1373
1991	3	583
1991	4	1099
1991	5	1660
1991	6	603
1991	7	317
1991	8	222
1991	9	247
1991	10	183
1991	11	241
1991	12	327
1992	1	1040
1992	2	1010
1992	3	661
1992	4	391
1992	5	227
1992	6	218
1992	7	196
1992	8	446
1992	9	201
1992	10	193
1992	11	499
1992	12	516
1993	1	1421
1993	2	442
1993	3	880
1993	4	665
1993	5	364
1993	6	317
1993	7	435
1993	8	302
1993	9	202
1993	10	180
1993	11	851
1993	12	528
1994	1	1551
1994	2	825
1994	3	769
1994	4	865
1994	5	388
1994	6	311
1994	7	425
1994	8	212
1994	9	192
1994	10	232
1994	11	244
1994	12	435
1995	1	437
1995	2	307
1995	3	735
1995	4	674
1995	5	334
1995	6	310
1995	7	168
1995	8	169
1995	9	147
1995	10	208
1995	11	243
1995	12	430
1996	1	471
1996	2	421
1996	3	632
1996	4	514
1996	5	190
1996	6	205
1996	7	165
1996	8	160
1996	9	166
1996	10	331
1996	11	206
1996	12	244
1997	1	438
1997	2	778
1997	3	539
1997	4	1378
1997	5	706
1997	6	733
1997	7	349
1997	8	235
1997	9	173
1997	10	201
1997	11	277
1997	12	507
1998	1	1613
1998	2	754
1998	3	1341
1998	4	346
1998	5	218
1998	6	198
1998	7	225
1998	8	170
1998	9	187
1998	10	182
1998	11	191
1998	12	205
1999	1	445
1999	2	451
1999	3	1198
1999	4	207
1999	5	169
1999	6	171
1999	7	133
1999	8	129
1999	9	115
1999	10	194
1999	11	134
1999	12	161
2000	1	254
2000	2	153
2000	3	274
2000	4	361
2000	5	124
2000	6	112
2000	7	96
2000	8	91
2000	9	104
2000	10	99
2000	11	208
2000	12	232
2001	1	547
2001	2	335
2001	3	2049
2001	4	185
2001	5	126
2001	6	652
2001	7	272
2001	8	446
2001	9	804
2001	10	481
2001	11	351
2001	12	573
2002	1	594
2002	2	413
2002	3	525
2002	4	537
2002	5	165
2002	6	164
2002	7	217
2002	8	195
2002	9	362
2002	10	408
2002	11	492
2002	12	562
2003	1	332
2003	2	1418
2003	3	536
2003	4	314
2003	5	188
2003	6	259
2003	7	541
2003	8	227
2003	9	182
2003	10	168
2003	11	297
2003	12	251
2004	1	320
2004	2	1940
2004	3	346
2004	4	213
2004	5	247
2004	6	549
2004	7	500
2004	8	185
2004	9	151
2004	10	150
2004	11	290
2004	12	546
2005	1	349
2005	2	1068
2005	3	609
2005	4	1240
2005	5	244
2005	6	194
2005	7	216
2005	8	571
2005	9	314
2005	10	151
2005	11	191
2005	12	298
2006	1	339
2006	2	677
2006	3	455
2006	4	188
2006	5	174
2006	6	118
2006	7	128
2006	8	117
2006	9	113
2006	10	182
2006	11	298
2006	12	328
2007	1	751
2007	2	324
2007	3	176
2007	4	233
2007	5	127
2007	6	123
2007	7	255
2007	8	148
2007	9	174
2007	10	114
2007	11	108
2007	12	155
2008	1	397
2008	2	488
2008	3	410
2008	4	202
2008	5	193
2008	6	111
2008	7	113
2008	8	143
2008	9	344
2008	10	108
2008	11	150
2008	12	381
2009	1	412
2009	2	302
2009	3	1166
2009	4	933
2009	5	635
2009	6	139
2009	7	124
2009	8	126
2009	9	201
2009	10	204
2009	11	148
2009	12	1494
2010	1	550
2010	2	930
2010	3	506
2010	4	231
2010	5	194
2010	6	153
2010	7	164
2010	8	227
2010	9	109
2010	10	92
2010	11	137
2010	12	135
2011	1	217
2011	2	243
2011	3	1091
2011	4	203
2011	5	119
2011	6	99
2011	7	146
2011	8	106
2011	9	405
2011	10	99
2011	11	115
2011	12	306
2012	1	522
2012	2	758
2012	3	1168
2012	4	412
2012	5	142
2012	6	117
2012	7	161
2012	8	759
2012	9	587
2012	10	202
2012	11	155
2012	12	547
2013	1	1062
2013	2	2010
2013	3	393
2013	4	528
2013	5	510
2013	6	223
2013	7	228
2013	8	180
2013	9	249
2013	10	142
2013	11	176
2013	12	429
2014	1	246
2014	2	1012
2014	3	756
2014	4	939
2014	5	357
2014	6	308
2014	7	167
2014	8	151
2014	9	169
2014	10	147
2014	11	170
2014	12	479
2015	1	806
2015	2	295
2015	3	458
2015	4	299
2015	5	216
2015	6	227
2015	7	144
2015	8	118
2015	9	104
