1940	1	1579
1940	2	9584
1940	3	3910
1940	4	6220
1940	5	7430
1940	6	3348
1940	7	14390
1940	8	1903
1940	9	867
1940	10	582
1940	11	972
1940	12	4918
1941	1	3204
1941	2	3388
1941	3	6835
1941	4	4082
1941	5	1350
1941	6	708
1941	7	3108
1941	8	1389
1941	9	753
1941	10	396
1941	11	610
1941	12	4473
1942	1	4713
1942	2	4313
1942	3	11213
1942	4	5219
1942	5	2005
1942	6	1283
1942	7	964
1942	8	1452
1942	9	1198
1942	10	784
1942	11	999
1942	12	3037
1943	1	6509
1943	2	4426
1943	3	12640
1943	4	6930
1943	5	1699
1943	6	942
1943	7	768
1943	8	589
1943	9	603
1943	10	352
1943	11	979
1943	12	1097
1944	1	3105
1944	2	5333
1944	3	11495
1944	4	16801
1944	5	11195
1944	6	1453
1944	7	1070
1944	8	2759
1944	9	1503
1944	10	620
1944	11	1165
1944	12	3925
1945	1	5482
1945	2	8305
1945	3	10158
1945	4	8004
1945	5	5686
1945	6	1668
1945	7	1462
1945	8	1014
1945	9	462
1945	10	757
1945	11	908
1945	12	2859
1946	1	7972
1946	2	10331
1946	3	11168
1946	4	3975
1946	5	6992
1946	6	3872
1946	7	3626
1946	8	6439
1946	9	1785
1946	10	844
1946	11	2141
1946	12	2511
1947	1	15959
1947	2	5068
1947	3	9465
1947	4	14365
1947	5	6618
1947	6	3147
1947	7	1590
1947	8	849
1947	9	845
1947	10	508
1947	11	2843
1947	12	6346
1948	1	3443
1948	2	9767
1948	3	18241
1948	4	7785
1948	5	2040
1948	6	927
1948	7	1071
1948	8	1390
1948	9	1546
1948	10	1185
1948	11	8146
1948	12	14221
1949	1	8888
1949	2	14176
1949	3	9524
1949	4	13172
1949	5	7638
1949	6	4782
1949	7	4757
1949	8	2513
1949	9	4117
1949	10	1104
1949	11	986
1949	12	2328
1950	1	7511
1950	2	8867
1950	3	7442
1950	4	2931
1950	5	4480
1950	6	1061
1950	7	2041
1950	8	1649
1950	9	2078
1950	10	712
1950	11	883
1950	12	2782
1951	1	3824
1951	2	7675
1951	3	7140
1951	4	14665
1951	5	1626
1951	6	1131
1951	7	779
1951	8	457
1951	9	608
1951	10	419
1951	11	495
1951	12	2276
1952	1	1923
1952	2	3172
1952	3	5216
1952	4	3275
1952	5	2675
1952	6	853
1952	7	471
1952	8	521
1952	9	378
1952	10	226
1952	11	380
1952	12	1016
1953	1	3566
1953	2	6377
1953	3	9008
1953	4	4854
1953	5	10471
1953	6	1040
1953	7	1879
1953	8	840
1953	9	513
1953	10	296
1953	11	443
1953	12	7903
1954	1	3298
1954	2	3318
1954	3	3252
1954	4	5739
1954	5	1939
1954	6	787
1954	7	1014
1954	8	336
1954	9	235
1954	10	245
1954	11	326
1954	12	515
1955	1	2051
1955	2	3933
1955	3	1782
1955	4	6383
1955	5	1425
1955	6	682
1955	7	997
1955	8	1549
1955	9	389
1955	10	283
1955	11	386
1955	12	959
1956	1	762
1956	2	7815
1956	3	9444
1956	4	5723
1956	5	1156
1956	6	844
1956	7	1575
1956	8	473
1956	9	305
1956	10	297
1956	11	275
1956	12	1049
1957	1	957
1957	2	1536
1957	3	1830
1957	4	4699
1957	5	1843
1957	6	748
1957	7	800
1957	8	375
1957	9	3333
1957	10	3737
1957	11	7347
1957	12	5004
1958	1	4603
1958	2	6476
1958	3	10549
1958	4	4274
1958	5	6903
1958	6	2001
1958	7	6546
1958	8	2942
1958	9	2455
1958	10	1305
1958	11	912
1958	12	1383
1959	1	3063
1959	2	6199
1959	3	4156
1959	4	4706
1959	5	1981
1959	6	5732
1959	7	2311
1959	8	1577
1959	9	1505
1959	10	3072
1959	11	3673
1959	12	2412
1960	1	4372
1960	2	8343
1960	3	8183
1960	4	6908
1960	5	5566
1960	6	855
1960	7	674
1960	8	1386
1960	9	1087
1960	10	1004
1960	11	1469
1960	12	1231
1961	1	3277
1961	2	16672
1961	3	19887
1961	4	15894
1961	5	2024
1961	6	3678
1961	7	4545
1961	8	2032
1961	9	1353
1961	10	715
1961	11	2864
1961	12	18993
1962	1	12361
1962	2	6662
1962	3	4944
1962	4	9897
1962	5	4035
1962	6	1548
1962	7	677
1962	8	615
1962	9	444
1962	10	626
1962	11	718
1962	12	734
1963	1	3314
1963	2	3694
1963	3	4266
1963	4	1164
1963	5	555
1963	6	585
1963	7	490
1963	8	458
1963	9	285
1963	10	181
1963	11	239
1963	12	733
1964	1	2422
1964	2	2914
1964	3	10203
1964	4	15186
1964	5	6185
1964	6	1036
1964	7	1496
1964	8	970
1964	9	444
1964	10	1735
1964	11	1247
1964	12	6869
1965	1	6398
1965	2	9866
1965	3	6920
1965	4	3066
1965	5	889
1965	6	936
1965	7	956
1965	8	1191
1965	9	750
1965	10	773
1965	11	463
1965	12	1427
1966	1	4036
1966	2	17848
1966	3	9075
1966	4	3745
1966	5	6212
1966	6	1545
1966	7	885
1966	8	1249
1966	9	662
1966	10	770
1966	11	1016
1966	12	1658
1967	1	3545
1967	2	3876
1967	3	2062
1967	4	1351
1967	5	2923
1967	6	788
1967	7	879
1967	8	873
1967	9	606
1967	10	415
1967	11	739
1967	12	7680
1968	1	6170
1968	2	2277
1968	3	4029
1968	4	4852
1968	5	2276
1968	6	718
1968	7	476
1968	8	563
1968	9	505
1968	10	338
1968	11	527
1968	12	4129
1969	1	3984
1969	2	3892
1969	3	5932
1969	4	13058
1969	5	3667
1969	6	772
1969	7	851
1969	8	1065
1969	9	674
1969	10	428
1969	11	480
1969	12	1547
1970	1	2899
1970	2	2850
1970	3	6442
1970	4	3723
1970	5	2094
1970	6	699
1970	7	1268
1970	8	1406
1970	9	586
1970	10	1971
1970	11	1340
1970	12	2179
1971	1	4616
1971	2	7472
1971	3	17403
1971	4	5971
1971	5	6579
1971	6	1275
1971	7	1427
1971	8	2037
1971	9	1994
1971	10	869
1971	11	774
1971	12	9190
1972	1	12382
1972	2	9891
1972	3	7077
1972	4	2913
1972	5	3924
1972	6	787
1972	7	806
1972	8	480
1972	9	344
1972	10	468
1972	11	872
1972	12	4251
1973	1	6631
1973	2	6606
1973	3	11524
1973	4	16063
1973	5	9068
1973	6	4337
1973	7	2072
1973	8	1914
1973	9	1915
1973	10	1146
1973	11	1255
1973	12	5189
1974	1	16148
1974	2	10310
1974	3	5331
1974	4	17380
1974	5	3452
1974	6	3414
1974	7	1038
1974	8	1350
1974	9	5075
1974	10	1190
1974	11	2202
1974	12	5909
1975	1	14478
1975	2	10445
1975	3	8802
1975	4	8746
1975	5	7864
1975	6	4143
1975	7	2501
1975	8	3783
1975	9	2242
1975	10	4144
1975	11	2089
1975	12	3403
1976	1	5949
1976	2	3368
1976	3	9210
1976	4	12936
1976	5	4230
1976	6	1970
1976	7	1049
1976	8	658
1976	9	731
1976	10	571
1976	11	1289
1976	12	3464
1977	1	6816
1977	2	3870
1977	3	14385
1977	4	12182
1977	5	3174
1977	6	779
1977	7	1000
1977	8	1470
1977	9	2613
1977	10	2079
1977	11	5363
1977	12	4914
1978	1	6987
1978	2	5898
1978	3	4085
1978	4	3148
1978	5	6959
1978	6	3149
1978	7	1053
1978	8	929
1978	9	569
1978	10	373
1978	11	422
1978	12	1232
1979	1	6544
1979	2	10838
1979	3	19362
1979	4	17857
1979	5	3644
1979	6	2303
1979	7	3617
1979	8	1491
1979	9	6114
1979	10	1300
1979	11	6313
1979	12	5865
1980	1	9156
1980	2	7366
1980	3	12790
1980	4	26650
1980	5	14562
1980	6	3322
1980	7	1655
1980	8	1098
1980	9	765
1980	10	1222
1980	11	1825
1980	12	1725
1981	1	1091
1981	2	6322
1981	3	5029
1981	4	7544
1981	5	1711
1981	6	1421
1981	7	756
1981	8	472
1981	9	683
1981	10	428
1981	11	442
1981	12	1246
1982	1	3699
1982	2	8982
1982	3	4070
1982	4	4828
1982	5	1709
1982	6	858
1982	7	1653
1982	8	2918
1982	9	649
1982	10	635
1982	11	1712
1982	12	9742
1983	1	7151
1983	2	16077
1983	3	14365
1983	4	20313
1983	5	8540
1983	6	4572
1983	7	3489
1983	8	1364
1983	9	1052
1983	10	817
1983	11	2404
1983	12	6496
1984	1	6442
1984	2	5530
1984	3	7448
1984	4	5602
1984	5	3349
1984	6	910
1984	7	1321
1984	8	1860
1984	9	785
1984	10	2619
1984	11	2373
1984	12	3347
1985	1	2528
1985	2	7590
1985	3	5877
1985	4	2883
1985	5	1751
1985	6	577
1985	7	876
1985	8	1374
1985	9	1057
1985	10	2902
1985	11	4294
1985	12	4050
1986	1	3435
1986	2	3471
1986	3	3367
1986	4	1420
1986	5	1304
1986	6	1474
1986	7	719
1986	8	556
1986	9	661
1986	10	643
1986	11	4270
1986	12	7889
1987	1	11901
1987	2	10893
1987	3	13926
1987	4	3210
1987	5	2519
1987	6	1868
1987	7	1304
1987	8	1080
1987	9	570
1987	10	381
1987	11	618
1987	12	936
1988	1	2214
1988	2	3961
1988	3	3094
1988	4	5560
1988	5	1002
1988	6	516
1988	7	773
1988	8	666
1988	9	3039
1988	10	1578
1988	11	3427
1988	12	2826
1989	1	6986
1989	2	3251
1989	3	7054
1989	4	7702
1989	5	4697
1989	6	4690
1989	7	7312
1989	8	1670
1989	9	794
1989	10	1668
1989	11	3729
1989	12	7117
1990	1	14130
1990	2	23446
1990	3	14545
1990	4	6874
1990	5	5532
1990	6	2080
1990	7	1025
1990	8	714
1990	9	470
1990	10	400
1990	11	660
1990	12	1360
1991	1	4137
1991	2	8308
1991	3	8879
1991	4	7726
1991	5	18305
1991	6	6774
1991	7	2097
1991	8	1234
1991	9	1087
1991	10	742
1991	11	2317
1991	12	3138
1992	1	7936
1992	2	9516
1992	3	5199
1992	4	4232
1992	5	1151
1992	6	2022
1992	7	918
1992	8	1308
1992	9	1122
1992	10	535
1992	11	4487
1992	12	6566
1993	1	13640
1993	2	5407
1993	3	8389
1993	4	7467
1993	5	3459
1993	6	1572
1993	7	3009
1993	8	946
1993	9	668
1993	10	612
1993	11	3929
1993	12	3107
1994	1	4748
1994	2	13470
1994	3	9758
1994	4	8092
1994	5	1917
1994	6	1539
1994	7	3198
1994	8	964
1994	9	620
1994	10	829
1994	11	953
1994	12	4225
1995	1	4306
1995	2	4240
1995	3	9842
1995	4	6012
1995	5	2331
1995	6	2029
1995	7	603
1995	8	1311
1995	9	459
1995	10	1219
1995	11	2828
1995	12	6053
1996	1	4743
1996	2	7900
1996	3	9489
1996	4	6453
1996	5	1492
1996	6	1279
1996	7	899
1996	8	1089
1996	9	1222
1996	10	748
1996	11	1086
1996	12	2210
1997	1	3875
1997	2	7105
1997	3	5426
1997	4	4580
1997	5	7281
1997	6	6243
1997	7	2775
1997	8	1338
1997	9	576
1997	10	819
1997	11	1891
1997	12	4240
1998	1	18124
1998	2	9073
1998	3	11795
1998	4	4375
1998	5	1650
1998	6	1362
1998	7	1190
1998	8	686
1998	9	1887
1998	10	1958
1998	11	903
1998	12	1153
1999	1	3752
1999	2	9901
1999	3	8209
1999	4	2431
1999	5	998
1999	6	1097
1999	7	881
1999	8	453
1999	9	335
1999	10	1419
1999	11	446
1999	12	904
2000	1	2612
2000	2	1121
2000	3	2627
2000	4	3920
2000	5	707
2000	6	463
2000	7	299
2000	8	277
2000	9	217
2000	10	197
2000	11	789
2000	12	1049
2001	1	3054
2001	2	3623
2001	3	15282
2001	4	4910
2001	5	995
2001	6	3015
2001	7	839
2001	8	1330
2001	9	5397
2001	10	4092
2001	11	1487
2001	12	8053
2002	1	6848
2002	2	6254
2002	3	6119
2002	4	3210
2002	5	852
2002	6	773
2002	7	950
2002	8	518
2002	9	2227
2002	10	5195
2002	11	7295
2002	12	9356
2003	1	7021
2003	2	9138
2003	3	10621
2003	4	9443
2003	5	6606
2003	6	6458
2003	7	12732
2003	8	4100
2003	9	1969
2003	10	1608
2003	11	1558
2003	12	2628
2004	1	4762
2004	2	13521
2004	3	6460
2004	4	1871
2004	5	2468
2004	6	3422
2004	7	3845
2004	8	1400
2004	9	1548
2004	10	1230
2004	11	4136
2004	12	7012
2005	1	3755
2005	2	11181
2005	3	5298
2005	4	13432
2005	5	2384
2005	6	3593
2005	7	4365
2005	8	2121
2005	9	3924
2005	10	1519
2005	11	985
2005	12	2019
2006	1	2925
2006	2	7068
2006	3	6765
2006	4	1888
2006	5	3512
2006	6	713
2006	7	501
2006	8	569
2006	9	410
2006	10	660
2006	11	1575
2006	12	2005
2007	1	5342
2007	2	2848
2007	3	1371
2007	4	1723
2007	5	719
2007	6	614
2007	7	1226
2007	8	402
2007	9	383
2007	10	635
2007	11	391
2007	12	734
2008	1	1883
2008	2	5286
2008	3	4459
2008	4	2500
2008	5	2254
2008	6	809
2008	7	494
2008	8	1408
2008	9	2554
2008	10	740
2008	11	643
2008	12	4581
2009	1	4055
2009	2	2890
2009	3	6722
2009	4	10956
2009	5	6086
2009	6	1771
2009	7	598
2009	8	769
2009	9	2220
2009	10	2212
2009	11	2481
2009	12	13736
2010	1	7243
2010	2	11379
2010	3	7857
2010	4	3175
2010	5	2893
2010	6	1131
2010	7	819
2010	8	696
2010	9	394
2010	10	292
2010	11	596
2010	12	735
2011	1	1400
2011	2	2582
2011	3	12308
2011	4	4194
2011	5	1284
2011	6	448
2011	7	1052
2011	8	634
2011	9	2242
2011	10	534
2011	11	586
2011	12	1730
2012	1	4319
2012	2	7655
2012	3	11163
2012	4	3119
2012	5	1522
2012	6	1181
2012	7	2357
2012	8	2731
2012	9	7863
2012	10	2100
2012	11	1026
2012	12	4718
2013	1	13722
2013	2	20467
2013	3	8423
2013	4	6938
2013	5	9164
2013	6	2734
2013	7	3187
2013	8	1971
2013	9	834
2013	10	950
2013	11	1738
2013	12	5750
2014	1	3663
2014	2	8856
2014	3	6836
2014	4	19719
2014	5	7551
2014	6	2426
2014	7	1761
2014	8	1009
2014	9	743
2014	10	566
2014	11	736
2014	12	2300
2015	1	7926
2015	2	3234
2015	3	9491
2015	4	6180
2015	5	1483
2015	6	1394
2015	7	1451
2015	8	558
2015	9	358
