1940	1	6566
1940	2	12618
1940	3	24188
1940	4	66136
1940	5	15472
1940	6	14098
1940	7	6213
1940	8	1868
1940	9	3435
1940	10	2284
1940	11	8113
1940	12	30582
1941	1	18274
1941	2	8527
1941	3	19683
1941	4	23828
1941	5	4860
1941	6	7640
1941	7	3405
1941	8	4300
1941	9	1822
1941	10	2959
1941	11	5845
1941	12	9898
1942	1	11161
1942	2	18240
1942	3	48110
1942	4	28507
1942	5	15789
1942	6	6386
1942	7	11522
1942	8	4740
1942	9	7016
1942	10	14329
1942	11	26560
1942	12	25650
1943	1	33361
1943	2	30257
1943	3	30815
1943	4	26533
1943	5	40516
1943	6	18052
1943	7	4616
1943	8	3878
1943	9	1643
1943	10	2970
1943	11	8402
1943	12	5463
1944	1	8356
1944	2	15346
1944	3	33948
1944	4	32493
1944	5	21651
1944	6	9339
1944	7	2937
1944	8	1351
1944	9	2107
1944	10	3480
1944	11	4459
1944	12	10275
1945	1	9742
1945	2	24291
1945	3	68745
1945	4	28043
1945	5	22550
1945	6	13744
1945	7	6944
1945	8	4064
1945	9	8781
1945	10	24934
1945	11	23566
1945	12	14446
1946	1	22624
1946	2	12985
1946	3	28806
1946	4	6585
1946	5	25523
1946	6	29720
1946	7	6360
1946	8	2897
1946	9	1249
1946	10	3850
1946	11	4971
1946	12	11808
1947	1	32241
1947	2	15580
1947	3	22415
1947	4	48280
1947	5	34764
1947	6	24287
1947	7	6020
1947	8	3574
1947	9	3822
1947	10	1660
1947	11	4637
1947	12	12889
1948	1	8299
1948	2	24694
1948	3	41688
1948	4	38346
1948	5	20951
1948	6	10035
1948	7	6396
1948	8	4803
1948	9	1340
1948	10	3283
1948	11	7254
1948	12	14119
1949	1	31796
1949	2	23121
1949	3	19953
1949	4	24963
1949	5	15216
1949	6	3995
1949	7	3397
1949	8	2757
1949	9	2672
1949	10	1837
1949	11	2945
1949	12	15990
1950	1	40374
1950	2	29939
1950	3	35469
1950	4	35993
1950	5	17011
1950	6	10256
1950	7	5922
1950	8	3841
1950	9	6521
1950	10	6709
1950	11	30624
1950	12	32327
1951	1	36796
1951	2	36214
1951	3	35096
1951	4	34430
1951	5	12115
1951	6	11182
1951	7	8435
1951	8	1720
1951	9	1605
1951	10	1442
1951	11	11187
1951	12	19418
1952	1	55809
1952	2	27782
1952	3	32554
1952	4	24656
1952	5	26757
1952	6	5500
1952	7	1778
1952	8	1745
1952	9	1808
1952	10	1593
1952	11	4949
1952	12	12754
1953	1	16208
1953	2	18120
1953	3	27019
1953	4	22713
1953	5	32861
1953	6	19599
1953	7	2576
1953	8	3350
1953	9	2528
1953	10	1563
1953	11	2333
1953	12	8843
1954	1	13264
1954	2	20599
1954	3	28835
1954	4	34123
1954	5	16234
1954	6	7805
1954	7	2274
1954	8	1471
1954	9	1586
1954	10	17420
1954	11	8737
1954	12	22120
1955	1	22285
1955	2	18817
1955	3	45883
1955	4	20229
1955	5	8158
1955	6	5648
1955	7	2529
1955	8	2666
1955	9	1311
1955	10	10192
1955	11	20499
1955	12	14958
1956	1	5560
1956	2	28473
1956	3	48241
1956	4	39866
1956	5	34300
1956	6	14270
1956	7	15237
1956	8	18971
1956	9	15418
1956	10	5101
1956	11	6346
1956	12	24060
1957	1	21344
1957	2	17826
1957	3	19777
1957	4	44373
1957	5	14524
1957	6	6861
1957	7	5863
1957	8	1542
1957	9	1370
1957	10	1399
1957	11	3089
1957	12	20816
1958	1	8864
1958	2	6372
1958	3	23354
1958	4	30273
1958	5	23366
1958	6	13213
1958	7	18367
1958	8	9564
1958	9	10620
1958	10	6374
1958	11	12947
1958	12	10179
1959	1	33760
1959	2	37042
1959	3	30803
1959	4	30051
1959	5	16920
1959	6	6874
1959	7	4787
1959	8	2272
1959	9	1521
1959	10	9100
1959	11	20700
1959	12	30551
1960	1	26812
1960	2	21862
1960	3	13357
1960	4	34777
1960	5	23555
1960	6	15025
1960	7	4296
1960	8	2756
1960	9	1677
1960	10	1112
1960	11	1971
1960	12	1636
1961	1	2751
1961	2	24776
1961	3	36177
1961	4	39893
1961	5	21162
1961	6	13703
1961	7	4510
1961	8	4082
1961	9	2472
1961	10	1860
1961	11	9796
1961	12	10933
1962	1	16053
1962	2	11653
1962	3	27895
1962	4	32176
1962	5	10299
1962	6	6055
1962	7	1546
1962	8	1371
1962	9	1375
1962	10	4548
1962	11	9476
1962	12	4795
1963	1	7740
1963	2	4688
1963	3	45958
1963	4	27063
1963	5	9728
1963	6	5375
1963	7	2191
1963	8	1807
1963	9	1579
1963	10	928
1963	11	3896
1963	12	7664
1964	1	17529
1964	2	8555
1964	3	57330
1964	4	34086
1964	5	11523
1964	6	4282
1964	7	3975
1964	8	5705
1964	9	1780
1964	10	1490
1964	11	2899
1964	12	19434
1965	1	27656
1965	2	28322
1965	3	26787
1965	4	28096
1965	5	14233
1965	6	5558
1965	7	2121
1965	8	1739
1965	9	2968
1965	10	4603
1965	11	16596
1965	12	16650
1966	1	16273
1966	2	26502
1966	3	29058
1966	4	22306
1966	5	23351
1966	6	5060
1966	7	1511
1966	8	1750
1966	9	1746
1966	10	1814
1966	11	9331
1966	12	24524
1967	1	9634
1967	2	14721
1967	3	25698
1967	4	24823
1967	5	24314
1967	6	5185
1967	7	8242
1967	8	8334
1967	9	8605
1967	10	23270
1967	11	24616
1967	12	22790
1968	1	16088
1968	2	23003
1968	3	19843
1968	4	13972
1968	5	18645
1968	6	8064
1968	7	5194
1968	8	3738
1968	9	3875
1968	10	5094
1968	11	16056
1968	12	25906
1969	1	24505
1969	2	23117
1969	3	8342
1969	4	32343
1969	5	18641
1969	6	6053
1969	7	7752
1969	8	4640
1969	9	3326
1969	10	3818
1969	11	9472
1969	12	19081
1970	1	12724
1970	2	25028
1970	3	21252
1970	4	36313
1970	5	18590
1970	6	6285
1970	7	8081
1970	8	5594
1970	9	9487
1970	10	19798
1970	11	32933
1970	12	30267
1971	1	13685
1971	2	23136
1971	3	34961
1971	4	18606
1971	5	13174
1971	6	6525
1971	7	3513
1971	8	2895
1971	9	4134
1971	10	3703
1971	11	5469
1971	12	25864
1972	1	27151
1972	2	10852
1972	3	46558
1972	4	28243
1972	5	16819
1972	6	35326
1972	7	28198
1972	8	4418
1972	9	4733
1972	10	8589
1972	11	23865
1972	12	36922
1973	1	17440
1973	2	17166
1973	3	35576
1973	4	18863
1973	5	20990
1973	6	13810
1973	7	4462
1973	8	4929
1973	9	3568
1973	10	7066
1973	11	13896
1973	12	21348
1974	1	29538
1974	2	18879
1974	3	33670
1974	4	30143
1974	5	22078
1974	6	6431
1974	7	9902
1974	8	4027
1974	9	8976
1974	10	6948
1974	11	20399
1974	12	23758
1975	1	24209
1975	2	32196
1975	3	35574
1975	4	18450
1975	5	15110
1975	6	25000
1975	7	4834
1975	8	5196
1975	9	14802
1975	10	17210
1975	11	12640
1975	12	24570
1976	1	21018
1976	2	44293
1976	3	38567
1976	4	13852
1976	5	11345
1976	6	7808
1976	7	7697
1976	8	7187
1976	9	5570
1976	10	14593
1976	11	12868
1976	12	12753
1977	1	6447
1977	2	16226
1977	3	44858
1977	4	27252
1977	5	10035
1977	6	4390
1977	7	15388
1977	8	19246
1977	9	22163
1977	10	23503
1977	11	25199
1977	12	42638
1978	1	23148
1978	2	10911
1978	3	26104
1978	4	31670
1978	5	23081
1978	6	8714
1978	7	4734
1978	8	4660
1978	9	4793
1978	10	8938
1978	11	10082
1978	12	22477
1979	1	31345
1979	2	13741
1979	3	41800
1979	4	36230
1979	5	13170
1979	6	7024
1979	7	4944
1979	8	7185
1979	9	11134
1979	10	16905
1979	11	15956
1979	12	22319
1980	1	17934
1980	2	8025
1980	3	25910
1980	4	36384
1980	5	11643
1980	6	13360
1980	7	9020
1980	8	17460
1980	9	5932
1980	10	9047
1980	11	13572
1980	12	17274
1981	1	10682
1981	2	39321
1981	3	22767
1981	4	25163
1981	5	22556
1981	6	20117
1981	7	7251
1981	8	6781
1981	9	9595
1981	10	17576
1981	11	20585
1981	12	21283
1982	1	16790
1982	2	24328
1982	3	34412
1982	4	24247
1982	5	11637
1982	6	22025
1982	7	8522
1982	8	4119
1982	9	3724
1982	10	3707
1982	11	14533
1982	12	22612
1983	1	19611
1983	2	14984
1983	3	20260
1983	4	21976
1983	5	28464
1983	6	12810
1983	7	7275
1983	8	5561
1983	9	3185
1983	10	4297
1983	11	14974
1983	12	32309
1984	1	9821
1984	2	34427
1984	3	27016
1984	4	29270
1984	5	34580
1984	6	27016
1984	7	13953
1984	8	12910
1984	9	6072
1984	10	5424
1984	11	20282
1984	12	23725
1985	1	15673
1985	2	21660
1985	3	44809
1985	4	22621
1985	5	5011
1985	6	7179
1985	7	7448
1985	8	4162
1985	9	4732
1985	10	5230
1985	11	37829
1985	12	26039
1986	1	21928
1986	2	33100
1986	3	21336
1986	4	16542
1986	5	7869
1986	6	26190
1986	7	16076
1986	8	6446
1986	9	5613
1986	10	18115
1986	11	16977
1986	12	32193
1987	1	10840
1987	2	6733
1987	3	20181
1987	4	33603
1987	5	11703
1987	6	9858
1987	7	19016
1987	8	6140
1987	9	20032
1987	10	13300
1987	11	12913
1987	12	27106
1988	1	11834
1988	2	22535
1988	3	18858
1988	4	19121
1988	5	17000
1988	6	4373
1988	7	3474
1988	8	3216
1988	9	4076
1988	10	6912
1988	11	15880
1988	12	12590
1989	1	15967
1989	2	18184
1989	3	17191
1989	4	30086
1989	5	34061
1989	6	40226
1989	7	12147
1989	8	3611
1989	9	4750
1989	10	6269
1989	11	14250
1989	12	10558
1990	1	29916
1990	2	45021
1990	3	17609
1990	4	24145
1990	5	23965
1990	6	8435
1990	7	15998
1990	8	6518
1990	9	20827
1990	10	31748
1990	11	19233
1990	12	37093
1991	1	33696
1991	2	28164
1991	3	32822
1991	4	17302
1991	5	10261
1991	6	3182
1991	7	3374
1991	8	2783
1991	9	2992
1991	10	3088
1991	11	3035
1991	12	8167
1992	1	13928
1992	2	16665
1992	3	20977
1992	4	30946
1992	5	12090
1992	6	3568
1992	7	18460
1992	8	16462
1992	9	18063
1992	10	16154
1992	11	32423
1992	12	22354
1993	1	41158
1993	2	9136
1993	3	27766
1993	4	39070
1993	5	9194
1993	6	6254
1993	7	3373
1993	8	3208
1993	9	6375
1993	10	9499
1993	11	28153
1993	12	24119
1994	1	9576
1994	2	17342
1994	3	41470
1994	4	49993
1994	5	14418
1994	6	17274
1994	7	8232
1994	8	18512
1994	9	6806
1994	10	9253
1994	11	21436
1994	12	26072
1995	1	20590
1995	2	9713
1995	3	21074
1995	4	17318
1995	5	13023
1995	6	10166
1995	7	3963
1995	8	3020
1995	9	2945
1995	10	5145
1995	11	17556
1995	12	14392
1996	1	29353
1996	2	27079
1996	3	29035
1996	4	20337
1996	5	37640
1996	6	15397
1996	7	13334
1996	8	6040
1996	9	17500
1996	10	22986
1996	11	32756
1996	12	30825
1997	1	16511
1997	2	28175
1997	3	40977
1997	4	16231
1997	5	19222
1997	6	16101
1997	7	5910
1997	8	4372
1997	9	3937
1997	10	6607
1997	11	18257
1997	12	21541
1998	1	38409
1998	2	15598
1998	3	20680
1998	4	30246
1998	5	18623
1998	6	5309
1998	7	4374
1998	8	3417
1998	9	3034
1998	10	3400
1998	11	3319
1998	12	4781
1999	1	19380
1999	2	24688
1999	3	17112
1999	4	27213
1999	5	10232
1999	6	3380
1999	7	3217
1999	8	2917
1999	9	2623
1999	10	3606
1999	11	9271
1999	12	16224
2000	1	15510
2000	2	16430
2000	3	17067
2000	4	30306
2000	5	15226
2000	6	13665
2000	7	5268
2000	8	9104
2000	9	4589
2000	10	8606
2000	11	6876
2000	12	18297
2001	1	6786
2001	2	24510
2001	3	17416
2001	4	24826
2001	5	8656
2001	6	6908
2001	7	3547
2001	8	3111
2001	9	3185
2001	10	4218
2001	11	5493
2001	12	18094
2002	1	10782
2002	2	25435
2002	3	18112
2002	4	29586
2002	5	36919
2002	6	18290
2002	7	4701
2002	8	3900
2002	9	3796
2002	10	3944
2002	11	11165
2002	12	18346
2003	1	16065
2003	2	11843
2003	3	32054
2003	4	23575
2003	5	15189
2003	6	18276
2003	7	20057
2003	8	18696
2003	9	15617
2003	10	16972
2003	11	26756
2003	12	31222
2004	1	23495
2004	2	12339
2004	3	39922
2004	4	28726
2004	5	32441
2004	6	12444
2004	7	14004
2004	8	14467
2004	9	40247
2004	10	8046
2004	11	12294
2004	12	29774
2005	1	45390
2005	2	21863
2005	3	18409
2005	4	28823
2005	5	10282
2005	6	4597
2005	7	4168
2005	8	2778
2005	9	5264
2005	10	7229
2005	11	15639
2005	12	19893
2006	1	27267
2006	2	19725
2006	3	16489
2006	4	12102
2006	5	11264
2006	6	8793
2006	7	14567
2006	8	9963
2006	9	20273
2006	10	35745
2006	11	33390
2006	12	20774
2007	1	40190
2007	2	7363
2007	3	42123
2007	4	26256
2007	5	12515
2007	6	4752
2007	7	3195
2007	8	5707
2007	9	3743
2007	10	5227
2007	11	14369
2007	12	36267
2008	1	23195
2008	2	36562
2008	3	39812
2008	4	24981
2008	5	13766
2008	6	6260
2008	7	9617
2008	8	5194
2008	9	3732
2008	10	4872
2008	11	8240
2008	12	29567
2009	1	14697
2009	2	29324
2009	3	30509
2009	4	18102
2009	5	11430
2009	6	10598
2009	7	9443
2009	8	15272
2009	9	5157
2009	10	10540
2009	11	12240
2009	12	21016
2010	1	20845
2010	2	12541
2010	3	21563
2010	4	9846
2010	5	17260
2010	6	10210
2010	7	5540
2010	8	4490
2010	9	4377
2010	10	6784
2010	11	12017
2010	12	30857
2011	1	14362
2011	2	17590
2011	3	63577
2011	4	48410
2011	5	36861
2011	6	9579
2011	7	3558
2011	8	3382
2011	9	6186
2011	10	12957
2011	11	20482
2011	12	28119
2012	1	32312
2012	2	18472
2012	3	22577
2012	4	8056
2012	5	13930
2012	6	5605
2012	7	4040
2012	8	3641
2012	9	4261
2012	10	6230
2012	11	14017
2012	12	25415
2013	1	20801
2013	2	21681
2013	3	16572
2013	4	25950
2013	5	8967
2013	6	18837
2013	7	14332
2013	8	4778
2013	9	4939
2013	10	7470
2013	11	17306
2013	12	28301
2014	1	23810
2014	2	11341
2014	3	19753
2014	4	28113
2014	5	33670
2014	6	22900
2014	7	14235
2014	8	12516
2014	9	6380
2014	10	8348
2014	11	11700
2014	12	19483
2015	1	14357
2015	2	1613
2015	3	9690
2015	4	33700
2015	5	9463
2015	6	22903
2015	7	17759
2015	8	3717
2015	9	4048
