1940	1	137
1940	2	325
1940	3	1057
1940	4	1619
1940	5	145
1940	6	555
1940	7	179
1940	8	72
1940	9	16
1940	10	19
1940	11	200
1940	12	596
1941	1	490
1941	2	309
1941	3	666
1941	4	384
1941	5	46
1941	6	218
1941	7	20
1941	8	45
1941	9	118
1941	10	105
1941	11	231
1941	12	301
1942	1	295
1942	2	554
1942	3	952
1942	4	858
1942	5	186
1942	6	370
1942	7	44
1942	8	25
1942	9	17
1942	10	160
1942	11	788
1942	12	533
1943	1	1602
1943	2	616
1943	3	724
1943	4	640
1943	5	865
1943	6	380
1943	7	164
1943	8	47
1943	9	13
1943	10	14
1943	11	146
1943	12	38
1944	1	316
1944	2	351
1944	3	1271
1944	4	775
1944	5	592
1944	6	392
1944	7	55
1944	8	27
1944	9	47
1944	10	139
1944	11	296
1944	12	540
1945	1	734
1945	2	1018
1945	3	2107
1945	4	795
1945	5	598
1945	6	213
1945	7	34
1945	8	27
1945	9	723
1945	10	484
1945	11	902
1945	12	334
1946	1	585
1946	2	325
1946	3	858
1946	4	163
1946	5	263
1946	6	1349
1946	7	227
1946	8	227
1946	9	48
1946	10	216
1946	11	108
1946	12	347
1947	1	762
1947	2	294
1947	3	522
1947	4	406
1947	5	887
1947	6	380
1947	7	173
1947	8	84
1947	9	90
1947	10	21
1947	11	165
1947	12	211
1948	1	234
1948	2	838
1948	3	630
1948	4	1681
1948	5	629
1948	6	401
1948	7	326
1948	8	250
1948	9	28
1948	10	39
1948	11	155
1948	12	692
1949	1	1018
1949	2	1132
1949	3	479
1949	4	568
1949	5	172
1949	6	48
1949	7	23
1949	8	33
1949	9	26
1949	10	14
1949	11	15
1949	12	339
1950	1	1169
1950	2	1232
1950	3	852
1950	4	445
1950	5	192
1950	6	184
1950	7	394
1950	8	31
1950	9	170
1950	10	87
1950	11	859
1950	12	1156
1951	1	1374
1951	2	1148
1951	3	677
1951	4	1087
1951	5	394
1951	6	562
1951	7	285
1951	8	44
1951	9	23
1951	10	23
1951	11	227
1951	12	578
1952	1	1313
1952	2	930
1952	3	793
1952	4	696
1952	5	846
1952	6	79
1952	7	27
1952	8	26
1952	9	26
1952	10	18
1952	11	15
1952	12	188
1953	1	504
1953	2	492
1953	3	551
1953	4	645
1953	5	731
1953	6	687
1953	7	216
1953	8	190
1953	9	77
1953	10	26
1953	11	26
1953	12	179
1954	1	398
1954	2	436
1954	3	848
1954	4	654
1954	5	335
1954	6	103
1954	7	44
1954	8	363
1954	9	195
1954	10	1333
1954	11	170
1954	12	713
1955	1	626
1955	2	988
1955	3	979
1955	4	383
1955	5	192
1955	6	193
1955	7	43
1955	8	167
1955	9	42
1955	10	480
1955	11	532
1955	12	183
1956	1	69
1956	2	1982
1956	3	1127
1956	4	1164
1956	5	885
1956	6	549
1956	7	1237
1956	8	610
1956	9	119
1956	10	99
1956	11	55
1956	12	607
1957	1	540
1957	2	739
1957	3	487
1957	4	1491
1957	5	155
1957	6	48
1957	7	81
1957	8	16
1957	9	15
1957	10	25
1957	11	85
1957	12	552
1958	1	410
1958	2	262
1958	3	855
1958	4	384
1958	5	788
1958	6	60
1958	7	404
1958	8	695
1958	9	243
1958	10	121
1958	11	222
1958	12	336
1959	1	769
1959	2	876
1959	3	628
1959	4	494
1959	5	540
1959	6	91
1959	7	28
1959	8	50
1959	9	33
1959	10	312
1959	11	373
1959	12	791
1960	1	716
1960	2	551
1960	3	261
1960	4	959
1960	5	800
1960	6	505
1960	7	94
1960	8	36
1960	9	120
1960	10	31
1960	11	93
1960	12	54
1961	1	232
1961	2	873
1961	3	1377
1961	4	936
1961	5	499
1961	6	123
1961	7	160
1961	8	253
1961	9	34
1961	10	16
1961	11	332
1961	12	269
1962	1	535
1962	2	432
1962	3	1157
1962	4	1032
1962	5	98
1962	6	65
1962	7	19
1962	8	22
1962	9	84
1962	10	239
1962	11	130
1962	12	138
1963	1	450
1963	2	268
1963	3	1603
1963	4	495
1963	5	155
1963	6	141
1963	7	41
1963	8	44
1963	9	14
1963	10	11
1963	11	28
1963	12	172
1964	1	665
1964	2	275
1964	3	1567
1964	4	919
1964	5	320
1964	6	138
1964	7	59
1964	8	48
1964	9	64
1964	10	10
1964	11	68
1964	12	553
1965	1	1080
1965	2	573
1965	3	932
1965	4	428
1965	5	119
1965	6	44
1965	7	28
1965	8	12
1965	9	37
1965	10	135
1965	11	246
1965	12	153
1966	1	420
1966	2	1005
1966	3	415
1966	4	480
1966	5	924
1966	6	53
1966	7	22
1966	8	43
1966	9	20
1966	10	49
1966	11	147
1966	12	515
1967	1	103
1967	2	539
1967	3	1512
1967	4	604
1967	5	667
1967	6	56
1967	7	88
1967	8	134
1967	9	101
1967	10	312
1967	11	349
1967	12	373
1968	1	256
1968	2	767
1968	3	476
1968	4	409
1968	5	1002
1968	6	215
1968	7	79
1968	8	101
1968	9	76
1968	10	47
1968	11	213
1968	12	320
1969	1	486
1969	2	571
1969	3	120
1969	4	568
1969	5	400
1969	6	90
1969	7	117
1969	8	55
1969	9	52
1969	10	61
1969	11	150
1969	12	444
1970	1	240
1970	2	1114
1970	3	725
1970	4	818
1970	5	488
1970	6	183
1970	7	117
1970	8	163
1970	9	323
1970	10	315
1970	11	716
1970	12	1058
1971	1	647
1971	2	1048
1971	3	1171
1971	4	186
1971	5	364
1971	6	110
1971	7	78
1971	8	73
1971	9	108
1971	10	66
1971	11	83
1971	12	495
1972	1	583
1972	2	309
1972	3	1397
1972	4	1012
1972	5	240
1972	6	1049
1972	7	877
1972	8	56
1972	9	321
1972	10	301
1972	11	654
1972	12	1107
1973	1	317
1973	2	486
1973	3	1050
1973	4	608
1973	5	792
1973	6	215
1973	7	72
1973	8	46
1973	9	47
1973	10	167
1973	11	618
1973	12	800
1974	1	999
1974	2	402
1974	3	966
1974	4	514
1974	5	441
1974	6	269
1974	7	277
1974	8	50
1974	9	366
1974	10	79
1974	11	286
1974	12	823
1975	1	594
1975	2	1358
1975	3	1331
1975	4	351
1975	5	401
1975	6	509
1975	7	91
1975	8	66
1975	9	489
1975	10	429
1975	11	413
1975	12	507
1976	1	813
1976	2	1047
1976	3	532
1976	4	289
1976	5	107
1976	6	202
1976	7	113
1976	8	150
1976	9	141
1976	10	571
1976	11	222
1976	12	318
1977	1	70
1977	2	331
1977	3	1425
1977	4	830
1977	5	218
1977	6	63
1977	7	962
1977	8	475
1977	9	86
1977	10	207
1977	11	219
1977	12	879
1978	1	599
1978	2	387
1978	3	1030
1978	4	527
1978	5	703
1978	6	484
1978	7	193
1978	8	165
1978	9	72
1978	10	213
1978	11	170
1978	12	926
1979	1	929
1979	2	229
1979	3	1454
1979	4	723
1979	5	328
1979	6	180
1979	7	126
1979	8	237
1979	9	163
1979	10	788
1979	11	420
1979	12	419
1980	1	194
1980	2	195
1980	3	899
1980	4	1050
1980	5	490
1980	6	385
1980	7	269
1980	8	658
1980	9	147
1980	10	144
1980	11	261
1980	12	373
1981	1	110
1981	2	1004
1981	3	610
1981	4	677
1981	5	422
1981	6	504
1981	7	350
1981	8	94
1981	9	425
1981	10	286
1981	11	385
1981	12	475
1982	1	435
1982	2	1010
1982	3	770
1982	4	323
1982	5	167
1982	6	342
1982	7	68
1982	8	55
1982	9	43
1982	10	41
1982	11	178
1982	12	366
1983	1	140
1983	2	393
1983	3	495
1983	4	855
1983	5	751
1983	6	282
1983	7	55
1983	8	24
1983	9	26
1983	10	59
1983	11	205
1983	12	793
1984	1	200
1984	2	905
1984	3	639
1984	4	1043
1984	5	611
1984	6	535
1984	7	346
1984	8	637
1984	9	64
1984	10	55
1984	11	297
1984	12	755
1985	1	284
1985	2	405
1985	3	751
1985	4	966
1985	5	262
1985	6	257
1985	7	151
1985	8	50
1985	9	36
1985	10	38
1985	11	853
1985	12	856
1986	1	458
1986	2	1361
1986	3	692
1986	4	413
1986	5	120
1986	6	279
1986	7	310
1986	8	224
1986	9	51
1986	10	405
1986	11	778
1986	12	964
1987	1	393
1987	2	282
1987	3	332
1987	4	1194
1987	5	515
1987	6	120
1987	7	276
1987	8	117
1987	9	342
1987	10	100
1987	11	85
1987	12	581
1988	1	316
1988	2	981
1988	3	506
1988	4	272
1988	5	316
1988	6	51
1988	7	32
1988	8	32
1988	9	36
1988	10	31
1988	11	120
1988	12	144
1989	1	302
1989	2	688
1989	3	688
1989	4	896
1989	5	1034
1989	6	825
1989	7	258
1989	8	49
1989	9	147
1989	10	146
1989	11	205
1989	12	111
1990	1	944
1990	2	992
1990	3	313
1990	4	608
1990	5	482
1990	6	286
1990	7	573
1990	8	102
1990	9	143
1990	10	361
1990	11	253
1990	12	816
1991	1	1406
1991	2	711
1991	3	705
1991	4	453
1991	5	191
1991	6	66
1991	7	90
1991	8	46
1991	9	28
2009	10	163
2009	11	138
2009	12	462
2010	1	634
2010	2	268
2010	3	984
2010	4	266
2010	5	410
2010	6	253
2010	7	160
2010	8	68
2010	9	54
2010	10	73
2010	11	191
2010	12	493
2011	1	115
2011	2	596
2011	3	1472
2011	4	1263
2011	5	665
2011	6	52
2011	7	57
2011	8	129
2011	9	425
2011	10	447
2011	11	732
2011	12	616
2012	1	811
2012	2	472
2012	3	739
2012	4	228
2012	5	542
2012	6	197
2012	7	236
2012	8	129
2012	9	111
2012	10	110
2012	11	549
2012	12	845
2013	1	518
2013	2	681
2013	3	547
2013	4	520
2013	5	112
2013	6	355
2013	7	573
2013	8	300
2013	9	182
2013	10	173
2013	11	354
2013	12	754
2014	1	553
2014	2	461
2014	3	620
2014	4	501
2014	5	522
2014	6	1078
2014	7	139
2014	8	558
2014	9	123
2014	10	72
2014	11	97
2014	12	366
2015	1	218
2015	2	369
2015	3	1298
2015	4	834
2015	5	196
2015	6	942
2015	7	994
2015	8	85
2015	9	88
