1940	1	537
1940	2	2590
1940	3	2009
1940	4	3795
1940	5	1492
1940	6	1431
1940	7	526
1940	8	136
1940	9	311
1940	10	127
1940	11	1100
1940	12	1088
1941	1	1631
1941	2	356
1941	3	1176
1941	4	828
1941	5	282
1941	6	1770
1941	7	428
1941	8	456
1941	9	383
1941	10	141
1941	11	730
1941	12	732
1942	1	909
1942	2	1558
1942	3	1701
1942	4	948
1942	5	540
1942	6	702
1942	7	530
1942	8	1044
1942	9	777
1942	10	1163
1942	11	2067
1942	12	3593
1943	1	2243
1943	2	2453
1943	3	2634
1943	4	2152
1943	5	1013
1943	6	227
1943	7	731
1943	8	767
1943	9	155
1943	10	64
1943	11	406
1943	12	368
1944	1	1118
1944	2	1637
1944	3	3307
1944	4	2394
1944	5	853
1944	6	867
1944	7	105
1944	8	84
1944	9	296
1944	10	1460
1944	11	559
1944	12	3360
1945	1	2725
1945	2	3415
1945	3	3620
1945	4	1167
1945	5	1233
1945	6	649
1945	7	326
1945	8	1140
1945	9	2973
1945	10	477
1945	11	2012
1945	12	1677
1946	1	1190
1946	2	2177
1946	3	1849
1946	4	494
1946	5	1711
1946	6	1666
1946	7	181
1946	8	61
1946	9	32
1946	10	112
1946	11	141
1946	12	616
1947	1	2116
1947	2	770
1947	3	1668
1947	4	373
1947	5	791
1947	6	663
1947	7	424
1947	8	279
1947	9	406
1947	10	42
1947	11	432
1947	12	500
1948	1	1636
1948	2	3537
1948	3	2303
1948	4	3383
1948	5	1608
1948	6	722
1948	7	1392
1948	8	557
1948	9	547
1948	10	189
1948	11	1038
1948	12	3102
1949	1	3258
1949	2	2555
1949	3	1540
1949	4	1684
1949	5	689
1949	6	148
1949	7	371
1949	8	602
1949	9	85
1949	10	235
1949	11	964
1949	12	2428
1950	1	3729
1950	2	3478
1950	3	2685
1950	4	1133
1950	5	1349
1950	6	2293
1950	7	784
1950	8	166
1950	9	772
1950	10	268
1950	11	1546
1950	12	2950
1951	1	2649
1951	2	3288
1951	3	2456
1951	4	2540
1951	5	898
1951	6	2156
1951	7	980
1951	8	126
1951	9	134
1951	10	48
1951	11	898
1951	12	2582
1952	1	3671
1952	2	1386
1952	3	2010
1952	4	1735
1952	5	1594
1952	6	247
1952	7	129
1952	8	229
1952	9	45
1952	10	33
1952	11	52
1952	12	414
1953	1	2014
1953	2	1646
1953	3	1764
1953	4	1608
1953	5	1533
1953	6	193
1953	7	197
1953	8	138
1953	9	29
1953	10	21
1953	11	24
1953	12	82
1954	1	782
1954	2	332
1954	3	1661
1954	4	980
1954	5	535
1954	6	256
1954	7	504
1954	8	1078
1954	9	269
1954	10	1783
1954	11	646
1954	12	2054
1955	1	1298
1955	2	3444
1955	3	3570
1955	4	1201
1955	5	520
1955	6	311
1955	7	297
1955	8	335
1955	9	93
1955	10	288
1955	11	505
1955	12	535
1956	1	1387
1956	2	4171
1956	3	3560
1956	4	1421
1956	5	1435
1956	6	1488
1956	7	801
1956	8	2142
1956	9	370
1956	10	169
1956	11	318
1956	12	3265
1957	1	2335
1957	2	3293
1957	3	1246
1957	4	1804
1957	5	324
1957	6	109
1957	7	111
1957	8	42
1957	9	84
1957	10	409
1957	11	300
1957	12	2770
1958	1	1789
1958	2	2219
1958	3	1401
1958	4	1701
1958	5	2280
1958	6	438
1958	7	2648
1958	8	1727
1958	9	305
1958	10	231
1958	11	374
1958	12	658
1959	1	2077
1959	2	1901
1959	3	1178
1959	4	1697
1959	5	1095
1959	6	412
1959	7	117
1959	8	86
1959	9	43
1959	10	126
1959	11	730
1959	12	1371
1960	1	2156
1960	2	2252
1960	3	1556
1960	4	1438
1960	5	1416
1960	6	379
1960	7	217
1960	8	929
1960	9	570
1960	10	272
1960	11	771
1960	12	988
1961	1	1049
1961	2	2701
1961	3	3096
1961	4	2325
1961	5	1184
1961	6	1148
1961	7	634
1961	8	694
1961	9	166
1961	10	333
1961	11	882
1961	12	1778
1962	1	2152
1962	2	2051
1962	3	2812
1962	4	2480
1962	5	257
1962	6	365
1962	7	102
1962	8	67
1962	9	138
1962	10	259
1962	11	1368
1962	12	1547
1963	1	992
1963	2	1671
1963	3	5727
1963	4	635
1963	5	379
1963	6	1470
1963	7	158
1963	8	526
1963	9	335
1963	10	53
1963	11	221
1963	12	564
1964	1	1682
1964	2	1268
1964	3	2387
1964	4	2142
1964	5	267
1964	6	531
1964	7	237
1964	8	159
1964	9	119
1964	10	84
1964	11	301
1964	12	1516
1965	1	2256
1965	2	1502
1965	3	2575
1965	4	2867
1965	5	467
1965	6	152
1965	7	140
1965	8	70
1965	9	79
1965	10	74
1965	11	58
1965	12	75
1966	1	442
1966	2	2275
1966	3	862
1966	4	1522
1966	5	1519
1966	6	90
1966	7	61
1966	8	118
1966	9	100
1966	10	180
1966	11	261
1966	12	927
1967	1	310
1967	2	1293
1967	3	5137
1967	4	1029
1967	5	3417
1967	6	277
1967	7	193
1967	8	201
1967	9	151
1967	10	294
1967	11	528
1967	12	1545
1968	1	2004
1968	2	637
1968	3	1890
1968	4	977
1968	5	3017
1968	6	560
1968	7	118
1968	8	541
1968	9	101
1968	10	116
1968	11	542
1968	12	1006
1969	1	1232
1969	2	1098
1969	3	487
1969	4	1203
1969	5	858
1969	6	186
1969	7	651
1969	8	708
1969	9	238
1969	10	195
1969	11	454
1969	12	1615
1970	1	1872
1970	2	1641
1970	3	1695
1970	4	2549
1970	5	343
1970	6	256
1970	7	207
1970	8	300
1970	9	294
1970	10	305
1970	11	989
1970	12	1726
1971	1	1915
1971	2	2834
1971	3	1549
1971	4	367
1971	5	1585
1971	6	571
1971	7	358
1971	8	472
1971	9	1713
1971	10	292
1971	11	974
1971	12	1221
1972	1	2419
1972	2	3226
1972	3	1952
1972	4	3184
1972	5	1374
1972	6	1117
1972	7	902
1972	8	483
1972	9	137
1972	10	297
1972	11	1707
1972	12	3893
1973	1	1161
1973	2	2117
1973	3	1303
1973	4	3181
1973	5	1343
1973	6	263
1973	7	216
1973	8	381
1973	9	370
1973	10	456
1973	11	1516
1973	12	2189
1974	1	3397
1974	2	1407
1974	3	1550
1974	4	1563
1974	5	1044
1974	6	3044
1974	7	420
1974	8	194
1974	9	424
1974	10	185
1974	11	495
1974	12	1525
1975	1	2374
1975	2	2293
1975	3	2284
1975	4	2440
1975	5	2100
1975	6	741
1975	7	246
1975	8	795
1975	9	589
1975	10	681
1975	11	655
1975	12	1503
1976	1	2496
1976	2	1675
1976	3	1136
1976	4	880
1976	5	449
1976	6	206
1976	7	938
1976	8	157
1976	9	134
1976	10	1761
1976	11	523
1976	12	1120
1977	1	373
1977	2	1939
1977	3	1717
1977	4	1164
1977	5	614
1977	6	169
1977	7	322
1977	8	628
1977	9	172
1977	10	693
1977	11	570
1977	12	1302
1978	1	3014
1978	2	480
1978	3	2221
1978	4	1041
1978	5	1563
1978	6	594
1978	7	966
1978	8	592
1978	9	222
1978	10	250
1978	11	759
1978	12	4494
1979	1	3711
1979	2	3466
1979	3	2181
1979	4	1591
1979	5	1600
1979	6	303
1979	7	342
1979	8	701
1979	9	1071
1979	10	1566
1979	11	1239
1979	12	1432
1980	1	1219
1980	2	965
1980	3	2557
1980	4	2392
1980	5	1691
1980	6	1776
1980	7	790
1980	8	1773
1980	9	275
1980	10	200
1980	11	818
1980	12	1155
1981	1	663
1981	2	2728
1981	3	1514
1981	4	1346
1981	5	2299
1981	6	3796
1981	7	345
1981	8	137
1981	9	299
1981	10	393
1981	11	274
1981	12	896
1982	1	1563
1982	2	1612
1982	3	2892
1982	4	839
1982	5	250
1982	6	787
1982	7	664
1982	8	250
1982	9	285
1982	10	155
1982	11	811
1982	12	1224
1983	1	603
1983	2	1367
1983	3	2155
1983	4	2605
1983	5	2627
1983	6	431
1983	7	321
1983	8	175
1983	9	77
1984	10	629
1984	11	1383
1984	12	1821
1985	1	938
1985	2	2426
1985	3	1910
1985	4	1093
1985	5	1110
1985	6	618
1985	7	375
1985	8	240
1985	9	96
1985	10	310
1985	11	5040
1985	12	1516
1986	1	1200
1986	2	3872
1986	3	2340
1986	4	897
1986	5	312
1986	6	228
1986	7	757
1986	8	154
1986	9	306
1986	10	428
1986	11	2648
1986	12	1986
1987	1	1326
1987	2	1499
1987	3	496
1987	4	2425
1987	5	332
1987	6	295
1987	7	107
1987	8	129
1987	9	128
1987	10	115
1987	11	220
1987	12	799
1988	1	869
1988	2	1571
1988	3	1633
1988	4	974
1988	5	372
1988	6	184
1988	7	75
1988	8	69
1988	9	151
1988	10	63
1988	11	597
1988	12	690
1989	1	1747
1989	2	3345
1989	3	3386
1989	4	1664
1989	5	2786
1989	6	2088
1989	7	742
1989	8	684
1989	9	865
1989	10	1520
1989	11	1514
1989	12	639
1990	1	2113
1990	2	2431
1990	3	916
1990	4	1515
1990	5	1929
1990	6	1077
1990	7	821
1990	8	609
1990	9	620
1990	10	744
1990	11	726
1990	12	3586
1991	1	3186
1991	2	2735
1991	3	3107
1991	4	1931
1991	5	350
1991	6	227
1991	7	249
1991	8	175
1991	9	156
1991	10	142
1991	11	427
1991	12	1404
1992	1	1095
1992	2	1115
1992	3	2285
1992	4	1097
1992	5	791
1992	6	455
1992	7	627
1992	8	607
1992	9	245
1992	10	162
1992	11	536
1992	12	1621
1993	1	1235
1993	2	902
1993	3	3941
1993	4	1903
1993	5	420
1993	6	206
1993	7	210
1993	8	140
1993	9	324
1993	10	265
1993	11	1183
1993	12	1594
1994	1	4085
1994	2	4454
1994	3	4452
1994	4	2748
1994	5	1471
1994	6	340
1994	7	320
1994	8	1073
1994	9	410
1994	10	142
1994	11	184
1994	12	911
1995	1	1757
1995	2	1496
1995	3	1177
1995	4	487
1995	5	2818
1995	6	805
1995	7	413
1995	8	579
1995	9	158
1995	10	260
1995	11	738
1995	12	1139
1996	1	3567
1996	2	2776
1996	3	2913
1996	4	1325
1996	5	4999
1996	6	808
1996	7	1498
1996	8	1166
1996	9	930
1996	10	723
1996	11	1448
1996	12	1973
1997	1	1016
1997	2	1341
1997	3	3867
1997	4	729
1997	5	1478
1997	6	799
1997	7	284
1997	8	471
1997	9	326
1997	10	206
1997	11	737
1997	12	780
1998	1	2377
1998	2	2902
1998	3	2538
1998	4	1564
1998	5	1750
1998	6	2741
1998	7	833
1998	8	414
1998	9	211
1998	10	168
1998	11	156
1998	12	208
1999	1	1983
1999	2	1161
1999	3	2679
1999	4	612
1999	5	650
1999	6	197
1999	7	154
1999	8	157
1999	9	147
1999	10	217
1999	11	745
1999	12	1002
2000	1	272
2000	2	3027
2000	3	1135
2000	4	2325
2000	5	556
2000	6	765
2000	7	514
2000	8	423
2000	9	448
2000	10	386
2000	11	243
2000	12	701
2001	1	1289
2001	2	1550
2001	3	1322
2001	4	1411
2001	5	896
2001	6	727
2001	7	903
2001	8	594
2001	9	391
2001	10	196
2001	11	198
2001	12	588
2002	1	1067
2002	2	575
2002	3	1785
2002	4	2085
2002	5	1594
2002	6	623
2002	7	332
2002	8	148
2002	9	169
2002	10	400
2002	11	859
2002	12	1288
2003	1	1117
2003	2	2909
2003	3	2111
2003	4	1027
2003	5	2068
2003	6	2596
2003	7	1228
2003	8	617
2003	9	978
2003	10	825
2003	11	3720
2003	12	2420
2004	1	1791
2004	2	2855
2004	3	2263
2004	4	2781
2004	5	1876
2004	6	1461
2004	7	617
2004	8	504
2004	9	1313
2004	10	731
2004	11	1624
2004	12	1549
2005	1	2539
2005	2	1516
2005	3	2445
2005	4	1433
2005	5	1134
2005	6	236
2005	7	333
2005	8	253
2005	9	116
2005	10	399
2005	11	909
2005	12	1651
2006	1	2526
2006	2	1014
2006	3	806
2006	4	1668
2006	5	486
2006	6	629
2006	7	947
2006	8	130
2006	9	217
2006	10	600
2006	11	1037
2006	12	543
2007	1	1804
2007	2	1887
2007	3	1660
2007	4	1971
2007	5	301
2007	6	147
2007	7	417
2007	8	276
2007	9	124
2007	10	172
2007	11	413
2007	12	3084
2008	1	1512
2008	2	2638
2008	3	2391
2008	4	1045
2008	5	1773
2008	6	2378
2008	7	827
2008	8	183
2008	9	131
2008	10	98
2008	11	232
2008	12	1578
2009	1	1566
2009	2	1262
2009	3	627
2009	4	1656
2009	5	2821
2009	6	893
2009	7	238
2009	8	312
2009	9	137
2009	10	309
2009	11	169
2009	12	1249
2010	1	1711
2010	2	1732
2010	3	1757
2010	4	566
2010	5	1089
2010	6	450
2010	7	301
2010	8	204
2010	9	125
2010	10	148
2010	11	266
2010	12	1041
2011	1	916
2011	2	1949
2011	3	3481
2011	4	3697
2011	5	1395
2011	6	469
2011	7	326
2011	8	355
2011	9	856
2011	10	1623
2011	11	2261
2011	12	2342
2012	1	1799
2012	2	984
2012	3	1934
2012	4	411
2012	5	867
2012	6	167
2012	7	281
2012	8	203
2012	9	218
2012	10	666
2012	11	650
2012	12	1747
2013	1	1702
2013	2	1642
2013	3	1594
2013	4	634
2013	5	511
2013	6	772
2013	7	1207
2013	8	1154
2013	9	433
2013	10	168
2013	11	495
2013	12	2354
2014	1	1214
2014	2	3096
2014	3	1216
2014	4	870
2014	5	1106
2014	6	910
2014	7	521
2014	8	383
2014	9	250
2014	10	500
2014	11	388
2014	12	1410
2015	1	1026
2015	2	1076
2015	3	3729
2015	4	3053
2015	5	414
2015	6	849
2015	7	955
2015	8	184
2015	9	149
