1940	1	228
1940	2	577
1940	3	1440
1940	4	1973
1940	5	424
1940	6	617
1940	7	181
1940	8	61
1940	9	123
1940	10	55
1940	11	309
1940	12	951
1941	1	584
1941	2	581
1941	3	904
1941	4	446
1941	5	160
1941	6	535
1941	7	298
1941	8	387
1941	9	79
1941	10	122
1941	11	315
1941	12	314
1942	1	415
1942	2	1107
1942	3	1696
1942	4	890
1942	5	592
1942	6	255
1942	7	108
1942	8	118
1942	9	89
1942	10	321
1942	11	752
1942	12	1482
1943	1	1279
1943	2	1075
1943	3	1336
1943	4	914
1943	5	1052
1943	6	572
1943	7	483
1943	8	94
1943	9	56
1943	10	155
1943	11	231
1943	12	123
1944	1	353
1944	2	595
1944	3	1387
1944	4	1007
1944	5	633
1944	6	176
1944	7	54
1944	8	44
1944	9	38
1944	10	71
1944	11	87
1944	12	183
1945	1	322
1945	2	1766
1945	3	2142
1945	4	1087
1945	5	807
1945	6	410
1945	7	101
1945	8	74
1945	9	348
1945	10	652
1945	11	1024
1945	12	437
1946	1	663
1946	2	847
1946	3	991
1946	4	270
1946	5	1179
1946	6	661
1946	7	126
1946	8	79
1946	9	45
1946	10	128
1946	11	123
1946	12	328
1947	1	1077
1947	2	389
1947	3	812
1947	4	1093
1947	5	1340
1947	6	823
1947	7	163
1947	8	110
1947	9	98
1947	10	58
1947	11	173
1947	12	268
1948	1	284
1948	2	1078
1948	3	685
1948	4	1394
1948	5	891
1948	6	248
1948	7	201
1948	8	360
1948	9	67
1948	10	125
1948	11	310
1948	12	872
1949	1	1228
1949	2	943
1949	3	702
1949	4	695
1949	5	468
1949	6	120
1949	7	128
1949	8	68
1949	9	65
1949	10	51
1949	11	67
1949	12	255
1950	1	1658
1950	2	1573
1950	3	1454
1950	4	1271
1950	5	583
1950	6	362
1950	7	168
1950	8	149
1950	9	254
1950	10	145
1950	11	661
1950	12	1483
1951	1	1563
1951	2	1641
1951	3	1455
1951	4	1354
1951	5	610
1951	6	339
1951	7	278
1951	8	79
1951	9	83
1951	10	66
1951	11	374
1951	12	790
1952	1	2225
1952	2	1160
1952	3	1027
1952	4	1016
1952	5	1370
1952	6	202
1952	7	78
1952	8	112
1952	9	130
1952	10	70
1952	11	163
1952	12	395
1953	1	810
1953	2	527
1953	3	971
1953	4	956
1953	5	1141
1953	6	581
1953	7	122
1953	8	56
1953	9	65
1953	10	46
1953	11	70
1953	12	118
1954	1	332
1954	2	386
1954	3	1052
1954	4	1429
1954	5	462
1954	6	844
1954	7	107
1954	8	73
1954	9	80
1954	10	1316
1954	11	235
1954	12	916
1955	1	620
1955	2	1109
1955	3	1496
1955	4	956
1955	5	321
1955	6	509
1955	7	114
1955	8	124
1955	9	53
1955	10	114
1955	11	378
1955	12	251
1956	1	109
1956	2	2088
1956	3	1440
1956	4	1562
1956	5	1123
1956	6	1559
1956	7	1208
1956	8	904
1956	9	343
1956	10	158
1956	11	122
1956	12	519
1957	1	704
1957	2	791
1957	3	673
1957	4	1941
1957	5	541
1957	6	221
1957	7	127
1957	8	50
1957	9	66
1957	10	58
1957	11	120
1957	12	816
1958	1	511
1958	2	415
1958	3	751
1958	4	661
1958	5	911
1958	6	325
1958	7	1307
1958	8	669
1958	9	438
1958	10	176
1958	11	423
1958	12	387
1959	1	1456
1959	2	1369
1959	3	888
1959	4	908
1959	5	471
1959	6	227
1959	7	113
1959	8	63
1959	9	41
1959	10	228
1959	11	454
1959	12	1120
1960	1	968
1960	2	856
1960	3	902
1960	4	753
1960	5	958
1960	6	685
1960	7	151
1960	8	83
1960	9	50
1960	10	50
1960	11	68
1960	12	60
1961	1	95
1961	2	790
1961	3	1040
1961	4	1338
1961	5	694
1961	6	471
1961	7	122
1961	8	69
1961	9	52
1961	10	51
1961	11	194
1961	12	140
1962	1	539
1962	2	689
1962	3	1364
1962	4	863
1962	5	200
1962	6	133
1962	7	56
1962	8	39
1962	9	45
1962	10	63
1962	11	81
1962	12	80
1963	1	154
1963	2	143
1963	3	1857
1963	4	540
1963	5	350
1963	6	223
1963	7	85
1963	8	61
1963	9	48
1963	10	37
1963	11	73
1963	12	117
1964	1	511
1964	2	247
1964	3	2129
1964	4	1560
1964	5	431
1964	6	198
1964	7	176
1964	8	206
1964	9	63
1964	10	61
1964	11	129
1964	12	671
1965	1	1545
1965	2	1012
1965	3	1439
1965	4	577
1965	5	208
1965	6	134
1965	7	76
1965	8	62
1965	9	184
1965	10	174
1965	11	432
1965	12	401
1966	1	545
1966	2	1147
1966	3	585
1966	4	891
1966	5	822
1966	6	139
1966	7	83
1966	8	63
1966	9	55
1966	10	58
1966	11	276
1966	12	573
1967	1	193
1967	2	617
1967	3	1604
1967	4	752
1967	5	1099
1967	6	128
1967	7	104
1967	8	100
1967	9	90
1967	10	202
1967	11	545
1967	12	686
1968	1	598
1968	2	973
1968	3	928
1968	4	571
1968	5	1009
1968	6	326
1968	7	110
1968	8	112
1968	9	120
1968	10	145
1968	11	464
1968	12	967
1969	1	863
1969	2	633
1969	3	242
1969	4	926
1969	5	577
1969	6	162
1969	7	272
1969	8	124
1969	9	88
1969	10	131
1969	11	296
1969	12	528
1970	1	426
1970	2	982
1970	3	1111
1970	4	969
1970	5	502
1970	6	304
1970	7	266
1970	8	432
1970	9	128
1970	10	617
1970	11	1205
1970	12	1022
1971	1	475
1971	2	1693
1971	3	1268
1971	4	345
1971	5	454
1971	6	361
1971	7	124
1971	8	87
1971	9	132
1971	10	84
1971	11	121
1971	12	966
1972	1	710
1972	2	435
1972	3	1972
1972	4	1382
1972	5	469
1972	6	1829
1972	7	716
1972	8	167
1972	9	225
1972	10	270
1972	11	1219
1972	12	1411
1973	1	648
1973	2	667
1973	3	1369
1973	4	1135
1973	5	1053
1973	6	424
1973	7	205
1973	8	363
1973	9	193
1973	10	463
1973	11	823
1973	12	975
1974	1	1264
1974	2	516
1974	3	1261
1974	4	1114
1974	5	1125
1974	6	358
1974	7	369
1974	8	209
1974	9	299
1974	10	151
1974	11	428
1974	12	923
1975	1	911
1975	2	1503
1975	3	1496
1975	4	525
1975	5	364
1975	6	792
1975	7	170
1975	8	169
1975	9	991
1975	10	740
1975	11	442
1975	12	708
1976	1	982
1976	2	1429
1976	3	718
1976	4	642
1976	5	215
1976	6	313
1976	7	315
1976	8	111
1976	9	133
1976	10	176
1976	11	211
1976	12	252
1977	1	152
1977	2	938
1977	3	1465
1977	4	1157
1977	5	280
1977	6	178
1977	7	424
1977	8	524
1977	9	495
1977	10	481
1977	11	568
1977	12	1576
1978	1	826
1978	2	348
1978	3	1282
1978	4	919
1978	5	1209
1978	6	680
1978	7	351
1978	8	295
1978	9	176
1978	10	565
1978	11	299
1978	12	946
1979	1	959
1979	2	1089
1979	3	1173
1979	4	1263
1979	5	668
1979	6	350
1979	7	184
1979	8	128
1979	9	135
1979	10	223
1979	11	338
1979	12	585
1980	1	596
1980	2	349
1980	3	1286
1980	4	1229
1980	5	622
1980	6	403
1980	7	705
1980	8	1323
1980	9	453
1980	10	288
1980	11	306
1980	12	508
1981	1	231
1981	2	1949
1981	3	619
1981	4	1236
1981	5	548
1981	6	497
1981	7	255
1981	8	102
1981	9	203
1981	10	182
1981	11	275
1981	12	538
1982	1	673
1982	2	1220
1982	3	1186
1982	4	469
1982	5	290
1982	6	503
1982	7	163
1982	8	90
1982	9	87
1982	10	88
1982	11	466
1982	12	769
1983	1	308
1983	2	575
1983	3	713
1983	4	1017
1983	5	1400
1983	6	368
1983	7	249
1983	8	160
1983	9	154
1983	10	317
1983	11	828
1983	12	1285
1984	1	335
1984	2	951
1984	3	1146
1984	4	997
1984	5	1073
1984	6	780
1984	7	756
1984	8	1094
1984	9	186
1984	10	161
1984	11	905
1984	12	846
1985	1	442
1985	2	1016
1985	3	1569
1985	4	991
1985	5	451
1985	6	477
1985	7	217
1985	8	136
1985	9	106
1985	10	103
1985	11	1822
1985	12	922
1986	1	598
1986	2	1270
1986	3	658
1986	4	503
1986	5	313
1986	6	679
1986	7	702
1986	8	135
1986	9	147
1986	10	560
1986	11	680
1986	12	1411
1987	1	606
1987	2	289
1987	3	689
1987	4	1608
1987	5	512
1987	6	248
1987	7	410
1987	8	329
1987	9	426
1987	10	288
1987	11	381
1987	12	828
1988	1	342
1988	2	960
1988	3	560
1988	4	608
1988	5	519
1988	6	139
1988	7	89
1988	8	86
1988	9	87
1988	10	84
1988	11	280
1988	12	264
1989	1	455
1989	2	525
1989	3	757
1989	4	1022
1989	5	1232
1989	6	2075
1989	7	329
1989	8	110
1989	9	224
1989	10	144
1989	11	230
1989	12	178
1990	1	858
1990	2	1760
1990	3	530
1990	4	1151
1990	5	554
1990	6	665
1990	7	1109
1990	8	313
1990	9	661
1990	10	677
1990	11	580
1990	12	1514
1991	1	950
1991	2	955
1991	3	892
1991	4	614
1991	5	388
1991	6	114
1991	7	174
1991	8	64
1991	9	63
1991	10	56
1991	11	82
1991	12	251
1992	1	212
1992	2	512
1992	3	810
1992	4	864
1992	5	351
1992	6	111
1992	7	662
1992	8	533
1992	9	584
1992	10	310
1992	11	936
1992	12	979
1993	1	1256
1993	2	438
1993	3	1913
1993	4	970
1993	5	445
1993	6	589
1993	7	122
1993	8	86
1993	9	139
1993	10	138
1993	11	689
1993	12	645
1994	1	734
1994	2	975
1994	3	1863
1994	4	1546
1994	5	445
1994	6	259
1994	7	176
1994	8	565
1994	9	220
1994	10	205
1994	11	639
1994	12	983
1995	1	768
1995	2	471
1995	3	690
1995	4	647
1995	5	842
1995	6	865
1995	7	508
1995	8	131
1995	9	64
1995	10	111
1995	11	521
1995	12	228
1996	1	1205
1996	2	736
1996	3	1142
1996	4	705
1996	5	1187
1996	6	797
1996	7	243
1996	8	197
1996	9	598
1996	10	561
1996	11	889
1996	12	1147
1997	1	568
1997	2	878
1997	3	1343
1997	4	671
1997	5	625
1997	6	666
1997	7	119
1997	8	118
1997	9	167
1997	10	123
1997	11	483
1997	12	626
1998	1	1221
1998	2	690
1998	3	833
1998	4	1484
1998	5	571
1998	6	166
1998	7	84
1998	8	72
1998	9	67
1998	10	170
1998	11	126
1998	12	353
1999	1	1369
1999	2	818
1999	3	650
1999	4	908
1999	5	391
1999	6	114
1999	7	117
1999	8	105
1999	9	53
1999	10	72
1999	11	196
1999	12	397
2000	1	496
2000	2	657
2000	3	454
2000	4	1330
2000	5	429
2000	6	544
2000	7	191
2000	8	129
2000	9	104
2000	10	123
2000	11	155
2000	12	457
2001	1	264
2001	2	722
2001	3	531
2001	4	877
2001	5	339
2001	6	146
2001	7	106
2001	8	51
2001	9	66
2001	10	112
2001	11	174
2001	12	585
2002	1	332
2002	2	506
2002	3	665
2002	4	981
2002	5	1091
2002	6	781
2002	7	127
2002	8	136
2002	9	71
2002	10	86
2002	11	214
2002	12	442
2003	1	672
2003	2	659
2003	3	863
2003	4	485
2003	5	734
2003	6	679
2003	7	1120
2003	8	633
2003	9	1213
2003	10	555
2003	11	1074
2003	12	1164
2004	1	1151
2004	2	846
2004	3	1284
2004	4	1089
2004	5	926
2004	6	572
2004	7	348
2004	8	784
2004	9	1956
2004	10	368
2004	11	431
2004	12	1051
2005	1	2162
2005	2	1067
2005	3	856
2005	4	1254
2005	5	481
2005	6	189
2005	7	186
2005	8	93
2005	9	123
2005	10	146
2005	11	398
2005	12	318
2006	1	691
2006	2	609
2006	3	684
2006	4	473
2006	5	797
2006	6	629
2006	7	462
2006	8	355
2006	9	485
2006	10	1271
2006	11	704
2006	12	673
2007	1	1552
2007	2	339
2007	3	1915
2007	4	953
2007	5	409
2007	6	208
2007	7	80
2007	8	269
2007	9	79
2007	10	96
2007	11	269
2007	12	1281
2008	1	702
2008	2	1437
2008	3	2123
2008	4	716
2008	5	547
2008	6	246
2008	7	204
2008	8	121
2008	9	102
2008	10	79
2008	11	144
2008	12	677
2009	1	494
2009	2	1225
2009	3	882
2009	4	759
2009	5	656
2009	6	357
2009	7	198
2009	8	205
2009	9	90
2009	10	136
2009	11	136
2009	12	460
2010	1	787
2010	2	317
2010	3	1124
2010	4	437
2010	5	452
2010	6	631
2010	7	139
2010	8	133
2010	9	77
2010	10	102
2010	11	287
2010	12	979
2011	1	490
2011	2	1140
2011	3	2316
2011	4	2357
2011	5	1246
2011	6	245
2011	7	98
2011	8	170
2011	9	499
2011	10	538
2011	11	945
2011	12	1226
2012	1	1459
2012	2	770
2012	3	1068
2012	4	368
2012	5	445
2012	6	169
2012	7	108
2012	8	90
2012	9	109
2012	10	206
2012	11	273
2012	12	822
2013	1	917
2013	2	664
2013	3	740
2013	4	845
2013	5	314
2013	6	315
2013	7	584
2013	8	277
2013	9	128
2013	10	181
2013	11	412
2013	12	1115
2014	1	733
2014	2	647
2014	3	743
2014	4	879
2014	5	1355
2014	6	928
2014	7	483
2014	8	429
2014	9	192
2014	10	262
2014	11	313
2014	12	558
2015	1	220
2015	2	172
2015	3	963
2015	4	1141
2015	5	307
2015	6	1663
2015	7	855
2015	8	162
2015	9	135
