1940	1	58
1940	2	216
1940	3	796
1940	4	861
1940	5	299
1940	6	263
1940	7	129
1940	8	67
1940	9	52
1940	10	34
1940	11	103
1940	12	377
1941	1	345
1941	2	311
1941	3	330
1941	4	127
1941	5	80
1941	6	172
1941	7	370
1941	8	95
1941	9	52
1941	10	82
1941	11	111
1941	12	104
1942	1	135
1942	2	506
1942	3	701
1942	4	459
1942	5	302
1942	6	123
1942	7	52
1942	8	42
1942	9	34
1942	10	43
1942	11	131
1942	12	572
1943	1	638
1943	2	440
1943	3	700
1943	4	371
1943	5	348
1943	6	183
1943	7	216
1943	8	78
1943	9	36
1943	10	39
1943	11	45
1943	12	35
1944	1	106
1944	2	163
1944	3	576
1944	4	491
1944	5	279
1944	6	99
1944	7	34
1944	8	28
1944	9	44
1944	10	32
1944	11	34
1944	12	41
1945	1	87
1945	2	671
1945	3	1178
1945	4	485
1945	5	481
1945	6	130
1945	7	51
1945	8	29
1945	9	120
1945	10	389
1945	11	362
1945	12	302
1946	1	286
1946	2	505
1946	3	432
1946	4	118
1946	5	675
1946	6	449
1946	7	96
1946	8	59
1946	9	31
1946	10	72
1946	11	75
1946	12	159
1947	1	610
1947	2	293
1947	3	232
1947	4	434
1947	5	648
1947	6	716
1947	7	82
1947	8	99
1947	9	56
1947	10	43
1947	11	62
1947	12	68
1948	1	135
1948	2	437
1948	3	479
1948	4	722
1948	5	373
1948	6	137
1948	7	64
1948	8	99
1948	9	45
1948	10	105
1948	11	194
1948	12	373
1949	1	653
1949	2	561
1949	3	384
1949	4	356
1949	5	226
1949	6	75
1949	7	62
1949	8	38
1949	9	32
1949	10	23
1949	11	31
1949	12	63
1950	1	835
1950	2	808
1950	3	532
1950	4	528
1950	5	221
1950	6	241
1950	7	106
1950	8	44
1950	9	132
1950	10	53
1950	11	248
1950	12	671
1951	1	820
1951	2	897
1951	3	919
1951	4	672
1951	5	284
1951	6	95
1951	7	158
1951	8	43
1951	9	40
1951	10	33
1951	11	155
1951	12	439
1952	1	1111
1952	2	702
1952	3	542
1952	4	599
1952	5	305
1952	6	85
1952	7	46
1952	8	34
1952	9	34
1952	10	26
1952	11	41
1952	12	65
1953	1	279
1953	2	223
1953	3	273
1953	4	431
1953	5	426
1953	6	212
1953	7	113
1953	8	63
1953	9	29
1953	10	23
1953	11	25
1953	12	29
1954	1	55
1954	2	60
1954	3	486
1954	4	554
1954	5	247
1954	6	192
1954	7	36
1954	8	30
1954	9	27
1954	10	399
1954	11	102
1954	12	253
1955	1	323
1955	2	582
1955	3	803
1955	4	382
1955	5	136
1955	6	92
1955	7	57
1955	8	40
1955	9	25
1955	10	34
1955	11	119
1955	12	63
1956	1	66
1956	2	987
1956	3	765
1956	4	441
1956	5	920
1956	6	545
1956	7	200
1956	8	213
1956	9	124
1956	10	64
1956	11	53
1956	12	179
1957	1	267
1957	2	311
1957	3	319
1957	4	867
1957	5	333
1957	6	186
1957	7	148
1957	8	43
1957	9	37
1957	10	39
1957	11	57
1957	12	419
1958	1	302
1958	2	201
1958	3	274
1958	4	364
1958	5	553
1958	6	179
1958	7	548
1958	8	481
1958	9	232
1958	10	86
1958	11	72
1958	12	90
1959	1	983
1959	2	783
1959	3	446
1959	4	398
1959	5	304
1959	6	218
1959	7	125
1959	8	86
1959	9	51
1959	10	230
1959	11	271
1959	12	491
1960	1	557
1960	2	408
1960	3	421
1960	4	315
1960	5	231
1960	6	214
1960	7	160
1960	8	84
1960	9	44
1960	10	33
1960	11	42
1960	12	30
1961	1	60
1961	2	470
1961	3	608
1961	4	864
1961	5	286
1961	6	151
1961	7	96
1961	8	54
1961	9	40
1961	10	34
1961	11	108
1961	12	89
1962	1	288
1962	2	410
1962	3	616
1962	4	392
1962	5	126
1962	6	46
1962	7	34
1962	8	22
1962	9	29
1962	10	27
1962	11	77
1962	12	52
1963	1	98
1963	2	98
1963	3	1140
1963	4	327
1963	5	113
1963	6	98
1963	7	35
1963	8	26
1963	9	16
1963	10	15
1963	11	18
1963	12	22
1964	1	110
1964	2	53
1964	3	1080
1964	4	572
1964	5	190
1964	6	106
1964	7	45
1964	8	40
1964	9	22
1964	10	26
1964	11	29
1964	12	125
1965	1	470
1965	2	505
1965	3	497
1965	4	305
1965	5	95
1965	6	55
1965	7	33
1965	8	29
1965	9	64
1965	10	110
1965	11	203
1965	12	105
1966	1	270
1966	2	536
1966	3	298
1966	4	273
1966	5	362
1966	6	72
1966	7	50
1966	8	44
1966	9	24
1966	10	20
1966	11	102
1966	12	282
1967	1	91
1967	2	349
1967	3	874
1967	4	506
1967	5	687
1967	6	90
1967	7	47
1967	8	34
1967	9	30
1967	10	34
1967	11	101
1967	12	243
1968	1	223
1968	2	384
1968	3	432
1968	4	260
1968	5	527
1968	6	201
1968	7	59
1968	8	35
1968	9	31
1968	10	44
1968	11	105
1968	12	304
1969	1	272
1969	2	270
1969	3	114
1969	4	312
1969	5	265
1969	6	79
1969	7	276
1969	8	97
1969	9	49
1969	10	58
1969	11	141
1969	12	224
1970	1	322
1970	2	545
1970	3	462
1970	4	606
1970	5	257
1970	6	521
1970	7	235
1970	8	88
1970	9	83
1970	10	174
1970	11	459
1970	12	532
1971	1	229
1971	2	823
1971	3	690
1971	4	159
1971	5	171
1971	6	73
1971	7	61
1971	8	26
1971	9	31
1971	10	28
1971	11	40
1971	12	199
1972	1	228
1972	2	248
1972	3	829
1972	4	559
1972	5	188
1972	6	134
1972	7	135
1972	8	40
1972	9	107
1972	10	66
1972	11	482
1972	12	639
1973	1	326
1973	2	465
1973	3	647
1973	4	657
1973	5	603
1973	6	214
1973	7	93
1973	8	112
1973	9	110
1973	10	179
1973	11	415
1973	12	550
1974	1	733
1974	2	319
1974	3	778
1974	4	691
1974	5	448
1974	6	168
1974	7	68
1974	8	110
1974	9	158
1974	10	92
1974	11	303
1974	12	740
1975	1	782
1975	2	934
1975	3	741
1975	4	255
1975	5	274
1975	6	337
1975	7	100
1975	8	113
1975	9	512
1975	10	345
1975	11	135
1975	12	296
1976	1	451
1976	2	809
1976	3	530
1976	4	235
1976	5	94
1976	6	86
1976	7	293
1976	8	160
1976	9	76
1976	10	84
1976	11	123
1976	12	92
1977	1	61
1977	2	407
1977	3	607
1977	4	726
1977	5	160
1977	6	78
1977	7	171
1977	8	110
1977	9	245
1977	10	280
1977	11	292
1977	12	902
1978	1	383
1978	2	244
1978	3	828
1978	4	445
1978	5	497
1978	6	377
1978	7	153
1978	8	172
1978	9	91
1978	10	176
1978	11	138
1978	12	556
1979	1	540
1979	2	655
1979	3	639
1979	4	715
1979	5	381
1979	6	206
1979	7	128
1979	8	116
1979	9	208
1979	10	216
1979	11	231
1979	12	299
1980	1	340
1980	2	179
1980	3	720
1980	4	545
1980	5	433
1980	6	479
1980	7	221
1980	8	871
1980	9	149
1980	10	98
1980	11	151
1980	12	196
1981	1	116
1981	2	925
1981	3	293
1981	4	782
1981	5	376
1981	6	530
1981	7	221
1981	8	79
1981	9	131
1981	10	68
1981	11	115
1981	12	249
1982	1	312
1982	2	751
1982	3	575
1982	4	278
1982	5	106
1982	6	98
1982	7	91
1982	8	34
1982	9	38
1982	10	35
1982	11	165
1982	12	357
1983	1	193
1983	2	318
1983	3	451
1983	4	846
1983	5	824
1983	6	154
1983	7	83
1983	8	55
1983	9	48
1983	10	88
1983	11	280
1983	12	424
1984	1	189
1984	2	416
1984	3	742
1984	4	485
1984	5	438
1984	6	152
1984	7	138
1984	8	114
1984	9	77
1984	10	85
1984	11	259
1984	12	340
1985	1	191
1985	2	552
1985	3	553
1985	4	413
1985	5	278
1985	6	379
1985	7	124
1985	8	77
1985	9	50
1985	10	54
1985	11	1007
1985	12	473
1986	1	266
1986	2	670
1986	3	440
1986	4	154
1986	5	124
1986	6	145
1986	7	245
1986	8	55
1986	9	47
1986	10	97
1986	11	198
1986	12	429
1987	1	254
1987	2	202
1987	3	191
1987	4	595
1987	5	259
1987	6	108
1987	7	246
1987	8	63
1987	9	58
1987	10	85
1987	11	67
1987	12	169
1988	1	125
1988	2	552
1988	3	350
1988	4	279
1988	5	102
1988	6	45
1988	7	41
1988	8	36
1988	9	45
1988	10	48
1988	11	222
1988	12	132
1989	1	279
1989	2	291
1989	3	366
1989	4	457
1989	5	589
1989	6	750
1989	7	171
1989	8	63
1989	9	77
1989	10	75
1989	11	136
1989	12	73
1990	1	387
1990	2	857
1990	3	191
1990	4	492
1990	5	358
1990	6	333
1990	7	651
1990	8	238
1990	9	365
1990	10	476
1990	11	250
1990	12	1103
1991	1	738
1991	2	625
1991	3	479
1991	4	329
1991	5	150
1991	6	64
1991	7	49
1991	8	28
1991	9	28
1991	10	28
1991	11	37
1991	12	80
1992	1	79
1992	2	133
1992	3	324
1992	4	325
1992	5	105
1992	6	48
1992	7	137
1992	8	202
1992	9	179
1992	10	107
1992	11	356
1992	12	255
1993	1	527
1993	2	249
1993	3	867
1993	4	435
1993	5	184
1993	6	333
1993	7	105
1993	8	44
1993	9	44
1993	10	60
1993	11	241
1993	12	314
1994	1	509
1994	2	582
1994	3	704
1994	4	712
1994	5	199
1994	6	117
1994	7	121
1994	8	75
1994	9	47
1994	10	46
1994	11	109
1994	12	222
1995	1	293
1995	2	199
1995	3	356
1995	4	217
1995	5	349
1995	6	188
1995	7	109
1995	8	120
1995	9	31
1995	10	81
1995	11	194
1995	12	84
1996	1	597
1996	2	419
1996	3	673
1996	4	435
1996	5	961
1996	6	473
1996	7	132
1996	8	74
1996	9	99
1996	10	188
1996	11	345
1996	12	769
1997	1	273
1997	2	401
1997	3	589
1997	4	263
1997	5	454
1997	6	545
1997	7	93
1997	8	67
1997	9	51
1997	10	64
1997	11	112
1997	12	170
1998	1	566
1998	2	290
1998	3	395
1998	4	666
1998	5	491
1998	6	236
1998	7	246
1998	8	98
1998	9	46
1998	10	105
1998	11	74
1998	12	170
1999	1	631
1999	2	384
1999	3	382
1999	4	401
1999	5	198
1999	6	88
1999	7	72
1999	8	50
1999	9	28
1999	10	53
1999	11	78
1999	12	125
2000	1	306
2000	2	411
2000	3	226
2000	4	851
2000	5	332
2000	6	488
2000	7	219
2000	8	122
2000	9	97
2000	10	100
2000	11	88
2000	12	309
2001	1	166
2001	2	383
2001	3	272
2001	4	562
2001	5	195
2001	6	152
2001	7	55
2001	8	33
2001	9	37
2001	10	104
2001	11	120
2001	12	336
2002	1	167
2002	2	278
2002	3	397
2002	4	604
2002	5	437
2002	6	247
2002	7	65
2002	8	37
2002	9	34
2002	10	37
2002	11	117
2002	12	156
2003	1	198
2003	2	209
2003	3	541
2003	4	311
2003	5	422
2003	6	231
2003	7	780
2003	8	410
2003	9	873
2003	10	326
2003	11	328
2003	12	516
2004	1	610
2004	2	508
2004	3	538
2004	4	733
2004	5	663
2004	6	648
2004	7	187
2004	8	757
2004	9	1039
2004	10	167
2004	11	338
2004	12	784
2005	1	1420
2005	2	494
2005	3	384
2005	4	633
2005	5	283
2005	6	101
2005	7	94
2005	8	78
2005	9	96
2005	10	173
2005	11	279
2005	12	228
2006	1	443
2006	2	311
2006	3	330
2006	4	186
2006	5	400
2006	6	439
2006	7	390
2006	8	140
2006	9	196
2006	10	575
2006	11	391
2006	12	285
2007	1	787
2007	2	228
2007	3	967
2007	4	370
2007	5	231
2007	6	142
2007	7	117
2007	8	204
2007	9	79
2007	10	92
2007	11	189
2007	12	729
2008	1	407
2008	2	955
2008	3	1491
2008	4	361
2008	5	332
2008	6	260
2008	7	205
2008	8	52
2008	9	66
2008	10	48
2008	11	88
2008	12	318
2009	1	227
2009	2	553
2009	3	402
2009	4	354
2009	5	218
2009	6	88
2009	7	60
2009	8	90
2009	9	47
2009	10	77
2009	11	98
2009	12	255
2010	1	417
2010	2	327
2010	3	957
2010	4	251
2010	5	183
2010	6	485
2010	7	88
2010	8	46
2010	9	37
2010	10	51
2010	11	123
2010	12	239
2011	1	138
2011	2	512
2011	3	1244
2011	4	925
2011	5	935
2011	6	219
2011	7	202
2011	8	85
2011	9	87
2011	10	242
2011	11	376
2011	12	628
2012	1	669
2012	2	390
2012	3	484
2012	4	200
2012	5	145
2012	6	72
2012	7	47
2012	8	40
2012	9	36
2012	10	107
2012	11	135
2012	12	318
2013	1	318
2013	2	326
2013	3	362
2013	4	562
2013	5	166
2013	6	181
2013	7	411
2013	8	122
2013	9	81
2013	10	107
2013	11	179
2013	12	491
2014	1	416
2014	2	396
2014	3	297
2014	4	513
2014	5	661
2014	6	464
2014	7	207
2014	8	360
2014	9	93
2014	10	86
2014	11	124
2014	12	218
2015	1	267
2015	2	246
2015	3	972
2015	4	763
2015	5	187
2015	6	504
2015	7	418
2015	8	73
2015	9	55
