1940	1	184
1940	2	860
1940	3	1527
1940	4	2403
1940	5	776
1940	6	673
1940	7	205
1940	8	109
1940	9	85
1940	10	82
1940	11	178
1940	12	493
1941	1	510
1941	2	512
1941	3	206
1941	4	165
1941	5	91
1941	6	569
1941	7	228
1941	8	114
1941	9	66
1941	10	101
1941	11	259
1941	12	300
1942	1	269
1942	2	1087
1942	3	795
1942	4	853
1942	5	377
1942	6	350
1942	7	397
1942	8	82
1942	9	74
1942	10	101
1942	11	291
1942	12	1098
1943	1	1127
1943	2	1000
1943	3	1856
1943	4	524
1943	5	759
1943	6	613
1943	7	331
1943	8	678
1943	9	100
1943	10	85
1943	11	74
1943	12	73
1944	1	90
1944	2	167
1944	3	1512
1944	4	1447
1944	5	381
1944	6	389
1944	7	67
1944	8	65
1944	9	55
1944	10	46
1944	11	45
1944	12	49
1945	1	73
1945	2	1228
1945	3	3308
1945	4	1331
1945	5	997
1945	6	680
1945	7	328
1945	8	97
1945	9	78
1945	10	280
1945	11	519
1945	12	559
1946	1	388
1946	2	1452
1946	3	1331
1946	4	258
1946	5	633
1946	6	939
1946	7	497
1946	8	221
1946	9	83
1946	10	196
1946	11	298
1946	12	552
1947	1	1589
1947	2	513
1947	3	500
1947	4	1276
1947	5	1830
1947	6	1165
1947	7	849
1947	8	192
1947	9	282
1947	10	119
1947	11	215
1947	12	225
1948	1	672
1948	2	1336
1948	3	1512
1948	4	1893
1948	5	550
1948	6	178
1948	7	218
1948	8	93
1948	9	78
1948	10	164
1948	11	420
1948	12	593
1949	1	2120
1949	2	1450
1949	3	979
1949	4	691
1949	5	292
1949	6	347
1949	7	310
1949	8	168
1949	9	99
1949	10	111
1949	11	104
1949	12	279
1950	1	2926
1950	2	1608
1950	3	874
1950	4	1111
1950	5	380
1950	6	382
1950	7	377
1950	8	102
1950	9	119
1950	10	97
1950	11	451
1950	12	1800
1951	1	1891
1951	2	2080
1951	3	1580
1951	4	949
1951	5	312
1951	6	222
1951	7	131
1951	8	68
1951	9	57
1951	10	101
1951	11	169
1951	12	1158
1952	1	2550
1952	2	1410
1952	3	1393
1952	4	1414
1952	5	286
1952	6	137
1952	7	120
1952	8	70
1952	9	54
1952	10	82
1952	11	43
1952	12	55
1953	1	347
1953	2	433
1953	3	353
1953	4	414
1953	5	400
1953	6	155
1953	7	312
1953	8	94
1953	9	42
1953	10	39
1953	11	41
1953	12	43
1954	1	112
1954	2	79
1954	3	475
1954	4	568
1954	5	236
1954	6	114
1954	7	58
1954	8	64
1954	9	36
1954	10	81
1954	11	57
1954	12	214
1955	1	377
1955	2	1359
1955	3	1401
1955	4	463
1955	5	156
1955	6	96
1955	7	99
1955	8	80
1955	9	48
1955	10	78
1955	11	411
1955	12	131
1956	1	171
1956	2	1596
1956	3	1200
1956	4	996
1956	5	1308
1956	6	1125
1956	7	894
1956	8	241
1956	9	108
1956	10	69
1956	11	63
1956	12	450
1957	1	503
1957	2	540
1957	3	365
1957	4	1642
1957	5	641
1957	6	733
1957	7	346
1957	8	90
1957	9	87
1957	10	73
1957	11	203
1957	12	1372
1958	1	570
1958	2	315
1958	3	527
1958	4	759
1958	5	1025
1958	6	929
1958	7	1197
1958	8	529
1958	9	261
1958	10	118
1958	11	106
1958	12	170
1959	1	2306
1959	2	1879
1959	3	794
1959	4	494
1959	5	414
1959	6	255
1959	7	150
1959	8	98
1959	9	61
1959	10	117
1959	11	388
1959	12	982
1960	1	1092
1960	2	1228
1960	3	673
1960	4	482
1960	5	371
1960	6	253
1960	7	157
1960	8	96
1960	9	58
1960	10	66
1960	11	141
1960	12	60
1961	1	168
1961	2	834
1961	3	1725
1961	4	1762
1961	5	697
1961	6	494
1961	7	174
1961	8	363
1961	9	91
1961	10	106
1961	11	245
1961	12	361
1962	1	972
1962	2	1294
1962	3	1460
1962	4	486
1962	5	175
1962	6	138
1962	7	90
1962	8	64
1962	9	94
1962	10	96
1962	11	400
1962	12	252
1963	1	528
1963	2	279
1963	3	3453
1963	4	568
1963	5	208
1963	6	120
1963	7	69
1963	8	58
1963	9	44
1963	10	40
1963	11	52
1963	12	44
1964	1	70
1964	2	59
1964	3	2449
1964	4	1873
1964	5	396
1964	6	814
1964	7	181
1964	8	127
1964	9	60
1964	10	55
1964	11	98
1964	12	228
1965	1	666
1965	2	1186
1965	3	993
1965	4	1740
1965	5	295
1965	6	148
1965	7	79
1965	8	69
1965	9	218
1965	10	423
1965	11	347
1965	12	198
1966	1	854
1966	2	1047
1966	3	460
1966	4	717
1966	5	1054
1966	6	145
1966	7	474
1966	8	203
1966	9	96
1966	10	80
1966	11	700
1966	12	1177
1967	1	241
1967	2	519
1967	3	2050
1967	4	695
1967	5	1022
1967	6	154
1967	7	107
1967	8	80
1967	9	72
1967	10	76
1967	11	259
1967	12	827
1968	1	715
1968	2	757
1968	3	859
1968	4	548
1968	5	2493
1968	6	855
1968	7	212
1968	8	275
1968	9	96
1968	10	85
1968	11	437
1968	12	983
1969	1	1308
1969	2	998
1969	3	346
1969	4	716
1969	5	611
1969	6	893
1969	7	683
1969	8	282
1969	9	137
1969	10	140
1969	11	543
1969	12	327
1970	1	730
1970	2	1129
1970	3	916
1970	4	2109
1970	5	1163
1970	6	773
1970	7	229
1970	8	141
1970	9	214
1970	10	119
1970	11	514
1970	12	842
1971	1	425
1971	2	1344
1971	3	1105
1971	4	261
1971	5	587
1971	6	234
1971	7	149
1971	8	76
1971	9	66
1971	10	59
1971	11	81
1971	12	464
1972	1	466
1972	2	521
1972	3	1019
1972	4	1540
1972	5	832
1972	6	209
1972	7	208
1972	8	364
1972	9	292
1972	10	354
1972	11	1710
1972	12	1374
1973	1	830
1973	2	691
1973	3	1204
1973	4	1545
1973	5	499
1973	6	1058
1973	7	697
1973	8	235
1973	9	103
1973	10	226
1973	11	1454
1973	12	1271
1974	1	1434
1974	2	808
1974	3	989
1974	4	1337
1974	5	582
1974	6	305
1974	7	135
1974	8	176
1974	9	336
1974	10	102
1974	11	654
1974	12	1222
1975	1	1407
1975	2	1908
1975	3	1684
1975	4	741
1975	5	338
1975	6	368
1975	7	127
1975	8	122
1975	9	478
1975	10	475
1975	11	355
1975	12	766
1976	1	1169
1976	2	1325
1976	3	538
1976	4	302
1976	5	129
1976	6	431
1976	7	457
1976	8	582
1976	9	142
1976	10	198
1976	11	433
1976	12	120
1977	1	65
1977	2	481
1977	3	1124
1977	4	1007
1977	5	337
1977	6	166
1977	7	251
1977	8	223
1977	9	248
1977	10	531
1977	11	360
1977	12	1653
1978	1	885
1978	2	307
1978	3	2089
1978	4	956
1978	5	920
1978	6	659
1978	7	190
1978	8	645
1978	9	363
1978	10	251
1978	11	353
1978	12	1485
1979	1	1222
1979	2	1550
1979	3	1302
1979	4	1345
1979	5	420
1979	6	503
1979	7	924
1979	8	2016
1979	9	2206
1979	10	528
1979	11	1068
1979	12	834
1980	1	851
1980	2	386
1980	3	1525
1980	4	1079
1980	5	725
1980	6	823
1980	7	403
1980	8	1328
1980	9	229
1980	10	149
1980	11	387
1980	12	508
1981	1	273
1981	2	1873
1981	3	472
1981	4	1658
1981	5	1332
1981	6	1533
1981	7	491
1981	8	202
1981	9	190
1981	10	91
1981	11	276
1981	12	433
1982	1	1104
1982	2	1479
1982	3	1333
1982	4	709
1982	5	301
1982	6	241
1982	7	181
1982	8	116
1982	9	81
1982	10	60
1982	11	440
1982	12	1347
1983	1	451
1983	2	676
1983	3	291
1983	4	1246
1983	5	1780
1983	6	597
1983	7	381
1983	8	126
1983	9	83
1983	10	149
1983	11	984
1983	12	1039
1984	1	310
1984	2	992
1984	3	2401
1984	4	1573
1984	5	1124
1984	6	268
1984	7	148
1984	8	143
1984	9	64
1984	10	73
1984	11	381
1984	12	777
1985	1	307
1985	2	1587
1985	3	1345
1985	4	727
1985	5	537
1985	6	192
1985	7	406
1985	8	87
1985	9	55
1985	10	57
1985	11	2402
1985	12	990
1986	1	774
1986	2	1969
1986	3	998
1986	4	241
1986	5	165
1986	6	346
1986	7	327
1986	8	77
1986	9	168
1986	10	913
1986	11	925
1986	12	1700
1987	1	543
1987	2	397
1987	3	453
1987	4	1274
1987	5	631
1987	6	757
1987	7	510
1987	8	101
1987	9	69
1987	10	63
1987	11	116
1987	12	126
1988	1	211
1988	2	1840
1988	3	854
1988	4	698
1988	5	151
1988	6	76
1988	7	254
1988	8	86
1988	9	292
1988	10	79
1988	11	821
1988	12	630
1989	1	1466
1989	2	1146
1989	3	1515
1989	4	2059
1989	5	2049
1989	6	2151
1989	7	620
1989	8	330
1989	9	432
1989	10	328
1989	11	787
1989	12	395
1990	1	1522
1990	2	2576
1990	3	404
1990	4	1061
1990	5	1904
1990	6	2142
1990	7	2114
1990	8	307
1990	9	234
1990	10	896
1990	11	441
1990	12	2867
1991	1	1349
1991	2	1358
1991	3	1402
1991	4	1480
1991	5	278
1991	6	144
1991	7	93
1991	8	69
1991	9	58
1991	10	53
1991	11	66
1991	12	130
1992	1	145
1992	2	199
1992	3	617
1992	4	527
1992	5	198
1992	6	155
1992	7	1182
1992	8	376
1992	9	169
1992	10	97
1992	11	750
1992	12	467
1993	1	1177
1993	2	598
1993	3	1713
1993	4	1144
1993	5	407
1993	6	288
1993	7	667
1993	8	101
1993	9	94
1993	10	80
1993	11	727
1993	12	780
1994	1	1254
1994	2	1071
1994	3	957
1994	4	1509
1994	5	319
1994	6	156
1994	7	192
1994	8	197
1994	9	108
1994	10	65
1994	11	161
1994	12	497
1995	1	1411
1995	2	922
1995	3	743
1995	4	662
1995	5	1009
1995	6	702
1995	7	334
1995	8	1266
1995	9	140
1995	10	273
1995	11	481
1995	12	293
1996	1	1657
1996	2	1040
1996	3	1386
1996	4	1712
1996	5	2609
1996	6	1027
1996	7	213
1996	8	126
1996	9	126
1996	10	104
1996	11	342
1996	12	1273
1997	1	629
1997	2	930
1997	3	1226
1997	4	368
1997	5	567
1997	6	1847
1997	7	933
1997	8	878
1997	9	169
1997	10	105
1997	11	344
1997	12	756
1998	1	989
1998	2	924
1998	3	718
1998	4	1335
1998	5	1127
1998	6	1081
1998	7	450
1998	8	137
1998	9	97
1998	10	128
1998	11	157
1998	12	579
1999	1	1255
1999	2	821
1999	3	903
1999	4	1220
1999	5	252
1999	6	103
1999	7	121
1999	8	84
1999	9	56
1999	10	58
1999	11	94
1999	12	140
2000	1	512
2000	2	958
2000	3	708
2000	4	1392
2000	5	619
2000	6	299
2000	7	105
2000	8	93
2000	9	147
2000	10	297
2000	11	211
2000	12	1321
2001	1	443
2001	2	933
2001	3	338
2001	4	939
2001	5	1007
2001	6	492
2001	7	164
2001	8	93
2001	9	78
2001	10	111
2001	11	319
2001	12	952
2002	1	312
2002	2	600
2002	3	796
2002	4	950
2002	5	1169
2002	6	1048
2002	7	231
2002	8	88
2002	9	79
2002	10	100
2002	11	278
2002	12	441
2003	1	418
2003	2	489
2003	3	1143
2003	4	604
2003	5	1110
2003	6	724
2003	7	217
2003	8	305
2003	9	1198
2003	10	342
2003	11	584
2003	12	931
2004	1	2194
2004	2	1364
2004	3	918
2004	4	1147
2004	5	994
2004	6	1612
2004	7	241
2004	8	549
2004	9	392
2004	10	270
2004	11	639
2004	12	1340
2005	1	5014
2005	2	1194
2005	3	957
2005	4	1265
2005	5	622
2005	6	183
2005	7	149
2005	8	244
2005	9	293
2005	10	191
2005	11	723
2005	12	579
2006	1	1208
2006	2	785
2006	3	1045
2006	4	490
2006	5	339
2006	6	706
2006	7	637
2006	8	131
2006	9	214
2006	10	1346
2006	11	889
2006	12	913
2007	1	1995
2007	2	616
2007	3	2775
2007	4	755
2007	5	290
2007	6	151
2007	7	99
2007	8	97
2007	9	68
2007	10	149
2007	11	230
2007	12	1318
2008	1	581
2008	2	1547
2008	3	3617
2008	4	829
2008	5	781
2008	6	1597
2008	7	392
2008	8	118
2008	9	92
2008	10	77
2008	11	121
2008	12	779
2009	1	246
2009	2	1190
2009	3	409
2009	4	788
2009	5	529
2009	6	346
2009	7	122
2009	8	100
2009	9	87
2009	10	212
2009	11	351
2009	12	661
2010	1	802
2010	2	433
2010	3	1475
2010	4	441
2010	5	534
2010	6	637
2010	7	159
2010	8	105
2010	9	77
2010	10	74
2010	11	196
2010	12	372
2011	1	242
2011	2	1214
2011	3	1694
2011	4	1903
2011	5	1363
2011	6	464
2011	7	307
2011	8	150
2011	9	126
2011	10	555
2011	11	1114
2011	12	2025
2012	1	1496
2012	2	715
2012	3	1415
2012	4	383
2012	5	739
2012	6	120
2012	7	86
2012	8	76
2012	9	137
2012	10	176
2012	11	228
2012	12	875
2013	1	1022
2013	2	850
2013	3	1042
2013	4	867
2013	5	372
2013	6	339
2013	7	1668
2013	8	210
2013	9	132
2013	10	308
2013	11	506
2013	12	1483
2014	1	899
2014	2	1146
2014	3	733
2014	4	1536
2014	5	1695
2014	6	1320
2014	7	657
2014	8	391
2014	9	182
2014	10	133
2014	11	138
2014	12	556
2015	1	706
2015	2	578
2015	3	1798
2015	4	1419
2015	5	463
2015	6	1357
2015	7	859
2015	8	195
2015	9	112
