1940	1	124
1940	2	750
1940	3	924
1940	4	2227
1940	5	454
1940	6	454
1940	7	164
1940	8	197
1940	9	84
1940	10	61
1940	11	205
1940	12	397
1941	1	429
1941	2	311
1941	3	181
1941	4	183
1941	5	149
1941	6	1115
1941	7	131
1941	8	255
1941	9	158
1941	10	78
1941	11	175
1941	12	200
1942	1	211
1942	2	577
1942	3	599
1942	4	769
1942	5	244
1942	6	121
1942	7	473
1942	8	93
1942	9	207
1942	10	87
1942	11	323
1942	12	914
1943	1	794
1943	2	586
1943	3	1502
1943	4	690
1943	5	775
1943	6	549
1943	7	210
1943	8	143
1943	9	54
1943	10	53
1943	11	61
1943	12	67
1944	1	132
1944	2	196
1944	3	1144
1944	4	842
1944	5	385
1944	6	281
1944	7	69
1944	8	166
1944	9	87
1944	10	70
1944	11	69
1944	12	153
1945	1	354
1945	2	1157
1945	3	2874
1945	4	996
1945	5	742
1945	6	420
1945	7	119
1945	8	57
1945	9	130
1945	10	152
1945	11	393
1945	12	350
1946	1	286
1946	2	935
1946	3	866
1946	4	303
1946	5	830
1946	6	1067
1946	7	157
1946	8	131
1946	9	56
1946	10	67
1946	11	154
1946	12	238
1947	1	1127
1947	2	478
1947	3	357
1947	4	1222
1947	5	1223
1947	6	303
1947	7	347
1947	8	303
1947	9	293
1947	10	88
1947	11	142
1947	12	185
1948	1	474
1948	2	1110
1948	3	1336
1948	4	1880
1948	5	642
1948	6	159
1948	7	798
1948	8	207
1948	9	324
1948	10	178
1948	11	453
1948	12	774
1949	1	1679
1949	2	1166
1949	3	992
1949	4	418
1949	5	201
1949	6	206
1949	7	300
1949	8	71
1949	9	60
1949	10	54
1949	11	66
1949	12	143
1950	1	1449
1950	2	1366
1950	3	661
1950	4	1045
1950	5	291
1950	6	457
1950	7	535
1950	8	115
1950	9	112
1950	10	98
1950	11	293
1950	12	1244
1951	1	1631
1951	2	1635
1951	3	1227
1951	4	833
1951	5	326
1951	6	244
1951	7	226
1951	8	59
1951	9	81
1951	10	59
1951	11	206
1951	12	874
1952	1	1580
1952	2	997
1952	3	981
1952	4	827
1952	5	232
1952	6	151
1952	7	224
1952	8	64
1952	9	55
1952	10	45
1952	11	51
1952	12	86
1953	1	462
1953	2	396
1953	3	310
1953	4	378
1953	5	361
1953	6	119
1953	7	120
1953	8	45
1953	9	30
1953	10	33
1953	11	41
1953	12	50
1954	1	100
1954	2	58
1954	3	242
1954	4	238
1954	5	242
1954	6	116
1954	7	61
1954	8	89
1954	9	36
1954	10	76
1954	11	54
1954	12	209
1955	1	223
1955	2	1008
1955	3	1275
1955	4	546
1955	5	190
1955	6	102
1955	7	106
1955	8	65
1955	9	36
1955	10	54
1955	11	140
1955	12	87
1956	1	142
1956	2	1293
1956	3	1339
1956	4	1054
1956	5	742
1956	6	333
1956	7	183
1956	8	75
1956	9	92
1956	10	57
1956	11	63
1956	12	235
1957	1	352
1957	2	707
1957	3	370
1957	4	1180
1957	5	326
1957	6	287
1957	7	117
1957	8	52
1957	9	50
1957	10	53
1957	11	119
1957	12	679
1958	1	394
1958	2	269
1958	3	377
1958	4	713
1958	5	853
1958	6	822
1958	7	1437
1958	8	634
1958	9	476
1958	10	183
1958	11	184
1958	12	316
1959	1	1312
1959	2	1116
1959	3	730
1959	4	456
1959	5	307
1959	6	112
1959	7	75
1959	8	54
1959	9	45
1959	10	112
1959	11	167
1959	12	466
1960	1	658
1960	2	704
1960	3	566
1960	4	372
1960	5	403
1960	6	163
1960	7	119
1960	8	83
1960	9	49
1960	10	53
1960	11	75
1960	12	62
1961	1	238
1961	2	538
1961	3	1093
1961	4	1366
1961	5	1073
1961	6	592
1961	7	146
1961	8	573
1961	9	78
1961	10	78
1961	11	142
1961	12	282
1962	1	667
1962	2	1025
1962	3	1025
1962	4	565
1962	5	208
1962	6	111
1962	7	108
1962	8	46
1962	9	58
1962	10	77
1962	11	236
1962	12	223
1963	1	427
1963	2	307
1963	3	2661
1963	4	543
1963	5	257
1963	6	127
1963	7	89
1963	8	68
1963	9	45
1963	10	34
1963	11	46
1963	12	40
1964	1	146
1964	2	98
1964	3	2378
1964	4	1488
1964	5	283
1964	6	191
1964	7	69
1964	8	45
1964	9	35
1964	10	38
1964	11	50
1964	12	254
1965	1	437
1965	2	674
1965	3	867
1965	4	1493
1965	5	273
1965	6	113
1965	7	88
1965	8	51
1965	9	192
1965	10	250
1965	11	219
1965	12	185
1966	1	597
1966	2	1150
1966	3	418
1966	4	683
1966	5	656
1966	6	116
1966	7	574
1966	8	161
1966	9	109
1966	10	102
1966	11	577
1966	12	732
1967	1	206
1967	2	516
1967	3	1896
1967	4	726
1967	5	1007
1967	6	162
1967	7	114
1967	8	71
1967	9	68
1967	10	70
1967	11	156
1967	12	384
1968	1	536
1968	2	566
1968	3	963
1968	4	419
1968	5	2499
1968	6	885
1968	7	191
1968	8	191
1968	9	76
1968	10	66
1968	11	103
1968	12	337
1969	1	729
1969	2	764
1969	3	289
1969	4	628
1969	5	349
1969	6	368
1969	7	219
1969	8	298
1969	9	69
1969	10	75
1969	11	129
1969	12	150
1970	1	359
1970	2	681
1970	3	797
1970	4	1848
1970	5	419
1970	6	248
1970	7	138
1970	8	192
1970	9	142
1970	10	151
1970	11	310
1970	12	608
1971	1	457
1971	2	1410
1971	3	857
1971	4	219
1971	5	419
1971	6	191
1971	7	93
1971	8	84
1971	9	61
1971	10	57
1971	11	71
1971	12	195
1972	1	244
1972	2	440
1972	3	754
1972	4	1407
1972	5	499
1972	6	230
1972	7	127
1972	8	193
1972	9	223
1972	10	233
1972	11	1241
1972	12	1135
1973	1	668
1973	2	604
1973	3	650
1973	4	1444
1973	5	617
1973	6	597
1973	7	451
1973	8	191
1973	9	96
1973	10	154
1973	11	631
1973	12	573
1974	1	889
1974	2	670
1974	3	536
1974	4	922
1974	5	627
1974	6	681
1974	7	234
1974	8	249
1974	9	489
1974	10	128
1974	11	314
1974	12	867
1975	1	700
1975	2	1597
1975	3	1392
1975	4	778
1975	5	356
1975	6	408
1975	7	146
1975	8	205
1975	9	599
1975	10	669
1975	11	303
1975	12	637
1976	1	949
1976	2	1092
1976	3	449
1976	4	326
1976	5	160
1976	6	366
1976	7	1253
1976	8	495
1976	9	135
1976	10	167
1976	11	170
1976	12	143
1977	1	100
1977	2	565
1977	3	781
1977	4	695
1977	5	464
1977	6	138
1977	7	147
1977	8	135
1977	9	132
1977	10	185
1977	11	154
1977	12	811
1978	1	1013
1978	2	338
1978	3	1626
1978	4	721
1978	5	845
1978	6	395
1978	7	136
1978	8	233
1978	9	99
1978	10	236
1978	11	257
1978	12	1170
1979	1	1249
1979	2	1898
1979	3	771
1979	4	989
1979	5	535
1979	6	583
1979	7	416
1979	8	1210
1979	9	1087
1979	10	525
1979	11	520
1979	12	520
1980	1	621
1980	2	281
1980	3	1057
1980	4	1004
1980	5	576
1980	6	516
1980	7	702
1980	8	1686
1980	9	351
1980	10	139
1980	11	179
1980	12	244
1981	1	188
1981	2	1151
1981	3	552
1981	4	1131
1981	5	1238
1981	6	1445
1981	7	216
1981	8	109
1981	9	103
1981	10	87
1981	11	130
1981	12	167
1982	1	647
1982	2	836
1982	3	942
1982	4	498
1982	5	243
1982	6	227
1982	7	130
1982	8	119
1982	9	109
1982	10	77
1982	11	228
1982	12	880
1983	1	342
1983	2	523
1983	3	220
1983	4	1084
1983	5	1842
1983	6	315
1983	7	235
1983	8	90
1983	9	72
1983	10	200
1983	11	488
1983	12	676
1984	1	297
1984	2	602
1984	3	1370
1984	4	1279
1984	5	740
1984	6	230
1984	7	133
1984	8	82
1984	9	54
1984	10	90
1984	11	179
1984	12	389
1985	1	212
1985	2	1189
1985	3	1015
1985	4	851
1985	5	450
1985	6	138
1985	7	364
1985	8	164
1985	9	72
1985	10	80
1985	11	1863
1985	12	662
1986	1	449
1986	2	1305
1986	3	686
1986	4	240
1986	5	139
1986	6	130
1986	7	199
1986	8	77
1986	9	106
1986	10	142
1986	11	242
1986	12	724
1987	1	301
1987	2	248
1987	3	226
1987	4	979
1987	5	351
1987	6	172
1987	7	144
1987	8	57
1987	9	46
1987	10	57
1987	11	61
1987	12	111
1988	1	177
1988	2	924
1988	3	751
1988	4	588
1988	5	163
1988	6	69
1988	7	61
1988	8	53
1988	9	89
1988	10	82
1988	11	359
1988	12	297
1989	1	584
1989	2	1010
1989	3	1212
1989	4	1425
1989	5	1901
1989	6	812
1989	7	366
1989	8	571
1989	9	326
1989	10	349
1989	11	422
1989	12	293
1990	1	963
1990	2	1196
1990	3	473
1990	4	719
1990	5	1633
1990	6	1302
1990	7	578
1990	8	211
1990	9	164
1990	10	444
1990	11	306
1990	12	1844
1991	1	1112
1991	2	1211
1991	3	1337
1991	4	1453
1991	5	265
1991	6	161
1991	7	114
1991	8	73
1991	9	60
1991	10	60
1991	11	70
1991	12	165
1992	1	147
1992	2	187
1992	3	473
1992	4	380
1992	5	263
1992	6	174
1992	7	1173
1992	8	344
1992	9	131
1992	10	87
1992	11	225
1992	12	174
1993	1	551
1993	2	636
1993	3	1250
1993	4	897
1993	5	338
1993	6	203
1993	7	278
1993	8	76
1993	9	88
1993	10	182
1993	11	792
1993	12	402
1994	1	1005
1994	2	853
1994	3	1045
1994	4	1324
1994	5	499
1994	6	214
1994	7	262
1994	8	109
1994	9	89
1994	10	64
1994	11	113
1994	12	240
1995	1	837
1995	2	540
1995	3	547
1995	4	429
1995	5	1388
1995	6	457
1995	7	211
1995	8	266
1995	9	75
1995	10	113
1995	11	164
1995	12	219
1996	1	1044
1996	2	672
1996	3	1346
1996	4	862
1996	5	2061
1996	6	1175
1996	7	338
1996	8	189
1996	9	138
1996	10	106
1996	11	244
1996	12	652
1997	1	476
1997	2	678
1997	3	1653
1997	4	401
1997	5	356
1997	6	365
1997	7	248
1997	8	1015
1997	9	144
1997	10	106
1997	11	307
1997	12	448
1998	1	1148
1998	2	924
1998	3	766
1998	4	1116
1998	5	760
1998	6	596
1998	7	197
1998	8	85
1998	9	82
1998	10	176
1998	11	115
1998	12	220
1999	1	1226
1999	2	723
1999	3	864
1999	4	528
1999	5	201
1999	6	83
1999	7	60
1999	8	59
1999	9	44
1999	10	51
1999	11	83
1999	12	126
2000	1	371
2000	2	1051
2000	3	711
2000	4	1133
2000	5	385
2000	6	308
2000	7	107
2000	8	79
2000	9	119
2000	10	121
2000	11	96
2000	12	510
2001	1	195
2001	2	525
2001	3	504
2001	4	1116
2001	5	732
2001	6	379
2001	7	158
2001	8	106
2001	9	66
2001	10	140
2001	11	216
2001	12	456
2002	1	311
2002	2	367
2002	3	703
2002	4	718
2002	5	871
2002	6	787
2002	7	146
2002	8	62
2002	9	56
2002	10	106
2002	11	187
2002	12	320
2003	1	330
2003	2	429
2003	3	909
2003	4	340
2003	5	574
2003	6	555
2003	7	435
2003	8	196
2003	9	447
2003	10	249
2003	11	608
2003	12	778
2004	1	1349
2004	2	1086
2004	3	638
2004	4	1093
2004	5	1159
2004	6	1075
2004	7	343
2004	8	209
2004	9	732
2004	10	364
2004	11	719
2004	12	1007
2005	1	2806
2005	2	758
2005	3	932
2005	4	1158
2005	5	427
2005	6	169
2005	7	116
2005	8	98
2005	9	117
2005	10	123
2005	11	350
2005	12	281
2006	1	736
2006	2	508
2006	3	587
2006	4	732
2006	5	314
2006	6	303
2006	7	293
2006	8	115
2006	9	387
2006	10	1002
2006	11	613
2006	12	482
2007	1	1453
2007	2	825
2007	3	1565
2007	4	652
2007	5	201
2007	6	97
2007	7	102
2007	8	103
2007	9	69
2007	10	115
2007	11	174
2007	12	742
2008	1	423
2008	2	1116
2008	3	2808
2008	4	747
2008	5	820
2008	6	1226
2008	7	565
2008	8	114
2008	9	70
2008	10	66
2008	11	94
2008	12	448
2009	1	385
2009	2	772
2009	3	443
2009	4	989
2009	5	466
2009	6	442
2009	7	154
2009	8	167
2009	9	139
2009	10	225
2009	11	226
2009	12	449
2010	1	607
2010	2	412
2010	3	1051
2010	4	309
2010	5	671
2010	6	421
2010	7	160
2010	8	204
2010	9	70
2010	10	82
2010	11	279
2010	12	398
2011	1	330
2011	2	1075
2011	3	1502
2011	4	2383
2011	5	1545
2011	6	527
2011	7	348
2011	8	231
2011	9	195
2011	10	483
2011	11	1050
2011	12	1290
2012	1	1279
2012	2	569
2012	3	929
2012	4	312
2012	5	589
2012	6	87
2012	7	60
2012	8	59
2012	9	60
2012	10	87
2012	11	94
2012	12	444
2013	1	484
2013	2	521
2013	3	820
2013	4	472
2013	5	349
2013	6	272
2013	7	773
2013	8	137
2013	9	87
2013	10	116
2013	11	294
2013	12	958
2014	1	618
2014	2	980
2014	3	419
2014	4	937
2014	5	1080
2014	6	282
2014	7	139
2014	8	89
2014	9	69
2014	10	85
2014	11	90
2014	12	218
2015	1	321
2015	2	301
2015	3	1228
2015	4	1201
2015	5	236
2015	6	533
2015	8	93
2015	9	66
