1940	1	374
1940	2	2584
1940	3	2442
1940	4	5441
1940	5	3260
1940	6	4696
1940	7	2184
1940	8	2605
1940	9	794
1940	10	199
1940	11	610
1940	12	1248
1941	1	2138
1941	2	1276
1941	3	2700
1941	4	2734
1941	5	586
1941	6	653
1941	7	1495
1941	8	292
1941	9	321
1941	10	93
1941	11	288
1941	12	1590
1942	1	1519
1942	2	2677
1942	3	3440
1942	4	1276
1942	5	4422
1942	6	1879
1942	7	520
1942	8	3800
1942	9	826
1942	10	2164
1942	11	2068
1942	12	5275
1943	1	3792
1943	2	3781
1943	3	5966
1943	4	3557
1943	5	2493
1943	6	1033
1943	7	1339
1943	8	469
1943	9	154
1943	10	102
1943	11	464
1943	12	484
1944	1	1904
1944	2	3673
1944	3	6654
1944	4	3791
1944	5	3068
1944	6	676
1944	7	172
1944	8	109
1944	9	128
1944	10	414
1944	11	435
1944	12	2091
1945	1	3105
1945	2	4612
1945	3	5269
1945	4	1798
1945	5	2546
1945	6	1137
1945	7	859
1945	8	596
1945	9	1648
1945	10	287
1945	11	1854
1945	12	1858
1946	1	5406
1946	2	3945
1946	3	3571
1946	4	1773
1946	5	3128
1946	6	1020
1946	7	708
1946	8	135
1946	9	59
1946	10	107
1946	11	154
1946	12	321
1947	1	4129
1947	2	1031
1947	3	4635
1947	4	2850
1947	5	1390
1947	6	759
1947	7	324
1947	8	481
1947	9	441
1947	10	284
1947	11	1974
1947	12	1233
1948	1	1045
1948	2	5752
1948	3	5781
1948	4	6003
1948	5	3235
1948	6	1414
1948	7	781
1948	8	1530
1948	9	435
1948	10	840
1948	11	2513
1948	12	6644
1949	1	5990
1949	2	4201
1949	3	3248
1949	4	4094
1949	5	2633
1949	6	863
1949	7	1816
1949	8	625
1949	9	332
1949	10	457
1949	11	2550
1949	12	4873
1950	1	3689
1950	2	6529
1950	3	4179
1950	4	1549
1950	5	3468
1950	6	1630
1950	7	691
1950	8	571
1950	9	1616
1950	10	484
1950	11	1207
1950	12	4100
1951	1	2466
1951	2	6061
1951	3	4886
1951	4	5880
1951	5	1601
1951	6	3700
1951	7	528
1951	8	202
1951	9	177
1951	10	76
1951	11	490
1951	12	2572
1952	1	7096
1952	2	2846
1952	3	5550
1952	4	3510
1952	5	3524
1952	6	529
1952	7	220
1952	8	598
1952	9	169
1952	10	106
1952	11	267
1952	12	1185
1953	1	3919
1953	2	5767
1953	3	4952
1953	4	2851
1953	5	2569
1953	6	908
1953	7	303
1953	8	84
1953	9	62
1953	10	46
1953	11	76
1953	12	850
1954	1	2671
1954	2	1385
1954	3	5273
1954	4	3416
1954	5	2694
1954	6	1163
1954	7	2528
1954	8	682
1954	9	424
1954	10	2148
1954	11	1711
1954	12	4011
1955	1	2191
1955	2	6988
1955	3	10462
1955	4	1716
1955	5	1425
1955	6	613
1955	7	252
1955	8	296
1955	9	124
1955	10	110
1955	11	257
1955	12	400
1956	1	368
1956	2	6107
1956	3	4798
1956	4	4801
1956	5	1793
1956	6	1792
1956	7	997
1956	8	969
1956	9	432
1956	10	781
1956	11	1576
1956	12	2893
1957	1	5678
1957	2	6993
1957	3	3080
1957	4	4250
1957	5	922
1957	6	1410
1957	7	546
1957	8	173
1957	9	505
1957	10	840
1957	11	1585
1957	12	4504
1958	1	2675
1958	2	3775
1958	3	5645
1958	4	7225
1958	5	5041
1958	6	559
1958	7	1520
1958	8	2267
1958	9	338
1958	10	152
1958	11	255
1958	12	548
1959	1	2018
1959	2	2110
1959	3	3736
1959	4	5677
1959	5	2840
1959	6	2060
1959	7	208
1959	8	297
1959	9	91
1959	10	543
1959	11	1551
1959	12	3317
1960	1	3031
1960	2	3086
1960	3	4561
1960	4	5758
1960	5	2947
1960	6	1120
1960	7	392
1960	8	258
1960	9	858
1960	10	211
1960	11	443
1960	12	260
1961	1	1335
1961	2	7248
1961	3	5125
1961	4	4566
1961	5	3572
1961	6	1786
1961	7	946
1961	8	740
1961	9	268
1961	10	2031
1961	11	1996
1961	12	4882
1962	1	3753
1962	2	4963
1962	3	7103
1962	4	3493
1962	5	835
1962	6	700
1962	7	290
1962	8	244
1962	9	82
1962	10	169
1962	11	1754
1962	12	1261
1963	1	3435
1963	2	1380
1963	3	12911
1963	4	1201
1963	5	1327
1963	6	813
1963	7	263
1963	8	190
1963	9	140
1963	10	72
1963	11	458
1963	12	988
1964	1	3760
1964	2	2177
1964	3	8071
1964	4	3481
1964	5	860
1964	6	258
1964	7	129
1964	8	173
1964	9	114
1964	10	890
1964	11	493
1964	12	2605
1965	1	5025
1965	2	3946
1965	3	5123
1965	4	4826
1965	5	1760
1965	6	304
1965	7	210
1965	8	85
1965	9	361
1965	10	778
1965	11	231
1965	12	287
1966	1	887
1966	2	4371
1966	3	2818
1966	4	3493
1966	5	3503
1966	6	445
1966	7	113
1966	8	252
1966	9	1068
1966	10	1678
1966	11	1471
1966	12	2328
1967	1	3398
1967	2	2091
1967	3	9660
1967	4	2350
1967	5	5472
1967	6	1341
1967	7	413
1967	8	531
1967	9	408
1967	10	1226
1967	11	793
1967	12	4684
1968	1	2183
1968	2	2915
1968	3	4710
1968	4	2388
1968	5	3057
1968	6	1522
1968	7	245
1968	8	308
1968	9	99
1968	10	370
1968	11	1200
1968	12	1525
1969	1	1797
1969	2	2220
1969	3	2310
1969	4	2568
1969	5	1536
1969	6	398
1969	7	406
1969	8	2783
1969	9	765
1969	10	217
1969	11	530
1969	12	2951
1970	1	3534
1970	2	3876
1970	3	3450
1970	4	4394
1970	5	1213
1970	6	455
1970	7	913
1970	8	372
1970	9	131
1970	10	176
1970	11	2217
1970	12	2967
1971	1	3254
1971	2	7466
1971	3	3990
1971	4	2439
1971	5	3740
1971	6	1885
1971	7	382
1971	8	523
1971	9	909
1971	10	637
1971	11	785
1971	12	3317
1972	1	4276
1972	2	6378
1972	3	4481
1972	4	4652
1972	5	3640
1972	6	4011
1972	7	3372
1972	8	1437
1972	9	229
1972	10	1653
1972	11	5627
1972	12	7174
1973	1	1938
1973	2	4491
1973	3	5490
1973	4	6607
1973	5	4207
1973	6	2018
1973	7	656
1973	8	411
1973	9	169
1973	10	544
1973	11	2576
1973	12	7865
1974	1	7336
1974	2	2335
1974	3	4804
1974	4	2515
1974	5	3515
1974	6	3226
1974	7	700
1974	8	378
1974	9	556
1974	10	644
1974	11	781
1974	12	3280
1975	1	4735
1975	2	6038
1975	3	7483
1975	4	3393
1975	5	4875
1975	6	1623
1975	7	719
1975	8	301
1975	9	1484
1975	10	1601
1975	11	1619
1975	12	1253
1976	1	4961
1976	2	3848
1976	3	2517
1976	4	1598
1976	5	857
1976	6	991
1976	7	603
1976	8	255
1976	9	153
1976	10	5112
1976	11	1987
1976	12	2639
1977	1	489
1977	2	2851
1977	3	5089
1977	4	5191
1977	5	725
1977	6	364
1977	7	349
1977	8	502
1977	9	377
1977	10	1648
1977	11	3092
1977	12	4373
1978	1	4414
1978	2	930
1978	3	8879
1978	4	2488
1978	5	3537
1978	6	687
1978	7	675
1978	8	1214
1978	9	160
1978	10	94
1978	11	168
1978	12	3238
1979	1	7431
1979	2	5617
1979	3	5466
1979	4	3217
1979	5	3798
1979	6	3766
1979	7	919
1979	8	915
1979	9	1982
1979	10	3414
1979	11	3780
1979	12	2011
1980	1	4049
1980	2	2125
1980	3	7503
1980	4	5772
1980	5	2893
1980	6	717
1980	7	791
1980	8	867
1980	9	251
1980	10	164
1980	11	658
1980	12	682
1981	1	301
1981	2	3397
1981	3	2073
1981	4	3083
1981	5	4858
1981	6	3785
1981	7	713
1981	8	229
1981	9	625
1981	10	771
1981	11	510
1981	12	2506
1982	1	3667
1982	2	7837
1982	3	6804
1982	4	2689
1982	5	1566
1982	6	4713
1982	7	702
1982	8	769
1982	9	190
1982	10	434
1982	11	1719
1982	12	3660
1983	1	1100
1983	2	3761
1983	3	4890
1983	4	6315
1983	5	3936
1983	6	1298
1983	7	847
1983	8	175
1983	9	68
1983	10	1050
1983	11	2227
1983	12	4528
1984	1	1676
1984	2	6963
1984	3	6153
1984	4	6642
1984	5	4047
1984	6	509
1984	7	1214
1984	8	3458
1984	9	849
1984	10	699
1984	11	2420
1984	12	3636
1985	1	2743
1985	2	4726
1985	3	3788
1985	4	1805
1985	5	3077
1985	6	709
1985	7	380
1985	8	612
1985	9	156
1985	10	197
1985	11	6108
1985	12	2540
1986	1	1099
1986	2	4534
1986	3	4147
1986	4	900
1986	5	1803
1986	6	537
1986	7	1217
1986	8	252
1986	9	301
1986	10	254
1986	11	2287
1986	12	4436
1987	1	2916
1987	2	3302
1987	3	5949
1987	4	9535
1987	5	2046
1987	6	717
1987	7	311
1987	8	72
1987	9	470
1987	10	189
1987	11	684
1987	12	2954
1988	1	3289
1988	2	1692
1988	3	1435
1988	4	1563
1988	5	2252
1988	6	252
1988	7	152
1988	8	98
1988	9	317
1988	10	222
1988	11	961
1988	12	1343
1989	1	3387
1989	2	3206
1989	3	4215
1989	4	4327
1989	5	6672
1989	6	2338
1989	7	735
1989	8	1853
1989	9	1458
1989	10	3403
1989	11	2794
1989	12	1042
1990	1	6009
1990	2	5602
1990	3	3183
1990	4	2704
1990	5	3224
1990	6	1289
1990	7	866
1990	8	736
1990	9	264
1990	10	2307
1990	11	1152
1990	12	4292
1991	1	6413
1991	2	3415
1991	3	7622
1991	4	3333
1991	5	1046
1991	6	245
1991	7	173
1991	8	387
1991	9	150
1991	10	79
1991	11	299
1991	12	3521
1992	1	1790
1992	2	4220
1992	3	5180
1992	4	3559
1992	5	2494
1992	6	2614
1992	7	627
1992	8	295
1992	9	218
1992	10	95
1992	11	621
1992	12	2492
1993	1	2326
1993	2	1581
1993	3	10280
1993	4	4283
1993	5	1339
1993	6	753
1993	7	210
1993	8	94
1993	9	317
1993	10	275
1993	11	1776
1993	12	3459
1994	1	5701
1994	2	9096
1994	3	8350
1994	4	3569
1994	5	3478
1994	6	369
1994	7	954
1994	8	1525
1994	9	233
1994	10	102
1994	11	194
1994	12	901
1995	1	5039
1995	2	3212
1995	3	3443
1995	4	1503
1995	5	4097
1995	6	2853
1995	7	668
1995	8	180
1995	9	95
1995	10	304
1995	11	1572
1995	12	2325
1996	1	9207
1996	2	4824
1996	3	5652
1996	4	2319
1996	5	6651
1996	6	2012
1996	7	897
1996	8	2440
1996	9	2004
1996	10	879
1996	11	3374
1996	12	5998
1997	1	3100
1997	2	3361
1997	3	6734
1997	4	2001
1997	5	2012
1997	6	1556
1997	7	414
1997	8	240
1997	9	106
1997	10	130
1997	11	848
1997	12	997
1998	1	5812
1998	2	7212
1998	3	6052
1998	4	4961
1998	5	4077
1998	6	2174
1998	7	737
1998	8	250
1998	9	98
1998	10	94
1998	11	107
1998	12	268
1999	1	3798
1999	2	2035
1999	3	4870
1999	4	1558
1999	5	1444
1999	6	218
1999	7	84
1999	8	101
1999	9	134
1999	10	398
1999	11	634
1999	12	1771
2000	1	739
2000	2	4392
2000	3	3674
2000	4	3954
2000	5	1303
2000	6	1063
2000	7	1055
2000	8	1557
2000	9	1318
2000	10	409
2000	11	373
2000	12	1252
2001	1	1673
2001	2	2658
2001	3	3124
2001	4	2291
2001	5	4922
2001	6	1193
2001	7	1923
2001	8	1212
2001	9	210
2001	10	104
2001	11	85
2001	12	304
2002	1	859
2002	2	731
2002	3	3216
2002	4	6046
2002	5	4121
2002	6	393
2002	7	1004
2002	8	280
2002	9	392
2002	10	1799
2002	11	5311
2002	12	4963
2003	1	2754
2003	2	6405
2003	3	6312
2003	4	5997
2003	5	6255
2003	6	6592
2003	7	1768
2003	8	1299
2003	9	3173
2003	10	1464
2003	11	7111
2003	12	4116
2004	1	2714
2004	2	4510
2004	3	4809
2004	4	5611
2004	5	3406
2004	6	3028
2004	7	350
2004	8	362
2004	9	2517
2004	10	1339
2004	11	3459
2004	12	4648
2005	1	2940
2005	2	3282
2005	3	5482
2005	4	3523
2005	5	2622
2005	6	446
2005	7	1104
2005	8	657
2005	9	178
2005	10	158
2005	11	736
2005	12	1917
2006	1	3836
2006	2	1791
2006	3	1091
2006	4	4508
2006	5	837
2006	6	2396
2006	7	1277
2006	8	181
2006	9	299
2006	10	1843
2006	11	2992
2006	12	1461
2007	1	3991
2007	2	1766
2007	3	6953
2007	4	5168
2007	5	1945
2007	6	750
2007	7	309
2007	8	186
2007	9	129
2007	10	360
2007	11	610
2007	12	2948
2008	1	3154
2008	2	3480
2008	3	4938
2008	4	3565
2008	5	4475
2008	6	652
2008	7	399
2008	8	132
2008	9	94
2008	10	62
2008	11	149
2008	12	2411
2009	1	3367
2009	2	1685
2009	3	2847
2009	4	3502
2009	5	5610
2009	6	2136
2009	7	512
2009	8	795
2009	9	478
2009	10	1205
2009	11	2049
2009	12	5287
2010	1	6310
2010	2	1951
2010	3	6661
2010	4	1484
2010	5	3039
2010	6	684
2010	7	169
2010	8	179
2010	9	66
2010	10	256
2010	11	334
2010	12	1203
2011	1	873
2011	2	2459
2011	3	7593
2011	4	8082
2011	5	4227
2011	6	521
2011	7	174
2011	8	73
2011	9	330
2011	10	371
2011	11	1390
2011	12	4135
2012	1	3823
2012	2	2723
2012	3	6967
2012	4	2246
2012	5	3378
2012	6	429
2012	7	176
2012	8	276
2012	9	523
2012	10	393
2012	11	656
2012	12	1339
2013	1	4710
2013	2	3511
2013	3	3469
2013	4	4351
2013	5	4405
2013	6	2477
2013	7	964
2013	8	935
2013	9	666
2013	10	248
2013	11	1271
2013	12	7099
2014	1	2285
2014	2	6148
2014	3	3817
2014	4	3619
2014	5	4128
2014	6	584
2014	7	150
2014	8	217
2014	9	110
2014	10	550
2014	11	574
2014	12	2950
2015	1	2118
2015	2	1697
2015	3	9816
2015	4	7798
2015	5	1091
2015	6	1373
2015	7	2265
2015	8	324
2015	9	164
