1940	1	16
1940	2	166
1940	3	315
1940	4	393
1940	5	58
1940	6	180
1940	7	361
1940	8	184
1940	9	39
1940	10	4
1940	11	9
1940	12	14
1941	1	56
1941	2	35
1941	3	309
1941	4	227
1941	5	45
1941	6	11
1941	7	184
1941	8	10
1941	9	5
1941	10	1
1941	11	6
1941	12	55
1942	1	89
1942	2	105
1942	3	632
1942	4	57
1942	5	238
1942	6	226
1942	7	691
1942	8	399
1942	9	30
1942	10	65
1942	11	149
1942	12	672
1943	1	440
1943	2	437
1943	3	745
1943	4	462
1943	5	134
1943	6	87
1943	7	179
1943	8	11
1943	9	1
1943	10	5
1943	11	14
1943	12	29
1944	1	130
1944	2	858
1944	3	895
1944	4	504
1944	5	172
1944	6	55
1944	7	18
1944	8	104
1944	9	77
1944	10	145
1944	11	127
1944	12	335
1945	1	470
1945	2	744
1945	3	450
1945	4	274
1945	5	306
1945	6	373
1945	7	51
1945	8	55
1945	9	28
1945	10	11
1945	11	168
1945	12	397
1946	1	840
1946	2	556
1946	3	430
1946	4	314
1946	5	423
1946	6	41
1946	7	262
1946	8	169
1946	9	18
1946	10	30
1946	11	41
1946	12	121
1947	1	943
1947	2	192
1947	3	541
1947	4	350
1947	5	81
1947	6	98
1947	7	66
1947	8	152
1947	9	25
1947	10	8
1947	11	31
1947	12	50
1948	1	85
1948	2	881
1948	3	691
1948	4	577
1948	5	85
1948	6	26
1948	7	22
1948	8	27
1948	9	6
1948	10	3
1948	11	143
1948	12	361
1949	1	405
1949	2	475
1949	3	523
1949	4	434
1949	5	222
1949	6	32
1949	7	169
1949	8	260
1949	9	34
1949	10	180
1949	11	368
1949	12	504
1950	1	909
1950	2	789
1950	3	335
1950	4	178
1950	5	597
1950	6	191
1950	7	108
1950	8	68
1950	9	130
1950	10	33
1950	11	156
1950	12	545
1951	1	324
1951	2	691
1951	3	588
1951	4	490
1951	5	349
1951	6	268
1951	7	74
1951	8	10
1951	9	33
1951	10	10
1951	11	320
1951	12	639
1952	1	815
1952	2	359
1952	3	723
1952	4	398
1952	5	296
1952	6	80
1952	7	22
1952	8	48
1952	9	16
1952	10	6
1952	11	75
1952	12	195
1953	1	379
1953	2	496
1953	3	476
1953	4	235
1953	5	821
1953	6	96
1953	7	63
1953	8	6
1953	9	3
1953	10	0
1953	11	2
1953	12	14
1954	1	326
1954	2	49
1954	3	367
1954	4	154
1954	5	269
1954	6	54
1954	7	87
1954	8	20
1954	9	8
1954	10	8
1954	11	17
1954	12	192
1955	1	183
1955	2	1034
1955	3	1761
1955	4	264
1955	5	91
1955	6	14
1955	7	49
1955	8	19
1955	9	1
1955	10	13
1955	11	20
1955	12	27
1956	1	80
1956	2	1103
1956	3	841
1956	4	916
1956	5	236
1956	6	211
1956	7	362
1956	8	68
1956	9	62
1956	10	19
1956	11	78
1956	12	293
1957	1	1188
1957	2	1117
1957	3	422
1957	4	484
1957	5	86
1957	6	149
1957	7	32
1957	8	11
1957	9	37
1957	10	32
1957	11	180
1957	12	473
1958	1	265
1958	2	483
1958	3	482
1958	4	930
1958	5	891
1958	6	58
1958	7	136
1958	8	203
1958	9	22
1958	10	19
1958	11	24
1958	12	103
1959	1	338
1959	2	281
1959	3	322
1959	4	571
1959	5	154
1959	6	114
1959	7	38
1959	8	35
1959	9	27
1959	10	114
1959	11	444
1959	12	503
1960	1	443
1960	2	639
1960	3	501
1960	4	330
1960	5	89
1960	6	35
1960	7	141
1960	8	35
1960	9	66
1960	10	29
1960	11	40
1960	12	127
1961	1	346
1961	2	708
1961	3	651
1961	4	654
1961	5	430
1961	6	108
1961	7	156
1961	8	152
1961	9	20
1961	10	41
1961	11	88
1961	12	504
1962	1	682
1962	2	888
1962	3	652
1962	4	497
1962	5	97
1962	6	211
1962	7	121
1962	8	34
1962	9	47
1962	10	29
1962	11	368
1962	12	415
1963	1	290
1963	2	439
1963	3	1967
1963	4	100
1963	5	124
1963	6	52
1963	7	33
1963	8	40
1963	9	21
1963	10	4
1963	11	44
1963	12	68
1964	1	375
1964	2	416
1964	3	772
1964	4	583
1964	5	110
1964	6	253
1964	7	59
1964	8	40
1964	9	55
1964	10	206
1964	11	245
1964	12	416
1965	1	576
1965	2	370
1965	3	722
1965	4	539
1965	5	97
1965	6	24
1965	7	5
1965	8	6
1965	9	42
1965	10	111
1965	11	24
1965	12	16
1966	1	31
1966	2	329
1966	3	256
1966	4	58
1966	5	253
1966	6	9
1966	7	104
1966	8	82
1966	9	168
1966	10	282
1966	11	516
1966	12	616
1967	1	386
1967	2	449
1967	3	1004
1967	4	320
1967	5	391
1967	6	491
1967	7	177
1967	8	133
1967	9	32
1967	10	132
1967	11	248
1967	12	489
1968	1	495
1968	2	124
1968	3	517
1968	4	236
1968	5	326
1968	6	178
1968	7	44
1968	8	139
1968	9	40
1968	10	104
1968	11	207
1968	12	131
1969	1	305
1969	2	511
1969	3	312
1969	4	64
1969	5	55
1969	6	48
1969	7	99
1969	8	45
1969	9	77
1969	10	95
1969	11	186
1969	12	59
1970	1	643
1970	2	660
1970	3	226
1970	4	161
1970	5	534
1970	6	56
1970	7	88
1970	8	90
1970	9	49
1970	10	93
1970	11	235
1970	12	221
1971	1	420
1971	2	609
1971	3	350
1971	4	99
1971	5	859
1971	6	292
1971	7	205
1971	8	243
1971	9	148
1971	10	561
1971	11	377
1971	12	313
1972	1	1171
1972	2	853
1972	3	375
1972	4	630
1972	5	261
1972	6	121
1972	7	60
1972	8	75
1972	9	105
1972	10	222
1972	11	280
1972	12	847
1973	1	181
1973	2	322
1973	3	715
1973	4	439
1973	5	466
1973	6	145
1973	7	179
1973	8	108
1973	9	108
1973	10	187
1973	11	410
1973	12	765
1974	1	1107
1974	2	509
1974	3	831
1974	4	267
1974	5	372
1974	6	494
1974	7	87
1974	8	128
1974	9	142
1974	10	212
1974	11	465
1974	12	370
1975	1	657
1975	2	706
1975	3	1180
1975	4	709
1975	5	1074
1975	6	113
1975	7	86
1975	8	104
1975	9	90
1975	10	235
1975	11	314
1975	12	175
1976	1	479
1976	2	462
1976	3	332
1976	4	138
1976	5	62
1976	6	89
1976	7	88
1976	8	97
1976	9	93
1976	10	426
1976	11	210
1976	12	268
1977	1	182
1977	2	298
1977	3	226
1977	4	1004
1977	5	143
1977	6	53
1977	7	52
1977	8	58
1977	9	97
1977	10	459
1977	11	678
1977	12	443
1978	1	552
1978	2	318
1978	3	700
1978	4	120
1978	5	651
1978	6	200
1978	7	139
1978	8	90
1978	9	77
1978	10	411
1978	11	338
1978	12	705
1979	1	961
1979	2	462
1979	3	898
1979	4	53
1979	5	258
1979	6	485
1979	7	212
1979	8	122
1979	9	167
1979	10	279
1979	11	651
1979	12	257
1980	1	559
1980	2	293
1980	3	677
1980	4	187
1980	5	259
1980	6	86
1980	7	146
1980	8	63
1980	9	50
1980	10	164
1980	11	188
1980	12	65
1981	1	37
1981	2	425
1981	3	300
1981	4	216
1981	5	124
1981	6	254
1981	7	62
1981	8	87
1981	9	67
1981	10	197
1981	11	513
1981	12	125
1982	1	585
1982	2	648
1982	3	297
1982	4	49
1982	5	47
1982	6	143
1982	7	77
1982	8	92
1982	9	405
1982	10	341
1982	11	386
1982	12	449
1983	1	243
1983	2	486
1983	3	173
1983	4	253
1983	5	637
1983	6	132
1983	7	71
1983	8	85
1983	9	52
1983	10	92
1983	11	145
1983	12	333
1984	1	262
1984	2	198
1984	3	440
1984	4	316
1984	5	992
1984	6	118
1984	7	182
1984	8	67
1984	9	61
1984	10	635
1984	11	193
1984	12	216
1985	1	244
1985	2	372
1985	3	253
1985	4	55
1985	5	54
1985	6	53
1985	7	61
1985	8	67
1985	9	63
1985	10	118
1985	11	264
1985	12	286
1986	1	103
1986	2	854
1986	3	339
1986	4	58
1986	5	56
1986	6	62
1986	7	66
1986	8	93
1986	9	58
1986	10	61
1986	11	427
1986	12	355
1987	1	354
1987	2	561
1987	3	404
1987	4	890
1987	5	222
1987	6	135
1987	7	140
1987	8	93
1987	9	69
1987	10	98
1987	11	171
1987	12	174
1988	1	197
1988	2	195
1988	3	109
1988	4	188
1988	5	51
1988	6	84
1988	7	101
1988	8	100
1988	9	71
1988	10	48
1988	11	51
1988	12	248
1989	1	394
1989	2	535
1989	3	357
1989	4	260
1989	5	776
1989	6	755
1989	7	320
1989	8	195
1989	9	366
1989	10	926
1989	11	399
1989	12	147
1990	1	348
1990	2	897
1990	3	326
1990	4	219
1990	5	396
1990	6	175
1990	7	74
1990	8	58
1990	9	68
1990	10	215
1990	11	439
1990	12	270
1991	1	551
1991	2	621
1991	3	803
1991	4	138
1991	5	166
1991	6	174
1991	7	217
1991	8	233
1991	9	71
1991	10	185
1991	11	210
1991	12	1003
1992	1	353
1992	2	92
1992	3	494
1992	4	201
1992	5	359
1992	6	193
1992	7	101
1992	8	175
1992	9	54
1992	10	188
1992	11	212
1992	12	379
1993	1	248
1993	2	519
1993	3	1055
1993	4	204
1993	5	174
1993	6	86
1993	7	72
1993	8	66
1993	9	61
1993	10	177
1993	11	306
1993	12	481
1994	1	659
1994	2	1343
1994	3	945
1994	4	945
1994	5	377
1994	6	118
1994	7	118
1994	8	245
1994	9	68
1994	10	190
1994	11	176
1994	12	66
1995	1	452
1995	2	691
1995	3	555
1995	4	46
1995	5	446
1995	6	116
1995	7	54
1995	8	43
1995	9	54
1995	10	98
1995	11	367
1995	12	211
1996	1	709
1996	2	566
1996	3	688
1996	4	137
1996	5	550
1996	6	134
1996	7	80
1996	8	79
1996	9	79
1996	10	286
1996	11	432
1996	12	497
1997	1	463
1997	2	365
1997	3	814
1997	4	54
1997	5	240
1997	6	217
1997	7	77
1997	8	42
1997	9	40
1997	10	156
1997	11	172
1997	12	83
1998	1	301
1998	2	632
1998	3	503
1998	4	886
1998	5	523
1998	6	491
1998	7	137
1998	8	116
1998	9	65
1998	10	140
1998	11	380
1998	12	270
1999	1	190
1999	2	191
1999	3	630
1999	4	46
1999	5	99
1999	6	55
1999	7	65
1999	8	98
1999	9	75
1999	10	106
1999	11	76
1999	12	60
2000	1	79
2000	2	323
2000	3	258
2000	4	240
2000	5	116
2000	6	66
2000	7	198
2000	8	141
2000	9	59
2000	10	149
2000	11	189
2000	12	120
2001	1	100
2001	2	432
2001	3	166
2001	4	117
2001	5	434
2001	6	204
2001	7	347
2001	8	267
2001	9	98
2001	10	211
2001	11	168
2001	12	109
2002	1	590
2002	2	224
2002	3	528
2002	4	464
2002	5	397
2002	6	89
2002	7	105
2002	8	59
2002	9	66
2002	10	205
2002	11	567
2002	12	572
2003	1	201
2003	2	886
2003	3	277
2003	4	763
2003	5	571
2003	6	659
2003	7	198
2003	8	166
2003	9	119
2003	10	201
2003	11	468
2003	12	351
2004	1	696
2004	2	469
2004	3	457
2004	4	169
2004	5	395
2004	6	812
2004	7	166
2004	8	94
2004	9	317
2004	10	355
2004	11	465
2004	12	791
2005	1	483
2005	2	476
2005	3	632
2005	4	379
2005	5	408
2005	6	106
2005	7	203
2005	8	77
2005	9	55
2005	10	149
2005	11	180
2005	12	61
2006	1	256
2006	2	132
2006	3	145
2006	4	254
2006	5	228
2006	6	222
2006	7	84
2006	8	49
2006	9	179
2006	10	497
2006	11	481
2006	12	135
2007	1	392
2007	2	199
2007	3	390
2007	4	438
2007	5	198
2007	6	52
2007	7	47
2007	8	70
2007	9	87
2007	10	111
2007	11	56
2007	12	155
2008	1	99
2008	2	184
2008	3	417
2008	4	124
2008	5	109
2008	6	65
2008	7	100
2008	8	93
2008	9	77
2008	10	175
2008	11	169
2008	12	330
2009	1	574
2009	2	371
2009	3	599
2009	4	120
2009	5	559
2009	6	598
2009	7	148
2009	8	231
2009	9	235
2009	10	230
2009	11	424
2009	12	694
2010	1	543
2010	2	613
2010	3	407
2010	4	42
2010	5	652
2010	6	258
2010	7	75
2010	8	97
2010	9	59
2010	10	177
2010	11	234
2010	12	351
2011	1	274
2011	2	310
2011	3	904
2011	4	718
2011	5	596
2011	6	145
2011	7	405
2011	8	138
2011	9	364
2011	10	387
2011	11	1011
2011	12	644
2012	1	65
2012	2	564
2012	3	761
2012	4	193
2012	5	192
2012	6	88
2012	7	122
2012	8	183
2012	9	85
2012	10	169
2012	11	393
2012	12	264
2013	1	655
2013	2	602
2013	3	628
2013	4	340
2013	5	301
2013	6	318
2013	7	191
2013	8	117
2013	9	63
2013	10	128
2013	11	306
2013	12	702
2014	1	420
2014	2	665
2014	3	447
2014	4	37
2014	5	145
2014	6	138
2014	7	132
2014	8	248
2014	9	119
2014	10	315
2014	11	500
2014	12	320
2015	1	283
2015	2	417
2015	3	1402
2015	4	402
2015	5	192
2015	6	112
2015	7	308
2015	8	70
2015	9	48
