1940	1	43
1940	2	302
1940	3	391
1940	4	666
1940	5	114
1940	6	350
1940	7	50
1940	8	8
1940	9	13
1940	10	3
1940	11	35
1940	12	199
1941	1	131
1941	2	189
1941	3	52
1941	4	47
1941	5	22
1941	6	187
1941	7	24
1941	8	21
1941	9	5
1941	10	21
1941	11	41
1941	12	52
1942	1	58
1942	2	322
1942	3	178
1942	4	395
1942	5	129
1942	6	123
1942	7	53
1942	8	10
1942	9	7
1942	10	8
1942	11	82
1942	12	457
1943	1	233
1943	2	292
1943	3	557
1943	4	114
1943	5	190
1943	6	89
1943	7	145
1943	8	283
1943	9	31
1943	10	7
1943	11	14
1943	12	12
1944	1	22
1944	2	61
1944	3	444
1944	4	470
1944	5	98
1944	6	55
1944	7	6
1944	8	3
1944	9	4
1944	10	3
1944	11	5
1944	12	6
1945	1	10
1945	2	291
1945	3	914
1945	4	290
1945	5	252
1945	6	306
1945	7	79
1945	8	10
1945	9	7
1945	10	10
1945	11	43
1945	12	90
1946	1	88
1946	2	375
1946	3	283
1946	4	51
1946	5	240
1946	6	415
1946	7	30
1946	8	17
1946	9	3
1946	10	17
1946	11	72
1946	12	205
1947	1	598
1947	2	91
1947	3	156
1947	4	404
1947	5	568
1947	6	670
1947	7	234
1947	8	81
1947	9	118
1947	10	14
1947	11	64
1947	12	56
1948	1	231
1948	2	483
1948	3	566
1948	4	598
1948	5	189
1948	6	32
1948	7	28
1948	8	14
1948	9	7
1948	10	18
1948	11	164
1948	12	206
1949	1	795
1949	2	402
1949	3	227
1949	4	244
1949	5	55
1949	6	87
1949	7	74
1949	8	27
1949	9	16
1949	10	12
1949	11	11
1949	12	133
1950	1	1191
1950	2	585
1950	3	229
1950	4	287
1950	5	96
1950	6	45
1950	7	33
1950	8	18
1950	9	23
1950	10	30
1950	11	199
1950	12	474
1951	1	574
1951	2	582
1951	3	415
1951	4	302
1951	5	97
1951	6	75
1951	7	18
1951	8	0
1951	9	1
1951	10	0
1951	11	69
1951	12	519
1952	1	794
1952	2	344
1952	3	409
1952	4	465
1952	5	89
1952	6	22
1952	7	17
1952	8	1
1952	9	0
1952	10	0
1952	11	0
1952	12	18
1953	1	130
1953	2	111
1953	3	155
1953	4	91
1953	5	145
1953	6	12
1953	7	60
1953	8	10
1953	9	0
1953	10	0
1953	11	0
1953	12	1
1954	1	22
1954	2	31
1954	3	194
1954	4	228
1954	5	44
1954	6	81
1954	7	6
1954	8	15
1954	9	0
1954	10	24
1954	11	12
1954	12	50
1955	1	101
1955	2	435
1955	3	579
1955	4	83
1955	5	24
1955	6	25
1955	7	17
1955	8	5
1955	9	3
1955	10	3
1955	11	144
1955	12	25
1956	1	27
1956	2	630
1956	3	351
1956	4	211
1956	5	365
1956	6	129
1956	7	164
1956	8	51
1956	9	8
1956	10	2
1956	11	6
1956	12	35
1957	1	131
1957	2	117
1957	3	108
1957	4	776
1957	5	499
1957	6	228
1957	7	67
1957	8	4
1957	9	12
1957	10	6
1957	11	41
1957	12	300
1958	1	106
1958	2	51
1958	3	134
1958	4	235
1958	5	253
1958	6	337
1958	7	254
1958	8	167
1958	9	38
1958	10	14
1958	11	22
1958	12	42
1959	1	1031
1959	2	604
1959	3	249
1959	4	186
1959	5	168
1959	6	125
1959	7	25
1959	8	7
1959	9	5
1959	10	16
1959	11	59
1959	12	229
1960	1	296
1960	2	293
1960	3	125
1960	4	182
1960	5	128
1960	6	39
1960	7	24
1960	8	29
1960	9	4
1960	10	7
1960	11	13
1960	12	7
1961	1	26
1961	2	249
1961	3	586
1961	4	628
1961	5	165
1961	6	127
1961	7	32
1961	8	59
1961	9	50
1961	10	11
1961	11	61
1961	12	93
1962	1	312
1962	2	335
1962	3	408
1962	4	103
1962	5	38
1962	6	19
1962	7	20
1962	8	9
1962	9	18
1962	10	18
1962	11	87
1962	12	45
1963	1	105
1963	2	45
1963	3	1090
1963	4	111
1963	5	47
1963	6	20
1963	7	15
1963	8	12
1963	9	3
1963	10	2
1963	11	4
1963	12	5
1964	1	8
1964	2	9
1964	3	862
1964	4	705
1964	5	147
1964	6	216
1964	7	29
1964	8	17
1964	9	5
1964	10	5
1964	11	8
1964	12	40
1965	1	139
1965	2	315
1965	3	354
1965	4	537
1965	5	50
1965	6	26
1965	7	18
1965	8	27
1965	9	80
1965	10	161
1965	11	55
1965	12	53
1966	1	227
1966	2	363
1966	3	99
1966	4	158
1966	5	160
1966	6	24
1966	7	315
1966	8	118
1966	9	39
1966	10	15
1966	11	239
1966	12	431
1967	1	60
1967	2	165
1967	3	750
1967	4	224
1967	5	435
1967	6	51
1967	7	32
1967	8	22
1967	9	17
1967	10	28
1967	11	64
1967	12	264
1968	1	247
1968	2	175
1968	3	247
1968	4	127
1968	5	643
1968	6	96
1968	7	95
1968	8	60
1968	9	21
1968	10	20
1968	11	74
1968	12	317
1969	1	376
1969	2	207
1969	3	106
1969	4	375
1969	5	466
1969	6	213
1969	7	242
1969	8	58
1969	9	25
1969	10	29
1969	11	146
1969	12	85
1970	1	267
1970	2	261
1970	3	225
1970	4	599
1970	5	219
1970	6	160
1970	7	53
1970	8	43
1970	9	35
1970	10	25
1970	11	35
1970	12	101
1971	1	65
1971	2	485
1971	3	264
1971	4	43
1971	5	161
1971	6	82
1971	7	38
1971	8	23
1971	9	27
1971	10	14
1971	11	18
1971	12	161
1972	1	172
1972	2	143
1972	3	395
1972	4	792
1972	5	461
1972	6	39
1972	7	108
1972	8	256
1972	9	194
1972	10	210
1972	11	670
1972	12	435
1973	1	285
1973	2	224
1973	3	483
1973	4	471
1973	5	166
1973	6	605
1973	7	129
1973	8	131
1973	9	20
1973	10	57
1973	11	240
1973	12	318
1974	1	478
1974	2	453
1974	3	309
1974	4	521
1974	5	131
1974	6	116
1974	7	40
1974	8	44
1974	9	44
1974	10	30
1974	11	95
1974	12	316
1975	1	366
1975	2	436
1975	3	203
1975	4	73
1975	5	54
1975	6	109
1975	7	26
1975	8	28
1975	9	46
1975	10	33
1975	11	25
1975	12	80
1976	1	134
1976	2	434
1976	3	170
1976	4	29
1976	5	28
1976	6	88
1976	7	63
1976	8	187
1976	9	74
1976	10	110
1976	11	97
1976	12	171
1977	1	88
1977	2	231
1977	3	482
1977	4	409
1977	5	112
1977	6	58
1977	7	46
1977	8	51
1977	9	67
1977	10	113
1977	11	65
1977	12	603
1978	1	254
1978	2	48
1978	3	397
1978	4	461
1978	5	266
1978	6	85
1978	7	31
1978	8	53
1978	9	20
1978	10	81
1978	11	69
1978	12	166
1979	1	275
1979	2	214
1979	3	580
1979	4	550
1979	5	74
1979	6	112
1979	7	169
1979	8	340
1979	9	693
1979	10	168
1979	11	507
1979	12	261
1980	1	273
1980	2	120
1980	3	373
1980	4	256
1980	5	183
1980	6	400
1980	7	221
1980	8	807
1980	9	737
1980	10	41
1980	11	61
1980	12	109
1981	1	27
1981	2	202
1981	3	42
1981	4	196
1981	5	394
1981	6	474
1981	7	54
1981	8	18
1981	9	33
1981	10	48
1981	11	140
1981	12	123
1982	1	214
1982	2	599
1982	3	499
1982	4	70
1982	5	43
1982	6	124
1982	7	11
1982	8	10
1982	9	19
1982	10	88
1982	11	188
1982	12	425
1983	1	96
1983	2	140
1983	3	38
1983	4	237
1983	5	607
1983	6	121
1983	7	108
1983	8	23
1983	9	22
1983	10	75
1983	11	356
1983	12	354
1984	1	70
1984	2	411
1984	3	662
1984	4	337
1984	5	301
1984	6	35
1984	7	24
1984	8	24
1984	9	20
1984	10	58
1984	11	215
1984	12	225
1985	1	129
1985	2	344
1985	3	420
1985	4	60
1985	5	109
1985	6	94
1985	7	64
1985	8	33
1985	9	14
1985	10	82
1985	11	636
1985	12	417
1986	1	137
1986	2	483
1986	3	326
1986	4	50
1986	5	32
1986	6	58
1986	7	189
1986	8	18
1986	9	269
1986	10	535
1986	11	333
1986	12	381
1987	1	64
1987	2	32
1987	3	48
1987	4	138
1987	5	101
1987	6	214
1987	7	442
1987	8	22
1987	9	15
1987	10	15
1987	11	73
1987	12	32
1988	1	27
1988	2	287
1988	3	162
1988	4	141
1988	5	31
1988	6	18
1988	7	96
1988	8	53
1988	9	64
1988	10	19
1988	11	102
1988	12	93
1989	1	337
1989	2	210
1989	3	270
1989	4	433
1989	5	474
1989	6	520
1989	7	137
1989	8	125
1989	9	95
1989	10	171
1989	11	142
1989	12	48
1990	1	234
1990	2	783
1990	3	97
1990	4	96
1990	5	540
1990	6	601
1990	7	532
1990	8	36
1990	9	60
1990	10	345
1990	11	143
1990	12	780
1991	1	505
1991	2	354
1991	3	347
1991	4	140
1991	5	62
1991	6	23
1991	7	18
1991	8	17
1991	9	42
1991	10	45
1991	11	41
1991	12	51
1992	1	38
1992	2	24
1992	3	69
1992	4	82
1992	5	39
1992	6	40
1992	7	254
1992	8	61
1992	9	41
1992	10	16
1992	11	383
1992	12	92
1993	1	556
1993	2	163
1993	3	453
1993	4	323
1993	5	113
1993	6	133
1993	7	396
1993	8	13
1993	9	34
1993	10	43
1993	11	325
1993	12	280
1994	1	158
1994	2	478
1994	3	201
1994	4	214
1994	5	69
1994	6	78
1994	7	194
1994	8	73
1994	9	30
1994	10	42
1994	11	110
1994	12	78
1995	1	286
1995	2	197
1995	3	233
1995	4	102
1995	5	428
1995	6	421
1995	7	435
1995	8	392
1995	9	20
1995	10	109
1995	11	235
1995	12	49
1996	1	453
1996	2	295
1996	3	385
1996	4	312
1996	5	863
1996	6	320
1996	7	91
1996	8	29
1996	9	89
1996	10	83
1996	11	134
1996	12	432
1997	1	192
1997	2	253
1997	3	419
1997	4	42
1997	5	90
1997	6	584
1997	7	97
1997	8	172
1997	9	19
1997	10	56
1997	11	76
1997	12	142
1998	1	180
1998	2	136
1998	3	200
1998	4	265
1998	5	242
1998	6	180
1998	7	208
1998	8	36
