1940	1	49
1940	2	384
1940	3	509
1940	4	632
1940	5	197
1940	6	271
1940	7	44
1940	8	3
1940	9	5
1940	10	1
1940	11	29
1940	12	233
1941	1	174
1941	2	201
1941	3	75
1941	4	50
1941	5	15
1941	6	151
1941	7	25
1941	8	42
1941	9	3
1941	10	33
1941	11	80
1941	12	73
1942	1	77
1942	2	376
1942	3	201
1942	4	288
1942	5	197
1942	6	138
1942	7	84
1942	8	8
1942	9	8
1942	10	17
1942	11	151
1942	12	550
1943	1	265
1943	2	405
1943	3	619
1943	4	121
1943	5	283
1943	6	157
1943	7	249
1943	8	461
1943	9	31
1943	10	5
1943	11	10
1943	12	10
1944	1	30
1944	2	77
1944	3	520
1944	4	505
1944	5	68
1944	6	54
1944	7	0
1944	8	0
1944	9	0
1944	10	1
1944	11	1
1944	12	4
1945	1	7
1945	2	515
1945	3	1014
1945	4	327
1945	5	274
1945	6	425
1945	7	208
1945	8	4
1945	9	2
1945	10	15
1945	11	97
1945	12	251
1946	1	107
1946	2	496
1946	3	353
1946	4	41
1946	5	243
1946	6	469
1946	7	53
1946	8	22
1946	9	0
1946	10	28
1946	11	128
1946	12	250
1947	1	676
1947	2	83
1947	3	187
1947	4	431
1947	5	553
1947	6	746
1947	7	321
1947	8	40
1947	9	181
1947	10	17
1947	11	94
1947	12	88
1948	1	277
1948	2	620
1948	3	674
1948	4	600
1948	5	168
1948	6	24
1948	7	34
1948	8	14
1948	9	1
1948	10	7
1948	11	173
1948	12	250
1949	1	922
1949	2	452
1949	3	250
1949	4	316
1949	5	51
1949	6	234
1949	7	191
1949	8	40
1949	9	13
1949	10	7
1949	11	8
1949	12	153
1950	1	1266
1950	2	603
1950	3	263
1950	4	298
1950	5	147
1950	6	74
1950	7	70
1950	8	12
1950	9	14
1950	10	20
1950	11	190
1950	12	554
1951	1	658
1951	2	692
1951	3	446
1951	4	330
1951	5	93
1951	6	77
1951	7	21
1951	8	0
1951	9	0
1951	10	1
1951	11	138
1951	12	603
1952	1	844
1952	2	424
1952	3	437
1952	4	483
1952	5	69
1952	6	6
1952	7	10
1952	8	0
1952	9	0
1952	10	0
1952	11	1
1952	12	8
1953	1	175
1953	2	114
1953	3	165
1953	4	100
1953	5	144
1953	6	15
1953	7	124
1953	8	8
1953	9	0
1953	10	0
1953	11	1
1953	12	3
1954	1	36
1954	2	51
1954	3	293
1954	4	227
1954	5	45
1954	6	30
1954	7	3
1954	8	6
1954	9	0
1954	10	8
1954	11	15
1954	12	74
1955	1	139
1955	2	503
1955	3	690
1955	4	45
1955	5	21
1955	6	0
1955	7	0
1955	8	4
1955	9	3
1955	10	0
1955	11	1
1955	12	0
1956	1	0
1956	2	5
1956	3	341
1956	4	356
1956	5	385
1956	6	336
1956	7	331
1956	8	209
1956	9	47
1956	10	51
1956	11	35
1956	12	34
1957	1	41
1957	2	56
1957	3	165
1957	4	763
1957	5	582
1957	6	176
1957	7	222
1957	8	99
1957	9	64
1957	10	56
1957	11	42
1957	12	97
1958	1	117
1958	2	62
1958	3	168
1958	4	261
1958	5	301
1958	6	254
1958	7	324
1958	8	151
1958	9	47
1958	10	53
1958	11	52
1958	12	52
1959	1	870
1959	2	567
1959	3	288
1959	4	230
1959	5	230
1959	6	214
1959	7	93
1959	8	70
1959	9	65
1959	10	55
1959	11	47
1959	12	68
1960	1	178
1960	2	409
1960	3	154
1960	4	217
1960	5	149
1960	6	87
1960	7	59
1960	8	57
1960	9	67
1960	10	67
1960	11	67
1960	12	60
1961	1	58
1961	2	65
1961	3	493
1961	4	782
1961	5	204
1961	6	215
1961	7	78
1961	8	79
1961	9	108
1961	10	81
1961	11	69
1961	12	71
1962	1	150
1962	2	398
1962	3	526
1962	4	119
1962	5	72
1962	6	74
1962	7	78
1962	8	83
1962	9	77
1962	10	75
1962	11	70
1962	12	64
1963	1	76
1963	2	73
1963	3	956
1963	4	130
1963	5	86
1963	6	93
1963	7	98
1963	8	81
1963	9	75
1963	10	85
1963	11	64
1963	12	55
1964	1	54
1964	2	52
1964	3	289
1964	4	776
1964	5	248
1964	6	283
1964	7	71
1964	8	73
1964	9	72
1964	10	67
1964	11	58
1964	12	55
1965	1	57
1965	2	193
1965	3	374
1965	4	582
1965	5	75
1965	6	73
1965	7	76
1965	8	69
1965	9	66
1965	10	67
1965	11	64
1965	12	62
1966	1	70
1966	2	210
1966	3	105
1966	4	112
1966	5	194
1966	6	90
1966	7	216
1966	8	74
1966	9	72
1966	10	68
1966	11	64
1966	12	388
1967	1	74
1967	2	201
1967	3	736
1967	4	217
1967	5	371
1967	6	87
1967	7	126
1967	8	73
1967	9	73
1967	10	72
1967	11	69
1967	12	201
1968	1	91
1968	2	229
1968	3	251
1968	4	137
1968	5	721
1968	6	165
1968	7	89
1968	8	90
1968	9	82
1968	10	87
1968	11	82
1968	12	90
1969	1	452
1969	2	273
1969	3	97
1969	4	447
1969	5	494
1969	6	177
1969	7	168
1969	8	86
1969	9	86
1969	10	76
1969	11	78
1969	12	92
1970	1	109
1970	2	340
1970	3	274
1970	4	559
1970	5	129
1970	6	105
1970	7	108
1970	8	109
1970	9	111
1970	10	110
1970	11	115
1970	12	101
1971	1	108
1971	2	117
1971	3	295
1971	4	99
1971	5	99
1971	6	106
1971	7	93
1971	8	101
1971	9	100
1971	10	97
1971	11	91
1971	12	92
1972	1	97
1972	2	91
1972	3	89
1972	4	660
1972	5	369
1972	6	103
1972	7	104
1972	8	111
1972	9	120
1972	10	105
1972	11	649
1972	12	502
1973	1	299
1973	2	238
1973	3	400
1973	4	523
1973	5	160
1973	6	703
1973	7	222
1973	8	135
1973	9	116
1973	10	122
1973	11	195
1973	12	373
1974	1	538
1974	2	217
1974	3	341
1974	4	490
1974	5	110
1974	6	107
1974	7	122
1974	8	118
1974	9	110
1974	10	114
1974	11	101
1974	12	101
1975	1	528
1975	2	781
1975	3	428
1975	4	206
1975	5	124
1975	6	147
1975	7	118
1975	8	127
1975	9	121
1975	10	135
1975	11	129
1975	12	109
1976	1	137
1976	2	417
1976	3	180
1976	4	133
1976	5	137
1976	6	126
1976	7	122
1976	8	130
1976	9	111
1976	10	179
1976	11	127
1976	12	100
1977	1	106
1977	2	113
1977	3	109
1977	4	314
1977	5	144
1977	6	129
1977	7	126
1977	8	123
1977	9	121
1977	10	136
1977	11	143
1977	12	232
1978	1	351
1978	2	210
1978	3	754
1978	4	350
1978	5	249
1978	6	177
1978	7	141
1978	8	130
1978	9	125
1978	10	121
1978	11	108
1978	12	95
1979	1	109
1979	2	258
1979	3	411
1979	4	172
1979	5	116
1979	6	126
1979	7	141
1979	8	390
1979	9	625
1979	10	289
1979	11	514
1979	12	294
1980	1	314
1980	2	144
1980	3	466
1980	4	365
1980	5	161
1980	6	294
1980	7	189
1980	8	655
1980	9	159
1980	10	163
1980	11	141
1980	12	127
1981	1	122
1981	2	342
1981	3	184
1981	4	290
1981	5	455
1981	6	408
1981	7	166
1981	8	157
1981	9	142
1981	10	174
1981	11	137
1981	12	118
1982	1	132
1982	2	297
1982	3	597
1982	4	152
1982	5	139
1982	6	132
1982	7	160
1982	8	151
1982	9	126
1982	10	112
1982	11	98
1982	12	90
1983	1	93
1983	2	102
1983	3	105
1983	4	161
1983	5	558
1983	6	152
1983	7	138
1983	8	142
1983	9	123
1983	10	105
1983	11	100
1983	12	274
1984	1	117
1984	2	316
1984	3	736
1984	4	419
1984	5	321
1984	6	148
1984	7	135
1984	8	126
1984	9	112
1984	10	110
1984	11	106
1984	12	101
1985	1	110
1985	2	184
1985	3	223
1985	4	176
1985	5	160
1985	6	132
1985	7	128
1985	8	127
1985	9	136
1985	10	115
1985	11	118
1985	12	215
1986	1	192
1986	2	479
1986	3	368
1986	4	129
1986	5	139
1986	6	149
1986	7	147
1986	8	156
1986	9	131
1986	10	152
1986	11	207
1986	12	493
1987	1	139
1987	2	122
1987	3	125
1987	4	196
1987	5	195
1987	6	411
1987	7	503
1987	8	167
1987	9	142
1987	10	128
1987	11	109
1987	12	104
1988	1	101
1988	2	101
1988	3	102
1988	4	258
1988	5	138
1988	6	154
1988	7	121
1988	8	116
1988	9	115
1988	10	113
1988	11	111
1988	12	107
1989	1	135
1989	2	203
1989	3	480
1989	4	503
1989	5	592
1989	6	663
1989	7	137
1989	8	122
1989	9	109
1989	10	111
1989	11	104
1989	12	111
1990	1	132
1990	2	555
1990	3	125
1990	4	199
1990	5	636
1990	6	411
1990	7	466
1990	8	138
1990	9	118
1990	10	126
1990	11	113
1990	12	926
1991	1	421
1991	2	410
1991	3	359
1991	4	254
1991	5	181
1991	6	189
1991	7	165
1991	8	155
1991	9	150
1991	10	148
1991	11	130
1991	12	125
1992	1	125
1992	2	123
1992	3	116
1992	4	130
1992	5	143
1992	6	146
1992	7	211
1992	8	127
1992	9	121
1992	10	126
1992	11	219
1992	12	104
1993	1	650
1993	2	158
1993	3	645
1993	4	492
1993	5	134
1993	6	121
1993	7	324
1993	8	159
1993	9	130
1993	10	131
1993	11	121
1993	12	108
1994	1	308
1994	2	293
1994	3	259
1994	4	454
1994	5	132
1994	6	154
1994	7	137
1994	8	142
1994	9	129
1994	10	125
1994	11	107
1994	12	79
1995	1	86
1995	2	106
1995	3	234
1995	4	238
1995	5	421
1995	6	505
1995	7	258
1995	8	462
1995	9	151
1995	10	136
1995	11	114
1995	12	102
1996	1	437
1996	2	391
1996	3	380
1996	4	579
1996	5	786
1996	6	429
1996	7	143
1996	8	134
1996	9	117
1996	10	128
1996	11	121
1996	12	102
1997	1	113
1997	2	323
1997	3	475
1997	4	117
1997	5	178
1997	6	719
1997	7	129
1997	8	126
1997	9	118
1997	10	144
1997	11	124
1997	12	105
1998	1	111
1998	2	137
1998	3	223
1998	4	404
1998	5	403
1998	6	279
1998	7	174
1998	8	155
1998	9	158
1998	10	133
1998	11	131
1998	12	129
1999	1	144
1999	2	134
1999	3	366
1999	4	313
1999	5	184
1999	6	198
1999	7	180
1999	8	166
1999	9	165
1999	10	143
1999	11	147
1999	12	130
2000	1	126
2000	2	147
2000	3	246
2000	4	716
2000	5	221
2000	6	169
2000	7	148
2000	8	151
2000	9	154
2000	10	144
2000	11	153
2000	12	153
2001	1	149
2001	2	166
2001	3	132
2001	4	289
2001	5	326
2001	6	309
2001	7	159
2001	8	140
2001	9	125
2001	10	135
2001	11	113
2001	12	99
2002	1	103
2002	2	122
2002	3	274
2002	4	471
2002	5	316
2002	6	228
2002	7	179
2002	8	171
2002	9	157
2002	10	146
2002	11	159
2002	12	128
2003	1	142
2003	2	147
2003	3	243
2003	4	276
2003	5	455
2003	6	339
2003	7	160
2003	8	147
2003	9	527
2003	10	168
2003	11	128
2003	12	347
2004	1	633
2004	2	283
2004	3	344
2004	4	335
2004	5	573
2004	6	663
2004	7	156
2004	8	139
2004	9	136
2004	10	168
2004	11	122
2004	12	127
2005	1	1534
2005	2	289
2005	3	257
2005	4	423
2005	5	133
2005	6	163
2005	7	151
2005	8	160
2005	9	136
2005	10	123
2005	11	132
2005	12	112
2006	1	109
2006	2	145
2006	3	307
2006	4	128
2006	5	153
2006	6	269
2006	7	154
2006	8	160
2006	9	132
2006	10	128
2006	11	134
2006	12	220
2007	1	598
2007	2	148
2007	3	949
2007	4	193
2007	5	153
2007	6	147
2007	7	134
2007	8	128
2007	9	128
2007	10	122
2007	11	117
2007	12	129
2008	1	163
2008	2	443
2008	3	1107
2008	4	214
2008	5	286
2008	6	432
2008	7	150
2008	8	151
2008	9	139
2008	10	141
2008	11	138
2008	12	138
2009	1	130
2009	2	117
2009	3	113
2009	4	230
2009	5	259
2009	6	132
2009	7	128
2009	8	130
2009	9	126
2009	10	121
2009	11	123
2009	12	130
2010	1	226
2010	2	172
2010	3	542
2010	4	167
2010	5	144
2010	6	202
2010	7	162
2010	8	142
2010	9	139
2010	10	154
2010	11	123
2010	12	121
2011	1	117
2011	2	203
2011	3	763
2011	4	759
2011	5	446
2011	6	166
2011	7	159
2011	8	161
2011	9	149
2011	10	153
2011	11	333
2011	12	757
2012	1	491
2012	2	182
2012	3	250
2012	4	133
2012	5	382
2012	6	169
2012	7	165
2012	8	152
2012	9	138
2012	10	131
2012	11	126
2012	12	126
2013	1	224
2013	2	245
2013	3	333
2013	4	343
2013	5	177
2013	6	143
2013	7	562
2013	8	149
2013	9	135
2013	10	99
2013	11	130
2013	12	450
2014	1	276
2014	2	356
2014	3	226
2014	4	583
2014	5	410
2014	6	772
2014	7	157
2014	8	151
2014	9	160
2014	10	133
2014	11	129
2014	12	132
2015	1	130
2015	2	133
2015	3	481
2015	4	497
2015	5	167
2015	6	521
2015	7	389
2015	8	155
2015	9	149
