1940	1	183
1940	2	1270
1940	3	1856
1940	4	2924
1940	5	243
1940	6	815
1940	7	227
1940	8	103
1940	9	91
1940	10	73
1940	11	60
1940	12	582
1941	1	579
1941	2	694
1941	3	248
1941	4	305
1941	5	159
1941	6	1005
1941	7	384
1941	8	87
1941	9	79
1941	10	67
1941	11	35
1941	12	201
1942	1	211
1942	2	1315
1942	3	1176
1942	4	2210
1942	5	209
1942	6	264
1942	7	83
1942	8	82
1942	9	86
1942	10	87
1942	11	61
1942	12	932
1943	1	1217
1943	2	1186
1943	3	2654
1943	4	486
1943	5	1429
1943	6	464
1943	7	414
1943	8	922
1943	9	126
1943	10	86
1943	11	84
1943	12	76
1944	1	80
1944	2	79
1944	3	1878
1944	4	2259
1944	5	426
1944	6	301
1944	7	102
1944	8	66
1944	9	57
1944	10	52
1944	11	44
1944	12	38
1945	1	36
1945	2	868
1945	3	3031
1945	4	1244
1945	5	1349
1945	6	1730
1945	7	500
1945	8	616
1945	9	59
1945	10	358
1945	11	445
1945	12	463
1946	1	904
1946	2	1268
1946	3	1515
1946	4	151
1946	5	607
1946	6	2354
1946	7	128
1946	8	39
1946	9	65
1946	10	57
1946	11	56
1946	12	389
1947	1	1874
1947	2	734
1947	3	847
1947	4	2181
1947	5	2310
1947	6	3407
1947	7	468
1947	8	664
1947	9	485
1947	10	190
1947	11	427
1947	12	255
1948	1	1189
1948	2	2165
1948	3	2592
1948	4	2905
1948	5	1318
1948	6	154
1948	7	116
1948	8	85
1948	9	79
1948	10	83
1948	11	811
1948	12	1592
1949	1	4095
1949	2	1843
1949	3	1224
1949	4	1028
1949	5	294
1949	6	505
1949	7	264
1949	8	135
1949	9	163
1949	10	81
1949	11	86
1949	12	178
1950	1	5954
1950	2	3614
1950	3	1201
1950	4	1532
1950	5	621
1950	6	290
1950	7	89
1950	8	74
1950	9	148
1950	10	459
1950	11	1073
1950	12	2405
1951	1	2789
1951	2	3210
1951	3	1834
1951	4	1545
1951	5	753
1951	6	349
1951	7	105
1951	8	69
1951	9	68
1951	10	65
1951	11	23
1951	12	1347
1952	1	4717
1952	2	1623
1952	3	2376
1952	4	2258
1952	5	388
1952	6	110
1952	7	59
1952	8	71
1952	9	61
1952	10	43
1952	11	39
1952	12	12
1953	1	617
1953	2	461
1953	3	928
1953	4	347
1953	5	1528
1953	6	87
1953	7	98
1953	8	77
1953	9	56
1953	10	61
1953	11	14
1953	12	38
1954	1	38
1954	2	56
1954	3	514
1954	4	1160
1954	5	219
1954	6	413
1954	7	54
1954	8	47
1954	9	69
1954	10	61
1954	11	58
1954	12	209
1955	1	534
1955	2	1856
1955	3	3040
1955	4	372
1955	5	94
1955	6	57
1955	7	62
1955	8	76
1955	9	68
1955	10	63
1955	11	479
1955	12	116
1956	1	79
1956	2	2939
1956	3	2459
1956	4	734
1956	5	949
1956	6	522
1956	7	545
1956	8	144
1956	9	74
1956	10	52
1956	11	45
1956	12	30
1957	1	503
1957	2	608
1957	3	471
1957	4	4705
1957	5	1627
1957	6	1394
1957	7	888
1957	8	79
1957	9	496
1957	10	118
1957	11	556
1957	12	2421
1958	1	711
1958	2	533
1958	3	846
1958	4	1267
1958	5	974
1958	6	2236
1958	7	1211
1958	8	1361
1958	9	373
1958	10	129
1958	11	264
1958	12	276
1959	1	4615
1959	2	3112
1959	3	1447
1959	4	1086
1959	5	1063
1959	6	203
1959	7	219
1959	8	131
1959	9	55
1959	10	54
1959	11	61
1959	12	823
1960	1	1576
1960	2	1449
1960	3	757
1960	4	855
1960	5	299
1960	6	290
1960	7	70
1960	8	171
1960	9	61
1960	10	52
1960	11	57
1960	12	42
1961	1	58
1961	2	893
1961	3	3094
1961	4	3632
1961	5	541
1961	6	315
1961	7	69
1961	8	229
1961	9	164
1961	10	45
1961	11	185
1961	12	403
1962	1	2025
1962	2	1405
1962	3	2528
1962	4	382
1962	5	144
1962	6	109
1962	7	54
1962	8	47
1962	9	46
1962	10	54
1962	11	112
1962	12	84
1963	1	207
1963	2	193
1963	3	5230
1963	4	414
1963	5	193
1963	6	161
1963	7	77
1963	8	45
1963	9	49
1963	10	54
1963	11	46
1963	12	26
1964	1	31
1964	2	30
1964	3	3823
1964	4	4664
1964	5	311
1964	6	644
1964	7	69
1964	8	52
1964	9	54
1964	10	34
1964	11	45
1964	12	35
1965	1	299
1965	2	1079
1965	3	1721
1965	4	2386
1965	5	229
1965	6	90
1965	7	58
1965	8	47
1965	9	25
1965	10	90
1965	11	57
1965	12	54
1966	1	470
1966	2	1566
1966	3	545
1966	4	570
1966	5	707
1966	6	104
1966	7	1111
1966	8	175
1966	9	48
1966	10	49
1966	11	849
1966	12	1933
1967	1	323
1967	2	986
1967	3	3457
1967	4	1053
1967	5	2127
1967	6	177
1967	7	69
1967	8	94
1967	9	61
1967	10	56
1967	11	173
1967	12	1915
1968	1	841
1968	2	1513
1968	3	1284
1968	4	694
1968	5	1934
1968	6	674
1968	7	281
1968	8	258
1968	9	45
1968	10	50
1968	11	177
1968	12	1262
1969	1	1853
1969	2	1428
1969	3	602
1969	4	2340
1969	5	2325
1969	6	970
1969	7	1418
1969	8	165
1969	9	426
1969	10	101
1969	11	822
1969	12	438
1970	1	872
1970	2	1877
1970	3	1498
1970	4	3075
1970	5	1154
1970	6	674
1970	7	199
1970	8	86
1970	9	61
1970	10	47
1970	11	41
1970	12	417
1971	1	256
1971	2	2570
1971	3	1641
1971	4	244
1971	5	1065
1971	6	510
1971	7	267
1971	8	63
1971	9	52
1971	10	64
1971	11	66
1971	12	655
1972	1	998
1972	2	379
1972	3	1854
1972	4	4675
1972	5	2130
1972	6	414
1972	7	753
1972	8	149
1972	9	247
1972	10	546
1972	11	3425
1972	12	2122
1973	1	1216
1973	2	1014
1973	3	3113
1973	4	2042
1973	5	864
1973	6	993
1973	7	995
1973	8	1035
1973	9	101
1973	10	133
1973	11	829
1973	12	1575
1974	1	3525
1974	2	1124
1974	3	1382
1974	4	1723
1974	5	259
1974	6	128
1974	7	63
1974	8	43
1974	9	149
1974	10	48
1974	11	265
1974	12	1708
1975	1	2759
1975	2	4072
1975	3	2056
1975	4	678
1975	5	304
1975	6	259
1975	7	114
1975	8	45
1975	9	135
1975	10	110
1975	11	79
1975	12	571
1976	1	1328
1976	2	2984
1976	3	1167
1976	4	343
1976	5	219
1976	6	674
1976	7	168
1976	8	199
1976	9	45
1976	10	50
1976	11	54
1976	12	37
1977	1	35
1977	2	455
1977	3	1290
1977	4	1441
1977	5	547
1977	6	150
1977	7	120
1977	8	42
1977	9	86
1977	10	118
1977	11	89
1977	12	2410
1978	1	476
1978	2	354
1978	3	4943
1978	4	1916
1978	5	846
1978	6	239
1978	7	122
1978	8	50
1978	9	81
1978	10	38
1978	11	63
1978	12	176
1979	1	666
1979	2	1269
1979	3	3156
1979	4	2496
1979	5	578
1979	6	226
1979	7	189
1979	8	778
1979	9	932
1979	10	405
1979	11	1447
1979	12	1197
1980	1	862
1980	2	560
1980	3	2611
1980	4	1845
1980	5	441
1980	6	2684
1980	7	622
1980	8	847
1980	9	101
1980	10	69
1980	11	107
1980	12	262
1981	1	659
1981	2	3329
1981	3	1044
1981	4	923
1981	5	1719
1981	6	2313
1981	7	259
1981	8	56
1981	9	391
1981	10	143
1981	11	240
1981	12	748
1982	1	1452
1982	2	3342
1982	3	3486
1982	4	1412
1982	5	391
1982	6	707
1982	7	85
1982	8	44
1982	9	29
1982	10	52
1982	11	72
1982	12	959
1983	1	310
1983	2	475
1983	3	270
1983	4	1202
1983	5	2037
1983	6	723
1983	7	213
1983	8	63
1983	9	60
1983	10	236
1983	11	1928
1983	12	1801
1984	1	297
1984	2	2040
1984	3	3334
1984	4	2368
1984	5	658
1984	6	208
1984	7	83
1984	8	86
1984	9	52
1984	10	81
1984	11	120
1984	12	574
1985	1	573
1985	2	1926
1985	3	1088
1985	4	990
1985	5	787
1985	6	523
1985	7	174
1985	8	70
1985	9	51
1985	10	57
1985	11	1696
1985	12	1619
1986	1	673
1986	2	2708
1986	3	2392
1986	4	633
1986	5	450
1986	6	393
1986	7	776
1986	8	90
1986	9	701
1986	10	1980
1986	11	1542
1986	12	1892
1987	1	407
1987	2	435
1987	3	470
1987	4	1407
1987	5	477
1987	6	1442
1987	7	2941
1987	8	94
1987	9	56
1987	10	39
1987	11	45
1987	12	129
1988	1	134
1988	2	1562
1988	3	990
1988	4	644
1988	5	131
1988	6	71
1988	7	69
1988	8	60
1988	9	72
1988	10	40
1988	11	277
1988	12	275
1989	1	1059
1989	2	561
1989	3	1217
1989	4	2269
1989	5	2336
1989	6	1233
1989	7	690
1989	8	186
1989	9	80
1989	10	53
1989	11	342
1989	12	106
1990	1	1232
1990	2	3796
1990	3	617
1990	4	1561
1990	5	2285
1990	6	1728
1990	7	2049
1990	8	692
1990	9	285
1990	10	1124
1990	11	389
1990	12	4793
1991	1	2509
1991	2	1902
1991	3	1391
1991	4	1163
1991	5	165
1991	6	120
1991	7	62
1991	8	51
1991	9	39
1991	10	40
1991	11	39
1991	12	17
1992	1	29
1992	2	192
1992	3	525
1992	4	1170
1992	5	295
1992	6	508
1992	7	3599
1992	8	716
1992	9	147
1992	10	134
1992	11	2448
1992	12	475
1993	1	2805
1993	2	784
1993	3	3462
1993	4	1912
1993	5	332
1993	6	532
1993	7	2106
1993	8	112
1993	9	46
1993	10	38
1993	11	1869
1993	12	1536
1994	1	1816
1994	2	2351
1994	3	958
1994	4	1799
1994	5	240
1994	6	442
1994	7	598
1994	8	120
1994	9	47
1994	10	41
1994	11	40
1994	12	210
1995	1	988
1995	2	536
1995	3	1442
1995	4	2081
1995	5	2211
1995	6	1719
1995	7	759
1995	8	1584
1995	9	50
1995	10	302
1995	11	784
1995	12	259
1996	1	3322
1996	2	1267
1996	3	1998
1996	4	2349
1996	5	3865
1996	6	1224
1996	7	522
1996	8	114
1996	9	100
1996	10	97
1996	11	569
1996	12	3199
1997	1	963
1997	2	1759
1997	3	2523
1997	4	442
1997	5	825
1997	6	2764
1997	7	219
1997	8	271
1997	9	56
1997	10	72
1997	11	62
1997	12	297
1998	1	1796
1998	2	1367
1998	3	1348
1998	4	1988
1998	5	987
1998	6	981
1998	7	575
1998	8	852
1998	9	106
1998	10	52
1998	11	60
1998	12	47
1999	1	1799
1999	2	973
1999	3	1839
1999	4	1501
1999	5	297
1999	6	215
1999	7	162
1999	8	87
1999	9	97
1999	10	60
1999	11	18
1999	12	27
2000	1	530
2000	2	1637
2000	3	655
2000	4	2113
2000	5	630
2000	6	1017
2000	7	254
2000	8	97
2000	9	120
2000	10	174
2000	11	176
2000	12	722
2001	1	178
2001	2	1221
2001	3	438
2001	4	1673
2001	5	1468
2001	6	504
2001	7	111
2001	8	92
2001	9	94
2001	10	843
2001	11	526
2001	12	2106
2002	1	411
2002	2	1344
2002	3	1322
2002	4	2866
2002	5	1345
2002	6	556
2002	7	74
2002	8	94
2002	9	152
2002	10	112
2002	11	608
2002	12	1012
2003	1	1245
2003	2	548
2003	3	3076
2003	4	1326
2003	5	2515
2003	6	1499
2003	7	1847
2003	8	628
2003	9	1929
2003	10	761
2003	11	1364
2003	12	2343
2004	1	2235
2004	2	1267
2004	3	1659
2004	4	1104
2004	5	2601
2004	6	3203
2004	7	206
2004	8	322
2004	9	156
2004	10	71
2004	11	601
2004	12	705
2005	1	7509
2005	2	1836
2005	3	1119
2005	4	2215
2005	5	504
2005	6	190
2005	7	175
2005	8	95
2005	9	751
2005	10	1176
2005	11	1249
2005	12	1281
2006	1	2070
2006	2	1305
2006	3	1087
2006	4	521
2006	5	730
2006	6	1417
2006	7	839
2006	8	113
2006	9	185
2006	10	1469
2006	11	1119
2006	12	2511
2007	1	3387
2007	2	402
2007	3	5086
2007	4	1749
2007	5	409
2007	6	193
2007	7	66
2007	8	456
2007	9	179
2007	10	124
2007	11	576
2007	12	2429
2008	1	1574
2008	2	3082
2008	3	5676
2008	4	962
2008	5	1327
2008	6	1856
2008	7	467
2008	8	78
2008	9	56
2008	10	60
2008	11	39
2008	12	658
2009	1	161
2009	2	2139
2009	3	659
2009	4	1188
2009	5	901
2009	6	419
2009	7	97
2009	8	119
2009	9	82
2009	10	219
2009	11	205
2009	12	623
2010	1	908
2010	2	320
2010	3	2828
2010	4	445
2010	5	682
2010	6	1973
2010	7	253
2010	8	105
2010	9	61
2010	10	49
2010	11	165
2010	12	403
2011	1	392
2011	2	1991
2011	3	5139
2011	4	3494
2011	5	4019
2011	6	801
2011	7	436
2011	8	633
2011	9	1063
2011	10	1851
2011	11	2383
2011	12	4607
2012	1	2449
2012	2	764
2012	3	1164
2012	4	326
2012	5	1408
2012	6	117
2012	7	76
2012	8	97
2012	9	474
2012	10	916
2012	11	726
2012	12	1221
2013	1	2295
2013	2	928
2013	3	1962
2013	4	2708
2013	5	443
2013	6	555
2013	7	2387
2013	8	392
2013	9	98
2013	10	478
2013	11	953
2013	12	3025
2014	1	1086
2014	2	1968
2014	3	896
2014	4	2798
2014	5	1906
2014	6	1787
2014	7	350
2014	8	203
2014	9	57
2014	10	55
2014	11	118
2014	12	135
2015	1	537
2015	2	544
2015	3	2548
2015	4	2094
2015	5	376
2015	6	3782
2015	7	2323
2015	8	175
2015	9	140
