1940	1	30
1940	2	591
1940	3	536
1940	4	925
1940	5	158
1940	6	480
1940	7	16
1940	8	3
1940	9	3
1940	10	0
1940	11	45
1940	12	109
1941	1	295
1941	2	69
1941	3	41
1941	4	61
1941	5	13
1941	6	343
1941	7	74
1941	8	17
1941	9	35
1941	10	8
1941	11	61
1941	12	58
1942	1	103
1942	2	444
1942	3	299
1942	4	268
1942	5	44
1942	6	305
1942	7	119
1942	8	122
1942	9	16
1942	10	8
1942	11	263
1942	12	584
1943	1	179
1943	2	329
1943	3	1047
1943	4	202
1943	5	625
1943	6	374
1943	7	167
1943	8	22
1943	9	5
1943	10	0
1943	11	1
1943	12	2
1944	1	15
1944	2	135
1944	3	697
1944	4	374
1944	5	179
1944	6	14
1944	7	4
1944	8	6
1944	9	3
1944	10	2
1944	11	3
1944	12	46
1945	1	193
1945	2	1183
1945	3	1457
1945	4	287
1945	5	286
1945	6	277
1945	7	18
1945	8	24
1945	9	20
1945	10	72
1945	11	199
1945	12	212
1946	1	164
1946	2	555
1946	3	538
1946	4	87
1946	5	372
1946	6	599
1946	7	211
1946	8	29
1946	9	5
1946	10	5
1946	11	190
1946	12	284
1947	1	1110
1947	2	120
1947	3	124
1947	4	849
1947	5	416
1947	6	222
1947	7	32
1947	8	55
1947	9	52
1947	10	6
1947	11	48
1947	12	62
1948	1	213
1948	2	877
1948	3	847
1948	4	1094
1948	5	138
1948	6	24
1948	7	40
1948	8	15
1948	9	6
1948	10	2
1948	11	119
1948	12	454
1949	1	1317
1949	2	752
1949	3	481
1949	4	250
1949	5	19
1949	6	58
1949	7	21
1949	8	142
1949	9	14
1949	10	3
1949	11	4
1949	12	146
1950	1	1486
1950	2	959
1950	3	285
1950	4	527
1950	5	151
1950	6	440
1950	7	39
1950	8	35
1950	9	537
1950	10	107
1950	11	459
1950	12	562
1951	1	1288
1951	2	1023
1951	3	690
1951	4	420
1951	5	74
1951	6	13
1951	7	8
1951	8	1
1951	9	4
1951	10	2
1951	11	80
1951	12	771
1952	1	812
1952	2	381
1952	3	671
1952	4	251
1952	5	33
1952	6	34
1952	7	25
1952	8	49
1952	9	37
1952	10	2
1952	11	5
1952	12	143
1953	1	610
1953	2	102
1953	3	454
1953	4	271
1953	5	249
1953	6	22
1953	7	30
1953	8	9
1953	9	0
1953	10	0
1953	11	0
1953	12	4
1954	1	44
1954	2	16
1954	3	261
1954	4	157
1954	5	48
1954	6	87
1954	7	175
1954	8	171
1954	9	9
1954	10	62
1954	11	22
1954	12	242
1955	1	307
1955	2	1281
1955	3	799
1955	4	172
1955	5	94
1955	6	49
1955	7	41
1955	8	91
1955	9	56
1955	10	152
1955	11	160
1955	12	90
1956	1	234
1956	2	1195
1956	3	814
1956	4	504
1956	5	228
1956	6	118
1956	7	70
1956	8	43
1956	9	148
1956	10	6
1956	11	27
1956	12	205
1957	1	476
1957	2	659
1957	3	115
1957	4	818
1957	5	99
1957	6	226
1957	7	30
1957	8	62
1957	9	13
1957	10	6
1957	11	434
1957	12	839
1958	1	265
1958	2	102
1958	3	233
1958	4	668
1958	5	421
1958	6	85
1958	7	373
1958	8	404
1958	9	90
1958	10	18
1958	11	76
1958	12	154
1959	1	828
1959	2	507
1959	3	344
1959	4	160
1959	5	52
1959	6	16
1959	7	83
1959	8	11
1959	9	36
1959	10	15
1959	11	95
1959	12	352
1960	1	411
1960	2	554
1960	3	304
1960	4	96
1960	5	249
1960	6	195
1960	7	137
1960	8	16
1960	9	11
1960	10	2
1960	11	22
1960	12	41
1961	1	230
1961	2	474
1961	3	762
1961	4	587
1961	5	866
1961	6	145
1961	7	42
1961	8	62
1961	9	1
1961	10	0
1961	11	7
1961	12	85
1962	1	486
1962	2	834
1962	3	486
1962	4	196
1962	5	72
1962	6	25
1962	7	64
1962	8	1
1962	9	0
1962	10	6
1962	11	107
1962	12	107
1963	1	80
1963	2	112
1963	3	1821
1963	4	88
1963	5	89
1963	6	24
1963	7	5
1963	8	8
1963	9	1
1963	10	0
1963	11	0
1963	12	1
1964	1	129
1964	2	33
1964	3	1781
1964	4	531
1964	5	37
1964	6	25
1964	7	0
1964	8	8
1964	9	0
1964	10	0
1964	11	0
1964	12	142
1965	1	444
1965	2	383
1965	3	514
1965	4	622
1965	5	37
1965	6	8
1965	7	257
1965	8	83
1965	9	461
1965	10	207
1965	11	30
1965	12	18
1966	1	604
1966	2	651
1966	3	150
1966	4	615
1966	5	203
1966	6	9
1966	7	38
1966	8	8
1966	9	3
1966	10	3
1966	11	91
1966	12	426
1967	1	55
1967	2	161
1967	3	758
1967	4	152
1967	5	500
1967	6	13
1967	7	34
1967	8	14
1967	9	0
1967	10	5
1967	11	74
1967	12	431
1968	1	291
1968	2	143
1968	3	743
1968	4	458
1968	5	1111
1968	6	112
1968	7	38
1968	8	87
1968	9	4
1968	10	2
1968	11	17
1968	12	189
1969	1	521
1969	2	166
1969	3	91
1969	4	355
1969	5	48
1969	6	28
1969	7	20
1969	8	43
1969	9	1
1969	10	2
1969	11	33
1969	12	48
1970	1	218
1970	2	575
1970	3	735
1970	4	1022
1970	5	160
1970	6	30
1970	7	23
1970	8	160
1970	9	60
1970	10	35
1970	11	142
1970	12	334
1971	1	305
1971	2	931
1971	3	382
1971	4	31
1971	5	116
1971	6	86
1971	7	128
1971	8	236
1971	9	485
1971	10	28
1971	11	63
1971	12	530
1972	1	319
1972	2	467
1972	3	547
1972	4	789
1972	5	307
1972	6	83
1972	7	29
1972	8	5
1972	9	75
1972	10	63
1972	11	1083
1972	12	782
1973	1	278
1973	2	280
1973	3	501
1973	4	1133
1973	5	290
1973	6	353
1973	7	200
1973	8	215
1973	9	21
1973	10	142
1973	11	755
1973	12	397
1974	1	791
1974	2	244
1974	3	689
1974	4	297
1974	5	175
1974	6	208
1974	7	103
1974	8	213
1974	9	368
1974	10	34
1974	11	168
1974	12	640
1975	1	653
1975	2	1095
1975	3	926
1975	4	825
1975	5	130
1975	6	214
1975	7	48
1975	8	171
1975	9	261
1975	10	355
1975	11	95
1975	12	464
1976	1	724
1976	2	746
1976	3	124
1976	4	51
1976	5	33
1976	6	216
1976	7	64
1976	8	156
1976	9	27
1976	10	54
1976	11	47
1976	12	54
1977	1	1
1977	2	423
1977	3	405
1977	4	370
1977	5	41
1977	6	38
1977	7	70
1977	8	144
1977	9	75
1977	10	131
1977	11	238
1977	12	747
1978	1	1161
1978	2	208
1978	3	1241
1978	4	143
1978	5	473
1978	6	81
1978	7	48
1978	8	126
1978	9	19
1978	10	286
1978	11	365
1978	12	1021
1979	1	884
1979	2	1146
1979	3	178
1979	4	804
1979	5	82
1979	6	242
1979	7	359
1979	8	464
1979	9	1220
1979	10	163
1979	11	429
1979	12	331
1980	1	285
1980	2	186
1980	3	682
1980	4	349
1980	5	184
1980	6	92
1980	7	598
1980	8	518
1980	9	23
1980	10	20
1980	11	41
1980	12	62
1981	1	43
1981	2	566
1981	3	150
1981	4	672
1981	5	388
1981	6	330
1981	7	199
1981	8	40
1981	9	38
1981	10	13
1981	11	15
1981	12	110
1982	1	761
1982	2	411
1982	3	584
1982	4	224
1982	5	265
1982	6	133
1982	7	43
1982	8	19
1982	9	9
1982	10	3
1982	11	17
1982	12	285
1983	1	208
1983	2	200
1983	3	43
1983	4	297
1983	5	1069
1983	6	210
1983	7	23
1983	8	6
1983	9	0
1983	10	579
1983	11	482
1983	12	346
1984	1	136
1984	2	354
1984	3	780
1984	4	630
1984	5	335
1984	6	26
1984	7	17
1984	8	33
1984	9	6
1984	10	6
1984	11	127
1984	12	379
1985	1	153
1985	2	573
1985	3	669
1985	4	123
1985	5	178
1985	6	97
1985	7	7
1985	8	38
1985	9	0
1985	10	131
1985	11	1102
1985	12	181
1986	1	71
1986	2	769
1986	3	359
1986	4	41
1986	5	227
1986	6	155
1986	7	139
1986	8	6
1986	9	141
1986	10	195
1986	11	439
1986	12	493
1987	1	69
1987	2	74
1987	3	321
1987	4	645
1987	5	122
1987	6	40
1987	7	21
1987	8	2
1987	9	0
1987	10	0
1987	11	1
1987	12	5
1988	1	134
1988	2	492
1988	3	397
1988	4	366
1988	5	20
1988	6	4
1988	7	10
1988	8	4
1988	9	22
1988	10	2
1988	11	80
1988	12	143
1989	1	418
1989	2	957
1989	3	758
1989	4	773
1989	5	628
1989	6	65
1989	7	113
1989	8	25
1989	9	23
1989	10	27
1989	11	119
1989	12	145
1990	1	473
1990	2	855
1990	3	166
1990	4	455
1990	5	1027
1990	6	196
1990	7	134
1990	8	111
1990	9	40
1990	10	428
1990	11	126
1990	12	1427
1991	1	445
1991	2	733
1991	3	784
1991	4	587
1991	5	96
1991	6	48
1991	7	95
1991	8	23
1991	9	14
1991	10	2
1991	11	10
1991	12	219
1992	1	372
1992	2	127
1992	3	817
1992	4	208
1992	5	183
1992	6	51
1992	7	78
1992	8	20
1992	9	37
1992	10	6
1992	11	145
1992	12	93
1993	1	581
1993	2	465
1993	3	680
1993	4	501
1993	5	118
1993	6	101
1993	7	66
1993	8	0
1993	9	1
1993	10	6
1993	11	312
1993	12	217
1994	1	796
1994	2	409
1994	3	496
1994	4	887
1994	5	472
1994	6	23
1994	7	25
1994	8	4
1994	9	2
1994	10	2
1994	11	11
1994	12	65
1995	1	162
1995	2	357
1995	3	446
1995	4	265
1995	5	1029
1995	6	313
1995	7	19
1995	8	168
1995	9	5
1995	10	79
1995	11	39
1995	12	270
1996	1	1003
1996	2	365
1996	3	620
1996	4	1068
1996	5	1646
1996	6	668
1996	7	19
1996	8	13
1996	9	214
1996	10	22
1996	11	214
1996	12	584
1997	1	394
1997	2	445
1997	3	1418
1997	4	72
1997	5	234
1997	6	777
1997	7	64
1997	8	38
1997	9	1
1997	10	0
1997	11	8
1997	12	89
1998	1	450
1998	2	554
1998	3	278
1998	4	1029
1998	5	469
1998	6	995
1998	7	172
1998	8	13
1998	9	54
1998	10	71
1998	11	38
1998	12	176
1999	1	788
1999	2	643
1999	3	412
1999	4	84
1999	5	13
1999	6	0
1999	7	0
1999	8	18
1999	9	0
1999	10	0
1999	11	0
1999	12	11
2000	1	116
2000	2	1010
2000	3	256
2000	4	612
2000	5	69
2000	6	90
2000	7	191
2000	8	113
2000	9	396
2000	10	59
2000	11	55
2000	12	578
2001	1	156
2001	2	302
2001	3	300
2001	4	75
2001	5	169
2001	6	177
2001	7	740
2001	8	176
2001	9	217
2001	10	355
2001	11	401
2001	12	515
2002	1	312
2002	2	187
2002	3	576
2002	4	484
2002	5	682
2002	6	181
2002	7	3
2002	8	2
2002	9	13
2002	10	38
2002	11	78
2002	12	312
2003	1	338
2003	2	619
2003	3	497
2003	4	241
2003	5	1035
2003	6	344
2003	7	177
2003	8	182
2003	9	274
2003	10	36
2003	11	461
2003	12	312
2004	1	730
2004	2	565
2004	3	391
2004	4	343
2004	5	559
2004	6	100
2004	7	176
2004	8	215
2004	9	44
2004	10	296
2004	11	573
2004	12	571
2005	1	1275
2005	2	366
2005	3	508
2005	4	460
2005	5	54
2005	6	25
2005	7	62
2005	8	37
2005	9	13
2005	10	16
2005	11	132
2005	12	159
2006	1	563
2006	2	222
2006	3	463
2006	4	374
2006	5	51
2006	6	179
2006	7	25
2006	8	5
2006	9	302
2006	10	558
2006	11	238
2006	12	373
2007	1	669
2007	2	636
2007	3	402
2007	4	350
2007	5	24
2007	6	15
2007	7	6
2007	8	0
2007	9	1
2007	10	50
2007	11	40
2007	12	684
2008	1	223
2008	2	699
2008	3	1527
2008	4	415
2008	5	570
2008	6	304
2008	7	21
2008	8	1
2008	9	0
2008	10	0
2008	11	2
2008	12	89
2009	1	86
2009	2	585
2009	3	150
2009	4	344
2009	5	168
2009	6	188
2009	7	247
2009	8	253
2009	9	270
2009	10	489
2009	11	95
2009	12	371
2010	1	295
2010	2	199
2010	3	643
2010	4	78
2010	5	730
2010	6	535
2010	7	57
2010	8	12
2010	9	0
2010	10	2
2010	11	39
2010	12	60
2011	1	86
2011	2	937
2011	3	677
2011	4	1849
2011	5	768
2011	6	311
2011	7	195
2011	8	58
2011	9	6
2011	10	51
2011	11	646
2011	12	693
