1940	1	90
1940	2	1046
1940	3	1396
1940	4	3776
1940	5	723
1940	6	1255
1940	7	141
1940	8	84
1940	9	33
1940	10	21
1940	11	144
1940	12	257
1941	1	558
1941	2	432
1941	3	192
1941	4	223
1941	5	89
1941	6	1015
1941	7	280
1941	8	205
1941	9	152
1941	10	56
1941	11	199
1941	12	249
1942	1	263
1942	2	1405
1942	3	753
1942	4	1282
1942	5	461
1942	6	388
1942	7	252
1942	8	112
1942	9	66
1942	10	36
1942	11	438
1942	12	1610
1943	1	1132
1943	2	1192
1943	3	3214
1943	4	924
1943	5	1602
1943	6	539
1943	7	716
1943	8	532
1943	9	110
1943	10	36
1943	11	42
1943	12	38
1944	1	152
1944	2	503
1944	3	2341
1944	4	1477
1944	5	422
1944	6	150
1944	7	30
1944	8	97
1944	9	24
1944	10	16
1944	11	26
1944	12	73
1945	1	278
1945	2	2879
1945	3	6031
1945	4	1926
1945	5	1091
1945	6	659
1945	7	148
1945	8	369
1945	9	46
1945	10	216
1945	11	365
1945	12	449
1946	1	603
1946	2	1699
1946	3	1778
1946	4	414
1946	5	1469
1946	6	1300
1946	7	440
1946	8	160
1946	9	74
1946	10	43
1946	11	348
1946	12	535
1947	1	2520
1947	2	814
1947	3	440
1947	4	2646
1947	5	2010
1947	6	1093
1947	7	504
1947	8	303
1947	9	275
1947	10	77
1947	11	155
1947	12	219
1948	1	897
1948	2	2344
1948	3	2795
1948	4	3573
1948	5	1029
1948	6	230
1948	7	231
1948	8	74
1948	9	169
1948	10	50
1948	11	518
1948	12	1604
1949	1	4553
1949	2	2492
1949	3	1789
1949	4	794
1949	5	209
1949	6	491
1949	7	242
1949	8	99
1949	9	30
1949	10	30
1949	11	33
1949	12	106
1950	1	3609
1950	2	3360
1950	3	1004
1950	4	1657
1950	5	349
1950	6	389
1950	7	235
1950	8	120
1950	9	706
1950	10	344
1950	11	1047
1950	12	2577
1951	1	3110
1951	2	3399
1951	3	1925
1951	4	1441
1951	5	484
1951	6	268
1951	7	244
1951	8	35
1951	9	32
1951	10	28
1951	11	190
1951	12	1726
1952	1	3481
1952	2	1936
1952	3	2032
1952	4	1315
1952	5	472
1952	6	197
1952	7	108
1952	8	76
1952	9	42
1952	10	22
1952	11	22
1952	12	39
1953	1	763
1953	2	612
1953	3	670
1953	4	438
1953	5	1107
1953	6	278
1953	7	96
1953	8	140
1953	9	28
1953	10	21
1953	11	19
1953	12	26
1954	1	44
1954	2	34
1954	3	253
1954	4	801
1954	5	485
1954	6	264
1954	7	492
1954	8	225
1954	9	43
1954	10	88
1954	11	51
1954	12	218
1955	1	480
1955	2	2172
1955	3	2903
1955	4	654
1955	5	200
1955	6	130
1955	7	402
1955	8	81
1955	9	65
1955	10	72
1955	11	360
1955	12	275
1956	1	323
1956	2	3236
1956	3	2437
1956	4	1771
1956	5	630
1956	6	521
1956	7	323
1956	8	98
1956	9	239
1956	10	61
1956	11	73
1956	12	428
1957	1	1001
1957	2	1738
1957	3	884
1957	4	3303
1957	5	783
1957	6	1185
1957	7	598
1957	8	81
1957	9	33
1957	10	24
1957	11	568
1957	12	2349
1958	1	1185
1958	2	552
1958	3	551
1958	4	1433
1958	5	1429
1958	6	1231
1958	7	1802
1958	8	1945
1958	9	305
1958	10	116
1958	11	122
1958	12	351
1959	1	3078
1959	2	2266
1959	3	1459
1959	4	765
1959	5	634
1959	6	180
1959	7	212
1959	8	184
1959	9	63
1959	10	66
1959	11	131
1959	12	735
1960	1	1243
1960	2	1773
1960	3	1136
1960	4	647
1960	5	386
1960	6	252
1960	7	204
1960	8	79
1960	9	44
1960	10	35
1960	11	53
1960	12	61
1961	1	199
1961	2	691
1961	3	2257
1961	4	2386
1961	5	2681
1961	6	738
1961	7	560
1961	8	868
1961	9	72
1961	10	100
1961	11	135
1961	12	480
1962	1	1888
1962	2	2591
1962	3	2771
1962	4	880
1962	5	319
1962	6	180
1962	7	214
1962	8	56
1962	9	68
1962	10	62
1962	11	480
1962	12	207
1963	1	514
1963	2	444
1963	3	6253
1963	4	901
1963	5	478
1963	6	132
1963	7	67
1963	8	72
1963	9	55
1963	10	15
1963	11	18
1963	12	94
1964	1	310
1964	2	156
1964	3	5267
1964	4	3171
1964	5	414
1964	6	137
1964	7	48
1964	8	18
1964	9	7
1964	10	13
1964	11	237
1964	12	254
1965	1	653
1965	2	1021
1965	3	2139
1965	4	2440
1965	5	408
1965	6	90
1965	7	1065
1965	8	205
1965	9	1367
1965	10	796
1965	11	287
1965	12	195
1966	1	1430
1966	2	1502
1966	3	566
1966	4	651
1966	5	1027
1966	6	129
1966	7	155
1966	8	33
1966	9	25
1966	10	35
1966	11	662
1966	12	1469
1967	1	253
1967	2	704
1967	3	2377
1967	4	1107
1967	5	1852
1967	6	205
1967	7	93
1967	8	50
1967	9	26
1967	10	249
1967	11	185
1967	12	842
1968	1	569
1968	2	760
1968	3	1535
1968	4	836
1968	5	5051
1968	6	898
1968	7	167
1968	8	201
1968	9	44
1968	10	29
1968	11	289
1968	12	868
1969	1	1255
1969	2	1465
1969	3	364
1969	4	755
1969	5	599
1969	6	495
1969	7	203
1969	8	184
1969	9	33
1969	10	27
1969	11	124
1969	12	145
1970	1	505
1970	2	1101
1970	3	1419
1970	4	2590
1970	5	804
1970	6	263
1970	7	92
1970	8	77
1970	9	116
1970	10	80
1970	11	277
1970	12	612
1971	1	668
1971	2	2650
1971	3	1521
1971	4	249
1971	5	622
1971	6	695
1971	7	263
1971	8	180
1971	9	328
1971	10	160
1971	11	137
1971	12	1355
1972	1	967
1972	2	923
1972	3	1482
1972	4	2710
1972	5	1327
1972	6	945
1972	7	271
1972	8	84
1972	9	124
1972	10	277
1972	11	2596
1972	12	2236
1973	1	1071
1973	2	1016
1973	3	1294
1973	4	3013
1973	5	655
1973	6	837
1973	7	1037
1973	8	477
1973	9	112
1973	10	408
1973	11	1334
1973	12	1450
1974	1	2022
1974	2	1007
1974	3	1043
1974	4	1354
1974	5	664
1974	6	1573
1974	7	306
1974	8	285
1974	9	866
1974	10	411
1974	11	501
1974	12	1764
1975	1	1780
1975	2	1877
1975	3	4070
1975	4	1250
1975	5	549
1975	6	724
1975	7	446
1975	8	187
1975	9	381
1975	10	662
1975	11	403
1975	12	865
1976	1	1839
1976	2	2049
1976	3	604
1976	4	151
1976	5	95
1976	6	404
1976	7	290
1976	8	198
1976	9	121
1976	10	89
1976	11	275
1976	12	90
1977	1	37
1977	2	424
1977	3	1236
1977	4	755
1977	5	619
1977	6	120
1977	7	105
1977	8	75
1977	9	74
1977	10	253
1977	11	359
1977	12	2093
1978	1	1188
1978	2	452
1978	3	3393
1978	4	1544
1978	5	1336
1978	6	456
1978	7	237
1978	8	262
1978	9	223
1978	10	649
1978	11	676
1978	12	2333
1979	1	1602
1979	2	1153
1979	3	3126
1979	4	1568
1979	5	465
1979	6	687
1979	7	267
1979	8	1100
1979	9	2837
1979	10	1082
1979	11	1442
1979	12	1277
1980	1	1249
1980	2	483
1980	3	1724
1980	4	1248
1980	5	975
1980	6	720
1980	7	1489
1980	8	1827
1980	9	272
1980	10	172
1980	11	347
1980	12	488
1981	1	163
1981	2	1265
1981	3	642
1981	4	1340
1981	5	2147
1981	6	1836
1981	7	292
1981	8	116
1981	9	86
1981	10	40
1981	11	270
1981	12	314
1982	1	1671
1982	2	2652
1982	3	2195
1982	4	763
1982	5	315
1982	6	407
1982	7	167
1982	8	53
1982	9	58
1982	10	100
1982	11	127
1982	12	722
1983	1	564
1983	2	695
1983	3	212
1983	4	1162
1983	5	3808
1983	6	677
1983	7	326
1983	8	74
1983	9	34
1983	10	835
1983	11	1137
1983	12	1497
1984	1	516
1984	2	1311
1984	3	2148
1984	4	2072
1984	5	1104
1984	6	388
1984	7	145
1984	8	158
1984	9	45
1984	10	127
1984	11	962
1984	12	1259
1985	1	634
1985	2	1134
1985	3	1905
1985	4	1481
1985	5	1288
1985	6	404
1985	7	199
1985	8	72
1985	9	42
1985	10	116
1985	11	2628
1985	12	2140
1986	1	510
1986	2	2564
1986	3	1578
1986	4	157
1986	5	186
1986	6	323
1986	7	160
1986	8	50
1986	9	59
1986	10	206
1986	11	528
1986	12	1449
1987	1	291
1987	2	211
1987	3	345
1987	4	1740
1987	5	479
1987	6	430
1987	7	151
1987	8	65
1987	9	56
1987	10	40
1987	11	79
1987	12	41
1988	1	253
1988	2	1448
1988	3	1331
1988	4	1244
1988	5	197
1988	6	59
1988	7	55
1988	8	55
1988	9	77
1988	10	67
1988	11	599
1988	12	571
1989	1	1692
1989	2	2126
1989	3	2096
1989	4	3086
1989	5	3221
1989	6	1278
1989	7	704
1989	8	297
1989	9	238
1989	10	487
1989	11	848
1989	12	318
1990	1	1539
1990	2	2982
1990	3	1011
1990	4	1151
1990	5	3593
1990	6	1752
1990	7	1220
1990	8	773
1990	9	175
1990	10	1446
1990	11	561
1990	12	3158
1991	1	2743
1991	2	2579
1991	3	2409
1991	4	1957
1991	5	874
1991	6	365
1991	7	123
1991	8	40
1991	9	37
1991	10	69
1991	11	75
1991	12	192
1992	1	415
1992	2	360
1992	3	1241
1992	4	864
1992	5	624
1992	6	347
1992	7	1111
1992	8	474
1992	9	124
1992	10	148
1992	11	693
1992	12	558
1993	1	2619
1993	2	1577
1993	3	2505
1993	4	1699
1993	5	925
1993	6	286
1993	7	562
1993	8	50
1993	9	48
1993	10	93
1993	11	949
1993	12	917
1994	1	1092
1994	2	2345
1994	3	1388
1994	4	2868
1994	5	1327
1994	6	287
1994	7	326
1994	8	139
1994	9	127
1994	10	125
1994	11	149
1994	12	458
1995	1	1652
1995	2	1177
1995	3	1339
1995	4	714
1995	5	3759
1995	6	1246
1995	7	339
1995	8	511
1995	9	51
1995	10	318
1995	11	417
1995	12	654
1996	1	2211
1996	2	1434
1996	3	2130
1996	4	1930
1996	5	4174
1996	6	3102
1996	7	322
1996	8	105
1996	9	84
1996	10	226
1996	11	423
1996	12	1944
1997	1	1129
1997	2	1636
1997	3	3279
1997	4	385
1997	5	702
1997	6	2217
1997	7	837
1997	8	499
1997	9	61
1997	10	90
1997	11	245
1997	12	654
1998	1	1417
1998	2	1301
1998	3	943
1998	4	2759
1998	5	1917
1998	6	2199
1998	7	350
1998	8	118
1998	9	52
2009	10	633
2009	11	702
2009	12	1166
2010	1	1025
2010	2	594
2010	3	2924
2010	4	576
2010	5	1620
2010	6	1202
2010	7	265
2010	8	78
2010	9	52
2010	10	39
2010	11	78
2010	12	275
2011	1	311
2011	2	2086
2011	3	3179
2011	4	3845
2011	5	5381
2011	6	532
2011	7	447
2011	8	141
2011	9	96
2011	10	485
2011	11	1817
2011	12	3255
2012	1	2384
2012	2	1220
2012	3	810
2012	4	264
2012	5	1470
2012	6	209
2012	7	61
2012	8	48
2012	9	56
2012	10	66
2012	11	71
2012	12	387
2013	1	706
2013	2	648
2013	3	1678
2013	4	905
2013	5	733
2013	6	1202
2013	7	736
2013	8	134
2013	9	56
2013	10	182
2013	11	599
2013	12	1908
2014	1	1273
2014	2	1996
2014	3	702
2014	4	2051
2014	5	1777
2014	6	661
2014	7	324
2014	8	85
2014	9	44
2014	10	93
2014	11	165
2014	12	338
2015	1	555
2015	2	367
2015	3	2731
2015	4	2001
2015	5	355
2015	6	1547
2015	7	1993
2015	8	314
2015	9	90
