1940	1	692
1940	2	2559
1940	3	3209
1940	4	6289
1940	5	1561
1940	6	2090
1940	7	514
1940	8	303
1940	9	261
1940	10	277
1940	11	419
1940	12	656
1941	1	905
1941	2	1215
1941	3	557
1941	4	940
1941	5	373
1941	6	1443
1941	7	807
1941	8	249
1941	9	166
1941	10	434
1941	11	640
1941	12	896
1942	1	876
1942	2	3693
1942	3	2891
1942	4	3972
1942	5	998
1942	6	1143
1942	7	489
1942	8	1186
1942	9	402
1942	10	313
1942	11	570
1942	12	1795
1943	1	2347
1943	2	2636
1943	3	6851
1943	4	1610
1943	5	3922
1943	6	1681
1943	7	1019
1943	8	1789
1943	9	427
1943	10	332
1943	11	388
1943	12	335
1944	1	321
1944	2	724
1944	3	4408
1944	4	6626
1944	5	1506
1944	6	902
1944	7	279
1944	8	414
1944	9	206
1944	10	208
1944	11	280
1944	12	278
1945	1	263
1945	2	2499
1945	3	7090
1945	4	4176
1945	5	2752
1945	6	5151
1945	7	1398
1945	8	1037
1945	9	807
1945	10	1477
1945	11	1263
1945	12	2177
1946	1	2535
1946	2	3475
1946	3	3654
1946	4	1114
1946	5	2268
1946	6	2169
1946	7	964
1946	8	431
1946	9	266
1946	10	316
1946	11	404
1946	12	975
1947	1	4003
1947	2	2158
1947	3	1845
1947	4	5171
1947	5	6453
1947	6	7358
1947	7	2053
1947	8	1811
1947	9	1152
1947	10	657
1947	11	842
1947	12	810
1948	1	3195
1948	2	4861
1948	3	6509
1948	4	8008
1948	5	3287
1948	6	1059
1948	7	789
1948	8	486
1948	9	324
1948	10	378
1948	11	1968
1948	12	3174
1949	1	10896
1949	2	5339
1949	3	4858
1949	4	2535
1949	5	1381
1949	6	1777
1949	7	1582
1949	8	780
1949	9	789
1949	10	640
1949	11	464
1949	12	1026
1950	1	15345
1950	2	9841
1950	3	4136
1950	4	4323
1950	5	2362
1950	6	1449
1950	7	1160
1950	8	631
1950	9	1403
1950	10	1897
1950	11	3592
1950	12	6306
1951	1	6737
1951	2	8068
1951	3	5359
1951	4	3888
1951	5	2386
1951	6	1543
1951	7	883
1951	8	377
1951	9	338
1951	10	311
1951	11	643
1951	12	3804
1952	1	8918
1952	2	5345
1952	3	5814
1952	4	5123
1952	5	1992
1952	6	927
1952	7	485
1952	8	452
1952	9	436
1952	10	318
1952	11	399
1952	12	953
1953	1	2439
1953	2	1710
1953	3	2816
1953	4	1129
1953	5	4800
1953	6	1192
1953	7	488
1953	8	497
1953	9	196
1953	10	193
1953	11	232
1953	12	282
1954	1	436
1954	2	448
1954	3	1232
1954	4	2058
1954	5	685
1954	6	1060
1954	7	215
1954	8	607
1954	9	166
1954	10	528
1954	11	396
1954	12	777
1955	1	1909
1955	2	4133
1955	3	5633
1955	4	1775
1955	5	700
1955	6	524
1955	7	877
1955	8	256
1955	9	255
1955	10	855
1955	11	3658
1955	12	946
1956	1	609
1956	2	6338
1956	3	4130
1956	4	3671
1956	5	2202
1956	6	1995
1956	7	1094
1956	8	481
1956	9	318
1956	10	288
1956	11	395
1956	12	607
1957	1	1334
1957	2	1921
1957	3	1416
1957	4	9169
1957	5	3798
1957	6	4099
1957	7	4211
1957	8	548
1957	9	480
1957	10	429
1957	11	1136
1957	12	5625
1958	1	2300
1958	2	1654
1958	3	2014
1958	4	2870
1958	5	3775
1958	6	12153
1958	7	4693
1958	8	3880
1958	9	1393
1958	10	804
1958	11	1215
1958	12	1129
1959	1	9053
1959	2	7946
1959	3	4177
1959	4	3017
1959	5	2552
1959	6	891
1959	7	594
1959	8	492
1959	9	394
1959	10	412
1959	11	680
1959	12	1464
1960	1	2552
1960	2	3096
1960	3	1470
1960	4	1380
1960	5	1081
1960	6	1154
1960	7	602
1960	8	311
1960	9	204
1960	10	223
1960	11	464
1960	12	305
1961	1	312
1961	2	1497
1961	3	6645
1961	4	7757
1961	5	2737
1961	6	1953
1961	7	839
1961	8	1286
1961	9	705
1961	10	523
1961	11	878
1961	12	1678
1962	1	5474
1962	2	3423
1962	3	5328
1962	4	1396
1962	5	1023
1962	6	613
1962	7	869
1962	8	331
1962	9	366
1962	10	346
1962	11	745
1962	12	531
1963	1	730
1963	2	773
1963	3	11055
1963	4	2127
1963	5	1226
1963	6	748
1963	7	364
1963	8	272
1963	9	164
1963	10	148
1963	11	194
1963	12	238
1964	1	365
1964	2	314
1964	3	6617
1964	4	9726
1964	5	1542
1964	6	840
1964	7	528
1964	8	282
1964	9	184
1964	10	183
1964	11	265
1964	12	459
1965	1	793
1965	2	2651
1965	3	4381
1965	4	6600
1965	5	1515
1965	6	595
1965	7	349
1965	8	216
1965	9	411
1965	10	596
1965	11	571
1965	12	540
1966	1	1506
1966	2	2884
1966	3	1318
1966	4	1480
1966	5	2177
1966	6	613
1966	7	603
1966	8	388
1966	9	311
1966	10	334
1966	11	1789
1966	12	4929
1967	1	1038
1967	2	2043
1967	3	6938
1967	4	3436
1967	5	5835
1967	6	1122
1967	7	655
1967	8	425
1967	9	258
1967	10	333
1967	11	690
1967	12	5502
1968	1	2207
1968	2	2885
1968	3	2384
1968	4	2332
1968	5	5130
1968	6	2138
1968	7	1247
1968	8	1588
1968	9	571
1968	10	460
1968	11	1615
1968	12	3614
1969	1	5048
1969	2	4306
1969	3	1652
1969	4	3926
1969	5	3780
1969	6	2855
1969	7	2086
1969	8	1933
1969	9	590
1969	10	489
1969	11	1278
1969	12	1225
1970	1	2201
1970	2	3545
1970	3	3158
1970	4	6693
1970	5	3190
1970	6	1574
1970	7	721
1970	8	421
1970	9	280
1970	10	327
1970	11	442
1970	12	622
1971	1	757
1971	2	5963
1971	3	3112
1971	4	851
1971	5	1482
1971	6	1633
1971	7	717
1971	8	326
1971	9	493
1971	10	408
1971	11	399
1971	12	2699
1972	1	2728
1972	2	1230
1972	3	3437
1972	4	7539
1972	5	4084
1972	6	1765
1972	7	1126
1972	8	520
1972	9	1400
1972	10	1810
1972	11	8046
1972	12	5463
1973	1	2917
1973	2	2541
1973	3	8043
1973	4	5941
1973	5	2602
1973	6	4569
1973	7	3460
1973	8	3571
1973	9	835
1973	10	770
1973	11	2264
1973	12	3665
1974	1	7145
1974	2	3793
1974	3	3265
1974	4	4960
1974	5	1753
1974	6	1642
1974	7	693
1974	8	844
1974	9	1078
1974	10	470
1974	11	903
1974	12	3251
1975	1	5422
1975	2	8925
1975	3	6379
1975	4	3782
1975	5	1860
1975	6	1822
1975	7	2253
1975	8	881
1975	9	848
1975	10	1037
1975	11	731
1975	12	2425
1976	1	3834
1976	2	5670
1976	3	3027
1976	4	1068
1976	5	722
1976	6	1559
1976	7	806
1976	8	442
1976	9	344
1976	10	384
1976	11	451
1976	12	295
1977	1	270
1977	2	1299
1977	3	2452
1977	4	2830
1977	5	1255
1977	6	421
1977	7	298
1977	8	313
1977	9	352
1977	10	861
1977	11	613
1977	12	6138
1978	1	1945
1978	2	1186
1978	3	10137
1978	4	4619
1978	5	2517
1978	6	1166
1978	7	999
1978	8	1037
1978	9	636
1978	10	715
1978	11	791
1978	12	2524
1979	1	3078
1979	2	3880
1979	3	6629
1979	4	5394
1979	5	2004
1979	6	1610
1979	7	1979
1979	8	5727
1979	9	2862
1979	10	1560
1979	11	4214
1979	12	2984
1980	1	2564
1980	2	1911
1980	3	6812
1980	4	4221
1980	5	2257
1980	6	6762
1980	7	3000
1980	8	1751
1980	9	805
1980	10	666
1980	11	698
1980	12	763
1981	1	640
1981	2	3009
1981	3	1269
1981	4	2668
1981	5	5493
1981	6	7357
1981	7	2028
1981	8	933
1981	9	1180
1981	10	825
1981	11	1019
1981	12	2166
1982	1	4597
1982	2	8756
1982	3	8394
1982	4	4059
1982	5	2615
1982	6	3027
1982	7	970
1982	8	654
1982	9	414
1982	10	428
1982	11	833
1982	12	2344
1983	1	1605
1983	2	1678
1983	3	1215
1983	4	3454
1983	5	5083
1983	6	1219
1983	7	1243
1983	8	384
1983	9	268
1983	10	1002
1983	11	3008
1983	12	3832
1984	1	1210
1984	2	3552
1984	3	6631
1984	4	6839
1984	5	2736
1984	6	1267
1984	7	845
1984	8	633
1984	9	450
1984	10	592
1984	11	1532
1984	12	2938
1985	1	2320
1985	2	4945
1985	3	4018
1985	4	3385
1985	5	2107
1985	6	1023
1985	7	680
1985	8	547
1985	9	318
1985	10	332
1985	11	4459
1985	12	4668
1986	1	2179
1986	2	6103
1986	3	5750
1986	4	2591
1986	5	2020
1986	6	2495
1986	7	3421
1986	8	614
1986	9	1101
1986	10	5792
1986	11	3190
1986	12	4570
1987	1	1512
1987	2	1464
1987	3	1509
1987	4	3364
1987	5	1360
1987	6	2530
1987	7	3903
1987	8	438
1987	9	326
1987	10	321
1987	11	399
1987	12	625
1988	1	418
1988	2	3450
1988	3	2328
1988	4	1721
1988	5	582
1988	6	259
1988	7	326
1988	8	196
1988	9	356
1988	10	236
1988	11	835
1988	12	875
1989	1	2784
1989	2	1695
1989	3	3516
1989	4	7410
1989	5	7125
1989	6	3581
1989	7	2576
1989	8	1290
1989	9	2279
1989	10	685
1989	11	1607
1989	12	684
1990	1	2201
1990	2	8099
1990	3	2911
1990	4	3580
1990	5	6622
1990	6	3375
1990	7	4426
1990	8	1609
1990	9	1031
1990	10	2946
1990	11	1172
1990	12	9210
1991	1	7147
1991	2	5580
1991	3	4628
1991	4	4073
1991	5	1900
1991	6	1082
1991	7	456
1991	8	385
1991	9	326
1991	10	288
1991	11	336
1991	12	415
1992	1	585
1992	2	635
1992	3	889
1992	4	3585
1992	5	1202
1992	6	2380
1992	7	6210
1992	8	1785
1992	9	851
1992	10	696
1992	11	4968
1992	12	1397
1993	1	5467
1993	2	2500
1993	3	6513
1993	4	5134
1993	5	2006
1993	6	2634
1993	7	7510
1993	8	856
1993	9	679
1993	10	774
1993	11	6233
1993	12	3696
1994	1	3389
1994	2	3388
1994	3	2170
1994	4	4362
1994	5	1432
1994	6	1310
1994	7	850
1994	8	451
1994	9	314
1994	10	330
1994	11	405
1994	12	720
1995	1	1264
1995	2	989
1995	3	2636
1995	4	3080
1995	5	5803
1995	6	3104
1995	7	2251
1995	8	5199
1995	9	636
1995	10	1521
1995	11	2317
1995	12	898
1996	1	7216
1996	2	2863
1996	3	4069
1996	4	6465
1996	5	11026
1996	6	5080
1996	7	2075
1996	8	764
1996	9	815
1996	10	626
1996	11	1393
1996	12	7273
1997	1	3079
1997	2	4528
1997	3	6271
1997	4	1862
1997	5	2134
1997	6	6470
1997	7	1461
1997	8	777
1997	9	484
1997	10	377
1997	11	514
1997	12	879
1998	1	3653
1998	2	2451
1998	3	3245
1998	4	5131
1998	5	3461
1998	6	5271
1998	7	2667
1998	8	1640
1998	9	394
1998	10	454
1998	11	471
1998	12	496
1999	1	5373
1999	2	3868
1999	3	4105
1999	4	2995
1999	5	1090
1999	6	768
1999	7	589
1999	8	298
1999	9	174
1999	10	232
1999	11	236
1999	12	492
2000	1	852
2000	2	2625
2000	3	1712
2000	4	4510
2000	5	2325
2000	6	2848
2000	7	1050
2000	8	1017
2000	9	909
2000	10	1253
2000	11	961
2000	12	2174
2001	1	1212
2001	2	2973
2001	3	1261
2001	4	2754
2001	5	4150
2001	6	1715
2001	7	1249
2001	8	931
2001	9	1638
2001	10	4957
2001	11	2011
2001	12	5836
2002	1	1412
2002	2	3498
2002	3	3950
2002	4	8184
2002	5	5851
2002	6	2662
2002	7	752
2002	8	436
2002	9	1043
2002	10	562
2002	11	1176
2002	12	1703
2003	1	2540
2003	2	1801
2003	3	6817
2003	4	2548
2003	5	4227
2003	6	2643
2003	7	8483
2003	8	3146
2003	9	5692
2003	10	2606
2003	11	4392
2003	12	5063
2004	1	6558
2004	2	3194
2004	3	3010
2004	4	2117
2004	5	4019
2004	6	5740
2004	7	1107
2004	8	890
2004	9	519
2004	10	481
2004	11	1499
2004	12	1651
2005	1	17136
2005	2	5447
2005	3	3243
2005	4	5365
2005	5	2589
2005	6	1178
2005	7	1076
2005	8	466
2005	9	2013
2005	10	1948
2005	11	3440
2005	12	3410
2006	1	3891
2006	2	3828
2006	3	3944
2006	4	2632
2006	5	2807
2006	6	3734
2006	7	1678
2006	8	928
2006	9	1122
2006	10	3665
2006	11	2817
2006	12	6653
2007	1	9013
2007	2	2254
2007	3	12889
2007	4	4948
2007	5	1849
2007	6	1081
2007	7	726
2007	8	741
2007	9	612
2007	10	583
2007	11	1317
2007	12	5445
2008	1	4647
2008	2	6769
2008	3	12667
2008	4	4200
2008	5	4456
2008	6	6268
2008	7	3007
2008	8	801
2008	9	560
2008	10	465
2008	11	473
2008	12	2595
2009	1	1095
2009	2	4795
2009	3	1492
2009	4	3870
2009	5	3898
2009	6	1355
2009	7	1080
2009	8	714
2009	9	507
2009	10	866
2009	11	811
2009	12	1876
2010	1	2223
2010	2	1315
2010	3	7829
2010	4	2483
2010	5	3153
2010	6	4937
2010	7	1289
2010	8	577
2010	9	324
2010	10	376
2010	11	823
2010	12	1282
2011	1	1085
2011	2	4723
2011	3	11185
2011	4	10996
2011	5	10730
2011	6	3318
2011	7	1098
2011	8	666
2011	9	1571
2011	10	2610
2011	11	5251
2011	12	11183
2012	1	6839
2012	2	2755
2012	3	2941
2012	4	1120
2012	5	2409
2012	6	816
2012	7	503
2012	8	395
2012	9	702
2012	10	1183
2012	11	1036
2012	12	2072
2013	1	5439
2013	2	2413
2013	3	4767
2013	4	5221
2013	5	1768
2013	6	1725
2013	7	2491
2013	8	676
2013	9	545
2013	10	1024
2013	11	1614
2013	12	6731
2014	1	2846
2014	2	4686
2014	3	2330
2014	4	6821
2014	5	4127
2014	6	4465
2014	7	1406
2014	8	876
2014	9	499
2014	10	526
2014	11	618
2014	12	827
2015	1	1897
2015	2	1522
2015	3	5487
2015	4	5378
2015	5	1647
2015	6	7392
2015	7	6857
2015	8	1807
2015	9	1488
