1940	1	159
1940	2	753
1940	3	957
1940	4	1006
1940	5	258
1940	6	364
1940	7	74
1940	8	101
1940	9	61
1940	10	19
1940	11	51
1940	12	266
1941	1	465
1941	2	137
1941	3	354
1941	4	258
1941	5	54
1941	6	28
1941	7	212
1941	8	22
1941	9	12
1941	10	8
1941	11	27
1941	12	149
1942	1	230
1942	2	315
1942	3	672
1942	4	588
1942	5	173
1942	6	689
1942	7	697
1942	8	750
1942	9	244
1942	10	107
1942	11	984
1942	12	1549
1943	1	682
1943	2	768
1943	3	1810
1943	4	965
1943	5	530
1943	6	257
1943	7	145
1943	8	20
1943	9	21
1943	10	23
1943	11	30
1943	12	46
1944	1	172
1944	2	566
1944	3	1550
1944	4	1023
1944	5	317
1944	6	107
1944	7	4
1944	8	55
1944	9	148
1944	10	67
1944	11	113
1944	12	379
1945	1	1398
1945	2	1504
1945	3	1742
1945	4	768
1945	5	644
1945	6	153
1945	7	37
1945	8	26
1945	9	7
1945	10	9
1945	11	182
1945	12	263
1946	1	646
1946	2	1031
1946	3	800
1946	4	297
1946	5	586
1946	6	1082
1946	7	147
1946	8	333
1946	9	46
1946	10	52
1946	11	62
1946	12	283
1947	1	1335
1947	2	394
1947	3	549
1947	4	743
1947	5	479
1947	6	106
1947	7	159
1947	8	667
1947	9	165
1947	10	54
1947	11	132
1947	12	163
1948	1	422
1948	2	1481
1948	3	990
1948	4	1925
1948	5	426
1948	6	54
1948	7	88
1948	8	43
1948	9	9
1948	10	11
1948	11	181
1948	12	739
1949	1	1153
1949	2	1670
1949	3	741
1949	4	477
1949	5	520
1949	6	64
1949	7	43
1949	8	23
1949	9	13
1949	10	35
1949	11	66
1949	12	741
1950	1	2634
1950	2	1895
1950	3	952
1950	4	364
1950	5	344
1950	6	1199
1950	7	1510
1950	8	164
1950	9	439
1950	10	195
1950	11	1039
1950	12	885
1951	1	1303
1951	2	1819
1951	3	1148
1951	4	786
1951	5	436
1951	6	171
1951	7	66
1951	8	57
1951	9	40
1951	10	21
1951	11	704
1951	12	1575
1952	1	1456
1952	2	840
1952	3	1892
1952	4	420
1952	5	476
1952	6	183
1952	7	38
1952	8	33
1952	9	37
1952	10	12
1952	11	131
1952	12	223
1953	1	1060
1953	2	550
1953	3	1060
1953	4	594
1953	5	784
1953	6	108
1953	7	64
1953	8	20
1953	9	8
1953	10	5
1953	11	9
1953	12	19
1954	1	269
1954	2	127
1954	3	581
1954	4	443
1954	5	391
1954	6	69
1954	7	51
1954	8	67
1954	9	135
1954	10	52
1954	11	89
1954	12	563
1955	1	456
1955	2	1549
1955	3	3048
1955	4	367
1955	5	173
1955	6	108
1955	7	559
1955	8	73
1955	9	11
1955	10	26
1955	11	40
1955	12	48
1956	1	293
1956	2	2551
1956	3	1300
1956	4	1396
1956	5	328
1956	6	278
1956	7	347
1956	8	81
1956	9	41
1956	10	31
1956	11	105
1956	12	1277
1957	1	1540
1957	2	1362
1957	3	588
1957	4	961
1957	5	156
1957	6	276
1957	7	34
1957	8	18
1957	9	85
1957	10	27
1957	11	467
1957	12	1016
1958	1	412
1958	2	735
1958	3	595
1958	4	1740
1958	5	962
1958	6	64
1958	7	585
1958	8	471
1958	9	53
1958	10	22
1958	11	61
1958	12	113
1959	1	593
1959	2	555
1959	3	327
1959	4	867
1959	5	196
1959	6	85
1959	7	57
1959	8	35
1959	9	25
1959	10	31
1959	11	110
1959	12	339
1960	1	470
1960	2	1136
1960	3	1043
1960	4	391
1960	5	226
1960	6	464
1960	7	564
1960	8	90
1960	9	70
1960	10	55
1960	11	130
1960	12	233
1961	1	555
1961	2	932
1961	3	1305
1961	4	1341
1961	5	943
1961	6	668
1961	7	376
1961	8	273
1961	9	32
1961	10	33
1961	11	65
1961	12	634
1962	1	970
1962	2	1968
1962	3	1694
1962	4	1502
1962	5	354
1962	6	170
1962	7	289
1962	8	47
1962	9	23
1962	10	29
1962	11	357
1962	12	510
1963	1	313
1963	2	592
1963	3	1485
1963	4	143
1963	5	491
1963	6	411
1963	7	87
1963	8	38
1963	9	13
1963	10	4
1963	11	10
1963	12	25
1964	1	226
1964	2	523
1964	3	1668
1964	4	594
1964	5	165
1964	6	45
1964	7	53
1964	8	26
1964	9	25
1964	10	40
1964	11	95
1964	12	598
1965	1	731
1965	2	568
1965	3	1409
1965	4	1097
1965	5	164
1965	6	49
1965	7	373
1965	8	202
1965	9	183
1965	10	161
1965	11	82
1965	12	73
1966	1	543
1966	2	963
1966	3	351
1966	4	814
1966	5	621
1966	6	36
1966	7	202
1966	8	448
1966	9	76
1966	10	141
1966	11	341
1966	12	1108
1967	1	352
1967	2	443
1967	3	1638
1967	4	494
1967	5	1552
1967	6	173
1967	7	96
1967	8	80
1967	9	23
1967	10	31
1967	11	177
1967	12	534
1968	1	361
1968	2	137
1968	3	1528
1968	4	1223
1968	5	528
1968	6	199
1968	7	80
1968	8	421
1968	9	37
1968	10	79
1968	11	126
1968	12	328
1969	1	450
1969	2	424
1969	3	257
1969	4	671
1969	5	207
1969	6	67
1969	7	85
1969	8	95
1969	9	17
1969	10	11
1969	11	71
1969	12	447
1970	1	513
1970	2	1102
1970	3	482
1970	4	1912
1970	5	717
1970	6	61
1970	7	31
1970	8	130
1970	9	145
1970	10	208
1970	11	353
1970	12	712
1971	1	856
1971	2	1153
1971	3	585
1971	4	294
1971	5	1126
1971	6	74
1971	7	684
1971	8	439
1971	9	80
1971	10	40
1971	11	39
1971	12	156
1972	1	1071
1972	2	1770
1972	3	896
1972	4	2406
1972	5	509
1972	6	147
1972	7	142
1972	8	56
1972	9	61
1972	10	119
1972	11	615
1972	12	1591
1973	1	413
1973	2	702
1973	3	814
1973	4	1079
1973	5	969
1973	6	400
1973	7	153
1973	8	52
1973	9	26
1973	10	45
1973	11	834
1973	12	532
1974	1	1919
1974	2	424
1974	3	1005
1974	4	601
1974	5	500
1974	6	732
1974	7	108
1974	8	688
1974	9	1184
1974	10	125
1974	11	536
1974	12	1018
1975	1	1005
1975	2	1378
1975	3	2281
1975	4	1142
1975	5	430
1975	6	92
1975	7	212
1975	8	118
1975	9	335
1975	10	380
1975	11	360
1975	12	616
1976	1	1006
1976	2	819
1976	3	825
1976	4	382
1976	5	121
1976	6	175
1976	7	103
1976	8	162
1976	9	63
1976	10	308
1976	11	167
1976	12	184
1977	1	100
1977	2	317
1977	3	825
1977	4	656
1977	5	158
1977	6	62
1977	7	98
1977	8	193
1977	9	37
1977	10	135
1977	11	253
1977	12	683
1978	1	1720
1978	2	592
1978	3	1650
1978	4	626
1978	5	1125
1978	6	140
1978	7	171
1978	8	289
1978	9	106
1978	10	53
1978	11	190
1978	12	3036
1979	1	1846
1979	2	1361
1979	3	583
1979	4	852
1979	5	386
1979	6	356
1979	7	506
1979	8	393
1979	9	579
1979	10	356
1979	11	645
1979	12	966
1980	1	541
1980	2	721
1980	3	1293
1980	4	816
1980	5	312
1980	6	185
1980	7	98
1980	8	69
1980	9	45
1980	10	31
1980	11	156
1980	12	127
1981	1	67
1981	2	915
1981	3	482
1981	4	884
1981	5	736
1981	6	526
1981	7	630
1981	8	54
1981	9	24
1981	10	43
1981	11	38
1981	12	189
1982	1	721
1982	2	978
1982	3	1110
1982	4	644
1982	5	177
1982	6	646
1982	7	105
1982	8	301
1982	9	186
1982	10	51
1982	11	212
1982	12	599
1983	1	322
1983	2	514
1983	3	310
1983	4	721
1983	5	1914
1983	6	436
1983	7	54
1983	8	78
1983	9	12
1983	10	34
1983	11	80
1983	12	214
1984	1	176
1984	2	478
1984	3	891
1984	4	1588
1984	5	1478
1984	6	78
1984	7	47
1984	8	25
1984	9	5
1984	10	91
1984	11	447
1984	12	1109
1985	1	577
1985	2	1385
1985	3	569
1985	4	317
1985	5	237
1985	6	220
1985	7	138
1985	8	273
1985	9	43
1985	10	62
1985	11	767
1985	12	475
1986	1	207
1986	2	1225
1986	3	472
1986	4	110
1986	5	116
1986	6	63
1986	7	155
1986	8	23
1986	9	59
1986	10	86
1986	11	1219
1986	12	1004
1987	1	499
1987	2	789
1987	3	791
1987	4	1221
1987	5	276
1987	6	159
1987	7	218
1987	8	61
1987	9	25
1987	10	23
1987	11	44
1987	12	603
1988	1	631
1988	2	446
1988	3	451
1988	4	714
1988	5	219
1988	6	23
1988	7	112
1988	8	57
1988	9	195
1988	10	39
1988	11	1070
1988	12	808
1989	1	790
1989	2	3563
1989	3	1449
1989	4	763
1989	5	874
1989	6	596
1989	7	102
1989	8	244
1989	9	545
1989	10	927
1989	11	720
1989	12	303
1990	1	1242
1990	2	1508
1990	3	426
1990	4	596
1990	5	675
1990	6	688
1990	7	199
1990	8	127
1990	9	60
1990	10	97
1990	11	186
1990	12	2597
1991	1	1152
1991	2	1316
1991	3	1356
1991	4	635
1991	5	253
1991	6	176
1991	7	584
1991	8	39
1991	9	41
1991	10	42
1991	11	96
1991	12	1513
1992	1	608
1992	2	562
1992	3	970
1992	4	411
1992	5	218
1992	6	245
1992	7	250
1992	8	302
1992	9	55
1992	10	14
1992	11	154
1992	12	490
1993	1	641
1993	2	1171
1993	3	1664
1993	4	984
1993	5	206
1993	6	606
1993	7	74
1993	8	283
1993	9	117
1993	10	295
1993	11	700
1993	12	900
1994	1	1821
1994	2	2180
1994	3	2549
1994	4	1131
1994	5	716
1994	6	63
1994	7	119
1994	8	75
1994	9	28
1994	10	41
1994	11	78
1994	12	265
1995	1	1019
1995	2	695
1995	3	843
1995	4	599
1995	5	1943
1995	6	246
1995	7	79
1995	8	57
1995	9	28
1995	10	133
1995	11	163
1995	12	209
1996	1	1202
1996	2	590
1996	3	1081
1996	4	961
1996	5	1574
1996	6	562
1996	7	287
1996	8	55
1996	9	105
1996	10	109
1996	11	517
1996	12	824
1997	1	718
1997	2	595
1997	3	2785
1997	4	357
1997	5	698
1997	6	2245
1997	7	233
1997	8	90
1997	9	53
1997	10	23
1997	11	65
1997	12	154
1998	1	845
1998	2	1152
1998	3	671
1998	4	1232
1998	5	856
1998	6	764
1998	7	546
1998	8	52
1998	9	20
1998	10	24
1998	11	35
1998	12	181
1999	1	1186
1999	2	551
1999	3	867
1999	4	331
1999	5	178
1999	6	29
1999	7	25
1999	8	19
1999	9	8
1999	10	49
1999	11	73
1999	12	173
2000	1	190
2000	2	782
2000	3	397
2000	4	800
2000	5	210
2000	6	189
2000	7	286
2000	8	333
2000	9	76
2000	10	36
2000	11	48
2000	12	417
2001	1	298
2001	2	824
2001	3	574
2001	4	301
2001	5	202
2001	6	324
2001	7	1080
2001	8	329
2001	9	36
2001	10	32
2001	11	39
2001	12	221
2002	1	464
2002	2	213
2002	3	1771
2002	4	1004
2002	5	1312
2002	6	127
2002	7	82
2002	8	18
2002	9	47
2002	10	395
2002	11	643
2002	12	742
2003	1	325
2003	2	2436
2003	3	425
2003	4	825
2003	5	992
2003	6	975
2003	7	103
2003	8	262
2003	9	204
2003	10	89
2003	11	936
2003	12	798
2004	1	1085
2004	2	1283
2004	3	885
2004	4	926
2004	5	1337
2004	6	1335
2004	7	252
2004	8	208
2004	9	1602
2006	10	596
2006	11	417
2006	12	303
2007	1	682
2007	2	229
2007	3	730
2007	4	548
2007	5	220
2007	6	32
2007	7	75
2007	8	25
2007	9	18
2007	10	55
2007	11	130
2007	12	758
2008	1	486
2008	2	977
2008	3	1171
2008	4	1009
2008	5	329
2008	6	99
2008	7	63
2008	8	23
2008	9	4
2008	10	6
2008	11	27
2008	12	321
2009	1	998
2009	2	561
2009	3	655
2009	4	1030
2009	5	970
2009	6	404
2009	7	120
2009	8	634
2009	9	109
2009	10	154
2009	11	174
2009	12	769
2010	1	798
2010	2	891
2010	3	429
2010	4	428
2010	5	1356
2010	6	176
2010	7	118
2010	8	39
2010	9	17
2010	10	18
2010	11	78
2010	12	331
2011	1	386
2011	2	840
2011	3	1311
2011	4	2265
2011	5	839
2011	6	266
2011	7	206
2011	8	123
2011	9	80
2011	10	158
2011	11	1113
2011	12	889
2012	1	889
2012	2	593
2012	3	1359
2012	4	181
2012	5	457
2012	6	46
2012	7	101
2012	8	27
2012	9	87
2012	10	73
2012	11	94
2012	12	731
2013	1	972
2013	2	563
2013	3	1164
2013	4	619
2013	5	672
2013	6	243
2013	7	779
2013	8	350
2013	9	79
2013	10	56
2013	11	228
2013	12	1259
2014	1	683
2014	2	1745
2014	3	896
2014	4	1024
2014	5	709
2014	6	96
2014	7	126
2014	8	497
