1940	1	173
1940	2	1098
1940	3	557
1940	4	1770
1940	5	452
1940	6	181
1940	7	67
1940	8	38
1940	9	23
1940	10	18
1940	11	45
1940	12	74
1941	1	209
1941	2	141
1941	3	70
1941	4	420
1941	5	94
1941	6	260
1941	7	213
1941	8	88
1941	9	50
1941	10	67
1941	11	176
1941	12	319
1942	1	654
1942	2	1061
1942	3	1154
1942	4	1105
1942	5	453
1942	6	815
1942	7	304
1942	8	87
1942	9	43
1942	10	25
1942	11	396
1942	12	859
1943	1	485
1943	2	595
1943	3	2549
1943	4	679
1943	5	722
1943	6	414
1943	7	218
1943	8	67
1943	9	24
1943	10	17
1943	11	23
1943	12	21
1944	1	57
1944	2	106
1944	3	1131
1944	4	1549
1944	5	698
1944	6	145
1944	7	62
1944	8	239
1944	9	418
1944	10	66
1944	11	52
1944	12	190
1945	1	667
1945	2	1969
1945	3	4298
1945	4	1378
1945	5	533
1945	6	999
1945	7	335
1945	8	68
1945	9	210
1945	10	419
1945	11	484
1945	12	599
1946	1	830
1946	2	1897
1946	3	1196
1946	4	361
1946	5	1655
1946	6	424
1946	7	160
1946	8	306
1946	9	43
1946	10	33
1946	11	168
1946	12	532
1947	1	1414
1947	2	426
1947	3	275
1947	4	2421
1947	5	966
1947	6	892
1947	7	466
1947	8	173
1947	9	56
1947	10	38
1947	11	64
1947	12	99
1948	1	352
1948	2	890
1948	3	1881
1948	4	2277
1948	5	395
1948	6	97
1948	7	362
1948	8	98
1948	9	79
1948	10	38
1948	11	1209
1948	12	1267
1949	1	3177
1949	2	1698
1949	3	2333
1949	4	575
1949	5	422
1949	6	1544
1949	7	233
1949	8	385
1949	9	129
1949	10	249
1949	11	86
1949	12	922
1950	1	4504
1950	2	3404
1950	3	1084
1950	4	1781
1950	5	972
1950	6	885
1950	7	197
1950	8	138
1950	9	314
1950	10	116
1950	11	1028
1950	12	1094
1951	1	2343
1951	2	1990
1951	3	2153
1951	4	1609
1951	5	375
1951	6	179
1951	7	108
1951	8	61
1951	9	104
1951	10	41
1951	11	557
1951	12	2066
1952	1	1511
1952	2	1632
1952	3	1999
1952	4	641
1952	5	217
1952	6	295
1952	7	69
1952	8	32
1952	9	49
1952	10	21
1952	11	33
1952	12	193
1953	1	1124
1953	2	469
1953	3	1119
1953	4	814
1953	5	1042
1953	6	161
1953	7	291
1953	8	54
1953	9	18
1953	10	14
1953	11	21
1953	12	24
1954	1	123
1954	2	170
1954	3	302
1954	4	384
1954	5	189
1954	6	180
1954	7	44
1954	8	71
1954	9	249
1954	10	236
1954	11	69
1954	12	333
1955	1	553
1955	2	2155
1955	3	2060
1955	4	639
1955	5	382
1955	6	290
1955	7	328
1955	8	83
1955	9	162
1955	10	515
1955	11	589
1955	12	230
1956	1	349
1956	2	3149
1956	3	1373
1956	4	639
1956	5	639
1956	6	333
1956	7	143
1956	8	88
1956	9	75
1956	10	44
1956	11	35
1956	12	109
1957	1	527
1957	2	1283
1957	3	560
1957	4	1979
1957	5	1770
1957	6	744
1957	7	286
1957	8	106
1957	9	55
1957	10	37
1957	11	1336
1957	12	2416
1958	1	796
1958	2	526
1958	3	861
1958	4	823
1958	5	944
1958	6	192
1958	7	878
1958	8	800
1958	9	384
1958	10	195
1958	11	257
1958	12	562
1959	1	2664
1959	2	1288
1959	3	888
1959	4	625
1959	5	436
1959	6	206
1959	7	69
1959	8	57
1959	9	70
1959	10	68
1959	11	136
1959	12	519
1960	1	724
1960	2	1003
1960	3	778
1960	4	476
1960	5	252
1960	6	1881
1960	7	771
1960	8	84
1960	9	42
1960	10	24
1960	11	39
1960	12	55
1961	1	162
1961	2	602
1961	3	2301
1961	4	1368
1961	5	2939
1961	6	394
1961	7	352
1961	8	126
1961	9	69
1961	10	49
1961	11	140
1961	12	615
1962	1	1490
1962	2	2019
1962	3	1470
1962	4	630
1962	5	252
1962	6	151
1962	7	73
1962	8	35
1962	9	107
1962	10	69
1962	11	103
1962	12	109
1963	1	216
1963	2	199
1963	3	2574
1963	4	443
1963	5	246
1963	6	125
1963	7	216
1963	8	101
1963	9	57
1963	10	18
1963	11	20
1963	12	17
1964	1	111
1964	2	150
1964	3	4058
1964	4	885
1964	5	318
1964	6	553
1964	7	144
1964	8	29
1964	9	21
1964	10	14
1964	11	28
1964	12	281
1965	1	583
1965	2	1279
1965	3	1153
1965	4	901
1965	5	248
1965	6	85
1965	7	301
1965	8	56
1965	9	541
1965	10	246
1965	11	115
1965	12	99
1966	1	1388
1966	2	1556
1966	3	724
1966	4	1546
1966	5	1068
1966	6	137
1966	7	89
1966	8	100
1966	9	35
1966	10	48
1966	11	161
1966	12	671
1967	1	383
1967	2	554
1967	3	1349
1967	4	543
1967	5	1583
1967	6	191
1967	7	91
1967	8	146
1967	9	42
1967	10	50
1967	11	139
1967	12	1308
1968	1	539
1968	2	646
1968	3	1237
1968	4	1462
1968	5	1510
1968	6	427
1968	7	120
1968	8	216
1968	9	74
1968	10	29
1968	11	98
1968	12	1028
1969	1	2032
1969	2	1032
1969	3	376
1969	4	1127
1969	5	905
1969	6	357
1969	7	411
1969	8	189
1969	9	78
1969	10	36
1969	11	137
1969	12	248
1970	1	407
1970	2	892
1970	3	1876
1970	4	2102
1970	5	965
1970	6	752
1970	7	139
1970	8	305
1970	9	94
1970	10	223
1970	11	408
1970	12	581
1971	1	745
1971	2	2242
1971	3	804
1971	4	439
1971	5	803
1971	6	258
1971	7	251
1971	8	163
1971	9	306
1971	10	162
1971	11	96
1971	12	486
1972	1	668
1972	2	1055
1972	3	1348
1972	4	2278
1972	5	511
1972	6	117
1972	7	85
1972	8	117
1972	9	49
1972	10	61
1972	11	913
1972	12	1685
1973	1	758
1973	2	722
1973	3	2113
1973	4	2068
1973	5	498
1973	6	752
1973	7	1311
1973	8	285
1973	9	56
1973	10	71
1973	11	693
1973	12	676
1974	1	1586
1974	2	699
1974	3	1371
1974	4	1461
1974	5	567
1974	6	662
1974	7	172
1974	8	213
1974	9	335
1974	10	204
1974	11	605
1974	12	770
1975	1	1331
1975	2	1975
1975	3	2332
1975	4	2170
1975	5	693
1975	6	292
1975	7	71
1975	8	49
1975	9	49
1975	10	181
1975	11	314
1975	12	873
1976	1	1536
1976	2	1489
1976	3	431
1976	4	266
1976	5	288
1976	6	1309
1976	7	296
1976	8	127
1976	9	72
1976	10	118
1976	11	163
1976	12	97
1977	1	40
1977	2	579
1977	3	1499
1977	4	1050
1977	5	583
1977	6	344
1977	7	396
1977	8	801
1977	9	208
1977	10	502
1977	11	1040
1977	12	1833
1978	1	829
1978	2	409
1978	3	2120
1978	4	715
1978	5	1026
1978	6	328
1978	7	437
1978	8	622
1978	9	315
1978	10	152
1978	11	753
1978	12	1832
1979	1	1557
1979	2	1776
1979	3	1218
1979	4	2341
1979	5	458
1979	6	907
1979	7	1654
1979	8	538
1979	9	505
1979	10	288
1979	11	2056
1979	12	1170
1980	1	966
1980	2	485
1980	3	1411
1980	4	1025
1980	5	786
1980	6	263
1980	7	494
1980	8	109
1980	9	67
1980	10	80
1980	11	96
1980	12	118
1981	1	62
1981	2	349
1981	3	363
1981	4	773
1981	5	793
1981	6	585
1981	7	155
1981	8	119
1981	9	191
1981	10	79
1981	11	113
1981	12	442
1982	1	1974
1982	2	1662
1982	3	1553
1982	4	1050
1982	5	490
1982	6	431
1982	7	272
1982	8	137
1982	9	496
1982	10	198
1982	11	739
1982	12	1842
1983	1	754
1983	2	652
1983	3	424
1983	4	1849
1983	5	4019
1983	6	362
1983	7	87
1983	8	63
1983	9	38
1983	10	459
1983	11	929
1983	12	1010
1984	1	485
1984	2	629
1984	3	1617
1984	4	1856
1984	5	1137
1984	6	173
1984	7	335
1984	8	128
1984	9	87
1984	10	84
1984	11	513
1984	12	1454
1985	1	985
1985	2	1523
1985	3	1602
1985	4	1048
1985	5	474
1985	6	869
1985	7	348
1985	8	294
1985	9	75
1985	10	215
1985	11	1397
1985	12	816
1986	1	434
1986	2	1510
1986	3	1200
1986	4	441
1986	5	225
1986	6	276
1986	7	413
1986	8	67
1986	9	96
1986	10	129
1986	11	404
1986	12	600
1987	1	228
1987	2	415
1987	3	976
1987	4	899
1987	5	232
1987	6	190
1987	7	296
1987	8	58
1987	9	26
1987	10	22
1987	11	32
1987	12	214
1988	1	576
1988	2	1599
1988	3	792
1988	4	861
1988	5	124
1988	6	43
1988	7	301
1988	8	215
1988	9	122
1988	10	68
1988	11	906
1988	12	507
1989	1	1379
1989	2	2457
1989	3	2072
1989	4	2072
1989	5	590
1989	6	577
1989	7	774
1989	8	295
1989	9	318
1989	10	166
1989	11	348
1989	12	149
1990	1	1323
1990	2	2609
1990	3	507
1990	4	1066
1990	5	2489
1990	6	2101
1990	7	208
1990	8	72
1990	9	117
1990	10	331
1990	11	284
1990	12	2312
1991	1	1548
1991	2	1802
1991	3	2150
1991	4	871
1991	5	411
1991	6	166
1991	7	55
1991	8	53
1991	9	58
1991	10	32
1991	11	43
1991	12	339
1992	1	287
1992	2	139
1992	3	833
1992	4	743
1992	5	240
1992	6	229
1992	7	152
1992	8	319
1992	9	60
1992	10	33
1992	11	150
1992	12	126
1993	1	921
1993	2	882
1993	3	1448
1993	4	1383
1993	5	595
1993	6	359
1993	7	133
1993	8	269
1993	9	215
1993	10	162
1993	11	1151
1993	12	858
1994	1	974
1994	2	1135
1994	3	759
1994	4	1259
1994	5	1322
1994	6	143
1994	7	63
1994	8	36
1994	9	51
1994	10	41
1994	11	276
1994	12	957
1995	1	788
1995	2	899
1995	3	901
1995	4	714
1995	5	3061
1995	6	799
1995	7	405
1995	8	461
1995	9	48
1995	10	60
1995	11	120
1995	12	409
1996	1	1526
1996	2	433
1996	3	1725
1996	4	3242
1996	5	3480
1996	6	1663
1996	7	242
1996	8	86
1996	9	551
1996	10	281
1996	11	402
1996	12	1906
1997	1	1249
1997	2	1247
1997	3	3262
1997	4	674
1997	5	1302
1997	6	2784
1997	7	200
1997	8	82
1997	9	40
1997	10	28
1997	11	61
1997	12	272
1998	1	451
1998	2	890
1998	3	956
1998	4	1452
1998	5	1422
1998	6	631
1998	7	426
1998	8	321
1998	9	45
1998	10	45
1998	11	55
1998	12	298
1999	1	1965
1999	2	1146
1999	3	1200
1999	4	687
1999	5	592
1999	6	337
1999	7	261
1999	8	43
1999	9	24
1999	10	30
1999	11	31
1999	12	178
2000	1	1168
2000	2	1985
2000	3	959
2000	4	839
2000	5	379
2000	6	406
2000	7	156
2000	8	218
2000	9	194
2000	10	93
2000	11	222
2000	12	961
2001	1	286
2001	2	1276
2001	3	549
2001	4	278
2001	5	192
2001	6	409
2001	7	158
2001	8	94
2001	9	314
2001	10	934
2001	11	987
2001	12	2501
2002	1	749
2002	2	1026
2002	3	1828
2002	4	1749
2002	5	2369
2002	6	523
2002	7	89
2002	8	41
2002	9	218
2002	10	216
2002	11	652
2002	12	854
2003	1	953
2003	2	1355
2003	3	957
2003	4	1185
2003	5	1867
2003	6	456
2003	7	181
2003	8	78
2003	9	139
2003	10	149
2003	11	628
2003	12	583
2004	1	1672
2004	2	964
2004	3	785
2004	4	857
2004	5	3166
2004	6	799
2004	7	364
2004	8	186
2004	9	97
2004	10	273
2004	11	1284
2004	12	855
2005	1	3163
2005	2	808
2005	3	963
2005	4	683
2005	5	381
2005	6	353
2005	7	137
2005	8	74
2005	9	96
2005	10	35
2005	11	718
2005	12	383
2006	1	1217
2006	2	723
2006	3	3033
2006	4	1672
2006	5	629
2006	6	675
2006	7	633
2006	8	193
2006	9	1171
2006	10	1178
2006	11	1453
2006	12	1576
2007	1	2119
2007	2	952
2007	3	839
2007	4	1177
2007	5	430
2007	6	95
2007	7	111
2007	8	45
2007	9	27
2007	10	130
2007	11	149
2007	12	1306
2008	1	614
2008	2	1788
2008	3	4667
2008	4	1714
2008	5	1331
2008	6	233
2008	7	121
2008	8	94
2008	9	85
2008	10	58
2008	11	78
2008	12	748
2009	1	454
2009	2	1229
2009	3	595
2009	4	917
2009	5	839
2009	6	987
2009	7	604
2009	8	745
2009	9	850
2009	10	2137
2009	11	667
2009	12	562
2010	1	788
2010	2	870
2010	3	742
2010	4	723
2010	5	1475
2010	6	370
2010	7	174
2010	8	65
2010	9	20
2010	10	19
2010	11	213
2010	12	324
2011	1	392
2011	2	1152
2011	3	1576
2011	4	4169
2011	5	2390
2011	6	654
2011	7	258
2011	8	75
2011	9	88
2011	10	60
2011	11	795
2011	12	2205
2012	1	1570
2012	2	707
2012	3	1769
2012	4	571
2012	5	662
2012	6	182
2012	7	63
2012	8	26
2012	9	80
2012	10	98
2012	11	51
2012	12	442
2013	1	1225
2013	2	784
2013	3	1550
2013	4	865
2013	5	656
2013	6	1046
2013	7	383
2013	8	83
2013	9	63
2013	10	423
2013	11	801
2013	12	1702
2014	1	988
2014	2	1423
2014	3	774
2014	4	2963
2014	5	925
2014	6	218
2014	7	155
2014	8	249
2014	9	320
2014	10	449
2014	11	289
2014	12	944
2015	1	895
2015	2	413
2015	3	2744
2015	4	3003
2015	5	295
2015	6	1050
2015	7	1423
2015	8	159
2015	9	50
