1940	1	171
1940	2	217
1940	3	546
1940	4	498
1940	5	219
1940	6	229
1940	7	89
1940	8	44
1940	9	50
1940	10	68
1940	11	81
1940	12	155
1941	1	161
1941	2	136
1941	3	199
1941	4	304
1941	5	125
1941	6	187
1941	7	44
1941	8	30
1941	9	27
1941	10	66
1941	11	130
1941	12	137
1942	1	122
1942	2	906
1942	3	928
1942	4	542
1942	5	116
1942	6	367
1942	7	157
1942	8	290
1942	9	174
1942	10	129
1942	11	492
1942	12	532
1943	1	511
1943	2	500
1943	3	808
1943	4	327
1943	5	2021
1943	6	280
1943	7	677
1943	8	225
1943	9	214
1943	10	91
1943	11	202
1943	12	106
1944	1	77
1944	2	304
1944	3	628
1944	4	1711
1944	5	752
1944	6	155
1944	7	71
1944	8	59
1944	9	43
1944	10	51
1944	11	66
1944	12	59
1945	1	61
1945	2	280
1945	3	607
1945	4	800
1945	5	866
1945	6	245
1945	7	160
1945	8	408
1945	9	198
1945	10	529
1945	11	144
1945	12	234
1946	1	546
1946	2	629
1946	3	498
1946	4	141
1946	5	193
1946	6	218
1946	7	128
1946	8	74
1946	9	56
1946	10	46
1946	11	83
1946	12	156
1947	1	418
1947	2	373
1947	3	475
1947	4	816
1947	5	492
1947	6	420
1947	7	139
1947	8	79
1947	9	142
1947	10	131
1947	11	176
1947	12	232
1948	1	443
1948	2	746
1948	3	1041
1948	4	534
1948	5	554
1948	6	203
1948	7	120
1948	8	87
1948	9	64
1948	10	57
1948	11	119
1948	12	299
1949	1	1246
1949	2	1126
1949	3	333
1949	4	242
1949	5	369
1949	6	335
1949	7	178
1949	8	101
1949	9	98
1949	10	318
1949	11	126
1949	12	688
1950	1	2257
1950	2	1248
1950	3	1444
1950	4	1615
1950	5	281
1950	6	684
1950	7	303
1950	8	208
1950	9	242
1950	10	98
1950	11	259
1950	12	704
1951	1	787
1951	2	1215
1951	3	726
1951	4	826
1951	5	450
1951	6	300
1951	7	767
1951	8	232
1951	9	102
1951	10	183
1951	11	338
1951	12	430
1952	1	1376
1952	2	709
1952	3	839
1952	4	750
1952	5	630
1952	6	416
1952	7	160
1952	8	131
1952	9	104
1952	10	92
1952	11	111
1952	12	167
1953	1	321
1953	2	307
1953	3	729
1953	4	395
1953	5	283
1953	6	106
1953	7	81
1953	8	76
1953	9	55
1953	10	52
1953	11	55
1953	12	65
1954	1	100
1954	2	137
1954	3	370
1954	4	591
1954	5	153
1954	6	178
1954	7	129
1954	8	212
1954	9	61
1954	10	1164
1954	11	268
1954	12	405
1955	1	569
1955	2	387
1955	3	945
1955	4	527
1955	5	222
1955	6	167
1955	7	264
1955	8	150
1955	9	68
1955	10	157
1955	11	723
1955	12	171
1956	1	115
1956	2	639
1956	3	662
1956	4	413
1956	5	892
1956	6	255
1956	7	120
1956	8	110
1956	9	62
1956	10	59
1956	11	76
1956	12	101
1957	1	226
1957	2	342
1957	3	222
1957	4	1768
1957	5	356
1957	6	374
1957	7	276
1957	8	87
1957	9	93
1957	10	214
1957	11	304
1957	12	954
1958	1	317
1958	2	305
1958	3	339
1958	4	184
1958	5	101
1958	6	520
1958	7	426
1958	8	736
1958	9	168
1958	10	96
1958	11	271
1958	12	168
1959	1	670
1959	2	1771
1959	3	617
1959	4	963
1959	5	511
1959	6	375
1959	7	174
1959	8	81
1959	9	76
1959	10	114
1959	11	388
1959	12	442
1960	1	647
1960	2	618
1960	3	441
1960	4	742
1960	5	365
1960	6	575
1960	7	183
1960	8	95
1960	9	77
1960	10	64
1960	11	77
1960	12	64
1961	1	59
1961	2	228
1961	3	1031
1961	4	1090
1961	5	555
1961	6	146
1961	7	191
1961	8	239
1961	9	122
1961	10	130
1961	11	260
1961	12	201
1962	1	677
1962	2	593
1962	3	1154
1962	4	256
1962	5	228
1962	6	126
1962	7	72
1962	8	54
1962	9	55
1962	10	78
1962	11	62
1962	12	54
1963	1	47
1963	2	79
1963	3	710
1963	4	287
1963	5	121
1963	6	131
1963	7	183
1963	8	65
1963	9	50
1963	10	48
1963	11	54
1963	12	49
1964	1	73
1964	2	62
1964	3	366
1964	4	686
1964	5	208
1964	6	211
1964	7	365
1964	8	69
1964	9	67
1964	10	123
1964	11	156
1964	12	152
1965	1	422
1965	2	636
1965	3	842
1965	4	887
1965	5	252
1965	6	94
1965	7	81
1965	8	79
1965	9	78
1965	10	90
1965	11	107
1965	12	376
1966	1	282
1966	2	217
1966	3	202
1966	4	225
1966	5	630
1966	6	97
1966	7	96
1966	8	78
1966	9	66
1966	10	72
1966	11	512
1966	12	1717
1967	1	185
1967	2	591
1967	3	1043
1967	4	640
1967	5	425
1967	6	140
1967	7	108
1967	8	83
1967	9	93
1967	10	136
1967	11	175
1967	12	1488
1968	1	542
1968	2	959
1968	3	372
1968	4	582
1968	5	738
1968	6	574
1968	7	213
1968	8	181
1968	9	103
1968	10	99
1968	11	296
1968	12	564
1969	1	1048
1969	2	699
1969	3	331
1969	4	558
1969	5	430
1969	6	458
1969	7	401
1969	8	92
1969	9	77
1969	10	104
1969	11	341
1969	12	135
1970	1	207
1970	2	297
1970	3	570
1970	4	871
1970	5	498
1970	6	123
1970	7	91
1970	8	117
1970	9	132
1970	10	217
1970	11	385
1970	12	323
1971	1	138
1971	2	951
1971	3	508
1971	4	163
1971	5	284
1971	6	327
1971	7	97
1971	8	59
1971	9	81
1971	10	76
1971	11	73
1971	12	429
1972	1	240
1972	2	100
1972	3	539
1972	4	1077
1972	5	328
1972	6	127
1972	7	174
1972	8	112
1972	9	448
1972	10	453
1972	11	1036
1972	12	685
1973	1	628
1973	2	386
1973	3	1141
1973	4	699
1973	5	256
1973	6	519
1973	7	218
1973	8	373
1973	9	106
1973	10	88
1973	11	215
1973	12	613
1974	1	1205
1974	2	675
1974	3	860
1974	4	467
1974	5	494
1974	6	256
1974	7	117
1974	8	86
1974	9	98
1974	10	84
1974	11	155
1974	12	330
1975	1	652
1975	2	709
1975	3	464
1975	4	539
1975	5	391
1975	6	1057
1975	7	182
1975	8	192
1975	9	250
1975	10	103
1975	11	177
1975	12	545
1976	1	221
1976	2	1538
1976	3	689
1976	4	293
1976	5	191
1976	6	182
1976	7	125
1976	8	87
1976	9	62
1976	10	76
1976	11	67
1976	12	62
1977	1	43
1977	2	303
1977	3	979
1977	4	513
1977	5	164
1977	6	97
1977	7	252
1977	8	199
1977	9	430
1977	10	144
1977	11	197
1977	12	1098
1978	1	211
1978	2	139
1978	3	1641
1978	4	1191
1978	5	412
1978	6	156
1978	7	102
1978	8	83
1978	9	71
1978	10	60
1978	11	83
1978	12	216
1979	1	217
1979	2	264
1979	3	1315
1979	4	770
1979	5	283
1979	6	120
1979	7	118
1979	8	227
1979	9	74
1979	10	77
1979	11	213
1979	12	481
1980	1	225
1980	2	303
1980	3	1155
1980	4	797
1980	5	226
1980	6	678
1980	7	106
1980	8	279
1980	9	259
1980	10	100
1980	11	101
1980	12	294
1981	1	144
1981	2	1049
1981	3	270
1981	4	945
1981	5	855
1981	6	1375
1981	7	265
1981	8	147
1981	9	270
1981	10	208
1981	11	238
1981	12	213
1982	1	570
1982	2	783
1982	3	2424
1982	4	918
1982	5	336
1982	6	486
1982	7	164
1982	8	87
1982	9	76
1982	10	69
1982	11	661
1982	12	1062
1983	1	270
1983	2	336
1983	3	367
1983	4	1105
1983	5	900
1983	6	177
1983	7	108
1983	8	72
1983	9	63
1983	10	73
1983	11	218
1983	12	676
1984	1	147
1984	2	837
1984	3	1151
1984	4	657
1984	5	624
1984	6	261
1984	7	268
1984	8	172
1984	9	89
1984	10	214
1984	11	314
1984	12	486
1985	1	608
1985	2	1332
1985	3	1234
1985	4	825
1985	5	202
1985	6	201
1985	7	87
1985	8	133
1985	9	113
1985	10	192
1985	11	735
1985	12	710
1986	1	268
1986	2	765
1986	3	1041
1986	4	218
1986	5	216
1986	6	970
1986	7	635
1986	8	143
1986	9	194
1986	10	606
1986	11	297
1986	12	399
1987	1	256
1987	2	436
1987	3	474
1987	4	403
1987	5	419
1987	6	203
1987	7	131
1987	8	99
1987	9	81
1987	10	92
1987	11	284
1987	12	926
1988	1	361
1988	2	458
1988	3	515
1988	4	938
1988	5	149
1988	6	81
1988	7	89
1988	8	78
1988	9	72
1988	10	248
1988	11	824
1988	12	449
1989	1	953
1989	2	264
1989	3	443
1989	4	492
1989	5	270
1989	6	844
1989	7	158
1989	8	80
1989	9	173
1989	10	107
1989	11	203
1989	12	97
1990	1	593
1990	2	1509
1990	3	754
1990	4	657
1990	5	610
1990	6	404
1990	7	372
1990	8	1031
1990	9	326
1990	10	1096
1990	11	532
1990	12	1271
1991	1	1131
1991	2	547
1991	3	507
1991	4	759
1991	5	402
1991	6	578
1991	7	126
1991	8	96
1991	9	81
1991	10	288
1991	11	445
1991	12	354
1992	1	301
1992	2	423
1992	3	446
1992	4	510
1992	5	186
1992	6	144
1992	7	311
1992	8	124
1992	9	565
1992	10	222
1992	11	1416
1992	12	558
1993	1	1721
1993	2	308
1993	3	993
1993	4	681
1993	5	365
1993	6	536
1993	7	316
1993	8	98
1993	9	423
1993	10	270
1993	11	440
1993	12	302
1994	1	367
1994	2	508
1994	3	525
1994	4	1300
1994	5	328
1994	6	327
1994	7	305
1994	8	92
1994	9	75
1994	10	80
1994	11	108
1994	12	182
1995	1	445
1995	2	176
1995	3	564
1995	4	873
1995	5	346
1995	6	291
1995	7	166
1995	8	214
1995	9	71
1995	10	85
1995	11	183
1995	12	91
1996	1	368
1996	2	211
1996	3	237
1996	4	348
1996	5	1087
1996	6	749
1996	7	723
1996	8	265
1996	9	103
1996	10	100
1996	11	345
1996	12	984
1997	1	571
1997	2	1212
1997	3	1208
1997	4	390
1997	5	889
1997	6	621
1997	7	739
1997	8	224
1997	9	424
1997	10	147
1997	11	324
1997	12	467
1998	1	1389
1998	2	400
1998	3	1193
1998	4	986
1998	5	318
1998	6	361
1998	7	588
1998	8	198
1998	9	88
1998	10	115
1998	11	134
1998	12	107
1999	1	1049
1999	2	583
1999	3	729
1999	4	1233
1999	5	377
1999	6	374
1999	7	98
1999	8	78
1999	9	62
1999	10	78
1999	11	72
1999	12	101
2000	1	89
2000	2	336
2000	3	270
2000	4	404
2000	5	527
2000	6	1022
2000	7	256
2000	8	145
2000	9	105
2000	10	96
2000	11	145
2000	12	318
2001	1	317
2001	2	1323
2001	3	316
2001	4	703
2001	5	228
2001	6	431
2001	7	151
2001	8	237
2001	9	141
2001	10	1309
2001	11	392
2001	12	800
2002	1	296
2002	2	757
2002	3	748
2002	4	998
2002	5	877
2002	6	239
2002	7	118
2002	8	91
2002	9	73
2002	10	73
2002	11	87
2002	12	81
2003	1	92
2003	2	105
2003	3	393
2003	4	335
2003	5	834
2003	6	230
2003	7	781
2003	8	377
2003	9	845
2003	10	279
2003	11	364
2003	12	640
2004	1	384
2004	2	406
2004	3	682
2004	4	197
2004	5	456
2004	6	1435
2004	7	219
2004	8	411
2004	9	208
2004	10	102
2004	11	468
2004	12	807
2005	1	1638
2005	2	1385
2005	3	563
2005	4	264
2005	5	198
2005	6	152
2005	7	124
2005	8	81
2005	9	75
2005	10	71
2005	11	97
2005	12	223
2006	1	620
2006	2	536
2006	3	594
2006	4	372
2006	5	784
2006	6	225
2006	7	396
2006	8	222
2006	9	142
2006	10	493
2006	11	472
2006	12	979
2007	1	1279
2007	2	244
2007	3	1043
2007	4	730
2007	5	287
2007	6	146
2007	7	133
2007	8	435
2007	9	143
2007	10	100
2007	11	449
2007	12	1204
2008	1	1455
2008	2	1750
2008	3	1265
2008	4	822
2008	5	493
2008	6	521
2008	7	183
2008	8	101
2008	9	114
2008	10	96
2008	11	114
2008	12	532
2009	1	200
2009	2	1004
2009	3	1773
2009	4	1356
2009	5	645
2009	6	323
2009	7	162
2009	8	288
2009	9	106
2009	10	285
2009	11	266
2009	12	575
2010	1	450
2010	2	290
2010	3	703
2010	4	599
2010	5	928
2010	6	699
2010	7	153
2010	8	102
2010	9	71
2010	10	81
2010	11	115
2010	12	90
2011	1	89
2011	2	415
2011	3	849
2011	4	1187
2011	5	1477
2011	6	509
2011	7	139
2011	8	98
2011	9	100
2011	10	144
2011	11	524
2011	12	1728
2012	1	875
2012	2	589
2012	3	542
2012	4	212
2012	5	157
2012	6	78
2012	7	60
2012	8	67
2012	9	59
2012	10	76
2012	11	66
2012	12	113
2013	1	369
2013	2	282
2013	3	582
2013	4	1824
2013	5	341
2013	6	1440
2013	7	310
2013	8	311
2013	9	83
2013	10	95
2013	11	119
2013	12	434
2014	1	328
2014	2	689
2014	3	1217
2014	4	875
2014	5	541
2014	6	256
2014	7	114
2014	8	130
2014	9	167
2014	10	232
2014	11	460
2014	12	292
2015	1	331
2015	4	433
2015	5	192
2015	6	1333
2015	7	1059
2015	8	145
2015	9	118
