1949	10	61
1949	11	46
1949	12	108
1950	1	442
1950	2	372
1950	3	332
1950	4	492
1950	5	135
1950	6	109
1950	7	91
1950	8	81
1950	9	91
1950	10	62
1950	11	55
1950	12	178
1951	1	169
1951	2	193
1951	3	240
1951	4	223
1951	5	145
1951	6	76
1951	7	160
1951	8	107
1951	9	67
1951	10	53
1951	11	101
1951	12	134
1952	1	272
1952	2	275
1952	3	198
1952	4	218
1952	5	151
1952	6	149
1952	7	94
1952	8	67
1952	9	48
1952	10	42
1952	11	23
1952	12	34
1953	1	58
1953	2	84
1953	3	134
1953	4	112
1953	5	103
1953	6	60
1953	7	11
1953	8	14
1953	9	4
1953	10	4
1953	11	6
1953	12	23
1954	1	21
1954	2	42
1954	3	85
1954	4	244
1954	5	154
1954	6	83
1954	7	81
1954	8	59
1954	9	62
1954	10	368
1954	11	140
1954	12	95
1955	1	186
1955	2	97
1955	3	205
1955	4	129
1955	5	86
1955	6	53
1955	7	51
1955	8	37
1955	9	9
1955	10	55
1955	11	132
1955	12	85
1956	1	47
1956	2	92
1956	3	182
1956	4	120
1956	5	339
1956	6	101
1956	7	45
1956	8	31
1956	9	20
1956	10	9
1956	11	9
1956	12	33
1957	1	42
1957	2	71
1957	3	83
1957	4	241
1957	5	137
1957	6	66
1957	7	57
1957	8	15
1957	9	26
1957	10	18
1957	11	28
1957	12	90
1958	1	131
1958	2	55
1958	3	106
1958	4	72
1958	5	30
1958	6	52
1958	7	106
1958	8	175
1958	9	236
1958	10	119
1958	11	90
1958	12	79
1959	1	86
1959	2	352
1959	3	257
1959	4	265
1959	5	134
1959	6	73
1959	7	134
1959	8	29
1959	9	19
1959	10	86
1959	11	113
1959	12	102
1960	1	183
1960	2	171
1960	3	102
1960	4	230
1960	5	197
1960	6	237
1960	7	108
1960	8	35
1960	9	40
1960	10	53
1960	11	23
1960	12	44
1961	1	33
1961	2	42
1961	3	197
1961	4	192
1961	5	174
1961	6	42
1961	7	35
1961	8	60
1961	9	58
1961	10	73
1961	11	69
1961	12	87
1962	1	91
1962	2	152
1962	3	263
1962	4	160
1962	5	51
1962	6	35
1962	7	11
1962	8	7
1962	9	22
1962	10	38
1962	11	22
1962	12	15
1963	1	7
1963	2	10
1963	3	155
1963	4	80
1963	5	54
1963	6	33
1963	7	49
1963	8	19
1963	9	5
1963	10	5
1963	11	10
1963	12	19
1964	1	45
1964	2	30
1964	3	43
1964	4	85
1964	5	50
1964	6	21
1964	7	42
1964	8	9
1964	9	4
1964	10	16
1964	11	12
1964	12	23
1965	1	55
1965	2	142
1965	3	165
1965	4	188
1965	5	137
1965	6	58
1965	7	20
1965	8	40
1965	9	68
1965	10	38
1965	11	37
1965	12	77
1966	1	187
1966	2	84
1966	3	78
1966	4	58
1966	5	176
1966	6	31
1966	7	15
1966	8	7
1966	9	3
1966	10	22
1966	11	64
1966	12	297
1967	1	114
1967	2	139
1967	3	180
1967	4	162
1967	5	78
1967	6	32
1967	7	23
1967	8	0
1967	9	0
1967	10	44
1967	11	45
1967	12	182
1968	1	149
1968	2	263
1968	3	99
1968	4	133
1968	5	84
1968	6	102
1968	7	198
1968	8	52
1968	9	25
1968	10	26
1968	11	64
1968	12	108
1969	1	174
1969	2	288
1969	3	72
1969	4	166
1969	5	108
1969	6	52
1969	7	68
1969	8	42
1969	9	20
1969	10	31
1969	11	99
1969	12	83
1970	1	55
1970	2	78
1970	3	102
1970	4	212
1970	5	176
1970	6	37
1970	7	23
1970	8	40
1970	9	50
1970	10	61
1970	11	87
1970	12	111
1971	1	61
1971	2	191
1971	3	201
1971	4	63
1971	5	60
1971	6	34
1971	7	27
1971	8	32
1971	9	5
1971	10	21
1971	11	43
1971	12	93
1972	1	98
1972	2	56
1972	3	90
1972	4	213
1972	5	155
1972	6	39
1972	7	28
1972	8	46
1972	9	95
1972	10	124
1972	11	219
1972	12	181
1973	1	205
1973	2	166
1973	3	204
1973	4	241
1973	5	138
1973	6	191
1973	7	60
1973	8	58
1973	9	18
1973	10	23
1973	11	37
1973	12	91
1974	1	212
1974	2	253
1974	3	310
1974	4	179
1974	5	142
1974	6	108
1974	7	42
1974	8	18
1974	9	13
1974	10	14
1974	11	57
1974	12	74
1975	1	147
1975	2	138
1975	3	162
1975	4	175
1975	5	140
1975	6	239
1975	7	71
1975	8	37
1975	9	25
1975	10	26
1975	11	31
1975	12	129
1976	1	69
1976	2	205
1976	3	257
1976	4	89
1976	5	54
1976	6	55
1976	7	35
1976	8	47
1976	9	15
1976	10	28
1976	11	31
1976	12	42
1977	1	37
1977	2	46
1977	3	238
1977	4	195
1977	5	54
1977	6	24
1977	7	69
1977	8	68
1977	9	126
1977	10	85
1977	11	63
1977	12	201
1978	1	116
1978	2	71
1978	3	209
1978	4	388
1978	5	146
1978	6	50
1978	7	29
1978	8	13
1978	9	14
1978	10	22
1978	11	62
1978	12	61
1979	1	63
1979	2	43
1979	3	226
1979	4	192
1979	5	130
1979	6	37
1979	7	19
1979	8	39
1979	9	16
1979	10	7
1979	11	59
1979	12	67
1980	1	92
1980	2	54
1980	3	193
1980	4	280
1980	5	83
1980	6	184
1980	7	37
1980	8	105
1980	9	150
1980	10	71
1980	11	59
1980	12	115
1981	1	66
1981	2	147
1981	3	169
1981	4	286
1981	5	316
1981	6	363
1981	7	148
1981	8	56
1981	9	47
1981	10	67
1981	11	74
1981	12	76
1982	1	115
1982	2	150
1982	3	498
1982	4	317
1982	5	118
1982	6	189
1982	7	106
1982	8	28
1982	9	30
1982	10	29
1982	11	154
1982	12	227
1983	1	141
1983	2	103
1983	3	92
1983	4	280
1983	5	257
1983	6	67
1983	7	38
1983	8	15
1983	9	8
1983	10	24
1983	11	47
1983	12	168
1984	1	74
1984	2	156
1984	3	208
1984	4	210
1984	5	155
1984	6	203
1984	7	51
1984	8	48
1984	9	21
1984	10	62
1984	11	96
1984	12	106
1985	1	228
1985	2	161
1985	3	458
1985	4	368
1985	5	56
1985	6	50
1985	7	24
1985	8	26
1985	9	23
1985	10	76
1985	11	124
1985	12	225
1986	1	96
1986	2	158
1986	3	249
1986	4	93
1986	5	70
1986	6	191
1986	7	124
1986	8	39
1986	9	32
1986	10	229
1986	11	91
1986	12	142
1987	1	96
1987	2	126
1987	3	157
1987	4	122
1987	5	157
1987	6	45
1987	7	48
1987	8	36
1987	9	42
1987	10	43
1987	11	52
1987	12	206
1988	1	138
1988	2	156
1988	3	127
1988	4	207
1988	5	38
1988	6	18
1988	7	11
1988	8	10
1988	9	15
1988	10	74
1988	11	169
1988	12	131
1989	1	183
1989	2	105
1989	3	59
1989	4	114
1989	5	63
1989	6	206
1989	7	40
1989	8	24
1989	9	75
1989	10	24
1989	11	67
1989	12	43
1990	1	109
1990	2	194
1990	3	255
1990	4	159
1990	5	186
1990	6	108
1990	7	103
1990	8	188
1990	9	205
1990	10	274
1990	11	184
1990	12	182
1991	1	375
1991	2	151
1991	3	152
1991	4	197
1991	5	156
1991	6	138
1991	7	26
1991	8	16
1991	9	16
1991	10	35
1991	11	61
1991	12	107
1992	1	66
1992	2	99
1992	3	117
1992	4	134
1992	5	58
1992	6	34
1992	7	62
1992	8	23
1992	9	63
1992	10	48
1992	11	230
1992	12	143
1993	1	384
1993	2	160
1993	3	183
1993	4	188
1993	5	124
1993	6	167
1993	7	80
1993	8	18
1993	9	60
1993	10	82
1993	11	73
1993	12	101
1994	1	60
1994	2	133
1994	3	126
1994	4	194
1994	5	102
1994	6	71
1994	7	53
1994	8	13
1994	9	8
1994	10	5
1994	11	51
1994	12	80
1995	1	109
1995	2	97
1995	3	138
1995	4	196
1995	5	132
1995	6	131
1995	7	72
1995	8	38
1995	9	6
1995	10	13
1995	11	90
1995	12	46
1996	1	67
1996	2	77
1996	3	65
1996	4	113
1996	5	280
1996	6	276
1996	7	170
1996	8	107
1996	9	41
1996	10	45
1996	11	129
1996	12	254
1997	1	223
1997	2	271
1997	3	411
1997	4	165
1997	5	195
1997	6	253
1997	7	114
1997	8	96
1997	9	59
1997	10	47
1997	11	61
1997	12	93
1998	1	310
1998	2	148
1998	3	226
1998	4	323
1998	5	122
1998	6	68
1998	7	94
1998	8	102
1998	9	25
1998	10	33
1998	11	61
1998	12	49
1999	1	110
1999	2	237
1999	3	209
1999	4	231
1999	5	187
1999	6	65
1999	7	16
1999	8	8
1999	9	5
1999	10	11
1999	11	40
1999	12	49
2000	1	40
2000	2	37
2000	3	76
2000	4	67
2000	5	81
2000	6	172
2000	7	84
2000	8	32
2000	9	63
2000	10	47
2000	11	90
2000	12	107
2001	1	86
2001	2	297
2001	3	168
2001	4	239
2001	5	78
2001	6	86
2001	7	41
2001	8	115
2001	9	79
2001	10	275
2001	11	171
2001	12	216
2002	1	99
2002	2	215
2002	3	189
2002	4	326
2002	5	295
2002	6	85
2002	7	17
2002	8	17
2002	9	11
2002	10	12
2002	11	44
2002	12	36
2003	1	39
2003	2	31
2003	3	64
2003	4	82
2003	5	195
2003	6	33
2003	7	163
2003	8	80
2003	9	178
2003	10	73
2003	11	88
2003	12	141
2004	1	147
2004	2	51
2004	3	197
2004	4	45
2004	5	84
2004	6	262
2004	7	43
2004	8	44
2004	9	44
2004	10	18
2004	11	45
2004	12	184
2005	1	324
2005	2	282
2005	3	203
2005	4	70
2005	5	64
2005	6	27
2005	7	17
2005	8	13
2005	9	9
2005	10	8
2005	11	35
2005	12	48
2006	1	74
2006	2	112
2006	3	123
2006	4	59
2006	5	150
2006	6	53
2006	7	42
2006	8	50
2006	9	44
2006	10	95
2006	11	118
2006	12	190
2007	1	257
2007	2	110
2007	3	196
2007	4	156
2007	5	96
2007	6	19
2007	7	12
2007	8	95
2007	9	42
2007	10	19
2007	11	66
2007	12	229
2008	1	393
2008	2	391
2008	3	310
2008	4	233
2008	5	100
2008	6	69
2008	7	29
2008	8	12
2008	9	21
2008	10	17
2008	11	41
2008	12	45
2009	1	135
2009	2	129
2009	3	442
2009	4	325
2009	5	190
2009	6	110
2009	7	33
2009	8	148
2009	9	43
2009	10	83
2009	11	137
2009	12	127
2010	1	143
2010	2	124
2010	3	155
2010	4	117
2010	5	230
2010	6	169
2010	7	55
2010	8	26
2010	9	12
2010	10	9
2010	11	34
2010	12	56
2011	1	43
2011	2	66
2011	3	240
2011	4	215
2011	5	306
2011	6	204
2011	7	36
2011	8	23
2011	9	20
2011	10	82
2011	11	111
2011	12	426
2012	1	223
2012	2	212
2012	3	152
2012	4	58
2012	5	35
2012	6	7
2012	7	4
2012	8	7
2012	9	7
2012	10	18
2012	11	47
2012	12	35
2013	1	38
2013	2	81
2013	3	95
2013	4	282
2013	5	168
2013	6	240
2013	7	74
2013	8	108
2013	9	20
2013	10	24
2013	11	80
2013	12	120
2014	1	178
2014	2	142
2014	3	271
2014	4	244
2014	5	117
2014	6	62
2014	7	32
2014	8	17
2014	9	33
2014	10	45
2014	11	63
2014	12	105
2015	1	90
2015	2	73
2015	3	122
2015	4	112
2015	5	95
2015	6	185
2015	7	310
2015	8	77
2015	9	47
