1940	10	2
1940	11	15
1940	12	36
1941	1	31
1941	2	27
1941	3	15
1941	4	165
1941	5	18
1941	6	116
1941	7	14
1941	8	14
1941	9	43
1941	10	86
1941	11	574
1941	12	169
1942	1	71
1942	2	899
1942	3	640
1942	4	558
1942	5	313
1942	6	985
1942	7	218
1942	8	33
1942	9	12
1942	10	5
1942	11	365
1942	12	256
1943	1	109
1943	2	152
1943	3	278
1943	4	114
1943	5	2824
1943	6	117
1943	7	30
1943	8	5
1943	9	3
1943	10	1
1943	11	18
1943	12	3
1944	1	24
1944	2	82
1944	3	188
1944	4	1152
1944	5	169
1944	6	36
1944	7	2
1944	8	21
1944	9	6
1944	10	1
1944	11	1
1944	12	1
1945	1	3
1945	2	73
1945	3	1104
1945	4	1153
1945	5	432
1945	6	1345
1945	7	94
1945	8	158
1945	9	41
1945	10	93
1945	11	275
1945	12	275
1946	1	515
1946	2	897
1946	3	232
1946	4	35
1946	5	732
1946	6	387
1946	7	23
1946	8	28
1946	9	8
1946	10	2
1946	11	50
1946	12	162
1947	1	498
1947	2	163
1947	3	88
1947	4	805
1947	5	394
1947	6	235
1947	7	41
1947	8	34
1947	9	84
1947	10	60
1947	11	33
1947	12	27
1948	1	438
1948	2	305
1948	3	1027
1948	4	356
1948	5	70
1948	6	32
1948	7	90
1948	8	10
1948	9	15
1948	10	8
1948	11	75
1948	12	231
1949	1	1993
1949	2	661
1949	3	417
1949	4	132
1949	5	80
1949	6	168
1949	7	135
1949	8	72
1949	9	68
1949	10	565
1949	11	72
1949	12	624
1950	1	2798
1950	2	1276
1950	3	587
1950	4	486
1950	5	169
1950	6	621
1950	7	376
1950	8	26
1950	9	141
1950	10	33
1950	11	185
1950	12	275
1951	1	584
1951	2	1179
1951	3	395
1951	4	452
1951	5	207
1951	6	112
1951	7	113
1951	8	129
1951	9	99
1951	10	77
1951	11	393
1951	12	477
1952	1	440
1952	2	417
1952	3	810
1952	4	731
1952	5	40
1952	6	148
1952	7	22
1952	8	4
1952	9	3
1952	10	0
1952	11	1
1952	12	10
1953	1	14
1953	2	35
1953	3	605
1953	4	360
1953	5	320
1953	6	20
1953	7	11
1953	8	1
1953	9	0
1953	10	0
1953	11	0
1953	12	0
1954	1	1
1954	2	4
1954	3	1
1954	4	10
1954	5	21
1954	6	3
1954	7	0
1954	8	0
1954	9	0
1954	10	25
1954	11	0
1954	12	15
1955	1	105
1955	2	115
1955	3	153
1955	4	276
1955	5	82
1955	6	141
1955	7	127
1955	8	23
1955	9	25
1955	10	99
1955	11	381
1955	12	63
1956	1	17
1956	2	950
1956	3	170
1956	4	254
1956	5	215
1956	6	253
1956	7	57
1956	8	11
1956	9	6
1956	10	0
1956	11	1
1956	12	67
1957	1	189
1957	2	304
1957	3	212
1957	4	1295
1957	5	421
1957	6	1285
1957	7	179
1957	8	21
1957	9	16
1957	10	43
1957	11	145
1957	12	1401
1958	1	320
1958	2	96
1958	3	251
1958	4	123
1958	5	232
1958	6	437
1958	7	1010
1958	8	430
1958	9	47
1958	10	30
1958	11	232
1958	12	89
1959	1	403
1959	2	902
1959	3	361
1959	4	323
1959	5	117
1959	6	33
1959	7	24
1959	8	46
1959	9	5
1959	10	9
1959	11	44
1959	12	127
1960	1	211
1960	2	369
1960	3	362
1960	4	106
1960	5	182
1960	6	416
1960	7	89
1960	8	4
1960	9	0
1960	10	0
1960	11	2
1960	12	3
1961	1	3
1961	2	31
1961	3	613
1961	4	287
1961	5	1518
1961	6	42
1961	7	47
1961	8	263
1961	9	37
1961	10	10
1961	11	120
1961	12	338
1962	1	849
1962	2	642
1962	3	881
1962	4	112
1962	5	221
1962	6	87
1962	7	26
1962	8	67
1962	9	37
1962	10	8
1962	11	15
1962	12	13
1963	1	16
1963	2	7
1963	3	928
1963	4	172
1963	5	120
1963	6	45
1963	7	81
1963	8	22
1963	9	1
1963	10	0
1963	11	3
1963	12	2
1964	1	46
1964	2	37
1964	3	427
1964	4	478
1964	5	46
1964	6	11
1964	7	4
1964	8	0
1964	9	0
1964	10	0
1964	11	2
1964	12	5
1965	1	27
1965	2	272
1965	3	252
1965	4	217
1965	5	72
1965	6	56
1965	7	34
1965	8	2
1965	9	14
1965	10	5
1965	11	5
1965	12	11
1966	1	54
1966	2	107
1966	3	51
1966	4	348
1966	5	348
1966	6	54
1966	7	7
1966	8	2
1966	9	39
1966	10	8
1966	11	170
1966	12	737
1967	1	211
1967	2	332
1967	3	762
1967	4	194
1967	5	479
1967	6	98
1967	7	42
1967	8	33
1967	9	3
1967	10	15
1967	11	20
1967	12	1755
1968	1	583
1968	2	478
1968	3	276
1968	4	438
1968	5	887
1968	6	219
1968	7	144
1968	8	257
1968	9	10
1968	10	5
1968	11	28
1968	12	201
1969	1	1178
1969	2	664
1969	3	152
1969	4	1087
1969	5	140
1969	6	214
1969	7	262
1969	8	103
1969	9	38
1969	10	133
1969	11	371
1969	12	73
1970	1	421
1970	2	407
1970	3	276
1970	4	1209
1970	5	192
1970	6	169
1970	7	36
1970	8	35
1970	9	16
1970	10	39
1970	11	59
1970	12	50
1971	1	64
1971	2	1042
1971	3	208
1971	4	33
1971	5	107
1971	6	132
1971	7	184
1971	8	29
1971	9	6
1971	10	2
1971	11	1
1971	12	165
1972	1	88
1972	2	70
1972	3	81
1972	4	832
1972	5	78
1972	6	25
1972	7	11
1972	8	39
1972	9	3
1972	10	4
1972	11	558
1972	12	490
1973	1	619
1973	2	258
1973	3	1468
1973	4	718
1973	5	66
1973	6	679
1973	7	232
1973	8	47
1973	9	6
1973	10	7
1973	11	153
1973	12	810
1974	1	1028
1974	2	461
1974	3	872
1974	4	646
1974	5	943
1974	6	681
1974	7	36
1974	8	204
1974	9	840
1974	10	70
1974	11	359
1974	12	394
1975	1	1311
1975	2	1209
1975	3	805
1975	4	383
1975	5	362
1975	6	238
1975	7	281
1975	8	113
1975	9	40
1975	10	10
1975	11	59
1975	12	309
1976	1	378
1976	2	442
1976	3	745
1976	4	62
1976	5	25
1976	6	27
1976	7	11
1976	8	6
1976	9	1
1976	10	1
1976	11	1
1976	12	0
1977	1	0
1977	2	93
1977	3	354
1977	4	71
1977	5	35
1977	6	17
1977	7	24
1977	8	9
1977	9	21
1977	10	28
1977	11	44
1977	12	844
1978	1	52
1978	2	13
1978	3	1377
1978	4	244
1978	5	481
1978	6	92
1978	7	158
1978	8	185
1978	9	27
1978	10	28
1978	11	53
1978	12	113
1979	1	195
1979	2	413
1979	3	874
1979	4	908
1979	5	115
1979	6	54
1979	7	710
1979	8	369
1979	9	18
1979	10	8
1979	11	79
1979	12	148
1980	1	51
1980	2	186
1980	3	738
1980	4	556
1980	5	58
1980	6	156
1980	7	96
1980	8	135
1980	9	178
1980	10	10
1980	11	8
1980	12	23
1981	1	9
1981	2	252
1981	3	83
1981	4	119
1981	5	779
1981	6	305
1981	7	32
1981	8	224
1981	9	355
1981	10	98
1981	11	72
1981	12	297
1982	1	648
1982	2	1776
1982	3	951
1982	4	374
1982	5	248
1982	6	336
1982	7	191
1982	8	24
1982	9	112
1982	10	56
1982	11	131
1982	12	1549
1983	1	114
1983	2	258
1983	3	407
1983	4	742
1983	5	628
1983	6	647
1983	7	32
1983	8	2
1983	9	0
1983	10	40
1983	11	306
1983	12	674
1984	1	88
1984	2	641
1984	3	891
1984	4	1521
1984	5	394
1984	6	23
1984	7	10
1984	8	34
1984	9	33
1984	10	132
1984	11	566
1984	12	616
1985	1	345
1985	2	1166
1985	3	786
1985	4	726
1985	5	216
1985	6	107
1985	7	20
1985	8	471
1985	9	11
1985	10	1
1985	11	1757
1985	12	626
1986	1	42
1986	2	482
1986	3	473
1986	4	63
1986	5	60
1986	6	86
1986	7	146
1986	8	78
1986	9	12
1986	10	203
1986	11	52
1986	12	145
1987	1	160
1987	2	111
1987	3	86
1987	4	169
1987	5	40
1987	6	54
1987	7	347
1987	8	7
1987	9	1
1987	10	0
1987	11	2
1987	12	347
1988	1	384
1988	2	1016
1988	3	647
1988	4	397
1988	5	25
1988	6	5
1988	7	16
1988	8	10
1988	9	0
1988	10	0
1988	11	105
1988	12	35
1989	1	229
1989	2	126
1989	3	519
1989	4	776
1989	5	327
1989	6	85
1989	7	125
1989	8	101
1989	9	900
1989	10	32
1989	11	19
1989	12	8
1990	1	63
1990	2	752
1990	3	145
1990	4	392
1990	5	1278
1990	6	278
1990	7	141
1990	8	118
1990	9	14
1990	10	113
1990	11	337
1990	12	1501
1991	1	774
1991	2	488
1991	3	954
1991	4	132
1991	5	151
1991	6	37
1991	7	32
1991	8	47
1991	9	16
1991	10	33
1991	11	226
1991	12	183
1992	1	195
1992	2	211
1992	3	313
1992	4	751
1992	5	46
1992	6	8
1992	7	208
1992	8	36
1992	9	97
1992	10	38
1992	11	1354
1992	12	234
1993	1	1321
1993	2	274
1993	3	883
1993	4	856
1993	5	220
1993	6	175
1993	7	497
1993	8	29
1993	9	608
1993	10	295
1993	11	1447
1993	12	397
1994	1	472
1994	2	335
1994	3	171
1994	4	1040
1994	5	359
1994	6	32
1994	7	22
1994	8	4
1994	9	1
1994	10	0
1994	11	8
1994	12	10
1995	1	96
1995	2	71
1995	3	459
1995	4	165
1995	5	1120
1995	6	57
1995	7	58
1995	8	397
1995	9	12
1995	10	2
1995	11	7
1995	12	13
1996	1	387
1996	2	109
1996	3	301
1996	4	1272
1996	5	1823
1996	6	419
1996	7	21
1996	8	5
1996	9	4
1996	10	2
1996	11	33
1996	12	110
1997	1	351
1997	2	889
1997	3	796
1997	4	104
1997	5	55
1997	6	259
1997	7	30
1997	8	23
1997	9	3
1997	10	0
1997	11	1
1997	12	13
1998	1	143
1998	2	170
1998	3	535
1998	4	590
1998	5	1194
1998	6	402
1998	7	399
1998	8	259
1998	9	8
1998	10	53
1998	11	152
1998	12	38
1999	1	1424
1999	2	1132
1999	3	271
1999	4	446
1999	5	178
1999	6	733
1999	7	58
1999	8	7
1999	9	0
1999	10	0
1999	11	0
1999	12	1
2000	1	4
2000	2	40
2000	3	71
2000	4	154
2000	5	124
2000	6	368
2000	7	645
2000	8	410
2000	9	683
2000	10	1006
2000	11	258
2000	12	143
2001	1	342
2001	2	828
2001	3	94
2001	4	81
2001	5	52
2001	6	494
2001	7	630
2001	8	23
2001	9	5
2001	10	469
2001	11	65
2001	12	704
2002	1	64
2002	2	486
2002	3	862
2002	4	653
2002	5	1973
2002	6	120
2002	7	23
2002	8	4
2002	9	0
2002	10	0
2002	11	1
2002	12	8
2003	1	17
2003	2	216
2003	3	128
2003	4	46
2003	5	485
2003	6	73
2003	7	82
2003	8	14
2003	9	250
2003	10	56
2003	11	268
2003	12	394
2004	1	825
2004	2	147
2004	3	528
2004	4	114
2004	5	369
2004	6	255
2004	7	206
2004	8	110
2004	9	9
2004	10	163
2004	11	709
2004	12	403
2005	1	2306
2005	2	496
2005	3	84
2005	4	144
2005	5	89
2005	6	35
2005	7	3
2005	8	0
2005	9	0
2005	10	0
2005	11	11
2005	12	8
2006	1	87
2006	2	86
2006	3	802
2006	4	914
2006	5	441
2006	6	92
2006	7	52
2006	8	57
2006	9	103
2006	10	163
2006	11	330
2006	12	942
2007	1	1310
2007	2	886
2007	3	382
2007	4	465
2007	5	42
2007	6	79
2007	7	53
2007	8	1
2007	9	0
2007	10	25
2007	11	4
2007	12	210
2008	1	391
2008	2	985
2008	3	1674
2008	4	772
2008	5	668
2008	6	2289
2008	7	393
2008	8	39
2008	9	72
2008	10	16
2008	11	44
2008	12	778
2009	1	80
2009	2	1155
2009	3	97
2009	4	1123
2009	5	1235
2009	6	576
2009	7	45
2009	8	25
2009	9	3
2009	10	331
2009	11	286
2009	12	1128
2010	1	432
2010	2	260
2010	3	492
2010	4	463
2010	5	480
2010	6	718
2010	7	375
2010	8	18
2010	9	14
2010	10	0
2010	11	73
2010	12	25
2011	1	133
2011	2	582
2011	3	953
2011	4	2035
2011	5	430
2011	6	255
2011	7	178
2011	8	13
2011	9	1
2011	10	6
2011	11	209
2011	12	654
2012	1	732
2012	2	205
2012	3	121
2012	4	90
2012	5	93
2012	6	7
2012	7	1
2012	8	3
2012	9	65
2012	10	6
2012	11	5
2012	12	38
2013	1	659
2013	2	460
2013	3	266
2013	4	1186
2013	5	352
2013	6	1096
2013	7	418
2013	8	25
2013	9	8
2013	10	2
2013	11	78
2013	12	401
2014	1	287
2014	2	638
2014	3	105
2014	4	911
2014	5	308
2014	6	225
2014	7	24
2014	8	14
2014	9	89
2014	10	386
2014	11	96
2014	12	443
2015	1	187
2015	2	103
2015	3	801
2015	4	515
2015	5	81
2015	6	760
2015	7	262
2015	8	16
2015	9	94
