1940	1	106
1940	2	554
1940	3	263
1940	4	910
1940	5	211
1940	6	210
1940	7	31
1940	8	11
1940	9	4
1940	10	3
1940	11	23
1940	12	37
1941	1	33
1941	2	64
1941	3	41
1941	4	51
1941	5	76
1941	6	119
1941	7	25
1941	8	6
1941	9	5
1941	10	64
1941	11	170
1941	12	210
1942	1	203
1942	2	906
1942	3	618
1942	4	521
1942	5	143
1942	6	358
1942	7	53
1942	8	101
1942	9	146
1942	10	22
1942	11	318
1942	12	349
1943	1	261
1943	2	418
1943	3	1173
1943	4	210
1943	5	659
1943	6	262
1943	7	139
1943	8	37
1943	9	26
1943	10	18
1943	11	29
1943	12	24
1944	1	62
1944	2	143
1944	3	590
1944	4	1217
1944	5	274
1944	6	87
1944	7	17
1944	8	9
1944	9	9
1944	10	7
1944	11	14
1944	12	16
1945	1	31
1945	2	353
1945	3	1261
1945	4	893
1945	5	287
1945	6	699
1945	7	130
1945	8	67
1945	9	292
1945	10	304
1945	11	320
1945	12	448
1946	1	446
1946	2	677
1946	3	631
1946	4	169
1946	5	380
1946	6	235
1946	7	89
1946	8	43
1946	9	10
1946	10	12
1946	11	28
1946	12	146
1947	1	569
1947	2	281
1947	3	370
1947	4	940
1947	5	1080
1947	6	990
1947	7	519
1947	8	253
1947	9	80
1947	10	40
1947	11	51
1947	12	68
1948	1	364
1948	2	513
1948	3	928
1948	4	963
1948	5	296
1948	6	58
1948	7	146
1948	8	29
1948	9	14
1948	10	17
1948	11	489
1948	12	494
1949	1	2518
1949	2	932
1949	3	893
1949	4	302
1949	5	93
1949	6	140
1949	7	153
1949	8	38
1949	9	139
1949	10	227
1949	11	72
1949	12	320
1950	1	2873
1950	2	1807
1950	3	598
1950	4	674
1950	5	388
1950	6	345
1950	7	164
1950	8	43
1950	9	264
1950	10	120
1950	11	784
1950	12	800
1951	1	949
1951	2	1296
1951	3	696
1951	4	810
1951	5	243
1951	6	293
1951	7	190
1951	8	27
1951	9	13
1951	10	16
1951	11	134
1951	12	1045
1952	1	1406
1952	2	604
1952	3	704
1952	4	585
1952	5	182
1952	6	109
1952	7	28
1952	8	12
1952	9	13
1952	10	8
1952	11	21
1952	12	106
1953	1	352
1953	2	304
1953	3	527
1953	4	213
1953	5	567
1953	6	122
1953	7	124
1953	8	27
1953	9	3
1953	10	2
1953	11	9
1953	12	17
1954	1	52
1954	2	44
1954	3	109
1954	4	401
1954	5	160
1954	6	81
1954	7	15
1954	8	11
1954	9	3
1954	10	11
1954	11	16
1954	12	72
1955	1	253
1955	2	471
1955	3	624
1955	4	281
1955	5	220
1955	6	172
1955	7	130
1955	8	16
1955	9	101
1955	10	187
1955	11	1115
1955	12	194
1956	1	96
1956	2	903
1956	3	415
1956	4	556
1956	5	440
1956	6	271
1956	7	191
1956	8	25
1956	9	10
1956	10	8
1956	11	20
1956	12	88
1957	1	145
1957	2	315
1957	3	154
1957	4	915
1957	5	759
1957	6	634
1957	7	349
1957	8	57
1957	9	40
1957	10	32
1957	11	183
1957	12	995
1958	1	348
1958	2	149
1958	3	225
1958	4	323
1958	5	884
1958	6	919
1958	7	831
1958	8	642
1958	9	189
1958	10	108
1958	11	262
1958	12	216
1959	1	1065
1959	2	1030
1959	3	523
1959	4	311
1959	5	421
1959	6	155
1959	7	57
1959	8	27
1959	9	15
1959	10	33
1959	11	91
1959	12	196
1960	1	323
1960	2	536
1960	3	230
1960	4	182
1960	5	197
1960	6	445
1960	7	338
1960	8	84
1960	9	18
1960	10	13
1960	11	24
1960	12	31
1961	1	60
1961	2	290
1961	3	1605
1961	4	1030
1961	5	984
1961	6	324
1961	7	91
1961	8	66
1961	9	43
1961	10	30
1961	11	62
1961	12	290
1962	1	711
1962	2	541
1962	3	779
1962	4	247
1962	5	158
1962	6	72
1962	7	131
1962	8	31
1962	9	32
1962	10	31
1962	11	48
1962	12	35
1963	1	89
1963	2	59
1963	3	1473
1963	4	460
1963	5	222
1963	6	82
1963	7	53
1963	8	37
1963	9	5
1963	10	1
1963	11	10
1963	12	9
1964	1	54
1964	2	35
1964	3	866
1964	4	1534
1964	5	225
1964	6	58
1964	7	165
1964	8	16
1964	9	6
1964	10	6
1964	11	16
1964	12	34
1965	1	224
1965	2	772
1965	3	542
1965	4	952
1965	5	195
1965	6	45
1965	7	121
1965	8	28
1965	9	49
1965	10	95
1965	11	66
1965	12	89
1966	1	315
1966	2	439
1966	3	201
1966	4	130
1966	5	260
1966	6	57
1966	7	21
1966	8	30
1966	9	9
1966	10	16
1966	11	275
1966	12	977
1967	1	212
1967	2	376
1967	3	797
1967	4	344
1967	5	927
1967	6	125
1967	7	42
1967	8	12
1967	9	5
1967	10	17
1967	11	38
1967	12	654
1968	1	339
1968	2	478
1968	3	291
1968	4	375
1968	5	1283
1968	6	567
1968	7	320
1968	8	379
1968	9	40
1968	10	35
1968	11	218
1968	12	543
1969	1	1029
1969	2	598
1969	3	167
1969	4	508
1969	5	471
1969	6	436
1969	7	802
1969	8	163
1969	9	128
1969	10	71
1969	11	286
1969	12	224
1970	1	275
1970	2	401
1970	3	464
1970	4	851
1970	5	228
1970	6	103
1970	7	46
1970	8	40
1970	9	40
1970	10	64
1970	11	100
1970	12	181
1971	1	233
1971	2	1170
1971	3	399
1971	4	103
1971	5	294
1971	6	286
1971	7	91
1971	8	24
1971	9	36
1971	10	45
1971	11	37
1971	12	356
1972	1	301
1972	2	187
1972	3	414
1972	4	840
1972	5	372
1972	6	258
1972	7	73
1972	8	22
1972	9	18
1972	10	46
1972	11	875
1972	12	791
1973	1	443
1973	2	368
1973	3	1129
1973	4	839
1973	5	262
1973	6	580
1973	7	418
1973	8	88
1973	9	21
1973	10	23
1973	11	180
1973	12	342
1974	1	871
1974	2	426
1974	3	418
1974	4	714
1974	5	480
1974	6	583
1974	7	122
1974	8	176
1974	9	375
1974	10	144
1974	11	284
1974	12	552
1975	1	736
1975	2	1409
1975	3	948
1975	4	559
1975	5	230
1975	6	135
1975	7	31
1975	8	21
1975	9	17
1975	10	49
1975	11	78
1975	12	403
1976	1	693
1976	2	707
1976	3	386
1976	4	121
1976	5	64
1976	6	103
1976	7	129
1976	8	33
1976	9	9
1976	10	14
1976	11	22
1976	12	17
1977	1	15
1977	2	316
1977	3	350
1977	4	414
1977	5	295
1977	6	62
1977	7	84
1977	8	129
1977	9	32
1977	10	253
1977	11	120
1977	12	939
1978	1	198
1978	2	108
1978	3	1254
1978	4	454
1978	5	640
1978	6	246
1978	7	217
1978	8	292
1978	9	139
1978	10	95
1978	11	152
1978	12	503
1979	1	499
1979	2	800
1979	3	890
1979	4	545
1979	5	236
1979	6	286
1979	7	915
1979	8	716
1979	9	207
1979	10	105
1979	11	782
1979	12	751
1980	1	380
1980	2	282
1980	3	894
1980	4	561
1980	5	301
1980	6	446
1980	7	425
1980	8	532
1980	9	62
1980	10	32
1980	11	38
1980	12	57
1981	1	34
1981	2	358
1981	3	159
1981	4	540
1981	5	1090
1981	6	387
1981	7	249
1981	8	72
1981	9	28
1981	10	23
1981	11	31
1981	12	120
1982	1	833
1982	2	1313
1982	3	824
1982	4	403
1982	5	437
1982	6	312
1982	7	131
1982	8	40
1982	9	18
1982	10	14
1982	11	56
1982	12	423
1983	1	241
1983	2	273
1983	3	127
1983	4	653
1983	5	1096
1983	6	154
1983	7	93
1983	8	29
1983	9	6
1983	10	41
1983	11	386
1983	12	595
1984	1	154
1984	2	420
1984	3	770
1984	4	1011
1984	5	446
1984	6	120
1984	7	79
1984	8	30
1984	9	22
1984	10	89
1984	11	301
1984	12	680
1985	1	464
1985	2	942
1985	3	715
1985	4	613
1985	5	594
1985	6	219
1985	7	77
1985	8	55
1985	9	15
1985	10	30
1985	11	840
1985	12	621
1986	1	233
1986	2	952
1986	3	594
1986	4	274
1986	5	407
1986	6	261
1986	7	201
1986	8	22
1986	9	36
1986	10	456
1986	11	187
1986	12	307
1987	1	143
1987	2	127
1987	3	259
1987	4	442
1987	5	161
1987	6	176
1987	7	413
1987	8	225
1987	9	19
1987	10	19
1987	11	34
1987	12	232
1988	1	166
1988	2	849
1988	3	398
1988	4	442
1988	5	124
1988	6	29
1988	7	14
1988	8	3
1988	9	4
1988	10	12
1988	11	141
1988	12	152
1989	1	528
1989	2	316
1989	3	824
1989	4	1005
1989	5	1081
1989	6	254
1989	7	184
1989	8	221
1989	9	392
1989	10	74
1989	11	385
1989	12	117
1990	1	355
1990	2	1087
1990	3	542
1990	4	438
1990	5	1096
1990	6	201
1990	7	346
1990	8	224
1990	9	148
1990	10	255
1990	11	168
1990	12	1566
1991	1	671
1991	2	617
1991	3	873
1991	4	450
1991	5	305
1991	6	103
1991	7	29
1991	8	11
1991	9	9
1991	10	8
1991	11	27
1991	12	58
1992	1	91
1992	2	117
1992	3	127
1992	4	535
1992	5	138
1992	6	272
1992	7	678
1992	8	175
1992	9	64
1992	10	94
1992	11	586
1992	12	169
1993	1	717
1993	2	281
1993	3	769
1993	4	762
1993	5	433
1993	6	513
1993	7	234
1993	8	46
1993	9	207
1993	10	427
1993	11	1341
1993	12	585
1994	1	664
1994	2	436
1994	3	203
1994	4	858
1994	5	325
1994	6	140
1994	7	171
1994	8	22
1994	9	10
1994	10	14
1994	11	37
1994	12	104
1995	1	287
1995	2	298
1995	3	386
1995	4	497
1995	5	1042
1995	6	227
1995	7	80
1995	8	125
1995	9	11
1995	10	21
1995	11	67
1995	12	105
1996	1	806
1996	2	282
1996	3	621
1996	4	1480
1996	5	1967
1996	6	797
1996	7	109
1996	8	40
1996	9	39
1996	10	41
1996	11	269
1996	12	830
1997	1	540
1997	2	580
1997	3	828
1997	4	454
1997	5	351
1997	6	1122
1997	7	104
1997	8	48
1997	9	45
1997	10	20
1997	11	36
1997	12	98
1998	1	445
1998	2	302
1998	3	525
1998	4	1081
1998	5	529
1998	6	1502
1998	7	194
1998	8	64
1998	9	11
1998	10	12
1998	11	22
1998	12	29
1999	1	641
1999	2	661
1999	3	401
1999	4	338
1999	5	202
1999	6	126
1999	7	60
1999	8	9
1999	9	0
1999	10	3
1999	11	6
1999	12	18
2000	1	32
2000	2	189
2000	3	231
2000	4	648
2000	5	277
2000	6	396
2000	7	124
2000	8	41
2000	9	24
2000	10	209
2000	11	234
2000	12	333
2001	1	207
2001	2	446
2001	3	182
2001	4	201
2001	5	416
2001	6	323
2001	7	421
2001	8	58
2001	9	113
2001	10	599
2001	11	310
2001	12	1083
2002	1	172
2002	2	401
2002	3	732
2002	4	1575
2002	5	1496
2002	6	314
2002	7	68
2002	8	17
2002	9	9
2002	10	15
2002	11	52
2002	12	174
2003	1	322
2003	2	318
2003	3	746
2003	4	274
2003	5	597
2003	6	451
2003	7	511
2003	8	129
2003	9	447
2003	10	252
2003	11	673
2003	12	570
2004	1	1144
2004	2	377
2004	3	260
2004	4	210
2004	5	411
2004	6	730
2004	7	124
2004	8	109
2004	9	25
2004	10	42
2004	11	248
2004	12	354
2005	1	2289
2005	2	562
2005	3	265
2005	4	442
2005	5	459
2005	6	268
2005	7	147
2005	8	45
2005	9	57
2005	10	56
2005	11	387
2005	12	456
2006	1	698
2006	2	497
2006	3	978
2006	4	659
2006	5	1082
2006	6	446
2006	7	242
2006	8	119
2006	9	105
2006	10	492
2006	11	428
2006	12	1016
2007	1	1574
2007	2	367
2007	3	1203
2007	4	689
2007	5	198
2007	6	64
2007	7	40
2007	8	10
2007	9	13
2007	10	14
2007	11	27
2007	12	315
2008	1	607
2008	2	800
2008	3	1583
2008	4	619
2008	5	515
2008	6	1283
2008	7	399
2008	8	74
2008	9	20
2008	10	12
2008	11	25
2008	12	258
2009	1	172
2009	2	589
2009	3	162
2009	4	728
2009	5	1135
2009	6	450
2009	7	130
2009	8	406
2009	9	37
2009	10	234
2009	11	220
2009	12	487
2010	1	511
2010	2	253
2010	3	1073
2010	4	458
2010	5	447
2010	6	1458
2010	7	177
2010	8	38
2010	9	8
2010	10	10
2010	11	52
2010	12	117
2011	1	156
2011	2	728
2011	3	1101
2011	4	2003
2011	5	1383
2011	6	329
2011	7	70
2011	8	22
2011	9	20
2011	10	53
2011	11	544
2011	12	1220
2012	1	862
2012	2	295
2012	3	376
2012	4	169
2012	5	445
2012	6	44
2012	7	7
2012	8	4
2012	9	23
2012	10	46
2012	11	39
2012	12	89
2013	1	761
2013	2	362
2013	3	489
2013	4	598
2013	5	285
2013	6	121
2013	7	64
2013	8	15
2013	9	6
2013	10	37
2013	11	70
2013	12	947
2014	1	522
2014	2	661
2014	3	377
2014	4	908
2014	5	664
2014	6	391
2014	7	116
2014	8	68
2014	9	114
2014	10	74
2014	11	182
2014	12	367
2015	1	351
2015	2	152
2015	3	754
2015	4	611
2015	5	288
2015	6	850
2015	7	766
2015	8	143
2015	9	35
