1940	1	245
1940	2	1320
1940	3	1644
1940	4	1655
1940	5	379
1940	6	325
1940	7	64
1940	8	148
1940	9	71
1940	10	12
1940	11	86
1940	12	371
1941	1	871
1941	2	208
1941	3	653
1941	4	924
1941	5	114
1941	6	117
1941	7	1829
1941	8	125
1941	9	35
1941	10	10
1941	11	127
1941	12	541
1942	1	649
1942	2	969
1942	3	1558
1942	4	764
1942	5	192
1942	6	896
1942	7	931
1942	8	890
1942	9	378
1942	10	215
1942	11	1549
1942	12	3362
1943	1	733
1943	2	1304
1943	3	3225
1943	4	1737
1943	5	852
1943	6	338
1943	7	134
1943	8	125
1943	9	23
1943	10	24
1943	11	146
1943	12	289
1944	1	713
1944	2	2122
1944	3	3110
1944	4	1807
1944	5	480
1944	6	110
1944	7	10
1944	8	52
1944	9	172
1944	10	63
1944	11	140
1944	12	712
1945	1	2057
1945	2	3013
1945	3	2720
1945	4	1035
1945	5	732
1945	6	400
1945	7	75
1945	8	54
1945	9	6
1945	10	12
1945	11	466
1945	12	823
1946	1	2462
1946	2	1820
1946	3	1406
1946	4	367
1946	5	1251
1946	6	1318
1946	7	328
1946	8	347
1946	9	52
1946	10	95
1946	11	357
1946	12	755
1947	1	3311
1947	2	719
1947	3	1362
1947	4	971
1947	5	1251
1947	6	2861
1947	7	958
1947	8	552
1947	9	45
1947	10	20
1947	11	56
1947	12	186
1948	1	729
1948	2	3592
1948	3	2169
1948	4	2715
1948	5	371
1948	6	95
1948	7	478
1948	8	121
1948	9	11
1948	10	13
1948	11	728
1948	12	1320
1949	1	2341
1949	2	2791
1949	3	1610
1949	4	1163
1949	5	505
1949	6	73
1949	7	226
1949	8	203
1949	9	17
1949	10	124
1949	11	209
1949	12	1444
1950	1	4607
1950	2	3167
1950	3	1319
1950	4	696
1950	5	1146
1950	6	1874
1950	7	1138
1950	8	422
1950	9	589
1950	10	248
1950	11	1771
1950	12	1520
1951	1	2284
1951	2	3576
1951	3	1967
1951	4	1465
1951	5	335
1951	6	82
1951	7	82
1951	8	36
1951	9	199
1951	10	37
1951	11	2061
1951	12	3535
1952	1	2656
1952	2	1181
1952	3	3754
1952	4	785
1952	5	853
1952	6	340
1952	7	70
1952	8	41
1952	9	29
1952	10	5
1952	11	241
1952	12	435
1953	1	2163
1953	2	1305
1953	3	1508
1953	4	813
1953	5	1388
1953	6	550
1953	7	262
1953	8	30
1953	9	5
1953	10	2
1953	11	11
1953	12	16
1954	1	929
1954	2	273
1954	3	1175
1954	4	764
1954	5	682
1954	6	140
1954	7	51
1954	8	53
1954	9	15
1954	10	16
1954	11	30
1954	12	817
1955	1	700
1955	2	3267
1955	3	4471
1955	4	617
1955	5	583
1955	6	270
1955	7	204
1955	8	33
1955	9	4
1955	10	21
1955	11	55
1955	12	103
1956	1	570
1956	2	5235
1956	3	2427
1956	4	2394
1956	5	596
1956	6	111
1956	7	562
1956	8	69
1956	9	19
1956	10	16
1956	11	59
1956	12	1700
1957	1	3323
1957	2	2618
1957	3	1015
1957	4	1715
1957	5	294
1957	6	227
1957	7	63
1957	8	9
1957	9	230
1957	10	79
1957	11	1262
1957	12	2199
1958	1	825
1958	2	1620
1958	3	1187
1958	4	2921
1958	5	1724
1958	6	212
1958	7	1019
1958	8	694
1958	9	162
1958	10	59
1958	11	229
1958	12	301
1959	1	1405
1959	2	1771
1959	3	822
1959	4	1556
1959	5	477
1959	6	128
1959	7	247
1959	8	169
1959	9	57
1959	10	45
1959	11	356
1959	12	1313
1960	1	1253
1960	2	2154
1960	3	2116
1960	4	683
1960	5	785
1960	6	2426
1960	7	920
1960	8	177
1960	9	71
1960	10	53
1960	11	280
1960	12	872
1961	1	1297
1961	2	1565
1961	3	2352
1961	4	2279
1961	5	1296
1961	6	469
1961	7	326
1961	8	193
1961	9	34
1961	10	26
1961	11	92
1961	12	1728
1962	1	2200
1962	2	4153
1962	3	2404
1962	4	3056
1962	5	596
1962	6	261
1962	7	425
1962	8	47
1962	9	61
1962	10	106
1962	11	658
1962	12	916
1963	1	756
1963	2	1265
1963	3	3493
1963	4	188
1963	5	821
1963	6	659
1963	7	877
1963	8	225
1963	9	42
1963	10	8
1963	11	26
1963	12	60
1964	1	843
1964	2	1036
1964	3	3205
1964	4	1228
1964	5	309
1964	6	97
1964	7	123
1964	8	18
1964	9	53
1964	10	72
1964	11	344
1964	12	1874
1965	1	1796
1965	2	1178
1965	3	3186
1965	4	1423
1965	5	226
1965	6	67
1965	7	235
1965	8	27
1965	9	24
1965	10	31
1965	11	35
1965	12	36
1966	1	478
1966	2	1432
1966	3	751
1966	4	1143
1966	5	816
1966	6	46
1966	7	36
1966	8	90
1966	9	181
1966	10	264
1966	11	712
1966	12	2331
1967	1	821
1967	2	823
1967	3	3034
1967	4	1041
1967	5	2428
1967	6	824
1967	7	714
1967	8	181
1967	9	54
1967	10	85
1967	11	579
1967	12	1708
1968	1	964
1968	2	360
1968	3	2806
1968	4	2032
1968	5	1552
1968	6	318
1968	7	181
1968	8	124
1968	9	20
1968	10	119
1968	11	184
1968	12	753
1969	1	1069
1969	2	1099
1969	3	558
1969	4	1612
1969	5	380
1969	6	129
1969	7	262
1969	8	29
1969	9	29
1969	10	15
1969	11	129
1969	12	1356
1970	1	732
1970	2	1974
1970	3	807
1970	4	3301
1970	5	504
1970	6	60
1970	7	19
1970	8	79
1970	9	189
1970	10	284
1970	11	594
1970	12	1051
1971	1	1834
1971	2	2647
1971	3	1013
1971	4	766
1971	5	2330
1971	6	330
1971	7	454
1971	8	810
1971	9	523
1971	10	100
1971	11	69
1971	12	641
1972	1	3190
1972	2	3425
1972	3	1864
1972	4	4051
1972	5	1121
1972	6	164
1972	7	262
1972	8	153
1972	9	175
1972	10	282
1972	11	1207
1972	12	3378
1973	1	939
1973	2	1386
1973	3	1942
1973	4	1840
1973	5	1896
1973	6	861
1973	7	633
1973	8	173
1973	9	29
1973	10	34
1973	11	1431
1973	12	1320
1974	1	4878
1974	2	1179
1974	3	2035
1974	4	1543
1974	5	942
1974	6	1358
1974	7	65
1974	8	210
1974	9	1051
1974	10	164
1974	11	951
1974	12	1893
1975	1	2040
1975	2	2154
1975	3	5859
1975	4	2042
1975	5	809
1975	6	267
1975	7	35
1975	8	62
1975	9	740
1975	10	1144
1975	11	727
1975	12	1393
1976	1	2099
1976	2	1715
1976	3	2146
1976	4	735
1976	5	166
1976	6	929
1976	7	278
1976	8	99
1976	9	71
1976	10	497
1976	11	348
1976	12	650
1977	1	580
1977	2	883
1977	3	1835
1977	4	2078
1977	5	556
1977	6	486
1977	7	561
1977	8	1263
1977	9	216
1977	10	1751
1977	11	1590
1977	12	1679
1978	1	2452
1978	2	662
1978	3	2756
1978	4	895
1978	5	1971
1978	6	167
1978	7	96
1978	8	188
1978	9	76
1978	10	30
1978	11	262
1978	12	5200
1979	1	3764
1979	2	2467
1979	3	1175
1979	4	2232
1979	5	608
1979	6	573
1979	7	1160
1979	8	401
1979	9	1042
1979	10	628
1979	11	1625
1979	12	1892
1980	1	1457
1980	2	936
1980	3	2253
1980	4	1514
1980	5	398
1980	6	82
1980	7	53
1980	8	17
1980	9	18
1980	10	11
1980	11	92
1980	12	110
1981	1	56
1981	2	1530
1981	3	938
1981	4	2409
1981	5	1594
1981	6	2011
1981	7	371
1981	8	306
1981	9	129
1981	10	295
1981	11	170
1981	12	752
1982	1	2477
1982	2	2368
1982	3	1660
1982	4	1150
1982	5	427
1982	6	534
1982	7	129
1982	8	77
1982	9	223
1982	10	85
1982	11	485
1982	12	1500
1983	1	625
1983	2	1313
1983	3	507
1983	4	1530
1983	5	4207
1983	6	491
1983	7	277
1983	8	28
1983	9	19
1983	10	55
1983	11	335
1983	12	803
1984	1	706
1984	2	1624
1984	3	2250
1984	4	2508
1984	5	4182
1984	6	104
1984	7	49
1984	8	24
1984	9	8
1984	10	195
1984	11	1439
1984	12	1692
1985	1	1088
1985	2	2229
1985	3	1148
1985	4	916
1985	5	734
1985	6	549
1985	7	84
1985	8	45
1985	9	37
1985	10	133
1985	11	1278
1985	12	745
1986	1	251
1986	2	2189
1986	3	816
1986	4	187
1986	5	230
1986	6	249
1986	7	35
1986	8	18
1986	9	117
1987	10	8
1987	11	27
1987	12	383
1988	1	1027
1988	2	621
1988	3	574
1988	4	1006
1988	5	364
1988	6	37
1988	7	26
1988	8	23
1988	9	169
1988	10	40
1988	11	1341
1988	12	1559
1989	1	1757
1989	2	4390
1989	3	2803
1989	4	1096
1989	5	1397
1989	6	1333
1989	7	294
1989	8	212
1989	9	826
1989	10	2886
1989	11	1135
1989	12	725
1990	1	1955
1990	2	3382
1990	3	1019
1990	4	613
1990	5	800
1990	6	480
1990	7	56
1990	8	103
1990	9	80
1990	10	164
1990	11	280
1990	12	5279
1991	1	2098
1991	2	2773
1991	3	2179
1991	4	1183
1991	5	823
1991	6	333
1991	7	510
1991	8	45
1991	9	46
1991	10	47
1991	11	109
1991	12	2487
1992	1	1337
1992	2	1092
1992	3	2130
1992	4	809
1992	5	418
1992	6	1163
1992	7	606
1992	8	776
1992	9	235
1992	10	83
1992	11	690
1992	12	1564
1993	1	1472
1993	2	1450
1993	3	2727
1993	4	1636
1993	5	310
1993	6	232
1993	7	76
1993	8	132
1993	9	199
1993	10	456
1993	11	855
1993	12	1654
1994	1	3059
1994	2	3931
1994	3	4267
1994	4	2634
1994	5	1061
1994	6	144
1994	7	142
1994	8	228
1994	9	41
1998	10	30
1998	11	39
1998	12	650
1999	1	3017
1999	2	885
1999	3	1563
1999	4	547
1999	5	491
1999	6	52
1999	7	44
1999	8	22
1999	9	10
1999	10	22
1999	11	39
1999	12	145
2000	1	261
2000	2	1319
2000	3	939
2000	4	1711
2000	5	402
2000	6	409
2000	7	212
2000	8	227
2000	9	45
2000	10	24
2000	11	51
2000	12	737
2001	1	684
2001	2	2004
2001	3	1078
2001	4	696
2001	5	156
2001	6	386
2001	7	414
2001	8	409
2001	9	30
2001	10	38
2001	11	43
2001	12	441
2002	1	1282
2002	2	628
2002	3	2410
2002	4	1711
2002	5	2758
2002	6	225
2002	7	129
2002	8	34
2002	9	90
2002	10	684
2002	11	1214
2002	12	2294
2003	1	525
2003	2	3895
2003	3	672
2003	4	2072
2003	5	983
2003	6	1877
2003	7	316
2003	8	771
2003	9	727
2005	10	6
2005	11	35
2005	12	99
2006	1	1498
2006	2	738
2006	3	777
2006	4	1415
2006	5	392
2006	6	293
2006	7	171
2006	8	64
2006	9	587
2006	10	1133
2006	11	883
2006	12	677
2007	1	1540
2007	2	550
2007	3	1307
2007	4	894
2007	5	482
2007	6	36
2007	7	51
2007	8	19
2007	9	12
2007	10	35
2007	11	204
2007	12	1443
2008	1	1034
2008	2	1601
2008	3	1944
2008	4	1626
2008	5	503
2008	6	107
2008	7	46
2008	8	53
2008	9	8
2008	10	4
2008	11	13
2008	12	530
2009	1	1997
2009	2	707
2009	3	1610
2009	4	1841
2009	5	2554
2009	6	534
2009	7	170
2009	8	276
2009	9	375
2009	10	465
2009	11	500
2009	12	1985
2010	1	1870
2010	2	1778
2010	3	579
2010	4	608
2010	5	2347
2010	6	168
2010	7	61
2010	8	210
2010	9	27
2010	10	23
2010	11	150
2010	12	1224
2011	1	895
2011	2	1640
2011	3	2809
2011	4	3633
2011	5	1526
2011	6	568
2011	7	242
2011	8	113
2011	9	90
2011	10	181
2011	11	2016
2011	12	1983
2012	1	2200
2012	2	1006
2012	3	2238
2012	4	653
2012	5	1066
2012	6	71
2012	7	169
2012	8	83
2012	9	379
2012	10	306
2012	11	165
2012	12	1937
2013	1	2280
2013	2	871
2013	3	2414
2013	4	2191
2013	5	1448
2013	6	136
2013	7	888
2013	8	420
2013	9	86
2013	10	102
2013	11	451
2013	12	2667
2014	1	1411
2014	2	2463
2014	3	1891
2014	4	2038
2014	5	1114
2014	6	76
2014	7	193
2014	8	321
2014	9	263
2014	10	1293
2014	11	1233
2014	12	1317
2015	1	961
2015	3	3348
2015	4	3722
2015	5	246
2015	7	2724
2015	8	141
2015	9	42
