1940	1	2265
1940	2	19086
1940	3	33632
1940	4	41404
1940	5	12090
1940	6	9460
1940	7	7270
1940	8	2954
1940	9	2919
1940	10	732
1940	11	1341
1940	12	3008
1941	1	10097
1941	2	5152
1941	3	13069
1941	4	23890
1941	5	4191
1941	6	5413
1941	7	24200
1941	8	3310
1941	9	2131
1941	10	662
1941	11	1797
1941	12	7116
1942	1	11364
1942	2	22753
1942	3	32735
1942	4	11564
1942	5	4009
1942	6	4566
1942	7	7265
1942	8	15948
1942	9	3695
1942	10	2102
1942	11	11869
1942	12	40245
1943	1	36257
1943	2	31110
1943	3	48606
1943	4	31053
1943	5	16332
1943	6	5950
1943	7	2923
1943	8	3326
1943	9	1395
1943	10	827
1943	11	2203
1943	12	2774
1944	1	13009
1944	2	41617
1944	3	57338
1944	4	31746
1944	5	9808
1944	6	2983
1944	7	720
1944	8	1983
1944	9	9046
1944	10	10380
1944	11	6383
1944	12	14172
1945	1	46138
1945	2	46376
1945	3	36493
1945	4	17983
1945	5	26144
1945	6	10972
1945	7	2996
1945	8	2374
1945	9	809
1945	10	760
1945	11	14117
1945	12	24838
1946	1	61248
1946	2	40989
1946	3	31325
1946	4	11982
1946	5	13448
1946	6	14565
1946	7	3649
1946	8	3440
1946	9	2076
1946	10	2473
1946	11	8268
1946	12	11241
1947	1	55583
1947	2	23050
1947	3	23612
1947	4	18873
1947	5	14073
1947	6	5240
1947	7	15393
1947	8	5803
1947	9	2363
1947	10	1985
1947	11	2419
1947	12	3172
1948	1	9138
1948	2	63515
1948	3	42003
1948	4	28641
1948	5	4120
1948	6	1981
1948	7	4071
1948	8	2813
1948	9	797
1948	10	553
1948	11	8321
1948	12	34145
1949	1	47135
1949	2	38514
1949	3	33145
1949	4	28800
1949	5	14009
1949	6	12456
1949	7	12890
1949	8	7072
1949	9	3493
1949	10	2796
1949	11	9265
1949	12	21592
1950	1	57445
1950	2	80317
1950	3	29983
1950	4	12429
1950	5	25391
1950	6	27413
1950	7	14129
1950	8	7076
1950	9	7572
1950	10	3081
1950	11	15083
1950	12	17138
1951	1	20712
1951	2	36350
1951	3	30900
1951	4	41143
1951	5	12479
1951	6	5845
1951	7	6175
1951	8	3185
1951	9	3416
1951	10	6804
1951	11	18987
1951	12	50680
1952	1	51529
1952	2	37903
1952	3	43700
1952	4	29140
1952	5	13471
1952	6	23246
1952	7	6974
1952	8	3338
1952	9	2330
1952	10	2438
1952	11	2533
1952	12	12462
1953	1	18092
1953	2	22790
1953	3	23477
1953	4	23056
1953	5	16251
1953	6	20066
1953	7	6984
1953	8	9483
1953	9	4148
1953	10	2389
1953	11	3933
1953	12	8890
1954	1	24076
1954	2	13686
1954	3	15653
1954	4	15082
1954	5	15256
1954	6	7412
1954	7	3611
1954	8	5168
1954	9	4923
1954	10	4138
1954	11	7902
1954	12	16471
1955	1	23770
1955	2	28953
1955	3	45351
1955	4	48730
1955	5	15305
1955	6	14599
1955	7	4778
1955	8	5025
1955	9	7990
1955	10	7987
1955	11	11813
1955	12	12671
1956	1	8494
1956	2	47658
1956	3	46983
1956	4	39966
1956	5	17559
1956	6	9622
1956	7	4707
1956	8	7124
1956	9	9494
1956	10	5814
1956	11	8242
1956	12	21697
1957	1	32916
1957	2	58125
1957	3	33612
1957	4	26004
1957	5	9426
1957	6	7180
1957	7	14006
1957	8	8900
1957	9	7673
1957	10	12806
1957	11	25063
1957	12	35174
1958	1	33551
1958	2	24379
1958	3	10071
1958	4	30906
1958	5	40958
1958	6	11553
1958	7	12312
1958	8	10241
1958	9	10923
1958	10	11396
1958	11	5529
1958	12	14046
1959	1	12654
1959	2	13003
1959	3	11290
1959	4	22230
1959	5	8686
1959	6	10053
1959	7	5582
1959	8	10188
1959	9	7844
1959	10	10379
1959	11	14648
1959	12	29512
1960	1	32261
1960	2	17022
1960	3	31638
1960	4	20550
1960	5	12070
1960	6	13090
1960	7	18475
1960	8	15272
1960	9	11460
1960	10	7304
1960	11	10238
1960	12	14103
1961	1	16732
1961	2	12019
1961	3	42138
1961	4	35430
1961	5	20279
1961	6	18061
1961	7	11057
1961	8	8713
1961	9	10892
1961	10	6723
1961	11	7722
1961	12	17820
1962	1	28877
1962	2	36275
1962	3	63603
1962	4	61873
1962	5	21780
1962	6	12231
1962	7	9392
1962	8	7790
1962	9	5869
1962	10	10071
1962	11	10901
1962	12	14051
1963	1	12564
1963	2	14088
1963	3	46356
1963	4	25180
1963	5	9936
1963	6	11435
1963	7	12550
1963	8	12737
1963	9	6114
1963	10	4598
1963	11	6537
1963	12	5461
1964	1	9607
1964	2	14172
1964	3	29719
1964	4	29303
1964	5	17687
1964	6	7631
1964	7	9601
1964	8	9097
1964	9	7094
1964	10	9891
1964	11	10517
1964	12	19602
1965	1	29906
1965	2	21046
1965	3	29538
1965	4	45083
1965	5	12478
1965	6	9978
1965	7	11446
1965	8	8849
1965	9	5274
1965	10	7040
1965	11	7946
1965	12	8409
1966	1	9680
1966	2	11045
1966	3	10214
1966	4	10384
1966	5	13151
1966	6	10131
1966	7	7310
1966	8	9056
1966	9	10151
1966	10	10468
1966	11	14401
1966	12	20015
1967	1	18329
1967	2	17230
1967	3	34251
1967	4	15316
1967	5	28577
1967	6	15521
1967	7	27370
1967	8	18578
1967	9	11567
1967	10	5634
1967	11	12616
1967	12	28116
1968	1	35632
1968	2	18393
1968	3	25391
1968	4	35480
1968	5	43087
1968	6	16219
1968	7	4913
1968	8	5512
1968	9	2472
1968	10	2897
1968	11	3599
1968	12	3720
1969	1	5143
1969	2	16632
1969	3	15643
1969	4	19709
1969	5	17529
1969	6	14668
1969	7	10872
1969	8	7630
1969	9	4542
1969	10	5611
1969	11	7927
1969	12	11802
1970	1	27062
1970	2	25707
1970	3	19567
1970	4	28626
1970	5	22338
1970	6	8814
1970	7	14100
1970	8	14164
1970	9	12635
1970	10	6220
1970	11	10336
1970	12	11453
1971	1	21838
1971	2	41278
1971	3	23925
1971	4	20576
1971	5	32296
1971	6	12726
1971	7	12908
1971	8	19863
1971	9	11488
1971	10	9570
1971	11	10069
1971	12	9983
1972	1	37016
1972	2	39510
1972	3	47938
1972	4	39466
1972	5	24766
1972	6	8842
1972	7	9556
1972	8	14312
1972	9	12351
1972	10	9369
1972	11	14742
1972	12	41467
1973	1	31377
1973	2	33453
1973	3	43190
1973	4	34570
1973	5	33838
1973	6	37186
1973	7	27490
1973	8	17439
1973	9	9120
1973	10	10014
1973	11	13949
1973	12	34425
1974	1	72522
1974	2	56078
1974	3	34880
1974	4	32760
1974	5	19585
1974	6	17419
1974	7	3918
1974	8	7371
1974	9	12160
1974	10	9509
1974	11	12859
1974	12	21116
1975	1	38925
1975	2	47575
1975	3	64561
1975	4	64796
1975	5	24161
1975	6	11941
1975	7	5610
1975	8	4329
1975	9	5746
1975	10	14901
1975	11	22042
1975	12	19919
1976	1	35577
1976	2	24692
1976	3	23836
1976	4	24656
1976	5	5362
1976	6	17701
1976	7	13746
1976	8	6347
1976	9	5168
1976	10	6540
1976	11	9407
1976	12	8861
1977	1	16844
1977	2	8421
1977	3	16717
1977	4	42302
1977	5	18286
1977	6	7648
1977	7	10161
1977	8	8462
1977	9	9835
1977	10	16742
1977	11	17919
1977	12	31941
1978	1	38790
1978	2	29703
1978	3	17452
1978	4	7984
1978	5	20345
1978	6	19214
1978	7	11833
1978	8	15878
1978	9	12534
1978	10	5522
1978	11	4679
1978	12	31666
1979	1	51803
1979	2	30342
1979	3	36341
1979	4	43949
1979	5	18856
1979	6	14889
1979	7	13703
1979	8	17269
1979	9	20588
1979	10	19649
1979	11	25350
1979	12	27809
1980	1	28754
1980	2	17288
1980	3	35213
1980	4	31643
1980	5	12562
1980	6	12059
1980	7	15804
1980	8	9883
1980	9	7293
1980	10	5832
1980	11	3738
1980	12	3930
1981	1	4364
1981	2	6226
1981	3	5401
1981	4	6154
1981	5	10399
1981	6	27016
1981	7	12995
1981	8	12130
1981	9	11776
1981	10	10978
1981	11	9754
1981	12	13273
1982	1	32325
1982	2	33400
1982	3	25267
1982	4	17203
1982	5	9460
1982	6	13556
1982	7	13856
1982	8	19054
1982	9	18832
1982	10	12259
1982	11	13465
1982	12	25696
1983	1	27000
1983	2	22071
1983	3	12210
1983	4	14550
1983	5	37636
1983	6	34513
1983	7	14599
1983	8	15954
1983	9	10187
1983	10	6414
1983	11	7245
1983	12	17097
1984	1	13929
1984	2	15164
1984	3	24077
1984	4	30163
1984	5	58748
1984	6	22960
1984	7	11482
1984	8	13041
1984	9	6129
1984	10	5678
1984	11	17643
1984	12	23903
1985	1	24661
1985	2	22053
1985	3	11727
1985	4	8272
1985	5	6091
1985	6	7362
1985	7	7876
1985	8	10120
1985	9	8526
1985	10	5444
1985	11	8000
1985	12	19522
1986	1	9656
1986	2	11920
1986	3	11071
1986	4	7037
1986	5	7165
1986	6	7810
1986	7	8063
1986	8	8284
1986	9	7424
1986	10	7829
1986	11	21729
1986	12	35393
1987	1	23345
1987	2	15460
1987	3	18511
1987	4	16564
1987	5	6176
1987	6	7507
1987	7	15007
1987	8	9089
1987	9	5409
1987	10	6488
1987	11	4736
1987	12	8534
1988	1	12680
1988	2	11095
1988	3	11298
1988	4	10841
1988	5	6620
1988	6	7632
1988	7	7866
1988	8	6570
1988	9	5398
1988	10	3700
1988	11	7823
1988	12	17127
1989	1	32883
1989	2	35885
1989	3	49232
1989	4	23846
1989	5	15839
1989	6	33819
1989	7	28361
1989	8	16236
1989	9	16640
1989	10	27893
1989	11	27023
1989	12	26296
1990	1	21600
1990	2	43471
1990	3	21161
1990	4	10956
1990	5	14678
1990	6	10454
1990	7	10486
1990	8	10485
1990	9	6968
1990	10	7859
1990	11	7908
1990	12	29786
1991	1	47138
1991	2	40339
1991	3	55341
1991	4	34370
1991	5	12512
1991	6	11962
1991	7	10725
1991	8	10363
