1940	1	52
1940	2	103
1940	3	132
1940	4	220
1940	5	107
1940	6	83
1940	7	83
1940	8	505
1940	9	212
1940	10	85
1940	11	99
1940	12	139
1941	1	130
1941	2	88
1941	3	135
1941	4	161
1941	5	91
1941	6	64
1941	7	205
1941	8	163
1941	9	65
1941	10	50
1941	11	67
1941	12	159
1942	1	141
1942	2	206
1942	3	272
1942	4	152
1942	5	290
1942	6	193
1942	7	141
1942	8	171
1942	9	203
1942	10	119
1942	11	93
1942	12	274
1943	1	290
1943	2	269
1943	3	252
1943	4	252
1943	5	265
1943	6	206
1943	7	246
1943	8	121
1943	9	72
1943	10	54
1943	11	63
1943	12	59
1944	1	108
1944	2	184
1944	3	303
1944	4	288
1944	5	178
1944	6	115
1944	7	75
1944	8	62
1944	9	61
1944	10	61
1944	11	63
1944	12	78
1945	1	103
1945	2	153
1945	3	157
1945	4	220
1945	5	171
1945	6	93
1945	7	95
1945	8	85
1945	9	185
1945	10	117
1945	11	126
1945	12	199
1946	1	423
1946	2	339
1946	3	350
1946	4	263
1946	5	272
1946	6	144
1946	7	133
1946	8	74
1946	9	64
1946	10	114
1946	11	109
1946	12	94
1947	1	289
1947	2	148
1947	3	157
1947	4	213
1947	5	123
1947	6	93
1947	7	60
1947	8	47
1947	9	39
1947	10	118
1947	11	218
1947	12	121
1948	1	115
1948	2	250
1948	3	246
1948	4	220
1948	5	139
1948	6	106
1948	7	149
1948	8	133
1948	9	179
1948	10	87
1948	11	389
1948	12	296
1949	1	273
1949	2	267
1949	3	212
1949	4	279
1949	5	282
1949	6	311
1949	7	298
1949	8	325
1949	9	240
1949	10	205
1949	11	230
1949	12	197
1950	1	195
1950	2	188
1950	3	225
1950	4	165
1950	5	126
1950	6	147
1950	7	114
1950	8	89
1950	9	340
1950	10	191
1950	11	140
1950	12	243
1951	1	148
1951	2	179
1951	3	225
1951	4	257
1951	5	155
1951	6	124
1951	7	108
1951	8	84
1951	9	56
1951	10	53
1951	11	106
1951	12	236
1952	1	201
1952	2	239
1952	3	479
1952	4	299
1952	5	186
1952	6	117
1952	7	74
1952	8	95
1952	9	71
1952	10	51
1952	11	76
1952	12	91
1953	1	208
1953	2	279
1953	3	271
1953	4	161
1953	5	139
1953	6	77
1953	7	61
1953	8	44
1953	9	47
1953	10	32
1953	11	45
1953	12	125
1954	1	203
1954	2	168
1954	3	217
1954	4	173
1954	5	133
1954	6	91
1954	7	59
1954	8	46
1954	9	23
1954	10	24
1954	11	35
1954	12	97
1955	1	74
1955	2	170
1955	3	138
1955	4	209
1955	5	217
1955	6	133
1955	7	175
1955	8	134
1955	9	62
1955	10	60
1955	11	51
1955	12	50
1956	1	43
1956	2	202
1956	3	152
1956	4	243
1956	5	158
1956	6	84
1956	7	96
1956	8	58
1956	9	71
1956	10	84
1956	11	88
1956	12	134
1957	1	131
1957	2	261
1957	3	201
1957	4	467
1957	5	159
1957	6	213
1957	7	126
1957	8	74
1957	9	120
1957	10	170
1957	11	306
1957	12	277
1958	1	225
1958	2	224
1958	3	243
1958	4	327
1958	5	311
1958	6	150
1958	7	119
1958	8	95
1958	9	57
1958	10	56
1958	11	54
1958	12	82
1959	1	163
1959	2	128
1959	3	164
1959	4	259
1959	5	265
1959	6	199
1959	7	146
1959	8	87
1959	9	190
1959	10	283
1959	11	172
1959	12	160
1960	1	202
1960	2	349
1960	3	281
1960	4	359
1960	5	178
1960	6	116
1960	7	80
1960	8	147
1960	9	91
1960	10	129
1960	11	86
1960	12	74
1961	1	89
1961	2	245
1961	3	228
1961	4	262
1961	5	197
1961	6	160
1961	7	124
1961	8	311
1961	9	167
1961	10	96
1961	11	159
1961	12	338
1962	1	281
1962	2	263
1962	3	276
1962	4	327
1962	5	162
1962	6	205
1962	7	129
1962	8	77
1962	9	57
1962	10	122
1962	11	101
1962	12	84
1963	1	94
1963	2	98
1963	3	312
1963	4	144
1963	5	116
1963	6	89
1963	7	100
1963	8	58
1963	9	51
1963	10	37
1963	11	77
1963	12	77
1964	1	206
1964	2	175
1964	3	319
1964	4	351
1964	5	243
1964	6	112
1964	7	91
1964	8	139
1964	9	149
1964	10	464
1964	11	183
1964	12	241
1965	1	195
1965	2	278
1965	3	295
1965	4	226
1965	5	192
1965	6	180
1965	7	116
1965	8	90
1965	9	86
1965	10	185
1965	11	89
1965	12	70
1966	1	83
1966	2	348
1966	3	238
1966	4	162
1966	5	217
1966	6	123
1966	7	83
1966	8	111
1966	9	110
1966	10	140
1966	11	226
1966	12	148
1967	1	168
1967	2	158
1967	3	179
1967	4	108
1967	5	115
1967	6	326
1967	7	229
1967	8	267
1967	9	181
1967	10	141
1967	11	153
1967	12	273
1968	1	243
1968	2	154
1968	3	256
1968	4	185
1968	5	160
1968	6	190
1968	7	100
1968	8	107
1968	9	87
1968	10	159
1968	11	138
1968	12	173
1969	1	185
1969	2	260
1969	3	245
1969	4	253
1969	5	179
1969	6	145
1969	7	137
1969	8	334
1969	9	169
1969	10	193
1969	11	241
1969	12	204
1970	1	174
1970	2	178
1970	3	152
1970	4	182
1970	5	105
1970	6	130
1970	7	63
1970	8	94
1970	9	59
1970	10	190
1970	11	211
1970	12	124
1971	1	161
1971	2	235
1971	3	233
1971	4	164
1971	5	168
1971	6	122
1971	7	110
1971	8	150
1971	9	90
1971	10	186
1971	11	213
1971	12	324
1972	1	236
1972	2	168
1972	3	156
1972	4	168
1972	5	257
1972	6	284
1972	7	138
1972	8	95
1972	9	61
1972	10	84
1972	11	147
1972	12	224
1973	1	232
1973	2	342
1973	3	499
1973	4	329
1973	5	412
1973	6	261
1973	7	161
1973	8	137
1973	9	83
1973	10	72
1973	11	111
1973	12	311
1974	1	309
1974	2	289
1974	3	198
1974	4	353
1974	5	282
1974	6	187
1974	7	140
1974	8	199
1974	9	117
1974	10	84
1974	11	89
1974	12	131
1975	1	195
1975	2	257
1975	3	468
1975	4	256
1975	5	269
1975	6	180
1975	7	106
1975	8	114
1975	9	265
1975	10	280
1975	11	276
1975	12	199
1976	1	292
1976	2	226
1976	3	197
1976	4	214
1976	5	294
1976	6	254
1976	7	133
1976	8	94
1976	9	68
1976	10	152
1976	11	101
1976	12	153
1977	1	102
1977	2	96
1977	3	357
1977	4	378
1977	5	186
1977	6	120
1977	7	61
1977	8	106
1977	9	350
1977	10	178
1977	11	351
1977	12	226
1978	1	351
1978	2	228
1978	3	282
1978	4	179
1978	5	212
1978	6	127
1978	7	84
1978	8	167
1978	9	78
1978	10	51
1978	11	57
1978	12	121
1979	1	266
1979	2	268
1979	3	519
1979	4	427
1979	5	322
1979	6	191
1979	7	156
1979	8	115
1979	9	353
1979	10	264
1979	11	510
1979	12	233
1980	1	179
1980	2	116
1980	3	265
1980	4	420
1980	5	246
1980	6	164
1980	7	95
1980	8	66
1980	9	64
1980	10	71
1980	11	89
1980	12	72
1981	1	55
1981	2	174
1981	3	123
1981	4	133
1981	5	145
1981	6	121
1981	7	74
1981	8	51
1981	9	38
1981	10	43
1981	11	39
1981	12	67
1982	1	167
1982	2	280
1982	3	176
1982	4	159
1982	5	162
1982	6	110
1982	7	162
1982	8	122
1982	9	66
1982	10	68
1982	11	150
1982	12	285
1983	1	190
1983	2	384
1983	3	366
1983	4	436
1983	5	272
1983	6	160
1983	7	108
1983	8	69
1983	9	77
1983	10	88
1983	11	135
1983	12	329
1984	1	186
1984	2	265
1984	3	282
1984	4	342
1984	5	312
1984	6	164
1984	7	184
1984	8	195
1984	9	89
1984	10	75
1984	11	88
1984	12	89
1985	1	106
1985	2	174
1985	3	101
1985	4	133
1985	5	107
1985	6	59
1985	7	81
1985	8	179
1985	9	88
1985	10	73
1985	11	209
1985	12	150
1986	1	88
1986	2	89
1986	3	116
1986	4	79
1986	5	95
1986	6	72
1986	7	38
1986	8	43
1986	9	49
1986	10	75
1986	11	179
1986	12	241
1987	1	161
1987	2	190
1987	3	304
1987	4	255
1987	5	173
1987	6	188
1987	7	125
1987	8	74
1987	9	115
1987	10	62
1987	11	94
1987	12	115
1988	1	175
1988	2	118
1988	3	87
1988	4	146
1988	5	76
1988	6	41
1988	7	38
1988	8	46
1988	9	40
1988	10	41
1988	11	82
1988	12	59
1989	1	101
1989	2	106
1989	3	193
1989	4	139
1989	5	227
1989	6	321
1989	7	355
1989	8	169
1989	9	203
1989	10	332
1989	11	255
1989	12	221
1990	1	230
1990	2	442
1990	3	406
1990	4	205
1990	5	237
1990	6	110
1990	7	95
1990	8	69
1990	9	58
1990	10	155
1990	11	106
1990	12	172
1991	1	235
1991	2	150
1991	3	242
1991	4	306
1991	5	219
1991	6	220
1991	7	243
1991	8	257
1991	9	173
1991	10	97
1991	11	133
1991	12	197
1992	1	148
1992	2	168
1992	3	240
1992	4	173
1992	5	238
1992	6	359
1992	7	138
1992	8	190
1992	9	183
1992	10	227
1992	11	420
1992	12	320
1993	1	311
1993	2	221
1993	3	372
1993	4	332
1993	5	227
1993	6	116
1993	7	73
1993	8	57
1993	9	39
1993	10	36
1993	11	55
1993	12	74
1994	1	166
1994	2	236
1994	3	305
1994	4	281
1994	5	134
1994	6	102
1994	7	110
1994	8	280
1994	9	158
1994	10	213
1994	11	161
1994	12	213
1995	1	354
1995	2	244
1995	3	281
1995	4	148
1995	5	145
1995	6	248
1995	7	119
1995	8	231
1995	9	140
1995	10	301
1995	11	209
1995	12	148
1996	1	340
1996	2	305
1996	3	209
1996	4	167
1996	5	123
1996	6	124
1996	7	85
1996	8	142
1996	9	265
1996	10	151
1996	11	177
1996	12	268
1997	1	192
1997	2	277
1997	3	375
1997	4	268
1997	5	210
1997	6	241
1997	7	160
1997	8	81
1997	9	80
1997	10	90
1997	11	82
1997	12	98
1998	1	450
1998	2	498
1998	3	357
1998	4	357
1998	5	251
1998	6	135
1998	7	70
1998	8	53
1998	9	36
1998	10	47
1998	11	43
1998	12	51
1999	1	146
1999	2	167
1999	3	136
1999	4	163
1999	5	127
1999	6	94
1999	7	85
1999	8	42
1999	9	30
1999	10	51
1999	11	109
1999	12	115
2000	1	91
2000	2	110
2000	3	170
2000	4	204
2000	5	130
2000	6	73
2000	7	63
2000	8	67
2000	9	58
2000	10	37
2000	11	74
2000	12	96
2001	1	98
2001	2	106
2001	3	183
2001	4	154
2001	5	88
2001	6	70
2001	7	72
2001	8	61
2001	9	74
2001	10	62
2001	11	58
2001	12	88
2002	1	111
2002	2	100
2002	3	123
2002	4	121
2002	5	111
2002	6	66
2002	7	52
2002	8	36
2002	9	106
2002	10	90
2002	11	139
2002	12	216
2003	1	161
2003	2	200
2003	3	268
2003	4	283
2003	5	424
2003	6	238
2003	7	332
2003	8	275
2003	9	180
2003	10	139
2003	11	247
2003	12	235
2004	1	136
2004	2	231
2004	3	136
2004	4	156
2004	5	144
2004	6	129
2004	7	125
2004	8	94
2004	9	728
2004	10	250
2004	11	230
2004	12	249
2005	1	183
2005	2	149
2005	3	185
2005	4	215
2005	5	139
2005	6	286
2005	7	330
2005	8	228
2005	9	145
2005	10	105
2005	11	150
2005	12	190
2006	1	211
2006	2	163
2006	3	106
2006	4	117
2006	5	96
2006	6	89
2006	7	88
2006	8	73
2006	9	123
2006	10	93
2006	11	151
2006	12	203
2007	1	348
2007	2	134
2007	3	185
2007	4	123
2007	5	105
2007	6	69
2007	7	52
2007	8	38
2007	9	41
2007	10	50
2007	11	46
2007	12	79
2008	1	102
2008	2	166
2008	3	249
2008	4	152
2008	5	98
2008	6	58
2008	7	47
2008	8	60
2008	9	38
2008	10	34
2008	11	40
2008	12	127
2009	1	121
2009	2	70
2009	3	145
2009	4	189
2009	5	280
2009	6	165
2009	7	76
2009	8	60
2009	9	307
2009	10	223
2009	11	398
2009	12	426
2010	1	407
2010	2	356
2010	3	302
2010	4	213
2010	5	155
2010	6	136
2010	7	98
2010	8	106
2010	9	66
2010	10	69
2010	11	90
2010	12	172
2011	1	111
2011	2	138
2011	3	319
2011	4	317
2011	5	201
2011	6	112
2011	7	109
2011	8	88
2011	9	119
2011	10	87
2011	11	184
2011	12	258
2012	1	264
2012	2	172
2012	3	151
2012	4	159
2012	5	122
2012	6	77
2012	7	88
2012	8	83
2012	9	117
2012	10	133
2012	11	70
2012	12	120
2013	1	358
2013	2	288
2013	3	237
2013	4	285
2013	5	459
2013	6	297
2013	7	531
2013	8	321
2013	9	164
2013	10	109
2013	11	124
2013	12	291
2014	1	233
2014	2	187
2014	3	148
2014	4	200
2014	5	208
2014	6	149
2014	7	207
2014	8	145
2014	9	137
2014	10	161
2014	11	136
2014	12	134
2015	1	178
2015	2	140
2015	3	150
2015	4	235
2015	5	135
2015	6	130
2015	7	70
2015	8	53
2015	9	75
