1940	1	598
1940	2	1130
1940	3	1624
1940	4	1778
1940	5	1074
1940	6	906
1940	7	1021
1940	8	2855
1940	9	1548
1940	10	699
1940	11	797
1940	12	968
1941	1	1204
1941	2	735
1941	3	1220
1941	4	1141
1941	5	602
1941	6	530
1941	7	1754
1941	8	814
1941	9	430
1941	10	475
1941	11	753
1941	12	1035
1942	1	967
1942	2	1708
1942	3	2309
1942	4	1195
1942	5	1582
1942	6	1415
1942	7	1454
1942	8	1360
1942	9	1288
1942	10	981
1942	11	877
1942	12	2750
1943	1	2700
1943	2	2874
1943	3	2528
1943	4	1934
1943	5	1569
1943	6	1259
1943	7	1806
1943	8	1262
1943	9	899
1943	10	689
1943	11	731
1943	12	747
1944	1	1086
1944	2	2794
1944	3	3276
1944	4	2548
1944	5	1466
1944	6	857
1944	7	753
1944	8	754
1944	9	817
1944	10	777
1944	11	720
1944	12	1077
1945	1	1414
1945	2	2350
1945	3	1858
1945	4	2004
1945	5	1956
1945	6	1205
1945	7	1016
1945	8	1021
1945	9	1021
1945	10	817
1945	11	1066
1945	12	1584
1946	1	3645
1946	2	3502
1946	3	2790
1946	4	2287
1946	5	2305
1946	6	1297
1946	7	1147
1946	8	891
1946	9	690
1946	10	669
1946	11	656
1946	12	927
1947	1	3816
1947	2	1520
1947	3	1685
1947	4	1816
1947	5	1292
1947	6	1056
1947	7	969
1947	8	971
1947	9	534
1947	10	734
1947	11	1127
1947	12	1036
1948	1	1146
1948	2	2901
1948	3	2429
1948	4	2359
1948	5	1156
1948	6	890
1948	7	1286
1948	8	1473
1948	9	927
1948	10	685
1948	11	2326
1948	12	2512
1949	1	2933
1949	2	2845
1949	3	2071
1949	4	2458
1949	5	2287
1949	6	2183
1949	7	2405
1949	8	2041
1949	9	1705
1949	10	1536
1949	11	1679
1949	12	1972
1950	1	2888
1950	2	2933
1950	3	3185
1950	4	1875
1950	5	1425
1950	6	1646
1950	7	1191
1950	8	841
1950	9	1405
1950	10	920
1950	11	823
1950	12	1556
1951	1	1356
1951	2	1644
1951	3	2399
1951	4	2210
1951	5	1203
1951	6	1341
1951	7	1091
1951	8	688
1951	9	782
1951	10	604
1951	11	1157
1951	12	2257
1952	1	2366
1952	2	1790
1952	3	3299
1952	4	1872
1952	5	1394
1952	6	1057
1952	7	622
1952	8	706
1952	9	598
1952	10	496
1952	11	623
1952	12	920
1953	1	1799
1953	2	2843
1953	3	2000
1953	4	1245
1953	5	1736
1953	6	1068
1953	7	910
1953	8	641
1953	9	525
1953	10	507
1953	11	485
1953	12	1037
1954	1	2839
1954	2	1386
1954	3	2308
1954	4	1920
1954	5	1121
1954	6	841
1954	7	618
1954	8	611
1954	9	393
1954	10	356
1954	11	473
1954	12	886
1955	1	801
1955	2	2120
1955	3	2182
1955	4	2111
1955	5	1790
1955	6	1369
1955	7	1431
1955	8	1153
1955	9	570
1955	10	829
1955	11	795
1955	12	839
1956	1	659
1956	2	2776
1956	3	2394
1956	4	2521
1956	5	1543
1956	6	882
1956	7	1329
1956	8	736
1956	9	539
1956	10	642
1956	11	705
1956	12	1406
1957	1	2059
1957	2	4565
1957	3	1957
1957	4	3277
1957	5	1646
1957	6	1728
1957	7	982
1957	8	830
1957	9	899
1957	10	1115
1957	11	2193
1957	12	2484
1958	1	1583
1958	2	2185
1958	3	2030
1958	4	2284
1958	5	2611
1958	6	1175
1958	7	1625
1958	8	906
1958	9	721
1958	10	611
1958	11	624
1958	12	748
1959	1	1660
1959	2	1611
1959	3	1748
1959	4	2315
1959	5	1711
1959	6	1696
1959	7	1073
1959	8	813
1959	9	828
1959	10	1503
1959	11	1511
1959	12	1925
1960	1	1949
1960	2	2348
1960	3	2189
1960	4	2747
1960	5	1380
1960	6	1117
1960	7	834
1960	8	1181
1960	9	890
1960	10	987
1960	11	676
1960	12	861
1961	1	1004
1961	2	2605
1961	3	2659
1961	4	2187
1961	5	1539
1961	6	1469
1961	7	1223
1961	8	1205
1961	9	989
1961	10	775
1961	11	1016
1961	12	3385
1962	1	2840
1962	2	3325
1962	3	3194
1962	4	3192
1962	5	1483
1962	6	1332
1962	7	1025
1962	8	874
1962	9	785
1962	10	837
1962	11	1030
1962	12	995
1963	1	1298
1963	2	1452
1963	3	4239
1963	4	1484
1963	5	1468
1963	6	1174
1963	7	1274
1963	8	818
1963	9	648
1963	10	488
1963	11	628
1963	12	804
1964	1	1929
1964	2	1651
1964	3	3948
1964	4	3751
1964	5	2098
1964	6	1031
1964	7	1106
1964	8	1354
1964	9	1046
1964	10	2637
1964	11	1460
1964	12	1982
1965	1	2057
1965	2	2228
1965	3	3227
1965	4	2342
1965	5	1746
1965	6	1374
1965	7	992
1965	8	892
1965	9	826
1965	10	1048
1965	11	790
1965	12	755
1966	1	847
1966	2	2880
1966	3	2021
1966	4	1305
1966	5	1719
1966	6	954
1966	7	870
1966	8	1219
1966	9	895
1966	10	1333
1966	11	1858
1966	12	1643
1967	1	1802
1967	2	2173
1967	3	1943
1967	4	1165
1967	5	1678
1967	6	2468
1967	7	2288
1967	8	2341
1967	9	1820
1967	10	1064
1967	11	1420
1967	12	2784
1968	1	2749
1968	2	1422
1968	3	1947
1968	4	2019
1968	5	1303
1968	6	1448
1968	7	971
1968	8	919
1968	9	606
1968	10	688
1968	11	886
1968	12	1194
1969	1	1334
1969	2	2532
1969	3	1893
1969	4	2144
1969	5	1374
1969	6	1345
1969	7	915
1969	8	1148
1969	9	963
1969	10	883
1969	11	1226
1969	12	1614
1970	1	1487
1970	2	1631
1970	3	1590
1970	4	2093
1970	5	1288
1970	6	1759
1970	7	929
1970	8	917
1970	9	713
1970	10	907
1970	11	1117
1970	12	1260
1971	1	2021
1971	2	2760
1971	3	2489
1971	4	1781
1971	5	1506
1971	6	1347
1971	7	1889
1971	8	1896
1971	9	826
1971	10	792
1971	11	1045
1971	12	1995
1972	1	2988
1972	2	2000
1972	3	2201
1972	4	2202
1972	5	1853
1972	6	1337
1972	7	1244
1972	8	1022
1972	9	835
1972	10	1441
1972	11	1773
1972	12	3177
1973	1	2192
1973	2	2757
1973	3	3804
1973	4	2807
1973	5	3174
1973	6	2361
1973	7	1403
1973	8	1206
1973	9	861
1973	10	626
1973	11	1011
1973	12	2256
1974	1	3895
1974	2	3586
1974	3	2370
1974	4	3540
1974	5	2616
1974	6	1909
1974	7	1377
1974	8	1580
1974	9	974
1974	10	845
1974	11	1160
1974	12	1799
1975	1	2612
1975	2	3479
1975	3	4784
1975	4	2851
1975	5	1806
1975	6	1316
1975	7	934
1975	8	891
1975	9	1436
1975	10	1367
1975	11	1661
1975	12	1521
1976	1	2604
1976	2	2021
1976	3	2245
1976	4	2029
1976	5	2996
1976	6	2116
1976	7	1268
1976	8	799
1976	9	753
1976	10	1261
1976	11	1024
1976	12	1625
1977	1	1247
1977	2	1215
1977	3	2862
1977	4	3660
1977	5	1539
1977	6	1565
1977	7	1032
1977	8	1024
1977	9	1459
1977	10	1359
1977	11	1775
1977	12	2226
1978	1	2947
1978	2	1830
1978	3	2428
1978	4	1374
1978	5	1869
1978	6	1281
1978	7	833
1978	8	1556
1978	9	743
1978	10	689
1978	11	585
1978	12	1504
1979	1	3107
1979	2	2215
1979	3	3754
1979	4	3725
1979	5	1957
1979	6	1365
1979	7	1925
1979	8	1321
1979	9	1683
1979	10	1377
1979	11	2783
1979	12	1755
1980	1	2141
1980	2	1451
1980	3	3899
1980	4	3184
1980	5	2235
1980	6	1247
1980	7	939
1980	8	746
1980	9	663
1980	10	696
1980	11	828
1980	12	815
1981	1	603
1981	2	1768
1981	3	1217
1981	4	1508
1981	5	1450
1981	6	1557
1981	7	925
1981	8	654
1981	9	758
1981	10	674
1981	11	671
1981	12	1366
1983	10	678
1983	11	1209
1983	12	2619
1984	1	1448
1984	2	2263
1984	3	2805
1984	4	2582
1984	5	3744
1984	6	1635
1984	7	2056
1984	8	1407
1984	9	763
1984	10	690
1984	11	1008
1984	12	1107
1985	1	1087
1985	2	2414
1985	3	1183
1985	4	1089
1985	5	992
1985	6	741
1985	7	822
1985	8	992
1985	9	602
1985	10	517
1985	11	1164
1985	12	1175
1986	1	758
1986	2	1074
1986	3	1315
1986	4	841
1986	5	820
1986	6	821
1986	7	720
1986	8	647
1986	9	706
1986	10	692
1986	11	1208
1986	12	1502
1987	1	1411
1987	2	1841
1987	3	2275
1987	4	2160
1987	5	1288
1987	6	1265
1987	7	1049
1987	8	803
1987	9	786
1987	10	470
1987	11	584
1987	12	876
1988	1	1599
1988	2	1088
1988	3	926
1988	4	1313
1988	5	1018
1988	6	727
1988	7	775
1988	8	975
1988	9	877
1988	10	516
1988	11	873
1988	12	758
1989	1	1801
1989	2	1980
1989	3	2808
1989	4	2239
1989	5	2641
1989	6	3091
1989	7	3310
1989	8	1766
1989	9	1992
1989	10	2210
1989	11	1955
1989	12	1980
1990	1	2986
1990	2	4812
1990	3	4022
1990	4	2041
1990	5	2267
1990	6	1500
1990	7	1427
1990	8	1117
1990	9	856
1990	10	979
1990	11	650
1990	12	2045
1991	1	2099
1991	2	2369
1991	3	2995
1991	4	2916
1991	5	2019
1991	6	1412
1991	7	1225
1991	8	1813
1991	9	1278
1991	10	690
1991	11	1198
1991	12	2276
1992	1	1588
1992	2	1819
1992	3	2276
1992	4	1540
1992	5	1528
1992	6	1741
1992	7	978
1992	8	1434
1992	9	1300
1992	10	1102
1992	11	2306
1992	12	3224
1993	1	3065
1993	2	1917
1993	3	2979
1993	4	2459
1993	5	1634
1993	6	1046
1993	7	703
1993	8	730
1993	9	871
1993	10	859
1993	11	806
1993	12	1658
1994	1	2240
1994	2	3124
1994	3	4201
1994	4	4164
1994	5	1753
1994	6	1871
1994	7	2110
1994	8	2425
1994	9	1671
1994	10	1371
1994	11	1086
1994	12	1531
1995	1	2655
1996	4	2124
1996	5	2107
1996	6	1787
1996	7	1139
1996	8	1527
1996	9	1446
1996	10	1123
1996	11	1485
1996	12	2780
1997	1	2530
1997	2	2710
1997	3	4360
1997	4	2792
1997	5	2514
1997	6	2469
1997	7	1377
1997	8	928
1997	9	820
1997	10	1014
1997	11	1067
1997	12	1106
1998	1	3701
1998	2	3322
1998	3	2960
1998	4	3397
1998	5	2184
1998	6	1598
1998	7	850
1998	8	679
1998	9	525
1998	10	592
1998	11	611
1998	12	1352
1999	1	1867
1999	2	1854
1999	3	2037
1999	4	1507
1999	5	1873
1999	6	1378
1999	7	1941
1999	8	729
1999	9	478
1999	10	761
1999	11	993
1999	12	1144
2000	1	1189
2000	2	1543
2000	3	1534
2000	4	2274
2000	5	1460
2000	6	993
2000	7	744
2000	8	722
2000	9	650
2000	10	439
2000	11	817
2000	12	907
2001	1	1161
2001	2	1567
2001	3	1555
2001	4	1311
2001	5	873
2001	6	913
2001	7	951
2001	8	1082
2001	9	972
2001	10	801
2001	11	697
2001	12	1255
2002	1	1733
2002	2	1241
2002	3	1579
2002	4	1563
2002	5	1629
2002	6	876
2002	7	762
2002	8	595
2002	9	1167
2002	10	1203
2002	11	1748
2002	12	2266
2003	1	1514
2003	2	2672
2003	3	2349
2003	4	2331
2003	5	3988
2003	6	1761
2003	7	1879
2003	8	1193
2003	9	1174
2003	10	822
2003	11	1784
2003	12	1950
2004	1	1569
2004	2	2127
2004	3	1655
2004	4	1487
2004	5	1392
2004	6	1119
2004	7	1261
2004	8	1101
2004	9	4560
2004	10	1403
2004	11	2311
2004	12	2920
2005	1	1860
2005	2	1833
2005	3	2140
2005	4	2337
2005	5	1664
2005	6	2280
2005	7	2683
2005	8	1763
2005	9	1247
2005	10	903
2005	11	811
2005	12	1597
2006	1	2374
2006	2	1693
2006	3	1123
2006	4	1337
2006	5	1243
2006	6	987
2006	7	909
2006	8	720
2006	9	1228
2006	10	1146
2006	11	1521
2006	12	1241
2007	1	2150
2007	2	1063
2007	3	1534
2007	4	1104
2007	5	794
2007	6	584
2007	7	617
2007	8	511
2007	9	389
2007	10	392
2007	11	508
2007	12	941
2008	1	1143
2008	2	1792
2008	3	2371
2008	4	1367
2008	5	983
2008	6	592
2008	7	542
2008	8	708
2008	9	409
2008	10	322
2008	11	471
2008	12	1730
2009	1	1923
2009	2	1035
2009	3	1563
2009	4	1672
2009	5	2302
2009	6	1227
2009	7	819
2009	8	816
2009	9	1748
2009	10	1854
2009	11	2563
2009	12	3351
2010	1	2661
2010	2	3133
2010	3	2050
2010	4	1845
2010	5	1676
2010	6	1121
2010	7	788
2010	8	795
2010	9	624
2010	10	657
2010	11	821
2010	12	1456
2011	1	1270
2011	2	1443
2011	3	2678
2011	4	2470
2011	5	1298
2011	6	1123
2011	7	885
2011	8	540
2011	9	686
2011	10	528
2011	11	1201
2011	12	2320
2012	1	2320
2012	2	1705
2012	3	1832
2012	4	1767
2012	5	1643
2012	6	948
2012	7	996
2012	8	877
2012	9	782
2012	10	1131
2012	11	769
2012	12	1345
2013	1	4485
2013	2	2945
2013	3	2568
2013	4	2923
2013	5	2934
2013	6	2125
2013	7	4286
2013	8	1617
2013	9	1150
2013	10	854
2013	11	1155
2013	12	3286
2014	1	2328
2014	2	2302
2014	3	1555
2014	4	1904
2014	5	1663
2014	6	1199
2014	7	1141
2014	8	1056
2014	9	837
2014	10	1256
2014	11	949
2014	12	1070
2015	1	1466
2015	2	1292
2015	3	1989
2015	4	2464
2015	5	1266
2015	6	982
2015	7	1064
2015	8	623
2015	9	517
