1940	1	28
1940	2	285
1940	3	522
1940	4	245
1940	5	87
1940	6	33
1940	7	59
1940	8	30
1940	9	22
1940	10	23
1940	11	29
1940	12	35
1941	1	105
1941	2	57
1941	3	134
1941	4	267
1941	5	34
1941	6	25
1941	7	35
1941	8	35
1941	9	15
1941	10	15
1941	11	20
1941	12	34
1942	1	62
1942	2	293
1942	3	309
1942	4	79
1942	5	46
1942	6	26
1942	7	34
1942	8	192
1942	9	32
1942	10	19
1942	11	53
1942	12	553
1943	1	161
1943	2	324
1943	3	332
1943	4	310
1943	5	76
1943	6	32
1943	7	44
1943	8	43
1943	9	120
1943	10	26
1943	11	29
1943	12	53
1944	1	198
1944	2	729
1944	3	713
1944	4	323
1944	5	91
1944	6	34
1944	7	25
1944	8	27
1944	9	115
1944	10	50
1944	11	33
1944	12	220
1945	1	378
1945	2	726
1945	3	314
1945	4	183
1945	5	303
1945	6	49
1945	7	28
1945	8	58
1945	9	20
1945	10	21
1945	11	145
1945	12	415
1946	1	621
1946	2	634
1946	3	264
1946	4	115
1946	5	153
1946	6	159
1946	7	44
1946	8	27
1946	9	28
1946	10	24
1946	11	74
1946	12	101
1947	1	687
1947	2	190
1947	3	223
1947	4	145
1947	5	113
1947	6	49
1947	7	48
1947	8	30
1947	9	15
1947	10	18
1947	11	27
1947	12	34
1948	1	60
1948	2	1124
1948	3	474
1948	4	233
1948	5	45
1948	6	29
1948	7	30
1948	8	30
1948	9	19
1948	10	18
1948	11	166
1948	12	393
1949	1	1130
1949	2	396
1949	3	374
1949	4	277
1949	5	147
1949	6	112
1949	7	116
1949	8	39
1949	9	34
1949	10	31
1949	11	50
1949	12	138
1950	1	1314
1950	2	748
1950	3	523
1950	4	102
1950	5	116
1950	6	58
1950	7	58
1950	8	45
1950	9	92
1950	10	31
1950	11	134
1950	12	129
1951	1	377
1951	2	790
1951	3	461
1951	4	390
1951	5	96
1951	6	103
1951	7	55
1951	8	29
1951	9	32
1951	10	26
1951	11	108
1951	12	738
1952	1	558
1952	2	285
1952	3	458
1952	4	151
1952	5	50
1952	6	39
1952	7	21
1952	8	22
1952	9	23
1952	10	18
1952	11	21
1952	12	50
1953	1	184
1953	2	583
1953	3	324
1953	4	250
1953	5	215
1953	6	35
1953	7	55
1953	8	25
1953	9	24
1953	10	19
1953	11	21
1953	12	33
1954	1	603
1954	2	170
1954	3	202
1954	4	305
1954	5	172
1954	6	119
1954	7	37
1954	8	24
1954	9	11
1954	10	15
1954	11	20
1954	12	282
1955	1	165
1955	2	445
1955	3	800
1955	4	412
1955	5	128
1955	6	136
1955	7	35
1955	8	29
1955	9	18
1955	10	22
1955	11	63
1955	12	134
1956	1	240
1956	2	802
1956	3	233
1956	4	406
1956	5	79
1956	6	35
1956	7	80
1956	8	26
1956	9	21
1956	10	21
1956	11	20
1956	12	218
1957	1	595
1957	2	727
1957	3	228
1957	4	168
1957	5	74
1957	6	42
1957	7	26
1957	8	21
1957	9	36
1957	10	56
1957	11	651
1957	12	444
1958	1	206
1958	2	255
1958	3	179
1958	4	408
1958	5	296
1958	6	50
1958	7	168
1958	8	44
1958	9	83
1958	10	25
1958	11	47
1958	12	63
1959	1	205
1959	2	298
1959	3	257
1959	4	213
1959	5	106
1959	6	112
1959	7	50
1959	8	101
1959	9	66
1959	10	28
1959	11	78
1959	12	418
1960	1	259
1960	2	273
1960	3	392
1960	4	113
1960	5	193
1960	6	44
1960	7	46
1960	8	30
1960	9	96
1960	10	29
1960	11	67
1960	12	128
1961	1	228
1961	2	401
1961	3	788
1961	4	300
1961	5	153
1961	6	293
1961	7	67
1961	8	35
1961	9	57
1961	10	22
1961	11	25
1961	12	266
1962	1	611
1962	2	670
1962	3	559
1962	4	683
1962	5	55
1962	6	62
1962	7	46
1962	8	21
1962	9	26
1962	10	34
1962	11	58
1962	12	100
1963	1	90
1963	2	315
1963	3	830
1963	4	121
1963	5	116
1963	6	40
1963	7	127
1963	8	38
1963	9	23
1963	10	20
1963	11	22
1963	12	26
1964	1	126
1964	2	303
1964	3	614
1964	4	607
1964	5	151
1964	6	38
1964	7	36
1964	8	48
1964	9	29
1964	10	78
1964	11	96
1964	12	265
1965	1	338
1965	2	245
1965	3	544
1965	4	365
1965	5	71
1965	6	91
1965	7	55
1965	8	27
1965	9	26
1965	10	21
1965	11	30
1965	12	28
1966	1	63
1966	2	265
1966	3	146
1966	4	70
1966	5	194
1966	6	29
1966	7	54
1966	8	41
1966	9	26
1966	10	38
1966	11	97
1966	12	240
1967	1	119
1967	2	181
1967	3	349
1967	4	66
1967	5	360
1967	6	87
1967	7	212
1967	8	104
1967	9	42
1967	10	45
1967	11	105
1967	12	433
1968	1	476
1968	2	112
1968	3	471
1968	4	288
1968	5	201
1968	6	56
1968	7	33
1968	8	26
1968	9	23
1968	10	27
1968	11	29
1968	12	54
1969	1	171
1969	2	504
1969	3	166
1969	4	383
1969	5	238
1969	6	55
1969	7	35
1969	8	29
1969	9	49
1969	10	33
1969	11	52
1969	12	791
1970	1	264
1970	2	316
1970	3	269
1970	4	686
1970	5	106
1970	6	76
1970	7	38
1970	8	29
1970	9	36
1970	10	90
1970	11	108
1970	12	218
1971	1	440
1971	2	540
1971	3	271
1971	4	178
1971	5	289
1971	6	39
1971	7	59
1971	8	39
1971	9	22
1971	10	21
1971	11	24
1971	12	228
1972	1	498
1972	2	231
1972	3	343
1972	4	289
1972	5	146
1972	6	41
1972	7	59
1972	8	108
1972	9	34
1972	10	218
1972	11	171
1972	12	679
1973	1	331
1973	2	461
1973	3	1130
1973	4	393
1973	5	835
1973	6	195
1973	7	184
1973	8	73
1973	9	35
1973	10	36
1973	11	266
1973	12	505
1974	1	1197
1974	2	498
1974	3	323
1974	4	181
1974	5	160
1974	6	111
1974	7	49
1974	8	52
1974	9	39
1974	10	31
1974	11	99
1974	12	464
1975	1	416
1975	2	353
1975	3	927
1975	4	171
1975	5	164
1975	6	100
1975	7	38
1975	8	38
1975	9	108
1975	10	509
1975	11	245
1975	12	264
1976	1	414
1976	2	308
1976	3	320
1976	4	134
1976	5	105
1976	6	67
1976	7	83
1976	8	44
1976	9	46
1976	10	152
1976	11	71
1976	12	99
1977	1	194
1977	2	171
1977	3	475
1977	4	571
1977	5	104
1977	6	40
1977	7	33
1977	8	41
1977	9	82
1977	10	127
1977	11	424
1977	12	255
1978	1	252
1978	2	126
1978	3	346
1978	4	130
1978	5	379
1978	6	273
1978	7	59
1978	8	47
1978	9	29
1978	10	25
1978	11	45
1978	12	230
1979	1	660
1979	2	425
1979	3	425
1979	4	420
1979	5	214
1979	6	77
1979	7	76
1979	8	108
1979	9	200
1979	10	88
1979	11	379
1979	12	172
1980	1	342
1980	2	170
1980	3	958
1980	4	252
1980	5	168
1980	6	39
1980	7	31
1980	8	59
1980	9	24
1980	10	20
1980	11	29
1980	12	27
1981	1	26
1981	2	73
1981	3	83
1981	4	145
1981	5	38
1981	6	43
1981	7	32
1981	8	27
1981	9	26
1981	10	19
1981	11	43
1981	12	103
1982	1	601
1982	2	282
1982	3	252
1982	4	194
1982	5	50
1982	6	25
1982	7	47
1982	8	230
1982	9	42
1982	10	40
1982	11	129
1982	12	523
1983	1	179
1983	2	295
1983	3	144
1983	4	544
1983	5	638
1983	6	195
1983	7	80
1983	8	31
1983	9	25
1983	10	25
1983	11	210
1983	12	425
1984	1	179
1984	2	214
1984	3	318
1984	4	243
1984	5	530
1984	6	43
1984	7	98
1984	8	45
1984	9	26
1984	10	79
1984	11	304
1984	12	169
1985	1	172
1985	2	433
1985	3	124
1985	4	85
1985	5	54
1985	6	32
1985	7	32
1985	8	36
1985	9	26
1985	10	27
1985	11	57
1985	12	60
1986	1	38
1986	2	281
1986	3	220
1986	4	64
1986	5	112
1986	6	117
1986	7	40
1986	8	27
1986	9	166
1986	10	53
1986	11	420
1986	12	413
1987	1	209
1987	2	454
1987	3	244
1987	4	98
1987	5	42
1987	6	27
1987	7	23
1987	8	22
1987	9	22
1987	10	22
1987	11	30
1990	9	542
1991	11	74
1992	1	306
1992	2	112
1992	3	193
1992	4	75
1993	1	352
1993	3	483
1993	4	278
1993	5	362
1993	6	120
1993	7	76
1993	9	72
1993	10	91
1993	11	97
1993	12	287
1994	1	417
1994	3	1038
1994	4	784
1994	5	135
1994	6	126
1994	7	56
1994	8	31
1994	9	30
1994	10	69
1994	11	180
1994	12	227
1995	1	209
1995	2	145
1995	3	369
1995	4	167
1995	5	256
1995	6	61
1995	7	40
1995	8	38
1995	9	40
1995	10	206
1995	11	363
1995	12	158
1996	1	498
1996	2	241
1996	3	428
1996	4	261
1996	5	102
1996	6	47
1996	7	76
1996	8	82
1996	9	55
1996	10	43
1996	11	222
1996	12	594
1997	1	504
1997	2	344
1997	3	649
1997	4	223
1997	5	265
1997	6	478
1997	7	43
1997	8	34
1997	9	121
1997	11	97
1997	12	196
1998	1	661
1998	2	440
1998	3	522
1998	4	561
1998	5	144
1998	6	81
1998	7	106
1998	8	203
1998	9	22
2008	8	22
2008	9	17
2008	10	25
2008	11	28
2008	12	245
2009	1	251
2009	2	88
2009	3	350
2009	4	354
2009	5	717
2009	6	44
2009	7	64
2009	8	49
2009	9	142
2009	10	149
2009	11	92
2009	12	310
2010	1	457
2010	2	373
2010	3	193
2010	4	92
2010	5	366
2010	6	62
2010	7	38
2010	8	34
2010	9	21
2010	10	21
2010	11	69
2010	12	81
2011	1	161
2011	2	194
2011	3	381
2011	4	540
2011	5	177
2011	6	127
2011	7	87
2011	8	44
2011	9	47
2011	10	38
2011	11	198
2011	12	428
2012	1	417
2012	2	239
2012	3	193
2012	4	54
2012	5	41
2012	6	31
2012	7	51
2012	8	56
2012	9	102
2012	10	60
2012	11	51
2012	12	236
2013	1	414
2013	2	175
2013	3	247
2013	4	443
2013	5	385
2013	6	336
2013	7	394
2013	8	99
2013	9	44
2013	10	36
2013	11	52
2013	12	298
2014	1	243
2014	2	356
2014	3	228
2014	4	221
2014	5	87
2014	6	56
2014	7	38
2014	8	36
2014	9	32
2014	10	163
2014	11	174
2014	12	341
2015	1	382
2015	2	302
2015	3	442
2015	4	368
2015	5	62
2015	6	70
2015	7	188
2015	8	49
2015	9	40
