1940	1	134
1940	2	1355
1940	3	1951
1940	4	988
1940	5	375
1940	6	135
1940	7	157
1940	8	119
1940	9	73
1940	10	69
1940	11	150
1940	12	221
1941	1	477
1941	2	250
1941	3	557
1941	4	947
1941	5	112
1941	6	77
1941	7	304
1941	8	179
1941	9	62
1941	10	50
1941	11	127
1941	12	274
1942	1	520
1942	2	1421
1942	3	1218
1942	4	373
1942	5	266
1942	6	179
1942	7	167
1942	8	848
1942	9	197
1942	10	94
1942	11	252
1942	12	2099
1943	1	612
1943	2	1363
1943	3	1332
1943	4	1362
1943	5	463
1943	6	160
1943	7	181
1943	8	246
1943	9	611
1943	10	94
1943	11	156
1943	12	305
1944	1	965
1944	2	2983
1944	3	3277
1944	4	1261
1944	5	486
1944	6	159
1944	7	123
1944	8	153
1944	9	668
1944	10	229
1944	11	122
1944	12	1080
1945	1	1673
1945	2	3443
1945	3	1329
1945	4	681
1945	5	1410
1945	6	283
1945	7	111
1945	8	212
1945	9	84
1945	10	108
1945	11	1087
1945	12	1998
1946	1	2963
1946	2	2908
1946	3	1194
1946	4	552
1946	5	712
1946	6	564
1946	7	194
1946	8	109
1946	9	157
1946	10	122
1946	11	731
1946	12	645
1947	1	3348
1947	2	907
1947	3	1062
1947	4	664
1947	5	515
1947	6	429
1947	7	359
1947	8	169
1947	9	84
1947	10	74
1947	11	156
1947	12	296
1948	1	401
1948	2	5009
1948	3	2103
1948	4	1239
1948	5	193
1948	6	110
1948	7	139
1948	8	103
1948	9	66
1948	10	100
1948	11	1270
1948	12	1775
1949	1	4336
1949	2	1452
1949	3	1361
1949	4	870
1949	5	602
1949	6	737
1949	7	573
1949	8	173
1949	9	117
1949	10	166
1949	11	213
1949	12	740
1950	1	5014
1950	2	3140
1950	3	2182
1950	4	541
1950	5	630
1950	6	373
1950	7	534
1950	8	216
1950	9	787
1950	10	132
1950	11	906
1950	12	552
1951	1	1539
1951	2	3879
1951	3	2105
1951	4	1880
1951	5	405
1951	6	422
1951	7	298
1951	8	102
1951	9	127
1951	10	149
1951	11	684
1951	12	3090
1952	1	2530
1952	2	1154
1952	3	2079
1952	4	577
1952	5	256
1952	6	193
1952	7	102
1952	8	93
1952	9	157
1952	10	82
1952	11	105
1952	12	336
1953	1	1232
1953	2	2642
1953	3	1407
1953	4	1053
1953	5	1046
1953	6	158
1953	7	286
1953	8	148
1953	9	91
1953	10	77
1953	11	80
1953	12	177
1954	1	2673
1954	2	773
1954	3	798
1954	4	1262
1954	5	647
1954	6	404
1954	7	137
1954	8	104
1954	9	56
1954	10	84
1954	11	90
1954	12	1223
1955	1	762
1955	2	2037
1955	3	3312
1955	4	1945
1955	5	614
1955	6	466
1955	7	162
1955	8	120
1955	9	68
1955	10	87
1955	11	417
1955	12	718
1956	1	1037
1956	2	3538
1956	3	960
1956	4	1536
1956	5	330
1956	6	166
1956	7	367
1956	8	122
1956	9	102
1956	10	103
1956	11	87
1956	12	1352
1957	1	2404
1957	2	3581
1957	3	1080
1957	4	874
1957	5	333
1957	6	168
1957	7	90
1957	8	75
1957	9	517
1957	10	528
1957	11	2941
1957	12	1902
1958	1	917
1958	2	1123
1958	3	893
1958	4	1914
1958	5	1491
1958	6	239
1958	7	599
1958	8	181
1958	9	488
1958	10	127
1958	11	368
1958	12	258
1959	1	959
1959	2	1235
1959	3	1149
1959	4	1003
1959	5	344
1959	6	695
1959	7	290
1959	8	343
1959	9	204
1959	10	177
1959	11	549
1959	12	1911
1960	1	1165
1960	2	1415
1960	3	1784
1960	4	568
1960	5	726
1960	6	242
1960	7	292
1960	8	258
1960	9	329
1960	10	203
1960	11	338
1960	12	612
1961	1	976
1961	2	1688
1961	3	3117
1961	4	1219
1961	5	490
1961	6	1017
1961	7	369
1961	8	137
1961	9	206
1961	10	100
1961	11	138
1961	12	1359
1962	1	2452
1962	2	2638
1962	3	2369
1962	4	3073
1962	5	269
1962	6	342
1962	7	208
1962	8	112
1962	9	311
1962	10	192
1962	11	661
1962	12	653
1963	1	481
1963	2	1579
1963	3	3515
1963	4	460
1963	5	495
1963	6	198
1963	7	461
1963	8	318
1963	9	111
1963	10	81
1963	11	106
1963	12	127
1964	1	837
1964	2	1288
1964	3	2621
1964	4	2703
1964	5	872
1964	6	153
1964	7	209
1964	8	284
1964	9	164
1964	10	510
1964	11	628
1964	12	1182
1965	1	1339
1965	2	1104
1965	3	2536
1965	4	1525
1965	5	379
1965	6	583
1965	7	201
1965	8	126
1965	9	116
1965	10	92
1965	11	149
1965	12	115
1966	1	353
1966	2	1171
1966	3	512
1966	4	186
1966	5	853
1966	6	126
1966	7	188
1966	8	182
1966	9	136
1966	10	231
1966	11	488
1966	12	1624
1967	1	513
1967	2	706
1967	3	1356
1967	4	229
1967	5	1801
1967	6	309
1967	7	771
1967	8	379
1967	9	151
1967	10	172
1967	11	415
1967	12	1683
1968	1	2023
1968	2	455
1968	3	2063
1968	4	1121
1968	5	847
1968	6	286
1968	7	157
1968	8	107
1968	9	98
1968	10	120
1968	11	136
1968	12	386
1969	1	828
1969	2	2121
1969	3	729
1969	4	1689
1969	5	938
1969	6	294
1969	7	139
1969	8	160
1969	9	184
1969	10	150
1969	11	285
1969	12	2290
1970	1	1241
1970	2	1352
1970	3	1131
1970	4	2752
1970	5	589
1970	6	305
1970	7	144
1970	8	142
1970	9	129
1970	10	340
1970	11	426
1970	12	757
1971	1	1748
1971	2	2246
1971	3	992
1971	4	692
1971	5	735
1971	6	156
1971	7	246
1971	8	227
1971	9	98
1971	10	93
1971	11	134
1971	12	1179
1972	1	2314
1972	2	1184
1972	3	1559
1972	4	1294
1972	5	743
1972	6	182
1972	7	743
1972	8	588
1972	9	168
1972	10	1347
1972	11	968
1972	12	2975
1973	1	1697
1973	2	2119
1973	3	4518
1973	4	1942
1973	5	2648
1973	6	1010
1973	7	1006
1973	8	277
1973	9	163
1973	10	216
1973	11	1459
1973	12	1896
1974	1	4559
1974	2	2093
1974	3	1366
1974	4	778
1974	5	692
1974	6	607
1974	7	268
1974	8	235
1974	9	206
1974	10	133
1974	11	496
1974	12	1886
1975	1	1825
1975	2	1539
1975	3	4024
1975	4	819
1975	5	842
1975	6	358
1975	7	155
1975	8	137
1975	9	522
1975	10	2409
1975	11	749
1975	12	1039
1976	1	1438
1976	2	828
1976	3	729
1976	4	398
1976	5	353
1976	6	601
1976	7	634
1976	8	197
1976	9	213
1976	10	713
1976	11	800
1976	12	762
1977	1	823
1977	2	540
1977	3	2183
1977	4	1978
1977	5	268
1977	6	231
1977	7	190
1977	8	186
1977	9	261
1977	10	467
1977	11	2199
1977	12	1370
1978	1	908
1978	2	339
1978	3	1365
1978	4	246
1978	5	1406
1978	6	982
1978	7	253
1978	8	336
1978	9	197
1978	10	179
1978	11	556
1978	12	1573
1979	1	2873
1979	2	1451
1979	3	1705
1979	4	1617
1979	5	859
1979	6	442
1979	7	369
1979	8	286
1979	9	927
1979	10	518
1979	11	2171
1979	12	1119
1980	1	1456
1980	2	698
1980	3	3648
1980	4	1048
1980	5	675
1980	6	242
1980	7	219
1980	8	204
1980	9	162
1980	10	180
1980	11	237
1980	12	337
1981	1	180
1981	2	360
1981	3	367
1981	4	403
1981	5	194
1981	6	236
1981	7	224
1981	8	202
1981	9	169
1981	10	215
1981	11	295
1981	12	377
1982	1	2169
1982	2	1188
1982	3	950
1982	4	668
1982	5	283
1982	6	172
1982	7	227
1982	8	727
1982	9	226
1982	10	207
1982	11	774
1982	12	2336
1983	1	781
1983	2	1252
1983	3	535
1983	4	2230
1983	5	2752
1983	6	864
1983	7	410
1983	8	153
1983	9	174
1983	10	212
1983	11	1232
1983	12	2266
1984	1	741
1984	2	778
1984	3	1229
1984	4	706
1984	5	2320
1984	6	202
1984	7	386
1984	8	323
1984	9	171
1984	10	577
1984	11	2019
1984	12	1068
1985	1	504
1985	2	1717
1985	3	331
1985	4	241
1985	5	299
1985	6	234
1985	7	201
1985	8	227
1985	9	198
1985	10	185
1985	11	295
1985	12	364
1986	1	175
1986	2	810
1986	3	708
1986	4	165
1986	5	368
1986	6	233
1986	7	199
1986	8	192
1986	9	390
1986	10	235
1986	11	2277
1986	12	1923
1987	1	875
1987	2	1675
1987	3	1031
1987	4	341
1987	5	210
1987	6	205
1987	7	165
1987	8	169
1987	9	164
1987	10	157
1987	11	169
1987	12	380
1988	1	755
1988	2	562
1988	3	308
1988	4	598
1988	5	137
1988	6	166
1988	7	186
1988	8	176
1988	9	168
1988	10	167
1988	11	581
1988	12	703
1989	1	2420
1989	2	2029
1989	3	1874
1989	4	1230
1989	5	333
1989	6	2151
1989	7	1670
1989	8	204
1989	9	588
1989	10	1313
1989	11	1132
1989	12	616
1990	1	1854
1990	2	2456
1990	3	1299
1990	4	351
1990	5	739
1990	6	226
1990	7	249
1990	8	194
1990	9	227
1990	10	501
1990	11	368
1990	12	3668
1991	1	1535
1991	2	3432
1991	3	2285
1991	4	1248
1991	5	978
1991	6	539
1991	7	247
1991	8	168
1991	9	185
1991	10	185
1991	11	479
1991	12	4131
1992	1	1580
1992	2	613
1992	3	971
1992	4	319
1992	5	172
1992	6	406
1992	7	353
1992	8	349
1992	9	1035
1992	10	408
1992	11	1406
1992	12	1579
1993	1	1310
1993	2	646
1993	3	1351
1993	4	748
1993	5	1074
1993	6	506
1993	7	265
1993	8	256
1993	9	198
1993	10	185
1993	11	283
1993	12	1210
1994	1	1464
1994	2	3730
1994	3	3583
1994	4	2991
1994	5	386
1994	6	298
1994	7	296
1994	8	268
1994	9	280
1994	10	430
1994	11	982
1994	12	1074
1995	1	884
1995	2	596
1995	3	1215
1995	4	418
1995	5	711
1995	6	370
1995	7	228
1995	8	331
1995	9	287
1995	10	1250
1995	11	1833
1995	12	783
1996	1	2002
1996	2	935
1996	3	1699
1996	4	905
1996	5	511
1996	6	350
1996	7	291
1996	8	507
1996	9	383
1996	10	355
1996	11	1317
1996	12	2642
1997	1	2268
1997	2	1229
1997	3	2465
1997	4	413
1997	5	878
1997	6	1976
1997	7	306
1997	8	212
1997	9	361
1997	10	475
1997	11	637
1997	12	728
1998	1	2312
1998	2	1702
1998	3	1770
1998	4	1755
1998	5	519
1998	6	974
1998	7	462
1998	8	749
1998	9	189
1998	10	209
1998	11	377
1998	12	986
1999	1	2858
1999	2	1270
1999	3	1553
1999	4	295
1999	5	918
1999	6	559
1999	7	696
1999	8	181
1999	9	180
1999	10	193
1999	11	235
1999	12	289
2000	1	307
2000	2	460
2000	3	1325
2000	4	2053
2000	5	317
2000	6	486
2000	7	249
2000	8	243
2000	9	234
2000	10	199
2000	11	361
2000	12	956
2001	1	1049
2001	2	2563
2001	3	1113
2001	4	429
2001	5	213
2001	6	253
2001	7	271
2001	8	412
2001	9	247
2001	10	373
2001	11	507
2001	12	1129
2002	1	3160
2002	2	760
2002	3	2594
2002	4	976
2002	5	1068
2002	6	268
2002	7	233
2002	8	199
2002	9	398
2002	10	346
2002	11	1215
2002	12	1964
2003	1	529
2003	2	3508
2003	3	735
2003	4	571
2003	5	3612
2003	6	383
2003	7	447
2003	8	235
2003	9	300
2003	10	225
2003	11	866
2003	12	604
2004	1	792
2004	2	2666
2004	3	1381
2004	4	717
2004	5	448
2004	6	1687
2004	7	1310
2004	8	287
2004	9	542
2004	10	641
2004	11	1160
2004	12	2968
2005	1	1094
2005	2	1330
2005	3	398
2005	4	1085
2005	5	293
2005	6	402
2005	7	209
2005	8	219
2005	9	199
2005	10	180
2005	11	258
2005	12	436
2006	1	1734
2006	2	945
2006	3	552
2006	4	1144
2006	5	363
2006	6	220
2006	7	193
2006	8	207
2006	9	194
2006	10	198
2006	11	443
2006	12	274
2007	1	1129
2007	2	311
2007	3	611
2007	4	284
2007	5	170
2007	6	185
2007	7	196
2007	8	179
2007	9	173
2007	10	171
2007	11	174
2007	12	188
2008	1	192
2008	2	599
2008	3	601
2008	4	746
2008	5	210
2008	6	231
2008	7	207
2008	8	230
2008	9	173
2008	10	189
2008	11	193
2008	12	1120
2009	1	967
2009	2	405
2009	3	1173
2009	4	1030
2009	5	2727
2009	6	185
2009	7	237
2009	8	229
2009	9	603
2009	10	844
2009	11	709
2009	12	1310
2010	1	1661
2010	2	1776
2010	3	691
2010	4	235
2010	5	1460
2010	6	220
2010	7	197
2010	8	215
2010	9	173
2010	10	191
2010	11	422
2010	12	508
2011	1	762
2011	2	722
2011	3	1488
2011	4	2585
2011	5	868
2011	6	415
2011	7	482
2011	8	329
2011	9	430
2011	10	276
2011	11	1234
2011	12	2040
2012	1	1786
2012	2	911
2012	3	661
2012	4	175
2012	5	149
2012	6	172
2012	7	394
2012	8	232
2012	9	524
2012	10	299
2012	11	209
2012	12	1188
2013	1	2101
2013	2	885
2013	3	590
2013	4	1381
2013	5	1329
2013	6	1023
2013	7	2220
2013	8	366
2013	9	203
2013	10	200
2013	11	412
2013	12	1014
2014	1	738
2014	2	1270
2014	3	688
2014	4	496
2014	5	239
2014	6	222
2014	7	209
2014	8	215
2014	9	199
2014	10	597
2014	11	966
2014	12	1385
2015	1	1475
2015	2	930
2015	3	1580
2015	4	1366
2015	5	315
2015	6	300
2015	7	696
2015	8	466
2015	9	246
