1948	6	139
1948	7	155
1948	8	147
1948	9	145
1948	10	152
1948	11	172
1948	12	163
1949	1	174
1949	2	177
1949	3	262
1949	4	393
1949	5	391
1949	6	230
1949	7	468
1949	8	207
1949	9	159
1949	10	176
1949	11	183
1949	12	166
1950	1	148
1950	2	177
1950	3	185
1950	4	952
1950	5	867
1950	6	216
1950	7	190
1950	8	168
1950	9	153
1950	10	190
1950	11	223
1950	12	179
1951	1	190
1951	2	185
1951	3	243
1951	4	993
1951	5	445
1951	6	497
1951	7	412
1951	8	240
1951	9	426
1951	10	335
1951	11	442
1951	12	238
1952	1	247
1952	2	223
1952	3	225
1952	4	997
1952	5	358
1952	6	706
1952	7	528
1952	8	319
1952	9	263
1952	10	218
1952	11	221
1952	12	247
1953	1	221
1953	2	236
1953	3	599
1953	4	617
1953	5	728
1953	6	652
1953	7	697
1953	8	416
1953	9	235
1953	10	233
1953	11	274
1953	12	266
1954	1	223
1954	2	248
1954	3	277
1954	4	702
1954	5	749
1954	6	589
1954	7	277
1954	8	272
1954	9	274
1954	10	309
1954	11	244
1954	12	218
1955	1	212
1955	2	222
1955	3	230
1955	4	724
1955	5	319
1955	6	333
1955	7	299
1955	8	384
1955	9	235
1955	10	280
1955	11	284
1955	12	238
1956	1	215
1956	2	216
1956	3	217
1956	4	721
1956	5	338
1956	6	229
1956	7	231
1956	8	268
1956	9	202
1956	10	201
1956	11	224
1956	12	215
1957	1	182
1957	2	205
1957	3	336
1957	4	432
1957	5	257
1957	6	269
1957	7	282
1957	8	168
1957	9	185
1957	10	176
1957	11	247
1957	12	195
1958	1	192
1958	2	169
1958	3	279
1958	4	316
1958	5	199
1958	6	184
1958	7	385
1958	8	186
1958	9	305
1958	10	197
1958	11	230
1958	12	187
1959	1	185
1959	2	187
1959	3	257
1959	4	292
1959	5	384
1959	6	278
1959	7	220
1959	8	185
1959	9	218
1959	10	215
1959	11	169
1959	12	188
1960	1	190
1960	2	181
1960	3	207
1960	4	1017
1960	5	449
1960	6	294
1960	7	203
1960	8	303
1960	9	634
1960	10	227
1960	11	311
1960	12	284
1961	1	211
1961	2	181
1961	3	319
1961	4	473
1961	5	575
1961	6	217
1961	7	194
1961	8	177
1961	9	191
1961	10	189
1961	11	216
1961	12	173
1962	1	163
1962	2	156
1962	3	250
1962	4	368
1962	5	490
1962	6	261
1962	7	198
1962	8	186
1962	9	325
1962	10	211
1962	11	190
1962	12	172
1963	1	176
1963	2	175
1963	3	347
1963	4	350
1963	5	297
1963	6	185
1963	7	165
1963	8	170
1963	9	167
1963	10	161
1963	11	162
1963	12	150
1964	1	151
1964	2	156
1964	3	182
1964	4	487
1964	5	538
1964	6	187
1964	7	147
1964	8	175
1964	9	239
1964	10	163
1964	11	209
1964	12	157
1965	1	165
1965	2	166
1965	3	178
1965	4	841
1965	5	466
1965	6	211
1965	7	200
1965	8	204
1965	9	232
1965	10	210
1965	11	188
1965	12	284
1966	1	165
1966	2	194
1966	3	462
1966	4	547
1966	5	248
1966	6	210
1966	7	172
1966	8	220
1966	9	191
1966	10	190
1966	11	184
1966	12	167
1967	1	186
1967	2	197
1967	3	416
1967	4	598
1967	5	244
1967	6	382
1967	7	205
1967	8	192
1967	9	200
1967	10	179
1967	11	171
1967	12	150
1968	1	156
1968	2	135
1968	3	285
1968	4	496
1968	5	377
1968	6	332
1968	7	354
1968	8	201
1968	9	203
1968	10	373
1968	11	246
1968	12	239
1969	1	211
1969	2	203
1969	3	225
1969	4	805
1969	5	289
1969	6	225
1969	7	190
1969	8	190
1969	9	205
1969	10	263
1969	11	243
1969	12	184
1970	1	179
1970	2	199
1970	3	235
1970	4	430
1970	5	415
1970	6	215
1970	7	160
1970	8	152
1970	9	160
1970	10	218
1970	11	368
1970	12	237
1971	1	174
1971	2	175
1971	3	290
1971	4	802
1971	5	318
1971	6	238
1971	7	191
1971	8	176
1971	9	176
1971	10	299
1971	11	391
1971	12	206
1972	1	181
1972	2	153
1972	3	233
1972	4	764
1972	5	344
1972	6	292
1972	7	522
1972	8	743
1972	9	265
1972	10	295
1972	11	364
1972	12	207
1973	1	216
1973	2	206
1973	3	665
1973	4	354
1973	5	435
1973	6	305
1973	7	215
1973	8	330
1973	9	225
1973	10	246
1973	11	250
1973	12	200
1974	1	216
1974	2	196
1974	3	230
1974	4	521
1974	5	291
1974	6	340
1974	7	179
1974	8	263
1974	9	199
1974	10	216
1974	11	292
1974	12	196
1975	1	194
1975	2	144
1975	3	193
1975	4	584
1975	5	235
1975	6	217
1975	7	210
1975	8	162
1975	9	163
1975	10	160
1975	11	267
1975	12	272
1976	1	210
1976	2	237
1976	3	416
1976	4	521
1976	5	215
1976	6	208
1976	7	170
1976	8	180
1976	9	150
1976	10	159
1976	11	159
1976	12	160
1977	1	174
1977	2	171
1977	3	336
1977	4	357
1977	5	229
1977	6	180
1977	7	165
1977	8	196
1977	9	548
1977	10	384
1977	11	232
1977	12	210
1978	1	172
1978	2	170
1978	3	272
1978	4	542
1978	5	248
1978	6	211
1978	7	243
1978	8	464
1978	9	252
1978	10	221
1978	11	217
1978	12	168
1979	1	146
1979	2	170
1979	3	312
1979	4	730
1979	5	355
1979	6	410
1979	7	241
1979	8	168
1979	9	165
1979	10	221
1979	11	228
1979	12	190
1980	1	184
1980	2	178
1980	3	231
1980	4	391
1980	5	196
1980	6	189
1980	7	177
1980	8	162
1980	9	253
1980	10	193
1980	11	171
1980	12	158
1981	1	162
1981	2	218
1981	3	348
1981	4	485
1981	5	317
1981	6	422
1981	7	283
1981	8	213
1981	9	172
1981	10	230
1981	11	183
1981	12	165
1982	1	174
1982	2	191
1982	3	276
1982	4	605
1982	5	372
1982	6	190
1982	7	239
1982	8	161
1982	9	207
1982	10	444
1982	11	364
1982	12	214
1983	1	205
1983	2	213
1983	3	448
1983	4	751
1983	5	323
1983	6	381
1983	7	262
1983	8	210
1983	9	218
1983	10	228
1983	11	358
1983	12	236
1984	1	198
1984	2	317
1984	3	197
1984	4	577
1984	5	510
1984	6	504
1984	7	230
1984	8	212
1984	9	322
1984	10	302
1984	11	268
1984	12	217
1985	1	182
1985	2	182
1985	3	376
1985	4	551
1985	5	308
1985	6	335
1985	7	241
1985	8	236
1985	9	395
1985	10	343
1985	11	276
1985	12	242
1986	1	208
1986	2	207
1986	3	426
1986	4	672
1986	5	343
1986	6	216
1986	7	269
1986	8	278
1986	9	397
1986	10	354
1986	11	253
1986	12	213
1987	1	213
1987	2	215
1987	3	308
1987	4	237
1987	5	361
1987	6	225
1987	7	192
1987	8	170
1987	9	172
1987	10	182
1987	11	204
1987	12	216
1988	1	191
1988	2	198
1988	3	289
1988	4	461
1988	5	209
1988	6	151
1988	7	142
1988	8	172
1988	9	188
1988	10	175
1988	11	310
1988	12	188
1989	1	182
1989	2	193
1989	3	269
1989	4	506
1989	5	376
1989	6	217
1989	7	161
1989	8	153
1989	9	193
1989	10	171
1989	11	179
1989	12	163
1990	1	167
1990	2	161
1990	3	410
1990	4	282
1990	5	244
1990	6	238
1990	7	170
1990	8	168
1990	9	357
1990	10	376
1990	11	185
1990	12	165
1991	1	145
1991	2	166
1991	3	402
1991	4	389
1991	5	384
1991	6	326
1991	7	378
1991	8	208
1991	9	276
1991	10	231
1991	11	508
1991	12	267
1992	1	236
1992	2	213
1992	3	405
1992	4	572
1992	5	244
1992	6	171
1992	7	636
1992	8	201
1992	9	220
1992	10	247
1992	11	274
1992	12	192
1993	1	185
1993	2	190
1993	3	323
1993	4	503
1993	5	499
1993	6	393
1993	7	263
1993	8	184
1993	9	185
1993	10	194
1993	11	247
1993	12	214
1994	1	177
1994	2	210
1994	3	274
1994	4	567
1994	5	290
1994	6	176
1994	7	176
1994	8	191
1994	9	274
1994	10	200
1994	11	196
1994	12	202
1995	1	159
1995	2	152
1995	3	393
1995	4	397
1995	5	414
1995	6	230
1995	7	179
1995	8	174
1995	9	170
1995	10	277
1995	11	208
1995	12	180
1996	1	163
1996	2	178
1996	3	240
1996	4	1062
1996	5	323
1996	6	381
1996	7	638
1996	8	237
1996	9	174
1996	10	328
1996	11	372
1996	12	217
1997	1	214
1997	2	226
1997	3	260
1997	4	846
1997	5	219
1997	6	219
1997	7	219
1997	8	192
1997	9	176
1997	10	176
1997	11	193
1997	12	186
1998	1	189
1998	2	243
1998	3	446
1998	4	453
1998	5	174
1998	6	276
1998	7	175
1998	8	161
1998	9	160
1998	10	167
1998	11	185
1998	12	173
1999	1	169
1999	2	190
1999	3	318
1999	4	402
1999	5	232
1999	6	248
1999	7	600
1999	8	357
1999	9	192
1999	10	166
1999	11	202
1999	12	179
2000	1	172
2000	2	247
2000	3	286
2000	4	231
2000	5	236
2000	6	193
2000	7	201
2000	8	228
2000	9	173
2000	10	153
2000	11	253
2000	12	153
2001	1	173
2001	2	181
2001	3	219
2001	4	1330
2001	5	238
2001	6	226
2001	7	169
2001	8	214
2001	9	183
2001	10	195
2001	11	218
2001	12	311
2002	1	187
2002	2	187
2002	3	218
2002	4	1126
2002	5	427
2002	6	193
2002	7	184
2002	8	215
2002	9	214
2002	10	372
2002	11	175
2002	12	178
2003	1	163
2003	2	170
2003	3	271
2003	4	508
2003	5	513
2003	6	247
2003	7	194
2003	8	174
2003	9	173
2003	10	173
2003	11	186
2003	12	183
2004	1	167
2004	2	178
2004	3	384
2004	4	529
2004	5	302
2004	6	298
2004	7	162
2004	8	189
2004	9	190
2004	10	187
2004	11	197
2004	12	176
2005	1	169
2005	2	176
2005	3	295
2005	4	471
2005	5	253
2005	6	278
2005	7	314
2005	8	157
2005	9	150
2005	10	400
2005	11	225
2005	12	188
2006	1	180
2006	2	169
2006	3	343
2006	4	422
2006	5	291
2006	6	169
2006	7	154
2006	8	192
2006	9	153
2006	10	158
2006	11	159
2006	12	153
2007	1	161
2007	2	167
2007	3	315
2007	4	320
2007	5	232
2007	6	171
2007	7	144
2007	8	141
2007	9	165
2007	10	277
2007	11	173
2007	12	148
2008	1	165
2008	2	173
2008	3	194
2008	4	728
2008	5	334
2008	6	273
2008	7	153
2008	8	139
2008	9	152
2008	10	167
2008	11	158
2008	12	129
2009	1	127
2009	2	148
2009	3	283
2009	4	240
2009	5	168
2009	6	143
2009	7	131
2009	8	142
2009	9	127
2009	10	179
2009	11	172
2009	12	143
2010	1	151
2010	2	151
2010	3	393
2010	4	153
2010	5	200
2010	6	366
2010	7	185
2010	8	366
2010	9	295
2010	10	289
2010	11	246
2010	12	166
2011	1	171
2011	2	183
2011	3	294
2011	4	467
2011	5	357
2011	6	281
2011	7	184
2011	8	246
2011	9	160
2011	10	171
2011	11	176
2011	12	162
2012	1	150
2012	2	165
2012	3	412
2012	4	231
2012	5	452
2012	6	408
2012	7	171
2012	8	153
2012	9	146
2012	10	170
2012	11	165
2012	12	153
2013	1	151
2013	2	157
2013	3	163
2013	4	575
2013	5	1041
2013	6	459
2013	7	262
2013	8	279
2013	9	217
2013	10	322
2013	11	277
2013	12	213
2014	1	186
2014	2	185
2014	3	198
2014	4	983
2014	5	830
2014	6	314
2014	7	211
2014	8	251
2014	9	326
2014	10	275
2014	11	260
2014	12	316
2015	1	208
2015	2	192
2015	3	335
2015	4	306
2015	5	291
2015	6	231
2015	7	209
2015	8	198
2015	9	184
