1942	7	189
1942	8	71
1942	9	216
1942	10	220
1942	11	238
1942	12	101
1943	1	84
1943	2	76
1943	3	117
1943	4	297
1943	5	421
1943	6	460
1943	7	121
1943	8	58
1943	9	44
1943	10	43
1943	11	44
1943	12	43
1944	1	43
1944	2	42
1944	3	44
1944	4	56
1944	5	222
1944	6	329
1944	7	55
1944	8	42
1944	9	45
1944	10	43
1944	11	43
1944	12	41
1945	1	41
1945	2	40
1945	3	52
1945	4	52
1945	5	202
1945	6	245
1945	7	158
1945	8	48
1945	9	47
1945	10	45
1945	11	46
1945	12	45
1946	1	46
1946	2	44
1946	3	89
1946	4	208
1946	5	56
1946	6	302
1946	7	123
1946	8	50
1946	9	48
1946	10	45
1946	11	47
1946	12	44
1947	1	42
1947	2	41
1947	3	39
1947	4	91
1947	5	324
1947	6	254
1947	7	71
1947	8	56
1947	9	49
1947	10	47
1947	11	49
1947	12	49
1948	1	48
1948	2	46
1948	3	48
1948	4	53
1948	5	46
1948	6	56
1948	7	55
1948	8	54
1948	9	46
1948	10	44
1948	11	33
1948	12	31
1949	1	31
1949	2	31
1949	3	32
1949	4	36
1949	5	38
1949	6	57
1949	7	66
1949	8	56
1949	9	47
1949	10	47
1949	11	49
1949	12	48
1950	1	46
1950	2	44
1950	3	45
1950	4	64
1950	5	228
1950	6	65
1950	7	59
1950	8	57
1950	9	45
1950	10	47
1950	11	48
1950	12	45
1951	1	44
1951	2	46
1951	3	49
1951	4	110
1951	5	346
1951	6	271
1951	7	120
1951	8	75
1951	9	126
1951	10	115
1951	11	192
1951	12	53
1952	1	50
1952	2	49
1952	3	51
1952	4	232
1952	5	56
1952	6	62
1952	7	189
1952	8	104
1952	9	50
1952	10	50
1952	11	50
1952	12	49
1953	1	50
1953	2	50
1953	3	56
1953	4	65
1953	5	111
1953	6	173
1953	7	253
1953	8	83
1953	9	52
1953	10	51
1953	11	52
1953	12	52
1954	1	49
1954	2	50
1954	3	52
1954	4	84
1954	5	351
1954	6	276
1954	7	64
1954	8	59
1954	9	51
1954	10	103
1954	11	54
1954	12	51
1955	1	49
1955	2	48
1955	3	49
1955	4	267
1955	5	60
1955	6	61
1955	7	58
1955	8	58
1955	9	48
1955	10	49
1955	11	51
1955	12	50
1956	1	49
1956	2	48
1956	3	49
1956	4	57
1956	5	54
1956	6	59
1956	7	62
1956	8	59
1956	9	49
1956	10	49
1956	11	50
1956	12	49
1957	1	48
1957	2	48
1957	3	50
1957	4	61
1957	5	49
1957	6	58
1957	7	57
1957	8	57
1957	9	49
1957	10	50
1957	11	49
1957	12	48
1958	1	49
1958	2	49
1958	3	47
1958	4	58
1958	5	49
1958	6	59
1958	7	61
1958	8	60
1958	9	54
1958	10	50
1958	11	51
1958	12	50
1959	1	48
1959	2	48
1959	3	49
1959	4	58
1959	5	50
1959	6	57
1959	7	55
1959	8	52
1959	9	49
1959	10	57
1959	11	60
1959	12	49
1960	1	48
1960	2	48
1960	3	48
1960	4	69
1960	5	367
1960	6	57
1960	7	55
1960	8	55
1960	9	48
1960	10	49
1960	11	50
1960	12	48
1961	1	47
1961	2	47
1961	3	50
1961	4	63
1961	5	140
1961	6	58
1961	7	58
1961	8	57
1961	9	50
1961	10	49
1961	11	49
1961	12	48
1962	1	48
1962	2	47
1962	3	47
1962	4	56
1962	5	55
1962	6	57
1962	7	56
1962	8	56
1962	9	49
1962	10	47
1962	11	49
1962	12	47
1963	1	46
1963	2	46
1963	3	50
1963	4	55
1963	5	51
1963	6	61
1963	7	58
1963	8	58
1963	9	45
1963	10	46
1963	11	47
1963	12	46
1964	1	45
1964	2	45
1964	3	45
1964	4	55
1964	5	56
1964	6	53
1964	7	54
1964	8	58
1964	9	47
1964	10	48
1964	11	49
1964	12	46
1965	1	44
1965	2	45
1965	3	45
1965	4	64
1965	5	223
1965	6	58
1965	7	52
1965	8	53
1965	9	45
1965	10	44
1965	11	47
1965	12	47
1966	1	46
1966	2	46
1966	3	57
1966	4	70
1966	5	47
1966	6	60
1966	7	53
1966	8	59
1966	9	46
1966	10	46
1966	11	44
1966	12	43
1967	1	42
1967	2	41
1967	3	41
1967	4	43
1967	5	48
1967	6	62
1967	7	58
1967	8	57
1967	9	43
1967	10	52
1967	11	46
1967	12	44
1968	1	46
1968	2	47
1968	3	52
1968	4	53
1968	5	51
1968	6	88
1968	7	59
1968	8	56
1968	9	54
1968	10	52
1968	11	48
1968	12	50
1969	1	53
1969	2	67
1969	3	61
1969	4	69
1969	5	48
1969	6	54
1969	7	53
1969	8	54
1969	9	46
1969	10	49
1969	11	50
1969	12	46
1970	1	45
1970	2	45
1970	3	45
1970	4	56
1970	5	58
1970	6	59
1970	7	58
1970	8	55
1970	9	46
1970	10	46
1970	11	46
1970	12	47
1971	1	45
1971	2	44
1971	3	48
1971	4	231
1971	5	129
1971	6	54
1971	7	53
1971	8	54
1971	9	56
1971	10	88
1971	11	46
1971	12	44
1972	1	43
1972	2	43
1972	3	43
1972	4	61
1972	5	52
1972	6	56
1972	7	56
1972	8	61
1972	9	56
1972	10	48
1972	11	68
1972	12	47
1973	1	48
1973	2	47
1973	3	64
1973	4	106
1973	5	304
1973	6	58
1973	7	56
1973	8	55
1973	9	48
1973	10	47
1973	11	47
1973	12	44
1974	1	45
1974	2	44
1974	3	44
1974	4	56
1974	5	49
1974	6	63
1974	7	54
1974	8	58
1974	9	46
1974	10	47
1974	11	51
1974	12	45
1975	1	46
1975	2	44
1975	3	46
1975	4	64
1975	5	51
1975	6	60
1975	7	56
1975	8	56
1975	9	46
1975	10	49
1975	11	57
1975	12	46
1976	1	44
1976	2	44
1976	3	51
1976	4	69
1976	5	47
1976	6	55
1976	7	52
1976	8	50
1976	9	44
1976	10	45
1976	11	44
1976	12	44
1977	1	45
1977	2	44
1977	3	52
1977	4	52
1977	5	45
1977	6	55
1977	7	56
1977	8	59
1977	9	60
1977	10	49
1977	11	47
1977	12	45
1978	1	44
1978	2	44
1978	3	47
1978	4	60
1978	5	51
1978	6	60
1978	7	58
1978	8	61
1978	9	47
1978	10	47
1978	11	44
1978	12	45
1979	1	45
1979	2	48
1979	3	48
1979	4	67
1979	5	111
1979	6	86
1979	7	52
1979	8	50
1979	9	47
1979	10	46
1979	11	45
1979	12	44
1980	1	44
1980	2	45
1980	3	45
1980	4	56
1980	5	48
1980	6	53
1980	7	60
1980	8	56
1980	9	54
1980	10	54
1980	11	52
1980	12	46
1981	1	45
1981	2	47
1981	3	51
1981	4	62
1981	5	67
1981	6	64
1981	7	58
1981	8	59
1981	9	49
1981	10	53
1981	11	47
1981	12	46
1982	1	45
1982	2	44
1982	3	45
1982	4	72
1982	5	69
1982	6	58
1982	7	60
1982	8	58
1982	9	52
1982	10	56
1982	11	55
1982	12	51
1983	1	48
1983	2	47
1983	3	57
1983	4	133
1983	5	67
1983	6	73
1983	7	53
1983	8	53
1983	9	49
1983	10	52
1983	11	50
1983	12	47
1984	1	44
1984	2	45
1984	3	43
1984	4	66
1984	5	54
1984	6	58
1984	7	57
1984	8	64
1984	9	54
1984	10	48
1984	11	47
1984	12	49
1985	1	48
1985	2	45
1985	3	46
1985	4	68
1985	5	50
1985	6	59
1985	7	59
1985	8	53
1985	9	50
1985	10	54
1985	11	59
1985	12	53
1986	1	50
1986	2	46
1986	3	52
1986	4	68
1986	5	46
1986	6	56
1986	7	56
1986	8	54
1986	9	52
1986	10	55
1986	11	52
1986	12	49
1987	1	45
1987	2	45
1987	3	51
1987	4	47
1987	5	47
1987	6	53
1987	7	57
1987	8	58
1987	9	49
1987	10	52
1987	11	50
1987	12	52
1988	1	50
1988	2	46
1988	3	47
1988	4	60
1988	5	45
1988	6	54
1988	7	54
1988	8	60
1988	9	45
1988	10	45
1988	11	57
1988	12	49
1989	1	45
1989	2	43
1989	3	46
1989	4	58
1989	5	56
1989	6	114
1989	7	50
1989	8	52
1989	9	44
1989	10	44
1989	11	45
1989	12	43
1990	1	41
1990	2	40
1990	3	45
1990	4	45
1990	5	46
1990	6	55
1990	7	54
1990	8	53
1990	9	64
1990	10	50
1990	11	48
1990	12	46
1991	1	44
1991	2	44
1991	3	50
1991	4	54
1991	5	75
1991	6	84
1991	7	53
1991	8	53
1991	9	48
1991	10	50
1991	11	52
1991	12	52
1992	1	49
1992	2	48
1992	3	49
1992	4	89
1992	5	66
1992	6	50
1992	7	62
1992	8	53
1992	9	45
1992	10	48
1992	11	82
1992	12	48
1993	1	46
1993	2	44
1993	3	44
1993	4	56
1993	5	80
1993	6	164
1993	7	51
1993	8	51
1993	9	50
1993	10	46
1993	11	47
1993	12	47
1994	1	46
1994	2	45
1994	3	43
1994	4	53
1994	5	46
1994	6	53
1994	7	57
1994	8	56
1994	9	51
1994	10	47
1994	11	45
1994	12	43
1995	1	41
1995	2	39
1995	3	48
1995	4	52
1995	5	122
1995	6	80
1995	7	51
1995	8	50
1995	9	44
1995	10	51
1995	11	50
1995	12	47
1996	1	46
1996	2	43
1996	3	43
1996	4	262
1996	5	745
1996	6	99
1996	7	55
1996	8	53
1996	9	44
1996	10	46
1996	11	48
1996	12	46
1997	1	46
1997	2	45
1997	3	46
1997	4	245
1997	5	279
1997	6	56
1997	7	54
1997	8	55
1997	9	46
1997	10	45
1997	11	47
1997	12	46
1998	1	45
1998	2	47
1998	3	55
1998	4	60
1998	5	44
1998	6	50
1998	7	49
1998	8	50
1998	9	44
1998	10	44
1998	11	46
1998	12	45
1999	1	44
1999	2	45
1999	3	49
1999	4	52
1999	5	215
1999	6	60
1999	7	53
1999	8	54
1999	9	45
1999	10	41
1999	11	41
1999	12	44
2000	1	43
2000	2	45
2000	3	48
2000	4	46
2000	5	41
2000	6	51
2000	7	52
2000	8	51
2000	9	45
2000	10	44
2000	11	43
2000	12	44
2001	1	43
2001	2	42
2001	3	43
2001	4	165
2001	5	133
2001	6	53
2001	7	51
2001	8	52
2001	9	57
2001	10	86
2001	11	104
2001	12	181
2002	1	46
2002	2	45
2002	3	48
2002	4	529
2002	5	274
2002	6	117
2002	7	55
2002	8	52
2002	9	54
2002	10	110
2002	11	59
2002	12	55
2003	1	48
2003	2	48
2003	3	52
2003	4	185
2003	5	336
2003	6	55
2003	7	65
2003	8	68
2003	9	93
2003	10	108
2003	11	124
2003	12	123
2004	1	110
2004	2	107
2004	3	111
2004	4	259
2004	5	177
2004	6	182
2004	7	102
2004	8	101
2004	9	92
2004	10	91
2004	11	98
2004	12	85
2005	1	90
2005	2	104
2005	3	106
2005	4	134
2005	5	104
2005	6	84
2005	7	72
2005	8	62
2005	9	56
2005	10	82
2005	11	101
2005	12	86
2006	1	83
2006	2	82
2006	3	94
2006	4	127
2006	5	115
2006	6	85
2006	7	71
2006	8	80
2006	9	75
2006	10	81
2006	11	87
2006	12	90
2007	1	88
2007	2	75
2007	3	53
2007	4	83
2007	5	87
2007	6	71
2007	7	62
2007	8	52
2007	9	52
2007	10	55
2007	11	75
2007	12	84
2008	1	67
2008	2	48
2008	3	52
2008	4	100
2008	5	114
2008	6	81
2008	7	77
2008	8	67
2008	9	61
2008	10	56
2008	11	56
2008	12	55
2009	1	54
2009	2	52
2009	3	55
2009	4	65
2009	5	100
2009	6	82
2009	7	71
2009	8	52
2009	9	51
2009	10	56
2009	11	54
2009	12	64
2010	1	56
2010	2	53
2010	3	56
2010	4	52
2010	5	56
2010	6	55
2010	7	57
2010	8	58
2010	9	66
2010	10	62
2010	11	59
2010	12	77
2011	1	78
2011	2	84
2011	3	82
2011	4	126
2011	5	148
2011	6	76
2011	7	89
2011	8	63
2011	9	62
