1942	6	1780
1942	7	1790
1942	8	2562
1942	9	2678
1942	10	2025
1942	11	1876
1942	12	1184
1943	1	847
1943	2	841
1943	3	999
1943	4	5748
1943	5	3274
1943	6	2481
1943	7	874
1943	8	796
1943	9	786
1943	10	651
1943	11	795
1943	12	609
1944	1	769
1944	2	722
1944	3	743
1944	4	3973
1944	5	2800
1944	6	3079
1944	7	858
1944	8	745
1944	9	803
1944	10	813
1944	11	829
1944	12	757
1945	1	690
1945	2	671
1945	3	3800
1945	4	3039
1945	5	2233
1945	6	2510
1945	7	1333
1945	8	698
1945	9	730
1945	10	699
1945	11	970
1945	12	687
1946	1	971
1946	2	859
1946	3	2848
1946	4	1856
1946	5	888
1946	6	2796
1946	7	1246
1946	8	717
1946	9	710
1946	10	902
1946	11	1164
1946	12	875
1947	1	822
1947	2	791
1947	3	774
1947	4	5245
1947	5	2616
1947	6	2119
1947	7	799
1947	8	751
1947	9	682
1947	10	521
1947	11	513
1947	12	495
1948	1	519
1948	2	620
1948	3	913
1948	4	2986
1948	5	767
1948	6	712
1948	7	548
1948	8	404
1948	9	325
1948	10	332
1948	11	400
1948	12	409
1949	1	396
1949	2	505
1949	3	774
1949	4	1997
1949	5	2012
1949	6	1054
1949	7	2152
1949	8	678
1949	9	606
1949	10	687
1949	11	891
1949	12	810
1950	1	734
1950	2	684
1950	3	779
1950	4	3914
1950	5	4621
1950	6	1372
1950	7	887
1950	8	876
1950	9	663
1950	10	682
1950	11	840
1950	12	839
1951	1	814
1951	2	736
1951	3	1325
1951	4	6298
1951	5	3090
1951	6	3308
1951	7	1665
1951	8	1117
1951	9	2145
1951	10	2072
1951	11	2590
1951	12	1379
1952	1	909
1952	2	921
1952	3	985
1952	4	5466
1952	5	1236
1952	6	1561
1952	7	2879
1952	8	1657
1952	9	800
1952	10	773
1952	11	628
1952	12	675
1953	1	707
1953	2	754
1953	3	2476
1953	4	3828
1953	5	2782
1953	6	2900
1953	7	2620
1953	8	2431
1953	9	868
1953	10	648
1953	11	731
1953	12	1007
1954	1	805
1954	2	954
1954	3	1058
1954	4	5758
1954	5	3793
1954	6	3172
1954	7	1019
1954	8	844
1954	9	948
1954	10	2315
1954	11	1184
1954	12	906
1955	1	891
1955	2	881
1955	3	936
1955	4	5188
1955	5	1940
1955	6	979
1955	7	843
1955	8	996
1955	9	1158
1955	10	1130
1955	11	1118
1955	12	1108
1956	1	967
1956	2	882
1956	3	666
1956	4	3937
1956	5	1903
1956	6	1061
1956	7	1151
1956	8	882
1956	9	756
1956	10	567
1956	11	904
1956	12	797
1957	1	675
1957	2	747
1957	3	1406
1957	4	3924
1957	5	865
1957	6	775
1957	7	654
1957	8	584
1957	9	654
1957	10	550
1957	11	1143
1957	12	783
1958	1	699
1958	2	792
1958	3	1032
1958	4	3442
1958	5	930
1958	6	990
1958	7	1551
1958	8	553
1958	9	760
1958	10	916
1958	11	1389
1958	12	864
1959	1	660
1959	2	555
1959	3	832
1959	4	3200
1959	5	1174
1959	6	1089
1959	7	921
1959	8	625
1959	9	1336
1959	10	1624
1959	11	1161
1959	12	1087
1960	1	985
1960	2	869
1960	3	782
1960	4	5930
1960	5	3657
1960	6	1130
1960	7	844
1960	8	846
1960	9	888
1960	10	657
1960	11	1311
1960	12	1190
1961	1	801
1961	2	805
1961	3	1758
1961	4	4108
1961	5	2753
1961	6	752
1961	7	686
1961	8	530
1961	9	653
1961	10	641
1961	11	864
1961	12	749
1962	1	718
1962	2	630
1962	3	1007
1962	4	3149
1962	5	2414
1962	6	796
1962	7	614
1962	8	547
1962	9	790
1962	10	778
1962	11	989
1962	12	742
1963	1	719
1963	2	717
1963	3	1447
1963	4	3038
1963	5	1241
1963	6	1156
1963	7	561
1963	8	489
1963	9	400
1963	10	488
1963	11	571
1963	12	530
1964	1	541
1964	2	683
1964	3	732
1964	4	3739
1964	5	3579
1964	6	802
1964	7	525
1964	8	776
1964	9	715
1964	10	531
1964	11	983
1964	12	959
1965	1	808
1965	2	688
1965	3	682
1965	4	5290
1965	5	4251
1965	6	1152
1965	7	615
1965	8	510
1965	9	598
1965	10	754
1965	11	997
1965	12	1110
1966	1	1211
1966	2	1013
1966	3	3477
1966	4	3651
1966	5	1151
1966	6	1601
1966	7	532
1966	8	707
1966	9	588
1966	10	1301
1966	11	1077
1966	12	974
1967	1	999
1967	2	929
1967	3	1036
1967	4	5528
1967	5	1692
1967	6	2564
1967	7	921
1967	8	994
1967	9	877
1967	10	1807
1967	11	1896
1967	12	1161
1968	1	1012
1968	2	827
1968	3	2698
1968	4	1981
1968	5	1430
1968	6	2664
1968	7	1467
1968	8	856
1968	9	2281
1968	10	1971
1968	11	1332
1968	12	1471
1969	1	1472
1969	2	1276
1969	3	1075
1969	4	5422
1969	5	1603
1969	6	1162
1969	7	947
1969	8	587
1969	9	666
1969	10	1275
1969	11	1255
1969	12	868
1970	1	882
1970	2	854
1970	3	834
1970	4	2994
1970	5	2581
1970	6	1571
1970	7	839
1970	8	563
1970	9	624
1970	10	713
1970	11	881
1970	12	992
1971	1	712
1971	2	849
1971	3	1185
1971	4	6912
1971	5	3122
1971	6	1167
1971	7	1183
1971	8	426
1971	9	391
1971	10	702
1971	11	1408
1971	12	1044
1972	1	835
1972	2	758
1972	3	818
1972	4	4507
1972	5	2454
1972	6	1032
1972	7	874
1972	8	2514
1972	9	1289
1972	10	1656
1972	11	2508
1972	12	1166
1973	1	1183
1973	2	1030
1973	3	4354
1973	4	2600
1973	5	4202
1973	6	1113
1973	7	837
1973	8	858
1973	9	799
1973	10	866
1973	11	1020
1973	12	787
1974	1	822
1974	2	892
1974	3	924
1974	4	3790
1974	5	1589
1974	6	2215
1974	7	689
1974	8	866
1974	9	707
1974	10	820
1974	11	1959
1974	12	1083
1975	1	965
1975	2	1000
1975	3	1052
1975	4	4724
1975	5	2445
1975	6	1356
1975	7	658
1975	8	381
1975	9	446
1975	10	512
1975	11	1923
1975	12	1445
1976	1	1017
1976	2	1095
1976	3	2696
1976	4	5143
1976	5	1121
1976	6	749
1976	7	451
1976	8	359
1976	9	312
1976	10	342
1976	11	435
1976	12	506
1977	1	519
1977	2	640
1977	3	3013
1977	4	2973
1977	5	403
1977	6	478
1977	7	546
1977	8	409
1977	9	1810
1977	10	2322
1977	11	1333
1977	12	1121
1978	1	916
1978	2	818
1978	3	718
1978	4	4026
1978	5	1597
1978	6	1306
1978	7	771
1978	8	1520
1978	9	937
1978	10	757
1978	11	628
1978	12	723
1979	1	778
1979	2	827
1979	3	1803
1979	4	5539
1979	5	2387
1979	6	2066
1979	7	750
1979	8	531
1979	9	872
1979	10	1725
1979	11	1677
1979	12	1201
1980	1	1017
1980	2	1016
1980	3	1065
1980	4	3868
1980	5	697
1980	6	784
1980	7	1125
1980	8	1394
1980	9	2311
1980	10	1770
1980	11	1291
1980	12	990
1981	1	845
1981	2	1368
1981	3	2191
1981	4	3959
1981	5	2115
1981	6	2008
1981	7	883
1981	8	923
1981	9	499
1981	10	1311
1981	11	866
1981	12	783
1982	1	754
1982	2	821
1982	3	891
1982	4	6291
1982	5	2472
1982	6	877
1982	7	1480
1982	8	703
1982	9	776
1982	10	2451
1982	11	2619
1982	12	1682
1983	1	1191
1983	2	1194
1983	3	2731
1983	4	3388
1983	5	1929
1983	6	2776
1983	7	980
1983	8	702
1983	9	1004
1983	10	1646
1983	11	1645
1983	12	1201
1984	1	957
1984	2	1525
1984	3	1008
1984	4	3806
1984	5	2547
1984	6	959
1984	7	697
1984	8	552
1984	9	1053
1984	10	1079
1984	11	837
1984	12	928
1985	1	802
1985	2	824
1985	3	2050
1985	4	5378
1985	5	1613
1985	6	1232
1985	7	978
1985	8	847
1985	9	1930
1985	10	3767
1985	11	2517
1985	12	1115
1986	1	998
1986	2	947
1986	3	2070
1986	4	5710
1986	5	978
1986	6	790
1986	7	762
1986	8	668
1986	9	734
1986	10	1250
1986	11	933
1986	12	849
1987	1	740
1987	2	837
1987	3	1549
1987	4	922
1987	5	753
1987	6	660
1987	7	630
1987	8	553
1987	9	497
1987	10	1062
1987	11	1146
1987	12	1295
1988	1	889
1988	2	818
1988	3	1144
1988	4	3768
1988	5	770
1988	6	430
1988	7	314
1988	8	875
1988	9	554
1988	10	1154
1988	11	3232
1988	12	1136
1989	1	992
1989	2	908
1989	3	1251
1989	4	3602
1989	5	1104
1989	6	2313
1989	7	733
1989	8	407
1989	9	433
1989	10	377
1989	11	506
1989	12	469
1990	1	674
1990	2	680
1990	3	2600
1990	4	1594
1990	5	1148
1990	6	1497
1990	7	439
1990	8	361
1990	9	485
1990	10	1292
1990	11	867
1990	12	713
1991	1	597
1991	2	647
1991	3	2041
1991	4	2805
1991	5	1808
1991	6	983
1991	7	1106
1991	8	387
1991	9	410
1991	10	920
1991	11	1713
1991	12	1061
1992	1	848
1992	2	817
1992	3	1751
1992	4	3893
1992	5	1037
1992	6	624
1992	7	2611
1992	8	557
1992	9	842
1992	10	1255
1992	11	2019
1992	12	1040
1993	1	868
1993	2	825
1993	3	1414
1993	4	3666
1993	5	2012
1993	6	1851
1993	7	750
1993	8	555
1993	9	563
1993	10	741
1993	11	1061
1993	12	766
1994	1	699
1994	2	958
1994	3	1092
1994	4	3014
1994	5	954
1994	6	1113
1994	7	1156
1994	8	719
1994	9	1272
1994	10	1114
1994	11	890
1994	12	1045
1995	1	699
1995	2	716
1995	3	2546
1995	4	2510
1995	5	1878
1995	6	1084
1995	7	757
1995	8	631
1995	9	496
1995	10	2275
1995	11	1464
1995	12	989
1996	1	1033
1996	2	911
1996	3	959
1996	4	6725
1996	5	5257
1996	6	1303
1996	7	1159
1996	8	872
1996	9	654
1996	10	935
1996	11	1669
1996	12	970
1997	1	990
1997	2	963
1997	3	1126
1997	4	5836
1997	5	2390
1997	6	1034
1997	7	880
1997	8	687
1997	9	929
1997	10	866
1997	11	952
1997	12	763
1998	1	714
1998	2	1265
1998	3	2586
1998	4	1544
1998	5	565
1998	6	951
1998	7	504
1998	8	470
1998	9	521
1998	10	533
1998	11	717
1998	12	716
1999	1	708
1999	2	997
1999	3	1294
1999	4	3530
1999	5	2784
1999	6	800
1999	7	1437
1999	8	717
1999	9	591
1999	10	648
1999	11	736
1999	12	524
2000	1	543
2000	2	1131
2000	3	2389
2000	4	1247
2000	5	510
2000	6	653
2000	7	1145
2000	8	488
2000	9	428
2000	10	435
2000	11	475
2000	12	500
2001	1	526
2001	2	512
2001	3	811
2001	4	6292
2001	5	1432
2001	6	898
2001	7	433
2001	8	455
2001	9	325
2001	10	531
2001	11	706
2001	12	958
2002	1	442
2002	2	413
2002	3	793
2002	4	7707
2002	5	2596
2002	6	1635
2002	7	836
2002	8	773
2002	9	895
2002	10	2878
2002	11	1060
2002	12	806
2003	1	639
2003	2	632
2003	3	2466
2003	4	4230
2003	5	3886
2003	6	793
2003	7	500
2003	8	390
2003	9	405
2003	10	518
2003	11	828
2003	12	617
2004	1	655
2004	2	567
2004	3	2156
2004	4	5381
2004	5	1910
2004	6	1477
2004	7	526
2004	8	533
2004	9	471
2004	10	571
2004	11	637
2004	12	562
2005	1	936
2005	2	1090
2005	3	1132
2005	4	3512
2005	5	1054
2005	6	873
2005	7	511
2005	8	463
2005	9	476
2005	10	1705
2005	11	1717
2005	12	1150
2006	1	844
2006	2	685
2006	3	1796
2006	4	3669
2006	5	2189
2006	6	614
2006	7	426
2006	8	550
2006	9	421
2006	10	594
2006	11	671
2006	12	498
2007	1	515
2007	2	496
2007	3	2998
2007	4	3040
2007	5	836
2007	6	559
2007	7	356
2007	8	315
2007	9	573
2007	10	2573
2007	11	997
2007	12	731
2008	1	781
2008	2	507
2008	3	479
2008	4	4898
2008	5	1860
2008	6	645
2008	7	554
2008	8	400
2008	9	413
2008	10	497
2008	11	658
2008	12	478
2009	1	445
2009	2	689
2009	3	1905
2009	4	3053
2009	5	989
2009	6	481
2009	7	438
2009	8	500
2009	9	365
2009	10	1172
2009	11	762
2009	12	511
2010	1	473
2010	2	449
2010	3	2393
2010	4	613
2010	5	586
2010	6	906
2010	7	713
2010	8	730
2010	9	1584
2010	10	1116
2010	11	999
2010	12	758
2011	1	632
2011	2	539
2011	3	605
2011	4	2984
2011	5	1635
2011	6	771
2011	7	432
2011	8	363
2011	9	314
2011	10	486
2011	11	663
2011	12	557
2012	1	543
2012	2	513
2012	3	2645
2012	4	787
2012	5	801
2012	6	937
2012	7	637
2012	8	323
2012	9	343
2012	10	857
2012	11	808
2012	12	767
2013	1	483
2013	2	404
2013	3	401
2013	4	4450
2013	5	6278
2013	6	1493
2013	7	978
2013	8	521
2013	9	475
2013	10	866
2013	11	1645
2013	12	738
2014	1	571
2014	2	499
2014	3	522
2014	4	5574
2014	5	5054
2014	6	883
2014	7	657
2014	8	603
2014	9	1269
2014	10	1283
2014	11	1682
2014	12	1598
2015	1	757
2015	2	604
2015	3	2639
2015	4	3191
2015	5	1112
2015	6	977
2015	7	662
2015	8	479
2015	9	522
