1944	10	93
1944	11	112
1944	12	113
1945	1	109
1945	2	159
1945	3	299
1945	4	287
1945	5	797
1945	6	292
1945	7	105
1945	8	110
1945	9	218
1945	10	352
1945	11	236
1945	12	176
1946	1	485
1946	2	187
1946	3	1136
1946	4	176
1946	5	179
1946	6	240
1946	7	83
1946	8	50
1946	9	63
1946	10	83
1946	11	129
1946	12	151
1947	1	231
1947	2	199
1947	3	593
1947	4	1913
1947	5	733
1947	6	689
1947	7	190
1947	8	121
1947	9	191
1947	10	148
1947	11	189
1947	12	287
1948	1	159
1948	2	440
1948	3	1506
1948	4	579
1948	5	979
1948	6	181
1948	7	171
1948	8	90
1948	9	88
1948	10	95
1948	11	130
1948	12	149
1949	1	386
1949	2	756
1949	3	293
1949	4	480
1949	5	209
1949	6	192
1949	7	116
1949	8	107
1949	9	110
1949	10	130
1949	11	121
1949	12	496
1950	1	838
1950	2	404
1950	3	1321
1950	4	1482
1950	5	387
1950	6	332
1950	7	215
1950	8	124
1950	9	252
1950	10	139
1950	11	175
1950	12	375
1951	1	545
1951	2	686
1951	3	446
1951	4	536
1951	5	327
1951	6	278
1951	7	137
1951	8	112
1951	9	117
1951	10	262
1951	11	428
1951	12	318
1952	1	832
1952	2	433
1952	3	663
1952	4	833
1952	5	438
1952	6	222
1952	7	130
1952	8	122
1952	9	99
1952	10	95
1952	11	168
1952	12	215
1953	1	202
1953	2	207
1953	3	411
1953	4	361
1953	5	266
1953	6	143
1953	7	75
1953	8	90
1953	9	65
1953	10	78
1953	11	95
1953	12	111
1954	1	99
1954	2	472
1954	3	577
1954	4	476
1954	5	197
1954	6	309
1954	7	135
1954	8	90
1954	9	77
1954	10	564
1954	11	316
1954	12	344
1955	1	538
1955	2	434
1955	3	737
1955	4	330
1955	5	188
1955	6	253
1955	7	107
1955	8	77
1955	9	74
1955	10	127
1955	11	195
1955	12	165
1956	1	101
1956	2	146
1956	3	1111
1956	4	550
1956	5	1391
1956	6	180
1956	7	108
1956	8	93
1956	9	74
1956	10	87
1956	11	107
1956	12	124
1957	1	129
1957	2	187
1957	3	219
1957	4	447
1957	5	859
1957	6	176
1957	7	303
1957	8	78
1957	9	97
1957	10	143
1957	11	315
1957	12	327
1958	1	192
1958	2	197
1958	3	506
1958	4	229
1958	5	111
1958	6	106
1958	7	117
1958	8	150
1958	9	101
1958	10	104
1958	11	122
1958	12	121
1959	1	115
1959	2	154
1959	3	936
1959	4	538
1959	5	233
1959	6	100
1959	7	73
1959	8	103
1959	9	92
1959	10	263
1959	11	369
1959	12	330
1960	1	564
1960	2	388
1960	3	418
1960	4	956
1960	5	471
1960	6	438
1960	7	162
1960	8	136
1960	9	85
1960	10	89
1960	11	130
1960	12	111
1961	1	102
1961	2	148
1961	3	307
1961	4	463
1961	5	239
1961	6	120
1961	7	79
1961	8	103
1961	9	103
1961	10	125
1961	11	154
1961	12	163
1962	1	148
1962	2	155
1962	3	793
1962	4	299
1962	5	374
1962	6	120
1962	7	99
1962	8	56
1962	9	84
1962	10	88
1962	11	94
1962	12	109
1963	1	94
1963	2	87
1963	3	454
1963	4	182
1963	5	180
1963	6	100
1963	7	56
1963	8	54
1963	9	54
1963	10	54
1963	11	73
1963	12	75
1964	1	90
1964	2	87
1964	3	129
1964	4	193
1964	5	232
1964	6	86
1964	7	55
1964	8	54
1964	9	55
1964	10	63
1964	11	81
1964	12	131
1965	1	163
1965	2	632
1965	3	687
1965	4	830
1965	5	136
1965	6	117
1965	7	63
1965	8	68
1965	9	126
1965	10	114
1965	11	129
1965	12	385
1966	1	329
1966	2	349
1966	3	619
1966	4	380
1966	5	432
1966	6	176
1966	7	98
1966	8	93
1966	9	70
1966	10	76
1966	11	195
1966	12	476
1967	1	247
1967	2	320
1967	3	803
1967	4	697
1967	5	268
1967	6	272
1967	7	152
1967	8	93
1967	9	94
1967	10	138
1967	11	303
1967	12	553
1968	1	255
1968	2	807
1968	3	300
1968	4	457
1968	5	215
1968	6	300
1968	7	410
1968	8	177
1968	9	166
1968	10	136
1968	11	215
1968	12	383
1969	1	588
1969	2	549
1969	3	327
1969	4	754
1969	5	628
1969	6	458
1969	7	234
1969	8	137
1969	9	79
1969	10	150
1969	11	220
1969	12	184
1970	1	148
1970	2	196
1970	3	406
1970	4	906
1970	5	358
1970	6	300
1970	7	236
1970	8	133
1970	9	143
1970	10	278
1970	11	349
1970	12	365
1971	1	198
1971	2	694
1971	3	894
1971	4	361
1971	5	181
1971	6	178
1971	7	149
1971	8	94
1971	9	155
1971	10	203
1971	11	156
1971	12	529
1972	1	464
1972	2	202
1972	3	916
1972	4	970
1972	5	421
1972	6	189
1972	7	207
1972	8	270
1972	9	277
1972	10	292
1972	11	528
1972	12	524
1973	1	1049
1973	2	365
1973	3	1004
1973	4	767
1973	5	473
1973	6	499
1973	7	296
1973	8	128
1973	9	110
1973	10	188
1973	11	314
1973	12	506
1974	1	1019
1974	2	828
1974	3	1281
1974	4	911
1974	5	523
1974	6	271
1974	7	129
1974	8	115
1974	9	119
1974	10	147
1974	11	238
1974	12	238
1975	1	492
1975	2	505
1975	3	691
1975	4	1432
1975	5	611
1975	6	343
1975	7	132
1975	8	137
1975	9	200
1975	10	133
1975	11	187
1975	12	579
1976	1	218
1976	2	959
1976	3	1010
1976	4	523
1976	5	540
1976	6	190
1976	7	190
1976	8	101
1976	9	90
1976	10	120
1976	11	136
1976	12	129
1977	1	120
1977	2	173
1977	3	524
1977	4	439
1977	5	158
1977	6	112
1977	7	86
1977	8	85
1977	9	148
1977	10	136
1977	11	144
1977	12	337
1978	1	175
1978	2	156
1978	3	635
1978	4	776
1978	5	305
1978	6	192
1978	7	164
1978	8	97
1978	9	239
1978	10	169
1978	11	200
1978	12	262
1979	1	278
1979	2	192
1979	3	1266
1979	4	858
1979	5	485
1979	6	225
1979	7	224
1979	8	140
1979	9	105
1979	10	122
1979	11	220
1979	12	406
1980	1	297
1980	2	229
1980	3	456
1980	4	613
1980	5	288
1980	6	339
1980	7	151
1980	8	384
1980	9	290
1980	10	202
1980	11	186
1980	12	416
1981	1	179
1981	2	804
1981	3	401
1981	4	767
1981	5	620
1981	6	302
1981	7	167
1981	8	142
1981	9	192
1981	10	432
1981	11	238
1981	12	209
1982	1	234
1982	2	199
1982	3	1323
1982	4	671
1982	5	249
1982	6	335
1982	7	280
1982	8	128
1982	9	121
1982	10	115
1982	11	249
1982	12	629
1983	1	294
1983	2	363
1983	3	505
1983	4	1139
1983	5	802
1983	6	262
1983	7	139
1983	8	123
1983	9	176
1983	10	165
1983	11	256
1983	12	373
1984	1	199
1984	2	546
1984	3	477
1984	4	448
1984	5	338
1984	6	213
1984	7	103
1984	8	69
1984	9	107
1984	10	161
1984	11	232
1984	12	347
1985	1	558
1985	2	851
1985	3	1470
1985	4	1104
1985	5	230
1985	6	153
1985	7	122
1985	8	155
1985	9	137
1985	10	242
1985	11	519
1985	12	385
1986	1	320
1986	2	527
1986	3	1126
1986	4	365
1986	5	303
1986	6	857
1986	7	334
1986	8	172
1986	9	295
1986	10	1071
1986	11	292
1986	12	397
1987	1	269
1987	2	233
1987	3	362
1987	4	277
1987	5	156
1987	6	115
1987	7	102
1987	8	131
1987	9	207
1987	10	192
1987	11	232
1987	12	704
1988	1	450
1988	2	499
1988	3	446
1988	4	678
1988	5	205
1988	6	93
1988	7	73
1988	8	88
1988	9	286
1988	10	302
1988	11	917
1988	12	324
1989	1	385
1989	2	251
1989	3	553
1989	4	505
1989	5	224
1989	6	1011
1989	7	160
1989	8	197
1989	9	282
1989	10	156
1989	11	350
1989	12	214
1990	1	511
1990	2	443
1990	3	874
1990	4	468
1990	5	416
1990	6	184
1990	7	180
1990	8	181
1990	9	174
1990	10	601
1990	11	939
1990	12	894
1991	1	583
1991	2	514
1991	3	830
1991	4	1073
1991	5	363
1991	6	186
1991	7	145
1991	8	141
1991	9	114
1991	10	217
1991	11	296
1991	12	633
1992	1	443
1992	2	416
1992	3	563
1992	4	657
1992	5	337
1992	6	196
1992	7	234
1992	8	203
1992	9	357
1992	10	321
1992	11	748
1992	12	385
1993	1	898
1993	2	298
1993	3	743
1993	4	1232
1993	5	374
1993	6	533
1993	7	322
1993	8	220
1993	9	332
1993	10	573
1993	11	298
1993	12	270
1994	1	190
1994	2	600
1994	3	652
1994	4	391
1994	5	328
1994	6	370
1994	7	332
1994	8	336
1994	9	144
1994	10	195
1994	11	691
1994	12	479
1995	1	455
1995	2	277
1995	3	604
1995	4	448
1995	5	404
1995	6	180
1995	7	152
1995	8	207
1995	9	112
1995	10	131
1995	11	326
1995	12	225
1996	1	250
1996	2	247
1996	3	303
1996	4	402
1996	5	497
1996	6	718
1996	7	143
1996	8	110
1996	9	108
1996	10	139
1996	11	180
1996	12	290
1997	1	453
1997	2	892
1997	3	745
1997	4	421
1997	5	279
1997	6	250
1997	7	150
1997	8	106
1997	9	130
1997	10	120
1997	11	159
1997	12	172
1998	1	402
1998	2	709
1998	3	825
1998	4	653
1998	5	427
1998	6	153
1998	7	192
1998	8	132
1998	9	95
1998	10	112
1998	11	136
1998	12	135
1999	1	329
1999	2	286
1999	3	282
1999	4	732
1999	5	276
1999	6	133
1999	7	153
1999	8	86
1999	9	68
1999	10	92
1999	11	108
1999	12	148
2000	1	135
2000	2	168
2000	3	202
2000	4	375
2000	5	760
2000	6	293
2000	7	168
2000	8	147
2000	9	282
2000	10	208
2000	11	337
2000	12	271
2001	1	276
2001	2	1140
2001	3	586
2001	4	399
2001	5	668
2001	6	405
2001	7	135
2001	8	136
2001	9	156
2001	10	481
2001	11	364
2001	12	477
2002	1	340
2002	2	520
2002	3	696
2002	4	445
2002	5	509
2002	6	194
2002	7	118
2002	8	119
2002	9	83
2002	10	99
2002	11	125
2002	12	139
2003	1	131
2003	2	114
2003	3	298
2003	4	504
2003	5	420
2003	6	159
2003	7	96
2003	8	101
2003	9	84
2003	10	102
2003	11	392
2003	12	249
2004	1	215
2004	2	181
2004	3	829
2004	4	253
2004	5	1424
2004	6	521
2004	7	217
2004	8	192
2004	9	156
2004	10	125
2004	11	249
2004	12	521
2005	1	895
2005	2	629
2005	3	620
2005	4	332
2005	5	209
2005	6	208
2005	7	130
2005	8	90
2005	9	72
2005	10	81
2005	11	126
2005	12	152
2006	1	435
2006	2	496
2006	3	674
2006	4	371
2006	5	517
2006	6	149
2006	7	109
2006	8	102
2006	9	121
2006	10	213
2006	11	275
2006	12	639
2007	1	548
2007	2	230
2007	3	863
2007	4	564
2007	5	440
2007	6	205
2007	7	89
2007	8	142
2007	9	116
2007	10	155
2007	11	180
2007	12	271
2008	1	603
2008	2	659
2008	3	674
2008	4	809
2008	5	236
2008	6	849
2008	7	390
2008	8	103
2008	9	596
2008	10	278
2008	11	240
2008	12	669
2009	1	523
2009	2	826
2009	3	948
2009	4	886
2009	5	744
2009	6	467
2009	7	182
2009	8	206
2009	9	152
2009	10	213
2009	11	298
2009	12	305
2010	1	280
2010	2	216
2010	3	718
2010	4	483
2010	5	552
2010	6	696
2010	7	196
2010	8	130
2010	9	140
2010	10	134
2010	11	162
2010	12	172
2011	1	201
2011	2	276
2011	3	782
2011	4	774
2011	5	1056
2011	6	526
2011	7	339
2011	8	673
2011	9	168
2011	10	286
2011	11	268
2011	12	612
2012	1	477
2012	2	444
2012	3	712
2012	4	372
2012	5	399
2012	6	164
2012	7	91
2012	8	108
2012	9	87
2012	10	165
2012	11	140
2012	12	183
2013	1	252
2013	2	469
2013	3	459
2013	4	1453
2013	5	418
2013	6	713
2013	7	185
2013	8	151
2013	9	132
2013	10	183
2013	11	375
2013	12	253
2014	1	355
2014	2	255
2014	3	883
2014	4	688
2014	5	453
2014	6	333
2014	7	332
2014	8	156
2014	9	178
2014	10	279
2014	11	336
2014	12	372
2015	1	250
2015	2	177
2015	3	526
2015	4	283
2015	5	255
2015	6	816
2015	7	417
2015	8	151
2015	9	165
