1944	8	14
1944	9	17
1944	10	23
1944	11	23
1944	12	24
1945	1	21
1945	2	29
1945	3	187
1945	4	139
1945	5	643
1945	6	424
1945	7	95
1945	8	48
1945	9	119
1945	10	487
1945	11	227
1945	12	134
1946	1	570
1946	2	122
1946	3	1159
1946	4	162
1946	5	90
1946	6	87
1946	7	41
1946	8	21
1946	9	19
1946	10	16
1946	11	33
1946	12	58
1947	1	180
1947	2	130
1947	3	503
1947	4	1581
1947	5	565
1947	6	627
1947	7	76
1947	8	33
1947	9	118
1947	10	63
1947	11	104
1947	12	341
1948	1	96
1948	2	222
1948	3	1668
1948	4	702
1948	5	600
1948	6	103
1948	7	61
1948	8	37
1948	9	21
1948	10	18
1948	11	36
1948	12	42
1949	1	170
1949	2	576
1949	3	286
1949	4	382
1949	5	110
1949	6	72
1949	7	111
1949	8	29
1949	9	20
1949	10	23
1949	11	29
1949	12	142
1950	1	603
1950	2	364
1950	3	1120
1950	4	1072
1950	5	274
1950	6	206
1950	7	195
1950	8	163
1950	9	573
1950	10	150
1950	11	150
1950	12	515
1951	1	466
1951	2	726
1951	3	672
1951	4	657
1951	5	308
1951	6	175
1951	7	52
1951	8	48
1951	9	107
1951	10	243
1951	11	570
1951	12	328
1952	1	795
1952	2	492
1952	3	769
1952	4	809
1952	5	170
1952	6	106
1952	7	37
1952	8	55
1952	9	36
1952	10	25
1952	11	78
1952	12	194
1953	1	173
1953	2	187
1953	3	466
1953	4	230
1953	5	316
1953	6	64
1953	7	33
1953	8	29
1953	9	15
1953	10	15
1953	11	23
1953	12	34
1954	1	26
1954	2	325
1954	3	426
1954	4	392
1954	5	287
1954	6	123
1954	7	48
1954	8	18
1954	9	16
1954	10	106
1954	11	97
1954	12	161
1955	1	372
1955	2	262
1955	3	784
1955	4	370
1955	5	175
1955	6	140
1955	7	29
1955	8	28
1955	9	22
1955	10	34
1955	11	81
1955	12	97
1956	1	38
1956	2	39
1956	3	1014
1956	4	615
1956	5	1811
1956	6	248
1956	7	92
1956	8	200
1956	9	69
1956	10	33
1956	11	40
1956	12	54
1957	1	61
1957	2	217
1957	3	376
1957	4	343
1957	5	543
1957	6	203
1957	7	551
1957	8	105
1957	9	43
1957	10	63
1957	11	282
1957	12	263
1958	1	171
1958	2	109
1958	3	598
1958	4	158
1958	5	85
1958	6	64
1958	7	55
1958	8	26
1958	9	25
1958	10	31
1958	11	48
1958	12	32
1959	1	25
1959	2	35
1959	3	1057
1959	4	861
1959	5	215
1959	6	48
1959	7	19
1959	8	20
1959	9	18
1959	10	64
1959	11	207
1959	12	293
1960	1	445
1960	2	289
1960	3	399
1960	4	1220
1960	5	334
1960	6	142
1960	7	62
1960	8	46
1960	9	27
1960	10	24
1960	11	40
1960	12	28
1961	1	27
1961	2	63
1961	3	325
1961	4	442
1961	5	302
1961	6	86
1961	7	44
1961	8	62
1961	9	51
1961	10	50
1961	11	90
1961	12	97
1962	1	52
1962	2	68
1962	3	1219
1962	4	341
1962	5	413
1962	6	86
1962	7	21
1962	8	14
1962	9	11
1962	10	14
1962	11	21
1962	12	20
1963	1	17
1963	2	16
1963	3	201
1963	4	187
1963	5	152
1963	6	100
1963	7	21
1963	8	9
1963	9	13
1963	10	11
1963	11	40
1963	12	33
1964	1	32
1964	2	36
1964	3	102
1964	4	262
1964	5	247
1964	6	94
1964	7	69
1964	8	20
1964	9	19
1964	10	20
1964	11	23
1964	12	66
1965	1	98
1965	2	646
1965	3	745
1965	4	1055
1965	5	180
1965	6	28
1965	7	10
1965	8	8
1965	9	39
1965	10	58
1965	11	63
1965	12	387
1966	1	364
1966	2	291
1966	3	678
1966	4	333
1966	5	372
1966	6	96
1966	7	33
1966	8	18
1966	9	13
1966	10	9
1966	11	62
1966	12	363
1967	1	137
1967	2	203
1967	3	865
1967	4	1564
1967	5	334
1967	6	114
1967	7	130
1967	8	41
1967	9	21
1967	10	42
1967	11	195
1967	12	549
1968	1	128
1968	2	448
1968	3	175
1968	4	361
1968	5	175
1968	6	298
1968	7	272
1968	8	86
1968	9	57
1968	10	42
1968	11	64
1968	12	155
1969	1	233
1969	2	308
1969	3	291
1969	4	582
1969	5	708
1969	6	210
1969	7	248
1969	8	94
1969	9	24
1969	10	36
1969	11	68
1969	12	68
1970	1	39
1970	2	66
1970	3	197
1970	4	544
1970	5	251
1970	6	233
1970	7	82
1970	8	25
1970	9	53
1970	10	203
1970	11	434
1970	12	330
1971	1	157
1971	2	461
1971	3	1028
1971	4	455
1971	5	118
1971	6	46
1971	7	17
1971	8	11
1971	9	24
1971	10	40
1971	11	53
1971	12	304
1972	1	225
1972	2	115
1972	3	832
1972	4	843
1972	5	291
1972	6	127
1972	7	107
1972	8	153
1972	9	149
1972	10	211
1972	11	516
1972	12	384
1973	1	1035
1973	2	314
1973	3	1120
1973	4	722
1973	5	435
1973	6	363
1973	7	140
1973	8	48
1973	9	26
1973	10	34
1973	11	116
1973	12	306
1974	1	745
1974	2	546
1974	3	1041
1974	4	759
1974	5	651
1974	6	259
1974	7	110
1974	8	54
1974	9	30
1974	10	36
1974	11	89
1974	12	145
1975	1	377
1975	2	384
1975	3	765
1975	4	797
1975	5	321
1975	6	199
1975	7	118
1975	8	238
1975	9	1142
1975	10	148
1975	11	155
1975	12	791
1976	1	245
1976	2	980
1976	3	1551
1976	4	661
1976	5	941
1976	6	156
1976	7	307
1976	8	48
1976	9	24
1976	10	38
1976	11	45
1976	12	39
1977	1	32
1977	2	49
1977	3	331
1977	4	246
1977	5	74
1977	6	24
1977	7	12
1977	8	13
1977	9	44
1977	10	121
1977	11	84
1977	12	238
1978	1	86
1978	2	63
1978	3	625
1978	4	1178
1978	5	183
1978	6	49
1978	7	21
1978	8	15
1978	9	20
1978	10	44
1978	11	47
1978	12	48
1979	1	50
1979	2	42
1979	3	1040
1979	4	587
1979	5	212
1979	6	52
1979	7	69
1979	8	21
1979	9	11
1979	10	19
1979	11	61
1979	12	165
1980	1	208
1980	2	102
1980	3	297
1980	4	655
1980	5	237
1980	6	222
1980	7	82
1980	8	154
1980	9	174
1980	10	307
1980	11	162
1980	12	398
1981	1	87
1981	2	797
1981	3	470
1981	4	437
1981	5	713
1981	6	281
1981	7	54
1981	8	29
1981	9	133
1981	10	1288
1981	11	225
1981	12	224
1982	1	132
1982	2	83
1982	3	1313
1982	4	655
1982	5	109
1982	6	138
1982	7	78
1982	8	76
1982	9	41
1982	10	41
1982	11	174
1982	12	707
1983	1	289
1983	2	300
1983	3	460
1983	4	1245
1983	5	923
1983	6	284
1983	7	58
1983	8	30
1983	9	46
1983	10	96
1983	11	189
1983	12	379
1984	1	101
1984	2	597
1984	3	523
1984	4	521
1984	5	258
1984	6	258
1984	7	46
1984	8	26
1984	9	20
1984	10	39
1984	11	102
1984	12	251
1985	1	422
1985	2	386
1985	3	2048
1985	4	1208
1985	5	131
1985	6	78
1985	7	36
1985	8	80
1985	9	925
1985	10	301
1985	11	693
1985	12	449
1986	1	233
1986	2	264
1986	3	1212
1986	4	275
1986	5	255
1986	6	471
1986	7	153
1986	8	37
1986	9	1633
1986	10	1461
1986	11	220
1986	12	273
1987	1	207
1987	2	130
1987	3	320
1987	4	255
1987	5	87
1987	6	49
1987	7	30
1987	8	65
1987	9	62
1987	10	67
1987	11	139
1987	12	698
1988	1	164
1988	2	275
1988	3	374
1988	4	705
1988	5	122
1988	6	27
1988	7	20
1988	8	20
1988	9	70
1988	10	124
1988	11	671
1988	12	224
1989	1	284
1989	2	136
1989	3	491
1989	4	585
1989	5	149
1989	6	874
1989	7	198
1989	8	60
1989	9	256
1989	10	82
1989	11	293
1989	12	226
1990	1	458
1990	2	430
1990	3	968
1990	4	487
1990	5	272
1990	6	82
1990	7	55
1990	8	55
1990	9	43
1990	10	575
1990	11	836
1990	12	812
1991	1	453
1991	2	412
1991	3	697
1991	4	1132
1991	5	541
1991	6	234
1991	7	77
1991	8	47
1991	9	26
1991	10	62
1991	11	128
1991	12	477
1992	1	354
1992	2	404
1992	3	664
1992	4	890
1992	5	361
1992	6	72
1992	7	160
1992	8	82
1992	9	201
1992	10	216
1992	11	738
1992	12	374
1993	1	938
1993	2	242
1993	3	763
1993	4	1277
1993	5	370
1993	6	252
1993	7	109
1993	8	88
1993	9	186
1993	10	599
1993	11	240
1993	12	202
1994	1	95
1994	2	603
1994	3	787
1994	4	502
1994	5	457
1994	6	684
1994	7	1242
1994	8	361
1994	9	111
1994	10	142
1994	11	667
1994	12	449
1995	1	423
1995	2	247
1995	3	690
1995	4	361
1995	5	370
1995	6	136
1995	7	84
1995	8	58
1995	9	26
1995	10	47
1995	11	188
1995	12	150
1996	1	175
1996	2	200
1996	3	250
1996	4	265
1996	5	904
1996	6	936
1996	7	159
1996	8	78
1996	9	39
1996	10	83
1996	11	192
1996	12	310
1997	1	499
1997	2	1132
1997	3	1077
1997	4	418
1997	5	260
1997	6	135
1997	7	81
1997	8	60
1997	9	48
1997	10	40
1997	11	93
1997	12	70
1998	1	336
1998	2	830
1998	3	927
1998	4	541
1998	5	291
1998	6	81
1998	7	26
1998	8	20
1998	9	11
1998	10	27
1998	11	50
1998	12	42
1999	1	204
1999	2	278
1999	3	171
1999	4	590
1999	5	266
1999	6	76
1999	7	84
1999	8	21
1999	9	11
1999	10	16
1999	11	38
1999	12	40
2000	1	35
2000	2	112
2000	3	200
2000	4	305
2000	5	1032
2000	6	261
2000	7	46
2000	8	47
2000	9	110
2000	10	126
2000	11	170
2000	12	126
2001	1	205
2001	2	1137
2001	3	630
2001	4	415
2001	5	646
2001	6	423
2001	7	46
2001	8	33
2001	9	36
2001	10	236
2001	11	217
2001	12	357
2002	1	228
2002	2	418
2002	3	706
2002	4	504
2002	5	497
2002	6	176
2002	7	36
2002	8	39
2002	9	18
2002	10	22
2002	11	48
2002	12	38
2003	1	33
2003	2	28
2003	3	133
2003	4	179
2003	5	320
2003	6	63
2003	7	24
2003	8	15
2003	9	8
2003	10	21
2003	11	170
2003	12	148
2004	1	158
2004	2	92
2004	3	1001
2004	4	220
2004	5	1388
2004	6	590
2004	7	122
2004	8	66
2004	9	55
2004	10	35
2004	11	87
2004	12	271
2005	1	589
2005	2	505
2005	3	581
2005	4	374
2005	5	147
2005	6	156
2005	7	40
2005	8	23
2005	9	20
2005	10	31
2005	11	52
2005	12	90
2006	1	615
2006	2	601
2006	3	762
2006	4	360
2006	5	540
2006	6	159
2006	7	312
2006	8	158
2006	9	72
2006	10	247
2006	11	369
2006	12	814
2007	1	581
2007	2	175
2007	3	910
2007	4	707
2007	5	302
2007	6	130
2007	7	39
2007	8	44
2007	9	39
2007	10	52
2007	11	81
2007	12	157
2008	1	473
2008	2	516
2008	3	856
2008	4	836
2008	5	143
2008	6	100
2008	7	104
2008	8	29
2008	9	203
2008	10	107
2008	11	116
2008	12	472
2009	1	539
2009	2	800
2009	3	878
2009	4	838
2009	5	798
2009	6	390
2009	7	194
2009	8	212
2009	9	56
2009	10	97
2009	11	252
2009	12	173
2010	1	190
2010	2	134
2010	3	573
2010	4	513
2010	5	487
2010	6	267
2010	7	52
2010	8	23
2010	9	20
2010	10	26
2010	11	64
2010	12	56
2011	1	85
2011	2	165
2011	3	812
2011	4	935
2011	5	1135
2011	6	545
2011	7	153
2011	8	211
2011	9	32
2011	10	80
2011	11	145
2011	12	416
2012	1	335
2012	2	394
2012	3	655
2012	4	245
2012	5	352
2012	6	111
2012	7	28
2012	8	181
2012	9	26
2012	10	75
2012	11	94
2012	12	163
2013	1	298
2013	2	590
2013	3	619
2013	4	2638
2013	5	451
2013	6	433
2013	7	118
2013	8	40
2013	9	35
2013	10	39
2013	11	131
2013	12	90
2014	1	145
2014	2	118
2014	3	725
2014	4	745
2014	5	962
2014	6	390
2014	7	628
2014	8	120
2014	9	57
2014	10	119
2014	11	158
2014	12	285
2015	1	193
2015	2	69
2015	3	393
2015	4	505
2015	5	143
2015	6	383
2015	7	197
2015	8	49
2015	9	74
