1940	1	66
1940	2	65
1940	3	250
1940	4	549
1940	5	202
1940	6	272
1940	7	144
1940	8	105
1940	9	173
1940	10	146
1940	11	189
1940	12	457
1941	1	509
1941	2	269
1941	3	447
1941	4	486
1941	5	157
1941	6	82
1941	7	50
1941	8	40
1941	9	40
1941	10	78
1941	11	185
1941	12	133
1942	1	121
1942	2	282
1942	3	1434
1942	4	376
1942	5	162
1942	6	237
1942	7	105
1942	8	190
1942	9	105
1942	10	134
1942	11	393
1942	12	513
1943	1	483
1943	2	954
1943	3	991
1943	4	447
1943	5	1440
1943	6	945
1943	7	167
1943	8	113
1943	9	119
1943	10	123
1943	11	247
1943	12	113
1944	1	99
1944	2	389
1944	3	655
1944	4	703
1944	5	533
1944	6	142
1944	7	61
1944	8	50
1944	9	52
1944	10	59
1944	11	72
1944	12	84
1945	1	76
1945	2	142
1945	3	332
1945	4	342
1945	5	1060
1945	6	481
1945	7	198
1945	8	129
1945	9	291
1945	10	742
1945	11	295
1945	12	219
1946	1	558
1946	2	206
1946	3	1166
1946	4	230
1946	5	221
1946	6	234
1946	7	92
1946	8	56
1946	9	45
1946	10	57
1946	11	97
1946	12	110
1947	1	254
1947	2	187
1947	3	540
1947	4	2059
1947	5	741
1947	6	708
1947	7	205
1947	8	115
1947	9	335
1947	10	259
1947	11	407
1947	12	498
1948	1	223
1948	2	661
1948	3	1681
1948	4	764
1948	5	1227
1948	6	536
1948	7	316
1948	8	102
1948	9	82
1948	10	105
1948	11	182
1948	12	167
1949	1	471
1949	2	1042
1949	3	496
1949	4	761
1949	5	280
1949	6	262
1949	7	159
1949	8	214
1949	9	114
1949	10	139
1949	11	123
1949	12	598
1950	1	1009
1950	2	770
1950	3	1351
1950	4	1508
1950	5	489
1950	6	447
1950	7	143
1950	8	161
1950	9	373
1950	10	203
1950	11	359
1950	12	708
1951	1	878
1951	2	1057
1951	3	884
1951	4	901
1951	5	475
1951	6	236
1951	7	118
1951	8	104
1951	9	99
1951	10	180
1951	11	414
1951	12	359
1952	1	956
1952	2	580
1952	3	947
1952	4	1101
1952	5	392
1952	6	195
1952	7	95
1952	8	82
1952	9	90
1952	10	74
1952	11	191
1952	12	244
1953	1	261
1953	2	237
1953	3	698
1953	4	493
1953	5	441
1953	6	197
1953	7	94
1953	8	107
1953	9	67
1953	10	64
1953	11	76
1953	12	110
1954	1	122
1954	2	818
1954	3	790
1954	4	623
1954	5	235
1954	6	384
1954	7	133
1954	8	79
1954	9	60
1954	10	370
1954	11	239
1954	12	273
1955	1	524
1955	2	448
1955	3	952
1955	4	406
1955	5	179
1955	6	124
1955	7	80
1955	8	69
1955	9	53
1955	10	82
1955	11	177
1955	12	145
1956	1	117
1956	2	170
1956	3	1181
1956	4	588
1956	5	1950
1956	6	425
1956	7	182
1956	8	344
1956	9	130
1956	10	89
1956	11	120
1956	12	166
1957	1	167
1957	2	381
1957	3	454
1957	4	615
1957	5	838
1957	6	220
1957	7	816
1957	8	138
1957	9	110
1957	10	165
1957	11	327
1957	12	484
1958	1	234
1958	2	213
1958	3	459
1958	4	278
1958	5	119
1958	6	154
1958	7	235
1958	8	84
1958	9	69
1958	10	67
1958	11	104
1958	12	87
1959	1	87
1959	2	173
1959	3	1101
1959	4	814
1959	5	358
1959	6	156
1959	7	73
1959	8	152
1959	9	264
1959	10	522
1959	11	580
1959	12	579
1960	1	583
1960	2	514
1960	3	649
1960	4	1300
1960	5	469
1960	6	286
1960	7	100
1960	8	79
1960	9	62
1960	10	88
1960	11	136
1960	12	103
1961	1	75
1961	2	139
1961	3	374
1961	4	617
1961	5	376
1961	6	131
1961	7	74
1961	8	122
1961	9	148
1961	10	91
1961	11	183
1961	12	186
1962	1	157
1962	2	203
1962	3	1184
1962	4	368
1962	5	312
1962	6	94
1962	7	75
1962	8	52
1962	9	66
1962	10	109
1962	11	100
1962	12	94
1963	1	89
1963	2	92
1963	3	507
1963	4	263
1963	5	299
1963	6	151
1963	7	43
1963	8	35
1963	9	37
1963	10	32
1963	11	52
1963	12	56
1964	1	78
1964	2	88
1964	3	119
1964	4	227
1964	5	284
1964	6	122
1964	7	40
1964	8	36
1964	9	33
1964	10	36
1964	11	56
1964	12	97
1965	1	125
1965	2	713
1965	3	548
1965	4	892
1965	5	180
1965	6	91
1965	7	35
1965	8	36
1965	9	59
1965	10	52
1965	11	85
1965	12	269
1966	1	238
1966	2	238
1966	3	616
1966	4	427
1966	5	419
1966	6	122
1966	7	55
1966	8	44
1966	9	47
1966	10	56
1966	11	169
1966	12	359
1967	1	211
1967	2	369
1967	3	838
1967	4	1088
1967	5	279
1967	6	207
1967	7	177
1967	8	77
1967	9	68
1967	10	118
1967	11	264
1967	12	470
1968	1	300
1968	2	870
1968	3	456
1968	4	458
1968	5	268
1968	6	471
1968	7	512
1968	8	304
1968	9	178
1968	10	144
1968	11	238
1968	12	359
1969	1	398
1969	2	379
1969	3	292
1969	4	917
1969	5	784
1969	6	380
1969	7	560
1969	8	143
1969	9	61
1969	10	111
1969	11	172
1969	12	159
1970	1	115
1970	2	155
1970	3	413
1970	4	749
1970	5	386
1970	6	218
1970	7	191
1970	8	96
1970	9	130
1970	10	219
1970	11	343
1970	12	314
1971	1	172
1971	2	607
1971	3	1106
1971	4	462
1971	5	157
1971	6	133
1971	7	106
1971	8	53
1971	9	51
1971	10	79
1971	11	89
1971	12	231
1972	1	258
1972	2	149
1972	3	765
1972	4	843
1972	5	349
1972	6	123
1972	7	223
1972	8	137
1972	9	174
1972	10	293
1972	11	567
1972	12	638
1973	1	1026
1973	2	386
1973	3	1472
1973	4	967
1973	5	464
1973	6	367
1973	7	204
1973	8	131
1973	9	72
1973	10	116
1973	11	330
1973	12	523
1974	1	936
1974	2	752
1974	3	1369
1974	4	1103
1974	5	988
1974	6	285
1974	7	139
1974	8	102
1974	9	101
1974	10	108
1974	11	191
1974	12	265
1975	1	493
1975	2	596
1975	3	915
1975	4	1859
1975	5	541
1975	6	376
1975	7	166
1975	8	426
1975	9	922
1975	10	224
1975	11	378
1975	12	922
1976	1	342
1976	2	1397
1976	3	1650
1976	4	829
1976	5	770
1976	6	209
1976	7	245
1976	8	121
1976	9	107
1976	10	164
1976	11	172
1976	12	157
1977	1	121
1977	2	176
1977	3	603
1977	4	691
1977	5	241
1977	6	117
1977	7	82
1977	8	55
1977	9	101
1977	10	133
1977	11	141
1977	12	241
1978	1	152
1978	2	179
1978	3	660
1978	4	645
1978	5	284
1978	6	127
1978	7	67
1978	8	51
1978	9	70
1978	10	86
1978	11	137
1978	12	132
1979	1	184
1979	2	176
1979	3	778
1979	4	622
1979	5	249
1979	6	116
1979	7	291
1979	8	164
1979	9	74
1979	10	80
1979	11	156
1979	12	349
1980	1	298
1980	2	193
1980	3	565
1980	4	925
1980	5	426
1980	6	302
1980	7	112
1980	8	160
1980	9	270
1980	10	208
1980	11	171
1980	12	327
1981	1	169
1981	2	918
1981	3	468
1981	4	692
1981	5	623
1981	6	206
1981	7	75
1981	8	67
1981	9	302
1981	10	1441
1981	11	449
1981	12	354
1982	1	272
1982	2	230
1982	3	1567
1982	4	996
1982	5	270
1982	6	468
1982	7	200
1982	8	123
1982	9	112
1982	10	118
1982	11	324
1982	12	563
1983	1	293
1983	2	382
1983	3	560
1983	4	1076
1983	5	894
1983	6	354
1983	7	188
1983	8	101
1983	9	80
1983	10	120
1983	11	224
1983	12	341
1984	1	205
1984	2	502
1984	3	555
1984	4	565
1984	5	450
1984	6	221
1984	7	66
1984	8	82
1984	9	66
1984	10	123
1984	11	254
1984	12	376
1985	1	553
1985	2	857
1985	3	1593
1985	4	1328
1985	5	294
1985	6	208
1985	7	119
1985	8	134
1985	9	329
1985	10	353
1985	11	572
1985	12	409
1986	1	388
1986	2	443
1986	3	1273
1986	4	512
1986	5	316
1986	6	740
1986	7	198
1986	8	112
1986	9	521
1986	10	1021
1986	11	322
1986	12	457
1987	1	327
1987	2	243
1987	3	528
1987	4	476
1987	5	217
1987	6	173
1987	7	114
1987	8	74
1987	9	137
1987	10	123
1987	11	270
1987	12	771
1988	1	377
1988	2	436
1988	3	608
1988	4	701
1988	5	178
1988	6	72
1988	7	57
1988	8	104
1988	9	123
1988	10	236
1988	11	771
1988	12	358
1989	1	458
1989	2	294
1989	3	544
1989	4	630
1989	5	246
1989	6	1050
1989	7	362
1989	8	150
1989	9	283
1989	10	172
1989	11	440
1989	12	289
1990	1	638
1990	2	623
1990	3	1081
1990	4	703
1990	5	603
1990	6	262
1990	7	156
1990	8	107
1990	9	167
1990	10	462
1990	11	668
1990	12	750
1991	1	622
1991	2	644
1991	3	728
1991	4	868
1991	5	385
1991	6	237
1991	7	126
1991	8	106
1991	9	63
1991	10	157
1991	11	280
1991	12	504
1992	1	352
1992	2	430
1992	3	714
1992	4	988
1992	5	434
1992	6	186
1992	7	323
1992	8	578
1992	9	477
1992	10	481
1992	11	985
1992	12	503
1993	1	1066
1993	2	390
1993	3	839
1993	4	1386
1993	5	504
1993	6	573
1993	7	253
1993	8	164
1993	9	404
1993	10	525
1993	11	360
1993	12	371
1994	1	248
1994	2	688
1994	3	968
1994	4	714
1994	5	529
1994	6	581
1994	7	868
1994	8	356
1994	9	184
1994	10	416
1994	11	731
1994	12	753
1995	1	642
1995	2	351
1995	3	1053
1995	4	660
1995	5	452
1995	6	188
1995	7	207
1995	8	339
1995	9	112
1995	10	151
1995	11	420
1995	12	233
1996	1	315
1996	2	359
1996	3	465
1996	4	766
1996	5	873
1996	6	688
1996	7	139
1996	8	100
1996	9	113
1996	10	165
1996	11	373
1996	12	418
1997	1	525
1997	2	954
1997	3	1033
1997	4	691
1997	5	493
1997	6	257
1997	7	145
1997	8	156
1997	9	205
1997	10	131
1997	11	251
1997	12	254
1998	1	686
1998	2	837
1998	3	1075
1998	4	579
1998	5	332
1998	6	133
1998	7	84
1998	8	53
1998	9	50
1998	10	71
1998	11	127
1998	12	160
1999	1	382
1999	2	292
1999	3	293
1999	4	743
1999	5	289
1999	6	111
1999	7	217
1999	8	71
1999	9	49
1999	10	92
1999	11	112
1999	12	172
2000	1	134
2000	2	193
2000	3	218
2000	4	403
2000	5	787
2000	6	293
2000	7	186
2000	8	331
2000	9	645
2000	10	342
2000	11	306
2000	12	268
2001	1	349
2001	2	1413
2001	3	681
2001	4	505
2001	5	483
2001	6	535
2001	7	112
2001	8	98
2001	9	130
2001	10	627
2001	11	431
2001	12	563
2002	1	351
2002	2	616
2002	3	733
2002	4	551
2002	5	485
2002	6	322
2002	7	92
2002	8	118
2002	9	50
2002	10	72
2002	11	135
2002	12	99
2003	1	75
2003	2	82
2003	3	331
2003	4	595
2003	5	418
2003	6	290
2003	7	88
2003	8	58
2003	9	64
2003	10	95
2003	11	339
2003	12	300
2004	1	329
2004	2	313
2004	3	819
2004	4	269
2004	5	1282
2004	6	537
2004	7	376
2004	8	234
2004	9	102
2004	10	102
2004	11	282
2004	12	595
2005	1	968
2005	2	792
2005	3	799
2005	4	458
2005	5	295
2005	6	150
2005	7	163
2005	8	88
2005	9	77
2005	10	89
2005	11	183
2005	12	241
2006	1	774
2006	2	716
2006	3	918
2006	4	507
2006	5	829
2006	6	319
2006	7	204
2006	8	188
2006	9	183
2006	10	332
2006	11	485
2006	12	779
2007	1	785
2007	2	264
2007	3	915
2007	4	604
2007	5	666
2007	6	554
2007	7	105
2007	8	176
2007	9	115
2007	10	158
2007	11	213
2007	12	336
2008	1	826
2008	2	690
2008	3	810
2008	4	824
2008	5	223
2008	6	290
2008	7	269
2008	8	90
2008	9	720
2008	10	255
2008	11	344
2008	12	752
2009	1	564
2009	2	1082
2009	3	1041
2009	4	1294
2009	5	880
2009	6	783
2009	7	256
2009	8	325
2009	9	150
2009	10	232
2009	11	280
2009	12	309
2010	1	302
2010	2	224
2010	3	605
2010	4	629
2010	5	695
2010	6	333
2010	7	177
2010	8	95
2010	9	118
2010	10	124
2010	11	145
2010	12	143
2011	1	189
2011	2	296
2011	3	1051
2011	4	962
2011	5	1589
2011	6	566
2011	7	224
2011	8	322
2011	9	175
2011	10	207
2011	11	279
2011	12	698
2012	1	523
2012	2	540
2012	3	758
2012	4	372
2012	5	535
2012	6	134
2012	7	83
2012	8	153
2012	9	97
2012	10	144
2012	11	191
2012	12	208
2013	1	381
2013	2	431
2013	3	513
2013	4	1406
2013	5	516
2013	6	502
2013	7	280
2013	8	251
2013	9	194
2013	10	136
2013	11	309
2013	12	181
2014	1	258
2014	2	182
2014	3	978
2014	4	741
2014	5	1369
2014	6	400
2014	7	374
2014	8	208
2014	9	276
2014	10	241
2014	11	281
2014	12	360
2015	1	44
2015	2	0
2015	3	504
2015	4	372
2015	5	261
2015	6	606
2015	7	249
2015	8	110
2015	9	126
