1940	1	130
1940	2	152
1940	3	537
1940	4	789
1940	5	257
1940	6	273
1940	7	138
1940	8	69
1940	9	98
1940	10	106
1940	11	163
1940	12	639
1941	1	808
1941	2	336
1941	3	515
1941	4	854
1941	5	247
1941	6	243
1941	7	130
1941	8	40
1941	9	51
1941	10	129
1941	11	451
1941	12	430
1942	1	323
1942	2	1271
1942	3	2523
1942	4	1300
1942	5	314
1942	6	631
1942	7	156
1942	8	257
1942	9	205
1942	10	264
1942	11	926
1942	12	1194
1943	1	1137
1943	2	1706
1943	3	1784
1943	4	880
1943	5	4677
1943	6	2227
1943	7	1117
1943	8	251
1943	9	314
1943	10	218
1943	11	417
1943	12	226
1944	1	198
1944	2	824
1944	3	1779
1944	4	2179
1944	5	1257
1944	6	1023
1944	7	257
1944	8	118
1944	9	101
1944	10	120
1944	11	159
1944	12	144
1945	1	165
1945	2	273
1945	3	1059
1945	4	1377
1945	5	2802
1945	6	735
1945	7	296
1945	8	185
1945	9	147
1945	10	577
1945	11	248
1945	12	350
1946	1	1011
1946	2	732
1946	3	1574
1946	4	312
1946	5	249
1946	6	401
1946	7	112
1946	8	57
1946	9	56
1946	10	61
1946	11	132
1946	12	188
1947	1	473
1947	2	457
1947	3	1350
1947	4	4055
1947	5	2237
1947	6	1426
1947	7	312
1947	8	187
1947	9	367
1947	10	282
1947	11	411
1947	12	648
1948	1	508
1948	2	1292
1948	3	3011
1948	4	1445
1948	5	1349
1948	6	324
1948	7	225
1948	8	115
1948	9	138
1948	10	139
1948	11	395
1948	12	399
1949	1	1541
1949	2	2202
1949	3	875
1949	4	1459
1949	5	495
1949	6	307
1949	7	208
1949	8	130
1949	9	142
1949	10	358
1949	11	215
1949	12	872
1950	1	2958
1950	2	2245
1950	3	3582
1950	4	3859
1950	5	893
1950	6	480
1950	7	350
1950	8	132
1950	9	288
1950	10	321
1950	11	840
1950	12	1621
1951	1	1251
1951	2	2845
1951	3	1908
1951	4	1516
1951	5	1784
1951	6	618
1951	7	1452
1951	8	299
1951	9	150
1951	10	368
1951	11	1263
1951	12	975
1952	1	3057
1952	2	1488
1952	3	2141
1952	4	1970
1952	5	835
1952	6	347
1952	7	168
1952	8	129
1952	9	106
1952	10	126
1952	11	198
1952	12	237
1953	1	254
1953	2	233
1953	3	1070
1953	4	541
1953	5	440
1953	6	161
1953	7	107
1953	8	101
1953	9	84
1953	10	71
1953	11	101
1953	12	127
1954	1	179
1954	2	667
1954	3	1589
1954	4	1830
1954	5	395
1954	6	394
1954	7	122
1954	8	77
1954	9	70
1954	10	661
1954	11	378
1954	12	511
1955	1	1278
1955	2	825
1955	3	1829
1955	4	674
1955	5	440
1955	6	300
1955	7	179
1955	8	210
1955	9	65
1955	10	177
1955	11	458
1955	12	315
1956	1	158
1956	2	1063
1956	3	2287
1956	4	1320
1956	5	2639
1956	6	517
1956	7	371
1956	8	370
1956	9	115
1956	10	99
1956	11	138
1956	12	252
1957	1	277
1957	2	689
1957	3	678
1957	4	1877
1957	5	642
1957	6	270
1957	7	194
1957	8	112
1957	9	241
1957	10	608
1957	11	791
1957	12	1562
1958	1	523
1958	2	412
1958	3	860
1958	4	516
1958	5	424
1958	6	133
1958	7	556
1958	8	264
1958	9	321
1958	10	236
1958	11	716
1958	12	309
1959	1	423
1959	2	1276
1959	3	2506
1959	4	1624
1959	5	970
1959	6	268
1959	7	117
1959	8	124
1959	9	100
1959	10	561
1959	11	1105
1959	12	1166
1960	1	1826
1960	2	1623
1960	3	790
1960	4	1363
1960	5	491
1960	6	1190
1960	7	665
1960	8	177
1960	9	142
1960	10	131
1960	11	201
1960	12	158
1961	1	133
1961	2	382
1961	3	1328
1961	4	2534
1961	5	1065
1961	6	365
1961	7	162
1961	8	272
1961	9	305
1961	10	188
1961	11	406
1961	12	314
1962	1	409
1962	2	474
1962	3	2329
1962	4	658
1962	5	276
1962	6	150
1962	7	137
1962	8	99
1962	9	113
1962	10	121
1962	11	138
1962	12	123
1963	1	108
1963	2	106
1963	3	1206
1963	4	480
1963	5	362
1963	6	285
1963	7	63
1963	8	45
1963	9	45
1963	10	57
1963	11	80
1963	12	87
1964	1	105
1964	2	108
1964	3	342
1964	4	669
1964	5	308
1964	6	156
1964	7	78
1964	8	78
1964	9	64
1964	10	58
1964	11	74
1964	12	129
1965	1	377
1965	2	1285
1965	3	1660
1965	4	1326
1965	5	379
1965	6	177
1965	7	82
1965	8	101
1965	9	135
1965	10	344
1965	11	218
1965	12	1361
1966	1	784
1966	2	487
1966	3	973
1966	4	732
1966	5	1160
1966	6	247
1966	7	103
1966	8	236
1966	9	76
1966	10	85
1966	11	315
1966	12	1732
1967	1	699
1967	2	783
1967	3	1888
1967	4	1742
1967	5	501
1967	6	312
1967	7	115
1967	8	141
1967	9	70
1967	10	308
1967	11	694
1967	12	2617
1968	1	965
1968	2	2028
1968	3	1141
1968	4	1042
1968	5	1324
1968	6	1703
1968	7	1214
1968	8	752
1968	9	265
1968	10	198
1968	11	402
1968	12	1084
1969	1	1962
1969	2	1551
1969	3	846
1969	4	2018
1969	5	1565
1969	6	759
1969	7	1031
1969	8	195
1969	9	119
1969	10	173
1969	11	316
1969	12	210
1970	1	187
1970	2	507
1970	3	1294
1970	4	1479
1970	5	768
1970	6	463
1970	7	398
1970	8	261
1970	9	115
1970	10	257
1970	11	401
1970	12	715
1971	1	237
1971	2	1739
1971	3	1553
1971	4	567
1971	5	255
1971	6	195
1971	7	71
1971	8	50
1971	9	57
1971	10	92
1971	11	118
1971	12	322
1972	1	450
1972	2	242
1972	3	1037
1972	4	1238
1972	5	818
1972	6	289
1972	7	156
1972	8	182
1972	9	800
1972	10	447
1972	11	1638
1972	12	1316
1973	1	1374
1973	2	756
1973	3	2733
1973	4	1175
1973	5	986
1973	6	1063
1973	7	1081
1973	8	379
1973	9	143
1973	10	200
1973	11	279
1973	12	856
1974	1	2238
1974	2	1646
1974	3	2729
1974	4	1653
1974	5	1352
1974	6	755
1974	7	226
1974	8	136
1974	9	111
1974	10	117
1974	11	227
1974	12	358
1975	1	1376
1975	2	1686
1975	3	1269
1975	4	1440
1975	5	771
1975	6	641
1975	7	316
1975	8	197
1975	9	632
1975	10	267
1975	11	390
1975	12	1183
1976	1	420
1976	2	3295
1976	3	2908
1976	4	798
1976	5	920
1976	6	565
1976	7	368
1976	8	117
1976	9	124
1976	10	181
1976	11	180
1976	12	174
1977	1	143
1977	2	287
1977	3	1827
1977	4	1958
1977	5	566
1977	6	218
1977	7	154
1977	8	146
1977	9	226
1977	10	265
1977	11	223
1977	12	1510
1978	1	427
1978	2	295
1978	3	3166
1978	4	2483
1978	5	930
1978	6	547
1978	7	366
1978	8	125
1978	9	129
1978	10	143
1978	11	202
1978	12	286
1979	1	283
1979	2	223
1979	3	1466
1979	4	2213
1979	5	774
1979	6	309
1979	7	686
1979	8	480
1979	9	171
1979	10	168
1979	11	345
1979	12	1127
1980	1	631
1980	2	442
1980	3	1850
1980	4	2209
1980	5	847
1980	6	1440
1980	7	378
1980	8	1160
1980	9	575
1980	10	259
1980	11	265
1980	12	668
1981	1	285
1981	2	2495
1981	3	942
1981	4	1168
1981	5	977
1981	6	1547
1981	7	912
1981	8	536
1981	9	2666
1981	10	1677
1981	11	889
1981	12	560
1982	1	556
1982	2	465
1982	3	4440
1982	4	1730
1982	5	738
1982	6	565
1982	7	419
1982	8	160
1982	9	146
1982	10	176
1982	11	823
1982	12	1749
1983	1	617
1983	2	774
1983	3	960
1983	4	2368
1983	5	2434
1983	6	720
1983	7	694
1983	8	273
1983	9	141
1983	10	197
1983	11	741
1983	12	1725
1984	1	369
1984	2	1556
1984	3	1609
1984	4	1623
1984	5	1214
1984	6	614
1984	7	161
1984	8	162
1984	9	150
1984	10	242
1984	11	475
1984	12	642
1985	1	1488
1985	2	2048
1985	3	2654
1985	4	2138
1985	5	395
1985	6	370
1985	7	232
1985	8	185
1985	9	192
1985	10	304
1985	11	1537
1985	12	1050
1986	1	555
1986	2	1331
1986	3	2601
1986	4	769
1986	5	559
1986	6	926
1986	7	264
1986	8	173
1986	9	400
1986	10	1599
1986	11	583
1986	12	1079
1987	1	513
1987	2	433
1987	3	999
1987	4	952
1987	5	365
1987	6	396
1987	7	141
1987	8	234
1987	9	306
1987	10	207
1987	11	457
1987	12	2128
1988	1	767
1988	2	1148
1988	3	1143
1988	4	1134
1988	5	305
1988	6	99
1988	7	60
1988	8	102
1988	9	152
1988	10	316
1988	11	1193
1988	12	622
1989	1	1033
1989	2	650
1989	3	775
1989	4	1250
1989	5	648
1989	6	2769
1989	7	503
1989	8	262
1989	9	425
1989	10	217
1989	11	528
1989	12	274
1990	1	1112
1990	2	2435
1990	3	2193
1990	4	1178
1990	5	1279
1990	6	627
1990	7	220
1990	8	297
1990	9	289
1990	10	937
1990	11	899
1990	12	1449
1991	1	1967
1991	2	1070
1991	3	965
1991	4	1292
1991	5	869
1991	6	699
1991	7	136
1991	8	153
1991	9	128
1991	10	214
1991	11	411
1991	12	512
1992	1	495
1992	2	958
1992	3	1184
1992	4	1447
1992	5	526
1992	6	593
1992	7	1057
1992	8	431
1992	9	935
1992	10	903
1992	11	2266
1992	12	988
1993	1	2913
1993	2	583
1993	3	2682
1993	4	2242
1993	5	834
1993	6	654
1993	7	339
1993	8	146
1993	9	251
1993	10	428
1993	11	480
1993	12	562
1994	1	330
1994	2	1039
1994	3	1465
1994	4	1419
1994	5	606
1994	6	504
1994	7	284
1994	8	269
1994	9	122
1994	10	157
1994	11	311
1994	12	756
1995	1	1104
1995	2	519
1995	3	1085
1995	4	1163
1995	5	702
1995	6	401
1995	7	515
1995	8	949
1995	9	187
1995	10	230
1995	11	953
1995	12	440
1996	1	756
1996	2	636
1996	3	1194
1996	4	1594
1996	5	1440
1996	6	1319
1996	7	214
1996	8	113
1996	9	110
1996	10	172
1996	11	330
1996	12	919
1997	1	842
1997	2	2128
1997	3	2683
1997	4	814
1997	5	949
1997	6	1603
1997	7	254
1997	8	244
1997	9	377
1997	10	220
1997	11	403
1997	12	856
1998	1	1525
1998	2	2400
1998	3	2333
1998	4	1603
1998	5	1069
1998	6	332
1998	7	227
1998	8	775
1998	9	237
1998	10	281
1998	11	283
1998	12	312
1999	1	1635
1999	2	1293
1999	3	1255
1999	4	2074
1999	5	612
1999	6	866
1999	7	218
1999	8	112
1999	9	71
1999	10	137
1999	11	151
1999	12	241
2000	1	218
2000	2	344
2000	3	433
2000	4	998
2000	5	1840
2000	6	1697
2000	7	567
2000	8	368
2000	9	399
2000	10	394
2000	11	284
2000	12	485
2001	1	489
2001	2	3072
2001	3	1063
2001	4	1136
2001	5	1373
2001	6	875
2001	7	176
2001	8	144
2001	9	189
2001	10	1409
2001	11	491
2001	12	1317
2002	1	471
2002	2	2064
2002	3	1354
2002	4	2228
2002	5	1715
2002	6	501
2002	7	145
2002	8	143
2002	9	108
2002	10	117
2002	11	195
2002	12	228
2003	1	207
2003	2	197
2003	3	1275
2003	4	1126
2003	5	1452
2003	6	441
2003	7	141
2003	8	181
2003	9	223
2003	10	336
2003	11	538
2003	12	975
2004	1	743
2004	2	542
2004	3	1570
2004	4	521
2004	5	1765
2004	6	1637
2004	7	263
2004	8	207
2004	9	138
2004	10	97
2004	11	228
2004	12	733
2005	1	1914
2005	2	1907
2005	3	1414
2005	4	566
2005	5	406
2005	6	186
2005	7	258
2005	8	143
2005	9	91
2005	10	94
2005	11	227
2005	12	691
2006	1	1978
2006	2	1843
2006	3	1404
2006	4	820
2006	5	1492
2006	6	1183
2006	7	843
2006	8	235
2006	9	211
2006	10	752
2006	11	990
2006	12	1962
2007	1	2740
2007	2	537
2007	3	2191
2007	4	1219
2007	5	784
2007	6	461
2007	7	132
2007	8	968
2007	9	314
2007	10	206
2007	11	372
2007	12	1346
2008	1	2146
2008	2	2663
2008	3	2689
2008	4	1888
2008	5	567
2008	6	599
2008	7	1742
2008	8	127
2008	9	402
2008	10	198
2008	11	351
2008	12	1164
2009	1	790
2009	2	2271
2009	3	3333
2009	4	1961
2009	5	1061
2009	6	1048
2009	7	270
2009	8	197
2009	9	214
2009	10	328
2009	11	375
2009	12	738
2010	1	599
2010	2	383
2010	3	1634
2010	4	944
2010	5	2548
2010	6	1467
2010	7	559
2010	8	276
2010	9	156
2010	10	160
2010	11	261
2010	12	312
2011	1	365
2011	2	863
2011	3	3250
2011	4	2107
2011	5	2524
2011	6	941
2011	7	385
2011	8	414
2011	9	312
2011	10	568
2011	11	1802
2011	12	3768
2012	1	1664
2012	2	1089
2012	3	1946
2012	4	632
2012	5	501
2012	6	173
2012	7	68
2012	8	95
2012	9	109
2012	10	131
2012	11	166
2012	12	202
2013	1	349
2013	2	569
2013	3	1026
2013	4	2119
2013	5	593
2013	6	951
2013	7	1274
2013	8	279
2013	9	188
2013	10	167
2013	11	456
2013	12	528
2014	1	558
2014	2	665
2014	3	2515
2014	4	1676
2014	5	1063
2014	6	579
2014	7	240
2014	8	164
2014	9	221
2014	10	223
2014	11	329
2014	12	441
2015	1	0
2015	2	0
2015	3	997
2015	4	693
2015	5	450
2015	6	2835
2015	7	1704
2015	8	264
2015	9	179
