1950	4	521
1950	5	215
1950	6	194
1950	7	78
1950	8	38
1950	9	383
1950	10	55
1950	11	450
1950	12	725
1951	1	584
1951	2	664
1951	3	613
1951	4	486
1951	5	153
1951	6	46
1951	7	30
1951	8	6
1951	9	9
1951	10	9
1951	11	237
1951	12	564
1952	1	876
1952	2	372
1952	3	430
1952	4	300
1952	5	421
1952	6	32
1952	7	14
1952	8	22
1952	9	23
1952	10	10
1952	11	96
1952	12	260
1953	1	312
1953	2	237
1953	3	407
1953	4	206
1953	5	669
1953	6	147
1953	7	13
1953	8	8
1953	9	13
1953	10	5
1953	11	16
1953	12	167
1954	1	443
1954	2	353
1954	3	693
1954	4	809
1954	5	331
1954	6	48
1954	7	19
1954	8	5
1954	9	5
1954	10	579
1954	11	273
1954	12	800
1955	1	284
1955	2	601
1955	3	555
1955	4	300
1955	5	46
1955	6	19
1955	7	8
1955	8	8
1955	9	4
1955	10	109
1955	11	319
1955	12	343
1956	1	91
1956	2	775
1956	3	745
1956	4	541
1956	5	653
1956	6	153
1956	7	79
1956	8	256
1956	9	212
1956	10	31
1956	11	77
1956	12	532
1957	1	497
1957	2	420
1957	3	251
1957	4	838
1957	5	117
1957	6	409
1957	7	90
1957	8	8
1957	9	8
1957	10	9
1957	11	20
1957	12	392
1958	1	170
1958	2	328
1958	3	522
1958	4	213
1958	5	188
1958	6	123
1958	7	110
1958	8	273
1958	9	563
1958	10	128
1958	11	338
1958	12	193
1959	1	773
1959	2	657
1959	3	606
1959	4	350
1959	5	197
1959	6	79
1959	7	19
1959	8	17
1959	9	35
1959	10	501
1959	11	532
1959	12	692
1960	1	444
1960	2	434
1960	3	559
1960	4	363
1960	5	409
1960	6	42
1960	7	16
1960	8	14
1960	9	18
1960	10	10
1960	11	41
1960	12	35
1961	1	94
1961	2	686
1961	3	450
1961	4	771
1961	5	165
1961	6	71
1961	7	20
1961	8	52
1961	9	26
1961	10	16
1961	11	188
1961	12	324
1962	1	337
1962	2	264
1962	3	434
1962	4	312
1962	5	74
1962	6	48
1962	7	10
1962	8	14
1962	9	19
1962	10	93
1962	11	351
1962	12	166
1963	1	178
1963	2	66
1963	3	863
1963	4	310
1963	5	75
1963	6	33
1963	7	13
1963	8	12
1963	9	8
1963	10	6
1963	11	92
1963	12	204
1964	1	460
1964	2	174
1964	3	979
1964	4	555
1964	5	198
1964	6	37
1964	7	22
1964	8	66
1964	9	11
1964	10	17
1964	11	44
1964	12	470
1965	1	725
1965	2	525
1965	3	698
1965	4	267
1965	5	89
1965	6	58
1965	7	18
1965	8	10
1965	9	11
1965	10	37
1965	11	322
1965	12	350
1966	1	207
1966	2	504
1966	3	424
1966	4	386
1966	5	203
1966	6	30
1966	7	7
1966	8	35
1966	9	14
1966	10	19
1966	11	349
1966	12	612
1967	1	122
1967	2	278
1967	3	423
1967	4	338
1967	5	401
1967	6	66
1967	7	262
1967	8	333
1967	9	113
1967	10	381
1967	11	711
1967	12	309
1968	1	682
1968	2	390
1968	3	460
1968	4	250
1968	5	306
1968	6	51
1968	7	35
1968	8	20
1968	9	13
1968	10	152
1968	11	499
1968	12	841
1969	1	580
1969	2	244
1969	3	234
1969	4	764
1969	5	515
1969	6	71
1969	7	414
1969	8	69
1969	9	17
1969	10	36
1969	11	304
1969	12	393
1970	1	301
1970	2	474
1970	3	561
1970	4	289
1970	5	260
1970	6	62
1970	7	96
1970	8	39
1970	9	281
1970	10	435
1970	11	723
1970	12	389
1971	1	249
1971	2	881
1971	3	506
1971	4	149
1971	5	97
1971	6	179
1971	7	19
1971	8	30
1971	9	95
1971	10	100
1971	11	301
1971	12	769
1972	1	362
1972	2	446
1972	3	986
1972	4	330
1972	5	261
1972	6	889
1972	7	139
1972	8	42
1972	9	60
1972	10	152
1972	11	455
1972	12	563
1973	1	300
1973	2	254
1973	3	720
1973	4	392
1973	5	350
1973	6	253
1973	7	17
1973	8	66
1973	9	14
1973	10	56
1973	11	361
1973	12	466
1974	1	376
1974	2	265
1974	3	733
1974	4	552
1974	5	424
1974	6	65
1974	7	288
1974	8	15
1974	9	18
1974	10	62
1974	11	605
1974	12	410
1975	1	485
1975	2	597
1975	3	541
1975	4	168
1975	5	63
1975	6	227
1975	7	15
1975	8	107
1975	9	78
1975	10	70
1975	11	110
1975	12	550
1976	1	632
1976	2	1097
1976	3	612
1976	4	234
1976	5	137
1976	6	31
1976	7	250
1976	8	58
1976	9	130
1976	10	205
1976	11	293
1976	12	200
1977	1	80
1977	2	688
1977	3	791
1977	4	502
1977	5	72
1977	6	29
1977	7	399
1977	8	421
1977	9	566
1977	10	229
1977	11	711
1977	12	908
1978	1	275
1978	2	128
1978	3	873
1978	4	331
1978	5	327
1978	6	36
1978	7	13
1978	8	15
1978	9	18
1978	10	63
1978	11	37
1978	12	261
1979	1	728
1979	2	436
1979	3	981
1979	4	592
1979	5	219
1979	6	58
1979	7	24
1979	8	29
1979	9	448
1979	10	326
1979	11	380
1979	12	805
1980	1	261
1980	2	229
1980	3	515
1980	4	332
1980	5	79
1980	6	302
1980	7	234
1980	8	493
1980	9	72
1980	10	172
1980	11	189
1980	12	295
1981	1	147
1981	2	1114
1981	3	275
1981	4	739
1981	5	144
1981	6	213
1981	7	90
1981	8	182
1981	9	157
1981	10	455
1981	11	295
1981	12	438
1982	1	440
1982	2	689
1982	3	831
1982	4	347
1982	5	137
1982	6	260
1982	7	54
1982	8	29
1982	9	20
1982	10	28
1982	11	555
1982	12	652
1983	1	194
1983	2	302
1983	3	372
1983	4	340
1983	5	386
1983	6	101
1983	7	69
1983	8	59
1983	9	61
1983	10	93
1983	11	608
1983	12	438
1984	1	125
1984	2	643
1984	3	608
1984	4	420
1984	5	553
1984	6	137
1984	7	175
1984	8	32
1984	9	60
1984	10	76
1984	11	541
1984	12	570
1985	1	238
1985	2	917
1985	3	689
1985	4	383
1985	5	38
1985	6	102
1985	7	165
1985	8	21
1985	9	47
1985	10	72
1985	11	1373
1985	12	267
1986	1	595
1986	2	580
1986	3	367
1986	4	218
1986	5	275
1986	6	1012
1986	7	51
1986	8	19
1986	9	25
1986	10	237
1986	11	272
1986	12	530
1987	1	167
1987	2	115
1987	3	383
1987	4	487
1987	5	48
1987	6	101
1987	7	302
1987	8	157
1987	9	200
1987	10	445
1987	11	202
1987	12	496
1988	1	265
1988	2	498
1988	3	298
1988	4	235
1988	5	170
1988	6	25
1988	7	14
1988	8	11
1988	9	46
1988	10	73
1988	11	397
1988	12	238
1989	1	401
1989	2	350
1989	3	271
1989	4	303
1989	5	478
1989	6	436
1989	7	39
1989	8	18
1989	9	35
1989	10	88
1989	11	301
1989	12	110
1990	1	929
1990	2	965
1990	3	300
1990	4	475
1990	5	433
1990	6	45
1990	7	88
1990	8	201
1990	9	708
1990	10	501
1990	11	312
1990	12	1021
1991	1	361
1991	2	701
1991	3	542
1991	4	375
1991	5	57
1991	6	12
1991	7	7
1991	8	7
1991	9	4
1991	10	11
1991	11	20
1991	12	131
1992	1	411
1992	2	388
1992	3	385
1992	4	382
1992	5	130
1992	6	31
1992	7	252
1992	8	167
1992	9	434
1992	10	286
1992	11	669
1992	12	400
1993	1	773
1993	2	143
1993	3	914
1993	4	366
1993	5	54
1993	6	93
1993	7	19
1993	8	11
1993	9	54
1993	10	120
1993	11	560
1993	12	364
1994	1	408
1994	2	523
1994	3	789
1994	4	561
1994	5	94
1994	6	105
1994	7	97
1994	8	238
1994	9	48
1994	10	67
1994	11	194
1994	12	298
1995	1	362
1995	2	190
1995	3	355
1995	4	313
1995	5	121
1995	6	60
1995	7	29
1995	8	13
1995	9	3
1995	10	32
1995	11	528
1995	12	286
1996	1	765
1996	2	526
1996	3	383
1996	4	643
1996	5	541
1996	6	522
1996	7	115
1996	8	34
1996	9	384
1996	10	344
1996	11	820
1996	12	614
1997	1	406
1997	2	673
1997	3	646
1997	4	233
1997	5	358
1997	6	468
1997	7	28
1997	8	24
1997	9	15
1997	10	25
1997	11	97
1997	12	459
1998	1	747
1998	2	230
1998	3	372
1998	4	621
1998	5	305
1998	6	52
1998	7	13
1998	8	11
1998	9	10
1998	10	8
1998	11	17
1998	12	79
1999	1	721
1999	2	280
1999	3	345
1999	4	324
1999	5	64
1999	6	22
1999	7	22
1999	8	11
1999	9	9
1999	10	42
1999	11	374
1999	12	301
2000	1	335
2000	2	435
2000	3	146
2000	4	604
2000	5	347
2000	6	269
2000	7	84
2000	8	406
2000	9	65
2000	10	135
2000	11	417
2000	12	413
2001	1	171
2001	2	561
2001	3	337
2001	4	218
2001	5	141
2001	6	81
2001	7	13
2001	8	12
2001	9	12
2001	10	113
2001	11	92
2001	12	367
2002	1	297
2002	2	441
2002	3	458
2002	4	517
2002	5	578
2002	6	81
2002	7	38
2002	8	17
2002	9	14
2002	10	22
2002	11	124
2002	12	230
2003	1	222
2003	2	342
2003	3	576
2003	4	338
2003	5	328
2003	6	537
2003	7	206
2003	8	42
2003	9	244
2003	10	400
2003	11	396
2003	12	544
2004	1	232
2004	2	472
2004	3	742
2004	4	548
2004	5	759
2004	6	153
2004	7	117
2004	8	199
2004	9	742
2004	10	79
2004	11	303
2004	12	563
2005	1	1532
2005	2	664
2005	3	551
2005	4	763
2005	5	141
2005	6	34
2005	7	56
2005	8	31
2005	9	87
2005	10	116
2005	11	365
2005	12	364
2006	1	433
2006	2	415
2006	3	303
2006	4	305
2006	5	401
2006	6	107
2006	7	390
2006	8	82
2006	9	139
2006	10	811
2006	11	484
2006	12	667
2007	1	787
2007	2	120
2007	3	973
2007	4	411
2007	5	213
2007	6	30
2007	7	17
2007	8	69
2007	9	46
2007	10	57
2007	11	451
2007	12	569
2008	1	328
2008	2	771
2008	3	945
2008	4	326
2008	5	216
2008	6	142
2008	7	305
2008	8	92
2008	9	23
2008	10	97
2008	11	404
2008	12	857
2009	1	170
2009	2	744
2009	3	465
2009	4	393
2009	5	137
2009	6	62
2009	7	162
2009	8	63
2009	9	30
2009	10	177
2009	11	141
2009	12	456
2010	1	589
2010	2	135
2010	3	677
2010	4	203
2010	5	215
2010	6	229
2010	7	53
2010	8	27
2010	9	10
2010	10	79
2010	11	314
2010	12	388
2011	1	333
2011	2	541
2011	3	1096
2011	4	894
2011	5	463
2011	6	68
2011	7	20
2011	8	40
2011	9	150
2011	10	485
2011	11	467
2011	12	662
2012	1	768
2012	2	329
2012	3	422
2012	4	120
2012	5	269
2012	6	38
2012	7	10
2012	8	11
2012	9	24
2012	10	406
2012	11	320
2012	12	458
2013	1	515
2013	2	392
2013	3	396
2013	4	372
2013	5	157
2013	6	561
2013	7	427
2013	8	68
2013	9	97
2013	10	247
2013	11	500
2013	12	610
2014	1	327
2014	2	386
2014	3	517
2014	4	481
2014	5	425
2014	6	409
2014	7	114
2014	8	243
2014	9	69
2014	10	189
2014	11	260
2014	12	277
2015	1	245
2015	2	112
2015	3	348
2015	4	401
2015	5	213
2015	6	542
2015	7	115
2015	8	13
2015	9	28
