1940	1	42
1940	2	56
1940	3	271
1940	4	1021
1940	5	212
1940	6	129
1940	7	150
1940	8	48
1940	9	36
1940	10	29
1940	11	89
1940	12	253
1941	1	129
1941	2	109
1941	3	224
1941	4	614
1941	5	79
1941	6	39
1941	7	35
1941	8	36
1941	9	20
1941	10	25
1941	11	45
1941	12	132
1942	1	133
1942	2	118
1942	3	647
1942	4	301
1942	5	124
1942	6	45
1942	7	29
1942	8	96
1942	9	85
1942	10	121
1942	11	249
1942	12	395
1943	1	273
1943	2	313
1943	3	475
1943	4	368
1943	5	528
1943	6	218
1943	7	48
1943	8	38
1943	9	20
1943	10	176
1943	11	244
1943	12	92
1944	1	69
1944	2	91
1944	3	484
1944	4	332
1944	5	262
1944	6	153
1944	7	39
1944	8	21
1944	9	24
1944	10	36
1944	11	67
1944	12	132
1945	1	143
1945	2	232
1945	3	879
1945	4	234
1945	5	388
1945	6	204
1945	7	69
1945	8	37
1945	9	237
1945	10	359
1945	11	421
1945	12	221
1946	1	221
1946	2	87
1946	3	437
1946	4	100
1946	5	257
1946	6	221
1946	7	95
1946	8	54
1946	9	50
1946	10	179
1946	11	110
1946	12	78
1947	1	312
1947	2	128
1947	3	381
1947	4	563
1947	5	516
1947	6	331
1947	7	142
1947	8	98
1947	9	47
1947	10	25
1947	11	109
1947	12	106
1948	1	46
1948	2	153
1948	3	588
1948	4	299
1948	5	318
1948	6	114
1948	7	51
1948	8	101
1948	9	24
1948	10	29
1948	11	157
1948	12	125
1949	1	351
1949	2	291
1949	3	237
1949	4	243
1949	5	130
1949	6	54
1949	7	39
1949	8	28
1949	9	46
1949	10	37
1949	11	69
1949	12	162
1950	1	294
1950	2	134
1950	3	505
1950	4	508
1950	5	132
1950	6	226
1950	7	76
1950	8	31
1950	9	153
1950	10	88
1950	11	221
1950	12	417
1951	1	342
1951	2	447
1951	3	467
1951	4	328
1951	5	90
1951	6	96
1951	7	92
1951	8	28
1951	9	21
1951	10	19
1951	11	70
1951	12	170
1952	1	351
1952	2	213
1952	3	385
1952	4	278
1952	5	244
1952	6	72
1952	7	93
1952	8	45
1952	9	25
1952	10	38
1952	11	95
1952	12	284
1953	1	233
1953	2	246
1953	3	312
1953	4	267
1953	5	215
1953	6	53
1953	7	23
1953	8	18
1953	9	13
1953	10	12
1953	11	29
1953	12	55
1954	1	76
1954	2	312
1954	3	270
1954	4	305
1954	5	262
1954	6	107
1954	7	30
1954	8	23
1954	9	36
1954	10	26
1954	11	179
1954	12	375
1955	1	209
1955	2	249
1955	3	695
1955	4	195
1955	5	90
1955	6	31
1955	7	15
1955	8	21
1955	9	14
1955	10	265
1955	11	258
1955	12	175
1956	1	107
1956	2	215
1956	3	645
1956	4	805
1956	5	218
1956	6	79
1956	7	94
1956	8	32
1956	9	75
1956	10	70
1956	11	82
1956	12	275
1957	1	201
1957	2	184
1957	3	277
1957	4	317
1957	5	192
1957	6	81
1957	7	71
1957	8	39
1957	9	44
1957	10	31
1957	11	55
1957	12	203
1958	1	130
1958	2	130
1958	3	441
1958	4	951
1958	5	322
1958	6	295
1958	7	112
1958	8	55
1958	9	79
1958	10	104
1958	11	180
1958	12	107
1959	1	298
1959	2	206
1959	3	367
1959	4	437
1959	5	100
1959	6	41
1959	7	37
1959	8	22
1959	9	13
1959	10	99
1959	11	317
1959	12	453
1960	1	209
1960	2	348
1960	3	322
1960	4	604
1960	5	232
1960	6	130
1960	7	34
1960	8	23
1960	9	38
1960	10	36
1960	11	49
1960	12	31
1961	1	38
1961	2	400
1961	3	381
1961	4	617
1961	5	285
1961	6	296
1961	7	114
1961	8	133
1961	9	44
1961	10	35
1961	11	81
1961	12	116
1962	1	192
1962	2	118
1962	3	385
1962	4	409
1962	5	104
1962	6	32
1962	7	15
1962	8	15
1962	9	18
1962	10	149
1962	11	153
1962	12	100
1963	1	87
1963	2	48
1963	3	556
1963	4	318
1963	5	187
1963	6	107
1963	7	42
1963	8	24
1963	9	14
1963	10	10
1963	11	89
1963	12	165
1964	1	227
1964	2	93
1964	3	633
1964	4	337
1964	5	152
1964	6	45
1964	7	19
1964	8	12
1964	9	6
1964	10	9
1964	11	16
1964	12	67
1965	1	93
1965	2	238
1965	3	160
1965	4	261
1965	5	97
1965	6	33
1965	7	16
1965	8	8
1965	9	14
1965	10	21
1965	11	77
1965	12	126
1966	1	105
1966	2	269
1966	3	473
1966	4	254
1966	5	248
1966	6	131
1966	7	30
1966	8	24
1966	9	33
1966	10	25
1966	11	107
1966	12	189
1967	1	150
1967	2	140
1967	3	342
1967	4	279
1967	5	233
1967	6	79
1967	7	56
1967	8	67
1967	9	38
1967	10	165
1967	11	366
1967	12	232
1968	1	100
1968	2	144
1968	3	391
1968	4	187
1968	5	206
1968	6	173
1968	7	69
1968	8	43
1968	9	66
1968	10	82
1968	11	360
1968	12	283
1969	1	261
1969	2	176
1969	3	259
1969	4	381
1969	5	155
1969	6	142
1969	7	48
1969	8	24
1969	9	19
1969	10	27
1969	11	239
1969	12	209
1970	1	132
1970	2	273
1970	3	283
1970	4	657
1970	5	185
1970	6	57
1970	7	71
1970	8	34
1970	9	64
1970	10	181
1970	11	307
1970	12	205
1971	1	150
1971	2	341
1971	3	449
1971	4	526
1971	5	259
1971	6	79
1971	7	42
1971	8	24
1971	9	24
1971	10	19
1971	11	40
1971	12	265
1972	1	195
1972	2	103
1972	3	498
1972	4	506
1972	5	367
1972	6	615
1972	7	168
1972	8	69
1972	9	31
1972	10	52
1972	11	377
1972	12	539
1973	1	266
1973	2	226
1973	3	393
1973	4	440
1973	5	233
1973	6	105
1973	7	37
1973	8	25
1973	9	30
1973	10	25
1973	11	41
1973	12	276
1974	1	225
1974	2	208
1974	3	263
1974	4	530
1974	5	239
1974	6	111
1974	7	41
1974	8	26
1974	9	72
1974	10	78
1974	11	258
1974	12	281
1975	1	271
1975	2	365
1975	3	331
1975	4	286
1975	5	246
1975	6	122
1975	7	64
1975	8	42
1975	9	318
1975	10	231
1975	11	181
1975	12	193
1976	1	158
1976	2	554
1976	3	434
1976	4	333
1976	5	284
1976	6	165
1976	7	312
1976	8	106
1976	9	81
1976	10	309
1976	11	166
1976	12	147
1977	1	80
1977	2	237
1977	3	704
1977	4	260
1977	5	117
1977	6	48
1977	7	45
1977	8	79
1977	9	560
1977	10	556
1977	11	324
1977	12	444
1978	1	417
1978	2	155
1978	3	474
1978	4	546
1978	5	148
1978	6	73
1978	7	29
1978	8	34
1978	9	33
1978	10	53
1978	11	45
1978	12	106
1979	1	378
1979	2	187
1979	3	725
1979	4	321
1979	5	110
1979	6	50
1979	7	24
1979	8	30
1979	9	42
1979	10	124
1979	11	215
1979	12	180
1980	1	97
1980	2	45
1980	3	485
1980	4	332
1980	5	96
1980	6	65
1980	7	55
1980	8	42
1980	9	23
1980	10	62
1980	11	146
1980	12	163
1981	1	72
1981	2	594
1981	3	204
1981	4	208
1981	5	141
1981	6	99
1981	7	44
1981	8	37
1981	9	164
1981	10	593
1981	11	365
1981	12	239
1982	1	158
1982	2	298
1982	3	471
1982	4	408
1982	5	118
1982	6	201
1982	7	71
1982	8	28
1982	9	32
1982	10	29
1982	11	110
1982	12	170
1983	1	128
1983	2	244
1983	3	208
1983	4	603
1983	5	296
1983	6	86
1983	7	30
1983	8	26
1983	9	15
1983	10	22
1983	11	138
1983	12	394
1984	1	82
1984	2	510
1984	3	205
1984	4	589
1984	5	477
1984	6	157
1984	7	124
1984	8	112
1984	9	64
1984	10	54
1984	11	143
1984	12	332
1985	1	149
1985	2	224
1985	3	358
1985	4	215
1985	5	73
1985	6	43
1985	7	40
1985	8	17
1985	9	26
1985	10	44
1985	11	246
1985	12	210
1986	1	178
1986	2	215
1986	3	474
1986	4	245
1986	5	135
1986	6	167
1986	7	95
1986	8	108
1986	9	40
1986	10	105
1986	11	242
1986	12	268
1987	1	131
1987	2	72
1987	3	412
1987	4	404
1987	5	78
1987	6	47
1987	7	70
1987	8	39
1987	9	65
1987	10	82
1987	11	104
1987	12	204
1988	1	131
1988	2	173
1988	3	312
1988	4	206
1988	5	190
1988	6	48
1988	7	37
1988	8	26
1988	9	26
1988	10	68
1988	11	169
1988	12	82
1989	1	89
1989	2	103
1989	3	234
1989	4	286
1989	5	389
1989	6	236
1989	7	99
1989	8	40
1989	9	87
1989	10	144
1989	11	224
1989	12	74
1990	1	227
1990	2	499
1990	3	227
1990	4	391
1990	5	330
1990	6	87
1990	7	43
1990	8	38
1990	9	41
1990	10	325
1990	11	316
1990	12	453
1991	1	215
1991	2	292
1991	3	381
1991	4	328
1991	5	111
1991	6	30
1991	7	23
1991	8	25
1991	9	21
1991	10	26
1991	11	75
1991	12	128
1992	1	165
1992	2	153
1992	3	353
1992	4	320
1992	5	166
1992	6	113
1992	7	153
1992	8	178
1992	9	178
1992	10	157
1992	11	322
1992	12	261
1993	1	263
1993	2	75
1993	3	259
1993	4	1313
1993	5	180
1993	6	111
1993	7	44
1993	8	35
1993	9	43
1993	10	48
1993	11	245
1993	12	224
1994	1	72
1994	2	186
1994	3	513
1994	4	836
1994	5	194
1994	6	161
1994	7	72
1994	8	269
1994	9	126
1994	10	86
1994	11	280
1994	12	213
1995	1	246
1995	2	123
1995	3	282
1995	4	175
1995	5	123
1995	6	67
1995	7	26
1995	8	17
1995	9	16
1995	10	106
1995	11	170
1995	12	130
1996	1	543
1996	2	273
1996	3	271
1996	4	476
1996	5	532
1996	6	119
1996	7	111
1996	8	114
1996	9	80
1996	10	155
1996	11	452
1996	12	554
1997	1	156
1997	2	245
1997	3	313
1997	4	221
1997	5	175
1997	6	131
1997	7	65
1997	8	29
1997	9	34
1997	10	41
1997	11	174
1997	12	181
1998	1	574
1998	2	350
1998	3	588
1998	4	353
1998	5	154
1998	6	154
1998	7	120
1998	8	31
1998	9	25
1998	10	31
1998	11	32
1998	12	40
1999	1	208
1999	2	185
1999	3	373
1999	4	267
1999	5	73
1999	6	25
1999	7	14
1999	8	10
1999	9	36
1999	10	52
1999	11	106
1999	12	132
2000	1	176
2000	2	390
2000	3	309
2000	4	460
2000	5	384
2000	6	290
2000	7	97
2000	8	40
2000	9	46
2000	10	80
2000	11	79
2000	12	113
2001	1	79
2001	2	207
2001	3	350
2001	4	537
2001	5	75
2001	6	143
2001	7	41
2001	8	21
2001	9	50
2001	10	34
2001	11	59
2001	12	169
2002	1	131
2002	2	301
2002	3	211
2002	4	278
2002	5	389
2002	6	315
2002	7	63
2002	8	26
2002	9	66
2002	10	98
2002	11	219
2002	12	241
2003	1	188
2003	2	198
2003	3	518
2003	4	383
2003	5	187
2003	6	169
2003	7	157
2003	8	105
2003	9	102
2003	10	210
2003	11	342
2003	12	476
2004	1	194
2004	2	110
2004	3	563
2004	4	401
2004	5	352
2004	6	113
2004	7	266
2004	8	280
2004	9	323
2004	10	115
2004	11	185
2004	12	331
2005	1	366
2005	2	289
2005	3	328
2005	4	681
2005	5	100
2005	6	71
2005	7	34
2005	8	17
2005	9	29
2005	10	169
2005	11	265
2005	12	258
2006	1	402
2006	2	260
2006	3	279
2006	4	166
2006	5	94
2006	6	271
2006	7	334
2006	8	142
2006	9	112
2006	10	207
2006	11	333
2006	12	164
2007	1	265
2007	2	85
2007	3	582
2007	4	397
2007	5	123
2007	6	50
2007	7	50
2007	8	43
2007	9	54
2007	10	137
2007	11	282
2007	12	437
2008	1	274
2008	2	401
2008	3	576
2008	4	301
2008	5	106
2008	6	69
2008	7	108
2008	8	71
2008	9	29
2008	10	61
2008	11	146
2008	12	306
2009	1	136
2009	2	203
2009	3	393
2009	4	298
2009	5	103
2009	6	100
2009	7	74
2009	8	93
2009	9	56
2009	10	124
2009	11	110
2009	12	143
2010	1	263
2010	2	118
2010	3	425
2010	4	176
2010	5	134
2010	6	71
2010	7	42
2010	8	71
2010	9	42
2010	10	307
2010	11	181
2010	12	321
2011	1	122
2011	2	189
2011	3	738
2011	4	622
2011	5	319
2011	6	95
2011	7	35
2011	8	37
2011	9	346
2011	10	235
2011	11	188
2011	12	260
2012	1	288
2012	2	170
2012	3	200
2012	4	131
2012	5	172
2012	6	62
2012	7	19
2012	8	24
2012	9	26
2012	10	50
2012	11	93
2012	12	290
2013	1	279
2013	2	184
2013	3	271
2013	4	288
2013	5	99
2013	6	107
2013	7	197
2013	8	275
2013	9	135
2013	10	106
2013	11	190
2013	12	310
2014	1	255
2014	2	129
2014	3	272
2014	4	366
2014	5	228
2014	6	179
2014	7	94
2014	8	105
2014	9	52
2014	10	69
2014	11	96
2014	12	253
2015	1	48
2015	2	0
2015	3	147
2015	4	708
2015	5	169
2015	6	276
2015	7	235
2015	8	50
2015	9	68
