1940	1	52
1940	2	45
1940	3	78
1940	4	964
1940	5	1113
1940	6	190
1940	7	91
1940	8	34
1940	9	71
1940	10	57
1940	11	234
1940	12	243
1941	1	143
1941	2	118
1941	3	80
1941	4	805
1941	5	141
1941	6	59
1941	7	85
1941	8	45
1941	9	31
1941	10	83
1941	11	193
1941	12	136
1942	1	172
1942	2	65
1942	3	333
1942	4	1121
1942	5	213
1942	6	174
1942	7	46
1942	8	22
1942	9	70
1942	10	120
1942	11	235
1942	12	128
1943	1	70
1943	2	140
1943	3	381
1943	4	598
1943	5	845
1943	6	172
1943	7	97
1943	8	161
1943	9	162
1943	10	259
1943	11	405
1943	12	143
1944	1	85
1944	2	75
1944	3	175
1944	4	854
1944	5	492
1944	6	183
1944	7	146
1944	8	37
1944	9	75
1944	10	173
1944	11	128
1944	12	109
1945	1	179
1945	2	96
1945	3	825
1945	4	457
1945	5	663
1945	6	198
1945	7	165
1945	8	48
1945	9	302
1945	10	666
1945	11	389
1945	12	194
1946	1	261
1946	2	144
1946	3	720
1946	4	318
1946	5	462
1946	6	188
1946	7	55
1946	8	97
1946	9	64
1946	10	247
1946	11	355
1946	12	235
1947	1	246
1947	2	222
1947	3	350
1947	4	915
1947	5	711
1947	6	840
1947	7	246
1947	8	62
1947	9	37
1947	10	34
1947	11	88
1947	12	73
1948	1	48
1948	2	97
1948	3	685
1948	4	416
1948	5	405
1948	6	163
1948	7	101
1948	8	140
1948	9	31
1948	10	60
1948	11	316
1948	12	390
1949	1	340
1949	2	167
1949	3	420
1949	4	515
1949	5	187
1949	6	49
1949	7	33
1949	8	38
1949	9	40
1949	10	59
1949	11	108
1949	12	192
1950	1	245
1950	2	136
1950	3	243
1950	4	739
1950	5	246
1950	6	98
1950	7	42
1950	8	45
1950	9	91
1950	10	92
1950	11	251
1950	12	399
1951	1	142
1951	2	245
1951	3	339
1951	4	1026
1951	5	286
1951	6	95
1951	7	202
1951	8	118
1951	9	84
1951	10	112
1951	11	384
1951	12	273
1952	1	218
1952	2	223
1952	3	223
1952	4	1255
1952	5	485
1952	6	408
1952	7	70
1952	8	41
1952	9	77
1952	10	60
1952	11	111
1952	12	240
1953	1	229
1953	2	246
1953	3	769
1953	4	709
1953	5	570
1953	6	60
1953	7	23
1953	8	75
1953	9	23
1953	10	38
1953	11	65
1953	12	221
1954	1	91
1954	2	249
1954	3	340
1954	4	1101
1954	5	493
1954	6	188
1954	7	78
1954	8	96
1954	9	263
1954	10	191
1954	11	343
1954	12	271
1955	1	145
1955	2	128
1955	3	360
1955	4	1194
1955	5	263
1955	6	167
1955	7	38
1955	8	104
1955	9	45
1955	10	180
1955	11	282
1955	12	90
1956	1	117
1956	2	70
1956	3	76
1956	4	765
1956	5	663
1956	6	228
1956	7	125
1956	8	33
1956	9	127
1956	10	124
1956	11	149
1956	12	241
1957	1	265
1957	2	163
1957	3	226
1957	4	358
1957	5	227
1957	6	130
1957	7	138
1957	8	49
1957	9	36
1957	10	40
1957	11	156
1957	12	465
1958	1	139
1958	2	88
1958	3	128
1958	4	1295
1958	5	420
1958	6	233
1958	7	101
1958	8	58
1958	9	124
1958	10	197
1958	11	169
1958	12	105
1959	1	183
1959	2	137
1959	3	238
1959	4	956
1959	5	191
1959	6	117
1959	7	43
1959	8	39
1959	9	42
1959	10	394
1959	11	547
1959	12	337
1960	1	190
1960	2	186
1960	3	177
1960	4	1132
1960	5	263
1960	6	100
1960	7	52
1960	8	34
1960	9	95
1960	10	139
1960	11	198
1960	12	117
1961	1	73
1961	2	179
1961	3	270
1961	4	729
1961	5	529
1961	6	205
1961	7	163
1961	8	47
1961	9	34
1961	10	30
1961	11	109
1961	12	125
1962	1	113
1962	2	55
1962	3	217
1962	4	1118
1962	5	309
1962	6	55
1962	7	81
1962	8	96
1962	9	67
1962	10	282
1962	11	325
1962	12	220
1963	1	83
1963	2	66
1963	3	325
1963	4	958
1963	5	428
1963	6	98
1963	7	53
1963	8	67
1963	9	22
1963	10	22
1963	11	239
1963	12	141
1964	1	118
1964	2	67
1964	3	405
1964	4	676
1964	5	350
1964	6	91
1964	7	67
1964	8	59
1964	9	39
1964	10	57
1964	11	141
1964	12	180
1965	1	153
1965	2	113
1965	3	162
1965	4	399
1965	5	168
1965	6	46
1965	7	27
1965	8	53
1965	9	100
1965	10	223
1965	11	288
1965	12	186
1966	1	239
1966	2	177
1966	3	461
1966	4	553
1966	5	575
1966	6	165
1966	7	45
1966	8	95
1966	9	111
1966	10	117
1966	11	249
1966	12	200
1967	1	105
1967	2	93
1967	3	161
1967	4	828
1967	5	453
1967	6	192
1967	7	64
1967	8	55
1967	9	45
1967	10	128
1967	11	143
1967	12	272
1968	1	106
1968	2	110
1968	3	663
1968	4	529
1968	5	296
1968	6	157
1968	7	107
1968	8	41
1968	9	47
1968	10	69
1968	11	265
1968	12	211
1969	1	140
1969	2	122
1969	3	215
1969	4	1414
1969	5	583
1969	6	214
1969	7	139
1969	8	197
1969	9	50
1969	10	61
1969	11	432
1969	12	250
1970	1	113
1970	2	399
1970	3	174
1970	4	1201
1970	5	414
1970	6	78
1970	7	54
1970	8	31
1970	9	57
1970	10	117
1970	11	141
1970	12	104
1971	1	74
1971	2	116
1971	3	190
1971	4	825
1971	5	927
1971	6	82
1971	7	46
1971	8	281
1971	9	142
1971	10	82
1971	11	104
1971	12	221
1972	1	172
1972	2	126
1972	3	246
1972	4	704
1972	5	1001
1972	6	192
1972	7	256
1972	8	96
1972	9	43
1972	10	112
1972	11	358
1972	12	339
1973	1	313
1973	2	244
1973	3	665
1973	4	844
1973	5	606
1973	6	568
1973	7	261
1973	8	92
1973	9	144
1973	10	131
1973	11	267
1973	12	705
1974	1	260
1974	2	239
1974	3	449
1974	4	941
1974	5	503
1974	6	168
1974	7	100
1974	8	60
1974	9	104
1974	10	104
1974	11	282
1974	12	259
1975	1	154
1975	2	132
1975	3	356
1975	4	799
1975	5	464
1975	6	155
1975	7	49
1975	8	49
1975	9	235
1975	10	400
1975	11	387
1975	12	315
1976	1	120
1976	2	368
1976	3	948
1976	4	682
1976	5	576
1976	6	173
1976	7	273
1976	8	734
1976	9	166
1976	10	456
1976	11	273
1976	12	252
1977	1	119
1977	2	87
1977	3	991
1977	4	749
1977	5	157
1977	6	61
1977	7	32
1977	8	106
1977	9	243
1977	10	675
1977	11	317
1977	12	291
1978	1	471
1978	2	249
1978	3	260
1978	4	1014
1978	5	578
1978	6	201
1978	7	55
1978	8	48
1978	9	37
1978	10	127
1978	11	88
1978	12	103
1979	1	242
1979	2	100
1979	3	791
1979	4	627
1979	5	389
1979	6	139
1979	7	46
1979	8	85
1979	9	197
1979	10	210
1979	11	288
1979	12	219
1980	1	129
1980	2	50
1980	3	220
1980	4	485
1980	5	214
1980	6	113
1980	7	59
1980	8	47
1980	9	65
1980	10	111
1980	11	200
1980	12	142
1981	1	35
1981	2	956
1981	3	287
1981	4	505
1981	5	243
1981	6	154
1981	7	81
1981	8	196
1981	9	244
1981	10	528
1981	11	260
1981	12	152
1982	1	158
1982	2	178
1982	3	258
1982	4	1090
1982	5	216
1982	6	242
1982	7	112
1982	8	51
1982	9	49
1982	10	87
1982	11	175
1982	12	249
1983	1	186
1983	2	220
1983	3	403
1983	4	1032
1983	5	766
1983	6	225
1983	7	37
1983	8	172
1983	9	50
1983	10	94
1983	11	581
1983	12	653
1984	1	152
1984	2	356
1984	3	263
1984	4	918
1984	5	772
1984	6	222
1984	7	159
1984	8	42
1984	9	40
1984	10	73
1984	11	202
1984	12	359
1985	1	179
1985	2	269
1985	3	360
1985	4	554
1985	5	287
1985	6	212
1985	7	76
1985	8	77
1985	9	197
1985	10	287
1985	11	363
1985	12	156
1986	1	241
1986	2	161
1986	3	894
1986	4	490
1986	5	246
1986	6	246
1986	7	207
1986	8	309
1986	9	168
1986	10	228
1986	11	273
1986	12	269
1987	1	118
1987	2	84
1987	3	621
1987	4	635
1987	5	152
1987	6	183
1987	7	167
1987	8	63
1987	9	227
1987	10	431
1987	11	313
1987	12	249
1988	1	92
1988	2	207
1988	3	294
1988	4	658
1988	5	305
1988	6	72
1988	7	47
1988	8	92
1988	9	62
1988	10	83
1988	11	499
1988	12	150
1989	1	89
1989	2	98
1989	3	266
1989	4	508
1989	5	667
1989	6	310
1989	7	71
1989	8	283
1989	9	214
1989	10	358
1989	11	389
1989	12	145
1990	1	245
1990	2	485
1990	3	526
1990	4	744
1990	5	454
1990	6	170
1990	7	120
1990	8	264
1990	9	94
1990	10	604
1990	11	512
1990	12	594
1991	1	248
1991	2	173
1991	3	477
1991	4	594
1991	5	294
1991	6	98
1991	7	36
1991	8	51
1991	9	112
1991	10	273
1991	11	167
1991	12	215
1992	1	179
1992	2	111
1992	3	404
1992	4	737
1992	5	294
1992	6	153
1992	7	68
1992	8	79
1992	9	97
1992	10	113
1992	11	323
1992	12	185
1993	1	222
1993	2	122
1993	3	275
1993	4	950
1993	5	230
1993	6	161
1993	7	51
1993	8	60
1993	9	108
1993	10	153
1993	11	259
1993	12	240
1994	1	115
1994	2	185
1994	3	251
1994	4	1207
1994	5	456
1994	6	150
1994	7	58
1994	8	75
1994	9	96
1994	10	93
1994	11	139
1994	12	246
1995	1	402
1995	2	116
1995	3	394
1995	4	258
1995	5	176
1995	6	58
1995	7	68
1995	8	224
1995	9	74
1995	10	528
1995	11	490
1995	12	166
1996	1	592
1996	2	270
1996	3	267
1996	4	939
1996	5	735
1996	6	291
1996	7	337
1996	8	120
1996	9	51
1996	10	222
1996	11	254
1996	12	509
1997	1	216
1997	2	317
1997	3	322
1997	4	625
1997	5	541
1997	6	144
1997	7	145
1997	8	173
1997	9	99
1997	10	161
1997	11	378
1997	12	163
1998	1	607
1998	2	206
1998	3	806
1998	4	560
1998	5	182
1998	6	543
1998	7	366
1998	8	264
1998	9	233
1998	10	265
1998	11	259
1998	12	218
1999	1	263
1999	2	200
1999	3	423
1999	4	727
1999	5	206
1999	6	67
1999	7	43
1999	8	21
1999	9	252
1999	10	269
1999	11	385
1999	12	229
2000	1	207
2000	2	169
2000	3	625
2000	4	858
2000	5	646
2000	6	187
2000	7	125
2000	8	175
2000	9	44
2000	10	121
2000	11	190
2000	12	347
2001	1	101
2001	2	99
2001	3	101
2001	4	1160
2001	5	288
2001	6	157
2001	7	84
2001	8	20
2001	9	49
2001	10	40
2001	11	103
2001	12	120
2002	1	95
2002	2	179
2002	3	350
2002	4	817
2002	5	518
2002	6	366
2002	7	113
2002	8	26
2002	9	53
2002	10	108
2002	11	241
2002	12	145
2003	1	108
2003	2	76
2003	3	521
2003	4	498
2003	5	390
2003	6	220
2003	7	92
2003	8	197
2003	9	87
2003	10	473
2003	11	557
2003	12	572
2004	1	250
2004	2	101
2004	3	427
2004	4	563
2004	5	366
2004	6	167
2004	7	89
2004	8	246
2004	9	180
2004	10	61
2004	11	156
2004	12	381
2005	1	204
2005	2	83
2005	3	135
2005	4	925
2005	5	292
2005	6	280
2005	7	175
2005	8	95
2005	9	124
2005	10	756
2005	11	596
2005	12	302
2006	1	594
2006	2	360
2006	3	291
2006	4	422
2006	5	636
2006	6	540
2006	7	355
2006	8	146
2006	9	70
2006	10	518
2006	11	361
2006	12	386
2007	1	409
2007	2	122
2007	3	444
2007	4	914
2007	5	313
2007	6	97
2007	7	291
2007	8	51
2007	9	41
2007	10	163
2007	11	347
2007	12	234
2008	1	440
2008	2	252
2008	3	415
2008	4	1141
2008	5	224
2008	6	157
2008	7	372
2008	8	506
2008	9	54
2008	10	188
2008	11	217
2008	12	482
2009	1	150
2009	2	207
2009	3	549
2009	4	538
2009	5	493
2009	6	262
2009	7	473
2009	8	164
2009	9	56
2009	10	185
2009	11	306
2009	12	397
2010	1	327
2010	2	163
2010	3	677
2010	4	649
2010	5	245
2010	6	265
2010	7	176
2010	8	117
2010	9	77
2010	10	679
2010	11	393
2010	12	425
2011	1	189
2011	2	136
2011	3	542
2011	4	1337
2011	5	879
2011	6	374
2011	7	111
2011	8	482
2011	9	256
2011	10	341
2011	11	177
2011	12	276
2012	1	219
2012	2	182
2012	3	520
2012	4	375
2012	5	424
2012	6	160
2012	7	82
2012	8	63
2012	9	95
2012	10	353
2012	11	210
2012	12	318
2013	1	248
2013	2	169
2013	3	321
2013	4	691
2013	5	370
2013	6	606
2013	7	555
2013	8	176
2013	9	131
2013	10	102
2013	11	267
2013	12	308
2014	1	347
2014	2	134
2014	3	124
2014	4	980
2014	5	468
2014	6	243
2014	7	122
2014	8	91
2014	9	38
2014	10	132
2014	11	135
2014	12	348
2015	1	162
2015	2	89
2015	3	117
2015	4	838
2015	5	306
2015	6	692
2015	7	220
2015	8	73
2015	9	54
