1940	1	53
1940	2	44
1940	3	70
1940	4	1012
1940	5	990
1940	6	114
1940	7	91
1940	8	28
1940	9	65
1940	10	70
1940	11	292
1940	12	272
1941	1	130
1941	2	86
1941	3	57
1941	4	919
1941	5	171
1941	6	90
1941	7	48
1941	8	29
1941	9	40
1941	10	216
1941	11	341
1941	12	194
1942	1	175
1942	2	63
1942	3	385
1942	4	1282
1942	5	213
1942	6	349
1942	7	72
1942	8	54
1942	9	148
1942	10	170
1942	11	324
1942	12	134
1943	1	87
1943	2	134
1943	3	358
1943	4	703
1943	5	862
1943	6	367
1943	7	143
1943	8	238
1943	9	118
1943	10	195
1943	11	353
1943	12	136
1944	1	84
1944	2	80
1944	3	163
1944	4	788
1944	5	451
1944	6	140
1944	7	86
1944	8	48
1944	9	214
1944	10	269
1944	11	178
1944	12	92
1945	1	163
1945	2	99
1945	3	980
1945	4	602
1945	5	490
1945	6	152
1945	7	148
1945	8	44
1945	9	420
1945	10	653
1945	11	349
1945	12	160
1946	1	211
1946	2	97
1946	3	807
1946	4	437
1946	5	421
1946	6	129
1946	7	56
1946	8	82
1946	9	62
1946	10	283
1946	11	349
1946	12	348
1947	1	225
1947	2	192
1947	3	315
1947	4	1003
1947	5	874
1947	6	499
1947	7	149
1947	8	74
1947	9	116
1947	10	82
1947	11	144
1947	12	112
1948	1	60
1948	2	100
1948	3	700
1948	4	552
1948	5	386
1948	6	119
1948	7	64
1948	8	82
1948	9	35
1948	10	51
1948	11	359
1948	12	260
1949	1	275
1949	2	116
1949	3	611
1949	4	605
1949	5	181
1949	6	93
1949	7	36
1949	8	73
1949	9	74
1949	10	91
1949	11	184
1949	12	377
1950	1	276
1950	2	95
1950	3	193
1950	4	868
1950	5	214
1950	6	103
1950	7	48
1950	8	182
1950	9	143
1950	10	167
1950	11	285
1950	12	342
1951	1	183
1951	2	190
1951	3	336
1951	4	1059
1951	5	231
1951	6	83
1951	7	132
1951	8	58
1951	9	57
1951	10	85
1951	11	335
1951	12	244
1952	1	196
1952	2	146
1952	3	213
1952	4	1076
1952	5	364
1952	6	459
1952	7	63
1952	8	77
1952	9	88
1952	10	119
1952	11	170
1952	12	296
1953	1	224
1953	2	196
1953	3	685
1953	4	694
1953	5	371
1953	6	79
1953	7	85
1953	8	56
1953	9	31
1953	10	56
1953	11	99
1953	12	206
1954	1	69
1954	2	226
1954	3	304
1954	4	1309
1954	5	504
1954	6	339
1954	7	91
1954	8	124
1954	9	387
1954	10	477
1954	11	284
1954	12	234
1955	1	133
1955	2	121
1955	3	289
1955	4	1325
1955	5	227
1955	6	162
1955	7	36
1955	8	141
1955	9	36
1955	10	100
1955	11	216
1955	12	60
1956	1	114
1956	2	72
1956	3	81
1956	4	838
1956	5	715
1956	6	157
1956	7	78
1956	8	46
1956	9	107
1956	10	113
1956	11	150
1956	12	207
1957	1	259
1957	2	181
1957	3	284
1957	4	638
1957	5	320
1957	6	153
1957	7	241
1957	8	46
1957	9	100
1957	10	103
1957	11	320
1957	12	560
1958	1	133
1958	2	91
1958	3	135
1958	4	1345
1958	5	368
1958	6	193
1958	7	356
1958	8	171
1958	9	225
1958	10	429
1958	11	203
1958	12	100
1959	1	140
1959	2	100
1959	3	209
1959	4	1193
1959	5	214
1959	6	201
1959	7	81
1959	8	79
1959	9	35
1959	10	311
1959	11	630
1959	12	267
1960	1	165
1960	2	193
1960	3	159
1960	4	1420
1960	5	297
1960	6	166
1960	7	81
1960	8	54
1960	9	159
1960	10	260
1960	11	225
1960	12	130
1961	1	73
1961	2	184
1961	3	336
1961	4	812
1961	5	482
1961	6	374
1961	7	148
1961	8	100
1961	9	101
1961	10	69
1961	11	153
1961	12	200
1962	1	126
1962	2	74
1962	3	214
1962	4	1126
1962	5	430
1962	6	96
1962	7	150
1962	8	182
1962	9	124
1962	10	448
1962	11	364
1962	12	136
1963	1	78
1963	2	64
1963	3	287
1963	4	1149
1963	5	466
1963	6	95
1963	7	70
1963	8	273
1963	9	134
1963	10	74
1963	11	466
1963	12	138
1964	1	157
1964	2	89
1964	3	378
1964	4	841
1964	5	360
1964	6	112
1964	7	56
1964	8	47
1964	9	37
1964	10	52
1964	11	153
1964	12	165
1965	1	95
1965	2	129
1965	3	180
1965	4	558
1965	5	187
1965	6	63
1965	7	35
1965	8	125
1965	9	284
1965	10	402
1965	11	420
1965	12	194
1966	1	157
1966	2	144
1966	3	573
1966	4	623
1966	5	459
1966	6	92
1966	7	41
1966	8	74
1966	9	73
1966	10	102
1966	11	171
1966	12	212
1967	1	115
1967	2	80
1967	3	116
1967	4	810
1967	5	459
1967	6	315
1967	7	76
1967	8	71
1967	9	86
1967	10	310
1967	11	193
1967	12	279
1968	1	77
1968	2	90
1968	3	640
1968	4	590
1968	5	204
1968	6	145
1968	7	70
1968	8	52
1968	9	55
1968	10	91
1968	11	214
1968	12	172
1969	1	105
1969	2	95
1969	3	170
1969	4	1368
1969	5	684
1969	6	164
1969	7	153
1969	8	138
1969	9	62
1969	10	103
1969	11	350
1969	12	189
1970	1	73
1970	2	139
1970	3	105
1970	4	1194
1970	5	353
1970	6	80
1970	7	62
1970	8	46
1970	9	196
1970	10	166
1970	11	198
1970	12	127
1971	1	81
1971	2	126
1971	3	170
1971	4	1005
1971	5	869
1971	6	98
1971	7	146
1971	8	290
1971	9	117
1971	10	94
1971	11	110
1971	12	229
1972	1	121
1972	2	76
1972	3	158
1972	4	694
1972	5	949
1972	6	215
1972	7	307
1972	8	163
1972	9	48
1972	10	124
1972	11	248
1972	12	195
1973	1	283
1973	2	201
1973	3	754
1973	4	734
1973	5	543
1973	6	543
1973	7	302
1973	8	77
1973	9	217
1973	10	229
1973	11	330
1973	12	585
1974	1	228
1974	2	178
1974	3	373
1974	4	1168
1974	5	683
1974	6	221
1974	7	348
1974	8	122
1974	9	138
1974	10	115
1974	11	313
1974	12	224
1975	1	145
1975	2	100
1975	3	326
1975	4	711
1975	5	441
1975	6	136
1975	7	84
1975	8	88
1975	9	354
1975	10	361
1975	11	410
1975	12	233
1976	1	87
1976	2	268
1976	3	703
1976	4	786
1976	5	501
1976	6	183
1976	7	201
1976	8	453
1976	9	178
1976	10	361
1976	11	306
1976	12	162
1977	1	74
1977	2	65
1977	3	737
1977	4	794
1977	5	142
1977	6	82
1977	7	39
1977	8	123
1977	9	402
1977	10	629
1977	11	379
1977	12	239
1978	1	314
1978	2	128
1978	3	162
1978	4	1082
1978	5	737
1978	6	626
1978	7	79
1978	8	58
1978	9	54
1978	10	151
1978	11	97
1978	12	88
1979	1	247
1979	2	83
1979	3	842
1979	4	735
1979	5	360
1979	6	180
1979	7	41
1979	8	70
1979	9	121
1979	10	201
1979	11	286
1979	12	277
1980	1	110
1980	2	33
1980	3	267
1980	4	573
1980	5	189
1980	6	112
1980	7	72
1980	8	64
1980	9	170
1980	10	248
1980	11	317
1980	12	245
1981	1	65
1981	2	795
1981	3	343
1981	4	460
1981	5	281
1981	6	243
1981	7	83
1981	8	257
1981	9	271
1981	10	435
1981	11	333
1981	12	170
1982	1	132
1982	2	137
1982	3	313
1982	4	1196
1982	5	242
1982	6	151
1982	7	63
1982	8	133
1982	9	98
1982	10	111
1982	11	278
1982	12	268
1983	1	200
1983	2	181
1983	3	329
1983	4	840
1983	5	657
1983	6	172
1983	7	59
1983	8	104
1983	9	70
1983	10	171
1983	11	557
1983	12	569
1984	1	102
1984	2	269
1984	3	234
1984	4	781
1984	5	517
1984	6	196
1984	7	269
1984	8	46
1984	9	42
1984	10	76
1984	11	198
1984	12	409
1985	1	106
1985	2	216
1985	3	373
1985	4	725
1985	5	280
1985	6	176
1985	7	89
1985	8	49
1985	9	70
1985	10	186
1985	11	329
1985	12	114
1986	1	174
1986	2	108
1986	3	741
1986	4	546
1986	5	197
1986	6	150
1986	7	108
1986	8	189
1986	9	214
1986	10	313
1986	11	256
1986	12	191
1987	1	81
1987	2	62
1987	3	526
1987	4	472
1987	5	166
1987	6	191
1987	7	76
1987	8	44
1987	9	81
1987	10	261
1987	11	233
1987	12	272
1988	1	97
1988	2	159
1988	3	347
1988	4	634
1988	5	170
1988	6	63
1988	7	52
1988	8	168
1988	9	98
1988	10	145
1988	11	506
1988	12	133
1989	1	78
1989	2	119
1989	3	458
1989	4	707
1989	5	601
1989	6	233
1989	7	49
1989	8	75
1989	9	194
1989	10	271
1989	11	245
1989	12	79
1990	1	234
1990	2	236
1990	3	575
1990	4	663
1990	5	331
1990	6	128
1990	7	211
1990	8	171
1990	9	76
1990	10	562
1990	11	498
1990	12	555
1991	1	174
1991	2	142
1991	3	419
1991	4	655
1991	5	247
1991	6	121
1991	7	35
1991	8	107
1991	9	212
1991	10	363
1991	11	192
1991	12	253
1992	1	162
1992	2	88
1992	3	319
1992	4	866
1992	5	190
1992	6	78
1992	7	82
1992	8	90
1992	9	90
1992	10	127
1992	11	313
1992	12	137
1993	1	208
1993	2	65
1993	3	191
1993	4	985
1993	5	198
1993	6	286
1993	7	137
1993	8	78
1993	9	118
1993	10	280
1993	11	308
1993	12	186
1994	1	71
1994	2	101
1994	3	136
1994	4	1337
1994	5	435
1994	6	182
1994	7	95
1994	8	110
1994	9	119
1994	10	83
1994	11	256
1994	12	218
1995	1	273
1995	2	86
1995	3	458
1995	4	265
1995	5	225
1995	6	144
1995	7	70
1995	8	167
1995	9	46
1995	10	406
1995	11	457
1995	12	112
1996	1	402
1996	2	204
1996	3	230
1996	4	993
1996	5	571
1996	6	179
1996	7	349
1996	8	87
1996	9	55
1996	10	226
1996	11	254
1996	12	581
1997	1	138
1997	2	278
1997	3	341
1997	4	963
1997	5	628
1997	6	119
1997	7	412
1997	8	235
1997	9	143
1997	10	177
1997	11	355
1997	12	119
1998	1	660
1998	2	155
1998	3	971
1998	4	594
1998	5	171
1998	6	486
1998	7	304
1998	8	216
1998	9	199
1998	10	210
1998	11	243
1998	12	260
1999	1	238
1999	2	155
1999	3	317
1999	4	687
1999	5	166
1999	6	65
1999	7	147
1999	8	38
1999	9	269
1999	10	335
1999	11	401
1999	12	218
2000	1	165
2000	2	200
2000	3	729
2000	4	1087
2000	5	668
2000	6	178
2000	7	117
2000	8	85
2000	9	85
2000	10	112
2000	11	225
2000	12	268
2001	1	90
2001	2	95
2001	3	93
2001	4	1320
2001	5	340
2001	6	147
2001	7	89
2001	8	27
2001	9	72
2001	10	127
2001	11	180
2001	12	169
2002	1	125
2002	2	147
2002	3	402
2002	4	1132
2002	5	544
2002	6	931
2002	7	167
2002	8	46
2002	9	119
2002	10	207
2002	11	296
2002	12	131
2003	1	86
2003	2	52
2003	3	500
2003	4	492
2003	5	332
2003	6	210
2003	7	87
2003	8	333
2003	9	59
2003	10	627
2003	11	662
2003	12	459
2004	1	227
2004	2	97
2004	3	538
2004	4	722
2004	5	322
2004	6	171
2004	7	139
2004	8	425
2004	9	285
2004	10	81
2004	11	312
2004	12	347
2005	1	201
2005	2	106
2005	3	128
2005	4	1204
2005	5	330
2005	6	308
2005	7	129
2005	8	50
2005	9	119
2005	10	867
2005	11	643
2005	12	304
2006	1	518
2006	2	306
2006	3	375
2006	4	615
2006	5	766
2006	6	461
2006	7	224
2006	8	290
2006	9	101
2006	10	618
2006	11	380
2006	12	406
2007	1	413
2007	2	79
2007	3	430
2007	4	1027
2007	5	529
2007	6	166
2007	7	170
2007	8	116
2007	9	78
2007	10	306
2007	11	416
2007	12	224
2008	1	352
2008	2	170
2008	3	274
2008	4	1423
2008	5	226
2008	6	499
2008	7	412
2008	8	348
2008	9	84
2008	10	236
2008	11	317
2008	12	338
2009	1	111
2009	2	165
2009	3	528
2009	4	654
2009	5	452
2009	6	270
2009	7	426
2009	8	141
2009	9	83
2009	10	259
2009	11	403
2009	12	408
2010	1	235
2010	2	136
2010	3	604
2010	4	535
2010	5	282
2010	6	295
2010	7	191
2010	8	321
2010	9	101
2010	10	728
2010	11	409
2010	12	418
2011	1	179
2011	2	127
2011	3	496
2011	4	1728
2011	5	930
2011	6	209
2011	7	99
2011	8	385
2011	9	344
2011	10	462
2011	11	163
2011	12	292
2012	1	180
2012	2	156
2012	3	786
2012	4	408
2012	5	386
2012	6	166
2012	7	107
2012	8	37
2012	9	241
2012	10	310
2012	11	193
2012	12	392
2013	1	243
2013	2	180
2013	3	330
2013	4	866
2013	5	652
2013	6	398
2013	7	336
2013	8	148
2013	9	227
2013	10	154
2013	11	503
2013	12	309
2014	1	404
2014	2	117
2014	3	96
2014	4	1357
2014	5	500
2014	6	238
2014	7	159
2014	8	127
2014	9	62
2014	10	197
2014	11	228
2014	12	0
2015	1	0
2015	2	0
2015	3	0
2015	4	915
2015	5	269
2015	6	671
2015	7	266
2015	8	129
2015	9	172
