1940	3	21
1940	4	97
1940	5	379
1940	6	298
1940	7	134
1940	8	69
1940	9	89
1940	10	58
1941	3	22
1941	4	127
1941	5	299
1941	6	266
1941	7	145
1941	8	66
1941	9	135
1941	10	123
1942	3	21
1942	4	142
1942	5	299
1942	6	410
1942	7	267
1942	8	109
1942	9	79
1942	10	44
1943	3	15
1943	4	180
1943	5	305
1943	6	516
1943	7	359
1943	8	109
1943	9	59
1943	10	51
1944	3	14
1944	4	69
1944	5	291
1944	6	255
1944	7	113
1944	8	95
1944	9	77
1944	10	59
1945	3	18
1945	4	34
1945	5	420
1945	6	479
1945	7	231
1945	8	83
1945	9	99
1945	10	87
1945	11	113
1946	3	32
1946	4	146
1946	5	461
1946	6	456
1946	7	274
1946	8	101
1946	9	74
1946	10	98
1947	4	122
1947	5	457
1947	6	456
1947	7	272
1947	8	116
1947	9	96
1947	10	242
1948	3	13
1948	4	74
1948	5	425
1948	6	621
1948	7	197
1948	8	112
1948	9	48
1948	10	35
1949	3	17
1949	4	115
1949	5	434
1949	6	338
1949	7	165
1949	8	85
1949	9	106
1949	10	67
1949	11	116
1950	4	42
1950	5	298
1950	6	671
1950	7	457
1950	8	165
1950	9	73
1950	10	237
1951	4	99
1951	5	454
1951	6	436
1951	7	390
1951	8	136
1951	9	181
1951	10	189
1952	5	348
1952	6	351
1952	7	213
1952	8	119
1952	9	56
1952	10	26
1953	5	372
1953	6	661
1953	7	406
1953	8	149
1953	9	67
1953	10	32
1954	4	48
1954	5	444
1954	6	549
1954	7	505
1954	8	197
1954	9	143
1954	10	150
1954	11	94
1955	5	204
1955	6	588
1955	7	358
1955	8	122
1955	9	58
1955	10	190
1956	5	432
1956	6	519
1956	7	290
1956	8	129
1956	9	75
1956	10	119
1957	3	26
1957	4	57
1957	5	553
1957	6	437
1957	7	168
1957	8	78
1957	9	44
1957	10	56
1958	3	25
1958	4	66
1958	5	526
1958	6	392
1958	7	163
1958	8	95
1958	9	103
1958	10	107
1958	11	78
1958	12	52
1959	1	64
1959	2	34
1959	3	20
1959	4	119
1959	5	305
1959	6	616
1959	7	324
1959	8	132
1959	9	234
1959	10	199
1959	11	68
1959	12	43
1960	1	17
1960	2	18
1960	3	34
1960	4	103
1960	5	263
1960	6	538
1960	7	256
1960	8	107
1960	9	67
1960	10	40
1960	11	40
1960	12	25
1961	1	20
1961	2	37
1961	3	31
1961	4	90
1961	5	432
1961	6	595
1961	7	190
1961	8	91
1961	9	62
1961	10	117
1961	11	40
1961	12	23
1962	1	17
1962	2	26
1962	3	14
1962	4	152
1962	5	315
1962	6	407
1962	7	173
1962	8	108
1962	9	65
1962	10	115
1962	11	97
1962	12	66
1963	1	26
1963	2	60
1963	3	26
1963	4	69
1963	5	343
1963	6	549
1963	7	271
1963	8	91
1963	9	63
1963	10	47
1963	11	47
1963	12	29
1964	1	21
1964	2	16
1964	3	13
1964	4	31
1964	5	307
1964	6	769
1964	7	287
1964	8	111
1964	9	118
1964	10	149
1964	11	52
1964	12	29
1965	1	23
1965	2	27
1965	3	22
1965	4	94
1965	5	320
1965	6	579
1965	7	275
1965	8	124
1965	9	83
1965	10	90
1965	11	67
1965	12	36
1966	1	26
1966	2	15
1966	3	24
1966	4	100
1966	5	382
1966	6	439
1966	7	248
1966	8	105
1966	9	71
1966	10	64
1966	11	55
1966	12	39
1967	1	26
1967	2	32
1967	3	20
1967	4	26
1967	5	368
1967	6	597
1967	7	355
1967	8	126
1967	9	60
1967	10	64
1967	11	95
1967	12	33
1968	1	43
1968	2	37
1968	3	53
1968	4	43
1968	5	362
1968	6	492
1968	7	250
1968	8	129
1968	9	235
1968	10	114
1968	11	75
1968	12	33
1969	1	27
1969	2	17
1969	3	12
1969	4	133
1969	5	358
1969	6	440
1969	7	215
1969	8	81
1969	9	58
1969	10	86
1969	11	53
1969	12	25
1970	1	20
1970	2	19
1970	3	17
1970	4	27
1970	5	405
1970	6	673
1970	7	192
1970	8	87
1970	9	59
1970	10	41
1970	11	30
1970	12	26
1971	1	30
1971	2	38
1971	3	19
1971	4	99
1971	5	466
1971	6	564
1971	7	356
1971	8	168
1971	9	71
1971	10	67
1971	11	46
1971	12	25
1972	1	14
1972	2	19
1972	3	84
1972	4	76
1972	5	376
1972	6	620
1972	7	347
1972	8	177
1972	9	91
1972	10	57
1972	11	29
1972	12	21
1973	1	27
1973	2	15
1973	3	14
1973	4	45
1973	5	324
1973	6	453
1973	7	178
1973	8	89
1973	9	64
1973	10	54
1973	11	142
1973	12	42
1974	1	91
1974	2	37
1974	3	33
1974	4	89
1974	5	295
1974	6	719
1974	7	406
1974	8	150
1974	9	71
1974	10	25
1974	11	28
1974	12	17
1975	1	13
1975	2	11
1975	3	9
1975	4	16
1975	5	242
1975	6	821
1975	7	440
1975	8	147
1975	9	114
1975	10	106
1975	11	105
1975	12	95
1976	1	37
1976	2	24
1976	3	15
1976	4	92
1976	5	454
1976	6	341
1976	7	341
1976	8	192
1976	9	71
1976	10	31
1976	11	20
1976	12	17
1977	1	14
1977	2	15
1977	3	12
1977	4	104
1977	5	263
1977	6	263
1977	7	136
1977	8	128
1977	9	133
1977	10	53
1977	11	55
1977	12	36
1978	1	17
1978	2	13
1978	3	27
1978	4	92
1978	5	348
1978	6	537
1978	7	360
1978	8	170
1978	9	149
1978	10	49
1978	11	49
1978	12	13
1979	1	9
1979	2	11
1979	3	32
1979	4	50
1979	5	426
1979	6	439
1979	7	187
1979	8	80
1979	9	50
1979	10	29
1979	11	19
1979	12	33
1980	1	18
1980	2	16
1980	3	21
1980	4	210
1980	5	489
1980	6	361
1980	7	160
1980	8	97
1980	9	153
1980	10	62
1980	11	104
1980	12	99
1981	1	56
1981	2	33
1981	3	32
1981	4	133
1981	5	461
1981	6	459
1981	7	275
1981	8	105
1981	9	53
1981	10	31
1981	11	30
1981	12	30
1982	1	26
1982	2	47
1982	3	28
1982	4	44
1982	5	304
1982	6	609
1982	7	342
1982	8	121
1982	9	70
1982	10	74
1982	11	37
1982	12	24
1983	1	27
1983	2	22
1983	3	40
1983	4	82
1983	5	321
1983	6	380
1983	7	317
1983	8	119
1983	9	61
1983	10	35
1983	11	102
1983	12	26
1984	1	88
1984	2	23
1984	3	19
1984	4	101
1984	5	317
1984	6	447
1984	7	218
1984	8	99
1984	9	105
1984	10	74
1984	11	49
1984	12	19
1985	1	11
1985	2	6
1985	3	10
1985	4	128
1985	5	417
1985	6	408
1985	7	170
1985	8	100
1985	9	173
1985	10	166
1985	11	137
1985	12	18
1986	1	21
1986	2	47
1986	3	96
1986	4	150
1986	5	360
1986	6	393
1986	7	174
1986	8	83
1986	9	79
1986	10	101
1986	11	82
1986	12	33
1987	1	19
1987	2	18
1987	3	66
1987	4	179
1987	5	407
1987	6	265
1987	7	200
1987	8	104
1987	9	51
1987	10	19
1987	11	13
1987	12	31
1988	1	14
1988	2	14
1988	3	20
1988	4	157
1988	5	353
1988	6	311
1988	7	114
1988	8	57
1988	9	35
1988	10	118
1988	11	77
1988	12	30
1989	1	25
1989	2	17
1989	3	35
1989	4	143
1989	5	333
1989	6	526
1989	7	239
1989	8	148
1989	9	113
1989	10	80
1989	11	217
1989	12	62
1990	1	34
1990	2	28
1990	3	20
1990	4	158
1990	5	285
1990	6	461
1990	7	294
1990	8	126
1990	9	53
1990	10	141
1990	11	168
1990	12	45
1991	1	28
1991	2	27
1991	3	24
1991	4	108
1991	5	452
1991	6	635
1991	7	377
1991	8	136
1991	9	50
1991	10	28
1991	11	36
1991	12	23
1992	1	15
1992	2	18
1992	3	44
1992	4	162
1992	5	305
1992	6	262
1992	7	132
1992	8	74
1992	9	119
1992	10	98
1992	11	42
1992	12	21
1993	1	14
1993	2	12
1993	3	27
1993	4	74
1993	5	383
1993	6	322
1993	7	246
1993	8	113
1993	9	82
1993	10	45
1993	11	25
1993	12	21
1994	1	20
1994	2	15
1994	3	52
1994	4	157
1994	5	382
1994	6	358
1994	7	170
1994	8	72
1994	9	33
1994	10	36
1994	11	32
1994	12	28
1995	1	34
1995	2	68
1995	3	72
1995	4	65
1995	5	308
1995	6	634
1995	7	274
1995	8	137
1995	9	51
1995	10	182
1995	11	214
1995	12	98
1996	1	30
1996	2	61
1996	3	40
1996	4	146
1996	5	275
1996	6	587
1996	7	288
1996	8	138
1996	9	66
1996	10	57
1996	11	38
1996	12	27
1997	1	37
1997	2	25
1997	3	54
1997	4	97
1997	5	435
1997	6	608
1997	7	281
1997	8	137
1997	9	102
1997	10	111
1997	11	53
1997	12	19
1998	1	23
1998	2	14
1998	3	26
1998	4	117
1998	5	427
1998	6	418
1998	7	196
1998	8	84
1998	9	53
1998	10	30
1998	11	32
1998	12	33
1999	1	28
1999	2	20
1999	3	31
1999	4	101
1999	5	279
1999	6	528
1999	7	350
1999	8	178
1999	9	61
1999	10	134
1999	11	236
1999	12	57
2000	1	41
2000	2	25
2000	3	27
2000	4	128
2000	5	343
2000	6	442
2000	7	203
2000	8	94
2000	9	84
2000	10	71
2000	11	23
2000	12	14
2001	1	11
2001	2	10
2001	3	12
2001	4	56
2001	5	320
2001	6	302
2001	7	117
2001	8	58
2001	9	32
2001	10	26
2001	11	73
2001	12	28
2002	1	55
2002	2	34
2002	3	27
2002	4	83
2002	5	326
2002	6	717
2002	7	369
2002	8	91
2002	9	66
2002	10	43
2002	11	30
2002	12	31
2003	1	25
2003	2	30
2003	3	47
2003	4	161
2003	5	328
2003	6	441
2003	7	172
2003	8	70
2003	9	32
2003	10	44
2003	11	45
2003	12	28
2004	1	15
2004	2	18
2004	3	41
2004	4	162
2004	5	311
2004	6	379
2004	7	230
2004	8	172
2004	9	132
2004	10	77
2004	11	60
2004	12	73
2005	1	100
2005	2	42
2005	3	33
2005	4	87
2005	5	278
2005	6	382
2005	7	139
2005	8	64
2005	9	53
2005	10	219
2005	11	74
2005	12	38
2006	1	53
2006	2	28
2006	3	25
2006	4	111
2006	5	432
2006	6	543
2006	7	178
2006	8	56
2006	9	38
2006	10	29
2006	11	320
2006	12	38
2007	1	26
2007	2	19
2007	3	144
2007	4	112
2007	5	341
2007	6	340
2007	7	143
2007	8	49
2007	9	30
2007	10	80
2007	11	52
2007	12	40
2008	1	21
2008	2	24
2008	3	15
2008	4	34
2008	5	460
2008	6	566
2008	7	308
2008	8	122
2008	9	76
2008	10	59
2008	11	59
2008	12	25
2009	1	21
2009	2	15
2009	3	18
2009	4	88
2009	5	300
2009	6	368
2009	7	206
2009	8	101
2009	9	40
2009	10	45
2009	11	80
2009	12	26
2010	1	20
2010	2	14
2010	3	20
2010	4	94
2010	5	212
2010	6	517
2010	7	225
2010	8	96
2010	9	143
2010	10	65
2010	11	95
2010	12	35
2011	1	33
2011	2	20
2011	3	21
2011	4	31
2011	5	268
2011	6	655
2011	7	508
2011	8	160
2011	9	54
2011	10	71
2011	11	47
2011	12	22
2012	1	21
2012	2	18
2012	3	28
2012	4	179
2012	5	339
2012	6	641
2012	7	313
2012	8	89
2012	9	39
2012	10	95
2012	11	206
2012	12	67
2013	1	20
2013	2	18
2013	3	36
2013	4	87
2013	5	430
2013	6	479
2013	7	224
2013	8	99
2013	9	68
2013	10	81
2013	11	39
2013	12	20
2014	1	19
2014	2	14
2014	3	40
2014	4	62
2014	5	400
2014	6	616
2014	7	326
2014	8	105
2014	9	42
2014	10	69
2014	11	84
2014	12	74
2015	1	31
2015	2	95
2015	3	134
2015	4	112
2015	5	239
2015	6	354
2015	7	112
2015	8	50
2015	9	43
