1940	1	17
1940	2	32
1940	3	44
1940	4	166
1940	5	308
1940	6	137
1940	7	28
1940	8	19
1940	9	22
1940	10	22
1940	11	51
1940	12	36
1941	1	58
1941	2	105
1941	3	163
1941	4	277
1941	5	302
1941	6	210
1941	7	99
1941	8	39
1941	9	51
1941	10	80
1941	11	102
1941	12	104
1942	1	123
1942	2	97
1942	3	133
1942	4	120
1942	5	383
1942	6	426
1942	7	207
1942	8	164
1942	9	230
1942	10	336
1942	11	362
1942	12	306
1943	1	306
1943	2	240
1943	3	310
1943	4	595
1943	5	656
1943	6	776
1943	7	534
1943	8	432
1943	9	396
1943	10	381
1943	11	339
1943	12	269
1944	1	199
1944	2	157
1944	3	196
1944	4	309
1944	5	362
1944	6	616
1944	7	470
1944	8	350
1944	9	581
1944	10	695
1944	11	667
1944	12	502
1945	1	411
1945	2	369
1945	3	527
1945	4	649
1945	5	735
1945	6	640
1945	7	312
1945	8	158
1945	9	142
1945	10	236
1945	11	270
1945	12	226
1946	1	194
1946	2	146
1946	3	360
1946	4	513
1946	5	568
1946	6	368
1946	7	621
1946	8	610
1946	9	511
1946	10	559
1946	11	547
1946	12	479
1947	1	415
1947	2	341
1947	3	343
1947	4	703
1947	5	900
1947	6	871
1947	7	560
1947	8	238
1947	9	207
1947	10	218
1947	11	207
1947	12	191
1948	1	157
1948	2	129
1948	3	247
1948	4	480
1948	5	647
1948	6	443
1948	7	254
1948	8	213
1948	9	190
1948	10	137
1948	11	115
1948	12	68
1949	1	90
1949	2	107
1949	3	200
1949	4	220
1949	5	224
1949	6	213
1949	7	225
1949	8	178
1949	9	93
1949	10	89
1949	11	88
1949	12	105
1950	1	109
1950	2	142
1950	3	218
1950	4	428
1950	5	869
1950	6	883
1950	7	666
1950	8	325
1950	9	162
1950	10	131
1950	11	98
1950	12	111
1951	1	143
1951	2	199
1951	3	260
1951	4	607
1951	5	635
1951	6	661
1951	7	463
1951	8	332
1951	9	321
1951	10	323
1951	11	353
1951	12	441
1952	1	478
1952	2	484
1952	3	488
1952	4	787
1952	5	822
1952	6	563
1952	7	426
1952	8	446
1952	9	463
1952	10	349
1952	11	242
1952	12	203
1953	1	169
1953	2	212
1953	3	333
1953	4	421
1953	5	558
1953	6	1261
1953	7	1245
1953	8	746
1953	9	507
1953	10	395
1953	11	465
1953	12	443
1954	1	400
1954	2	312
1954	3	482
1954	4	614
1954	5	855
1954	6	903
1954	7	521
1954	8	189
1954	9	229
1954	10	117
1954	11	146
1954	12	211
1955	1	230
1955	2	190
1955	3	240
1955	4	410
1955	5	355
1955	6	319
1955	7	466
1955	8	465
1955	9	501
1955	10	389
1955	11	321
1955	12	185
1956	1	235
1956	2	194
1956	3	235
1956	4	642
1956	5	807
1956	6	651
1956	7	247
1956	8	191
1956	9	109
1956	10	68
1956	11	44
1956	12	69
1957	1	110
1957	2	112
1957	3	274
1957	4	426
1957	5	634
1957	6	592
1957	7	578
1957	8	498
1957	9	436
1957	10	351
1957	11	394
1957	12	381
1958	1	281
1958	2	271
1958	3	401
1958	4	381
1958	5	218
1958	6	142
1958	7	331
1958	8	225
1958	9	195
1958	10	152
1958	11	163
1958	12	154
1959	1	238
1959	2	233
1959	3	288
1959	4	321
1959	5	318
1959	6	515
1959	7	430
1959	8	208
1959	9	172
1959	10	151
1959	11	173
1959	12	217
1960	1	235
1960	2	254
1960	3	234
1960	4	484
1960	5	785
1960	6	702
1960	7	425
1960	8	171
1960	9	115
1960	10	102
1960	11	130
1960	12	136
1961	1	161
1961	2	168
1961	3	235
1961	4	281
1961	5	346
1961	6	378
1961	7	187
1961	8	95
1961	9	80
1961	10	99
1961	11	110
1961	12	88
1962	1	81
1962	2	93
1962	3	234
1962	4	433
1962	5	488
1962	6	1035
1962	7	939
1962	8	777
1962	9	442
1962	10	399
1962	11	365
1962	12	317
1963	1	286
1963	2	197
1963	3	284
1963	4	450
1963	5	443
1963	6	555
1963	7	359
1963	8	140
1963	9	155
1963	10	217
1963	11	180
1963	12	174
1964	1	171
1964	2	155
1964	3	150
1964	4	474
1964	5	801
1964	6	564
1964	7	296
1964	8	78
1964	9	128
1964	10	228
1964	11	215
1964	12	231
1965	1	216
1965	2	176
1965	3	213
1965	4	565
1965	5	961
1965	6	1156
1965	7	730
1965	8	419
1965	9	398
1965	10	520
1965	11	487
1965	12	518
1966	1	488
1966	2	432
1966	3	605
1966	4	1032
1966	5	1272
1966	6	1149
1966	7	564
1966	8	521
1966	9	411
1966	10	467
1966	11	506
1966	12	475
1967	1	416
1967	2	367
1967	3	406
1967	4	820
1967	5	1039
1967	6	865
1967	7	727
1967	8	243
1967	9	118
1967	10	201
1967	11	184
1967	12	156
1968	1	136
1968	2	147
1968	3	264
1968	4	397
1968	5	598
1968	6	574
1968	7	431
1968	8	233
1968	9	167
1968	10	283
1968	11	308
1968	12	275
1969	1	247
1969	2	374
1969	3	461
1969	4	738
1969	5	1104
1969	6	910
1969	7	413
1969	8	200
1969	9	59
1969	10	112
1969	11	150
1969	12	149
1970	1	193
1970	2	214
1970	3	229
1970	4	385
1970	5	679
1970	6	716
1970	7	440
1970	8	122
1970	9	28
1970	10	89
1970	11	184
1970	12	174
1971	1	149
1971	2	166
1971	3	262
1971	4	458
1971	5	340
1971	6	295
1971	7	351
1971	8	151
1971	9	166
1971	10	247
1971	11	487
1971	12	592
1972	1	563
1972	2	473
1972	3	510
1972	4	865
1972	5	969
1972	6	1181
1972	7	692
1972	8	491
1972	9	424
1972	10	438
1972	11	391
1972	12	397
1973	1	359
1973	2	357
1973	3	517
1973	4	433
1973	5	371
1973	6	274
1973	7	156
1973	8	130
1973	9	136
1973	10	380
1973	11	634
1973	12	641
1974	1	506
1974	2	461
1974	3	483
1974	4	608
1974	5	984
1974	6	1155
1974	7	666
1974	8	337
1974	9	252
1974	10	298
1974	11	267
1974	12	187
1975	1	200
1975	2	268
1975	3	412
1975	4	642
1975	5	956
1975	6	1022
1975	7	846
1975	8	597
1975	9	369
1975	10	334
1975	11	320
1975	12	240
1976	1	247
1976	2	305
1976	3	432
1976	4	518
1976	5	317
1976	6	171
1976	7	110
1976	8	57
1976	9	8
1976	10	8
1976	11	8
1976	12	8
1977	1	19
1977	2	22
1977	3	30
1977	4	45
1977	5	13
1977	6	55
1977	7	59
1977	8	50
1977	9	128
1977	10	200
1977	11	298
1977	12	363
1978	1	402
1978	2	356
1978	3	384
1978	4	814
1978	5	812
1978	6	519
1978	7	402
1978	8	137
1978	9	95
1978	10	139
1978	11	109
1978	12	103
1979	1	98
1979	2	132
1979	3	295
1979	4	620
1979	5	972
1979	6	917
1979	7	804
1979	8	701
1979	9	550
1979	10	343
1979	11	355
1979	12	325
1980	1	357
1980	2	392
1980	3	488
1980	4	548
1980	5	505
1980	6	346
1980	7	166
1980	8	102
1980	9	40
1980	10	70
1980	11	118
1980	12	113
1981	1	101
1981	2	132
1981	3	207
1981	4	213
1981	5	170
1981	6	124
1981	7	142
1981	8	152
1981	9	58
1981	10	139
1981	11	220
1981	12	246
1982	1	239
1982	2	256
1982	3	406
1982	4	612
1982	5	748
1982	6	719
1982	7	503
1982	8	276
1982	9	171
1982	10	299
1982	11	330
1982	12	297
1983	1	281
1983	2	262
1983	3	354
1983	4	374
1983	5	329
1983	6	235
1983	7	287
1983	8	365
1983	9	353
1983	10	329
1983	11	292
1983	12	257
1984	1	275
1984	2	345
1984	3	369
1984	4	656
1984	5	621
1984	6	637
1984	7	468
1984	8	247
1984	9	125
1984	10	173
1984	11	193
1984	12	265
1985	1	267
1985	2	270
1985	3	473
1985	4	590
1985	5	901
1985	6	1087
1985	7	1139
1985	8	1079
1985	9	904
1985	10	817
1985	11	830
1985	12	681
1986	1	603
1986	2	538
1986	3	545
1986	4	1050
1986	5	1427
1986	6	1425
1986	7	883
1986	8	611
1986	9	684
1986	10	777
1986	11	772
1986	12	706
1987	1	580
1987	2	605
1987	3	652
1987	4	602
1987	5	521
1987	6	467
1987	7	322
1987	8	166
1987	9	174
1987	10	134
1987	11	130
1987	12	147
1988	1	169
1988	2	230
1988	3	320
1988	4	347
1988	5	356
1988	6	201
1988	7	75
1988	8	78
1988	9	74
1988	10	68
1988	11	58
1988	12	54
1989	1	92
1989	2	175
1989	3	342
1989	4	653
1989	5	600
1989	6	593
1989	7	305
1989	8	137
1989	9	168
1989	10	117
1989	11	136
1989	12	120
1990	1	111
1990	2	145
1990	3	294
1990	4	428
1990	5	517
1990	6	551
1990	7	385
1990	8	236
1990	9	163
1990	10	128
1990	11	92
1990	12	88
1991	1	93
1991	2	158
1991	3	256
1991	4	383
1991	5	698
1991	6	709
1991	7	679
1991	8	429
1991	9	354
1991	10	200
1991	11	175
1991	12	167
1992	1	205
1992	2	248
1992	3	369
1992	4	443
1992	5	431
1992	6	381
1992	7	351
1992	8	291
1992	9	265
1992	10	189
1992	11	211
1992	12	200
1993	1	220
1993	2	281
1993	3	419
1993	4	621
1993	5	684
1993	6	979
1993	7	923
1993	8	1054
1993	9	1026
1993	10	972
1993	11	798
1993	12	619
1994	1	556
1994	2	646
1994	3	724
1994	4	816
1994	5	1009
1994	6	706
1994	7	565
1994	8	408
1994	9	279
1994	10	322
1994	11	300
1994	12	412
1995	1	410
1995	2	414
1995	3	615
1995	4	894
1995	5	891
1995	6	619
1995	7	509
1995	8	310
1995	9	259
1995	10	363
1995	11	435
1995	12	414
1996	1	366
1996	2	401
1996	3	545
1996	4	738
1996	5	1100
1996	6	1069
1996	7	573
1996	8	347
1996	9	223
1996	10	222
1996	11	281
1996	12	399
1997	1	521
1997	2	532
1997	3	571
1997	4	1199
1997	5	1402
1997	6	1054
1997	7	848
1997	8	724
1997	9	565
1997	10	526
1997	11	511
1997	12	578
1998	1	507
1998	2	581
1998	3	699
1998	4	837
1998	5	874
1998	6	662
1998	7	1110
1998	8	883
1998	9	497
1998	10	546
1998	11	725
1998	12	740
1999	1	736
1999	2	742
1999	3	784
1999	4	1092
1999	5	1161
1999	6	1220
1999	7	1022
1999	8	624
1999	9	763
1999	10	713
1999	11	584
1999	12	459
2000	1	462
2000	2	471
2000	3	715
2000	4	841
2000	5	793
2000	6	904
2000	7	818
2000	8	604
2000	9	416
2000	10	318
2000	11	563
2000	12	666
2001	1	688
2001	2	604
2001	3	730
2001	4	1083
2001	5	1267
2001	6	1442
2001	7	1089
2001	8	612
2001	9	466
2001	10	410
2001	11	376
2001	12	462
2002	1	483
2002	2	451
2002	3	459
2002	4	611
2002	5	762
2002	6	591
2002	7	692
2002	8	506
2002	9	493
2002	10	372
2002	11	355
2002	12	365
2003	1	352
2003	2	346
2003	3	371
2003	4	468
2003	5	636
2003	6	573
2003	7	756
2003	8	367
2003	9	104
2003	10	128
2003	11	129
2003	12	101
2004	1	127
2004	2	167
2004	3	321
2004	4	399
2004	5	445
2004	6	680
2004	7	483
2004	8	365
2004	9	522
2004	10	700
2004	11	840
2004	12	696
2005	1	708
2005	2	644
2005	3	730
2005	4	856
2005	5	942
2005	6	1150
2005	7	937
2005	8	616
2005	9	692
2005	10	660
2005	11	615
2005	12	747
2006	1	825
2006	2	716
2006	3	860
2006	4	1024
2006	5	1263
2006	6	1164
2006	7	487
2006	8	302
2006	9	402
2006	10	425
2006	11	358
2006	12	355
2007	1	401
2007	2	358
2007	3	553
2007	4	1064
2007	5	1231
2007	6	1543
2007	7	898
2007	8	433
2007	9	281
2007	10	296
2007	11	284
2007	12	298
2008	1	340
2008	2	340
2008	3	387
2008	4	664
2008	5	1085
2008	6	1118
2008	7	824
2008	8	489
2008	9	341
2008	10	468
2008	11	647
2008	12	574
2009	1	647
2009	2	631
2009	3	1026
2009	4	1807
2009	5	1865
2009	6	1420
2009	7	1012
2009	8	660
2009	9	484
2009	10	487
2009	11	775
2009	12	749
2010	1	797
2010	2	775
2010	3	1098
2010	4	1175
2010	5	1068
2010	6	885
2010	7	767
2010	8	1122
2010	9	1498
2010	10	1639
2010	11	1810
2010	12	1485
2011	1	1372
2011	2	1207
2011	3	1259
2011	4	1627
2011	5	1935
2011	6	1748
2011	7	1415
2011	8	1148
2011	9	782
2011	10	556
2011	11	440
2011	12	465
2012	1	449
2012	2	465
2012	3	600
2012	4	814
2012	5	983
2012	6	993
2012	7	693
2012	8	429
2012	9	209
2012	10	156
2012	11	153
2012	12	167
2013	1	186
2013	2	263
2013	3	448
2013	4	484
2013	5	979
2013	6	1389
2013	7	1245
2013	8	615
2013	9	476
2013	10	596
2013	11	574
2013	12	561
2014	1	531
2014	2	501
2014	3	537
2014	4	852
2014	5	1408
2014	6	1864
2014	7	1752
2014	8	1286
2014	9	1331
2014	10	942
2014	11	646
2014	12	601
2015	1	515
2015	2	499
2015	3	544
2015	4	577
2015	5	827
2015	6	1256
2015	7	897
2015	8	489
2015	9	388
