1940	1	0
1940	2	8
1940	3	40
1940	4	446
1940	5	384
1940	6	185
1940	7	15
1940	8	3
1940	9	0
1940	10	5
1940	11	34
1940	12	37
1941	1	42
1941	2	87
1941	3	252
1941	4	644
1941	5	324
1941	6	485
1941	7	130
1941	8	25
1941	9	81
1941	10	93
1941	11	125
1941	12	98
1942	1	112
1942	2	109
1942	3	189
1942	4	325
1942	5	1298
1942	6	1664
1942	7	988
1942	8	469
1942	9	608
1942	10	530
1942	11	431
1942	12	314
1943	1	318
1943	2	272
1943	3	463
1943	4	6163
1943	5	1859
1943	6	2803
1943	7	1764
1943	8	770
1943	9	428
1943	10	400
1943	11	371
1943	12	290
1944	1	202
1944	2	163
1944	3	255
1944	4	868
1944	5	1196
1944	6	2128
1944	7	2013
1944	8	689
1944	9	769
1944	10	745
1944	11	730
1944	12	510
1945	1	430
1945	2	389
1945	3	2813
1945	4	1670
1945	5	999
1945	6	1107
1945	7	375
1945	8	155
1945	9	134
1945	10	218
1945	11	248
1945	12	219
1946	1	186
1946	2	112
1946	3	1550
1946	4	1347
1946	5	639
1946	6	420
1946	7	705
1946	8	598
1946	9	503
1946	10	578
1946	11	535
1946	12	490
1947	1	413
1947	2	338
1947	3	513
1947	4	3537
1947	5	1880
1947	6	1612
1947	7	1148
1947	8	247
1947	9	201
1947	10	217
1947	11	204
1947	12	182
1948	1	140
1948	2	103
1948	3	215
1948	4	1805
1948	5	1619
1948	6	625
1948	7	273
1948	8	217
1948	9	172
1948	10	141
1948	11	103
1948	12	63
1949	1	65
1949	2	86
1949	3	180
1949	4	717
1949	5	251
1949	6	224
1949	7	871
1949	8	229
1949	9	88
1949	10	78
1949	11	80
1949	12	95
1950	1	88
1950	2	133
1950	3	527
1950	4	3668
1950	5	3319
1950	6	1767
1950	7	1520
1950	8	768
1950	9	213
1950	10	145
1950	11	96
1950	12	116
1951	1	153
1951	2	153
1951	3	255
1951	4	3233
1951	5	1712
1951	6	1114
1951	7	632
1951	8	388
1951	9	341
1951	10	348
1951	11	338
1951	12	511
1952	1	528
1952	2	535
1952	3	533
1952	4	7256
1952	5	2148
1952	6	1609
1952	7	1269
1952	8	426
1952	9	445
1952	10	324
1952	11	248
1952	12	185
1953	1	138
1953	2	183
1953	3	685
1953	4	691
1953	5	1253
1953	6	3281
1953	7	1538
1953	8	899
1953	9	568
1953	10	373
1953	11	477
1953	12	412
1954	1	357
1954	2	344
1954	3	631
1954	4	863
1954	5	943
1954	6	1189
1954	7	721
1954	8	233
1954	9	240
1954	10	153
1954	11	143
1954	12	171
1955	1	221
1955	2	186
1955	3	276
1955	4	862
1955	5	375
1955	6	322
1955	7	705
1955	8	456
1955	9	454
1955	10	402
1955	11	298
1955	12	174
1956	1	238
1956	2	219
1956	3	250
1956	4	1409
1956	5	834
1956	6	830
1956	7	287
1956	8	265
1956	9	113
1956	10	62
1956	11	44
1956	12	59
1957	1	87
1957	2	104
1957	3	458
1957	4	902
1957	5	961
1957	6	1111
1957	7	898
1957	8	574
1957	9	627
1957	10	450
1957	11	468
1957	12	418
1958	1	323
1958	2	306
1958	3	574
1958	4	849
1958	5	379
1958	6	164
1958	7	794
1958	8	227
1958	9	173
1958	10	147
1958	11	152
1958	12	160
1959	1	245
1959	2	242
1959	3	364
1959	4	407
1959	5	427
1959	6	687
1959	7	617
1959	8	216
1959	9	164
1959	10	144
1959	11	124
1959	12	206
1960	1	208
1960	2	228
1960	3	308
1960	4	1493
1960	5	955
1960	6	834
1960	7	528
1960	8	179
1960	9	108
1960	10	79
1960	11	130
1960	12	127
1961	1	141
1961	2	169
1961	3	422
1961	4	321
1961	5	428
1961	6	425
1961	7	177
1961	8	81
1961	9	52
1961	10	102
1961	11	103
1961	12	71
1962	1	76
1962	2	85
1962	3	203
1962	4	2617
1962	5	3352
1962	6	5121
1962	7	5691
1962	8	2690
1962	9	844
1962	10	515
1962	11	424
1962	12	302
1963	1	288
1963	2	189
1963	3	420
1963	4	777
1963	5	629
1963	6	2396
1963	7	529
1963	8	190
1963	9	148
1963	10	210
1963	11	173
1963	12	150
1964	1	138
1964	2	169
1964	3	193
1964	4	1181
1964	5	1141
1964	6	734
1964	7	385
1964	8	93
1964	9	118
1964	10	236
1964	11	207
1964	12	209
1965	1	193
1965	2	184
1965	3	207
1965	4	3740
1965	5	1647
1965	6	2787
1965	7	1514
1965	8	536
1965	9	507
1965	10	825
1965	11	566
1965	12	512
1966	1	491
1966	2	490
1966	3	3755
1966	4	2269
1966	5	2312
1966	6	1809
1966	7	794
1966	8	899
1966	9	410
1966	10	467
1966	11	476
1966	12	459
1967	1	427
1967	2	384
1967	3	902
1967	4	2248
1967	5	1555
1967	6	2081
1967	7	1217
1967	8	259
1967	9	85
1967	10	171
1967	11	161
1967	12	165
1968	1	134
1968	2	135
1968	3	373
1968	4	502
1968	5	674
1968	6	639
1968	7	435
1968	8	222
1968	9	156
1968	10	291
1968	11	288
1968	12	247
1969	1	232
1969	2	317
1969	3	480
1969	4	9923
1969	5	3573
1969	6	1482
1969	7	629
1969	8	209
1969	9	49
1969	10	86
1969	11	120
1969	12	111
1970	1	154
1970	2	174
1970	3	250
1970	4	1026
1970	5	838
1970	6	1206
1970	7	510
1970	8	109
1970	9	14
1970	10	61
1970	11	162
1970	12	124
1971	1	137
1971	2	125
1971	3	565
1971	4	663
1971	5	377
1971	6	368
1971	7	706
1971	8	141
1971	9	246
1971	10	263
1971	11	606
1971	12	568
1972	1	554
1972	2	408
1972	3	2468
1972	4	2255
1972	5	2019
1972	6	1787
1972	7	939
1972	8	695
1972	9	434
1972	10	438
1972	11	359
1972	12	393
1973	1	383
1973	2	440
1973	3	978
1973	4	541
1973	5	338
1973	6	283
1973	7	155
1973	8	115
1973	9	120
1973	10	388
1973	11	569
1973	12	557
1974	1	480
1974	2	519
1974	3	731
1974	4	1312
1974	5	1059
1974	6	1108
1974	7	707
1974	8	355
1974	9	224
1974	10	296
1974	11	259
1974	12	184
1975	1	188
1975	2	267
1975	3	388
1975	4	3201
1975	5	1462
1975	6	2429
1975	7	5378
1975	8	707
1975	9	433
1975	10	358
1975	11	350
1975	12	215
1976	1	230
1976	2	290
1976	3	1002
1976	4	1039
1976	5	340
1976	6	166
1976	7	91
1976	8	35
1976	9	12
1976	10	3
1976	11	11
1976	12	11
1977	1	14
1977	2	19
1977	3	85
1977	4	193
1977	5	77
1977	6	91
1977	7	74
1977	8	18
1977	9	177
1977	10	333
1977	11	311
1977	12	382
1978	1	405
1978	2	327
1978	3	1293
1978	4	6926
1978	5	1755
1978	6	1238
1978	7	1552
1978	8	364
1978	9	113
1978	10	154
1978	11	108
1978	12	100
1979	1	97
1979	2	93
1979	3	265
1979	4	6767
1979	5	2576
1979	6	1937
1979	7	1460
1979	8	1012
1979	9	634
1979	10	412
1979	11	358
1979	12	308
1980	1	377
1980	2	385
1980	3	676
1980	4	1795
1980	5	586
1980	6	580
1980	7	160
1980	8	124
1980	9	31
1980	10	55
1980	11	99
1980	12	98
1981	1	85
1981	2	139
1981	3	245
1981	4	253
1981	5	346
1981	6	231
1981	7	222
1981	8	272
1981	9	44
1981	10	131
1981	11	185
1981	12	190
1982	1	225
1982	2	241
1982	3	724
1982	4	2407
1982	5	927
1982	6	814
1982	7	622
1982	8	313
1982	9	189
1982	10	479
1982	11	362
1982	12	332
1983	1	294
1983	2	300
1983	3	702
1983	4	632
1983	5	394
1983	6	227
1983	7	578
1983	8	304
1983	9	362
1983	10	310
1983	11	284
1983	12	233
1984	1	252
1984	2	349
1984	3	1618
1984	4	3347
1984	5	1170
1984	6	2109
1984	7	1025
1984	8	381
1984	9	176
1984	10	520
1984	11	502
1984	12	334
1985	1	252
1985	2	331
1985	3	1468
1985	4	1101
1985	5	1341
1985	6	2175
1985	7	1348
1985	8	1148
1985	9	1048
1985	10	828
1985	11	718
1985	12	785
1986	1	739
1986	2	661
1986	3	1912
1986	4	5669
1986	5	4589
1986	6	2580
1986	7	2009
1986	8	911
1986	9	1707
1986	10	1434
1986	11	893
1986	12	800
1987	1	706
1987	2	778
1987	3	1415
1987	4	926
1987	5	668
1987	6	507
1987	7	365
1987	8	153
1987	9	152
1987	10	143
1987	11	141
1987	12	134
1988	1	143
1988	2	244
1988	3	605
1988	4	512
1988	5	392
1988	6	218
1988	7	62
1988	8	69
1988	9	65
1988	10	56
1988	11	48
1988	12	30
1989	1	46
1989	2	139
1989	3	291
1989	4	6367
1989	5	1144
1989	6	866
1989	7	319
1989	8	156
1989	9	227
1989	10	186
1989	11	126
1989	12	100
1990	1	93
1990	2	147
1990	3	323
1990	4	495
1990	5	546
1990	6	593
1990	7	399
1990	8	226
1990	9	175
1990	10	132
1990	11	81
1990	12	72
1991	1	72
1991	2	86
1991	3	334
1991	4	567
1991	5	927
1991	6	1115
1991	7	1662
1991	8	587
1991	9	749
1991	10	338
1991	11	165
1991	12	147
1992	1	193
1992	2	268
1992	3	735
1992	4	499
1992	5	458
1992	6	895
1992	7	493
1992	8	499
1992	9	335
1992	10	211
1992	11	225
1992	12	196
1993	1	209
1993	2	284
1993	3	776
1993	4	3992
1993	5	1327
1993	6	1909
1993	7	4119
1993	8	3292
1993	9	2279
1993	10	1740
1993	11	738
1993	12	466
1994	1	603
1994	2	697
1994	3	2754
1994	4	5015
1994	5	2852
1994	6	1577
1994	7	2599
1994	8	853
1994	9	315
1994	10	513
1994	11	270
1994	12	398
1995	1	400
1995	2	440
1995	3	4721
1995	4	4390
1995	5	3001
1995	6	1888
1995	7	1731
1995	8	462
1995	9	280
1995	10	923
1995	11	926
1995	12	502
1996	1	471
1996	2	523
1996	3	2360
1996	4	4851
1996	5	3888
1996	6	1908
1996	7	745
1996	8	387
1996	9	209
1996	10	275
1996	11	265
1996	12	345
1997	1	461
1997	2	680
1997	3	957
1997	4	17915
1997	5	5365
1997	6	2408
1997	7	1432
1997	8	842
1997	9	640
1997	10	672
1997	11	580
1997	12	635
1998	1	508
1998	2	1352
1998	3	3300
1998	4	2626
1998	5	3718
1998	6	2253
1998	7	3856
1998	8	1303
1998	9	690
1998	10	973
1998	11	938
1998	12	1260
1999	1	701
1999	2	699
1999	3	2458
1999	4	2329
1999	5	2238
1999	6	2530
1999	7	1593
1999	8	1426
1999	9	1770
1999	10	1005
1999	11	739
1999	12	496
2000	1	443
2000	2	489
2000	3	2304
2000	4	1404
2000	5	1419
2000	6	1794
2000	7	1655
2000	8	774
2000	9	559
2000	10	412
2000	11	836
2000	12	752
2001	1	715
2001	2	680
2001	3	1213
2001	4	10540
2001	5	4165
2001	6	3360
2001	7	2477
2001	8	968
2001	9	583
2001	10	559
2001	11	590
2001	12	759
2002	1	628
2002	2	626
2002	3	981
2002	4	1282
2002	5	1629
2002	6	1013
2002	7	1748
2002	8	928
2002	9	671
2002	10	416
2002	11	359
2002	12	361
2003	1	343
2003	2	333
2003	3	537
2003	4	807
2003	5	1084
2003	6	1644
2003	7	2570
2003	8	513
2003	9	105
2003	10	94
2003	11	130
2003	12	106
2004	1	112
2004	2	154
2004	3	719
2004	4	536
2004	5	700
2004	6	2298
2004	7	1136
2004	8	473
2004	9	1525
2004	10	1871
2004	11	1936
2004	12	892
2005	1	734
2005	2	719
2005	3	1556
2005	4	1711
2005	5	1397
2005	6	5555
2005	7	4740
2005	8	2583
2005	9	1407
2005	10	1230
2005	11	783
2005	12	880
2006	1	1079
2006	2	851
2006	3	1901
2006	4	8910
2006	5	3642
2006	6	2129
2006	7	686
2006	8	335
2006	9	651
2006	10	660
2006	11	439
2006	12	394
2007	1	394
2007	2	370
2007	3	2548
2007	4	5382
2007	5	4742
2007	6	8123
2007	7	2465
2007	8	665
2007	9	376
2007	10	424
2007	11	350
2007	12	363
2008	1	403
2008	2	360
2008	3	705
2008	4	1819
2008	5	2220
2008	6	2818
2008	7	1059
2008	8	1100
2008	9	719
2008	10	3438
2008	11	1552
2008	12	657
2009	1	765
2009	2	763
2009	3	7569
2009	4	13569
2009	5	4673
2009	6	4734
2009	7	2481
2009	8	1030
2009	9	631
2009	10	1952
2009	11	3160
2009	12	1038
2010	1	917
2010	2	938
2010	3	9335
2010	4	6173
2010	5	3738
2010	6	1897
2010	7	1394
2010	8	1393
2010	9	2593
2010	10	2621
2010	11	2973
2010	12	1932
2011	1	1671
2011	2	1518
2011	3	2206
2011	4	15542
2011	5	6329
2011	6	4881
2011	7	5462
2011	8	5774
2011	9	2384
2011	10	893
2011	11	595
2011	12	457
2012	1	454
2012	2	495
2012	3	1445
2012	4	1748
2012	5	1540
2012	6	1243
2012	7	801
2012	8	467
2012	9	202
2012	10	158
2012	11	159
2012	12	163
2013	1	184
2013	2	242
2013	3	711
2013	4	3163
2013	5	5133
2013	6	4122
2013	7	3414
2013	8	798
2013	9	532
2013	10	1565
2013	11	857
2013	12	555
2014	1	560
2014	2	528
2014	3	1079
2014	4	2201
2014	5	4540
2014	6	5238
2014	7	3527
2014	8	1605
2014	9	1845
2014	10	972
2014	11	312
2014	12	0
2015	1	0
2015	2	0
2015	4	628
2015	5	1776
2015	6	2723
2015	7	1373
2015	8	560
2015	9	387
