1941	10	0
1941	11	0
1941	12	0
1942	1	0
1942	2	0
1942	3	0
1942	4	0
1942	5	2
1942	6	147
1942	7	623
1942	8	197
1942	9	243
1942	10	45
1942	11	0
1942	12	0
1943	1	0
1943	2	0
1943	3	5
1943	4	325
1943	5	935
1943	6	680
1943	7	324
1943	8	35
1943	9	6
1943	10	7
1943	11	10
1943	12	1
1944	1	0
1944	2	0
1944	3	3
1944	4	156
1944	5	252
1944	6	598
1944	7	224
1944	8	15
1944	9	4
1944	10	2
1944	11	0
1944	12	0
1945	1	0
1945	2	0
1945	3	15
1945	4	375
1945	5	41
1945	6	213
1945	7	5
1945	8	2
1945	9	0
1945	10	2
1945	11	0
1945	12	0
1946	1	0
1946	2	0
1946	3	28
1946	4	530
1946	5	24
1946	6	13
1946	7	38
1946	8	3
1946	9	1
1946	10	2
1946	11	10
1946	12	4
1947	1	1
1947	2	0
1947	3	5
1947	4	271
1947	5	592
1947	6	433
1947	7	453
1947	8	8
1947	9	5
1947	10	6
1947	11	8
1947	12	1
1948	1	0
1948	2	0
1948	3	36
1948	4	358
1948	5	750
1948	6	84
1948	7	15
1948	8	18
1948	9	14
1948	10	0
1948	11	0
1948	12	0
1949	1	0
1949	2	0
1949	3	19
1949	4	7
1949	5	1
1949	6	2
1949	7	64
1949	8	4
1949	9	1
1949	10	0
1949	11	0
1949	12	0
1950	1	0
1950	2	0
1950	3	4
1950	4	22
1950	5	17
1950	6	575
1950	7	712
1950	8	327
1950	9	19
1950	10	4
1950	11	20
1950	12	19
1951	1	6
1951	2	0
1951	3	3
1951	4	185
1951	5	820
1951	6	330
1951	7	69
1951	8	29
1951	9	4
1951	10	3
1951	11	13
1951	12	22
1952	1	20
1952	2	12
1952	3	55
1952	4	259
1952	5	1001
1952	6	944
1952	7	260
1952	8	7
1952	9	0
1952	10	0
1952	11	0
1952	12	0
1953	1	0
1953	2	0
1953	3	28
1953	4	9
1953	5	74
1953	6	57
1953	7	60
1953	8	33
1953	9	15
1953	10	1
1953	11	0
1953	12	0
1954	1	0
1954	2	0
1954	3	2
1954	4	5
1954	5	4
1954	6	6
1954	7	1
1954	8	0
1954	9	2
1954	10	0
1954	11	0
1954	12	0
1955	1	0
1955	2	0
1955	3	3
1955	4	5
1955	5	1
1955	6	2
1955	7	17
1955	8	3
1955	9	0
1955	10	0
1955	11	0
1955	12	0
1956	1	0
1956	2	0
1956	3	0
1956	4	12
1956	5	2
1956	6	0
1956	7	0
1956	8	5
1956	9	0
1956	10	0
1956	11	0
1956	12	0
1957	1	0
1957	2	0
1957	3	1
1957	4	24
1957	5	235
1957	6	324
1957	7	134
1957	8	14
1957	9	24
1957	10	33
1957	11	38
1957	12	3
1958	1	13
1958	2	10
1958	3	41
1958	4	223
1958	5	41
1958	6	7
1958	7	6
1958	8	0
1958	9	0
1958	10	0
1958	11	0
1958	12	0
1959	1	0
1959	2	0
1959	3	1
1959	4	0
1959	5	1
1959	6	4
1959	7	3
1959	8	0
1959	9	0
1959	10	0
1959	11	0
1959	12	0
1960	1	0
1960	2	0
1960	3	1
1960	4	18
1960	5	72
1960	6	68
1960	7	19
1960	8	0
1960	9	0
1960	10	0
1960	11	0
1960	12	0
1961	1	0
1961	2	0
1961	3	1
1961	4	4
1961	5	5
1961	6	0
1961	7	0
1961	8	0
1961	9	1
1961	10	0
1961	11	0
1961	12	0
1962	1	0
1962	2	0
1962	3	0
1962	4	127
1962	5	412
1962	6	788
1962	7	1034
1962	8	1129
1962	9	259
1962	10	45
1962	11	7
1962	12	4
1963	1	3
1963	2	7
1963	3	17
1963	4	104
1963	5	42
1963	6	558
1963	7	75
1963	8	8
1963	9	3
1963	10	1
1963	11	0
1963	12	0
1964	1	0
1964	2	0
1964	3	0
1964	4	107
1964	5	95
1964	6	20
1964	7	5
1964	8	0
1964	9	1
1964	10	1
1964	11	0
1964	12	0
1965	1	0
1965	2	0
1965	3	0
1965	4	427
1965	5	433
1965	6	1087
1965	7	308
1965	8	9
1965	9	4
1965	10	59
1965	11	84
1965	12	28
1966	1	20
1966	2	53
1966	3	58
1966	4	332
1966	5	729
1966	6	430
1966	7	7
1966	8	6
1966	9	0
1966	10	23
1966	11	3
1966	12	0
1967	1	0
1967	2	0
1967	3	13
1967	4	223
1967	5	104
1967	6	25
1967	7	199
1967	8	0
1967	9	0
1967	10	0
1967	11	0
1967	12	0
1968	1	0
1968	2	0
1968	3	0
1968	4	7
1968	5	7
1968	6	3
1968	7	0
1968	8	0
1968	9	0
1968	10	0
1968	11	0
1968	12	0
1969	1	0
1969	2	0
1969	3	0
1969	4	1321
1969	5	1310
1969	6	374
1969	7	20
1969	8	0
1969	9	0
1969	10	1
1969	11	0
1969	12	0
1970	1	0
1970	2	0
1970	3	1
1970	4	14
1970	5	3
1970	6	4
1970	7	0
1970	8	0
1970	9	0
1970	10	0
1970	11	0
1970	12	0
1971	1	0
1971	2	0
1971	3	2
1971	4	4
1971	5	4
1971	6	69
1971	7	23
1971	8	4
1971	9	5
1971	10	0
1971	11	2
1971	12	1
1972	1	1
1972	2	0
1972	3	99
1972	4	630
1972	5	250
1972	6	303
1972	7	25
1972	8	105
1972	9	17
1972	10	0
1972	11	0
1972	12	0
1973	1	3
1973	2	7
1973	3	139
1973	4	77
1973	5	17
1973	6	9
1973	7	0
1973	8	0
1973	9	0
1973	10	0
1973	11	0
1973	12	0
1974	1	0
1974	2	0
1974	3	8
1974	4	7
1974	5	9
1974	6	3
1974	7	0
1974	8	0
1974	9	0
1974	10	0
1974	11	0
1974	12	0
1975	1	0
1975	2	0
1975	3	0
1975	4	26
1975	5	183
1975	6	87
1975	7	315
1975	8	11
1975	9	23
1975	10	1
1975	11	0
1975	12	0
1976	1	0
1976	2	21
1976	3	221
1976	4	133
1976	5	3
1976	6	0
1976	7	0
1976	8	0
1976	9	0
1976	10	0
1976	11	0
1976	12	0
1977	1	0
1977	2	0
1977	3	2
1977	4	0
1977	5	0
1977	6	0
1977	7	0
1977	8	0
1977	9	0
1977	10	0
1977	11	0
1977	12	0
1978	1	0
1978	2	0
1978	3	3
1978	4	623
1978	5	718
1978	6	520
1978	7	415
1978	8	108
1978	9	18
1978	10	2
1978	11	1
1978	12	1
1979	1	0
1979	2	0
1979	3	0
1979	4	228
1979	5	937
1979	6	695
1979	7	325
1979	8	103
1979	9	8
1979	10	6
1979	11	6
1979	12	8
1980	1	9
1980	2	11
1980	3	40
1980	4	23
1980	5	25
1980	6	62
1980	7	12
1980	8	1
1980	9	1
1980	10	0
1980	11	0
1980	12	0
1981	1	0
1981	2	0
1981	3	0
1981	4	1
1981	5	1
1981	6	10
1981	7	7
1981	8	0
1981	9	0
1981	10	0
1981	11	0
1981	12	0
1982	1	0
1982	2	0
1982	3	3
1982	4	200
1982	5	99
1982	6	3
1982	7	5
1982	8	0
1982	9	0
1982	10	0
1982	11	5
1982	12	23
1983	1	1
1983	2	0
1983	3	2
1983	4	2
1983	5	1
1983	6	0
1983	7	0
1983	8	0
1983	9	0
1983	10	0
1983	11	0
1983	12	0
1984	1	0
1984	2	1
1984	3	5
1984	4	716
1984	5	311
1984	6	426
1984	7	281
1984	8	103
1984	9	0
1984	10	101
1984	11	258
1984	12	57
1985	1	0
1985	2	0
1985	3	227
1985	4	339
1985	5	205
1985	6	420
1985	7	79
1985	8	18
1985	9	19
1985	10	8
1985	11	4
1985	12	3
1986	1	4
1986	2	6
1986	3	55
1986	4	720
1986	5	1092
1986	6	1102
1986	7	722
1986	8	151
1986	9	61
1986	10	362
1986	11	85
1986	12	44
1987	1	36
1987	2	24
1987	3	32
1987	4	64
1987	5	28
1987	6	2
1987	7	1
1987	8	0
1987	9	0
1987	10	22
1987	11	8
1987	12	4
1988	1	0
1988	2	0
1988	3	9
1988	4	41
1988	5	4
1988	6	0
1988	7	0
1988	8	0
1988	9	0
1988	10	0
1988	11	0
1988	12	0
1989	1	0
1989	2	0
1989	3	1
1989	4	414
1989	5	491
1989	6	89
1989	7	4
1989	8	6
1989	9	71
1989	10	9
1989	11	11
1989	12	6
1990	1	0
1990	2	0
1990	3	21
1990	4	6
1990	5	10
1990	6	7
1990	7	1
1990	8	0
1990	9	0
1990	10	1
1990	11	1
1990	12	0
1991	1	0
1991	2	0
1991	3	4
1991	4	10
1991	5	14
1991	6	108
1991	7	505
1991	8	71
1991	9	38
1991	10	58
1991	11	0
1991	12	0
1992	1	0
1992	2	0
1992	3	8
1992	4	10
1992	5	2
1992	6	6
1992	7	21
1992	8	92
1992	9	0
1992	10	0
1992	11	3
1992	12	4
1993	1	4
1993	2	4
1993	3	75
1993	4	602
1993	5	244
1993	6	240
1993	7	711
1993	8	1181
1993	9	1062
1993	10	534
1993	11	20
1993	12	6
1994	1	6
1994	2	6
1994	3	198
1994	4	1087
1994	5	1105
1994	6	489
1994	7	688
1994	8	139
1994	9	6
1994	10	69
1994	11	6
1994	12	5
1995	1	4
1995	2	5
1995	3	208
1995	4	1276
1995	5	1236
1995	6	667
1995	7	100
1995	8	6
1995	9	7
1995	10	271
1995	11	307
1995	12	25
1996	1	8
1996	2	16
1996	3	628
1996	4	841
1996	5	723
1996	6	187
1996	7	5
1996	8	3
1996	9	0
1996	10	1
1996	11	4
1996	12	13
1997	1	42
1997	2	148
1997	3	325
1997	4	3814
1997	5	1444
1997	6	611
1997	7	52
1997	8	5
1997	9	0
1997	10	4
1997	11	7
1997	12	3
1998	1	0
1998	2	83
1998	3	500
1998	4	232
1998	5	255
1998	6	116
1998	7	202
1998	8	2
1998	9	0
1998	10	11
1998	11	13
1998	12	207
1999	1	4
1999	2	6
1999	3	321
1999	4	139
1999	5	208
1999	6	368
1999	7	118
1999	8	201
1999	9	164
1999	10	7
1999	11	5
1999	12	3
2000	1	2
2000	2	15
2000	3	272
2000	4	56
2000	5	105
2000	6	8
2000	7	233
2000	8	0
2000	9	0
2000	10	0
2000	11	6
2000	12	1
2001	1	1
2001	2	2
2001	3	362
2001	4	2306
2001	5	1322
2001	6	1045
2001	7	918
2001	8	101
2001	9	3
2001	10	9
2001	11	14
2001	12	113
2002	1	6
2002	2	7
2002	3	321
2002	4	106
2002	5	231
2002	6	10
2002	7	220
2002	8	110
2002	9	7
2002	10	4
2002	11	3
2002	12	0
2003	1	0
2003	2	0
2003	3	75
2003	4	72
2003	5	126
2003	6	72
2003	7	424
2003	8	41
2003	9	0
2003	10	0
2003	11	0
2003	12	0
2004	1	0
2004	2	0
2004	3	24
2004	4	20
2004	5	23
2004	6	290
2004	7	221
2004	8	16
2004	9	209
2004	10	587
2004	11	482
2004	12	129
2005	1	4
2005	2	54
2005	3	607
2005	4	217
2005	5	208
2005	6	633
2005	7	1066
2005	8	461
2005	9	79
2005	10	122
2005	11	58
2005	12	90
2006	1	152
2006	2	68
2006	3	579
2006	4	948
2006	5	906
2006	6	460
2006	7	28
2006	8	5
2006	9	59
2006	10	79
2006	11	37
2006	12	3
2007	1	2
2007	2	0
2007	3	822
2007	4	1075
2007	5	1042
2007	6	810
2007	7	589
2007	8	5
2007	9	4
2007	10	49
2007	11	12
2007	12	8
2008	1	6
2008	2	2
2008	3	336
2008	4	251
2008	5	314
2008	6	635
2008	7	8
2008	8	4
2008	9	7
2008	10	22
2008	11	240
2008	12	10
2009	1	45
2009	2	49
2009	3	625
2009	4	2790
2009	5	932
2009	6	115
2009	7	1
2009	8	0
2009	9	7
2009	10	34
2009	11	359
2009	12	95
2010	1	71
2010	2	184
2010	3	718
2010	4	1495
2010	5	1104
2010	6	223
2010	7	115
2010	8	1
2010	9	221
2010	10	190
2010	11	366
2010	12	239
2011	1	212
2011	2	271
2011	3	663
2011	4	2461
2011	5	1285
2011	6	1172
2011	7	1043
2011	8	1171
2011	9	992
2011	10	99
2011	11	65
2011	12	25
2012	1	37
2012	2	48
2012	3	343
2012	4	243
2012	5	166
2012	6	6
2012	7	51
2012	8	7
2012	9	1
2012	10	4
2012	11	3
2012	12	1
2013	1	1
2013	2	5
2013	3	260
2013	4	473
2013	5	951
2013	6	413
2013	7	579
2013	8	31
2013	9	2
2013	10	147
2013	11	90
2013	12	7
2014	1	5
2014	2	72
2014	3	397
2014	4	188
2014	5	700
2014	6	622
2014	7	896
2014	8	155
2014	9	168
2014	10	4
2014	11	5
2014	12	1
2015	1	1
2015	2	0
2015	3	154
2015	4	10
2015	5	319
2015	6	306
2015	7	98
2015	8	1
2015	9	0
