1949	10	7
1949	11	8
1949	12	3
1950	1	1
1950	2	1
1950	3	12
1950	4	1420
1950	5	853
1950	6	98
1950	7	30
1950	8	8
1950	9	6
1950	10	11
1950	11	11
1950	12	8
1951	1	10
1951	2	6
1951	3	21
1951	4	440
1951	5	90
1951	6	70
1951	7	21
1951	8	2
1951	9	11
1951	10	7
1951	11	8
1951	12	6
1952	1	2
1952	2	3
1952	3	6
1952	4	283
1952	5	43
1952	6	6
1952	7	44
1952	8	3
1952	9	1
1952	10	1
1952	11	7
1952	12	2
1953	1	2
1953	2	2
1953	3	13
1953	4	38
1953	5	60
1953	6	61
1953	7	64
1953	8	3
1953	9	2
1953	10	1
1953	11	2
1953	12	3
1954	1	3
1954	2	34
1954	3	79
1954	4	64
1954	5	30
1954	6	325
1954	7	169
1954	8	48
1954	9	38
1954	10	33
1954	11	18
1954	12	8
1955	1	2
1955	2	2
1955	3	40
1955	4	332
1955	5	65
1955	6	77
1955	7	23
1955	8	4
1955	9	1
1955	10	2
1955	11	2
1955	12	1
1956	1	1
1956	2	1
1956	3	2
1956	4	631
1956	5	100
1956	6	189
1956	7	18
1956	8	3
1956	9	9
1956	10	5
1956	11	23
1956	12	6
1957	1	2
1957	2	1
1957	3	43
1957	4	51
1957	5	36
1957	6	21
1957	7	24
1957	8	25
1957	9	63
1957	10	31
1957	11	18
1957	12	10
1958	1	9
1958	2	8
1958	3	38
1958	4	62
1958	5	20
1958	6	16
1958	7	61
1958	8	4
1958	9	1
1958	10	2
1958	11	4
1958	12	4
1959	1	2
1959	2	2
1959	3	48
1959	4	35
1959	5	23
1959	6	8
1959	7	2
1959	8	0
1959	9	0
1959	10	7
1959	11	10
1959	12	3
1960	1	2
1960	2	1
1960	3	21
1960	4	391
1960	5	97
1960	6	63
1960	7	12
1960	8	4
1960	9	0
1960	10	1
1960	11	1
1960	12	0
1961	1	0
1961	2	0
1961	3	23
1961	4	31
1961	5	13
1961	6	1
1961	7	1
1961	8	0
1961	9	0
1961	10	1
1961	11	2
1961	12	1
1962	1	1
1962	2	1
1962	3	22
1962	4	123
1962	5	59
1962	6	84
1962	7	22
1962	8	15
1962	9	6
1962	10	5
1962	11	5
1962	12	4
1963	1	1
1963	2	1
1963	3	16
1963	4	32
1963	5	22
1963	6	22
1963	7	6
1963	8	3
1963	9	1
1963	10	0
1963	11	1
1963	12	0
1964	1	0
1964	2	1
1964	3	1
1964	4	88
1964	5	32
1964	6	58
1964	7	23
1964	8	5
1964	9	11
1964	10	16
1964	11	8
1964	12	5
1965	1	1
1965	2	2
1965	3	12
1965	4	270
1965	5	38
1965	6	16
1965	7	122
1965	8	57
1965	9	24
1965	10	43
1965	11	12
1965	12	9
1966	1	3
1966	2	1
1966	3	650
1966	4	136
1966	5	88
1966	6	28
1966	7	51
1966	8	18
1966	9	6
1966	10	9
1966	11	6
1966	12	3
1967	1	3
1967	2	4
1967	3	196
1967	4	211
1967	5	139
1967	6	29
1967	7	10
1967	8	0
1967	9	1
1967	10	2
1967	11	3
1967	12	2
1968	1	1
1968	2	2
1968	3	91
1968	4	26
1968	5	31
1968	6	12
1968	7	5
1968	8	5
1968	9	12
1968	10	6
1968	11	4
1968	12	3
1969	1	2
1969	2	2
1969	3	1
1969	4	1022
1969	5	84
1969	6	26
1969	7	24
1969	8	24
1969	9	5
1969	10	2
1969	11	4
1969	12	4
1970	1	3
1970	2	3
1970	3	14
1970	4	178
1970	5	107
1970	6	58
1970	7	13
1970	8	27
1970	9	4
1970	10	3
1970	11	7
1970	12	3
1971	1	2
1971	2	1
1971	3	4
1971	4	674
1971	5	66
1971	6	163
1971	7	79
1971	8	6
1971	9	18
1971	10	32
1971	11	24
1971	12	8
1972	1	3
1972	2	2
1972	3	325
1972	4	151
1972	5	78
1972	6	34
1972	7	2
1972	8	1
1972	9	1
1972	10	3
1972	11	8
1972	12	3
1973	1	2
1973	2	1
1973	3	72
1973	4	25
1973	5	20
1973	6	6
1973	7	1
1973	8	1
1973	9	2
1973	10	7
1973	11	4
1973	12	3
1974	1	2
1974	2	2
1974	3	15
1974	4	464
1974	5	488
1974	6	89
1974	7	9
1974	8	0
1974	9	0
1974	10	3
1974	11	11
1974	12	5
1975	1	5
1975	2	5
1975	3	51
1975	4	561
1975	5	369
1975	6	67
1975	7	45
1975	8	6
1975	9	7
1975	10	6
1975	11	10
1975	12	5
1976	1	5
1976	2	10
1976	3	297
1976	4	280
1976	5	64
1976	6	18
1976	7	3
1976	8	0
1976	9	1
1976	10	1
1976	11	1
1976	12	2
1977	1	2
1977	2	3
1977	3	15
1977	4	15
1977	5	12
1977	6	1
1977	7	0
1977	8	0
1977	9	1
1977	10	2
1977	11	3
1977	12	4
1978	1	3
1978	2	2
1978	3	30
1978	4	348
1978	5	21
1978	6	15
1978	7	13
1978	8	12
1978	9	2
1978	10	2
1978	11	8
1978	12	3
1979	1	6
1979	2	4
1979	3	5
1979	4	701
1979	5	288
1979	6	56
1979	7	117
1979	8	51
1979	9	8
1979	10	7
1979	11	12
1979	12	6
1980	1	4
1980	2	3
1980	3	26
1980	4	175
1980	5	21
1980	6	35
1980	7	5
1980	8	21
1980	9	42
1980	10	41
1980	11	50
1980	12	19
1981	1	12
1981	2	153
1981	3	165
1981	4	71
1981	5	53
1981	6	135
1981	7	40
1981	8	19
1981	9	28
1981	10	25
1981	11	20
1981	12	15
1982	1	5
1982	2	3
1982	3	153
1982	4	608
1982	5	134
1982	6	92
1982	7	159
1982	8	42
1982	9	10
1982	10	73
1982	11	33
1982	12	29
1983	1	26
1983	2	55
1983	3	792
1983	4	309
1983	5	105
1983	6	45
1983	7	21
1983	8	5
1983	9	8
1983	10	26
1983	11	18
1983	12	6
1984	1	3
1984	2	26
1984	3	247
1984	4	266
1984	5	190
1984	6	44
1984	7	3
1984	8	1
1984	9	1
1984	10	8
1984	11	8
1984	12	5
1985	1	3
1985	2	3
1985	3	249
1985	4	39
1985	5	29
1985	6	28
1985	7	6
1985	8	80
1985	9	44
1985	10	43
1985	11	26
1985	12	12
1986	1	7
1986	2	7
1986	3	423
1986	4	250
1986	5	132
1986	6	14
1986	7	22
1986	8	32
1986	9	27
1986	10	18
1986	11	18
1986	12	19
1987	1	13
1987	2	16
1987	3	215
1987	4	545
1987	5	52
1987	6	18
1987	7	141
1987	8	60
1987	9	16
1987	10	18
1987	11	17
1987	12	15
1988	1	5
1988	2	7
1988	3	65
1988	4	48
1988	5	24
1988	6	11
1988	7	0
1988	8	0
1988	9	2
1988	10	2
1988	11	3
1988	12	3
1989	1	3
1989	2	3
1989	3	4
1989	4	186
1989	5	23
1989	6	4
1989	7	0
1989	8	0
1989	9	0
1989	10	0
1989	11	3
1989	12	1
1990	1	0
1990	2	0
1990	3	5
1990	4	24
1990	5	10
1990	6	26
1990	7	8
1990	8	3
1990	9	1
1990	10	1
1990	11	10
1990	12	3
1991	1	1
1991	2	2
1991	3	10
1991	4	17
1991	5	34
1991	6	23
1991	7	31
1991	8	14
1991	9	21
1991	10	13
1991	11	13
1991	12	8
1992	1	6
1992	2	13
1992	3	346
1992	4	38
1992	5	22
1992	6	4
1992	7	1
1992	8	0
1992	9	0
1992	10	0
1992	11	2
1992	12	3
1993	1	2
1993	2	2
1993	3	82
1993	4	182
1993	5	49
1993	6	20
1993	7	299
1993	8	423
1993	9	37
1993	10	12
1993	11	13
1993	12	14
1994	1	10
1994	2	9
1994	3	339
1994	4	198
1994	5	78
1994	6	163
1994	7	53
1994	8	10
1994	9	11
1994	10	49
1994	11	65
1994	12	42
1995	1	22
1995	2	15
1995	3	696
1995	4	479
1995	5	282
1995	6	91
1995	7	88
1995	8	53
1995	9	11
1995	10	14
1995	11	11
1995	12	8
1996	1	8
1996	2	7
1996	3	143
1996	4	1164
1996	5	302
1996	6	103
1996	7	55
1996	8	33
1996	9	13
1996	10	16
1996	11	13
1996	12	8
1997	1	7
1997	2	6
1997	3	34
1997	4	1793
1997	5	414
1997	6	61
1997	7	104
1997	8	34
1997	9	18
1997	10	20
1997	11	16
1997	12	12
1998	1	9
1998	2	58
1998	3	406
1998	4	354
1998	5	71
1998	6	44
1998	7	21
1998	8	6
1998	9	6
1998	10	10
1998	11	13
1998	12	18
1999	1	9
1999	2	11
1999	3	205
1999	4	1106
1999	5	518
1999	6	190
1999	7	181
1999	8	196
1999	9	125
1999	10	66
1999	11	52
1999	12	27
2000	1	16
2000	2	24
2000	3	110
2000	4	110
2000	5	106
2000	6	321
2000	7	441
2000	8	147
2000	9	153
2000	10	136
2000	11	232
2000	12	93
2001	1	55
2001	2	45
2001	3	122
2001	4	1106
2001	5	277
2001	6	257
2001	7	205
2001	8	135
2001	9	52
2001	10	35
2001	11	64
2001	12	32
2002	1	21
2002	2	24
2002	3	32
2002	4	148
2002	5	118
2002	6	195
2002	7	61
2002	8	22
2002	9	20
2002	10	17
2002	11	28
2002	12	17
2003	1	13
2003	2	10
2003	3	155
2003	4	155
2003	5	171
2003	6	121
2003	7	176
2003	8	26
2003	9	16
2003	10	13
2003	11	17
2003	12	14
2004	1	12
2004	2	10
2004	3	275
2004	4	634
2004	5	105
2004	6	519
2004	7	102
2004	8	70
2004	9	65
2004	10	63
2004	11	48
2004	12	27
2005	1	12
2005	2	10
2005	3	92
2005	4	162
2005	5	121
2005	6	194
2005	7	451
2005	8	92
2005	9	24
2005	10	44
2005	11	52
2005	12	28
2006	1	18
2006	2	12
2006	3	47
2006	4	366
2006	5	103
2006	6	32
2006	7	3
2006	8	2
2006	9	1
2006	10	5
2006	11	6
2006	12	2
2007	1	2
2007	2	2
2007	3	147
2007	4	70
2007	5	72
2007	6	144
2007	7	19
2007	8	30
2007	9	6
2007	10	6
2007	11	10
2007	12	8
2008	1	7
2008	2	6
2008	3	20
2008	4	83
2008	5	48
2008	6	62
2008	7	25
2008	8	43
2008	9	84
2008	10	118
2008	11	163
2008	12	23
2009	1	14
2009	2	20
2009	3	372
2009	4	2526
2009	5	538
2009	6	277
2009	7	184
2009	8	150
2009	9	146
2009	10	161
2009	11	59
2009	12	14
2010	1	11
2010	2	12
2010	3	637
2010	4	1481
2010	5	349
2010	6	296
2010	7	329
2010	8	279
2010	9	379
2010	10	320
2010	11	231
2010	12	42
2011	1	37
2011	2	37
2011	3	50
2011	4	2553
2011	5	777
2011	6	599
2011	7	457
2011	8	429
2011	9	200
2011	10	186
2011	11	159
2011	12	48
2012	1	35
2012	2	32
2012	3	214
2012	4	281
2012	5	275
2012	6	297
2012	7	225
2012	8	239
2012	9	231
2012	10	234
2012	11	110
2012	12	13
2013	1	8
2013	2	11
2013	3	14
2013	4	171
2013	5	1545
2013	6	887
2013	7	449
2013	8	352
2013	9	278
2013	10	245
2013	11	67
2013	12	36
2014	1	22
2014	2	15
2014	3	166
2014	4	558
2014	5	477
2014	6	517
2014	7	354
2014	8	282
2014	9	253
2014	10	262
2014	11	113
2014	12	0
2015	1	0
2015	2	0
2015	3	87
2015	4	113
2015	5	372
2015	6	266
2015	7	280
2015	8	197
2015	9	258
