1940	1	0
1940	2	0
1940	3	0
1940	4	38
1940	5	3
1940	6	0
1940	7	0
1940	8	0
1940	9	0
1940	10	0
1940	11	0
1940	12	0
1941	1	0
1941	2	0
1941	3	0
1941	4	577
1941	5	17
1941	6	11
1941	7	1
1941	8	0
1941	9	31
1941	10	32
1941	11	8
1941	12	2
1942	1	0
1942	2	0
1942	3	119
1942	4	872
1942	5	59
1942	6	16
1942	7	3
1942	8	3
1942	9	3
1942	10	0
1942	11	0
1942	12	0
1943	1	0
1943	2	0
1943	3	256
1943	4	170
1943	5	30
1943	6	202
1943	7	150
1943	8	12
1943	9	0
1943	10	0
1943	11	0
1943	12	0
1944	1	0
1944	2	0
1944	3	0
1944	4	110
1944	5	6
1944	6	8
1944	7	2
1944	8	11
1944	9	7
1944	10	0
1944	11	14
1944	12	6
1945	1	0
1945	2	0
1945	3	409
1945	4	134
1945	5	56
1945	6	31
1945	7	7
1945	8	0
1945	9	0
1945	10	0
1945	11	0
1945	12	0
1946	1	0
1946	2	0
1946	3	236
1946	4	68
1946	5	9
1946	6	4
1946	7	1
1946	8	0
1946	9	0
1946	10	0
1946	11	0
1946	12	0
1947	1	0
1947	2	0
1947	3	4
1947	4	169
1947	5	9
1947	6	20
1947	7	61
1947	8	12
1947	9	3
1947	10	0
1947	11	2
1947	12	1
1948	1	0
1948	2	0
1948	3	0
1948	4	1808
1948	5	217
1948	6	37
1948	7	45
1948	8	30
1948	9	1
1948	10	0
1948	11	0
1948	12	0
1949	1	0
1949	2	0
1949	3	0
1949	4	768
1949	5	51
1949	6	11
1949	7	1
1949	8	0
1949	9	0
1949	10	0
1949	11	0
1949	12	0
1950	1	0
1950	2	0
1950	3	0
1950	4	2050
1950	5	2070
1950	6	64
1950	7	21
1950	8	12
1950	9	0
1950	10	1
1950	11	1
1950	12	1
1951	1	0
1951	2	0
1951	3	11
1951	4	331
1951	5	33
1951	6	6
1951	7	0
1951	8	2
1951	9	41
1951	10	33
1951	11	0
1951	12	0
1952	1	0
1952	2	0
1952	3	0
1952	4	46
1952	5	8
1952	6	0
1952	7	0
1952	8	0
1952	9	22
1952	10	0
1952	11	0
1952	12	0
1953	1	0
1953	2	0
1953	3	2
1953	4	7
1953	5	4
1953	6	9
1953	7	0
1953	8	0
1953	9	0
1953	10	0
1953	11	0
1953	12	0
1954	1	0
1954	2	1
1954	3	5
1954	4	15
1954	5	13
1954	6	130
1954	7	18
1954	8	5
1954	9	4
1954	10	4
1954	11	3
1954	12	0
1955	1	0
1955	2	0
1955	3	0
1955	4	445
1955	5	46
1955	6	76
1955	7	10
1955	8	0
1955	9	11
1955	10	0
1955	11	0
1955	12	0
1956	1	0
1956	2	0
1956	3	11
1956	4	1013
1956	5	446
1956	6	164
1956	7	19
1956	8	3
1956	9	7
1956	10	6
1956	11	7
1956	12	2
1957	1	1
1957	2	5
1957	3	57
1957	4	48
1957	5	22
1957	6	10
1957	7	1
1957	8	4
1957	9	151
1957	10	6
1957	11	6
1957	12	3
1958	1	1
1958	2	1
1958	3	3
1958	4	17
1958	5	3
1958	6	2
1958	7	2
1958	8	0
1958	9	0
1958	10	1
1958	11	0
1958	12	0
1959	1	0
1959	2	0
1959	3	0
1959	4	242
1959	5	27
1959	6	5
1959	7	3
1959	8	0
1959	9	0
1959	10	0
1959	11	0
1959	12	0
1960	1	0
1960	2	0
1960	3	0
1960	4	942
1960	5	34
1960	6	11
1960	7	0
1960	8	0
1960	9	0
1960	10	0
1960	11	0
1960	12	0
1961	1	0
1961	2	0
1961	3	3
1961	4	12
1961	5	2
1961	6	0
1961	7	0
1961	8	0
1961	9	0
1961	10	0
1961	11	0
1961	12	0
1962	1	0
1962	2	2
1962	3	9
1962	4	716
1962	5	103
1962	6	232
1962	7	18
1962	8	10
1962	9	0
1962	10	0
1962	11	0
1962	12	0
1963	1	0
1963	2	0
1963	3	30
1963	4	25
1963	5	8
1963	6	105
1963	7	17
1963	8	8
1963	9	0
1963	10	0
1963	11	0
1963	12	0
1964	1	0
1964	2	0
1964	3	0
1964	4	221
1964	5	58
1964	6	575
1964	7	64
1964	8	2
1964	9	0
1964	10	6
1964	11	1
1964	12	0
1965	1	0
1965	2	1
1965	3	5
1965	4	892
1965	5	162
1965	6	85
1965	7	22
1965	8	9
1965	9	37
1965	10	46
1965	11	15
1965	12	9
1966	1	1
1966	2	0
1966	3	297
1966	4	637
1966	5	441
1966	6	84
1966	7	135
1966	8	33
1966	9	1
1966	10	0
1966	11	0
1966	12	1
1967	1	0
1967	2	0
1967	3	110
1967	4	636
1967	5	513
1967	6	23
1967	7	1
1967	8	0
1967	9	0
1967	10	0
1967	11	0
1967	12	0
1968	1	0
1968	2	1
1968	3	83
1968	4	46
1968	5	50
1968	6	23
1968	7	9
1968	8	0
1968	9	0
1968	10	0
1968	11	0
1968	12	0
1969	1	0
1969	2	2
1969	3	7
1969	4	859
1969	5	30
1969	6	14
1969	7	6
1969	8	0
1969	9	1
1969	10	0
1969	11	0
1969	12	2
1970	1	0
1970	2	0
1970	3	0
1970	4	633
1970	5	207
1970	6	38
1970	7	15
1970	8	0
1970	9	0
1970	10	0
1970	11	2
1970	12	0
1971	1	0
1971	2	0
1971	3	16
1971	4	876
1971	5	57
1971	6	75
1971	7	74
1971	8	4
1971	9	0
1971	10	5
1971	11	6
1971	12	0
1972	1	0
1972	2	3
1972	3	320
1972	4	417
1972	5	57
1972	6	9
1972	7	0
1972	8	0
1972	9	1
1972	10	0
1972	11	0
1972	12	3
1973	1	0
1973	2	0
1973	3	62
1973	4	28
1973	5	12
1973	6	9
1973	7	0
1973	8	0
1973	9	0
1973	10	5
1973	11	5
1973	12	7
1974	1	1
1974	2	1
1974	3	8
1974	4	1077
1974	5	687
1974	6	100
1974	7	5
1974	8	4
1974	9	0
1974	10	0
1974	11	3
1974	12	8
1975	1	4
1975	2	3
1975	3	3
1975	4	245
1975	5	145
1975	6	15
1975	7	79
1975	8	0
1975	9	0
1975	10	0
1975	11	7
1975	12	6
1976	1	5
1976	2	4
1976	3	33
1976	4	542
1976	5	26
1976	6	81
1976	7	3
1976	8	0
1976	9	0
1976	10	0
1976	11	1
1976	12	1
1977	1	2
1977	2	2
1977	3	5
1977	4	8
1977	5	4
1977	6	1
1977	7	0
1977	8	0
1977	9	0
1977	10	0
1977	11	2
1977	12	2
1978	1	1
1978	2	1
1978	3	19
1978	4	864
1978	5	98
1978	6	22
1978	7	4
1978	8	0
1978	9	1
1978	10	0
1978	11	5
1978	12	4
1979	1	0
1979	2	0
1979	3	2
1979	4	1449
1979	5	285
1979	6	46
1979	7	54
1979	8	5
1979	9	4
1979	10	0
1979	11	5
1979	12	3
1980	1	2
1980	2	0
1980	3	1
1980	4	92
1980	5	12
1980	6	24
1980	7	0
1980	8	1
1980	9	39
1980	10	40
1980	11	31
1980	12	14
1981	1	5
1981	2	45
1981	3	112
1981	4	108
1981	5	28
1981	6	50
1981	7	59
1981	8	9
1981	9	10
1981	10	8
1981	11	7
1981	12	6
1982	1	5
1982	2	3
1982	3	28
1982	4	497
1982	5	111
1982	6	98
1982	7	254
1982	8	38
1982	9	1
1982	10	69
1982	11	22
1982	12	17
1983	1	13
1983	2	10
1983	3	399
1983	4	319
1983	5	58
1983	6	74
1983	7	20
1983	8	0
1983	9	0
1983	10	0
1983	11	4
1983	12	0
1984	1	0
1984	2	1
1984	3	36
1984	4	77
1984	5	20
1984	6	16
1984	7	1
1984	8	0
1984	9	0
1984	10	2
1984	11	7
1984	12	1
1985	1	0
1985	2	0
1985	3	217
1985	4	68
1985	5	20
1985	6	13
1985	7	1
1985	8	25
1985	9	1
1985	10	9
1985	11	6
1985	12	0
1986	1	8
1986	2	11
1986	3	228
1986	4	195
1986	5	106
1986	6	18
1986	7	55
1986	8	23
1986	9	8
1986	10	0
1986	11	0
1986	12	0
1987	1	0
1987	2	1
1987	3	97
1987	4	988
1987	5	47
1987	6	14
1987	7	9
1987	8	4
1987	9	0
1987	10	0
1987	11	0
1987	12	0
1988	1	0
1988	2	0
1988	3	3
1988	4	42
1988	5	7
1988	6	5
1988	7	0
1988	8	0
1988	9	0
1988	10	0
1988	11	0
1988	12	0
1989	1	0
1989	2	0
1989	3	2
1989	4	32
1989	5	10
1989	6	1
1989	7	0
1989	8	0
1989	9	0
1989	10	0
1989	11	0
1989	12	0
1990	1	0
1990	2	0
1990	3	0
1990	4	9
1990	5	4
1990	6	1
1990	7	0
1990	8	0
1990	9	0
1990	10	0
1990	11	0
1990	12	0
1991	1	0
1991	2	0
1991	3	0
1991	4	0
1991	5	4
1991	6	1
1991	7	15
1991	8	2
1991	9	0
1991	10	0
1991	11	4
1991	12	8
1992	1	9
1992	2	4
1992	3	357
1992	4	217
1992	5	36
1992	6	23
1992	7	5
1992	8	4
1992	9	0
1992	10	0
1992	11	0
1992	12	0
1993	1	0
1993	2	10
1993	3	20
1993	4	91
1993	5	59
1993	6	26
1993	7	398
1993	8	568
1993	9	72
1993	10	27
1993	11	13
1993	12	10
1994	1	6
1994	2	5
1994	3	198
1994	4	221
1994	5	109
1994	6	36
1994	7	21
1994	8	1
1994	9	0
1994	10	0
1994	11	6
1994	12	2
1995	1	0
1995	2	0
1995	3	653
1995	4	433
1995	5	119
1995	6	29
1995	7	43
1995	8	23
1995	9	4
1995	10	0
1995	11	0
1995	12	0
1996	1	0
1996	2	6
1996	3	9
1996	4	1072
1996	5	494
1996	6	72
1996	7	10
1996	8	6
1996	9	0
1996	10	14
1996	11	2
1996	12	1
1997	1	1
1997	2	1
1997	3	9
1997	4	1793
1997	5	401
1997	6	43
1997	7	440
1997	8	20
1997	9	3
1997	10	9
1997	11	11
1997	12	9
1998	1	6
1998	2	23
1998	3	506
1998	4	692
1998	5	96
1998	6	126
1998	7	102
1998	8	4
1998	9	1
1998	10	0
1998	11	4
1998	12	5
1999	1	2
1999	2	2
1999	3	155
1999	4	609
1999	5	231
1999	6	83
1999	7	25
1999	8	12
1999	9	2
1999	10	0
1999	11	2
1999	12	2
2000	1	2
2000	2	2
2000	3	7
2000	4	5
2000	5	5
2000	6	35
2000	7	22
2000	8	2
2000	9	0
2000	10	0
2000	11	11
2000	12	6
2001	1	4
2001	2	3
2001	3	33
2001	4	714
2001	5	173
2001	6	70
2001	7	14
2001	8	25
2001	9	0
2001	10	0
2001	11	4
2001	12	4
2002	1	4
2002	2	3
2002	3	3
2002	4	34
2002	5	41
2002	6	271
2002	7	46
2002	8	130
2002	9	185
2002	10	19
2002	11	15
2002	12	8
2003	1	3
2003	2	0
2003	3	58
2003	4	262
2003	5	173
2003	6	240
2003	7	22
2003	8	0
2003	9	0
2003	10	0
2003	11	0
2003	12	0
2004	1	0
2004	2	0
2004	3	520
2004	4	940
2004	5	199
2004	6	218
2004	7	68
2004	8	7
2004	9	23
2004	10	18
2004	11	26
2004	12	6
2005	1	3
2005	2	27
2005	3	21
2005	4	617
2005	5	122
2005	6	273
2005	7	402
2005	8	38
2005	9	6
2005	10	9
2005	11	25
2005	12	14
2006	1	10
2006	2	7
2006	3	21
2006	4	951
2006	5	129
2006	6	10
2006	7	2
2006	8	1
2006	9	1
2006	10	3
2006	11	4
2006	12	7
2007	1	3
2007	2	7
2007	3	336
2007	4	385
2007	5	216
2007	6	229
2007	7	155
2007	8	47
2007	9	6
2007	10	13
2007	11	17
2007	12	15
2008	1	5
2008	2	5
2008	3	7
2008	4	219
2008	5	40
2008	6	109
2008	7	9
2008	8	4
2008	9	12
2008	10	181
2008	11	289
2008	12	31
2009	1	17
2009	2	15
2009	3	507
2009	4	1636
2009	5	658
2009	6	558
2009	7	358
2009	8	29
2009	9	19
2009	10	19
2009	11	26
2009	12	12
2010	1	5
2010	2	4
2010	3	654
2010	4	445
2010	5	276
2010	6	254
2010	7	96
2010	8	34
2010	9	142
2010	10	100
2010	11	104
2010	12	19
2011	1	11
2011	2	17
2011	3	62
2011	4	1273
2011	5	337
2011	6	335
2011	7	104
2011	8	18
2011	9	30
2011	10	12
2011	11	23
2011	12	6
2012	1	6
2012	2	5
2012	3	121
2012	4	49
2012	5	21
2012	6	22
2012	7	6
2012	8	1
2012	9	0
2012	10	4
2012	11	5
2012	12	5
2013	1	2
2013	2	2
2013	3	11
2013	4	352
2013	5	1985
2013	6	842
2013	7	51
2013	8	17
2013	9	6
2013	10	11
2013	11	13
2013	12	3
2014	1	2
2014	2	2
2014	3	1
2014	4	536
2014	5	241
2014	6	164
2014	7	72
2014	8	12
2014	9	8
2014	10	11
2014	11	4
2014	12	0
2015	1	0
2015	2	0
2015	3	0
2015	4	37
2015	5	220
2015	6	88
2015	7	154
2015	8	18
2015	9	22
