1940	1	0
1940	2	0
1940	3	0
1940	4	94
1940	5	35
1940	6	6
1940	7	0
1940	8	6
1940	9	0
1940	10	0
1940	11	0
1940	12	0
1941	1	0
1941	2	0
1941	3	0
1941	4	995
1941	5	384
1941	6	174
1941	7	61
1941	8	28
1941	9	134
1941	10	121
1941	11	51
1941	12	26
1942	1	3
1942	2	0
1942	3	45
1942	4	1900
1942	5	977
1942	6	364
1942	7	129
1942	8	100
1942	9	68
1942	10	50
1942	11	33
1942	12	9
1943	1	6
1943	2	5
1943	3	154
1943	4	500
1943	5	301
1943	6	314
1943	7	226
1943	8	206
1943	9	180
1943	10	122
1943	11	72
1943	12	39
1944	1	7
1944	2	3
1944	3	3
1944	4	273
1944	5	203
1944	6	255
1944	7	563
1944	8	810
1944	9	462
1944	10	203
1944	11	233
1944	12	105
1945	1	42
1945	2	49
1945	3	740
1945	4	1079
1945	5	759
1945	6	439
1945	7	257
1945	8	142
1945	9	96
1945	10	66
1945	11	35
1945	12	21
1946	1	8
1946	2	8
1946	3	568
1946	4	674
1946	5	290
1946	6	113
1946	7	67
1946	8	32
1946	9	20
1946	10	29
1946	11	22
1946	12	7
1947	1	1
1947	2	0
1947	3	0
1947	4	609
1947	5	291
1947	6	199
1947	7	87
1947	8	122
1947	9	65
1947	10	53
1947	11	28
1947	12	15
1948	1	14
1948	2	5
1948	3	5
1948	4	930
1948	5	888
1948	6	412
1948	7	311
1948	8	196
1948	9	117
1948	10	66
1948	11	45
1948	12	20
1949	1	12
1949	2	12
1949	3	11
1949	4	2427
1949	5	1569
1949	6	656
1949	7	272
1949	8	142
1949	9	69
1949	10	56
1949	11	41
1949	12	17
1950	1	8
1950	2	7
1950	3	9
1950	4	1803
1950	5	2887
1950	6	1211
1950	7	598
1950	8	408
1950	9	222
1950	10	151
1950	11	87
1950	12	37
1951	1	31
1951	2	25
1951	3	38
1951	4	844
1951	5	512
1951	6	265
1951	7	120
1951	8	67
1951	9	48
1951	10	28
1951	11	15
1951	12	7
1952	1	1
1952	2	1
1952	3	1
1952	4	283
1952	5	204
1952	6	123
1952	7	70
1952	8	20
1952	9	4
1952	10	3
1952	11	5
1952	12	0
1953	1	0
1953	2	0
1953	3	0
1953	4	71
1953	5	46
1953	6	157
1953	7	90
1953	8	64
1953	9	14
1953	10	8
1953	11	9
1953	12	3
1954	1	0
1954	2	0
1954	3	9
1954	4	94
1954	5	80
1954	6	389
1954	7	686
1954	8	401
1954	9	205
1954	10	143
1954	11	76
1954	12	28
1955	1	10
1955	2	16
1955	3	13
1955	4	1510
1955	5	854
1955	6	579
1955	7	303
1955	8	109
1955	9	56
1955	10	53
1955	11	25
1955	12	14
1956	1	8
1956	2	8
1956	3	12
1956	4	1179
1956	5	2263
1956	6	881
1956	7	377
1956	8	182
1956	9	139
1956	10	100
1956	11	63
1956	12	19
1957	1	15
1957	2	7
1957	3	118
1957	4	275
1957	5	202
1957	6	134
1957	7	63
1957	8	77
1957	9	116
1957	10	165
1957	11	86
1957	12	61
1958	1	35
1958	2	21
1958	3	24
1958	4	205
1958	5	125
1958	6	38
1958	7	31
1958	8	4
1958	9	1
1958	10	4
1958	11	3
1958	12	0
1959	1	0
1959	2	0
1959	3	0
1959	4	500
1959	5	166
1959	6	140
1959	7	39
1959	8	17
1959	9	10
1959	10	31
1959	11	61
1959	12	100
1960	1	66
1960	2	39
1960	3	23
1960	4	1832
1960	5	1252
1960	6	480
1960	7	203
1960	8	94
1960	9	44
1960	10	26
1960	11	19
1960	12	5
1961	1	4
1961	2	1
1961	3	48
1961	4	268
1961	5	182
1961	6	56
1961	7	13
1961	8	2
1961	9	3
1961	10	3
1961	11	2
1961	12	0
1962	1	0
1962	2	0
1962	3	1
1962	4	672
1962	5	377
1962	6	296
1962	7	114
1962	8	83
1962	9	99
1962	10	62
1962	11	31
1962	12	22
1963	1	18
1963	2	1
1963	3	91
1963	4	196
1963	5	191
1963	6	268
1963	7	171
1963	8	127
1963	9	74
1963	10	45
1963	11	21
1963	12	6
1964	1	3
1964	2	2
1964	3	2
1964	4	328
1964	5	328
1964	6	203
1964	7	73
1964	8	49
1964	9	57
1964	10	43
1964	11	22
1964	12	6
1965	1	4
1965	2	3
1965	3	2
1965	4	862
1965	5	701
1965	6	453
1965	7	181
1965	8	74
1965	9	94
1965	10	85
1965	11	51
1965	12	34
1966	1	21
1966	2	16
1966	3	139
1966	4	1547
1966	5	964
1966	6	389
1966	7	241
1966	8	113
1966	9	44
1966	10	25
1966	11	15
1966	12	6
1967	1	7
1967	2	7
1967	3	26
1967	4	921
1967	5	1009
1967	6	317
1967	7	105
1967	8	38
1967	9	13
1967	10	21
1967	11	19
1967	12	5
1968	1	2
1968	2	1
1968	3	155
1968	4	204
1968	5	143
1968	6	69
1968	7	43
1968	8	138
1968	9	342
1968	10	377
1968	11	191
1968	12	56
1969	1	23
1969	2	16
1969	3	23
1969	4	3145
1969	5	1805
1969	6	621
1969	7	364
1969	8	183
1969	9	121
1969	10	80
1969	11	58
1969	12	29
1970	1	17
1970	2	15
1970	3	11
1970	4	1612
1970	5	2313
1970	6	1465
1970	7	809
1970	8	322
1970	9	180
1970	10	118
1970	11	77
1970	12	24
1971	1	14
1971	2	13
1971	3	16
1971	4	2397
1971	5	1516
1971	6	581
1971	7	343
1971	8	266
1971	9	157
1971	10	104
1971	11	69
1971	12	34
1972	1	17
1972	2	10
1972	3	395
1972	4	1330
1972	5	891
1972	6	356
1972	7	198
1972	8	178
1972	9	110
1972	10	74
1972	11	35
1972	12	8
1973	1	2
1973	2	2
1973	3	90
1973	4	101
1973	5	71
1973	6	51
1973	7	63
1973	8	61
1973	9	61
1973	10	60
1973	11	38
1973	12	20
1974	1	10
1974	2	6
1974	3	11
1974	4	3027
1974	5	4617
1974	6	1776
1974	7	529
1974	8	149
1974	9	98
1974	10	64
1974	11	38
1974	12	21
1975	1	11
1975	2	7
1975	3	7
1975	4	361
1975	5	1221
1975	6	664
1975	7	264
1975	8	100
1975	9	50
1975	10	43
1975	11	28
1975	12	11
1976	1	13
1976	2	14
1976	3	30
1976	4	2766
1976	5	1449
1976	6	502
1976	7	251
1976	8	85
1976	9	41
1976	10	28
1976	11	14
1976	12	2
1977	1	2
1977	2	2
1977	3	15
1977	4	69
1977	5	80
1977	6	49
1977	7	18
1977	8	5
1977	9	25
1977	10	29
1977	11	10
1977	12	5
1978	1	2
1978	2	0
1978	3	0
1978	4	1170
1978	5	519
1978	6	194
1978	7	68
1978	8	46
1978	9	49
1978	10	24
1978	11	11
1978	12	4
1979	1	3
1979	2	3
1979	3	4
1979	4	1990
1979	5	3283
1979	6	867
1979	7	288
1979	8	80
1979	9	62
1979	10	45
1979	11	27
1979	12	13
1980	1	6
1980	2	5
1980	3	5
1980	4	205
1980	5	84
1980	6	36
1980	7	11
1980	8	11
1980	9	12
1980	10	20
1980	11	24
1980	12	5
1981	1	1
1981	2	24
1981	3	112
1981	4	220
1981	5	137
1981	6	65
1981	7	28
1981	8	14
1981	9	5
1981	10	13
1981	11	11
1981	12	3
1982	1	0
1982	2	0
1982	3	33
1982	4	605
1982	5	644
1982	6	520
1982	7	261
1982	8	133
1982	9	61
1982	10	81
1982	11	28
1982	12	20
1983	1	12
1983	2	5
1983	3	172
1983	4	917
1983	5	456
1983	6	274
1983	7	73
1983	8	22
1983	9	12
1983	10	24
1983	11	18
1983	12	1
1984	1	0
1984	2	0
1984	3	25
1984	4	148
1984	5	164
1984	6	138
1984	7	32
1984	8	6
1984	9	1
1984	10	6
1984	11	3
1984	12	1
1985	1	0
1985	2	0
1985	3	494
1985	4	832
1985	5	264
1985	6	136
1985	7	136
1985	8	81
1985	9	45
1985	10	56
1985	11	42
1985	12	17
1986	1	15
1986	2	8
1986	3	571
1986	4	927
1986	5	771
1986	6	382
1986	7	179
1986	8	133
1986	9	65
1986	10	49
1986	11	17
1986	12	12
1987	1	13
1987	2	17
1987	3	48
1987	4	1996
1987	5	878
1987	6	264
1987	7	113
1987	8	61
1987	9	64
1987	10	65
1987	11	36
1987	12	18
1988	1	3
1988	2	1
1988	3	44
1988	4	145
1988	5	53
1988	6	16
1988	7	2
1988	8	0
1988	9	0
1988	10	0
1988	11	2
1988	12	2
1989	1	0
1989	2	0
1989	3	0
1989	4	177
1989	5	102
1989	6	56
1989	7	12
1989	8	0
1989	9	0
1989	10	0
1989	11	3
1989	12	0
1990	1	0
1990	2	0
1990	3	0
1990	4	316
1990	5	122
1990	6	185
1990	7	60
1990	8	5
1990	9	0
1990	10	0
1990	11	0
1990	12	0
1991	1	0
1991	2	0
1991	3	9
1991	4	74
1991	5	73
1991	6	148
1991	7	260
1991	8	99
1991	9	17
1991	10	11
1991	11	11
1991	12	7
1992	1	7
1992	2	7
1992	3	438
1992	4	2554
1992	5	889
1992	6	230
1992	7	90
1992	8	29
1992	9	11
1992	10	8
1992	11	12
1992	12	7
1993	1	4
1993	2	2
1993	3	31
1993	4	540
1993	5	293
1993	6	206
1993	7	648
1993	8	946
1993	9	648
1993	10	319
1993	11	187
1993	12	105
1994	1	46
1994	2	36
1994	3	395
1994	4	1145
1994	5	543
1994	6	234
1994	7	176
1994	8	114
1994	9	187
1994	10	643
1994	11	486
1994	12	260
1995	1	120
1995	2	65
1995	3	1216
1995	4	4382
1995	5	3182
1995	6	1291
1995	7	478
1995	8	881
1995	9	345
1995	10	155
1995	11	79
1995	12	45
1996	1	23
1996	2	13
1996	3	14
1996	4	3163
1996	5	2783
1996	6	917
1996	7	419
1996	8	308
1996	9	183
1996	10	131
1996	11	77
1996	12	40
1997	1	39
1997	2	37
1997	3	38
1997	4	4412
1997	5	4770
1997	6	968
1997	7	1508
1997	8	431
1997	9	164
1997	10	127
1997	11	72
1997	12	54
1998	1	32
1998	2	34
1998	3	579
1998	4	4713
1998	5	1576
1998	6	624
1998	7	495
1998	8	281
1998	9	137
1998	10	91
1998	11	58
1998	12	48
1999	1	24
1999	2	24
1999	3	295
1999	4	1174
1999	5	1616
1999	6	1894
1999	7	766
1999	8	232
1999	9	111
1999	10	70
1999	11	46
1999	12	32
2000	1	29
2000	2	31
2000	3	149
2000	4	130
2000	5	88
2000	6	74
2000	7	52
2000	8	48
2000	9	39
2000	10	27
2000	11	28
2000	12	19
2001	1	16
2001	2	12
2001	3	15
2001	4	2906
2001	5	1742
2001	6	627
2001	7	310
2001	8	226
2001	9	106
2001	10	47
2001	11	35
2001	12	28
2002	1	24
2002	2	19
2002	3	17
2002	4	150
2002	5	83
2002	6	649
2002	7	173
2002	8	136
2002	9	219
2002	10	79
2002	11	53
2002	12	43
2003	1	20
2003	2	6
2003	3	96
2003	4	351
2003	5	205
2003	6	195
2003	7	70
2003	8	34
2003	9	17
2003	10	17
2003	11	14
2003	12	10
2004	1	6
2004	2	7
2004	3	464
2004	4	2916
2004	5	1119
2004	6	1190
2004	7	438
2004	8	255
2004	9	200
2004	10	159
2004	11	143
2004	12	81
2005	1	43
2005	2	45
2005	3	58
2005	4	2781
2005	5	1213
2005	6	1172
2005	7	4008
2005	8	1334
2005	9	526
2005	10	376
2005	11	264
2005	12	185
2006	1	132
2006	2	94
2006	3	78
2006	4	6158
2006	5	1989
2006	6	601
2006	7	202
2006	8	106
2006	9	62
2006	10	47
2006	11	42
2006	12	14
2007	1	14
2007	2	6
2007	3	433
2007	4	1333
2007	5	648
2007	6	777
2007	7	870
2007	8	421
2007	9	185
2007	10	105
2007	11	87
2007	12	32
2008	1	18
2008	2	15
2008	3	20
2008	4	410
2008	5	177
2008	6	180
2008	7	74
2008	8	60
2008	9	86
2008	10	153
2008	11	150
2008	12	43
2009	1	32
2009	2	30
2009	3	201
2009	4	5708
2009	5	2834
2009	6	1308
2009	7	645
2009	8	245
2009	9	173
2009	10	87
2009	11	81
2009	12	39
2010	1	31
2010	2	29
2010	3	543
2010	4	1523
2010	5	955
2010	6	583
2010	7	500
2010	8	369
2010	9	783
2010	10	623
2010	11	659
2010	12	411
2011	1	228
2011	2	146
2011	3	127
2011	4	5808
2011	5	3793
2011	6	2978
2011	7	1618
2011	8	620
2011	9	325
2011	10	173
2011	11	99
2011	12	51
2012	1	36
2012	2	33
2012	3	190
2012	4	135
2012	5	131
2012	6	145
2012	7	130
2012	8	29
2012	9	12
2012	10	27
2012	11	21
2012	12	13
2013	1	9
2013	2	7
2013	3	7
2013	4	418
2013	5	4209
2013	6	1978
2013	7	752
2013	8	379
2013	9	185
2013	10	132
2013	11	74
2013	12	34
2014	1	28
2014	2	22
2014	3	21
2014	4	781
2014	5	800
2014	6	557
2014	7	547
2014	8	442
2014	9	253
2014	10	143
2014	11	62
2014	12	42
2015	1	21
2015	3	0
2015	4	228
2015	5	270
2015	6	317
2015	7	233
2015	8	149
2015	9	93
