1940	1	16
1940	2	19
1940	3	111
1940	4	227
1940	5	53
1940	6	238
1940	7	30
1940	8	176
1940	9	310
1940	10	85
1940	11	381
1940	12	387
1941	1	398
1941	2	250
1941	3	1789
1941	4	2474
1941	5	606
1941	6	1698
1941	7	791
1941	8	140
1941	9	436
1941	10	793
1941	11	1460
1941	12	625
1942	1	426
1942	2	408
1942	3	890
1942	4	1121
1942	5	1082
1942	6	1190
1942	7	607
1942	8	911
1942	9	1156
1942	10	681
1942	11	257
1942	12	127
1943	1	93
1943	2	159
1943	3	1793
1943	4	1326
1943	5	913
1943	6	3331
1943	7	2244
1943	8	2381
1943	9	1806
1943	10	415
1943	11	658
1943	12	627
1944	1	247
1944	2	562
1944	3	1036
1944	4	1729
1944	5	4978
1944	6	3857
1944	7	1099
1944	8	436
1944	9	498
1944	10	210
1944	11	137
1944	12	97
1945	1	43
1945	2	118
1945	3	2377
1945	4	1827
1945	5	2134
1945	6	4513
1945	7	960
1945	8	1134
1945	9	264
1949	8	109
1949	9	40
1949	10	35
1949	11	41
1949	12	35
1950	1	18
1950	2	31
1950	3	697
1950	4	762
1950	5	446
1950	6	160
1950	7	177
1950	8	79
1950	9	46
1950	10	37
1950	11	44
1950	12	32
1951	1	30
1951	2	129
1951	3	664
1951	4	9022
1951	5	2422
1951	6	2020
1951	7	2651
1951	8	734
1951	9	1300
1951	10	684
1951	11	391
1951	12	352
1952	1	171
1952	2	755
1952	3	1952
1952	4	4895
1952	5	828
1952	6	839
1952	7	1041
1952	8	393
1952	9	324
1952	10	69
1952	11	58
1952	12	47
1953	1	52
1953	2	62
1953	3	1415
1953	4	1056
1953	5	2610
1953	6	4439
1953	7	621
1953	8	988
1953	9	85
1953	10	53
1953	11	72
1953	12	75
1954	1	32
1954	2	108
1954	3	527
1954	4	293
1954	5	726
1954	6	2121
1954	7	940
1954	8	305
1954	9	293
1954	10	423
1954	11	298
1954	12	175
1955	1	125
1955	2	47
1955	3	796
1955	4	778
1955	5	376
1955	6	505
1955	7	473
1955	8	80
1955	9	72
1955	10	23
1955	11	30
1955	12	16
1956	1	17
1956	2	19
1956	3	348
1956	4	640
1956	5	374
1956	6	1452
1956	7	417
1956	8	566
1956	9	82
1956	10	42
1956	11	70
1956	12	52
1957	1	25
1957	2	22
1957	3	270
1957	4	292
1957	5	299
1957	6	669
1957	7	467
1957	8	179
1957	9	96
1957	10	85
1957	11	148
1957	12	127
1958	1	61
1958	2	54
1958	3	160
1958	4	638
1958	5	318
1958	6	252
1958	7	247
1958	8	46
1958	9	26
1958	10	22
1958	11	36
1958	12	21
1959	1	18
1959	2	14
1959	3	109
1959	4	155
1959	5	280
1959	6	824
1959	7	194
1959	8	163
1959	9	214
1959	10	325
1959	11	338
1959	12	347
1960	1	462
1960	2	132
1960	3	440
1960	4	2435
1960	5	4573
1960	6	2200
1960	7	891
1960	8	246
1960	9	572
1960	10	373
1960	11	167
1960	12	119
1961	1	65
1961	2	77
1961	3	2387
1961	4	2615
1961	5	1275
1961	6	762
1961	7	382
1961	8	724
1961	9	409
1961	10	426
1961	11	414
1961	12	200
1962	1	124
1962	2	114
1962	3	751
1962	4	6425
1962	5	1555
1962	6	1103
1962	7	2232
1962	8	367
1962	9	1135
1962	10	651
1962	11	309
1962	12	141
1963	1	89
1963	2	85
1963	3	1025
1963	4	721
1963	5	668
1963	6	1198
1963	7	3724
1963	8	1375
1963	9	362
1963	10	283
1963	11	183
1963	12	80
1964	1	59
1964	2	63
1964	3	130
1964	4	809
1964	5	2822
1964	6	692
1964	7	220
1964	8	143
1964	9	1562
1964	10	759
1964	11	322
1964	12	202
1965	1	100
1965	2	104
1965	3	263
1965	4	13233
1965	5	3578
1965	6	2694
1965	7	724
1965	8	167
1965	9	303
1965	10	1413
1965	11	473
1965	12	475
1966	1	214
1966	2	649
1966	3	922
1966	4	2137
1966	5	906
1966	6	1313
1966	7	927
1966	8	183
1966	9	106
1966	10	149
1966	11	131
1966	12	68
1967	1	45
1967	2	48
1967	3	1643
1967	4	2198
1967	5	745
1967	6	2707
1967	7	1313
1967	8	167
1967	9	82
1967	10	60
1967	11	59
1967	12	53
1968	1	20
1968	2	32
1968	3	92
1968	4	163
1968	5	145
1968	6	825
1968	7	1236
1968	8	994
1968	9	1068
1968	10	5121
1968	11	1952
1968	12	731
1969	1	340
1969	2	251
1969	3	2038
1969	4	9469
1969	5	2359
1969	6	1603
1969	7	3664
1969	8	543
1969	9	155
1969	10	127
1969	11	168
1969	12	122
1970	1	92
1970	2	89
1970	3	343
1970	4	1677
1970	5	1592
1970	6	926
1970	7	276
1970	8	125
1970	9	111
1970	10	762
1970	11	1533
1970	12	596
1971	1	312
1971	2	229
1971	3	3812
1971	4	3089
1971	5	1005
1971	6	2080
1971	7	833
1971	8	120
1971	9	59
1971	10	76
1971	11	247
1971	12	172
1972	1	121
1972	2	94
1972	3	968
1972	4	572
1972	5	1332
1972	6	2018
1972	7	1287
1972	8	389
1972	9	170
1972	10	368
1972	11	957
1972	12	365
1973	1	230
1973	2	282
1973	3	3735
1973	4	2700
1973	5	3018
1973	6	1704
1973	7	405
1973	8	121
1973	9	100
1973	10	459
1973	11	952
1973	12	800
1974	1	434
1974	2	360
1974	3	1272
1974	4	2038
1974	5	1639
1974	6	3026
1974	7	424
1974	8	194
1974	9	92
1974	10	70
1974	11	97
1974	12	67
1975	1	50
1975	2	61
1975	3	376
1975	4	3376
1975	5	2565
1975	6	3137
1975	7	792
1975	8	112
1975	9	64
1975	10	57
1975	11	82
1975	12	106
1976	1	63
1976	2	94
1976	3	579
1976	4	351
1976	5	143
1976	6	109
1976	7	49
1976	8	37
1976	9	22
1976	10	31
1976	11	49
1976	12	28
1977	1	14
1977	2	18
1977	3	219
1977	4	141
1977	5	203
1977	6	369
1977	7	103
1977	8	39
1977	9	40
1977	10	233
1977	11	449
1977	12	260
1978	1	157
1978	2	80
1978	3	959
1978	4	1258
1978	5	766
1978	6	1923
1978	7	1523
1978	8	489
1978	9	120
1978	10	50
1978	11	56
1978	12	45
1979	1	31
1979	2	38
1979	3	1051
1979	4	5044
1979	5	1704
1979	6	1026
1979	7	968
1979	8	5541
1979	9	3546
1979	10	1081
1979	11	2108
1979	12	1193
1980	1	537
1980	2	264
1980	3	831
1980	4	2069
1980	5	749
1980	6	3698
1980	7	381
1980	8	662
1980	9	582
1980	10	327
1980	11	255
1980	12	148
1981	1	83
1981	2	140
1981	3	165
1981	4	400
1981	5	1027
1981	6	2321
1981	7	2717
1981	8	1402
1981	9	1094
1981	10	693
1981	11	544
1981	12	293
1982	1	147
1982	2	170
1982	3	2396
1982	4	2143
1982	5	2624
1982	6	2517
1982	7	1657
1982	8	505
1982	9	850
1982	10	2060
1982	11	2643
1982	12	1521
1983	1	967
1983	2	1792
1983	3	6276
1983	4	8418
1983	5	3799
1983	6	2880
1983	7	3636
1983	8	310
1983	9	199
1983	10	266
1983	11	448
1983	12	288
1984	1	260
1984	2	1042
1984	3	2857
1984	4	6286
1984	5	4043
1984	6	5184
1984	7	1870
1984	8	312
1984	9	133
1984	10	193
1984	11	356
1984	12	341
1985	1	213
1985	2	149
1985	3	2362
1985	4	2734
1985	5	1634
1985	6	933
1985	7	262
1985	8	159
1985	9	683
1985	10	1883
1985	11	942
1985	12	737
1986	1	418
1986	2	223
1986	3	3769
1986	4	4172
1986	5	3328
1986	6	3127
1986	7	1901
1986	8	387
1986	9	1057
1986	10	1833
1986	11	895
1986	12	632
1987	1	306
1987	2	263
1987	3	609
1987	4	1076
1987	5	487
1987	6	349
1987	7	541
1987	8	297
1987	9	122
1987	10	84
1987	11	103
1987	12	153
1988	1	65
1988	2	63
1988	3	1187
1988	4	1101
1988	5	1140
1988	6	315
1988	7	58
1988	8	44
1988	9	29
1988	10	34
1988	11	55
1988	12	50
1989	1	29
1989	2	29
1989	3	546
1989	4	491
1989	5	506
1989	6	160
1989	7	147
1989	8	61
1989	9	51
1989	10	27
1989	11	36
1989	12	20
1990	1	22
1990	2	28
1990	3	128
1990	4	212
1990	5	976
1990	6	1831
1990	7	1380
1990	8	1223
1990	9	384
1990	10	144
1990	11	114
1990	12	85
1991	1	53
1991	2	83
1991	3	1208
1991	4	3263
1991	5	5775
1991	6	7503
1991	7	2781
1991	8	1546
1991	9	898
1991	10	383
1991	11	1480
1991	12	1723
1992	1	1093
1992	2	1498
1992	3	6071
1992	4	3334
1992	5	1917
1992	6	1644
1992	7	3321
1992	8	1913
1992	9	946
1992	10	2209
1992	11	2878
1992	12	1301
1993	1	694
1993	2	481
1993	3	1530
1993	4	10312
1993	5	5634
1993	6	11700
1993	7	8540
1993	8	4586
1993	9	4313
1993	10	1396
1993	11	775
1993	12	752
1994	1	455
1994	2	484
1994	3	2894
1994	4	2092
1994	5	2326
1994	6	2878
1994	7	3229
1994	8	1876
1994	9	783
1994	10	1960
1994	11	980
1994	12	664
1995	1	363
1995	2	199
1995	3	1744
1995	4	4441
1995	5	3419
1995	6	3409
1995	7	1970
1995	8	1438
1995	9	232
1995	10	760
1995	11	1204
1995	12	555
1996	1	272
1996	2	636
1996	3	1088
1996	4	1831
1996	5	1411
1996	6	3718
1996	7	1120
1996	8	917
1996	9	502
1996	10	392
1996	11	1111
1996	12	942
1997	1	458
1997	2	443
1997	3	4522
1997	4	2864
1997	5	2224
1997	6	2185
1997	7	3073
1997	8	846
1997	9	261
1997	10	194
1997	11	225
1997	12	203
1998	1	115
1998	2	624
1998	3	1482
1998	4	3553
1998	5	1850
1998	6	1887
1998	7	1449
1998	8	358
1998	9	307
1998	10	1705
1998	11	2244
1998	12	728
1999	1	265
1999	2	834
1999	3	1071
1999	4	5678
1999	5	3849
1999	6	4639
1999	7	3077
1999	8	590
1999	9	136
1999	10	89
1999	11	94
1999	12	75
2000	1	55
2000	2	134
2000	3	225
2000	4	153
2000	5	1316
2000	6	2070
2000	7	1971
2000	8	385
2000	9	96
2000	10	61
2000	11	203
2000	12	119
2001	1	80
2001	2	80
2001	3	263
2001	4	11507
2001	5	5759
2001	6	6310
2001	7	1459
2001	8	318
2001	9	97
2001	10	91
2001	11	139
2001	12	234
2002	1	143
2002	2	156
2002	3	342
2002	4	616
2002	5	754
2002	6	1756
2002	7	415
2002	8	1361
2002	9	241
2002	10	954
2002	11	460
2002	12	282
2003	1	162
2003	2	99
2003	3	300
2003	4	1324
2003	5	2673
2003	6	1777
2003	7	1197
2003	8	121
2003	9	50
2003	10	40
2003	11	55
2003	12	46
2004	1	41
2004	2	29
2004	3	476
2004	4	223
2004	5	1224
2004	6	3373
2004	7	2140
2004	8	914
2004	9	4190
2004	10	2336
2004	11	965
2004	12	637
2005	1	280
2005	2	603
2005	3	716
2005	4	3392
2005	5	4874
2005	6	2672
2005	7	873
2005	8	668
2005	9	1934
2005	10	3446
2005	11	838
2005	12	863
2006	1	934
2006	2	1777
2006	3	1505
2006	4	7346
2006	5	4186
2006	6	1634
2006	7	451
2006	8	547
2006	9	174
2006	10	172
2006	11	142
2006	12	214
2007	1	610
2007	2	237
2007	3	4258
2007	4	3810
2007	5	1760
2007	6	1072
2007	7	187
2007	8	686
2007	9	677
2007	10	3847
2007	11	1302
2007	12	550
2008	1	345
2008	2	172
2008	3	614
2008	4	2707
2008	5	3907
2008	6	5019
2008	7	969
2008	8	201
2008	9	74
2008	10	75
2008	11	93
2008	12	71
2009	1	52
2009	2	482
2009	3	1239
2009	4	721
2009	5	824
2009	6	960
2009	7	765
2009	8	163
2009	9	60
2009	10	1022
2009	11	1397
2009	12	736
2010	1	495
2010	2	612
2010	3	7624
2010	4	2984
2010	5	2301
2010	6	4134
2010	7	4125
2010	8	938
2010	9	5773
2010	10	4580
2010	11	1729
2010	12	1120
2011	1	1086
2011	2	2117
2011	3	6794
2011	4	4783
2011	5	4135
2011	6	5650
2011	7	3573
2011	8	456
2011	9	116
2011	10	67
2011	11	52
2011	12	80
2012	1	69
2012	2	82
2012	3	427
2012	4	210
2012	5	2727
2012	6	1956
2012	7	244
2012	8	56
2012	9	29
2012	10	30
2012	11	46
2012	12	41
2013	1	29
2013	2	27
2013	3	1046
2013	4	1298
2013	5	1914
2013	6	4712
2013	7	1855
2013	8	313
2013	9	88
2013	10	92
2013	11	88
2013	12	56
2014	1	45
2014	2	42
2014	3	718
2014	4	759
2014	5	1207
2014	6	5453
2014	7	1649
2014	8	264
2014	9	231
2014	10	185
2014	11	138
2014	12	190
2015	1	156
2015	2	148
2015	3	278
2015	4	703
2015	5	1251
2015	6	1862
2015	7	734
2015	8	166
2015	9	281
