1940	1	2
1940	2	15
1940	3	397
1940	4	206
1940	5	92
1940	6	21
1940	7	19
1940	8	80
1940	9	6
1940	10	5
1940	11	8
1940	12	17
1941	1	35
1941	2	254
1941	3	276
1941	4	143
1941	5	31
1941	6	206
1941	7	299
1941	8	13
1941	9	119
1941	10	547
1941	11	621
1941	12	209
1942	1	355
1942	2	272
1942	3	392
1942	4	119
1942	5	169
1942	6	449
1942	7	131
1942	8	25
1942	9	56
1942	10	15
1942	11	81
1942	12	164
1943	1	120
1943	2	958
1943	3	370
1943	4	391
1943	5	921
1943	6	637
1943	7	315
1943	8	1412
1943	9	304
1943	10	63
1943	11	119
1943	12	72
1944	1	124
1944	2	226
1944	3	690
1944	4	1554
1944	5	1801
1944	6	1033
1944	7	85
1944	8	62
1944	9	35
1944	10	42
1944	11	45
1944	12	35
1945	1	30
1945	2	484
1945	3	495
1945	4	695
1945	5	982
1945	6	1002
1945	7	237
1945	8	97
1945	9	108
1945	10	108
1945	11	106
1945	12	191
1946	1	1428
1946	2	285
1946	3	1196
1946	4	284
1946	5	685
1946	6	1210
1946	7	231
1946	8	142
1946	9	191
1946	10	335
1946	11	409
1946	12	141
1947	1	144
1947	2	285
1947	3	603
1947	4	1872
1947	5	538
1947	6	2186
1947	7	634
1947	8	31
1947	9	11
1947	10	16
1947	11	24
1947	12	46
1948	1	8
1948	2	525
1948	3	1071
1948	4	105
1948	5	387
1948	6	119
1948	7	759
1948	8	68
1948	9	39
1948	10	37
1948	11	81
1948	12	112
1949	1	716
1949	2	478
1949	3	1393
1949	4	475
1949	5	199
1949	6	323
1949	7	114
1949	8	29
1949	9	17
1949	10	16
1949	11	10
1949	12	13
1950	1	56
1950	2	361
1950	3	930
1950	4	112
1950	5	193
1950	6	1021
1950	7	88
1950	8	15
1950	9	7
1950	10	5
1950	11	7
1950	12	4
1951	1	29
1951	2	735
1951	3	491
1951	4	1062
1951	5	912
1951	6	1055
1951	7	858
1951	8	422
1951	9	84
1951	10	356
1951	11	675
1951	12	202
1952	1	503
1952	2	372
1952	3	1511
1952	4	525
1952	5	477
1952	6	488
1952	7	110
1952	8	45
1952	9	11
1952	10	8
1952	11	138
1952	12	97
1953	1	106
1953	2	993
1953	3	679
1953	4	511
1953	5	424
1953	6	402
1953	7	124
1953	8	15
1953	9	5
1953	10	2
1953	11	5
1953	12	5
1954	1	2
1954	2	13
1954	3	10
1954	4	47
1954	5	113
1954	6	148
1954	7	7
1954	8	125
1954	9	15
1954	10	269
1954	11	29
1954	12	22
1955	1	73
1955	2	258
1955	3	194
1955	4	717
1955	5	220
1955	6	67
1955	7	52
1955	8	6
1955	9	2
1955	10	4
1955	11	2
1955	12	1
1956	1	1
1956	2	38
1956	3	20
1956	4	4
1956	5	9
1956	6	35
1956	7	170
1956	8	239
1956	9	45
1956	10	3
1956	11	9
1956	12	2
1957	1	24
1957	2	54
1957	3	14
1957	4	42
1957	5	124
1957	6	121
1957	7	161
1957	8	91
1957	9	23
1957	10	15
1957	11	51
1957	12	39
1958	1	20
1958	2	205
1958	3	105
1958	4	62
1958	5	69
1958	6	239
1958	7	209
1958	8	226
1958	9	166
1958	10	71
1958	11	56
1958	12	17
1959	1	11
1959	2	771
1959	3	1507
1959	4	819
1959	5	913
1959	6	363
1959	7	393
1959	8	76
1959	9	70
1959	10	207
1959	11	485
1959	12	473
1960	1	1386
1960	2	343
1960	3	1177
1960	4	1605
1960	5	1096
1960	6	988
1960	7	981
1960	8	79
1960	9	33
1960	10	43
1960	11	292
1960	12	61
1961	1	30
1961	2	344
1961	3	1648
1961	4	377
1961	5	162
1961	6	67
1961	7	262
1961	8	182
1961	9	536
1961	10	341
1961	11	2059
1961	12	317
1962	1	208
1962	2	395
1962	3	2086
1962	4	516
1962	5	1027
1962	6	478
1962	7	233
1962	8	61
1962	9	23
1962	10	132
1962	11	73
1962	12	38
1963	1	24
1963	2	153
1963	3	856
1963	4	238
1963	5	420
1963	6	69
1963	7	105
1963	8	171
1963	9	31
1963	10	15
1963	11	27
1963	12	10
1964	1	11
1964	2	25
1964	3	95
1964	4	155
1964	5	233
1964	6	563
1964	7	106
1964	8	21
1964	9	22
1964	10	6
1964	11	24
1964	12	8
1965	1	255
1965	2	350
1965	3	1008
1965	4	1543
1965	5	273
1965	6	333
1965	7	964
1965	8	355
1965	9	3168
1965	10	344
1965	11	196
1965	12	435
1966	1	307
1966	2	490
1966	3	402
1966	4	469
1966	5	1608
1966	6	1448
1966	7	492
1966	8	71
1966	9	20
1966	10	27
1966	11	23
1966	12	22
1967	1	111
1967	2	103
1967	3	148
1967	4	531
1967	5	127
1967	6	503
1967	7	79
1967	8	66
1967	9	40
1967	10	142
1967	11	263
1967	12	116
1968	1	164
1968	2	87
1968	3	90
1968	4	320
1968	5	135
1968	6	194
1968	7	83
1968	8	13
1968	9	27
1968	10	39
1968	11	25
1968	12	44
1969	1	391
1969	2	386
1969	3	749
1969	4	691
1969	5	505
1969	6	1231
1969	7	2141
1969	8	805
1969	9	78
1969	10	93
1969	11	97
1969	12	52
1970	1	31
1970	2	280
1970	3	1066
1970	4	509
1970	5	430
1970	6	751
1970	7	256
1970	8	1269
1970	9	1430
1970	10	809
1970	11	361
1970	12	316
1971	1	147
1971	2	1014
1971	3	336
1971	4	162
1971	5	227
1971	6	140
1971	7	412
1971	8	53
1971	9	25
1971	10	18
1971	11	111
1971	12	457
1972	1	119
1972	2	260
1972	3	498
1972	4	1048
1972	5	1222
1972	6	608
1972	7	334
1972	8	1081
1972	9	449
1972	10	183
1972	11	544
1972	12	520
1973	1	1046
1973	2	682
1973	3	1112
1973	4	2736
1973	5	2547
1973	6	982
1973	7	139
1973	8	49
1973	9	95
1973	10	163
1973	11	135
1973	12	590
1974	1	1049
1974	2	644
1974	3	656
1974	4	1305
1974	5	3529
1974	6	1731
1974	7	558
1974	8	314
1974	9	116
1974	10	57
1974	11	94
1974	12	253
1975	1	255
1975	2	128
1975	3	1130
1975	4	645
1975	5	200
1975	6	339
1975	7	63
1975	8	71
1975	9	52
1975	10	17
1975	11	121
1975	12	265
1976	1	34
1976	2	213
1976	3	514
1976	4	1404
1976	5	458
1976	6	228
1976	7	87
1976	8	72
1976	9	20
1976	10	15
1976	11	9
1976	12	3
1977	1	0
1977	2	18
1977	3	78
1977	4	48
1977	5	38
1977	6	24
1977	7	15
1977	8	632
1977	9	461
1977	10	532
1977	11	425
1977	12	197
1978	1	107
1978	2	75
1978	3	1017
1978	4	1164
1978	5	935
1978	6	265
1978	7	1289
1978	8	119
1978	9	509
1978	10	238
1978	11	401
1978	12	305
1979	1	150
1979	2	129
1979	3	2957
1979	4	1305
1979	5	759
1979	6	209
1979	7	146
1979	8	220
1979	9	46
1979	10	34
1979	11	46
1979	12	45
1980	1	70
1980	2	110
1980	3	107
1980	4	182
1980	5	57
1980	6	177
1980	7	40
1980	8	35
1980	9	208
1980	10	31
1980	11	40
1980	12	188
1981	1	33
1981	2	254
1981	3	149
1981	4	247
1981	5	84
1981	6	303
1981	7	139
1981	8	110
1981	9	89
1981	10	198
1981	11	507
1981	12	269
1982	1	86
1982	2	858
1982	3	1274
1982	4	865
1982	5	751
1982	6	1106
1982	7	1643
1982	8	179
1982	9	263
1982	10	311
1982	11	696
1982	12	1085
1983	1	244
1983	2	623
1983	3	473
1983	4	1926
1983	5	552
1983	6	231
1983	7	404
1983	8	20
1983	9	36
1983	10	47
1983	11	750
1983	12	339
1984	1	156
1984	2	1066
1984	3	499
1984	4	768
1984	5	1154
1984	6	978
1984	7	348
1984	8	73
1984	9	26
1984	10	184
1984	11	437
1984	12	279
1985	1	171
1985	2	913
1985	3	769
1985	4	247
1985	5	111
1985	6	58
1985	7	53
1985	8	34
1985	9	23
1985	10	443
1985	11	678
1985	12	224
1986	1	247
1986	2	403
1986	3	1016
1986	4	258
1986	5	1501
1986	6	573
1986	7	711
1986	8	969
1986	9	657
1986	10	1004
1986	11	441
1986	12	374
1987	1	152
1987	2	147
1987	3	420
1987	4	572
1987	5	417
1987	6	298
1987	7	124
1987	8	298
1987	9	188
1987	10	71
1987	11	208
1987	12	483
1988	1	334
1988	2	309
1988	3	214
1988	4	154
1988	5	72
1988	6	25
1988	7	8
1988	8	25
1988	9	12
1988	10	6
1988	11	25
1988	12	11
1989	1	42
1989	2	23
1989	3	109
1989	4	26
1989	5	57
1989	6	142
1989	7	22
1989	8	11
1989	9	532
1989	10	32
1989	11	26
1989	12	9
1990	1	42
1990	2	43
1990	3	668
1990	4	169
1990	5	1010
1990	6	2570
1990	7	950
1990	8	1070
1990	9	168
1990	10	100
1990	11	199
1990	12	302
1991	1	118
1991	2	146
1991	3	1114
1991	4	877
1991	5	591
1991	6	565
1991	7	49
1991	8	20
1991	9	12
1991	10	13
1991	11	125
1991	12	432
1992	1	235
1992	2	411
1992	3	292
1992	4	655
1992	5	237
1992	6	69
1992	7	1227
1992	8	637
1992	9	1318
1992	10	219
1992	11	1601
1992	12	859
1993	1	425
1993	2	414
1993	3	1859
1993	4	2029
1993	5	1787
1993	6	1627
1993	7	4206
1993	8	3696
1993	9	1805
1993	10	422
1993	11	188
1993	12	125
1994	1	87
1994	2	414
1994	3	513
1994	4	136
1994	5	110
1994	6	410
1994	7	114
1994	8	55
1994	9	40
1994	10	20
1994	11	61
1994	12	70
1995	1	51
1995	2	85
1995	3	185
1995	4	981
1995	5	1572
1995	6	782
1995	7	296
1995	8	51
1995	9	16
1995	10	19
1995	11	38
1995	12	16
1996	1	17
1996	2	204
1996	3	111
1996	4	67
1996	5	3299
1996	6	718
1996	7	116
1996	8	38
1996	9	19
1996	10	31
1996	11	45
1996	12	25
1997	1	20
1997	2	981
1997	3	406
1997	4	192
1997	5	546
1997	6	239
1997	7	89
1997	8	31
1997	9	28
1997	10	136
1997	11	194
1997	12	147
1998	1	381
1998	2	445
1998	3	986
1998	4	1221
1998	5	1014
1998	6	1458
1998	7	434
1998	8	150
1998	9	126
1998	10	1273
1998	11	666
1998	12	181
1999	1	247
1999	2	543
1999	3	466
1999	4	1037
1999	5	1038
1999	6	968
1999	7	141
1999	8	93
1999	9	21
1999	10	16
1999	11	25
1999	12	17
2000	1	17
2000	2	84
2000	3	59
2000	4	174
2000	5	119
2000	6	622
2000	7	465
2000	8	97
2000	9	167
2000	10	86
2000	11	136
2000	12	63
2001	1	110
2001	2	834
2001	3	1983
2001	4	693
2001	5	1182
2001	6	1158
2001	7	117
2001	8	37
2001	9	28
2001	10	71
2001	11	38
2001	12	39
2002	1	37
2002	2	74
2002	3	117
2002	4	368
2002	5	895
2002	6	538
2002	7	89
2002	8	123
2002	9	47
2002	10	265
2002	11	89
2002	12	45
2003	1	18
2003	2	26
2003	3	197
2003	4	76
2003	5	436
2003	6	170
2003	7	152
2003	8	22
2003	9	11
2003	10	8
2003	11	59
2003	12	87
2004	1	104
2004	2	338
2004	3	1030
2004	4	393
2004	5	660
2004	6	479
2004	7	237
2004	8	137
2004	9	54
2004	10	55
2004	11	121
2004	12	150
2005	1	135
2005	2	713
2005	3	189
2005	4	434
2005	5	324
2005	6	161
2005	7	50
2005	8	17
2005	9	6
2005	10	4
2005	11	10
2005	12	13
2006	1	18
2006	2	7
2006	3	47
2006	4	192
2006	5	161
2006	6	68
2006	7	20
2006	8	37
2006	9	15
2006	10	18
2006	11	45
2006	12	267
2007	1	176
2007	2	226
2007	3	1015
2007	4	1265
2007	5	925
2007	6	1026
2007	7	187
2007	8	894
2007	9	163
2007	10	838
2007	11	200
2007	12	400
2008	1	678
2008	2	297
2008	3	2341
2008	4	2754
2008	5	1175
2008	6	3139
2008	7	1735
2008	8	328
2008	9	907
2008	10	190
2008	11	233
2008	12	661
2009	1	238
2009	2	874
2009	3	1842
2009	4	462
2009	5	1285
2009	6	1974
2009	7	601
2009	8	1209
2009	9	400
2009	10	1504
2009	11	1048
2009	12	696
2010	1	681
2010	2	208
2010	3	1968
2010	4	670
2010	5	1485
2010	6	3512
2010	7	1126
2010	8	2264
2010	9	1366
2010	10	334
2010	11	156
2010	12	134
2011	1	160
2011	2	1003
2011	3	658
2011	4	713
2011	5	978
2011	6	2250
2011	7	247
2011	8	48
2011	9	23
2011	10	20
2011	11	48
2011	12	105
2012	1	65
2012	2	148
2012	3	249
2012	4	657
2012	5	598
2012	6	90
2012	7	25
2012	8	23
2012	9	11
2012	10	17
2012	11	23
2012	12	18
2013	1	35
2013	2	243
2013	3	1025
2013	4	2809
2013	5	2338
2013	6	837
2013	7	153
2013	8	22
2013	9	12
2013	10	10
2013	11	14
2013	12	8
2014	1	5
2014	2	329
2014	3	362
2014	4	331
2014	5	314
2014	6	900
2014	7	2484
2014	8	175
2014	9	1059
2014	10	672
2014	11	234
2014	12	226
2015	1	183
2015	2	179
2015	3	443
2015	4	329
2015	5	581
2015	6	1637
2015	7	456
2015	8	1095
2015	9	453
