1942	10	8
1942	11	67
1942	12	145
1943	1	62
1943	2	190
1943	3	198
1943	4	94
1943	5	366
1943	6	61
1943	7	51
1943	8	77
1943	9	14
1943	10	11
1943	11	27
1943	12	10
1944	1	9
1944	2	45
1944	3	306
1944	4	208
1944	5	67
1944	6	26
1944	7	7
1944	8	4
1944	9	4
1944	10	5
1944	11	4
1944	12	4
1945	1	4
1945	2	30
1945	3	54
1945	4	91
1945	5	254
1945	6	41
1945	7	9
1945	8	5
1945	9	30
1945	10	33
1945	11	26
1945	12	28
1946	1	128
1946	2	44
1946	3	143
1946	4	19
1946	5	30
1946	6	82
1946	7	9
1946	8	17
1946	9	5
1946	10	5
1946	11	17
1946	12	34
1947	1	68
1947	2	22
1947	3	89
1947	4	362
1947	5	113
1947	6	133
1947	7	10
1947	8	6
1947	9	19
1947	10	8
1947	11	23
1947	12	48
1948	1	17
1948	2	91
1948	3	182
1948	4	49
1948	5	219
1948	6	10
1948	7	7
1948	8	5
1948	9	4
1948	10	5
1948	11	6
1948	12	7
1949	1	62
1949	2	115
1949	3	101
1949	4	62
1949	5	29
1949	6	10
1949	7	24
1949	8	9
1949	9	5
1949	10	8
1949	11	5
1949	12	118
1950	1	164
1950	2	109
1950	3	252
1950	4	278
1950	5	32
1950	6	99
1950	7	24
1950	8	5
1950	9	5
1950	10	5
1950	11	6
1950	12	11
1951	1	74
1951	2	132
1951	3	89
1951	4	133
1951	5	135
1951	6	24
1951	7	49
1951	8	13
1951	9	11
1951	10	22
1951	11	129
1951	12	32
1952	1	140
1952	2	38
1952	3	108
1952	4	112
1952	5	37
1952	6	102
1952	7	8
1952	8	5
1952	9	4
1952	10	4
1952	11	5
1952	12	9
1953	1	17
1953	2	61
1953	3	144
1953	4	45
1953	5	44
1953	6	55
1953	7	9
1953	8	7
1953	9	4
1953	10	3
1953	11	4
1953	12	5
1954	1	8
1954	2	24
1954	3	111
1954	4	146
1954	5	30
1954	6	29
1954	7	49
1954	8	20
1954	9	6
1954	10	281
1954	11	27
1954	12	49
1955	1	106
1955	2	65
1955	3	75
1955	4	37
1955	5	38
1955	6	39
1955	7	38
1955	8	10
1955	9	5
1955	10	12
1955	11	13
1955	12	8
1956	1	6
1956	2	79
1956	3	60
1956	4	127
1956	5	165
1956	6	14
1956	7	6
1956	8	5
1956	9	3
1956	10	4
1956	11	4
1956	12	4
1957	1	6
1957	2	12
1957	3	19
1957	4	132
1957	5	78
1957	6	55
1957	7	160
1957	8	12
1957	9	5
1957	10	14
1957	11	63
1957	12	62
1958	1	23
1958	2	51
1958	3	55
1958	4	30
1958	5	11
1958	6	144
1958	7	15
1958	8	63
1958	9	8
1958	10	7
1958	11	8
1958	12	7
1959	1	9
1959	2	199
1959	3	137
1959	4	192
1959	5	227
1959	6	30
1959	7	44
1959	8	18
1959	9	11
1959	10	40
1959	11	86
1959	12	72
1960	1	117
1960	2	133
1960	3	112
1960	4	117
1960	5	40
1960	6	96
1960	7	24
1960	8	8
1960	9	5
1960	10	5
1960	11	6
1960	12	5
1961	1	5
1961	2	10
1961	3	63
1961	4	156
1961	5	37
1961	6	30
1961	7	42
1961	8	24
1961	9	130
1961	10	54
1961	11	75
1961	12	38
1962	1	60
1962	2	78
1962	3	205
1962	4	43
1962	5	43
1962	6	20
1962	7	13
1962	8	7
1962	9	5
1962	10	6
1962	11	6
1962	12	4
1963	1	4
1963	2	5
1963	3	65
1963	4	20
1963	5	41
1963	6	10
1963	7	70
1963	8	11
1963	9	6
1963	10	5
1963	11	6
1963	12	2
1964	1	9
1964	2	10
1964	3	28
1964	4	96
1964	5	24
1964	6	15
1964	7	6
1964	8	4
1964	9	17
1964	10	3
1964	11	5
1964	12	6
1965	1	83
1965	2	53
1965	3	143
1965	4	225
1965	5	39
1965	6	8
1965	7	5
1965	8	19
1965	9	200
1965	10	56
1965	11	15
1965	12	230
1966	1	44
1966	2	75
1966	3	113
1966	4	145
1966	5	198
1966	6	14
1966	7	9
1966	8	6
1966	9	4
1966	10	5
1966	11	23
1966	12	97
1967	1	12
1967	2	52
1967	3	206
1967	4	232
1967	5	60
1967	6	44
1967	7	7
1967	8	5
1967	9	8
1967	10	38
1967	11	95
1967	12	130
1968	1	64
1968	2	144
1968	3	39
1968	4	65
1968	5	24
1968	6	89
1968	7	14
1968	8	132
1968	9	10
1968	10	5
1968	11	24
1968	12	64
1969	1	148
1969	2	38
1969	3	80
1969	4	122
1969	5	85
1969	6	69
1969	7	89
1969	8	42
1969	9	7
1969	10	16
1969	11	26
1969	12	18
1970	1	27
1970	2	54
1970	3	69
1970	4	226
1970	5	162
1970	6	41
1970	7	14
1970	8	10
1970	9	43
1970	10	83
1970	11	47
1970	12	45
1971	1	12
1971	2	113
1971	3	118
1971	4	22
1971	5	25
1971	6	16
1971	7	15
1971	8	9
1971	9	12
1971	10	3
1971	11	3
1971	12	74
1972	1	51
1972	2	21
1972	3	129
1972	4	124
1972	5	62
1972	6	37
1972	7	17
1972	8	62
1972	9	59
1972	10	68
1972	11	176
1972	12	165
1973	1	151
1973	2	69
1973	3	147
1973	4	239
1973	5	97
1973	6	75
1973	7	13
1973	8	8
1973	9	5
1973	10	12
1973	11	9
1973	12	49
1974	1	150
1974	2	106
1974	3	105
1974	4	110
1974	5	246
1974	6	74
1974	7	22
1974	8	15
1974	9	15
1974	10	9
1974	11	36
1974	12	62
1975	1	172
1975	2	135
1975	3	84
1975	4	218
1975	5	65
1975	6	146
1975	7	19
1975	8	12
1975	9	9
1975	10	7
1975	11	16
1975	12	60
1976	1	14
1976	2	163
1976	3	223
1976	4	111
1976	5	128
1976	6	19
1976	7	27
1976	8	18
1976	9	10
1976	10	10
1976	11	11
1976	12	5
1977	1	3
1977	2	42
1977	3	91
1977	4	40
1977	5	22
1977	6	14
1977	7	10
1977	8	11
1977	9	90
1977	10	38
1977	11	36
1977	12	92
1978	1	14
1978	2	9
1978	3	220
1978	4	166
1978	5	144
1978	6	31
1978	7	29
1978	8	18
1978	9	9
1978	10	9
1978	11	12
1978	12	21
1979	1	22
1979	2	21
1979	3	428
1979	4	218
1979	5	78
1979	6	15
1979	7	13
1979	8	53
1979	9	10
1979	10	10
1979	11	35
1979	12	51
1980	1	23
1980	2	36
1980	3	164
1980	4	101
1980	5	46
1980	6	154
1980	7	10
1980	8	30
1980	9	86
1980	10	17
1980	11	13
1980	12	64
1981	1	15
1981	2	80
1981	3	28
1981	4	216
1981	5	175
1981	6	249
1981	7	88
1981	8	42
1981	9	78
1981	10	30
1981	11	69
1981	12	42
1982	1	45
1982	2	89
1982	3	268
1982	4	158
1982	5	70
1982	6	37
1982	7	27
1982	8	13
1982	9	13
1982	10	13
1982	11	80
1982	12	279
1983	1	37
1983	2	101
1983	3	101
1983	4	216
1983	5	143
1983	6	22
1983	7	99
1983	8	20
1983	9	19
1983	10	19
1983	11	55
1983	12	102
1984	1	16
1984	2	134
1984	3	232
1984	4	152
1984	5	220
1984	6	65
1984	7	18
1984	8	15
1984	9	12
1984	10	16
1984	11	45
1984	12	91
1985	1	113
1985	2	235
1985	3	214
1985	4	87
1985	5	20
1985	6	15
1985	7	15
1985	8	18
1985	9	18
1985	10	33
1985	11	287
1985	12	83
1986	1	24
1986	2	111
1986	3	105
1986	4	25
1986	5	40
1986	6	99
1986	7	24
1986	8	8
1986	9	15
1986	10	68
1986	11	88
1986	12	52
1987	1	23
1987	2	36
1987	3	35
1987	4	97
1987	5	90
1987	6	100
1987	7	33
1987	8	118
1987	9	30
1987	10	16
1987	11	29
1987	12	186
1988	1	104
1988	2	86
1988	3	96
1988	4	148
1988	5	22
1988	6	8
1988	7	10
1988	8	21
1988	9	8
1988	10	28
1988	11	88
1988	12	49
1989	1	84
1989	2	28
1989	3	110
1989	4	68
1989	5	77
1989	6	232
1989	7	48
1989	8	19
1989	9	72
1989	10	25
1989	11	51
1989	12	14
1990	1	79
1990	2	150
1990	3	160
1990	4	74
1990	5	234
1990	6	36
1990	7	36
1990	8	155
1990	9	26
1990	10	131
1990	11	274
1990	12	216
1991	1	90
1991	2	135
1991	3	357
1991	4	183
1991	5	168
1991	6	30
1991	7	10
1991	8	20
1991	9	15
1991	10	83
1991	11	179
1991	12	122
1992	1	41
1992	2	94
1992	3	82
1992	4	58
1992	5	21
1992	6	12
1992	7	26
1992	8	16
1992	9	58
1992	10	15
1992	11	98
1992	12	122
1993	1	274
1993	2	37
1993	3	229
1993	4	245
1993	5	44
1993	6	423
1993	7	144
1993	8	68
1993	9	219
1993	10	259
1993	11	109
1993	12	64
1994	1	58
1994	2	134
1994	3	122
1994	4	84
1994	5	35
1994	6	106
1994	7	25
1994	8	23
1994	9	13
1994	10	16
1994	11	61
1994	12	100
1995	1	173
1995	2	36
1995	3	97
1995	4	180
1995	5	134
1995	6	44
1995	7	28
1995	8	55
1995	9	15
1995	10	18
1995	11	119
1995	12	28
1996	1	36
1996	2	44
1996	3	57
1996	4	121
1996	5	373
1996	6	235
1996	7	334
1996	8	38
1996	9	20
1996	10	27
1996	11	35
1996	12	113
1997	1	78
1997	2	479
1997	3	155
1997	4	50
1997	5	112
1997	6	245
1997	7	58
1997	8	77
1997	9	19
1997	10	23
1997	11	26
1997	12	55
1998	1	258
1998	2	163
1998	3	399
1998	4	135
1998	5	245
1998	6	59
1998	7	48
1998	8	155
1998	9	25
1998	10	19
1998	11	23
1998	12	52
1999	1	335
1999	2	66
1999	3	84
1999	4	430
1999	5	72
1999	6	127
1999	7	22
1999	8	21
1999	9	13
1999	10	15
1999	11	14
1999	12	29
2000	1	16
2000	2	34
2000	3	26
2000	4	80
2000	5	47
2000	6	256
2000	7	49
2000	8	41
2000	9	29
2000	10	29
2000	11	49
2000	12	26
2001	1	55
2001	2	297
2001	3	67
2001	4	45
2001	5	30
2001	6	56
2001	7	32
2001	8	29
2001	9	32
2001	10	149
2001	11	73
2001	12	71
2002	1	32
2002	2	128
2002	3	170
2002	4	188
2002	5	314
2002	6	33
2002	7	21
2002	8	15
2002	9	14
2002	10	15
2002	11	16
2002	12	22
2003	1	15
2003	2	13
2003	3	32
2003	4	60
2003	5	214
2003	6	34
2003	7	345
2003	8	98
2003	9	28
2003	10	26
2003	11	171
2003	12	70
2004	1	29
2004	2	50
2004	3	190
2004	4	52
2004	5	124
2004	6	125
2004	7	25
2004	8	58
2004	9	26
2004	10	39
2004	11	184
2004	12	295
2005	1	455
2005	2	311
2005	3	77
2005	4	44
2005	5	34
2005	6	127
2005	7	24
2005	8	48
2005	9	19
2005	10	28
2005	11	51
2005	12	46
2006	1	111
2006	2	62
2006	3	112
2006	4	163
2006	5	84
2006	6	62
2006	7	53
2006	8	91
2006	9	191
2006	10	96
2006	11	111
2006	12	348
2007	1	160
2007	2	62
2007	3	186
2007	4	187
2007	5	47
2007	6	34
2007	7	32
2007	8	282
2007	9	34
2007	10	31
2007	11	34
2007	12	138
2008	1	218
2008	2	162
2008	3	131
2008	4	129
2008	5	92
2008	6	83
2008	7	22
2008	8	92
2008	9	525
2008	10	45
2008	11	30
2008	12	219
2009	1	53
2009	2	193
2009	3	318
2009	4	230
2009	5	154
2009	6	108
2009	7	32
2009	8	50
2009	9	26
2009	10	142
2009	11	100
2009	12	116
2010	1	107
2010	2	56
2010	3	141
2010	4	100
2010	5	115
2010	6	173
2010	7	77
2010	8	117
2010	9	25
2010	10	28
2010	11	39
2010	12	63
2011	1	83
2011	2	165
2011	3	157
2011	4	205
2011	5	179
2011	6	205
2011	7	50
2011	8	29
2011	9	39
2011	10	65
2011	11	96
2011	12	104
2012	1	96
2012	2	77
2012	3	71
2012	4	25
2012	5	88
2012	6	34
2012	7	32
2012	8	38
2012	9	19
2012	10	26
2012	11	18
2012	12	28
2013	1	42
2013	2	62
2013	3	103
2013	4	214
2013	5	63
2013	6	98
2013	7	26
2013	8	23
2013	9	18
2013	10	22
2013	11	39
2013	12	29
2014	1	63
2014	2	88
2014	3	179
2014	4	100
2014	5	126
2014	6	122
2014	7	121
2014	8	75
2014	9	76
2014	10	68
2014	11	66
2014	12	52
2015	1	60
2015	2	41
2015	3	106
2015	4	62
2015	5	101
