1940	1	13
1940	2	112
1940	3	277
1940	4	85
1940	5	330
1940	6	280
1940	7	16
1940	8	38
1940	9	10
1940	10	8
1940	11	11
1940	12	13
1941	1	17
1941	2	159
1941	3	115
1941	4	356
1941	5	240
1941	6	630
1941	7	479
1941	8	34
1941	9	124
1941	10	1980
1941	11	2161
1941	12	676
1942	1	322
1942	2	3797
1942	3	2076
1942	4	1672
1942	5	670
1942	6	587
1942	7	168
1942	8	802
1942	9	650
1942	10	153
1942	11	1644
1942	12	1932
1943	1	1537
1943	2	1951
1943	3	1406
1943	4	1647
1943	5	6689
1943	6	1044
1943	7	212
1943	8	2044
1943	9	76
1943	10	28
1943	11	41
1943	12	25
1944	1	30
1944	2	165
1944	3	2053
1944	4	5800
1944	5	1471
1944	6	605
1944	7	100
1944	8	23
1944	9	28
1944	10	105
1944	11	23
1944	12	26
1945	1	25
1945	2	496
1945	3	651
1945	4	1667
1945	5	3066
1945	6	934
1945	7	280
1945	8	60
1945	9	169
1945	10	336
1945	11	143
1945	12	328
1946	1	2284
1946	2	766
1946	3	1368
1946	4	435
1946	5	1511
1946	6	2593
1946	7	1021
1946	8	82
1946	9	19
1946	10	21
1946	11	325
1946	12	304
1947	1	850
1947	2	764
1947	3	1014
1947	4	2842
1947	5	2428
1947	6	2132
1947	7	292
1947	8	41
1947	9	30
1947	10	37
1947	11	77
1947	12	787
1948	1	301
1948	2	918
1948	3	2541
1948	4	1153
1948	5	1061
1948	6	408
1948	7	501
1948	8	93
1948	9	21
1948	10	16
1948	11	20
1948	12	49
1949	1	860
1949	2	1917
1949	3	855
1949	4	759
1949	5	518
1949	6	522
1949	7	744
1949	8	312
1949	9	21
1949	10	25
1949	11	21
1949	12	1305
1950	1	3700
1950	2	2375
1950	3	2016
1950	4	3807
1950	5	1009
1950	6	1251
1950	7	1167
1950	8	97
1950	9	173
1950	10	79
1950	11	53
1950	12	203
1951	1	833
1951	2	2981
1951	3	1372
1951	4	2412
1951	5	1233
1951	6	1225
1951	7	4394
1951	8	698
1951	9	704
1951	10	541
1951	11	1540
1951	12	508
1952	1	1447
1952	2	728
1952	3	2062
1952	4	2910
1952	5	1170
1952	6	2574
1952	7	339
1952	8	78
1952	9	26
1952	10	14
1952	11	29
1952	12	58
1953	1	193
1953	2	347
1953	3	1393
1953	4	866
1953	5	642
1953	6	291
1953	7	1016
1953	8	46
1953	9	10
1953	10	8
1953	11	8
1953	12	15
1954	1	104
1954	2	227
1954	3	940
1954	4	1772
1954	5	735
1954	6	1192
1954	7	108
1954	8	171
1954	9	26
1954	10	241
1954	11	88
1954	12	155
1955	1	973
1955	2	769
1955	3	833
1955	4	1384
1955	5	788
1955	6	722
1955	7	204
1955	8	49
1955	9	30
1955	10	48
1955	11	44
1955	12	24
1956	1	18
1956	2	392
1956	3	212
1956	4	158
1956	5	513
1956	6	579
1956	7	374
1956	8	63
1956	9	18
1956	10	10
1956	11	9
1956	12	10
1957	1	36
1957	2	149
1957	3	151
1957	4	4109
1957	5	2122
1957	6	1349
1957	7	1184
1957	8	115
1957	9	28
1957	10	104
1957	11	317
1957	12	633
1958	1	461
1958	2	533
1958	3	504
1958	4	473
1958	5	358
1958	6	2408
1958	7	3659
1958	8	887
1958	9	89
1958	10	46
1958	11	95
1958	12	57
1959	1	123
1959	2	2148
1959	3	1263
1959	4	1685
1959	5	1203
1959	6	382
1959	7	99
1959	8	32
1959	9	40
1959	10	277
1959	11	392
1959	12	726
1960	1	1075
1960	2	1409
1960	3	1785
1960	4	1819
1960	5	828
1960	6	1751
1960	7	394
1960	8	137
1960	9	41
1960	10	20
1960	11	26
1960	12	14
1961	1	16
1961	2	50
1961	3	222
1961	4	489
1961	5	563
1961	6	384
1961	7	71
1961	8	50
1961	9	2116
1961	10	650
1961	11	1017
1961	12	537
1962	1	1003
1962	2	1844
1962	3	4098
1962	4	762
1962	5	2067
1962	6	860
1962	7	790
1962	8	135
1962	9	67
1962	10	84
1962	11	66
1962	12	34
1963	1	19
1963	2	14
1963	3	1120
1963	4	383
1963	5	413
1963	6	137
1963	7	125
1963	8	30
1963	9	19
1963	10	12
1963	11	12
1963	12	9
1964	1	42
1964	2	22
1964	3	93
1964	4	771
1964	5	263
1964	6	312
1964	7	149
1964	8	19
1964	9	33
1964	10	9
1964	11	21
1964	12	17
1965	1	1269
1965	2	499
1965	3	1565
1965	4	3847
1965	5	2669
1965	6	309
1965	7	219
1965	8	43
1965	9	583
1965	10	283
1965	11	125
1965	12	1075
1966	1	798
1966	2	514
1966	3	1241
1966	4	956
1966	5	2104
1966	6	590
1966	7	133
1966	8	22
1966	9	12
1966	10	11
1966	11	44
1966	12	712
1967	1	186
1967	2	1028
1967	3	1597
1967	4	2209
1967	5	1886
1967	6	515
1967	7	180
1967	8	53
1967	9	14
1967	10	158
1967	11	1275
1967	12	2366
1968	1	938
1968	2	2255
1968	3	559
1968	4	911
1968	5	971
1968	6	2724
1968	7	762
1968	8	73
1968	9	40
1968	10	14
1968	11	29
1968	12	100
1969	1	962
1969	2	519
1969	3	483
1969	4	1215
1969	5	717
1969	6	552
1969	7	552
1969	8	94
1969	9	17
1969	10	207
1969	11	331
1969	12	195
1970	1	195
1970	2	327
1970	3	404
1970	4	3150
1970	5	5154
1970	6	2240
1970	7	483
1970	8	415
1970	9	2233
1970	10	1441
1970	11	1011
1970	12	503
1971	1	286
1971	2	1236
1971	3	1583
1971	4	359
1971	5	401
1971	6	198
1971	7	294
1971	8	22
1971	9	19
1971	10	11
1971	11	11
1971	12	501
1972	1	821
1972	2	385
1972	3	1126
1972	4	2182
1972	5	1264
1972	6	1629
1972	7	841
1972	8	1071
1972	9	768
1972	10	1591
1972	11	2727
1972	12	2256
1973	1	2304
1973	2	1149
1973	3	3394
1973	4	4514
1973	5	1184
1973	6	4253
1973	7	898
1973	8	248
1973	9	35
1973	10	173
1973	11	101
1973	12	780
1974	1	3098
1974	2	1973
1974	3	1972
1974	4	1547
1974	5	2593
1974	6	3789
1974	7	560
1974	8	97
1974	9	78
1974	10	20
1974	11	216
1974	12	397
1975	1	1734
1975	2	1794
1975	3	1132
1975	4	2260
1975	5	1029
1975	6	1582
1975	7	259
1975	8	59
1975	9	186
1975	10	91
1975	11	60
1975	12	478
1976	1	164
1976	2	2140
1976	3	2895
1976	4	1453
1976	5	1534
1976	6	886
1976	7	523
1976	8	51
1976	9	15
1976	10	17
1976	11	13
1976	12	11
1977	1	6
1977	2	40
1977	3	282
1977	4	207
1977	5	640
1977	6	105
1977	7	69
1977	8	617
1977	9	1338
1977	10	2018
1977	11	824
1977	12	1609
1978	1	428
1978	2	121
1978	3	1883
1978	4	2418
1978	5	1610
1978	6	566
1978	7	788
1978	8	134
1978	9	554
1978	10	64
1978	11	85
1978	12	175
1979	1	112
1979	2	152
1979	3	7648
1979	4	4025
1979	5	1325
1979	6	314
1979	7	621
1979	8	1256
1979	9	119
1979	10	39
1979	11	55
1979	12	150
1980	1	157
1980	2	274
1980	3	1820
1980	4	1670
1980	5	838
1980	6	4441
1980	7	521
1980	8	66
1980	9	262
1980	10	150
1980	11	96
1980	12	502
1981	1	130
1981	2	579
1981	3	410
1981	4	2524
1981	5	3486
1981	6	2157
1981	7	1128
1981	8	2677
1981	9	429
1981	10	432
1981	11	294
1981	12	430
1982	1	680
1982	2	3131
1982	3	4706
1982	4	5098
1982	5	1902
1982	6	1087
1982	7	1225
1982	8	185
1982	9	40
1982	10	28
1982	11	725
1982	12	6201
1983	1	749
1983	2	1432
1983	3	1423
1983	4	4437
1983	5	2699
1983	6	594
1983	7	390
1983	8	62
1983	9	67
1983	10	102
1983	11	648
1983	12	1859
1984	1	335
1984	2	2436
1984	3	2911
1984	4	1619
1984	5	2282
1984	6	902
1984	7	138
1984	8	30
1984	9	16
1984	10	28
1984	11	156
1984	12	371
1985	1	947
1985	2	1441
1985	3	3063
1985	4	1452
1985	5	276
1985	6	199
1985	7	374
1985	8	194
1985	9	103
1985	10	468
1985	11	4977
1985	12	1479
1986	1	272
1986	2	996
1986	3	1754
1986	4	524
1986	5	1556
1986	6	812
1986	7	1531
1986	8	43
1986	9	123
1986	10	3188
1986	11	1048
1986	12	1625
1987	1	637
1987	2	1079
1987	3	482
1987	4	622
1987	5	551
1987	6	311
1987	7	48
1987	8	25
1987	9	51
1987	10	49
1987	11	79
1987	12	1358
1988	1	1246
1988	2	548
1988	3	740
1988	4	1697
1988	5	292
1988	6	78
1988	7	8
1988	8	6
1988	9	29
1988	10	43
1988	11	97
1988	12	126
1989	1	278
1989	2	110
1989	3	509
1989	4	516
1989	5	291
1989	6	245
1989	7	139
1989	8	47
1989	9	3326
1989	10	268
1989	11	396
1989	12	116
1990	1	915
1990	2	2980
1990	3	3893
1990	4	968
1990	5	2171
1990	6	1593
1990	7	2104
1990	8	353
1990	9	55
1990	10	744
1990	11	2520
1990	12	2742
1991	1	1474
1991	2	3100
1991	3	3583
1991	4	1760
1991	5	2290
1991	6	562
1991	7	31
1991	8	13
1991	9	13
1991	10	197
1991	11	863
1991	12	1327
1992	1	455
1992	2	1081
1992	3	833
1992	4	473
1992	5	241
1992	6	213
1992	7	1209
1992	8	551
1992	9	256
1992	10	103
1992	11	2834
1992	12	1899
1993	1	4259
1993	2	981
1993	3	4170
1993	4	2573
1993	5	996
1993	6	3259
1993	7	2965
1993	8	950
1993	9	3996
1993	10	2742
1993	11	1321
1993	12	1467
1994	1	681
1994	2	1200
1994	3	1612
1994	4	1587
1994	5	1112
1994	6	237
1994	7	132
1994	8	134
1994	9	50
1994	10	64
1994	11	659
1994	12	1003
1995	1	1942
1995	2	364
1995	3	989
1995	4	3033
1995	5	5152
1995	6	1178
1995	7	344
1995	8	358
1995	9	30
1995	10	29
1995	11	461
1995	12	136
1996	1	176
1996	2	140
1996	3	191
1996	4	453
1996	5	3351
1996	6	1954
1996	7	1154
1996	8	399
1996	9	38
1996	10	50
1996	11	151
1996	12	344
1997	1	517
1997	2	3681
1997	3	2193
1997	4	1096
1997	5	436
1997	6	874
1997	7	151
1997	8	173
1997	9	41
1997	10	15
1997	11	76
1997	12	263
1998	1	1389
1998	2	1865
1998	3	3652
1998	4	1409
1998	5	3531
1998	6	2232
1998	7	1642
1998	8	64
1998	9	18
1998	10	26
1998	11	36
1998	12	39
1999	1	974
1999	2	1095
1999	3	938
1999	4	2390
1999	5	1857
1999	6	1971
1999	7	196
1999	8	26
1999	9	11
1999	10	12
1999	11	14
1999	12	21
2000	1	18
2000	2	59
2000	3	49
2000	4	249
2000	5	453
2000	6	1353
2000	7	923
2000	8	41
2000	9	18
2000	10	23
2000	11	164
2000	12	82
2001	1	212
2001	2	4159
2001	3	1343
2001	4	1089
2001	5	609
2001	6	2933
2001	7	550
2001	8	57
2001	9	47
2001	10	1530
2001	11	766
2001	12	925
2002	1	488
2002	2	2406
2002	3	2107
2002	4	2154
2002	5	3920
2002	6	1161
2002	7	329
2002	8	234
2002	9	38
2002	10	24
2002	11	45
2002	12	40
2003	1	53
2003	2	38
2003	3	188
2003	4	397
2003	5	1240
2003	6	532
2003	7	1147
2003	8	68
2003	9	39
2003	10	20
2003	11	789
2003	12	545
2004	1	315
2004	2	288
2004	3	1044
2004	4	1086
2004	5	1674
2004	6	1499
2004	7	248
2004	8	189
2004	9	71
2004	10	80
2004	11	1569
2004	12	2371
2005	1	4436
2005	2	1925
2005	3	656
2005	4	940
2005	5	402
2005	6	136
2005	7	77
2005	8	31
2005	9	6
2005	10	16
2005	11	53
2005	12	79
2006	1	437
2006	2	269
2006	3	520
2006	4	1629
2006	5	1071
2006	6	484
2006	7	297
2006	8	105
2006	9	423
2006	10	562
2006	11	726
2006	12	3406
2007	1	2544
2007	2	1031
2007	3	4834
2007	4	2121
2007	5	643
2007	6	396
2007	7	981
2007	8	1629
2007	9	146
2007	10	253
2007	11	435
2007	12	2594
2008	1	4205
2008	2	3064
2008	3	1716
2008	4	1243
2008	5	878
2008	6	1368
2008	7	476
2008	8	76
2008	9	3203
2008	10	896
2008	11	444
2008	12	2733
2009	1	931
2009	2	1683
2009	3	3923
2009	4	3422
2009	5	4234
2009	6	1030
2009	7	410
2009	8	137
2009	9	67
2009	10	1284
2009	11	2512
2009	12	2344
2010	1	1411
2010	2	696
2010	3	2451
2010	4	744
2010	5	1458
2010	6	2317
2010	7	334
2010	8	75
2010	9	44
2010	10	23
2010	11	33
2010	12	122
2011	1	742
2011	2	1585
2011	3	2022
2011	4	2717
2011	5	2517
2011	6	1472
2011	7	224
2011	8	46
2011	9	31
2011	10	24
2011	11	118
2011	12	713
2012	1	723
2012	2	497
2012	3	567
2012	4	301
2012	5	1602
2012	6	182
2012	7	19
2012	8	11
2012	9	38
2012	10	63
2012	11	61
2012	12	106
2013	1	593
2013	2	976
2013	3	1879
2013	4	4870
2013	5	3320
2013	6	2342
2013	7	260
2013	8	36
2013	9	14
2013	10	16
2013	11	47
2013	12	67
2014	1	499
2014	2	1021
2014	3	1650
2014	4	1124
2014	5	1449
2014	6	1066
2014	7	1560
2014	8	394
2014	9	1234
2014	10	1222
2014	11	674
2015	3	1664
2015	4	547
2015	5	1175
2015	6	4315
2015	7	3070
2015	8	501
2015	9	328
