1948	2	99
1948	3	443
1948	4	221
1948	5	105
1948	6	213
1948	7	286
1948	8	55
1948	9	13
1948	10	8
1948	11	10
1948	12	12
1949	1	315
1949	2	548
1949	3	159
1949	4	155
1949	5	81
1949	6	83
1949	7	50
1949	8	28
1949	9	10
1949	10	100
1949	11	39
1949	12	337
1950	1	988
1950	2	440
1950	3	260
1950	4	508
1950	5	188
1950	6	338
1950	7	105
1950	8	22
1950	9	11
1950	10	9
1950	11	9
1950	12	10
1951	1	114
1951	2	682
1951	3	260
1951	4	369
1951	5	144
1951	6	427
1951	7	423
1951	8	61
1951	9	45
1951	10	28
1951	11	121
1951	12	62
1952	1	191
1952	2	201
1952	3	273
1952	4	483
1952	5	211
1952	6	257
1952	7	77
1952	8	15
1952	9	6
1952	10	5
1952	11	6
1952	12	8
1953	1	9
1953	2	26
1953	3	286
1953	4	236
1953	5	67
1953	6	56
1953	7	58
1953	8	11
1953	9	5
1953	10	4
1953	11	4
1953	12	4
1954	1	5
1954	2	5
1954	3	6
1954	4	16
1954	5	6
1954	6	36
1954	7	6
1954	8	6
1954	9	1
1954	10	1
1954	11	1
1954	12	2
1955	1	8
1955	2	35
1955	3	59
1955	4	62
1955	5	85
1955	6	199
1955	7	36
1955	8	10
1955	9	7
1955	10	78
1955	11	37
1955	12	15
1956	1	8
1956	2	73
1956	3	56
1956	4	55
1956	5	108
1956	6	86
1956	7	81
1956	8	44
1956	9	9
1956	10	6
1956	11	5
1956	12	5
1957	1	24
1957	2	98
1957	3	86
1957	4	920
1957	5	429
1957	6	417
1957	7	171
1957	8	31
1957	9	10
1957	10	8
1957	11	11
1957	12	52
1958	1	98
1958	2	45
1958	3	58
1958	4	84
1958	5	111
1958	6	424
1958	7	644
1958	8	238
1958	9	27
1958	10	17
1958	11	23
1958	12	18
1959	1	52
1959	2	711
1959	3	262
1959	4	126
1959	5	60
1959	6	29
1959	7	11
1959	8	6
1959	9	6
1959	10	48
1959	11	30
1959	12	19
1960	1	48
1960	2	93
1960	3	180
1960	4	324
1960	5	164
1960	6	429
1960	7	209
1960	8	30
1960	9	12
1960	10	10
1960	11	17
1960	12	15
1961	1	18
1961	2	90
1961	3	302
1961	4	216
1961	5	574
1961	6	102
1961	7	39
1961	8	22
1961	9	11
1961	10	9
1961	11	52
1961	12	57
1962	1	179
1962	2	385
1962	3	495
1962	4	143
1962	5	210
1962	6	98
1962	7	89
1962	8	16
1962	9	8
1962	10	8
1962	11	7
1962	12	5
1963	1	3
1963	2	4
1963	3	181
1963	4	42
1963	5	21
1963	6	16
1963	7	9
1963	8	5
1963	9	3
1963	10	2
1963	11	2
1963	12	2
1964	1	6
1964	2	7
1964	3	15
1964	4	404
1964	5	116
1964	6	141
1964	7	47
1964	8	11
1964	9	7
1964	10	4
1964	11	5
1964	12	7
1965	1	70
1965	2	70
1965	3	173
1965	4	303
1965	5	111
1965	6	185
1965	7	24
1965	8	12
1965	9	157
1965	10	59
1965	11	23
1965	12	46
1966	1	63
1966	2	95
1966	3	194
1966	4	308
1966	5	238
1966	6	72
1966	7	25
1966	8	10
1966	9	7
1966	10	6
1966	11	22
1966	12	266
1967	1	72
1967	2	197
1967	3	236
1967	4	110
1967	5	193
1967	6	318
1967	7	56
1967	8	21
1967	9	10
1967	10	14
1967	11	60
1967	12	771
1968	1	274
1968	2	583
1968	3	170
1968	4	295
1968	5	517
1968	6	426
1968	7	127
1968	8	53
1968	9	19
1968	10	9
1968	11	14
1968	12	29
1969	1	233
1969	2	292
1969	3	127
1969	4	344
1969	5	98
1969	6	39
1969	7	129
1969	8	16
1969	9	12
1969	10	348
1969	11	131
1969	12	92
1970	1	79
1970	2	65
1970	3	115
1970	4	431
1970	5	545
1970	6	733
1970	7	72
1970	8	19
1970	9	87
1970	10	73
1970	11	54
1970	12	35
1971	1	55
1971	2	188
1971	3	213
1971	4	57
1971	5	95
1971	6	63
1971	7	85
1971	8	17
1971	9	7
1971	10	7
1971	11	6
1971	12	259
1972	1	141
1972	2	58
1972	3	231
1972	4	268
1972	5	121
1972	6	57
1972	7	27
1972	8	12
1972	9	153
1972	10	44
1972	11	151
1972	12	226
1973	1	310
1973	2	138
1973	3	726
1973	4	899
1973	5	194
1973	6	411
1973	7	159
1973	8	77
1973	9	17
1973	10	33
1973	11	47
1973	12	216
1974	1	551
1974	2	367
1974	3	352
1974	4	246
1974	5	697
1974	6	1098
1974	7	169
1974	8	139
1974	9	41
1974	10	19
1974	11	89
1974	12	85
1975	1	457
1975	2	449
1975	3	217
1975	4	148
1975	5	232
1975	6	160
1975	7	87
1975	8	89
1975	9	167
1975	10	105
1975	11	71
1975	12	182
1976	1	79
1976	2	352
1976	3	502
1976	4	165
1976	5	66
1976	6	55
1976	7	25
1976	8	10
1976	9	5
1976	10	4
1976	11	4
1976	12	4
1977	1	3
1977	2	19
1977	3	68
1977	4	129
1977	5	473
1977	6	61
1977	7	184
1977	8	356
1977	9	122
1977	10	679
1977	11	206
1977	12	327
1978	1	106
1978	2	54
1978	3	499
1978	4	355
1978	5	426
1978	6	103
1978	7	160
1978	8	157
1978	9	18
1978	10	12
1978	11	12
1978	12	29
1979	1	40
1979	2	121
1979	3	1116
1979	4	1015
1979	5	212
1979	6	58
1979	7	39
1979	8	89
1979	9	10
1979	10	11
1979	11	16
1979	12	11
1980	1	5
1980	2	31
1980	3	87
1980	4	223
1980	5	90
1980	6	114
1980	7	17
1980	8	10
1980	9	10
1980	10	7
1980	11	7
1980	12	7
1981	1	5
1981	2	51
1981	3	40
1981	4	126
1981	5	678
1981	6	499
1981	7	772
1981	8	887
1981	9	80
1981	10	47
1981	11	45
1981	12	47
1982	1	109
1982	2	688
1982	3	635
1982	4	278
1982	5	263
1982	6	178
1982	7	180
1982	8	68
1982	9	31
1982	10	51
1982	11	195
1982	12	1259
1983	1	172
1983	2	223
1983	3	213
1983	4	540
1983	5	1011
1983	6	253
1983	7	69
1983	8	14
1983	9	6
1983	10	9
1983	11	15
1983	12	126
1984	1	59
1984	2	411
1984	3	580
1984	4	434
1984	5	474
1984	6	171
1984	7	40
1984	8	9
1984	9	5
1984	10	4
1984	11	24
1984	12	56
1985	1	137
1985	2	351
1985	3	462
1985	4	244
1985	5	123
1985	6	87
1985	7	32
1985	8	166
1985	9	24
1985	10	47
1985	11	1009
1985	12	441
1986	1	97
1986	2	201
1986	3	244
1986	4	83
1986	5	287
1986	6	332
1986	7	200
1986	8	31
1986	9	79
1986	10	292
1986	11	169
1986	12	254
1987	1	83
1987	2	215
1987	3	85
1987	4	83
1987	5	68
1987	6	57
1987	7	22
1987	8	12
1987	9	6
1987	10	18
1987	11	12
1987	12	238
1988	1	224
1988	2	246
1988	3	204
1988	4	222
1988	5	65
1988	6	29
1988	7	10
1988	8	3
1988	9	1
1988	10	4
1988	11	10
1988	12	12
1989	1	20
1989	2	6
1989	3	70
1989	4	228
1989	5	307
1989	6	115
1989	7	57
1989	8	12
1989	9	278
1989	10	34
1989	11	23
1989	12	18
1990	1	29
1990	2	363
1990	3	337
1990	4	131
1990	5	771
1990	6	788
1990	7	430
1990	8	70
1990	9	25
1990	10	297
1990	11	189
1990	12	621
1991	1	488
1991	2	369
1991	3	337
1991	4	436
1991	5	1014
1991	6	131
1991	7	44
1991	8	42
1991	9	13
1991	10	46
1991	11	154
1991	12	279
1992	1	130
1992	2	159
1992	3	162
1992	4	147
1992	5	71
1992	6	58
1992	7	420
1992	8	529
1992	9	34
1992	10	16
1992	11	417
1992	12	300
1993	1	678
1993	2	181
1993	3	602
1993	4	827
1993	5	162
1993	6	210
1993	7	392
1993	8	125
1993	9	545
1993	10	576
1993	11	356
1993	12	298
1994	1	124
1994	2	89
1994	3	210
1994	4	748
1994	5	322
1994	6	246
1994	7	52
1994	8	11
1994	9	7
1994	10	6
1994	11	72
1994	12	131
1995	1	323
1995	2	112
1995	3	258
1995	4	145
1995	5	1023
1995	6	179
1995	7	56
1995	8	26
1995	9	6
1995	10	5
1995	11	5
1995	12	9
1996	1	40
1996	2	24
1996	3	47
1996	4	123
1996	5	827
1996	6	349
1996	7	61
1996	8	14
1996	9	4
1996	10	5
1996	11	7
1996	12	8
1997	1	20
1997	2	135
1997	3	308
1997	4	99
1997	5	89
1997	6	149
1997	7	31
1997	8	8
1997	9	4
1997	10	2
1997	11	7
1997	12	61
1998	1	181
1998	2	204
1998	3	490
1998	4	305
1998	5	536
1998	6	665
1998	7	202
1998	8	44
1998	9	11
1998	10	9
1998	11	26
1998	12	13
1999	1	169
1999	2	318
1999	3	159
1999	4	349
1999	5	361
1999	6	456
1999	7	57
1999	8	80
1999	9	9
1999	10	12
1999	11	12
1999	12	23
2000	1	17
2000	2	58
2000	3	92
2000	4	155
2000	5	119
2000	6	371
2000	7	257
2000	8	48
2000	9	15
2000	10	46
2000	11	143
2000	12	65
2001	1	210
2001	2	643
2001	3	325
2001	4	81
2001	5	93
2001	6	273
2001	7	16
2001	8	2
2001	9	7
2001	10	60
2001	11	47
2001	12	211
2002	1	100
2002	2	511
2002	3	397
2002	4	644
2002	5	1145
2002	6	534
2002	7	108
2002	8	176
2002	9	23
2002	10	21
2002	11	34
2002	12	31
2003	1	34
2003	2	35
2003	3	108
2003	4	103
2003	5	211
2003	6	239
2003	7	181
2003	8	27
2003	9	38
2003	10	15
2003	11	328
2003	12	153
2004	1	159
2004	2	67
2004	3	267
2004	4	191
2004	5	328
2004	6	267
2004	7	121
2004	8	134
2004	9	65
2004	10	135
2004	11	507
2004	12	471
2005	1	963
2005	2	400
2005	3	155
2005	4	111
2005	5	72
2005	6	47
2005	7	17
2005	8	9
2005	9	5
2005	10	5
2005	11	18
2005	12	31
2006	1	47
2006	2	46
2006	3	187
2006	4	492
2006	5	140
2006	6	71
2006	7	48
2006	8	24
2006	9	11
2006	10	28
2006	11	59
2006	12	530
2007	1	451
2007	2	329
2007	3	340
2007	4	218
2007	5	185
2007	6	118
2007	7	38
2007	8	9
2007	9	6
2007	10	5
2007	11	7
2007	12	33
2008	1	234
2008	2	821
2008	3	389
2008	4	243
2008	5	248
2008	6	896
2008	7	509
2008	8	53
2008	9	251
2008	10	85
2008	11	66
2008	12	362
2009	1	201
2009	2	251
2009	3	209
2009	4	502
2009	5	908
2009	6	384
2009	7	138
2009	8	41
2009	9	26
2009	10	429
2009	11	831
2009	12	485
2010	1	323
2010	2	278
2010	3	352
2010	4	235
2010	5	275
2010	6	698
2010	7	178
2010	8	34
2010	9	45
2010	10	36
2010	11	58
2010	12	77
2011	1	89
2011	2	235
2011	3	318
2011	4	327
2011	5	431
2011	6	335
2011	7	84
2011	8	12
2011	9	3
2011	10	5
2011	11	5
2011	12	6
2012	1	14
2012	2	17
2012	3	12
2012	4	14
2012	5	72
2012	6	17
2012	7	4
2012	8	0
2012	9	0
2012	10	0
2012	11	2
2012	12	1
2013	1	4
2013	2	18
2013	3	77
2013	4	551
2013	5	423
2013	6	553
2013	7	212
2013	8	16
2013	9	4
2013	10	3
2013	11	3
2013	12	2
2014	1	17
2014	2	301
2014	3	113
2014	4	101
2014	5	110
2014	6	174
2014	7	62
2014	8	12
2014	9	332
2014	10	261
2014	11	138
2014	12	195
2015	1	121
2015	2	122
2015	3	191
2015	4	115
2015	5	233
2015	6	517
2015	7	464
2015	8	45
2015	9	24
