1945	10	3668
1945	11	3734
1945	12	3694
1946	1	4116
1946	2	3919
1946	3	4483
1946	4	6511
1946	5	7469
1946	6	7717
1946	7	3880
1946	8	2729
1946	9	3927
1946	10	4444
1946	11	4776
1946	12	4841
1947	1	3713
1947	2	3920
1947	3	5514
1947	4	8396
1947	5	13496
1947	6	16234
1947	7	6041
1947	8	3026
1947	9	4203
1947	10	5575
1947	11	4783
1947	12	5071
1948	1	4835
1948	2	4601
1948	3	5002
1948	4	9441
1948	5	15711
1948	6	23370
1948	7	7129
1948	8	4160
1948	9	3891
1948	10	3970
1948	11	4757
1948	12	4500
1949	1	4181
1949	2	3902
1949	3	4914
1949	4	7939
1949	5	10052
1949	6	9200
1949	7	3321
1949	8	2536
1949	9	2906
1949	10	4027
1949	11	4433
1949	12	4005
1950	1	3636
1950	2	4141
1950	3	4923
1950	4	4432
1950	5	5427
1950	6	12303
1950	7	6072
1950	8	3852
1950	9	3851
1950	10	5082
1950	11	4992
1950	12	4723
1951	1	4534
1951	2	3830
1951	3	4692
1951	4	6383
1951	5	11939
1951	6	9589
1951	7	4141
1951	8	3395
1951	9	4227
1951	10	4554
1951	11	4852
1951	12	4294
1952	1	3557
1952	2	4498
1952	3	5028
1952	4	8567
1952	5	15629
1952	6	11931
1952	7	5652
1952	8	3442
1952	9	3274
1952	10	3892
1952	11	4645
1952	12	4237
1953	1	4459
1953	2	4395
1953	3	4178
1953	4	3591
1953	5	2999
1953	6	7043
1953	7	4241
1953	8	2554
1953	9	2456
1953	10	2710
1953	11	3677
1953	12	4359
1954	1	4680
1954	2	4233
1954	3	4041
1954	4	3216
1954	5	2136
1954	6	1577
1954	7	2453
1954	8	1968
1954	9	2500
1954	10	3174
1954	11	3944
1954	12	4357
1955	1	4342
1955	2	4211
1955	3	3947
1955	4	3122
1955	5	2063
1955	6	1533
1955	7	3700
1955	8	3967
1955	9	4168
1955	10	4841
1955	11	5061
1955	12	5075
1956	1	5285
1956	2	5291
1956	3	4800
1956	4	5711
1956	5	8083
1956	6	8916
1956	7	4078
1956	8	4047
1956	9	4227
1956	10	4475
1956	11	4200
1956	12	4532
1957	1	4973
1957	2	5229
1957	3	4988
1957	4	4966
1957	5	2103
1957	6	9673
1957	7	4908
1957	8	4166
1957	9	4156
1957	10	4259
1957	11	4477
1957	12	5168
1958	1	5400
1958	2	5231
1958	3	4700
1958	4	5034
1958	5	5636
1958	6	4115
1958	7	4932
1958	8	4093
1958	9	4557
1958	10	4786
1958	11	4439
1958	12	3820
1959	1	3814
1959	2	3706
1959	3	2757
1959	4	2489
1959	5	6145
1959	6	8747
1959	7	4829
1959	8	2865
1959	9	2077
1959	10	4868
1959	11	7899
1959	12	9644
1960	1	3892
1960	2	3561
1960	3	3455
1960	4	6880
1960	5	7800
1960	6	6699
1960	7	3662
1960	8	3502
1960	9	3775
1960	10	4595
1960	11	4370
1960	12	4205
1961	1	4751
1961	2	4382
1961	3	3244
1961	4	2861
1961	5	2490
1961	6	2299
1961	7	3665
1961	8	4100
1961	9	3310
1961	10	3327
1961	11	4381
1961	12	4746
1962	1	4621
1962	2	4247
1962	3	4679
1962	4	3431
1962	5	2224
1962	6	7363
1962	7	4034
1962	8	4050
1962	9	4273
1962	10	4641
1962	11	4393
1962	12	3976
1963	1	4663
1963	2	4657
1963	3	4083
1963	4	3556
1963	5	7188
1963	6	14470
1963	7	4980
1963	8	3626
1963	9	4285
1963	10	4695
1963	11	4801
1963	12	4923
1964	1	4463
1964	2	4143
1964	3	4010
1964	4	3353
1964	5	6878
1964	6	16730
1964	7	7060
1964	8	4086
1964	9	4200
1964	10	4359
1964	11	5010
1964	12	5534
1965	1	5478
1965	2	6170
1965	3	6650
1965	4	7422
1965	5	10550
1965	6	11797
1965	7	9997
1965	8	4332
1965	9	6173
1965	10	10136
1965	11	8500
1965	12	5702
1966	1	5287
1966	2	4770
1966	3	5476
1966	4	5701
1966	5	3963
1966	6	3369
1966	7	3239
1966	8	3408
1966	9	2907
1966	10	2889
1966	11	3250
1966	12	5257
1967	1	6431
1967	2	6465
1967	3	6016
1967	4	4731
1967	5	4301
1967	6	11237
1967	7	8870
1967	8	5274
1967	9	4350
1967	10	3996
1967	11	4147
1967	12	5074
1968	1	5709
1968	2	5746
1968	3	9186
1968	4	6914
1968	5	6812
1968	6	8746
1968	7	6468
1968	8	4884
1968	9	4719
1968	10	6114
1968	11	6080
1968	12	5971
1969	1	6178
1969	2	6771
1969	3	6753
1969	4	8575
1969	5	10920
1969	6	9695
1969	7	10026
1969	8	5157
1969	9	4469
1969	10	3930
1969	11	4822
1969	12	5706
1970	1	5881
1970	2	5501
1970	3	5603
1970	4	7493
1970	5	10839
1970	6	13552
1970	7	8060
1970	8	6395
1970	9	5086
1970	10	5096
1970	11	5691
1970	12	5524
1971	1	6074
1971	2	5993
1971	3	6201
1971	4	8575
1971	5	12874
1971	6	9149
1971	7	9057
1971	8	5261
1971	9	5336
1971	10	5585
1971	11	5326
1971	12	5604
1972	1	6206
1972	2	6375
1972	3	5657
1972	4	7503
1972	5	9137
1972	6	9212
1972	7	5625
1972	8	5229
1972	9	5799
1972	10	6057
1972	11	5796
1972	12	5723
1973	1	5220
1973	2	4926
1973	3	3840
1973	4	3202
1973	5	3698
1973	6	4938
1973	7	4790
1973	8	3662
1973	9	2975
1973	10	4278
1973	11	5188
1973	12	5600
1974	1	5888
1974	2	5971
1974	3	6318
1974	4	7016
1974	5	7106
1974	6	12138
1974	7	7152
1974	8	5446
1974	9	5093
1974	10	4302
1974	11	3874
1974	12	5302
1975	1	6136
1975	2	5671
1975	3	6418
1975	4	6460
1975	5	7806
1975	6	13149
1975	7	16579
1975	8	6830
1975	9	6022
1975	10	6245
1975	11	7685
1975	12	7292
1976	1	6241
1976	2	6205
1976	3	7802
1976	4	11129
1976	5	14322
1976	6	12834
1976	7	7051
1976	8	6355
1976	9	6355
1976	10	5450
1976	11	5549
1976	12	5653
1977	1	5726
1977	2	4899
1977	3	4142
1977	4	4265
1977	5	3448
1977	6	2380
1977	7	2568
1977	8	3296
1977	9	2886
1977	10	3933
1977	11	4810
1977	12	5794
1978	1	5981
1978	2	6445
1978	3	6727
1978	4	6748
1978	5	7273
1978	6	8451
1978	7	7543
1978	8	5889
1978	9	5627
1978	10	4799
1978	11	5760
1978	12	6130
1979	1	6214
1979	2	5550
1979	3	5588
1979	4	6286
1979	5	5629
1979	6	5077
1979	7	3713
1979	8	3903
1979	9	3772
1979	10	3532
1979	11	3513
1979	12	4671
1980	1	5522
1980	2	4323
1980	3	4590
1980	4	5147
1980	5	4445
1980	6	14183
1980	7	7236
1980	8	3983
1980	9	3067
1980	10	4924
1980	11	5630
1980	12	5824
1981	1	5911
1981	2	6171
1981	3	5990
1981	4	4171
1981	5	8009
1981	6	20660
1981	7	6588
1981	8	4554
1981	9	3411
1981	10	3316
1981	11	4445
1981	12	5412
1982	1	6042
1982	2	6184
1982	3	6592
1982	4	6894
1982	5	8800
1982	6	14433
1982	7	11731
1982	8	6244
1982	9	5410
1982	10	6012
1982	11	5881
1982	12	5916
1983	1	6008
1983	2	6123
1983	3	6432
1983	4	6227
1983	5	6105
1983	6	8108
1983	7	10759
1983	8	6453
1983	9	5005
1983	10	5754
1983	11	7692
1983	12	6315
1984	1	6171
1984	2	6451
1984	3	6714
1984	4	6992
1984	5	10024
1984	6	17496
1984	7	10879
1984	8	7589
1984	9	10007
1984	10	7040
1984	11	6236
1984	12	6396
1985	1	5711
1985	2	5631
1985	3	4885
1985	4	5461
1985	5	4800
1985	6	3477
1985	7	2922
1985	8	2923
1985	9	3075
1985	10	4450
1985	11	5519
1985	12	4724
1986	1	4937
1986	2	5167
1986	3	5046
1986	4	5249
1986	5	6552
1986	6	9213
1986	7	5312
1986	8	4948
1986	9	4487
1986	10	4271
1986	11	5811
1986	12	5373
1987	1	5445
1987	2	4033
1987	3	3915
1987	4	4085
1987	5	2978
1987	6	2922
1987	7	3352
1987	8	3367
1987	9	3517
1987	10	3477
1987	11	3976
1987	12	3973
1988	1	4213
1988	2	3853
1988	3	3670
1988	4	3744
1988	5	3870
1988	6	3232
1988	7	3114
1988	8	3293
1988	9	3240
1988	10	2856
1988	11	2968
1988	12	3191
1989	1	3677
1989	2	4555
1989	3	4550
1989	4	4761
1989	5	4818
1989	6	3598
1989	7	2893
1989	8	3027
1989	9	2934
1989	10	2967
1989	11	3186
1989	12	4142
1990	1	4427
1990	2	4662
1990	3	4490
1990	4	3892
1990	5	3119
1990	6	3184
1990	7	3179
1990	8	3883
1990	9	3835
1990	10	3151
1990	11	3012
1990	12	4488
1991	1	4890
1991	2	4055
1991	3	3318
1991	4	3373
1991	5	4124
1991	6	7737
1991	7	5781
1991	8	4274
1991	9	4416
1991	10	3675
1991	11	3711
1991	12	4375
1992	1	4579
1992	2	4336
1992	3	3845
1992	4	3141
1992	5	3092
1992	6	2933
1992	7	2892
1992	8	2979
1992	9	3133
1992	10	3028
1992	11	3106
1992	12	3504
1993	1	4100
1993	2	4055
1993	3	3421
1993	4	3855
1993	5	7022
1993	6	11443
1993	7	9565
1993	8	7234
1993	9	6154
1993	10	5921
1993	11	5962
1993	12	5830
1994	1	5966
1994	2	5375
1994	3	4669
1994	4	4342
1994	5	4070
1994	6	3201
1994	7	3030
1994	8	2930
1994	9	3176
1994	10	3313
1994	11	3188
1994	12	3447
1995	1	3521
1995	2	4214
1995	3	4650
1995	4	5270
1995	5	10298
1995	6	11907
1995	7	10050
1995	8	5564
1995	9	5694
1995	10	5383
1995	11	5354
1995	12	5642
1996	1	6289
1996	2	6412
1996	3	8026
1996	4	7839
1996	5	8141
1996	6	15874
1996	7	5328
1996	8	4574
1996	9	4088
1996	10	4258
1996	11	4280
1996	12	5245
1997	1	6636
1997	2	7953
1997	3	8130
1997	4	7139
1997	5	10800
1997	6	19053
1997	7	8464
1997	8	5487
1997	9	5769
1997	10	6427
1997	11	6039
1997	12	5429
1998	1	5325
1998	2	5465
1998	3	5595
1998	4	7534
1998	5	6903
1998	6	10427
1998	7	12069
1998	8	5720
1998	9	5432
1998	10	4357
1998	11	4505
1998	12	5428
1999	1	5520
1999	2	6098
1999	3	7445
1999	4	7262
1999	5	6647
1999	6	9082
1999	7	5136
1999	8	4509
1999	9	4421
1999	10	4348
1999	11	4299
1999	12	4479
2000	1	4813
2000	2	5057
2000	3	4997
2000	4	4484
2000	5	4270
2000	6	3257
2000	7	3232
2000	8	3192
2000	9	3164
2000	10	3246
2000	11	3259
2000	12	3400
2001	1	3365
2001	2	3330
2001	3	3281
2001	4	3246
2001	5	3167
2001	6	3057
2001	7	3132
2001	8	3045
2001	9	3044
2001	10	3009
2001	11	3061
2001	12	3023
2002	1	3068
2002	2	3036
2002	3	3043
2002	4	2967
2002	5	2994
2002	6	2978
2002	7	2911
2002	8	3043
2002	9	2957
2002	10	3098
2002	11	3634
2002	12	3701
2003	1	3741
2003	2	3723
2003	3	3886
2003	4	4077
2003	5	5697
2003	6	6556
2003	7	4149
2003	8	3357
2003	9	3090
2003	10	3054
2003	11	3135
2003	12	3491
2004	1	3691
2004	2	3696
2004	3	3740
2004	4	3258
2004	5	2998
2004	6	2852
2004	7	2765
2004	8	2992
2004	9	3022
2004	10	3334
2004	11	3422
2004	12	3294
2005	1	3703
2005	2	3194
2005	3	3103
2005	4	3091
2005	5	3257
2005	6	4635
2005	7	5029
2005	8	4087
2005	9	4243
2005	10	4247
2005	11	4263
2005	12	4260
2006	1	4294
2006	2	4652
2006	3	4928
2006	4	5951
2006	5	5839
2006	6	4357
2006	7	3996
2006	8	3872
2006	9	3790
2006	10	3642
2006	11	3667
2006	12	3667
2007	1	3836
2007	2	3661
2007	3	3561
2007	4	3684
2007	5	3906
2007	6	4413
2007	7	3732
2007	8	3480
2007	9	3389
2007	10	3342
2007	11	3327
2007	12	3517
2008	1	3567
2008	2	3366
2008	3	3329
2008	4	3503
2008	5	5405
2008	6	12422
2008	7	7057
2008	8	4410
2008	9	4114
2008	10	3984
2008	11	4190
2008	12	4367
2009	1	4634
2009	2	4862
2009	3	4387
2009	4	6223
2009	5	8600
2009	6	8208
2009	7	6313
2009	8	4294
2009	9	4128
2009	10	3902
2009	11	4212
2009	12	5201
2010	1	4445
2010	2	4143
2010	3	4040
2010	4	4318
2010	5	4216
2010	6	13854
2010	7	8833
2010	8	4540
2010	9	4439
2010	10	4484
2010	11	5189
2010	12	5675
2011	1	5629
2011	2	5657
2011	3	5245
2011	4	5985
2011	5	12116
2011	6	17030
2011	7	14841
2011	8	5820
2011	9	5130
2011	10	4733
2011	11	5453
2011	12	5423
2012	1	5287
2012	2	5269
2012	3	5177
2012	4	5997
2012	5	5235
2012	6	6592
2012	7	4258
2012	8	3941
2012	9	3601
2012	10	3481
2012	11	3419
2012	12	3660
2013	1	4189
2013	2	4711
2013	3	4484
2013	4	4182
2013	5	4073
2013	6	3178
2013	7	2859
2013	8	3003
2013	9	3044
2013	10	3177
2013	11	3163
2013	12	3435
2014	1	3169
2014	2	3532
2014	3	5698
2014	4	7669
2014	5	8892
2014	6	5194
2014	7	5262
2014	8	4229
2014	9	4194
2014	10	4400
2014	11	4638
2014	12	4681
2015	1	4904
2015	2	4976
2015	3	4511
2015	4	3861
2015	5	3817
2015	6	4716
2015	7	4003
2015	8	4012
2015	9	4062
