1940	1	3177
1940	2	3179
1940	3	4507
1940	4	5892
1940	5	9710
1940	6	9386
1940	7	3703
1940	8	3393
1940	9	3206
1940	10	3561
1940	11	3555
1940	12	4104
1941	1	3728
1941	2	3806
1941	3	4571
1941	4	4972
1941	5	4854
1941	6	8711
1941	7	4349
1941	8	3357
1941	9	4349
1941	10	6137
1941	11	5651
1941	12	5683
1942	1	4730
1942	2	4719
1942	3	6480
1942	4	13564
1942	5	17351
1942	6	26366
1942	7	7720
1942	8	3715
1942	9	3805
1942	10	4763
1942	11	5509
1942	12	5482
1943	1	5062
1943	2	6842
1943	3	8916
1943	4	17720
1943	5	17848
1943	6	39453
1943	7	14810
1943	8	5866
1943	9	4845
1943	10	5245
1943	11	5500
1943	12	5245
1944	1	4832
1944	2	4837
1944	3	5946
1944	4	6192
1944	5	8204
1944	6	20904
1944	7	12264
1944	8	4968
1944	9	4603
1944	10	4895
1944	11	5056
1944	12	4963
1945	1	4622
1945	2	4867
1945	3	5877
1945	4	5311
1945	5	10060
1945	6	20773
1945	7	7927
1945	8	3810
1945	9	4230
1945	10	4927
1945	11	5016
1945	12	4558
1946	1	5112
1946	2	5186
1946	3	5863
1946	4	8711
1946	5	11586
1946	6	12982
1946	7	6589
1946	8	4066
1946	9	5130
1946	10	6243
1946	11	6252
1946	12	6827
1947	1	5512
1947	2	5578
1947	3	10154
1947	4	12963
1947	5	23232
1947	6	24613
1947	7	9246
1947	8	4500
1947	9	5474
1947	10	7226
1947	11	6522
1947	12	6090
1948	1	5805
1948	2	5834
1948	3	6575
1948	4	13311
1948	5	27154
1948	6	51963
1948	7	15924
1948	8	7705
1948	9	6238
1948	10	6129
1948	11	6729
1948	12	5161
1949	1	4770
1949	2	5178
1949	3	7374
1949	4	12004
1949	5	17512
1949	6	16072
1949	7	5340
1949	8	3511
1949	9	3937
1949	10	5303
1949	11	5917
1949	12	4868
1950	1	4177
1950	2	5517
1950	3	6858
1950	4	8126
1950	5	12668
1950	6	26893
1950	7	13755
1950	8	7783
1950	9	5806
1950	10	7060
1950	11	7088
1950	12	7037
1951	1	5635
1951	2	5312
1951	3	8225
1951	4	11843
1951	5	24235
1951	6	23706
1951	7	12860
1951	8	5903
1951	9	6758
1951	10	7640
1951	11	7060
1951	12	5531
1952	1	5032
1952	2	6965
1952	3	9865
1952	4	15666
1952	5	25467
1952	6	16495
1952	7	8397
1952	8	4987
1952	9	4354
1952	10	4757
1952	11	5578
1952	12	5280
1953	1	5886
1953	2	5683
1953	3	5826
1953	4	6262
1953	5	14052
1953	6	44816
1953	7	9935
1953	8	4622
1953	9	3966
1953	10	4093
1953	11	4834
1953	12	5694
1954	1	5159
1954	2	6298
1954	3	5454
1954	4	6590
1954	5	11110
1954	6	13048
1954	7	7673
1954	8	4262
1954	9	4139
1954	10	5193
1954	11	5792
1954	12	5471
1955	1	5629
1955	2	5428
1955	3	5709
1955	4	6970
1955	5	10206
1955	6	12590
1955	7	9346
1955	8	5618
1955	9	5136
1955	10	6010
1955	11	5749
1955	12	6583
1956	1	6593
1956	2	6631
1956	3	6699
1956	4	7129
1956	5	12540
1956	6	14778
1956	7	5527
1956	8	5494
1956	9	5392
1956	10	5697
1956	11	5644
1956	12	5775
1957	1	5469
1957	2	6478
1957	3	8477
1957	4	7471
1957	5	9474
1957	6	17210
1957	7	7541
1957	8	5491
1957	9	5859
1957	10	6303
1957	11	6575
1957	12	6364
1958	1	6529
1958	2	6701
1958	3	6472
1958	4	7829
1958	5	11758
1958	6	14299
1958	7	10050
1958	8	6220
1958	9	6212
1958	10	6723
1958	11	6959
1958	12	6740
1959	1	6009
1959	2	5660
1959	3	8176
1959	4	6810
1959	5	13680
1959	6	20766
1959	7	11025
1959	8	5737
1959	9	4783
1959	10	6599
1959	11	10451
1959	12	12219
1960	1	5240
1960	2	4874
1960	3	5649
1960	4	10053
1960	5	14339
1960	6	11642
1960	7	5438
1960	8	5192
1960	9	5563
1960	10	6232
1960	11	6234
1960	12	5508
1961	1	5517
1961	2	5888
1961	3	4405
1961	4	4062
1961	5	5758
1961	6	7169
1961	7	5024
1961	8	5073
1961	9	5079
1961	10	5305
1961	11	6815
1961	12	6032
1962	1	5854
1962	2	6532
1962	3	6967
1962	4	6603
1962	5	10380
1962	6	15973
1962	7	5980
1962	8	6260
1962	9	6959
1962	10	6701
1962	11	5763
1962	12	5163
1963	1	5581
1963	2	8616
1963	3	5587
1963	4	5443
1963	5	9881
1963	6	19506
1963	7	8367
1963	8	5204
1963	9	5271
1963	10	5466
1963	11	5635
1963	12	5453
1964	1	5561
1964	2	6024
1964	3	5206
1964	4	5857
1964	5	17127
1964	6	41906
1964	7	14858
1964	8	8409
1964	9	6516
1964	10	6655
1964	11	7161
1964	12	7958
1965	1	8880
1965	2	10160
1965	3	8744
1965	4	12676
1965	5	18903
1965	6	25493
1965	7	17895
1965	8	9357
1965	9	11586
1965	10	15341
1965	11	12472
1965	12	7766
1966	1	7096
1966	2	6660
1966	3	8977
1966	4	9614
1966	5	10551
1966	6	9532
1966	7	7157
1966	8	5728
1966	9	5132
1966	10	5242
1966	11	5393
1966	12	6786
1967	1	7881
1967	2	8792
1967	3	9043
1967	4	7688
1967	5	12483
1967	6	32816
1967	7	16719
1967	8	8064
1967	9	6835
1967	10	6649
1967	11	6687
1967	12	6869
1968	1	8374
1968	2	9062
1968	3	12363
1968	4	10526
1968	5	12904
1968	6	18096
1968	7	10812
1968	8	7880
1968	9	7269
1968	10	8852
1968	11	8016
1968	12	7086
1969	1	8109
1969	2	8775
1969	3	12180
1969	4	15146
1969	5	16258
1969	6	14591
1969	7	16490
1969	8	7910
1969	9	6563
1969	10	6136
1969	11	6634
1969	12	7296
1970	1	7663
1970	2	7883
1970	3	7581
1970	4	9522
1970	5	22390
1970	6	24523
1970	7	13470
1970	8	9436
1970	9	8378
1970	10	7749
1970	11	8088
1970	12	7992
1971	1	8706
1971	2	10239
1971	3	9373
1971	4	12169
1971	5	22583
1971	6	17916
1971	7	12650
1971	8	7862
1971	9	7405
1971	10	7740
1971	11	7320
1971	12	7026
1972	1	7525
1972	2	8065
1972	3	9868
1972	4	11937
1972	5	16135
1972	6	19526
1972	7	10188
1972	8	8963
1972	9	8533
1972	10	8736
1972	11	7978
1972	12	7291
1973	1	6951
1973	2	7284
1973	3	5623
1973	4	5340
1973	5	6991
1973	6	7656
1973	7	6406
1973	8	4868
1973	9	4434
1973	10	5293
1973	11	6518
1973	12	6783
1974	1	7582
1974	2	7551
1974	3	7919
1974	4	10048
1974	5	13387
1974	6	21123
1974	7	11545
1974	8	8433
1974	9	7074
1974	10	5785
1974	11	5347
1974	12	6542
1975	1	7679
1975	2	7475
1975	3	8371
1975	4	10661
1975	5	25632
1975	6	34976
1975	7	29674
1975	8	11883
1975	9	9471
1975	10	9683
1975	11	10714
1975	12	10795
1976	1	8996
1976	2	8856
1976	3	10620
1976	4	14990
1976	5	28261
1976	6	20313
1976	7	11690
1976	8	8972
1976	9	8565
1976	10	8057
1976	11	7583
1976	12	7383
1977	1	7450
1977	2	7052
1977	3	5758
1977	4	6707
1977	5	6902
1977	6	4646
1977	7	4027
1977	8	4533
1977	9	3989
1977	10	5044
1977	11	6226
1977	12	6929
1978	1	7429
1978	2	8371
1978	3	14493
1978	4	12533
1978	5	18241
1978	6	16976
1978	7	14426
1978	8	8544
1978	9	8798
1978	10	6970
1978	11	7722
1978	12	7847
1979	1	8500
1979	2	8367
1979	3	11030
1979	4	11602
1979	5	14667
1979	6	11803
1979	7	7208
1979	8	6591
1979	9	5498
1979	10	4884
1979	11	4858
1979	12	5932
1980	1	6640
1980	2	6175
1980	3	6475
1980	4	7960
1980	5	10536
1980	6	24023
1980	7	12074
1980	8	7084
1980	9	4986
1980	10	6484
1980	11	7447
1980	12	7605
1981	1	7639
1981	2	8096
1981	3	8442
1981	4	7265
1981	5	20372
1981	6	30896
1981	7	10433
1981	8	6437
1981	9	4879
1981	10	4847
1981	11	5737
1981	12	6233
1982	1	7712
1982	2	8753
1982	3	8563
1982	4	9747
1982	5	13629
1982	6	28190
1982	7	17949
1982	8	8095
1982	9	6834
1982	10	7657
1982	11	7392
1982	12	7090
1983	1	7703
1983	2	7531
1983	3	8082
1983	4	8306
1983	5	12347
1983	6	12353
1983	7	15096
1983	8	8143
1983	9	6683
1983	10	7274
1983	11	9511
1983	12	7402
1984	1	8203
1984	2	7894
1984	3	8125
1984	4	9488
1984	5	13390
1984	6	19473
1984	7	13478
1984	8	8821
1984	9	11003
1984	10	8639
1984	11	7411
1984	12	7294
1985	1	7577
1985	2	7350
1985	3	6943
1985	4	7586
1985	5	9044
1985	6	6012
1985	7	4104
1985	8	4936
1985	9	5274
1985	10	8184
1985	11	9265
1985	12	8696
1986	1	8224
1986	2	9555
1986	3	9142
1986	4	9161
1986	5	12335
1986	6	12864
1986	7	7981
1986	8	6789
1986	9	6963
1986	10	7285
1986	11	7799
1986	12	7451
1987	1	7489
1987	2	6138
1987	3	5890
1987	4	6705
1987	5	6482
1987	6	5242
1987	7	5416
1987	8	5122
1987	9	5302
1987	10	4776
1987	11	5498
1987	12	5586
1988	1	5817
1988	2	5606
1988	3	5037
1988	4	5289
1988	5	6645
1988	6	4987
1988	7	4210
1988	8	4029
1988	9	4153
1988	10	3873
1988	11	4055
1988	12	4061
1989	1	4861
1989	2	5757
1989	3	8129
1989	4	7917
1989	5	12006
1989	6	10052
1989	7	5856
1989	8	5357
1989	9	5105
1989	10	5404
1989	11	5927
1989	12	6938
1990	1	6898
1990	2	7514
1990	3	7046
1990	4	8751
1990	5	8797
1990	6	9771
1990	7	5720
1990	8	6320
1990	9	5671
1990	10	4924
1990	11	4845
1990	12	5724
1991	1	7174
1991	2	6625
1991	3	5586
1991	4	6437
1991	5	14010
1991	6	18856
1991	7	11561
1991	8	7165
1991	9	6837
1991	10	5768
1991	11	5487
1991	12	6218
1992	1	6065
1992	2	5822
1992	3	5294
1992	4	4686
1992	5	4819
1992	6	4877
1992	7	4764
1992	8	4247
1992	9	4229
1992	10	4359
1992	11	4340
1992	12	4632
1993	1	5841
1993	2	5903
1993	3	6236
1993	4	6513
1993	5	13287
1993	6	16703
1993	7	17203
1993	8	11950
1993	9	11396
1993	10	9867
1993	11	8608
1993	12	8507
1994	1	8187
1994	2	7300
1994	3	7610
1994	4	9693
1994	5	11800
1994	6	7340
1994	7	5163
1994	8	4621
1994	9	4496
1994	10	4877
1994	11	4908
1994	12	4982
1995	1	4960
1995	2	5793
1995	3	6325
1995	4	7441
1995	5	17690
1995	6	23870
1995	7	17470
1995	8	8837
1995	9	8258
1995	10	7766
1995	11	7792
1995	12	8556
1996	1	8238
1996	2	10054
1996	3	13029
1996	4	14993
1996	5	15177
1996	6	26510
1996	7	9825
1996	8	6841
1996	9	6003
1996	10	6255
1996	11	5985
1996	12	6370
1997	1	8790
1997	2	9996
1997	3	10761
1997	4	10618
1997	5	19067
1997	6	32180
1997	7	13144
1997	8	8961
1997	9	8333
1997	10	8655
1997	11	8108
1997	12	7448
1998	1	7207
1998	2	7258
1998	3	7341
1998	4	9213
1998	5	9282
1998	6	15316
1998	7	17759
1998	8	8287
1998	9	7636
1998	10	6308
1998	11	6273
1998	12	6672
1999	1	7048
1999	2	7812
1999	3	8896
1999	4	9101
1999	5	10279
1999	6	14430
1999	7	7259
1999	8	6086
1999	9	6089
1999	10	6099
1999	11	6022
1999	12	6248
2000	1	6404
2000	2	6533
2000	3	6492
2000	4	6196
2000	5	6683
2000	6	6378
2000	7	4715
2000	8	4312
2000	9	4342
2000	10	4560
2000	11	4597
2000	12	4580
2001	1	4616
2001	2	4575
2001	3	4620
2001	4	4703
2001	5	5336
2001	6	5012
2001	7	4275
2001	8	4024
2001	9	3818
2001	10	3893
2001	11	4045
2001	12	3865
2002	1	3992
2002	2	4142
2002	3	4210
2002	4	4230
2002	5	5279
2002	6	13320
2002	7	7495
2002	8	4963
2002	9	4750
2002	10	4658
2002	11	5134
2002	12	5145
2003	1	5232
2003	2	5283
2003	3	6378
2003	4	6613
2003	5	9295
2003	6	10211
2003	7	5786
2003	8	4593
2003	9	4061
2003	10	4109
2003	11	4765
2003	12	4891
2004	1	4805
2004	2	5419
2004	3	5440
2004	4	5277
2004	5	6503
2004	6	7237
2004	7	4868
2004	8	4584
2004	9	4575
2004	10	4792
2004	11	5011
2004	12	4795
2005	1	5314
2005	2	4698
2005	3	4597
2005	4	4998
2005	5	7857
2005	6	11168
2005	7	7405
2005	8	5438
2005	9	5435
2005	10	5639
2005	11	5591
2005	12	5678
2006	1	5449
2006	2	5676
2006	3	6069
2006	4	8941
2006	5	10147
2006	6	11145
2006	7	5655
2006	8	5314
2006	9	5162
2006	10	5311
2006	11	5295
2006	12	5729
2007	1	5883
2007	2	6180
2007	3	6221
2007	4	6140
2007	5	8809
2007	6	9362
2007	7	5321
2007	8	4590
2007	9	4421
2007	10	4516
2007	11	4481
2007	12	4393
2008	1	4177
2008	2	4517
2008	3	4946
2008	4	5094
2008	5	10875
2008	6	23993
2008	7	11922
2008	8	6765
2008	9	6528
2008	10	6054
2008	11	6295
2008	12	5779
2009	1	5796
2009	2	6307
2009	3	6261
2009	4	8820
2009	5	14941
2009	6	12601
2009	7	9166
2009	8	6505
2009	9	5518
2009	10	5785
2009	11	6166
2009	12	6942
2010	1	6256
2010	2	6140
2010	3	6013
2010	4	6390
2010	5	9832
2010	6	21633
2010	7	13076
2010	8	6467
2010	9	6413
2010	10	6087
2010	11	6705
2010	12	7141
2011	1	7205
2011	2	7585
2011	3	8152
2011	4	9542
2011	5	22935
2011	6	37530
2011	7	23416
2011	8	10504
2011	9	8926
2011	10	8256
2011	11	8124
2011	12	7079
2012	1	6488
2012	2	6779
2012	3	6865
2012	4	8617
2012	5	9747
2012	6	12051
2012	7	6173
2012	8	5354
2012	9	4835
2012	10	4657
2012	11	4759
2012	12	4717
2013	1	5760
2013	2	6148
2013	3	5983
2013	4	5767
2013	5	7258
2013	6	9961
2013	7	5075
2013	8	4928
2013	9	4506
2013	10	4891
2013	11	4930
2013	12	5251
2014	1	5251
2014	2	5835
2014	3	8894
2014	4	10750
2014	5	15777
2014	6	12766
2014	7	8578
2014	8	6834
2014	9	6443
2014	10	6402
2014	11	6277
2014	12	6266
2015	1	7253
2015	2	7154
2015	3	6966
2015	4	6516
2015	5	7805
2015	6	9088
2015	7	5822
2015	8	5275
2015	9	5336
