1940	3	309
1940	4	273
1940	5	427
1940	6	594
1940	7	670
1940	8	404
1940	9	48
1940	10	28
1941	3	102
1941	4	102
1941	5	475
1941	6	615
1941	7	615
1941	8	329
1941	9	110
1941	10	32
1942	3	82
1942	4	658
1942	5	857
1942	6	643
1942	7	661
1942	8	576
1942	9	486
1942	10	131
1943	3	353
1943	4	617
1943	5	316
1943	6	662
1943	7	575
1943	8	541
1943	9	528
1943	10	189
1944	3	53
1944	4	156
1944	5	484
1944	6	512
1944	7	354
1944	8	392
1944	9	90
1944	10	14
1945	3	222
1945	4	80
1945	5	598
1945	6	770
1945	7	601
1945	8	523
1945	9	540
1945	10	150
1946	3	186
1946	4	363
1946	5	619
1946	6	715
1946	7	605
1946	8	518
1946	9	587
1946	10	142
1947	3	1186
1947	4	692
1947	5	473
1947	6	641
1947	7	604
1947	8	601
1947	9	567
1947	10	133
1948	3	165
1948	4	1117
1948	5	706
1948	6	1283
1948	7	719
1948	8	669
1948	9	535
1948	10	151
1949	3	134
1949	4	400
1949	5	632
1949	6	626
1949	7	555
1949	8	501
1949	9	413
1949	10	70
1950	3	135
1950	4	638
1950	5	577
1950	6	710
1950	7	690
1950	8	546
1950	9	519
1950	10	551
1951	3	530
1951	4	1002
1951	5	753
1951	6	942
1951	7	1045
1951	8	810
1951	9	601
1951	10	288
1952	3	960
1952	4	1433
1952	5	468
1952	6	200
1952	7	485
1952	8	590
1952	9	580
1952	10	281
1953	3	163
1953	4	816
1953	5	1350
1953	6	2218
1953	7	443
1953	8	562
1953	9	558
1953	10	214
1954	3	162
1954	4	741
1954	5	782
1954	6	722
1954	7	623
1954	8	643
1954	9	313
1954	10	116
1955	3	91
1955	4	809
1955	5	878
1955	6	588
1955	7	941
1955	8	573
1955	9	420
1955	10	81
1956	3	305
1956	4	526
1956	5	852
1956	6	781
1956	7	800
1956	8	675
1956	9	574
1956	10	402
1957	3	434
1957	4	426
1957	5	1002
1957	6	813
1957	7	543
1957	8	551
1957	9	459
1957	10	119
1958	3	202
1958	4	1135
1958	5	648
1958	6	803
1958	7	685
1958	8	603
1958	9	412
1958	10	58
1959	3	696
1959	4	764
1959	5	1031
1959	6	837
1959	7	631
1959	8	614
1959	9	661
1959	10	330
1960	3	752
1960	4	327
1960	5	834
1960	6	694
1960	7	603
1960	8	617
1960	9	493
1960	10	40
1961	3	123
1961	4	450
1961	5	579
1961	6	710
1961	7	606
1961	8	590
1961	9	514
1961	10	126
1962	3	294
1962	4	698
1962	5	763
1962	6	702
1962	7	630
1962	8	569
1962	9	137
1962	10	23
1963	2	197
1963	3	109
1963	4	485
1963	5	631
1963	6	760
1963	7	707
1963	8	634
1963	9	526
1963	10	27
1964	3	44
1964	4	524
1964	5	1190
1964	6	1094
1964	7	424
1964	8	689
1964	9	709
1964	10	110
1965	3	322
1965	4	1691
1965	5	469
1965	6	1321
1965	7	714
1965	8	695
1965	9	624
1965	10	126
1966	3	483
1966	4	400
1966	5	645
1966	6	1100
1966	7	734
1966	8	701
1966	9	616
1966	10	114
1967	3	635
1967	4	696
1967	5	1751
1967	6	818
1967	7	725
1967	8	681
1967	9	648
1967	10	110
1968	3	404
1968	4	512
1968	5	934
1968	6	912
1968	7	766
1968	8	742
1968	9	723
1968	10	221
1969	3	935
1969	4	1216
1969	5	504
1969	6	955
1969	7	937
1969	8	670
1969	9	434
1969	10	74
1970	3	259
1970	4	428
1970	5	707
1970	6	881
1970	7	660
1970	8	654
1970	9	477
1970	10	61
1971	3	215
1971	4	538
1971	5	620
1971	6	407
1971	7	729
1971	8	663
1971	9	697
1971	10	298
1972	3	1183
1972	4	504
1972	5	921
1972	6	858
1972	7	793
1972	8	759
1972	9	740
1972	10	389
1973	3	197
1973	4	176
1973	5	463
1973	6	682
1973	7	628
1973	8	588
1973	9	79
1973	10	15
1974	3	260
1974	4	728
1974	5	1021
1974	6	712
1974	7	743
1974	8	670
1974	9	597
1974	10	73
1975	3	16
1975	4	672
1975	5	1661
1975	6	1277
1975	7	558
1975	8	775
1975	9	691
1975	10	181
1976	3	412
1976	4	389
1976	5	805
1976	6	873
1976	7	797
1976	8	763
1976	9	602
1976	10	199
1977	3	110
1977	4	155
1977	5	438
1977	6	645
1977	7	261
1977	8	184
1977	9	113
1977	10	36
1978	3	1522
1978	4	566
1978	5	434
1978	6	531
1978	7	708
1978	8	720
1978	9	544
1978	10	99
1979	3	1475
1979	4	762
1979	5	747
1979	6	734
1979	7	631
1979	8	612
1979	9	279
1979	10	36
1980	3	257
1980	4	727
1980	5	737
1980	6	879
1980	7	677
1980	8	644
1980	9	392
1980	10	59
1981	3	478
1981	4	533
1981	5	1051
1981	6	960
1981	7	749
1981	8	602
1981	9	577
1981	10	122
1982	3	305
1982	4	910
1982	5	798
1982	6	873
1982	7	683
1982	8	77
1982	9	24
1982	10	44
1983	3	277
1983	4	499
1983	5	375
1983	6	612
1983	7	682
1983	8	605
1983	9	138
1983	10	17
1984	3	283
1984	4	306
1984	5	283
1984	6	595
1984	7	567
1984	8	532
1984	9	40
1984	10	12
1985	3	139
1985	4	630
1985	5	746
1985	6	749
1985	7	420
1985	8	586
1985	9	626
1985	10	155
1986	3	385
1986	4	316
1986	5	532
1986	6	405
1986	7	558
1986	8	474
1986	9	320
1986	10	75
1987	3	340
1987	4	499
1987	5	415
1987	6	546
1987	7	484
1987	8	557
1987	9	310
1987	10	44
1988	3	226
1988	4	704
1988	5	593
1988	6	629
1988	7	494
1988	8	187
1988	9	13
1988	10	4
1989	3	498
1989	4	722
1989	5	823
1989	6	1040
1989	7	758
1989	8	566
1989	9	631
1989	10	565
1990	3	326
1990	4	471
1990	5	996
1990	6	760
1990	7	609
1990	8	570
1990	9	537
1990	10	331
1991	3	107
1991	4	827
1991	5	1126
1991	6	1165
1991	7	827
1991	8	663
1991	9	557
1991	10	150
1992	3	370
1992	4	303
1992	5	434
1992	6	335
1992	7	455
1992	8	478
1992	9	66
1992	10	46
1993	3	505
1993	4	523
1993	5	673
1993	6	774
1993	7	1009
1993	8	713
1993	9	716
1993	10	280
1994	3	1366
1994	4	316
1994	5	806
1994	6	805
1994	7	606
1994	8	535
1994	9	436
1994	10	131
1995	3	251
1995	4	249
1995	5	1154
1995	6	1402
1995	7	620
1995	8	441
1995	9	152
1995	10	170
1996	3	1315
1996	4	554
1996	5	474
1996	6	721
1996	7	596
1996	8	540
1996	9	609
1996	10	219
1997	3	1016
1997	4	359
1997	5	842
1997	6	924
1997	7	654
1997	8	580
1997	9	537
1997	10	244
1998	3	114
1998	4	661
1998	5	641
1998	6	835
1998	7	842
1998	8	550
1998	9	454
1998	10	200
1999	3	134
1999	4	250
1999	5	633
1999	6	827
1999	7	591
1999	8	529
1999	9	523
1999	10	61
2000	3	132
2000	4	552
2000	5	559
2000	6	606
2000	7	470
2000	8	419
2000	9	328
2000	10	32
2001	3	63
2001	4	165
2001	5	679
2001	6	598
2001	7	468
2001	8	243
2001	9	1
2001	10	0
2002	3	9
2002	4	500
2002	5	972
2002	6	2560
2002	7	282
2002	8	639
2002	9	710
2002	10	319
2003	3	490
2003	4	558
2003	5	615
2003	6	698
2003	7	574
2003	8	522
2003	9	233
2003	10	32
2004	3	217
2004	4	384
2004	5	662
2004	6	684
2004	7	501
2004	8	518
2004	9	469
2004	10	49
2005	3	76
2005	4	459
2005	5	611
2005	6	1085
2005	7	568
2005	8	581
2005	9	357
2005	10	80
2006	3	383
2006	4	828
2006	5	706
2006	6	823
2006	7	566
2006	8	482
2006	9	398
2006	10	71
2007	3	733
2007	4	720
2007	5	660
2007	6	575
2007	7	475
2007	8	491
2007	9	119
2007	10	27
2008	3	76
2008	4	421
2008	5	952
2008	6	995
2008	7	591
2008	8	548
2008	9	486
2008	10	39
2009	3	211
2009	4	686
2009	5	806
2009	6	748
2009	7	565
2009	8	511
2009	9	451
2009	10	69
2010	3	231
2010	4	712
2010	5	1038
2010	6	1496
2010	7	764
2010	8	850
2010	9	329
2010	10	126
2011	3	657
2011	4	917
2011	5	1054
2011	6	1484
2011	7	260
2011	8	388
2011	9	504
2011	10	349
2012	3	272
2012	4	497
2012	5	721
2012	6	971
2012	7	686
2012	8	552
2012	9	369
2012	10	60
2013	3	344
2013	4	625
2013	5	686
2013	6	796
2013	7	568
2013	8	523
2013	9	446
2013	10	70
2014	3	722
2014	4	355
2014	5	443
2014	6	1170
2014	7	785
2014	8	644
2014	9	331
2014	10	84
2015	3	185
2015	4	255
2015	5	533
2015	6	660
2015	7	561
2015	8	543
2015	9	113
