1940	1	0
1940	2	24
1940	3	140
1940	4	54
1940	5	14
1940	6	35
1940	7	0
1940	8	0
1940	9	0
1940	10	0
1940	11	0
1940	12	0
1941	1	0
1941	2	12
1941	3	43
1941	4	6
1941	5	15
1941	6	414
1941	7	45
1941	8	4
1941	9	278
1941	10	137
1941	11	66
1941	12	132
1942	1	161
1942	2	151
1942	3	590
1942	4	293
1942	5	1503
1942	6	3363
1942	7	498
1942	8	311
1942	9	140
1942	10	156
1942	11	171
1942	12	134
1943	1	80
1943	2	1241
1943	3	725
1943	4	1043
1943	5	971
1943	6	2951
1943	7	452
1943	8	107
1943	9	50
1943	10	70
1943	11	132
1943	12	111
1944	1	85
1944	2	80
1944	3	95
1944	4	111
1944	5	109
1944	6	3172
1944	7	1107
1944	8	268
1944	9	64
1944	10	81
1944	11	113
1944	12	119
1945	1	115
1945	2	210
1945	3	346
1945	4	111
1945	5	69
1945	6	761
1945	7	126
1945	8	26
1945	9	7
1945	10	5
1945	11	68
1945	12	44
1946	1	74
1946	2	184
1946	3	271
1946	4	201
1946	5	82
1946	6	282
1946	7	210
1946	8	19
1946	9	41
1946	10	74
1946	11	53
1946	12	134
1947	1	110
1947	2	133
1947	3	883
1947	4	615
1947	5	737
1947	6	591
1947	7	106
1947	8	55
1947	9	21
1947	10	35
1947	11	49
1947	12	119
1948	1	93
1948	2	101
1948	3	199
1948	4	279
1948	5	628
1948	6	2551
1948	7	1514
1948	8	180
1948	9	38
1948	10	36
1948	11	86
1948	12	75
1949	1	40
1949	2	51
1949	3	1033
1949	4	682
1949	5	612
1949	6	412
1949	7	116
1949	8	9
1949	9	31
1949	10	20
1949	11	48
1949	12	30
1950	1	17
1950	2	65
1950	3	532
1950	4	518
1950	5	720
1950	6	1245
1950	7	410
1950	8	143
1950	9	99
1950	10	73
1950	11	87
1950	12	248
1951	1	166
1951	2	144
1951	3	598
1951	4	533
1951	5	480
1951	6	561
1951	7	87
1951	8	108
1951	9	285
1951	10	196
1951	11	195
1951	12	132
1952	1	99
1952	2	141
1952	3	615
1952	4	1002
1952	5	1123
1952	6	435
1952	7	175
1952	8	56
1952	9	57
1952	10	20
1952	11	36
1952	12	51
1953	1	63
1953	2	61
1953	3	114
1953	4	41
1953	5	230
1953	6	1632
1953	7	92
1953	8	58
1953	9	17
1953	10	1
1953	11	15
1953	12	40
1954	1	17
1954	2	126
1954	3	68
1954	4	81
1954	5	134
1954	6	70
1954	7	1
1954	8	268
1954	9	19
1954	10	13
1954	11	35
1954	12	16
1955	1	10
1955	2	16
1955	3	36
1955	4	379
1955	5	92
1955	6	100
1955	7	48
1955	8	8
1955	9	6
1955	10	2
1955	11	9
1955	12	38
1956	1	38
1956	2	28
1956	3	378
1956	4	151
1956	5	417
1956	6	367
1956	7	56
1956	8	66
1956	9	28
1956	10	3
1956	11	36
1956	12	33
1957	1	21
1957	2	50
1957	3	100
1957	4	53
1957	5	295
1957	6	992
1957	7	280
1957	8	19
1957	9	150
1957	10	104
1957	11	155
1957	12	87
1958	1	95
1958	2	111
1958	3	153
1958	4	111
1958	5	69
1958	6	174
1958	7	113
1958	8	32
1958	9	60
1958	10	42
1958	11	57
1958	12	44
1959	1	35
1959	2	46
1959	3	1698
1959	4	191
1959	5	124
1959	6	469
1959	7	142
1959	8	46
1959	9	71
1959	10	57
1959	11	50
1959	12	64
1960	1	40
1960	2	81
1960	3	460
1960	4	126
1960	5	97
1960	6	54
1960	7	20
1960	8	41
1960	9	15
1960	10	11
1960	11	25
1960	12	25
1961	1	17
1961	2	36
1961	3	18
1961	4	22
1961	5	12
1961	6	9
1961	7	0
1961	8	0
1961	9	16
1961	10	1
1961	11	17
1961	12	5
1962	1	1
1962	2	31
1962	3	123
1962	4	47
1962	5	889
1962	6	1603
1962	7	433
1962	8	69
1962	9	69
1962	10	54
1962	11	80
1962	12	70
1963	1	21
1963	2	436
1963	3	177
1963	4	85
1963	5	217
1963	6	584
1963	7	104
1963	8	76
1963	9	74
1963	10	28
1963	11	43
1963	12	29
1964	1	20
1964	2	31
1964	3	49
1964	4	61
1964	5	483
1964	6	1874
1964	7	562
1964	8	262
1964	9	156
1964	10	62
1964	11	70
1964	12	49
1965	1	174
1965	2	659
1965	3	436
1965	4	929
1965	5	970
1965	6	814
1965	7	375
1965	8	130
1965	9	331
1965	10	252
1965	11	139
1965	12	123
1966	1	118
1966	2	96
1966	3	680
1966	4	361
1966	5	261
1966	6	86
1966	7	128
1966	8	72
1966	9	67
1966	10	67
1966	11	40
1966	12	44
1967	1	51
1967	2	73
1967	3	138
1967	4	128
1967	5	483
1967	6	4966
1967	7	1095
1967	8	194
1967	9	178
1967	10	133
1967	11	133
1967	12	82
1968	1	95
1968	2	231
1968	3	426
1968	4	323
1968	5	354
1968	6	2146
1968	7	486
1968	8	285
1968	9	181
1968	10	113
1968	11	206
1968	12	162
1969	1	120
1969	2	144
1969	3	1006
1969	4	818
1969	5	236
1969	6	393
1969	7	795
1969	8	89
1969	9	111
1969	10	101
1969	11	84
1969	12	69
1970	1	39
1970	2	112
1970	3	235
1970	4	172
1970	5	2795
1970	6	1620
1970	7	202
1970	8	106
1970	9	145
1970	10	96
1970	11	89
1970	12	81
1971	1	64
1971	2	1857
1971	3	638
1971	4	545
1971	5	527
1971	6	269
1971	7	122
1971	8	55
1971	9	196
1971	10	100
1971	11	95
1971	12	57
1972	1	65
1972	2	413
1972	3	1404
1972	4	228
1972	5	412
1972	6	473
1972	7	98
1972	8	276
1972	9	148
1972	10	100
1972	11	77
1972	12	35
1973	1	45
1973	2	87
1973	3	119
1973	4	285
1973	5	364
1973	6	138
1973	7	44
1973	8	14
1973	9	50
1973	10	47
1973	11	70
1973	12	62
1974	1	172
1974	2	128
1974	3	113
1974	4	102
1974	5	274
1974	6	658
1974	7	108
1974	8	131
1974	9	158
1974	10	78
1974	11	106
1974	12	79
1975	1	51
1975	2	81
1975	3	222
1975	4	1272
1975	5	3771
1975	6	3451
1975	7	2152
1975	8	465
1975	9	281
1975	10	303
1975	11	279
1975	12	251
1976	1	310
1976	2	325
1976	3	346
1976	4	312
1976	5	1673
1976	6	735
1976	7	239
1976	8	162
1976	9	173
1976	10	103
1976	11	133
1976	12	190
1977	1	118
1977	2	224
1977	3	171
1977	4	139
1977	5	124
1977	6	69
1977	7	23
1977	8	20
1977	9	71
1977	10	57
1977	11	42
1977	12	77
1978	1	63
1978	2	78
1978	3	4658
1978	4	1315
1978	5	2633
1978	6	1476
1978	7	1516
1978	8	289
1978	9	732
1978	10	293
1978	11	273
1978	12	277
1979	1	194
1979	2	224
1979	3	4466
1979	4	1917
1979	5	1526
1979	6	1192
1979	7	305
1979	8	225
1979	9	159
1979	10	120
1979	11	160
1979	12	155
1980	1	105
1980	2	162
1980	3	369
1980	4	236
1980	5	187
1980	6	973
1980	7	164
1980	8	169
1980	9	96
1980	10	153
1980	11	146
1980	12	56
1981	1	143
1981	2	218
1981	3	140
1981	4	56
1981	5	2363
1981	6	1764
1981	7	292
1981	8	215
1981	9	98
1981	10	91
1981	11	128
1981	12	104
1982	1	52
1982	2	633
1982	3	404
1982	4	516
1982	5	612
1982	6	2535
1982	7	904
1982	8	240
1982	9	289
1982	10	257
1982	11	161
1982	12	126
1983	1	219
1983	2	291
1983	3	220
1983	4	159
1983	5	297
1983	6	147
1983	7	64
1983	8	103
1983	9	110
1983	10	105
1983	11	89
1983	12	38
1984	1	370
1984	2	218
1984	3	152
1984	4	122
1984	5	112
1984	6	195
1984	7	13
1984	8	46
1984	9	150
1984	10	63
1984	11	48
1984	12	33
1985	1	18
1985	2	8
1985	3	95
1985	4	99
1985	5	16
1985	6	28
1985	7	0
1985	8	84
1985	9	17
1985	10	40
1985	11	23
1985	12	25
1986	1	97
1986	2	633
1986	3	308
1986	4	135
1986	5	851
1986	6	241
1986	7	113
1986	8	90
1986	9	787
1986	10	171
1986	11	77
1986	12	69
1987	1	40
1987	2	20
1987	3	112
1987	4	100
1987	5	229
1987	6	65
1987	7	137
1987	8	84
1987	9	38
1987	10	59
1987	11	69
1987	12	40
1988	1	27
1988	2	33
1988	3	93
1988	4	37
1988	5	251
1988	6	3
1988	7	0
1988	8	3
1988	9	0
1988	10	0
1988	11	7
1988	12	10
1989	1	8
1989	2	10
1989	3	608
1989	4	203
1989	5	305
1989	6	101
1989	7	4
1989	8	1
1989	9	31
1989	10	42
1989	11	47
1989	12	44
1990	1	50
1990	2	94
1990	3	103
1990	4	67
1990	5	248
1990	6	143
1990	7	5
1990	8	161
1990	9	30
1990	10	26
1990	11	33
1990	12	14
1991	1	5
1991	2	15
1991	3	44
1991	4	176
1991	5	948
1991	6	1610
1991	7	406
1991	8	138
1991	9	112
1991	10	57
1991	11	32
1991	12	52
1992	1	36
1992	2	56
1992	3	65
1992	4	35
1992	5	23
1992	6	266
1992	7	63
1992	8	30
1992	9	32
1992	10	50
1992	11	51
1992	12	33
1993	1	28
1993	2	39
1993	3	602
1993	4	101
1993	5	73
1993	6	218
1993	7	1752
1993	8	870
1993	9	634
1993	10	477
1993	11	336
1993	12	222
1994	1	144
1994	2	129
1994	3	1401
1994	4	271
1994	5	686
1994	6	385
1994	7	130
1994	8	35
1994	9	77
1994	10	102
1994	11	86
1994	12	66
1995	1	75
1995	2	56
1995	3	83
1995	4	84
1995	5	545
1995	6	1001
1995	7	361
1995	8	78
1995	9	146
1995	10	164
1995	11	137
1995	12	101
1996	1	76
1996	2	275
1996	3	168
1996	4	685
1996	5	1103
1996	6	943
1996	7	90
1996	8	58
1996	9	84
1996	10	71
1996	11	76
1996	12	86
1997	1	375
1997	2	251
1997	3	333
1997	4	342
1997	5	833
1997	6	3158
1997	7	1689
1997	8	371
1997	9	241
1997	10	156
1997	11	138
1997	12	117
1998	1	132
1998	2	171
1998	3	225
1998	4	168
1998	5	82
1998	6	406
1998	7	225
1998	8	113
1998	9	98
1998	10	91
1998	11	91
1998	12	71
1999	1	70
1999	2	89
1999	3	106
1999	4	72
1999	5	117
1999	6	143
1999	7	44
1999	8	74
1999	9	87
1999	10	64
1999	11	50
1999	12	27
2000	1	23
2000	2	34
2000	3	48
2000	4	25
2000	5	12
2000	6	25
2000	7	15
2000	8	1
2000	9	0
2000	10	11
2000	11	14
2000	12	4
2001	1	2
2001	2	1
2001	3	12
2001	4	7
2001	5	0
2001	6	99
2001	7	43
2001	8	7
2001	9	0
2001	10	0
2001	11	0
2001	12	0
2002	1	0
2002	2	0
2002	3	7
2002	4	7
2002	5	2
2002	6	75
2002	7	0
2002	8	2
2002	9	0
2002	10	0
2002	11	0
2002	12	0
2003	1	0
2003	2	0
2003	3	71
2003	4	0
2003	5	35
2003	6	48
2003	7	0
2003	8	0
2003	9	0
2003	10	0
2003	11	0
2003	12	0
2004	1	1
2004	2	2
2004	3	175
2004	4	2
2004	5	8
2004	6	11
2004	7	1
2004	8	1
2004	9	0
2004	10	1
2004	11	16
2004	12	3
2005	1	2
2005	2	6
2005	3	6
2005	4	20
2005	5	168
2005	6	395
2005	7	181
2005	8	20
2005	9	31
2005	10	94
2005	11	105
2005	12	29
2006	1	20
2006	2	23
2006	3	37
2006	4	297
2006	5	84
2006	6	117
2006	7	21
2006	8	25
2006	9	31
2006	10	78
2006	11	45
2006	12	20
2007	1	15
2007	2	18
2007	3	200
2007	4	83
2007	5	464
2007	6	788
2007	7	76
2007	8	21
2007	9	15
2007	10	38
2007	11	61
2007	12	44
2008	1	27
2008	2	33
2008	3	44
2008	4	10
2008	5	728
2008	6	1221
2008	7	144
2008	8	20
2008	9	90
2008	10	103
2008	11	60
2008	12	34
2009	1	30
2009	2	101
2009	3	231
2009	4	219
2009	5	511
2009	6	201
2009	7	166
2009	8	284
2009	9	188
2009	10	167
2009	11	133
2009	12	34
2010	1	39
2010	2	105
2010	3	627
2010	4	83
2010	5	189
2010	6	1196
2010	7	328
2010	8	151
2010	9	281
2010	10	104
2010	11	77
2010	12	157
2011	1	167
2011	2	798
2011	3	1148
2011	4	1060
2011	5	7638
2011	6	9876
2011	7	1790
2011	8	383
2011	9	274
2011	10	183
2011	11	282
2011	12	265
2012	1	261
2012	2	324
2012	3	387
2012	4	321
2012	5	253
2012	6	147
2012	7	43
2012	8	25
2012	9	17
2012	10	31
2012	11	41
2012	12	42
2013	1	43
2013	2	53
2013	3	61
2013	4	54
2013	5	280
2013	6	2144
2013	7	150
2013	8	123
2013	9	57
2013	10	106
2013	11	75
2013	12	67
2014	1	92
2014	2	186
2014	3	1725
2014	4	343
2014	5	664
2014	6	674
2014	7	150
2014	8	1693
2014	9	381
2014	10	228
2014	11	244
2014	12	260
2015	1	322
2015	2	499
2015	3	261
2015	4	125
2015	5	386
2015	6	1647
2015	7	172
2015	8	122
2015	9	89
