1941	6	2034
1941	7	395
1941	8	374
1941	9	402
1941	10	529
1941	11	376
1941	12	241
1942	1	151
1942	2	161
1942	3	264
1942	4	457
1942	5	1316
1942	6	1829
1942	7	662
1942	8	117
1942	9	166
1942	10	270
1942	11	286
1942	12	209
1943	1	187
1943	2	185
1943	3	257
1943	4	809
1943	5	1507
1943	6	2969
1943	7	1653
1943	8	361
1943	9	209
1943	10	233
1943	11	254
1943	12	196
1944	1	157
1944	2	156
1944	3	190
1944	4	492
1944	5	2129
1944	6	3836
1944	7	1260
1944	8	146
1944	9	134
1944	10	255
1944	11	237
1944	12	202
1945	1	194
1945	2	177
1945	3	247
1945	4	513
1945	5	1387
1945	6	2526
1945	7	1702
1945	8	487
1945	9	376
1945	10	393
1945	11	308
1945	12	301
1946	1	200
1946	2	199
1946	3	256
1946	4	505
1946	5	722
1946	6	1830
1946	7	491
1946	8	107
1946	9	209
1946	10	355
1946	11	304
1946	12	225
1947	1	202
1947	2	203
1947	3	280
1947	4	319
1947	5	1837
1947	6	3953
1947	7	2391
1947	8	537
1947	9	329
1947	10	492
1947	11	383
1947	12	217
1948	1	232
1948	2	223
1948	3	323
1948	4	410
1948	5	1225
1948	6	1625
1948	7	356
1948	8	120
1948	9	111
1948	10	182
1948	11	223
1948	12	175
1949	1	138
1949	2	150
1949	3	278
1949	4	411
1949	5	1490
1949	6	2539
1949	7	742
1949	8	150
1949	9	162
1949	10	308
1949	11	296
1949	12	211
1950	1	163
1950	2	223
1950	3	231
1950	4	330
1950	5	877
1950	6	3319
1950	7	1963
1950	8	380
1950	9	549
1950	10	531
1950	11	411
1950	12	294
1951	1	190
1951	2	221
1951	3	240
1951	4	298
1951	5	1357
1951	6	2445
1951	7	1314
1951	8	516
1951	9	300
1951	10	389
1951	11	312
1951	12	236
1952	1	202
1952	2	210
1952	3	255
1952	4	503
1952	5	2158
1952	6	3340
1952	7	1036
1952	8	278
1952	9	137
1952	10	206
1952	11	213
1952	12	200
1953	1	211
1953	2	226
1953	3	256
1953	4	295
1953	5	529
1953	6	2033
1953	7	453
1953	8	204
1953	9	113
1953	10	163
1953	11	223
1953	12	217
1954	1	198
1954	2	223
1954	3	235
1954	4	307
1954	5	1376
1954	6	1039
1954	7	815
1954	8	146
1954	9	98
1954	10	178
1954	11	200
1954	12	170
1955	1	134
1955	2	160
1955	3	249
1955	4	313
1955	5	682
1955	6	1312
1955	7	315
1955	8	119
1955	9	90
1955	10	159
1955	11	208
1955	12	194
1956	1	184
1956	2	137
1956	3	218
1956	4	284
1956	5	1547
1956	6	2916
1956	7	556
1956	8	217
1956	9	118
1956	10	174
1956	11	202
1956	12	162
1957	1	145
1957	2	168
1957	3	208
1957	4	402
1957	5	1207
1957	6	4399
1957	7	2154
1957	8	309
1957	9	370
1957	10	412
1957	11	293
1957	12	231
1958	1	201
1958	2	228
1958	3	266
1958	4	313
1958	5	2351
1958	6	1293
1958	7	240
1958	8	135
1958	9	109
1958	10	169
1958	11	186
1958	12	129
1959	1	130
1959	2	123
1959	3	267
1959	4	272
1959	5	456
1959	6	1558
1959	7	286
1959	8	99
1959	9	90
1959	10	263
1959	11	224
1959	12	209
1960	1	177
1960	2	182
1960	3	288
1960	4	296
1960	5	241
1960	6	666
1960	7	124
1960	8	58
1960	9	101
1960	10	307
1960	11	247
1960	12	150
1961	1	95
1961	2	158
1961	3	206
1961	4	167
1961	5	741
1961	6	1609
1961	7	117
1961	8	60
1961	9	214
1961	10	328
1961	11	215
1961	12	137
1962	1	143
1962	2	727
1962	3	264
1962	4	522
1962	5	1198
1962	6	2655
1962	7	1038
1962	8	267
1962	9	249
1962	10	271
1962	11	209
1962	12	172
1963	1	126
1963	2	167
1963	3	199
1963	4	225
1963	5	645
1963	6	3323
1963	7	812
1963	8	224
1963	9	342
1963	10	297
1963	11	330
1963	12	196
1964	1	165
1964	2	183
1964	3	234
1964	4	256
1964	5	837
1964	6	2616
1964	7	993
1964	8	122
1964	9	118
1964	10	183
1964	11	176
1964	12	191
1965	1	212
1965	2	200
1965	3	219
1965	4	288
1965	5	727
1965	6	4283
1965	7	2455
1965	8	698
1965	9	509
1965	10	461
1965	11	319
1965	12	222
1966	1	207
1966	2	198
1966	3	244
1966	4	301
1966	5	529
1966	6	643
1966	7	203
1966	8	117
1966	9	219
1966	10	354
1966	11	298
1966	12	208
1967	1	193
1967	2	206
1967	3	257
1967	4	209
1967	5	1145
1967	6	4181
1967	7	2831
1967	8	278
1967	9	285
1967	10	461
1967	11	352
1967	12	192
1968	1	189
1968	2	176
1968	3	356
1968	4	286
1968	5	719
1968	6	3051
1968	7	715
1968	8	455
1968	9	363
1968	10	362
1968	11	290
1968	12	206
1969	1	189
1969	2	242
1969	3	261
1969	4	342
1969	5	1504
1969	6	2863
1969	7	890
1969	8	160
1969	9	143
1969	10	262
1969	11	241
1969	12	197
1970	1	166
1970	2	212
1970	3	219
1970	4	300
1970	5	977
1970	6	2325
1970	7	618
1970	8	137
1970	9	211
1970	10	249
1970	11	257
1970	12	188
1971	1	199
1971	2	242
1971	3	252
1971	4	332
1971	5	1217
1971	6	4747
1971	7	1525
1971	8	315
1971	9	404
1971	10	518
1971	11	405
1971	12	285
1972	1	263
1972	2	346
1972	3	395
1972	4	314
1972	5	1110
1972	6	3233
1972	7	886
1972	8	314
1972	9	319
1972	10	448
1972	11	380
1972	12	203
1973	1	191
1973	2	167
1973	3	307
1973	4	1043
1973	5	2130
1973	6	1947
1973	7	975
1973	8	294
1973	9	1323
1973	10	615
1973	11	501
1973	12	351
1974	1	302
1974	2	400
1974	3	427
1974	4	529
1974	5	1240
1974	6	2729
1974	7	787
1974	8	272
1974	9	260
1974	10	327
1974	11	279
1974	12	253
1975	1	277
1975	2	182
1975	3	253
1975	4	240
1975	5	628
1975	6	2243
1975	7	2355
1975	8	288
1975	9	217
1975	10	303
1975	11	247
1975	12	233
1976	1	169
1976	2	199
1976	3	252
1976	4	255
1976	5	799
1976	6	1668
1976	7	880
1976	8	404
1976	9	208
1976	10	367
1976	11	243
1976	12	171
1977	1	134
1977	2	177
1977	3	191
1977	4	364
1977	5	373
1977	6	288
1977	7	249
1977	8	154
1977	9	130
1977	10	220
1977	11	228
1977	12	196
1978	1	132
1978	2	132
1978	3	239
1978	4	167
1978	5	1102
1978	6	2911
1978	7	1492
1978	8	350
1978	9	286
1978	10	289
1978	11	231
1978	12	219
1979	1	159
1979	2	209
1979	3	299
1979	4	293
1979	5	1296
1979	6	1183
1979	7	396
1979	8	434
1979	9	258
1979	10	240
1979	11	215
1979	12	165
1980	1	193
1980	2	207
1980	3	258
1980	4	446
1980	5	1956
1980	6	2882
1980	7	1241
1980	8	220
1980	9	246
1980	10	292
1980	11	265
1980	12	247
1981	1	182
1981	2	172
1981	3	216
1981	4	269
1981	5	848
1981	6	1738
1981	7	361
1981	8	173
1981	9	152
1981	10	215
1981	11	240
1981	12	227
1982	1	193
1982	2	224
1982	3	225
1982	4	188
1982	5	316
1982	6	1621
1982	7	1678
1982	8	540
1982	9	552
1982	10	728
1982	11	366
1982	12	246
1983	1	231
1983	2	256
1983	3	299
1983	4	547
1983	5	1479
1983	6	5109
1983	7	2235
1983	8	428
1983	9	321
1983	10	430
1983	11	342
1983	12	256
1984	1	247
1984	2	241
1984	3	360
1984	4	435
1984	5	1841
1984	6	1870
1984	7	1037
1984	8	369
1984	9	397
1984	10	423
1984	11	360
1984	12	211
1985	1	190
1985	2	169
1985	3	235
1985	4	279
1985	5	670
1985	6	832
1985	7	383
1985	8	170
1985	9	216
1985	10	305
1985	11	259
1985	12	253
1986	1	211
1986	2	251
1986	3	324
1986	4	508
1986	5	1087
1986	6	4768
1986	7	1720
1986	8	413
1986	9	335
1986	10	443
1986	11	317
1986	12	232
1987	1	177
1987	2	187
1987	3	393
1987	4	721
1987	5	1571
1987	6	1131
1987	7	548
1987	8	231
1987	9	286
1987	10	240
1987	11	252
1987	12	209
1988	1	188
1988	2	234
1988	3	283
1988	4	353
1988	5	795
1988	6	576
1988	7	137
1988	8	78
1988	9	82
1988	10	115
1988	11	174
1988	12	168
1989	1	129
1989	2	128
1989	3	181
1989	4	148
1989	5	332
1989	6	1753
1989	7	831
1989	8	192
1989	9	277
1989	10	295
1989	11	290
1989	12	186
1990	1	203
1990	2	186
1990	3	182
1990	4	350
1990	5	276
1990	6	1072
1990	7	525
1990	8	185
1990	9	210
1990	10	288
1990	11	279
1990	12	147
1991	1	157
1991	2	184
1991	3	270
1991	4	257
1991	5	1535
1991	6	4640
1991	7	655
1991	8	186
1991	9	244
1991	10	218
1991	11	300
1991	12	234
1992	1	199
1992	2	246
1992	3	271
1992	4	239
1992	5	478
1992	6	649
1992	7	684
1992	8	159
1992	9	157
1992	10	199
1992	11	229
1992	12	176
1993	1	161
1993	2	156
1993	3	287
1993	4	303
1993	5	1352
1993	6	2328
1993	7	766
1993	8	463
1993	9	248
1993	10	285
1993	11	284
1993	12	211
1994	1	203
1994	2	152
1994	3	315
1994	4	463
1994	5	957
1994	6	437
1994	7	110
1994	8	105
1994	9	82
1994	10	319
1994	11	266
1994	12	201
1995	1	194
1995	2	218
1995	3	283
1995	4	254
1995	5	1058
1995	6	4794
1995	7	3345
1995	8	425
1995	9	267
1995	10	450
1995	11	391
1995	12	270
1996	1	218
1996	2	275
1996	3	275
1996	4	408
1996	5	887
1996	6	2517
1996	7	870
1996	8	194
1996	9	218
1996	10	295
1996	11	303
1996	12	265
1997	1	256
1997	2	233
1997	3	270
1997	4	331
1997	5	1455
1997	6	3353
1997	7	738
1997	8	546
1997	9	342
1997	10	359
1997	11	330
1997	12	208
1998	1	203
1998	2	217
1998	3	579
1998	4	547
1998	5	1147
1998	6	2529
1998	7	2085
1998	8	601
1998	9	388
1998	10	596
1998	11	468
1998	12	293
1999	1	247
1999	2	250
1999	3	259
1999	4	731
1999	5	2294
1999	6	4382
1999	7	1594
1999	8	353
1999	9	374
1999	10	390
1999	11	310
1999	12	236
2000	1	230
2000	2	220
2000	3	243
2000	4	293
2000	5	1031
2000	6	1089
2000	7	173
2000	8	84
2000	9	108
2000	10	218
2000	11	193
2000	12	160
2001	1	137
2001	2	130
2001	3	177
2001	4	194
2001	5	504
2001	6	233
2001	7	84
2001	8	22
2001	9	32
2001	10	73
2001	11	122
2001	12	155
2002	1	118
2002	2	132
2002	3	223
2002	4	178
2002	5	203
2002	6	740
2002	7	148
2002	8	45
2002	9	35
2002	10	134
2002	11	174
2002	12	154
2003	1	154
2003	2	151
2003	3	220
2003	4	249
2003	5	569
2003	6	861
2003	7	253
2003	8	51
2003	9	124
2003	10	134
2003	11	165
2003	12	150
2004	1	134
2004	2	163
2004	3	313
2004	4	380
2004	5	1006
2004	6	1590
2004	7	1223
2004	8	340
2004	9	348
2004	10	530
2004	11	433
2004	12	236
2005	1	242
2005	2	266
2005	3	237
2005	4	318
2005	5	1884
2005	6	2271
2005	7	817
2005	8	251
2005	9	121
2005	10	277
2005	11	245
2005	12	202
2006	1	197
2006	2	224
2006	3	225
2006	4	223
2006	5	668
2006	6	642
2006	7	147
2006	8	61
2006	9	106
2006	10	289
2006	11	276
2006	12	221
2007	1	187
2007	2	183
2007	3	233
2007	4	276
2007	5	1004
2007	6	738
2007	7	176
2007	8	180
2007	9	90
2007	10	228
2007	11	202
2007	12	135
2008	1	131
2008	2	156
2008	3	203
2008	4	143
2008	5	1025
2008	6	2174
2008	7	907
2008	8	164
2008	9	169
2008	10	259
2008	11	261
2008	12	195
2009	1	173
2009	2	200
2009	3	195
2009	4	409
2009	5	1388
2009	6	3011
2009	7	1099
2009	8	249
2009	9	137
2009	10	354
2009	11	257
2009	12	205
2010	1	173
2010	2	167
2010	3	307
2010	4	642
2010	5	1571
2010	6	5182
2010	7	1210
2010	8	222
2010	9	141
2010	10	197
2010	11	248
2010	12	266
2011	1	206
2011	2	195
2011	3	205
2011	4	204
2011	5	675
2011	6	2860
2011	7	2612
2011	8	327
2011	9	188
2011	10	266
2011	11	239
2011	12	152
2012	1	196
2012	2	244
2012	3	273
2012	4	342
2012	5	493
2012	6	593
2012	7	102
2012	8	55
2012	9	47
2012	10	114
2012	11	176
2012	12	179
2013	1	111
2013	2	114
2013	3	158
2013	4	143
2013	5	764
2013	6	587
2013	7	151
2013	8	54
2013	9	189
2013	10	507
2013	11	258
2013	12	215
2014	1	156
2014	2	175
2014	3	240
2014	4	320
2014	5	1023
2014	6	1333
2014	7	596
2014	8	218
2014	9	214
2014	10	395
2014	11	273
2014	12	253
2015	1	241
2015	2	214
2015	3	252
2015	4	264
2015	5	1401
2015	6	2538
2015	7	389
2015	8	105
2015	9	80
