1940	1	2322
1940	2	3596
1940	3	4926
1940	4	5264
1940	5	13006
1940	6	25010
1940	7	8394
1940	8	2718
1940	9	3300
1940	10	7804
1940	11	5034
1940	12	5145
1941	1	3572
1941	2	4007
1941	3	5123
1941	4	5630
1941	5	15413
1941	6	25563
1941	7	9234
1941	8	8362
1941	9	13713
1941	10	12922
1941	11	9154
1941	12	6744
1942	1	4598
1942	2	5096
1942	3	9364
1942	4	11475
1942	5	22474
1942	6	40583
1942	7	21370
1942	8	6362
1942	9	5871
1942	10	7028
1942	11	6788
1942	12	5374
1943	1	4177
1943	2	9607
1943	3	13670
1943	4	15210
1943	5	18454
1943	6	56106
1943	7	42325
1943	8	12752
1943	9	8415
1943	10	6947
1943	11	7254
1943	12	5442
1944	1	4247
1944	2	4015
1944	3	8786
1944	4	7166
1944	5	19021
1944	6	58573
1944	7	31045
1944	8	7335
1944	9	6822
1944	10	6860
1944	11	6729
1944	12	3944
1945	1	5100
1945	2	5203
1945	3	8350
1945	4	5995
1945	5	12716
1945	6	40163
1945	7	32600
1945	8	10577
1945	9	8651
1945	10	8857
1945	11	7228
1945	12	4665
1946	1	5929
1946	2	5735
1946	3	7904
1946	4	9284
1946	5	15196
1946	6	34473
1946	7	16701
1946	8	5468
1946	9	8578
1946	10	8682
1946	11	7002
1946	12	5039
1947	1	3029
1947	2	3475
1947	3	8735
1947	4	9581
1947	5	26990
1947	6	41223
1947	7	31325
1947	8	10402
1947	9	7298
1947	10	8958
1947	11	7819
1947	12	6020
1948	1	4816
1948	2	5703
1948	3	10160
1948	4	9203
1948	5	21157
1948	6	54110
1948	7	21914
1948	8	7634
1948	9	5260
1948	10	6511
1948	11	6775
1948	12	3400
1949	1	2967
1949	2	4264
1949	3	10458
1949	4	8854
1949	5	20734
1949	6	35246
1949	7	14841
1949	8	4607
1949	9	6286
1949	10	7676
1949	11	7222
1949	12	4019
1950	1	3406
1950	2	5039
1950	3	10193
1950	4	9721
1950	5	12768
1950	6	38436
1950	7	32067
1950	8	11779
1950	9	9181
1950	10	10697
1950	11	8566
1950	12	7067
1951	1	4990
1951	2	6023
1951	3	9377
1951	4	9553
1951	5	20374
1951	6	35183
1951	7	28612
1951	8	16016
1951	9	9705
1951	10	8930
1951	11	7920
1951	12	5486
1952	1	5077
1952	2	5348
1952	3	8580
1952	4	12009
1952	5	26422
1952	6	33706
1952	7	16458
1952	8	8835
1952	9	6397
1952	10	6787
1952	11	6010
1952	12	4983
1953	1	5837
1953	2	5560
1953	3	6116
1953	4	5847
1953	5	8947
1953	6	33946
1953	7	16053
1953	8	7230
1953	9	5017
1953	10	5850
1953	11	6803
1953	12	5905
1954	1	3980
1954	2	5476
1954	3	4572
1954	4	5858
1954	5	17828
1954	6	21696
1954	7	20229
1954	8	7370
1954	9	5073
1954	10	6193
1954	11	6381
1954	12	5596
1955	1	4427
1955	2	4548
1955	3	5116
1955	4	10046
1955	5	13143
1955	6	26920
1955	7	13140
1955	8	5230
1955	9	4086
1955	10	5581
1955	11	5072
1955	12	6088
1956	1	5954
1956	2	6155
1956	3	9976
1956	4	8915
1956	5	22490
1956	6	41573
1956	7	15223
1956	8	7356
1956	9	6703
1956	10	6782
1956	11	8147
1956	12	5876
1957	1	3839
1957	2	5010
1957	3	6634
1957	4	6897
1957	5	20569
1957	6	53626
1957	7	30867
1957	8	7889
1957	9	8608
1957	10	8774
1957	11	8804
1957	12	6787
1958	1	6537
1958	2	6862
1958	3	6853
1958	4	5877
1958	5	19232
1958	6	27666
1958	7	11666
1958	8	7536
1958	9	6657
1958	10	7350
1958	11	7368
1958	12	6387
1959	1	5312
1959	2	4358
1959	3	11314
1959	4	6650
1959	5	10705
1959	6	35690
1959	7	17108
1959	8	5849
1959	9	5560
1959	10	8046
1959	11	6850
1959	12	6470
1960	1	4145
1960	2	5231
1960	3	8483
1960	4	6075
1960	5	7866
1960	6	21573
1960	7	6428
1960	8	4490
1960	9	4012
1960	10	4896
1960	11	4894
1960	12	3429
1961	1	4027
1961	2	4626
1961	3	4103
1961	4	2729
1961	5	7333
1961	6	21825
1961	7	5787
1961	8	2615
1961	9	8193
1961	10	8689
1961	11	8078
1961	12	4965
1962	1	4490
1962	2	9193
1962	3	9939
1962	4	10749
1962	5	18071
1962	6	39730
1962	7	22619
1962	8	9730
1962	9	8754
1962	10	8396
1962	11	7091
1962	12	5890
1963	1	4439
1963	2	8723
1963	3	6370
1963	4	5977
1963	5	17438
1963	6	45783
1963	7	17756
1963	8	5325
1963	9	7389
1963	10	6538
1963	11	7048
1963	12	5322
1964	1	5883
1964	2	5420
1964	3	5167
1964	4	8383
1964	5	18457
1964	6	42413
1964	7	29722
1964	8	8738
1964	9	7543
1964	10	6739
1964	11	6862
1964	12	5836
1965	1	7180
1965	2	7800
1965	3	8277
1965	4	13275
1965	5	16735
1965	6	46636
1965	7	40038
1965	8	14449
1965	9	11781
1965	10	11466
1965	11	6200
1965	12	6203
1966	1	4964
1966	2	5146
1966	3	7294
1966	4	5777
1966	5	12413
1966	6	18413
1966	7	9068
1966	8	4390
1966	9	4365
1966	10	5417
1966	11	5507
1966	12	5329
1967	1	5438
1967	2	6046
1967	3	6939
1967	4	5959
1967	5	13573
1967	6	52346
1967	7	46306
1967	8	10882
1967	9	8022
1967	10	8671
1967	11	8561
1967	12	7892
1968	1	8896
1968	2	10724
1968	3	10377
1968	4	8449
1968	5	12310
1968	6	46790
1968	7	23506
1968	8	12683
1968	9	11940
1968	10	10088
1968	11	9187
1968	12	6672
1969	1	7000
1969	2	7564
1969	3	13219
1969	4	10971
1969	5	19825
1969	6	27430
1969	7	23390
1969	8	8095
1969	9	6599
1969	10	8089
1969	11	7470
1969	12	7241
1970	1	7083
1970	2	8585
1970	3	6874
1970	4	6059
1970	5	22383
1970	6	45656
1970	7	26719
1970	8	7820
1970	9	8050
1970	10	8455
1970	11	8002
1970	12	6979
1971	1	7783
1971	2	16164
1971	3	13083
1971	4	13166
1971	5	21667
1971	6	45846
1971	7	27851
1971	8	10558
1971	9	10102
1971	10	12965
1971	11	10078
1971	12	7409
1972	1	6419
1972	2	8879
1972	3	17561
1972	4	12586
1972	5	18554
1972	6	41413
1972	7	19393
1972	8	11521
1972	9	10089
1972	10	11382
1972	11	10852
1972	12	6165
1973	1	7664
1973	2	8178
1973	3	8152
1973	4	9443
1973	5	22283
1973	6	29416
1973	7	13937
1973	8	7155
1973	9	11276
1973	10	10056
1973	11	10711
1973	12	7123
1974	1	6518
1974	2	7558
1974	3	8437
1974	4	11060
1974	5	15364
1974	6	50183
1974	7	31058
1974	8	11296
1974	9	8814
1974	10	8759
1974	11	9475
1974	12	7230
1975	1	7316
1975	2	6735
1975	3	10210
1975	4	10815
1975	5	25722
1975	6	41893
1975	7	45283
1975	8	16225
1975	9	9164
1975	10	8935
1975	11	9389
1975	12	9124
1976	1	8287
1976	2	10016
1976	3	9423
1976	4	11387
1976	5	27958
1976	6	37840
1976	7	23238
1976	8	11117
1976	9	8354
1976	10	9210
1976	11	9059
1976	12	7692
1977	1	4879
1977	2	7349
1977	3	5654
1977	4	6969
1977	5	10609
1977	6	17616
1977	7	6600
1977	8	4638
1977	9	5553
1977	10	6095
1977	11	4742
1977	12	5421
1978	1	5345
1978	2	7039
1978	3	12829
1978	4	11097
1978	5	29100
1978	6	42223
1978	7	35525
1978	8	14909
1978	9	12403
1978	10	10650
1978	11	8733
1978	12	8032
1979	1	5990
1979	2	6814
1979	3	17674
1979	4	12220
1979	5	16270
1979	6	26083
1979	7	15596
1979	8	8508
1979	9	6516
1979	10	6116
1979	11	6188
1979	12	6854
1980	1	5544
1980	2	7568
1980	3	8783
1980	4	9862
1980	5	17896
1980	6	24873
1980	7	14765
1980	8	6922
1980	9	9019
1980	10	9656
1980	11	7638
1980	12	6686
1981	1	6592
1981	2	6125
1981	3	5027
1981	4	4250
1981	5	20781
1981	6	38670
1981	7	15661
1981	8	5695
1981	9	4805
1981	10	6968
1981	11	7444
1981	12	7074
1982	1	5322
1982	2	8731
1982	3	8112
1982	4	8254
1982	5	12947
1982	6	32343
1982	7	34754
1982	8	13532
1982	9	10581
1982	10	11287
1982	11	10716
1982	12	9341
1983	1	8524
1983	2	8440
1983	3	8070
1983	4	7735
1983	5	12577
1983	6	29046
1983	7	26438
1983	8	10832
1983	9	8910
1983	10	11034
1983	11	10417
1983	12	6338
1984	1	7990
1984	2	7442
1984	3	7274
1984	4	7961
1984	5	19632
1984	6	32180
1984	7	23393
1984	8	10804
1984	9	8536
1984	10	10070
1984	11	9900
1984	12	5225
1985	1	5758
1985	2	6603
1985	3	10082
1985	4	8392
1985	5	12003
1985	6	16326
1985	7	7113
1985	8	7183
1985	9	6397
1985	10	7232
1985	11	5595
1985	12	6100
1986	1	5474
1986	2	6007
1986	3	9486
1986	4	10248
1986	5	17725
1986	6	39493
1986	7	19732
1986	8	8927
1986	9	13081
1986	10	10260
1986	11	9386
1986	12	7525
1987	1	6440
1987	2	6216
1987	3	6093
1987	4	7132
1987	5	13450
1987	6	14540
1987	7	9603
1987	8	6948
1987	9	6594
1987	10	5876
1987	11	6904
1987	12	5889
1988	1	5064
1988	2	5913
1988	3	6221
1988	4	5796
1988	5	17637
1988	6	19783
1988	7	6061
1988	8	3234
1988	9	4208
1988	10	4216
1988	11	4740
1988	12	4442
1989	1	4332
1989	2	4053
1989	3	7856
1989	4	8722
1989	5	18680
1989	6	23966
1989	7	13128
1989	8	6389
1989	9	5569
1989	10	6095
1989	11	7095
1989	12	6712
1990	1	6932
1990	2	6514
1990	3	7296
1990	4	10105
1990	5	12890
1990	6	25643
1990	7	15626
1990	8	7208
1990	9	5602
1990	10	6767
1990	11	6898
1990	12	5631
1991	1	6290
1991	2	7028
1991	3	5703
1991	4	7576
1991	5	21282
1991	6	43346
1991	7	17892
1991	8	5873
1991	9	7891
1991	10	7974
1991	11	7920
1991	12	7511
1992	1	6601
1992	2	5997
1992	3	5592
1992	4	7166
1992	5	16377
1992	6	21643
1992	7	17822
1992	8	7050
1992	9	6479
1992	10	6620
1992	11	7051
1992	12	5841
1993	1	5258
1993	2	3932
1993	3	7370
1993	4	6365
1993	5	20994
1993	6	29686
1993	7	27109
1993	8	12141
1993	9	8094
1993	10	9605
1993	11	7994
1993	12	7232
1994	1	5732
1994	2	4878
1994	3	10735
1994	4	8771
1994	5	19358
1994	6	15992
1994	7	7291
1994	8	3841
1994	9	4154
1994	10	5809
1994	11	5398
1994	12	5123
1995	1	4600
1995	2	5703
1995	3	5700
1995	4	6386
1995	5	19163
1995	6	40296
1995	7	33070
1995	8	10556
1995	9	9139
1995	10	9594
1995	11	7970
1995	12	7853
1996	1	6245
1996	2	10650
1996	3	10729
1996	4	14686
1996	5	22635
1996	6	50653
1996	7	25000
1996	8	8289
1996	9	6980
1996	10	7510
1996	11	7142
1996	12	6205
1997	1	7038
1997	2	11089
1997	3	11760
1997	4	14026
1997	5	27880
1997	6	61856
1997	7	27777
1997	8	16535
1997	9	11020
1997	10	10690
1997	11	9040
1997	12	7212
1998	1	6988
1998	2	8365
1998	3	7845
1998	4	9276
1998	5	13463
1998	6	22876
1998	7	23558
1998	8	11469
1998	9	8325
1998	10	9152
1998	11	7720
1998	12	6705
1999	1	7645
1999	2	7787
1999	3	7768
1999	4	7850
1999	5	17938
1999	6	38836
1999	7	21580
1999	8	10683
1999	9	8970
1999	10	8176
1999	11	6995
1999	12	6362
2000	1	5112
2000	2	5069
2000	3	5955
2000	4	6490
2000	5	14163
2000	6	22466
2000	7	9921
2000	8	4913
2000	9	4991
2000	10	6277
2000	11	5365
2000	12	4287
2001	1	4677
2001	2	4228
2001	3	5168
2001	4	5152
2001	5	10794
2001	6	14006
2001	7	7394
2001	8	3028
2001	9	3659
2001	10	4270
2001	11	4727
2001	12	4074
2002	1	3777
2002	2	3896
2002	3	3027
2002	4	4956
2002	5	10147
2002	6	26566
2002	7	10793
2002	8	4793
2002	9	4199
2002	10	4467
2002	11	4212
2002	12	3637
2003	1	3610
2003	2	3957
2003	3	7293
2003	4	5775
2003	5	12918
2003	6	29163
2003	7	9712
2003	8	3663
2003	9	3541
2003	10	3856
2003	11	4367
2003	12	4503
2004	1	3861
2004	2	4237
2004	3	5118
2004	4	5597
2004	5	7515
2004	6	16270
2004	7	10832
2004	8	4050
2004	9	4863
2004	10	5744
2004	11	5566
2004	12	5023
2005	1	4487
2005	2	4177
2005	3	3789
2005	4	4779
2005	5	17918
2005	6	25686
2005	7	14187
2005	8	5383
2005	9	4785
2005	10	7071
2005	11	6899
2005	12	6190
2006	1	5934
2006	2	5245
2006	3	5507
2006	4	7757
2006	5	18362
2006	6	21646
2006	7	8681
2006	8	3608
2006	9	3988
2006	10	6159
2006	11	5850
2006	12	5090
2007	1	4922
2007	2	5110
2007	3	5836
2007	4	7340
2007	5	19345
2007	6	21626
2007	7	5570
2007	8	3887
2007	9	4188
2007	10	5493
2007	11	5565
2007	12	5151
2008	1	4825
2008	2	4851
2008	3	4737
2008	4	4708
2008	5	16150
2008	6	42733
2008	7	31609
2008	8	9046
2008	9	8288
2008	10	8207
2008	11	7547
2008	12	5974
2009	1	5732
2009	2	5639
2009	3	6423
2009	4	10156
2009	5	22300
2009	6	41160
2009	7	24961
2009	8	10249
2009	9	7230
2009	10	8770
2009	11	8046
2009	12	6078
2010	1	5793
2010	2	5570
2010	3	5818
2010	4	6375
2010	5	14046
2010	6	41440
2010	7	22516
2010	8	8506
2010	9	8869
2010	10	7378
2010	11	6761
2010	12	6438
2011	1	5929
2011	2	6296
2011	3	8897
2011	4	10674
2011	5	37929
2011	6	63030
2011	7	54793
2011	8	18435
2011	9	9856
2011	10	9464
2011	11	8500
2011	12	7320
2012	1	6747
2012	2	7459
2012	3	7250
2012	4	9002
2012	5	15278
2012	6	25293
2012	7	11216
2012	8	4644
2012	9	3625
2012	10	4640
2012	11	4951
2012	12	4604
2013	1	4515
2013	2	4640
2013	3	4617
2013	4	4726
2013	5	15394
2013	6	24653
2013	7	9964
2013	8	4295
2013	9	5810
2013	10	8105
2013	11	6887
2013	12	6462
2014	1	6738
2014	2	6296
2014	3	12958
2014	4	16456
2014	5	32387
2014	6	44083
2014	7	26129
2014	8	10203
2014	9	11310
2014	10	10300
2014	11	8067
2014	12	7313
2015	1	7238
2015	2	7138
2015	3	7138
2015	4	7971
2015	5	17401
2015	6	39283
2015	7	10780
2015	8	5235
2015	9	4840
