1940	7	577
1940	8	740
1940	9	770
1940	10	936
1940	11	1018
1940	12	1330
1941	1	905
1941	2	1244
1941	3	1568
1941	4	1451
1941	5	1019
1941	6	1108
1941	7	981
1941	8	790
1941	9	901
1941	10	1169
1941	11	1122
1941	12	988
1942	1	1019
1942	2	1209
1942	3	1712
1942	4	1594
1942	5	4052
1942	6	1830
1942	7	1010
1942	8	930
1942	9	1044
1942	10	1114
1942	11	1122
1942	12	1049
1943	1	812
1943	2	1561
1943	3	1643
1943	4	1453
1943	5	1179
1943	6	1702
1943	7	876
1943	8	764
1943	9	810
1943	10	1009
1943	11	1150
1943	12	893
1944	1	1081
1944	2	1125
1944	3	2113
1944	4	2257
1944	5	1724
1944	6	2711
1944	7	1653
1944	8	1237
1944	9	966
1944	10	1220
1944	11	1329
1944	12	1039
1945	1	1369
1945	2	1753
1945	3	2554
1945	4	1714
1945	5	1380
1945	6	2112
1945	7	1070
1945	8	1339
1945	9	993
1945	10	1179
1945	11	1193
1945	12	770
1946	1	1281
1946	2	1613
1946	3	1970
1946	4	1247
1946	5	1324
1946	6	1105
1946	7	933
1946	8	871
1946	9	1431
1946	10	1864
1946	11	1439
1946	12	1123
1947	1	1189
1947	2	1446
1947	3	2060
1947	4	1947
1947	5	1379
1947	6	2680
1947	7	1239
1947	8	794
1947	9	993
1947	10	1073
1947	11	1348
1947	12	1204
1948	1	884
1948	2	1289
1948	3	1939
1948	4	1362
1948	5	1200
1948	6	1443
1948	7	1055
1948	8	1063
1948	9	863
1948	10	1128
1948	11	1261
1948	12	898
1949	1	952
1949	2	1173
1949	3	3412
1949	4	2049
1949	5	1761
1949	6	1385
1949	7	930
1949	8	903
1949	9	1051
1949	10	1612
1949	11	1236
1949	12	737
1950	1	769
1950	2	839
1950	3	3940
1950	4	2724
1950	5	1974
1950	6	1276
1950	7	1427
1950	8	1700
1950	9	1491
1950	10	1501
1950	11	1231
1950	12	1242
1951	1	1093
1951	2	1737
1951	3	2006
1951	4	1802
1951	5	2109
1951	6	3074
1951	7	1933
1951	8	2166
1951	9	2142
1951	10	1622
1951	11	1701
1951	12	1361
1952	1	1347
1952	2	2405
1952	3	2825
1952	4	2794
1952	5	2622
1952	6	1506
1952	7	1268
1952	8	1383
1952	9	1035
1952	10	1203
1952	11	1171
1952	12	1246
1953	1	1446
1953	2	1516
1953	3	3596
1953	4	2333
1953	5	2933
1953	6	1726
1953	7	1193
1953	8	1314
1953	9	976
1953	10	1354
1953	11	1443
1953	12	1285
1954	1	1627
1954	2	2302
1954	3	2157
1954	4	1864
1954	5	1873
1954	6	2052
1954	7	1094
1954	8	1362
1954	9	1255
1954	10	1314
1954	11	1416
1954	12	1393
1955	1	1115
1955	2	987
1955	3	3002
1955	4	1553
1955	5	1202
1955	6	1485
1955	7	828
1955	8	881
1955	9	992
1955	10	1158
1955	11	1007
1955	12	1075
1956	1	1249
1956	2	1205
1956	3	2082
1956	4	1615
1956	5	1413
1956	6	1014
1956	7	966
1956	8	1106
1956	9	918
1956	10	1089
1956	11	1367
1956	12	1236
1957	1	890
1957	2	1423
1957	3	1928
1957	4	2062
1957	5	2843
1957	6	1817
1957	7	1433
1957	8	1151
1957	9	1181
1957	10	1382
1957	11	1508
1957	12	1378
1958	1	1295
1958	2	1561
1958	3	1972
1958	4	2635
1958	5	1574
1958	6	1476
1958	7	1482
1958	8	1171
1958	9	1085
1958	10	1198
1958	11	1242
1958	12	1225
1959	1	1101
1959	2	1312
1959	3	2362
1959	4	1655
1959	5	1619
1959	6	1198
1959	7	1076
1959	8	932
1959	9	1065
1959	10	1279
1959	11	1186
1959	12	1270
1960	1	1015
1960	2	1470
1960	3	3816
1960	4	2265
1960	5	2390
1960	6	1505
1960	7	1058
1960	8	1040
1960	9	1097
1960	10	1288
1960	11	1289
1960	12	986
1961	1	1234
1961	2	1807
1961	3	1968
1961	4	1351
1961	5	1749
1961	6	1208
1961	7	960
1961	8	1018
1961	9	1207
1961	10	1278
1961	11	1345
1961	12	943
1962	1	1126
1962	2	1581
1962	3	2622
1962	4	1913
1962	5	2589
1962	6	3971
1962	7	4155
1962	8	1797
1962	9	1429
1962	10	1433
1962	11	1505
1962	12	1346
1963	1	1174
1963	2	1895
1963	3	2778
1963	4	2006
1963	5	1535
1963	6	1645
1963	7	1380
1963	8	1156
1963	9	1329
1963	10	1242
1963	11	1326
1963	12	915
1964	1	1366
1964	2	1549
1964	3	1738
1964	4	2144
1964	5	1696
1964	6	1263
1964	7	977
1964	8	860
1964	9	906
1964	10	1001
1964	11	1107
1964	12	1051
1965	1	1316
1965	2	1341
1965	3	1509
1965	4	1786
1965	5	1497
1965	6	1887
1965	7	1251
1965	8	901
1965	9	1440
1965	10	1536
1965	11	1340
1965	12	1209
1966	1	982
1966	2	1399
1966	3	3208
1966	4	2018
1966	5	1466
1966	6	1342
1966	7	742
1966	8	1189
1966	9	1110
1966	10	1140
1966	11	1347
1966	12	1074
1967	1	1286
1967	2	1445
1967	3	1856
1967	4	1249
1967	5	1202
1967	6	2595
1967	7	1097
1967	8	889
1967	9	1202
1967	10	1204
1967	11	1324
1967	12	1039
1968	1	1254
1968	2	1558
1968	3	1780
1968	4	1920
1968	5	1664
1968	6	1706
1968	7	1178
1968	8	1120
1968	9	1238
1968	10	1221
1968	11	1361
1968	12	675
1969	1	997
1969	2	1380
1969	3	2580
1969	4	2170
1969	5	1209
1969	6	1033
1969	7	1104
1969	8	660
1969	9	819
1969	10	1402
1969	11	1346
1969	12	1122
1970	1	1039
1970	2	1742
1970	3	1675
1970	4	2228
1970	5	1478
1970	6	1189
1970	7	630
1970	8	612
1970	9	746
1970	10	1033
1970	11	1229
1970	12	990
1971	1	1061
1971	2	1602
1971	3	2433
1971	4	1876
1971	5	1974
1971	6	1221
1971	7	751
1971	8	632
1971	9	960
1971	10	1098
1971	11	1494
1971	12	1051
1972	1	1074
1972	2	1555
1972	3	1845
1972	4	1448
1972	5	2487
1972	6	1453
1972	7	1428
1972	8	1070
1972	9	976
1972	10	1324
1972	11	1618
1972	12	981
1973	1	1449
1973	2	1885
1973	3	2521
1973	4	1811
1973	5	1964
1973	6	1452
1973	7	931
1973	8	742
1973	9	1479
1973	10	1637
1973	11	1590
1973	12	1243
1974	1	1521
1974	2	2009
1974	3	1703
1974	4	1761
1974	5	1422
1974	6	1365
1974	7	569
1974	8	723
1974	9	898
1974	10	1013
1974	11	1153
1974	12	1195
1975	1	1199
1975	2	1293
1975	3	1917
1975	4	1851
1975	5	1341
1975	6	1239
1975	7	739
1975	8	757
1975	9	777
1975	10	955
1975	11	939
1975	12	1257
1976	1	1284
1976	2	1958
1976	3	1276
1976	4	1429
1976	5	1256
1976	6	879
1976	7	678
1976	8	696
1976	9	844
1976	10	957
1976	11	898
1976	12	998
1977	1	909
1977	2	1579
1977	3	2626
1977	4	2640
1977	5	2245
1977	6	1546
1977	7	1045
1977	8	1056
1977	9	1129
1977	10	1452
1977	11	1386
1977	12	1178
1978	1	1112
1978	2	1121
1978	3	3365
1978	4	2360
1978	5	1867
1978	6	1508
1978	7	1422
1978	8	1037
1978	9	909
1978	10	1153
1978	11	1222
1978	12	1195
1979	1	1067
1979	2	1345
1979	3	2458
1979	4	1940
1979	5	1480
1979	6	1484
1979	7	1149
1979	8	919
1979	9	1074
1979	10	1166
1979	11	1463
1979	12	1555
1980	1	1185
1980	2	1656
1980	3	2025
1980	4	1964
1980	5	1397
1980	6	1268
1980	7	664
1980	8	802
1980	9	808
1980	10	1058
1980	11	1133
1980	12	1171
1981	1	1286
1981	2	1589
1981	3	1366
1981	4	1358
1981	5	1356
1981	6	984
1981	7	990
1981	8	1080
1981	9	964
1981	10	1207
1981	11	1317
1981	12	1201
1982	1	1022
1982	2	1938
1982	3	2034
1982	4	1484
1982	5	2271
1982	6	2069
1982	7	1075
1982	8	908
1982	9	1041
1982	10	1440
1982	11	1561
1982	12	1310
1983	1	1708
1983	2	1998
1983	3	2040
1983	4	2140
1983	5	2947
1983	6	2543
1983	7	2363
1983	8	1350
1983	9	1148
1983	10	1346
1983	11	1438
1983	12	1305
1984	1	1739
1984	2	2686
1984	3	2658
1984	4	3720
1984	5	2361
1984	6	2193
1984	7	1493
1984	8	1256
1984	9	1232
1984	10	1477
1984	11	1688
1984	12	1268
1985	1	1363
1985	2	1500
1985	3	2340
1985	4	1847
1985	5	1595
1985	6	1065
1985	7	808
1985	8	1103
1985	9	1223
1985	10	1362
1985	11	1230
1985	12	1388
1986	1	1722
1986	2	2039
1986	3	2690
1986	4	2773
1986	5	2068
1986	6	1864
1986	7	1098
1986	8	1099
1986	9	1828
1986	10	1526
1986	11	1771
1986	12	1442
1987	1	1548
1987	2	2192
1987	3	3258
1987	4	2871
1987	5	1900
1987	6	1263
1987	7	1228
1987	8	1013
1987	9	1332
1987	10	1192
1987	11	1656
1987	12	1335
1988	1	1327
1988	2	1923
1988	3	3547
1988	4	2145
1988	5	3142
1988	6	1353
1988	7	1231
1988	8	994
1988	9	1370
1988	10	1368
1988	11	1411
1988	12	1376
1989	1	1497
1989	2	1286
1989	3	2276
1989	4	1688
1989	5	1248
1989	6	1047
1989	7	803
1989	8	734
1989	9	969
1989	10	1070
1989	11	1186
1989	12	1129
1990	1	1749
1990	2	1580
1990	3	1720
1990	4	1689
1990	5	1947
1990	6	1542
1990	7	995
1990	8	1043
1990	9	899
1990	10	1200
1990	11	1311
1990	12	998
1991	1	1338
1991	2	1922
1991	3	1957
1991	4	1856
1991	5	2165
1991	6	2175
1991	7	935
1991	8	931
1991	9	999
1991	10	1164
1991	11	1361
1991	12	1455
1992	1	1530
1992	2	1760
1992	3	1990
1992	4	1542
1992	5	1216
1992	6	1524
1992	7	1421
1992	8	1488
1992	9	1306
1992	10	1380
1992	11	1534
1992	12	1246
1993	1	1105
1993	2	1481
1993	3	2551
1993	4	2455
1993	5	2280
1993	6	1803
1993	7	2245
1993	8	1248
1993	9	1453
1993	10	1551
1993	11	1457
1993	12	1880
1994	1	1367
1994	2	1805
1994	3	2705
1994	4	1780
1994	5	1792
1994	6	1588
1994	7	1299
1994	8	1220
1994	9	1321
1994	10	1317
1994	11	1452
1994	12	1475
1995	1	1399
1995	2	1798
1995	3	1761
1995	4	3972
1995	5	4649
1995	6	3036
1995	7	1323
1995	8	1193
1995	9	1276
1995	10	1964
1995	11	1928
1995	12	1661
1996	1	1566
1996	2	2394
1996	3	2102
1996	4	2209
1996	5	3137
1996	6	2562
1996	7	1173
1996	8	1154
1996	9	1876
1996	10	1601
1996	11	1567
1996	12	1651
1997	1	1860
1997	2	3013
1997	3	2495
1997	4	2528
1997	5	2475
1997	6	2183
1997	7	1475
1997	8	1543
1997	9	1576
1997	10	1749
1997	11	1852
1997	12	1759
1998	1	1496
1998	2	2178
1998	3	2102
1998	4	2504
1998	5	1926
1998	6	2473
1998	7	1582
1998	8	1758
1998	9	1240
1998	10	1903
1998	11	2333
1998	12	1603
1999	1	1770
1999	2	2297
1999	3	2141
1999	4	2752
1999	5	2728
1999	6	2016
1999	7	1979
1999	8	1146
1999	9	1406
1999	10	1407
1999	11	1505
1999	12	1635
2000	1	1551
2000	2	1900
2000	3	1878
2000	4	1710
2000	5	2086
2000	6	1533
2000	7	1307
2000	8	994
2000	9	1047
2000	10	1313
2000	11	1379
2000	12	1251
2001	1	1584
2001	2	1614
2001	3	2731
2001	4	3378
2001	5	2304
2001	6	1644
2001	7	1554
2001	8	1107
2001	9	1294
2001	10	1576
2001	11	1401
2001	12	1530
2002	1	1575
2002	2	1734
2002	3	1813
2002	4	1973
2002	5	1672
2002	6	1137
2002	7	775
2002	8	910
2002	9	1050
