1945	10	780
1945	11	800
1945	12	688
1946	1	874
1946	2	1008
1946	3	1038
1946	4	825
1946	5	818
1946	6	789
1946	7	659
1946	8	615
1946	9	853
1946	10	845
1946	11	806
1946	12	704
1947	1	805
1947	2	884
1947	3	918
1947	4	952
1947	5	806
1947	6	1229
1947	7	821
1947	8	630
1947	9	666
1947	10	733
1947	11	825
1947	12	786
1948	1	726
1948	2	819
1948	3	996
1948	4	859
1948	5	793
1948	6	924
1948	7	785
1948	8	748
1948	9	700
1948	10	787
1948	11	843
1948	12	786
1949	1	616
1949	2	800
1949	3	1464
1949	4	995
1949	5	1058
1949	6	856
1949	7	734
1949	8	677
1949	9	711
1949	10	844
1949	11	803
1949	12	641
1950	1	837
1950	2	918
1950	3	936
1950	4	932
1950	5	1000
1950	6	735
1950	7	741
1950	8	819
1950	9	840
1950	10	822
1950	11	782
1950	12	804
1951	1	678
1951	2	1013
1951	3	907
1951	4	866
1951	5	907
1951	6	978
1951	7	921
1951	8	858
1951	9	993
1951	10	831
1951	11	829
1951	12	782
1952	1	859
1952	2	1073
1952	3	1233
1952	4	1134
1952	5	1037
1952	6	808
1952	7	668
1952	8	665
1952	9	624
1952	10	755
1952	11	768
1952	12	750
1953	1	895
1953	2	897
1953	3	1102
1953	4	1011
1953	5	1100
1953	6	801
1953	7	722
1953	8	715
1953	9	656
1953	10	772
1953	11	788
1953	12	771
1954	1	683
1954	2	977
1954	3	1022
1954	4	892
1954	5	912
1954	6	843
1954	7	675
1954	8	676
1954	9	693
1954	10	767
1954	11	799
1954	12	809
1955	1	693
1955	2	680
1955	3	1310
1955	4	900
1955	5	866
1955	6	912
1955	7	645
1955	8	644
1955	9	685
1955	10	800
1955	11	773
1955	12	948
1956	1	846
1956	2	889
1956	3	1100
1956	4	876
1956	5	915
1956	6	726
1956	7	692
1956	8	720
1956	9	693
1956	10	751
1956	11	847
1956	12	788
1957	1	737
1957	2	906
1957	3	873
1957	4	1125
1957	5	1261
1957	6	996
1957	7	765
1957	8	776
1957	9	759
1957	10	840
1957	11	867
1957	12	830
1958	1	780
1958	2	830
1958	3	908
1958	4	1214
1958	5	923
1958	6	920
1958	7	890
1958	8	784
1958	9	707
1958	10	773
1958	11	809
1958	12	812
1959	1	773
1959	2	846
1959	3	1047
1959	4	929
1959	5	915
1959	6	739
1959	7	697
1959	8	675
1959	9	733
1959	10	746
1959	11	759
1959	12	779
1960	1	672
1960	2	802
1960	3	1249
1960	4	960
1960	5	1036
1960	6	796
1960	7	678
1960	8	717
1960	9	687
1960	10	797
1960	11	820
1960	12	846
1961	1	706
1961	2	991
1961	3	945
1961	4	806
1961	5	957
1961	6	758
1961	7	681
1961	8	639
1961	9	700
1961	10	753
1961	11	813
1961	12	700
1962	1	770
1962	2	861
1962	3	1093
1962	4	828
1962	5	1128
1962	6	1297
1962	7	1122
1962	8	828
1962	9	733
1962	10	795
1962	11	877
1962	12	836
1963	1	885
1963	2	903
1963	3	1106
1963	4	936
1963	5	837
1963	6	842
1963	7	694
1963	8	694
1963	9	799
1963	10	759
1963	11	822
1963	12	778
1964	1	861
1964	2	806
1964	3	906
1964	4	1069
1964	5	738
1964	6	602
1964	7	620
1964	8	485
1964	9	502
1964	10	524
1964	11	668
1964	12	778
1965	1	810
1965	2	840
1965	3	652
1965	4	715
1965	5	681
1965	6	846
1965	7	807
1965	8	570
1965	9	853
1965	10	879
1965	11	785
1965	12	823
1966	1	641
1966	2	852
1966	3	1225
1966	4	913
1966	5	757
1966	6	720
1966	7	581
1966	8	702
1966	9	634
1966	10	667
1966	11	830
1966	12	739
1967	1	747
1967	2	852
1967	3	794
1967	4	615
1967	5	675
1967	6	1469
1967	7	705
1967	8	506
1967	9	548
1967	10	689
1967	11	757
1967	12	694
1968	1	897
1968	2	840
1968	3	797
1968	4	832
1968	5	898
1968	6	1043
1968	7	786
1968	8	784
1968	9	800
1968	10	666
1968	11	734
1968	12	447
1969	1	525
1969	2	788
1969	3	1016
1969	4	782
1969	5	612
1969	6	575
1969	7	574
1969	8	430
1969	9	473
1969	10	752
1969	11	772
1969	12	822
1970	1	747
1970	2	879
1970	3	830
1970	4	935
1970	5	813
1970	6	655
1970	7	472
1970	8	419
1970	9	460
1970	10	532
1970	11	687
1970	12	699
1971	1	674
1971	2	858
1971	3	937
1971	4	861
1971	5	1055
1971	6	696
1971	7	455
1971	8	427
1971	9	482
1971	10	563
1971	11	762
1971	12	710
1972	1	688
1972	2	966
1972	3	724
1972	4	779
1972	5	930
1972	6	737
1972	7	567
1972	8	482
1972	9	508
1972	10	722
1972	11	814
1972	12	704
1973	1	842
1973	2	836
1973	3	856
1973	4	821
1973	5	872
1973	6	638
1973	7	467
1973	8	433
1973	9	661
1973	10	654
1973	11	723
1973	12	678
1974	1	857
1974	2	897
1974	3	739
1974	4	937
1974	5	699
1974	6	576
1974	7	383
1974	8	432
1974	9	512
1974	10	495
1974	11	590
1974	12	698
1975	1	578
1975	2	631
1975	3	818
1975	4	810
1975	5	699
1975	6	693
1975	7	437
1975	8	432
1975	9	457
1975	10	519
1975	11	520
1975	12	596
1976	1	773
1976	2	846
1976	3	584
1976	4	820
1976	5	651
1976	6	506
1976	7	478
1976	8	464
1976	9	431
1976	10	481
1976	11	483
1976	12	657
1977	1	642
1977	2	937
1977	3	905
1977	4	1159
1977	5	922
1977	6	628
1977	7	469
1977	8	534
1977	9	478
1977	10	616
1977	11	780
1977	12	742
1978	1	703
1978	2	769
1978	3	1114
1978	4	879
1978	5	876
1978	6	793
1978	7	601
1978	8	551
1978	9	430
1978	10	587
1978	11	691
1978	12	629
1979	1	630
1979	2	845
1979	3	1012
1979	4	785
1979	5	648
1979	6	723
1979	7	552
1979	8	509
1979	9	466
1979	10	563
1979	11	802
1979	12	854
1980	1	787
1980	2	991
1980	3	927
1980	4	955
1980	5	703
1980	6	673
1980	7	400
1980	8	417
1980	9	426
1980	10	519
1980	11	584
1980	12	734
1981	1	742
1981	2	681
1981	3	693
1981	4	728
1981	5	669
1981	6	618
1981	7	536
1981	8	599
1981	9	591
1981	10	611
1981	11	739
1981	12	773
1982	1	829
1982	2	908
1982	3	915
1982	4	662
1982	5	1052
1982	6	976
1982	7	531
1982	8	532
1982	9	534
1982	10	590
1982	11	806
1982	12	751
1983	1	800
1983	2	840
1983	3	860
1983	4	816
1983	5	1279
1983	6	856
1983	7	822
1983	8	675
1983	9	593
1983	10	610
1983	11	722
1983	12	838
1984	1	1208
1984	2	1403
1984	3	990
1984	4	1083
1984	5	828
1984	6	810
1984	7	588
1984	8	566
1984	9	504
1984	10	576
1984	11	821
1984	12	776
1985	1	841
1985	2	952
1985	3	960
1985	4	716
1985	5	706
1985	6	505
1985	7	469
1985	8	485
1985	9	499
1985	10	579
1985	11	786
1985	12	950
1986	1	855
1986	2	1009
1986	3	1145
1986	4	1125
1986	5	869
1986	6	842
1986	7	585
1986	8	564
1986	9	588
1986	10	640
1986	11	828
1986	12	822
1987	1	837
1987	2	925
1987	3	1190
1987	4	1049
1987	5	925
1987	6	690
1987	7	523
1987	8	547
1987	9	540
1987	10	541
1987	11	740
1987	12	785
1988	1	685
1988	2	915
1988	3	1103
1988	4	858
1988	5	1210
1988	6	755
1988	7	562
1988	8	523
1988	9	586
1988	10	599
1988	11	640
1988	12	795
1989	1	806
1989	2	749
1989	3	956
1989	4	808
1989	5	633
1989	6	524
1989	7	465
1989	8	449
1989	9	507
1989	10	519
1989	11	626
1989	12	683
1990	1	763
1990	2	738
1990	3	816
1990	4	882
1990	5	896
1990	6	798
1990	7	485
1990	8	490
1990	9	490
1990	10	537
1990	11	678
1990	12	697
1991	1	773
1991	2	891
1991	3	815
1991	4	864
1991	5	841
1991	6	966
1991	7	531
1991	8	544
1991	9	485
1991	10	531
1991	11	604
1991	12	790
1992	1	798
1992	2	875
1992	3	907
1992	4	737
1992	5	622
1992	6	754
1992	7	575
1992	8	614
1992	9	588
1992	10	580
1992	11	733
1992	12	732
1993	1	726
1993	2	839
1993	3	1075
1993	4	1056
1993	5	914
1993	6	804
1993	7	691
1993	8	550
1993	9	652
1993	10	681
1993	11	849
1993	12	897
1994	1	779
1994	2	771
1994	3	1052
1994	4	813
1994	5	735
1994	6	744
1994	7	589
1994	8	521
1994	9	507
1994	10	569
1994	11	739
1994	12	778
1995	1	754
1995	2	779
1995	3	772
1995	4	1024
1995	5	1384
1995	6	1321
1995	7	637
1995	8	523
1995	9	549
1995	10	658
1995	11	703
1995	12	770
1996	1	746
1996	2	953
1996	3	923
1996	4	814
1996	5	1074
1996	6	967
1996	7	553
1996	8	604
1996	9	642
1996	10	593
1996	11	635
1996	12	691
1997	1	778
1997	2	1039
1997	3	1005
1997	4	1095
1997	5	1064
1997	6	985
1997	7	677
1997	8	684
1997	9	627
1997	10	721
1997	11	906
1997	12	877
1998	1	862
1998	2	990
1998	3	1022
1998	4	957
1998	5	918
1998	6	991
1998	7	680
1998	8	652
1998	9	585
1998	10	682
1998	11	1091
1998	12	912
1999	1	894
1999	2	996
1999	3	974
1999	4	957
1999	5	1001
1999	6	877
1999	7	708
1999	8	550
1999	9	654
1999	10	645
1999	11	683
1999	12	816
2000	1	828
2000	2	967
2000	3	1061
2000	4	926
2000	5	1209
2000	6	805
2000	7	651
2000	8	544
2000	9	560
2000	10	611
2000	11	651
2000	12	735
2001	1	852
2001	2	924
2001	3	1133
2001	4	1203
2001	5	1016
2001	6	791
2001	7	712
2001	8	522
2001	9	492
2001	10	561
2001	11	701
2001	12	850
2002	1	834
2002	2	839
2002	3	913
2002	4	892
2002	5	930
2002	6	625
2002	7	432
2002	8	438
2002	9	515
2002	10	554
2002	11	620
2002	12	821
2003	1	830
2003	2	839
2003	3	926
2003	4	923
2003	5	913
2003	6	811
2003	7	583
2003	8	467
2003	9	479
2003	10	509
2003	11	567
2003	12	742
2004	1	775
2004	2	760
2004	3	750
2004	4	816
2004	5	776
2004	6	714
2004	7	595
2004	8	548
2004	9	562
2004	10	599
2004	11	597
2004	12	734
2005	1	778
2005	2	817
2005	3	821
2005	4	977
2005	5	891
2005	6	1059
2005	7	531
2005	8	464
2005	9	470
2005	10	560
2005	11	624
2005	12	718
2006	1	799
2006	2	834
2006	3	873
2006	4	899
2006	5	681
2006	6	570
2006	7	425
2006	8	446
2006	9	499
2006	10	575
2006	11	650
2006	12	863
2007	1	794
2007	2	819
2007	3	956
2007	4	924
2007	5	891
2007	6	777
2007	7	435
2007	8	486
2007	9	482
2007	10	615
2007	11	659
2007	12	873
2008	1	846
2008	2	859
2008	3	954
2008	4	990
2008	5	842
2008	6	976
2008	7	516
2008	8	520
2008	9	567
2008	10	531
2008	11	832
2008	12	764
2009	1	748
2009	2	944
2009	3	936
2009	4	1070
2009	5	811
2009	6	920
2009	7	732
2009	8	590
2009	9	521
2009	10	685
2009	11	895
2009	12	955
2010	1	910
2010	2	829
2010	3	1212
2010	4	898
2010	5	931
2010	6	1215
2010	7	688
2010	8	538
2010	9	506
2010	10	587
2010	11	830
2010	12	849
2011	1	936
2011	2	976
2011	3	1251
2011	4	1127
2011	5	1125
2011	6	1034
2011	7	831
2011	8	599
2011	9	597
2011	10	661
2011	11	928
2011	12	902
2012	1	909
2012	2	924
2012	3	1026
2012	4	1067
2012	5	878
2012	6	595
2012	7	373
2012	8	413
2012	9	454
2012	10	545
2012	11	699
2012	12	836
2013	1	823
2013	2	862
2013	3	935
2013	4	991
2013	5	1024
2013	6	770
2013	7	501
2013	8	564
2013	9	507
2013	10	625
2013	11	822
2013	12	744
2014	1	742
2014	2	766
2014	3	944
2014	4	883
2014	5	1158
2014	6	1097
2014	7	581
2014	8	536
2014	9	541
2014	10	729
2014	11	676
2014	12	823
2015	1	223
2015	2	1056
2015	3	929
2015	4	925
2015	5	1562
2015	6	1231
2015	7	723
2015	8	558
2015	9	569
