1948	5	167
1948	6	337
1948	7	422
1948	8	337
1948	9	267
1948	10	169
1948	11	127
1948	12	56
1949	1	25
1949	2	45
1949	3	570
1949	4	871
1949	5	289
1949	6	208
1949	7	90
1949	8	52
1949	9	35
1949	10	35
1949	11	36
1949	12	25
1950	1	6
1950	2	3
1950	3	201
1950	4	874
1950	5	594
1950	6	218
1950	7	74
1950	8	44
1950	9	52
1950	10	139
1950	11	46
1950	12	20
1951	1	12
1951	2	50
1951	3	302
1951	4	3089
1951	5	592
1951	6	523
1951	7	531
1951	8	499
1951	9	494
1951	10	199
1951	11	132
1951	12	93
1952	1	50
1952	2	83
1952	3	319
1952	4	5701
1952	5	1173
1952	6	879
1952	7	740
1952	8	242
1952	9	118
1952	10	62
1952	11	43
1952	12	23
1953	1	15
1953	2	10
1953	3	668
1953	4	511
1953	5	967
1953	6	492
1953	7	370
1953	8	617
1953	9	207
1953	10	86
1953	11	64
1953	12	42
1954	1	16
1954	2	156
1954	3	994
1954	4	529
1954	5	448
1954	6	475
1954	7	241
1954	8	136
1954	9	89
1954	10	51
1954	11	47
1954	12	32
1955	1	19
1955	2	11
1955	3	354
1955	4	197
1955	5	86
1955	6	44
1955	7	23
1955	8	8
1955	9	3
1955	10	5
1955	11	12
1955	12	4
1956	1	2
1956	2	2
1956	3	19
1956	4	116
1956	5	59
1956	6	55
1956	7	75
1956	8	164
1956	9	43
1956	10	23
1956	11	26
1956	12	10
1957	1	4
1957	2	4
1957	3	312
1957	4	166
1957	5	253
1957	6	1824
1957	7	367
1957	8	81
1957	9	52
1957	10	43
1957	11	51
1957	12	36
1958	1	21
1958	2	25
1958	3	96
1958	4	209
1958	5	135
1958	6	90
1958	7	35
1958	8	11
1958	9	4
1958	10	4
1958	11	9
1958	12	6
1959	1	2
1959	2	1
1959	3	113
1959	4	45
1959	5	51
1959	6	27
1959	7	5
1959	8	3
1959	9	2
1959	10	1
1959	11	6
1959	12	9
1960	1	7
1960	2	5
1960	3	608
1960	4	2633
1960	5	235
1960	6	158
1960	7	67
1960	8	56
1960	9	77
1960	10	37
1960	11	36
1960	12	32
1961	1	21
1961	2	70
1961	3	533
1961	4	119
1961	5	230
1961	6	156
1961	7	93
1961	8	49
1961	9	25
1961	10	23
1961	11	32
1961	12	21
1962	1	7
1962	2	19
1962	3	1298
1962	4	2071
1962	5	611
1962	6	1153
1962	7	1699
1962	8	417
1962	9	158
1962	10	103
1962	11	69
1962	12	41
1963	1	17
1963	2	9
1963	3	218
1963	4	221
1963	5	257
1963	6	238
1963	7	289
1963	8	611
1963	9	209
1963	10	129
1963	11	78
1963	12	39
1964	1	24
1964	2	23
1964	3	95
1964	4	631
1964	5	407
1964	6	107
1964	7	50
1964	8	21
1964	9	29
1964	10	15
1964	11	16
1964	12	7
1965	1	2
1965	2	3
1965	3	19
1965	4	2252
1965	5	623
1965	6	780
1965	7	245
1965	8	64
1965	9	52
1965	10	94
1965	11	67
1965	12	47
1966	1	20
1966	2	204
1966	3	1075
1966	4	297
1966	5	283
1966	6	117
1966	7	82
1966	8	50
1966	9	51
1966	10	38
1966	11	35
1966	12	19
1967	1	8
1967	2	13
1967	3	365
1967	4	193
1967	5	114
1967	6	629
1967	7	240
1967	8	48
1967	9	25
1967	10	28
1967	11	27
1967	12	21
1968	1	6
1968	2	5
1968	3	36
1968	4	90
1968	5	65
1968	6	38
1968	7	62
1968	8	23
1968	9	20
1968	10	99
1968	11	77
1968	12	38
1969	1	15
1969	2	11
1969	3	14
1969	4	6756
1969	5	1059
1969	6	338
1969	7	255
1969	8	123
1969	9	68
1969	10	71
1969	11	74
1969	12	55
1970	1	28
1970	2	27
1970	3	915
1970	4	617
1970	5	341
1970	6	641
1970	7	150
1970	8	64
1970	9	40
1970	10	52
1970	11	83
1970	12	52
1971	1	15
1971	2	68
1971	3	682
1971	4	243
1971	5	169
1971	6	115
1971	7	138
1971	8	20
1971	9	24
1971	10	28
1971	11	75
1971	12	58
1972	1	24
1972	2	12
1972	3	791
1972	4	593
1972	5	1598
1972	6	1602
1972	7	794
1972	8	541
1972	9	230
1972	10	168
1972	11	219
1972	12	99
1973	1	70
1973	2	139
1973	3	1766
1973	4	604
1973	5	332
1973	6	164
1973	7	59
1973	8	25
1973	9	24
1973	10	45
1973	11	36
1973	12	15
1974	1	15
1974	2	45
1974	3	316
1974	4	146
1974	5	132
1974	6	87
1974	7	21
1974	8	16
1974	9	8
1974	10	12
1974	11	14
1974	12	11
1975	1	7
1975	2	4
1975	3	10
1975	4	394
1975	5	205
1975	6	73
1975	7	29
1975	8	14
1975	9	12
1975	10	11
1975	11	18
1975	12	10
1976	1	7
1976	2	26
1976	3	467
1976	4	197
1976	5	75
1976	6	19
1976	7	2
1976	8	0
1976	9	0
1976	10	1
1976	11	3
1976	12	1
1977	1	0
1977	2	0
1977	3	611
1977	4	118
1977	5	47
1977	6	183
1977	7	60
1977	8	21
1977	9	35
1977	10	74
1977	11	105
1977	12	105
1978	1	42
1978	2	20
1978	3	1523
1978	4	2168
1978	5	731
1978	6	388
1978	7	148
1978	8	76
1978	9	72
1978	10	50
1978	11	40
1978	12	20
1979	1	11
1979	2	10
1979	3	265
1979	4	2451
1979	5	1158
1979	6	552
1979	7	280
1979	8	346
1979	9	211
1979	10	110
1979	11	225
1979	12	126
1980	1	71
1980	2	41
1980	3	195
1980	4	196
1980	5	120
1980	6	603
1980	7	366
1980	8	94
1980	9	53
1980	10	35
1980	11	36
1980	12	22
1981	1	17
1981	2	20
1981	3	56
1981	4	86
1981	5	42
1981	6	29
1981	7	36
1981	8	46
1981	9	24
1981	10	17
1981	11	19
1981	12	19
1982	1	3
1982	2	80
1982	3	490
1982	4	382
1982	5	162
1982	6	158
1982	7	412
1982	8	111
1982	9	69
1982	10	348
1982	11	587
1982	12	284
1983	1	96
1983	2	583
1983	3	2249
1983	4	1852
1983	5	934
1983	6	416
1983	7	664
1983	8	83
1983	9	64
1983	10	78
1983	11	214
1983	12	143
1984	1	65
1984	2	116
1984	3	799
1984	4	3513
1984	5	1165
1984	6	5392
1984	7	1110
1984	8	321
1984	9	161
1984	10	807
1984	11	460
1984	12	253
1985	1	90
1985	2	153
1985	3	2812
1985	4	1855
1985	5	903
1985	6	609
1985	7	171
1985	8	164
1985	9	719
1985	10	573
1985	11	310
1985	12	197
1986	1	155
1986	2	123
1986	3	1776
1986	4	5244
1986	5	3699
1986	6	1751
1986	7	1008
1986	8	717
1986	9	2540
1986	10	1089
1986	11	563
1986	12	332
1987	1	219
1987	2	283
1987	3	1059
1987	4	1079
1987	5	389
1987	6	205
1987	7	362
1987	8	125
1987	9	123
1987	10	87
1987	11	93
1987	12	65
1988	1	20
1988	2	22
1988	3	679
1988	4	452
1988	5	254
1988	6	74
1988	7	23
1988	8	15
1988	9	10
1988	10	15
1988	11	24
1988	12	18
1989	1	9
1989	2	5
1989	3	664
1989	4	319
1989	5	112
1989	6	50
1989	7	68
1989	8	26
1989	9	29
1989	10	18
1989	11	31
1989	12	19
1990	1	13
1990	2	14
1990	3	54
1990	4	56
1990	5	219
1990	6	866
1990	7	435
1990	8	299
1990	9	96
1990	10	73
1990	11	59
1990	12	34
1991	1	8
1991	2	20
1991	3	65
1991	4	149
1991	5	333
1991	6	891
1991	7	506
1991	8	255
1991	9	147
1991	10	99
1991	11	77
1991	12	61
1992	1	58
1992	2	411
1992	3	929
1992	4	345
1992	5	206
1992	6	1167
1992	7	1051
1992	8	676
1992	9	484
1992	10	217
1992	11	293
1992	12	169
1993	1	71
1993	2	89
1993	3	991
1993	4	3334
1993	5	2460
1993	6	3747
1993	7	5362
1993	8	1913
1993	9	1108
1993	10	648
1993	11	517
1993	12	370
1994	1	186
1994	2	197
1994	3	2687
1994	4	1815
1994	5	1326
1994	6	2029
1994	7	1434
1994	8	1163
1994	9	705
1994	10	470
1994	11	379
1994	12	254
1995	1	139
1995	2	152
1995	3	1357
1995	4	3783
1995	5	3357
1995	6	2315
1995	7	1798
1995	8	1309
1995	9	780
1995	10	1736
1995	11	1364
1995	12	665
1996	1	294
1996	2	456
1996	3	1269
1996	4	1612
1996	5	1975
1996	6	2538
1996	7	752
1996	8	452
1996	9	249
1996	10	319
1996	11	411
1996	12	277
1997	1	107
1997	2	111
1997	3	1297
1997	4	8439
1997	5	3145
1997	6	1198
1997	7	833
1997	8	1050
1997	9	519
1997	10	435
1997	11	339
1997	12	298
1998	1	175
1998	2	586
1998	3	994
1998	4	1712
1998	5	862
1998	6	591
1998	7	427
1998	8	300
1998	9	145
1998	10	268
1998	11	535
1998	12	494
1999	1	214
1999	2	400
1999	3	779
1999	4	1591
1999	5	1137
1999	6	836
1999	7	576
1999	8	259
1999	9	258
1999	10	146
1999	11	114
1999	12	84
2000	1	50
2000	2	81
2000	3	220
2000	4	182
2000	5	410
2000	6	360
2000	7	190
2000	8	79
2000	9	41
2000	10	38
2000	11	72
2000	12	33
2001	1	19
2001	2	13
2001	3	125
2001	4	5820
2001	5	2907
2001	6	2027
2001	7	907
2001	8	546
2001	9	335
2001	10	239
2001	11	188
2001	12	256
2002	1	113
2002	2	146
2002	3	282
2002	4	973
2002	5	812
2002	6	300
2002	7	115
2002	8	161
2002	9	78
2002	10	95
2002	11	84
2002	12	63
2003	1	33
2003	2	21
2003	3	200
2003	4	241
2003	5	313
2003	6	126
2003	7	71
2003	8	34
2003	9	29
2003	10	29
2003	11	35
2003	12	23
2004	1	20
2004	2	21
2004	3	311
2004	4	125
2004	5	240
2004	6	529
2004	7	312
2004	8	96
2004	9	124
2004	10	178
2004	11	257
2004	12	124
2005	1	40
2005	2	73
2005	3	144
2005	4	365
2005	5	365
2005	6	817
2005	7	323
2005	8	122
2005	9	417
2005	10	626
2005	11	286
2005	12	248
2006	1	349
2006	2	304
2006	3	583
2006	4	1808
2006	5	897
2006	6	287
2006	7	96
2006	8	103
2006	9	227
2006	10	155
2006	11	130
2006	12	95
2007	1	133
2007	2	51
2007	3	1979
2007	4	2050
2007	5	1476
2007	6	735
2007	7	185
2007	8	193
2007	9	129
2007	10	480
2007	11	292
2007	12	130
2008	1	86
2008	2	50
2008	3	313
2008	4	828
2008	5	1325
2008	6	1476
2008	7	321
2008	8	176
2008	9	89
2008	10	230
2008	11	297
2008	12	136
2009	1	81
2009	2	191
2009	3	1078
2009	4	1451
2009	5	697
2009	6	358
2009	7	438
2009	8	172
2009	9	95
2009	10	363
2009	11	695
2009	12	231
2010	1	141
2010	2	141
2010	3	3012
2010	4	2197
2010	5	1360
2010	6	2404
2010	7	2371
2010	8	1287
2010	9	4183
2010	10	2073
2010	11	1081
2010	12	456
2011	1	413
2011	2	467
2011	3	4067
2011	4	6263
2011	5	3799
2011	6	3295
2011	7	3134
2011	8	1045
2011	9	469
2011	10	329
2011	11	264
2011	12	163
2012	1	149
2012	2	159
2012	3	624
2012	4	454
2012	5	1853
2012	6	526
2012	7	136
2012	8	56
2012	9	31
2012	10	39
2012	11	44
2012	12	34
2013	1	20
2013	2	16
2013	3	114
2013	4	654
2013	5	813
2013	6	1167
2013	7	1088
2013	8	266
2013	9	140
2013	10	174
2013	11	164
2013	12	75
2014	1	40
2014	2	17
2014	3	373
2014	4	776
2014	5	790
2014	6	1598
2014	7	585
2014	8	356
2014	9	258
2014	10	146
2014	11	41
2014	12	0
2015	1	0
2015	2	0
2015	3	198
2015	4	209
2015	5	381
2015	6	783
2015	7	531
2015	9	272
