1941	10	135
1941	11	223
1941	12	110
1942	1	102
1942	2	120
1942	3	177
1942	4	119
1942	5	117
1942	6	1058
1942	7	274
1942	8	125
1942	9	109
1942	10	46
1942	11	38
1942	12	23
1943	1	22
1943	2	418
1943	3	152
1943	4	74
1943	5	86
1943	6	373
1943	7	323
1943	8	385
1943	9	78
1943	10	39
1943	11	50
1943	12	31
1944	1	37
1944	2	119
1944	3	262
1944	4	185
1944	5	383
1944	6	1231
1944	7	507
1944	8	570
1944	9	201
1944	10	128
1944	11	100
1944	12	66
1945	1	56
1945	2	240
1945	3	821
1945	4	471
1945	5	545
1945	6	717
1945	7	600
1945	8	828
1945	9	183
1945	10	128
1945	11	94
1945	12	62
1946	1	84
1946	2	647
1946	3	479
1946	4	216
1946	5	469
1946	6	271
1946	7	161
1946	8	88
1946	9	172
1946	10	94
1946	11	89
1946	12	78
1947	1	51
1947	2	105
1947	3	260
1947	4	313
1947	5	180
1947	6	464
1947	7	208
1947	8	70
1947	9	46
1947	10	37
1947	11	59
1947	12	49
1948	1	41
1948	2	650
1948	3	559
1948	4	164
1948	5	138
1948	6	105
1948	7	105
1948	8	138
1948	9	27
1948	10	23
1948	11	23
1948	12	19
1949	1	50
1949	2	109
1949	3	819
1949	4	147
1949	5	177
1949	6	149
1949	7	95
1949	8	36
1949	9	141
1949	10	49
1949	11	35
1949	12	35
1950	1	15
1950	2	91
1950	3	465
1950	4	65
1950	5	137
1950	6	842
1950	7	336
1950	8	174
1950	9	56
1950	10	62
1950	11	41
1950	12	28
1951	1	17
1951	2	76
1951	3	1305
1951	4	895
1951	5	907
1951	6	768
1951	7	795
1951	8	1230
1951	9	1034
1951	10	426
1951	11	264
1951	12	220
1952	1	278
1952	2	700
1952	3	944
1952	4	597
1952	5	472
1952	6	490
1952	7	887
1952	8	245
1952	9	141
1952	10	112
1952	11	92
1952	12	81
1953	1	74
1953	2	143
1953	3	408
1953	4	302
1953	5	344
1953	6	521
1953	7	97
1953	8	192
1953	9	54
1953	10	48
1953	11	54
1953	12	43
1954	1	28
1954	2	104
1954	3	85
1954	4	100
1954	5	278
1954	6	1550
1954	7	222
1954	8	154
1954	9	102
1954	10	250
1954	11	108
1954	12	88
1955	1	55
1955	2	35
1955	3	305
1955	4	185
1955	5	67
1955	6	48
1955	7	307
1955	8	43
1955	9	24
1955	10	24
1955	11	22
1955	12	14
1956	1	11
1956	2	12
1956	3	35
1956	4	29
1956	5	42
1956	6	49
1956	7	33
1956	8	12
1956	9	5
1956	10	9
1956	11	17
1956	12	6
1957	1	4
1957	2	6
1957	3	25
1957	4	19
1957	5	45
1957	6	260
1957	7	194
1957	8	26
1957	9	47
1957	10	60
1957	11	102
1957	12	64
1958	1	25
1958	2	170
1958	3	104
1958	4	96
1958	5	51
1958	6	147
1958	7	63
1958	8	50
1958	9	19
1958	10	14
1958	11	14
1958	12	5
1959	1	2
1959	2	3
1959	3	67
1959	4	52
1959	5	867
1959	6	552
1959	7	178
1959	8	95
1959	9	46
1959	10	52
1959	11	46
1959	12	81
1960	1	58
1960	2	34
1960	3	679
1960	4	572
1960	5	445
1960	6	320
1960	7	200
1960	8	236
1960	9	197
1960	10	84
1960	11	75
1960	12	54
1961	1	33
1961	2	156
1961	3	1057
1961	4	244
1961	5	171
1961	6	532
1961	7	156
1961	8	213
1961	9	126
1961	10	118
1961	11	90
1961	12	74
1962	1	53
1962	2	173
1962	3	1448
1962	4	515
1962	5	504
1962	6	575
1962	7	508
1962	8	561
1962	9	614
1962	10	258
1962	11	194
1962	12	125
1963	1	95
1963	2	99
1963	3	500
1963	4	147
1963	5	258
1963	6	904
1963	7	163
1963	8	107
1963	9	80
1963	10	67
1963	11	58
1963	12	39
1964	1	44
1964	2	62
1964	3	57
1964	4	117
1964	5	392
1964	6	152
1964	7	117
1964	8	61
1964	9	74
1964	10	39
1964	11	34
1964	12	26
1965	1	19
1965	2	95
1965	3	466
1965	4	1724
1965	5	262
1965	6	229
1965	7	88
1965	8	46
1965	9	262
1965	10	237
1965	11	139
1965	12	126
1966	1	65
1966	2	176
1966	3	140
1966	4	189
1966	5	128
1966	6	243
1966	7	83
1966	8	129
1966	9	53
1966	10	49
1966	11	45
1966	12	25
1967	1	18
1967	2	26
1967	3	95
1967	4	66
1967	5	49
1967	6	2027
1967	7	245
1967	8	105
1967	9	67
1967	10	55
1967	11	46
1967	12	34
1968	1	8
1968	2	21
1968	3	36
1968	4	46
1968	5	35
1968	6	86
1968	7	40
1968	8	56
1968	9	77
1968	10	440
1968	11	170
1968	12	121
1969	1	64
1969	2	79
1969	3	1013
1969	4	1372
1969	5	221
1969	6	626
1969	7	511
1969	8	215
1969	9	154
1969	10	103
1969	11	76
1969	12	42
1970	1	34
1970	2	98
1970	3	278
1970	4	225
1970	5	305
1970	6	103
1970	7	60
1970	8	46
1970	9	33
1970	10	96
1970	11	123
1970	12	85
1971	1	31
1971	2	1016
1971	3	885
1971	4	181
1971	5	162
1971	6	440
1971	7	218
1971	8	54
1971	9	35
1971	10	51
1971	11	51
1971	12	31
1972	1	16
1972	2	87
1972	3	365
1972	4	92
1972	5	273
1972	6	370
1972	7	276
1972	8	185
1972	9	154
1972	10	140
1972	11	267
1972	12	185
1973	1	263
1973	2	224
1973	3	1464
1973	4	588
1973	5	618
1973	6	558
1973	7	436
1973	8	184
1973	9	186
1973	10	338
1973	11	313
1973	12	231
1974	1	156
1974	2	373
1974	3	245
1974	4	285
1974	5	640
1974	6	477
1974	7	226
1974	8	169
1974	9	95
1974	10	82
1974	11	73
1974	12	53
1975	1	28
1975	2	43
1975	3	279
1975	4	1032
1975	5	543
1975	6	737
1975	7	318
1975	8	282
1975	9	121
1975	10	92
1975	11	96
1975	12	105
1976	1	57
1976	2	95
1976	3	181
1976	4	131
1976	5	205
1976	6	136
1976	7	79
1976	8	43
1976	9	28
1976	10	34
1976	11	32
1976	12	14
1977	1	4
1977	2	10
1977	3	85
1977	4	73
1977	5	50
1977	6	102
1977	7	157
1977	8	203
1977	9	84
1977	10	79
1977	11	207
1977	12	109
1978	1	38
1978	2	35
1978	3	815
1978	4	305
1978	5	244
1978	6	574
1978	7	396
1978	8	153
1978	9	702
1978	10	166
1978	11	123
1978	12	74
1979	1	46
1979	2	50
1979	3	1538
1979	4	704
1979	5	396
1979	6	279
1979	7	247
1979	8	540
1979	9	252
1979	10	206
1979	11	453
1979	12	298
1980	1	226
1980	2	178
1980	3	331
1980	4	303
1980	5	193
1980	6	209
1980	7	105
1980	8	131
1980	9	89
1980	10	78
1980	11	66
1980	12	52
1981	1	28
1981	2	67
1981	3	61
1981	4	49
1981	5	56
1981	6	88
1981	7	138
1981	8	109
1981	9	26
1981	10	33
1981	11	37
1981	12	32
1982	1	9
1982	2	453
1982	3	265
1982	4	127
1982	5	478
1982	6	279
1982	7	1092
1982	8	195
1982	9	363
1982	10	633
1982	11	479
1982	12	385
1983	1	330
1983	2	833
1983	3	1587
1983	4	1889
1983	5	1261
1983	6	2599
1983	7	1033
1983	8	464
1983	9	331
1983	10	326
1983	11	399
1983	12	188
1984	1	254
1984	2	682
1984	3	738
1984	4	1259
1984	5	1344
1984	6	2856
1984	7	753
1984	8	419
1984	9	220
1984	10	272
1984	11	267
1984	12	548
1985	1	265
1985	2	188
1985	3	428
1985	4	547
1985	5	652
1985	6	526
1985	7	338
1985	8	250
1985	9	211
1985	10	236
1985	11	164
1985	12	126
1986	1	171
1986	2	370
1986	3	949
1986	4	975
1986	5	998
1986	6	591
1986	7	458
1986	8	237
1986	9	264
1986	10	407
1986	11	324
1986	12	231
1987	1	179
1987	2	177
1987	3	329
1987	4	760
1987	5	552
1987	6	476
1987	7	963
1987	8	615
1987	9	487
1987	10	352
1987	11	278
1987	12	251
1988	1	159
1988	2	480
1988	3	264
1988	4	233
1988	5	207
1988	6	285
1988	7	164
1988	8	186
1988	9	101
1988	10	111
1988	11	112
1988	12	129
1989	1	181
1989	2	115
1989	3	285
1989	4	122
1989	5	169
1989	6	111
1989	7	76
1989	8	44
1989	9	89
1989	10	45
1989	11	47
1989	12	32
1990	1	35
1990	2	38
1990	3	140
1990	4	113
1990	5	727
1990	6	1606
1990	7	473
1990	8	273
1990	9	141
1990	10	103
1990	11	106
1990	12	90
1991	1	59
1991	2	175
1991	3	326
1991	4	683
1991	5	1029
1991	6	1939
1991	7	435
1991	8	224
1991	9	127
1991	10	116
1991	11	178
1991	12	249
1992	1	260
1992	2	309
1992	3	422
1992	4	541
1992	5	494
1992	6	500
1992	7	603
1992	8	441
1992	9	321
1992	10	536
1992	11	505
1992	12	346
1993	1	315
1993	2	264
1993	3	1404
1993	4	1122
1993	5	878
1993	6	894
1993	7	1588
1993	8	760
1993	9	568
1993	10	439
1993	11	365
1993	12	357
1994	1	237
1994	2	564
1994	3	491
1994	4	287
1994	5	274
1994	6	501
1994	7	554
1994	8	384
1994	9	307
1994	10	290
1994	11	236
1994	12	209
1995	1	182
1995	2	329
1995	3	452
1995	4	582
1995	5	851
1995	6	647
1995	7	508
1995	8	284
1995	9	222
1995	10	245
1995	11	232
1995	12	164
1996	1	156
1996	2	176
1996	3	198
1996	4	251
1996	5	383
1996	6	1889
1996	7	766
1996	8	975
1996	9	333
1996	10	222
1996	11	226
1996	12	224
1997	1	276
1997	2	734
1997	3	504
1997	4	393
1997	5	385
1997	6	452
1997	7	466
1997	8	206
1997	9	145
1997	10	120
1997	11	125
1997	12	95
1998	1	86
1998	2	174
1998	3	192
1998	4	674
1998	5	465
1998	6	1394
1998	7	752
1998	8	500
1998	9	225
1998	10	247
1998	11	252
1998	12	164
1999	1	151
1999	2	312
1999	3	285
1999	4	738
1999	5	705
1999	6	790
1999	7	484
1999	8	260
1999	9	147
1999	10	114
1999	11	118
1999	12	94
2000	1	81
2000	2	125
2000	3	103
2000	4	76
2000	5	64
2000	6	69
2000	7	64
2000	8	39
2000	9	27
2000	10	31
2000	11	43
2000	12	34
2001	1	40
2001	2	39
2001	3	587
2001	4	416
2001	5	524
2001	6	380
2001	7	222
2001	8	142
2001	9	111
2001	10	92
2001	11	108
2001	12	119
2002	1	87
2002	2	88
2002	3	170
2002	4	174
2002	5	386
2002	6	370
2002	7	161
2002	8	278
2002	9	114
2002	10	198
2002	11	140
2002	12	98
2003	1	78
2003	2	231
2003	3	149
2003	4	183
2003	5	667
2003	6	657
2003	7	1309
2003	8	261
2003	9	103
2003	10	85
2003	11	79
2003	12	69
2004	1	54
2004	2	169
2004	3	428
2004	4	293
2004	5	551
2004	6	1141
2004	7	468
2004	8	185
2004	9	216
2004	10	165
2004	11	159
2004	12	95
2005	1	54
2005	2	298
2005	3	168
2005	4	281
2005	5	390
2005	6	600
2005	7	390
2005	8	136
2005	9	82
2005	10	80
2005	11	79
2005	12	97
2006	1	103
2006	2	97
2006	3	161
2006	4	375
2006	5	488
2006	6	220
2006	7	124
2006	8	95
2006	9	83
2006	10	72
2006	11	75
2006	12	84
2007	1	117
2007	2	194
2007	3	610
2007	4	738
2007	5	1679
2007	6	546
2007	7	286
2007	8	545
2007	9	244
2007	10	771
2007	11	421
2007	12	322
2008	1	251
2008	2	354
2008	3	763
2008	4	493
2008	5	651
2008	6	1811
2008	7	815
2008	8	404
2008	9	219
2008	10	273
2008	11	306
2008	12	295
2009	1	197
2009	2	587
2009	3	254
2009	4	249
2009	5	244
2009	6	646
2009	7	612
2009	8	426
2009	9	199
2009	10	300
2009	11	376
2009	12	257
2010	1	222
2010	2	221
2010	3	1812
2010	4	707
2010	5	546
2010	6	1553
2010	7	1541
2010	8	1160
2010	9	588
2010	10	516
2010	11	450
2010	12	372
2011	1	300
2011	2	721
2011	3	384
2011	4	552
2011	5	777
2011	6	1045
2011	7	593
2011	8	242
2011	9	158
2011	10	128
2011	11	122
2011	12	106
2012	1	95
2012	2	123
2012	3	205
2012	4	148
2012	5	188
2012	6	298
2012	7	134
2012	8	57
2012	9	40
2012	10	48
2012	11	50
2012	12	42
2013	1	35
2013	2	48
2013	3	233
2013	4	333
2013	5	1081
2013	6	855
2013	7	302
2013	8	129
2013	9	68
2013	10	58
2013	11	62
2013	12	44
2014	1	47
2014	2	37
2014	3	79
2014	4	62
2014	5	126
2014	6	1223
2014	7	898
2014	8	424
2014	9	722
2014	10	520
2014	11	330
2014	12	256
2015	1	253
2015	2	217
2015	3	268
2015	4	588
2015	5	786
2015	6	798
2015	7	817
2015	8	1062
2015	9	771
