1942	6	1803
1942	7	541
1942	8	251
1942	9	249
1942	10	58
1942	11	8
1942	12	0
1943	1	3
1943	2	583
1943	3	862
1943	4	853
1943	5	608
1943	6	1568
1943	7	2280
1943	8	879
1943	9	477
1943	10	182
1943	11	250
1943	12	267
1944	1	111
1944	2	369
1944	3	642
1944	4	850
1944	5	1592
1944	6	2201
1944	7	1536
1944	8	998
1944	9	709
1944	10	407
1944	11	333
1944	12	241
1945	1	155
1945	2	366
1945	3	1978
1945	4	959
1945	5	1211
1945	6	2355
1945	7	963
1945	8	1379
1945	9	344
1945	10	310
1945	11	324
1945	12	308
1946	1	254
1946	2	833
1946	3	965
1946	4	433
1946	5	559
1946	6	463
1946	7	202
1946	8	78
1946	9	93
1946	10	167
1946	11	266
1946	12	81
1947	1	20
1947	2	121
1947	3	309
1947	4	623
1947	5	800
1947	6	1005
1947	7	669
1947	8	24
1947	9	1
1947	10	0
1947	11	18
1947	12	3
1948	1	3
1948	2	410
1948	3	861
1948	4	53
1948	5	46
1948	6	20
1948	7	36
1948	8	52
1948	9	0
1948	10	0
1948	11	0
1948	12	0
1949	1	0
1949	2	67
1949	3	546
1949	4	64
1949	5	8
1949	6	35
1949	7	5
1949	8	13
1949	9	5
1949	10	0
1949	11	0
1949	12	0
1950	1	0
1950	2	5
1950	3	71
1950	4	0
1950	5	1
1950	6	286
1950	7	4
1950	8	20
1950	9	0
1950	10	11
1950	11	0
1950	12	0
1951	1	0
1951	2	98
1951	3	488
1951	4	887
1951	5	376
1951	6	184
1951	7	123
1951	8	346
1951	9	187
1951	10	6
1951	11	0
1951	12	0
1952	1	7
1952	2	158
1952	3	186
1952	4	360
1952	5	7
1952	6	35
1952	7	90
1952	8	0
1952	9	0
1952	10	0
1952	11	0
1952	12	0
1953	1	0
1953	2	0
1953	3	1
1953	4	1
1953	5	2
1953	6	137
1953	7	0
1953	8	1
1953	9	0
1953	10	0
1953	11	0
1953	12	0
1954	1	0
1954	2	3
1954	3	2
1954	4	2
1954	5	2
1954	6	701
1954	7	10
1954	8	1
1954	9	0
1954	10	0
1954	11	0
1954	12	0
1955	1	0
1955	2	0
1955	3	21
1955	4	2
1955	5	0
1955	6	0
1955	7	2
1955	8	0
1955	9	0
1955	10	0
1955	11	0
1955	12	0
1956	1	0
1956	2	0
1956	3	1
1956	4	0
1956	5	3
1956	6	0
1956	7	3
1956	8	5
1956	9	0
1956	10	0
1956	11	0
1956	12	0
1957	1	0
1957	2	0
1957	3	0
1957	4	0
1957	5	0
1957	6	0
1957	7	2
1957	8	0
1957	9	0
1958	1	113
1958	2	413
1958	3	499
1958	4	590
1958	5	370
1958	6	705
1958	7	291
1958	8	135
1958	9	52
1958	10	37
1958	11	47
1958	12	31
1959	1	24
1959	2	25
1959	3	245
1959	4	236
1959	5	1669
1959	6	2672
1959	7	762
1959	8	462
1959	9	166
1959	10	193
1959	11	206
1959	12	297
1960	1	406
1960	2	164
1960	3	1706
1960	4	4008
1960	5	3218
1960	6	2261
1960	7	1020
1960	8	771
1960	9	757
1960	10	562
1960	11	374
1960	12	283
1961	1	161
1961	2	303
1961	3	4577
1961	4	2650
1961	5	1212
1961	6	1538
1961	7	634
1961	8	957
1961	9	368
1961	10	392
1961	11	326
1961	12	255
1962	1	199
1962	2	495
1962	3	3887
1962	4	6382
1962	5	1449
1962	6	1834
1962	7	3368
1962	8	1658
1962	9	2420
1962	10	914
1962	11	630
1962	12	398
1963	1	330
1963	2	342
1963	3	1629
1963	4	709
1963	5	688
1963	6	1993
1963	7	398
1963	8	461
1963	9	232
1963	10	182
1963	11	172
1963	12	108
1964	1	119
1964	2	145
1964	3	170
1964	4	363
1964	5	1404
1964	6	441
1964	7	304
1964	8	384
1964	9	1294
1964	10	600
1964	11	289
1964	12	193
1965	1	153
1965	2	292
1965	3	2077
1965	4	10791
1965	5	2130
1965	6	1769
1965	7	487
1965	8	203
1965	9	605
1965	10	1185
1965	11	643
1965	12	558
1966	1	336
1966	2	1452
1966	3	795
1966	4	1400
1966	5	984
1966	6	917
1966	7	299
1966	8	296
1966	9	157
1966	10	146
1966	11	146
1966	12	84
1967	1	69
1967	2	110
1967	3	657
1967	4	434
1967	5	297
1967	6	4990
1967	7	933
1967	8	279
1967	9	149
1967	10	125
1967	11	132
1967	12	98
1968	1	46
1968	2	81
1968	3	184
1968	4	156
1968	5	118
1968	6	315
1968	7	181
1968	8	194
1968	9	371
1968	10	1425
1968	11	824
1968	12	402
1969	1	268
1969	2	280
1969	3	2060
1969	4	9610
1969	5	2258
1969	6	2695
1969	7	4401
1969	8	1552
1969	9	798
1969	10	414
1969	11	358
1969	12	246
1970	1	202
1970	2	458
1970	3	1541
1970	4	1899
1970	5	1564
1970	6	820
1970	7	299
1970	8	209
1970	9	151
1970	10	704
1970	11	1034
1970	12	663
1971	1	253
1971	2	3352
1971	3	4359
1971	4	2585
1971	5	966
1971	6	3599
1971	7	1818
1971	8	398
1971	9	188
1971	10	179
1971	11	351
1971	12	236
1972	1	102
1972	2	74
1972	3	1529
1972	4	545
1972	5	2214
1972	6	1382
1972	7	1478
1972	8	1065
1972	9	460
1972	10	466
1972	11	1088
1972	12	544
1973	1	826
1973	2	852
1973	3	5413
1973	4	2647
1973	5	2278
1973	6	2174
1973	7	1483
1973	8	961
1973	9	635
1973	10	1378
1973	11	1390
1973	12	1298
1974	1	647
1974	2	1254
1974	3	1383
1974	4	1499
1974	5	1762
1974	6	1956
1974	7	778
1974	8	559
1974	9	333
1974	10	240
1974	11	260
1974	12	145
1975	1	110
1975	2	153
1975	3	1056
1975	4	4835
1975	5	4650
1975	6	4379
1975	7	1847
1975	8	1222
1975	9	770
1975	10	385
1975	11	505
1975	12	599
1976	1	273
1976	2	457
1976	3	1258
1976	4	1140
1976	5	801
1976	6	531
1976	7	294
1976	8	139
1976	9	90
1976	10	92
1976	11	105
1976	12	52
1977	1	18
1977	2	44
1977	3	547
1977	4	404
1977	5	229
1977	6	324
1977	7	436
1977	8	459
1977	9	217
1977	10	325
1977	11	1355
1977	12	675
1978	1	253
1978	2	160
1978	3	2220
1978	4	1662
1978	5	1210
1978	6	1578
1978	7	3036
1978	8	1232
1978	9	1166
1978	10	432
1978	11	316
1978	12	240
1979	1	135
1979	2	136
1979	3	5974
1979	4	5195
1979	5	3042
1979	6	1477
1979	7	902
1979	8	2582
1979	9	3028
1979	10	1252
1979	11	3612
1979	12	1970
1980	1	1211
1980	2	850
1980	3	1581
1980	4	2157
1980	5	1105
1980	6	2189
1980	7	505
1980	8	511
1980	9	527
1980	10	336
1980	11	283
1980	12	212
1981	1	141
1981	2	268
1981	3	297
1981	4	362
1981	5	440
1981	6	1143
1981	7	796
1981	8	434
1981	9	249
1981	10	319
1981	11	336
1981	12	281
1982	1	147
1982	2	1088
1982	3	2223
1982	4	1263
1982	5	2239
1982	6	2183
1982	7	4645
1982	8	1034
1982	9	1873
1982	10	3624
1982	11	3265
1982	12	2423
1983	1	1633
1983	2	3032
1983	3	9053
1983	4	10770
1983	5	5647
1983	6	8541
1983	7	6591
1983	8	1601
1983	9	1284
1983	10	1068
1983	11	1627
1983	12	977
1984	1	751
1984	2	2891
1984	3	3508
1984	4	7762
1984	5	5957
1984	6	15075
1984	7	4350
1984	8	1334
1984	9	594
1984	10	899
1984	11	967
1984	12	1934
1985	1	914
1985	2	662
1985	3	2762
1985	4	4377
1985	5	4442
1985	6	2163
1985	7	1055
1985	8	637
1985	9	1296
1985	10	1565
1985	11	1051
1985	12	814
1986	1	778
1986	2	1326
1986	3	6630
1986	4	6199
1986	5	7937
1986	6	3311
1986	7	2654
1986	8	1454
1986	9	1518
1986	10	2777
1986	11	1638
1986	12	1121
1987	1	768
1987	2	852
1987	3	2172
1987	4	4041
1987	5	2038
1987	6	1774
1987	7	4144
1987	8	1891
1987	9	2057
1987	10	1178
1987	11	908
1987	12	881
1988	1	488
1988	2	1288
1988	3	1608
1988	4	1643
1988	5	1558
1988	6	997
1988	7	470
1988	8	423
1988	9	306
1988	10	310
1988	11	337
1988	12	334
1989	1	384
1989	2	288
1989	3	1151
1989	4	519
1989	5	686
1989	6	407
1989	7	301
1989	8	149
1989	9	296
1989	10	124
1989	11	119
1989	12	73
1990	1	90
1990	2	139
1990	3	401
1990	4	290
1990	5	1393
1990	6	3777
1990	7	1578
1990	8	841
1990	9	391
1990	10	303
1990	11	299
1990	12	196
1991	1	122
1991	2	544
1991	3	1092
1991	4	3208
1991	5	4565
1991	6	4683
1991	7	1529
1991	8	875
1991	9	387
1991	10	321
1991	11	603
1991	12	1725
1992	1	2250
1992	2	1931
1992	3	3245
1992	4	3499
1992	5	3440
1992	6	2146
1992	7	3705
1992	8	2580
1992	9	1840
1992	10	3205
1992	11	2597
1992	12	1816
1993	1	1301
1993	2	1121
1993	3	5042
1993	4	8466
1993	5	6252
1993	6	10810
1993	7	13110
1993	8	5181
1993	9	3980
1993	10	2244
1993	11	1583
1993	12	1595
1994	1	1016
1994	2	2290
1994	3	3770
1994	4	1886
1994	5	2037
1994	6	4393
1994	7	3698
1994	8	1569
1994	9	1241
1994	10	1140
1994	11	936
1994	12	922
1995	1	701
1995	2	1328
1995	3	3215
1995	4	4169
1995	5	5446
1995	6	4527
1995	7	2372
1995	8	1647
1995	9	1100
1995	10	1282
1995	11	1453
1995	12	997
1996	1	778
1996	2	1152
1996	3	997
1996	4	1809
1996	5	1680
1996	6	5544
1996	7	2691
1996	8	2552
1996	9	1051
1996	10	826
1996	11	745
1996	12	647
1997	1	735
1997	2	1607
1997	3	4346
1997	4	3350
1997	5	2678
1997	6	2285
1997	7	1863
1997	8	637
1997	9	428
1997	10	365
1997	11	376
1997	12	298
1998	1	279
1998	2	763
1998	3	842
1998	4	3091
1998	5	1957
1998	6	3816
1998	7	2340
1998	8	1736
1998	9	579
1998	10	632
1998	11	1267
1998	12	799
1999	1	598
1999	2	1356
1999	3	1481
1999	4	3540
1999	5	3522
1999	6	4443
1999	7	2609
1999	8	895
1999	9	406
1999	10	324
1999	11	328
1999	12	266
2000	1	269
2000	2	370
2000	3	394
2000	4	304
2000	5	316
2000	6	756
2000	7	468
2000	8	256
2000	9	137
2000	10	122
2000	11	226
2000	12	183
2001	1	159
2001	2	169
2001	3	2288
2001	4	5966
2001	5	5472
2001	6	3818
2001	7	1712
2001	8	840
2001	9	441
2001	10	332
2001	11	374
2001	12	509
2002	1	339
2002	2	410
2002	3	650
2002	4	802
2002	5	1444
2002	6	1626
2002	7	551
2002	8	975
2002	9	468
2002	10	626
2002	11	470
2002	12	430
2003	1	338
2003	2	465
2003	3	613
2003	4	949
2003	5	2374
2003	6	2980
2003	7	4223
2003	8	808
2003	9	303
2003	10	246
2003	11	278
2003	12	240
2004	1	198
2004	2	331
2004	3	1481
2004	4	997
2004	5	2339
2004	6	3035
2004	7	2132
2004	8	696
2004	9	4117
2004	10	2673
2004	11	1479
2004	12	1011
2005	1	698
2005	2	1525
2005	3	941
2005	4	2513
2005	5	3704
2005	6	3134
2005	7	1403
2005	8	512
2005	9	408
2005	10	1048
2005	11	543
2005	12	1068
2006	1	986
2006	2	1391
2006	3	1222
2006	4	5419
2006	5	4444
2006	6	1616
2006	7	747
2006	8	572
2006	9	379
2006	10	371
2006	11	345
2006	12	391
2007	1	734
2007	2	654
2007	3	4549
2007	4	5181
2007	5	6529
2007	6	2359
2007	7	808
2007	8	2139
2007	9	2034
2007	10	4404
2007	11	2288
2007	12	1339
2008	1	998
2008	2	1014
2008	3	2967
2008	4	3435
2008	5	4048
2008	6	7387
2008	7	2845
2008	8	1184
2008	9	636
2008	10	802
2008	11	1037
2008	12	831
2009	1	553
2009	2	2788
2009	3	1510
2009	4	1385
2009	5	1795
2009	6	1890
2009	7	2397
2009	8	1058
2009	9	499
2009	10	1043
2009	11	1619
2009	12	1348
2010	1	1335
2010	2	1334
2010	3	9619
2010	4	4923
2010	5	3206
2010	6	6634
2010	7	7554
2010	8	6957
2010	9	2814
2010	10	3457
2010	11	2248
2010	12	1585
2011	1	1202
2011	2	3463
2011	3	3867
2011	4	3747
2011	5	4131
2011	6	6745
2011	7	6771
2011	8	1723
2011	9	537
2011	10	408
2011	11	433
2011	12	403
2012	1	407
2012	2	545
2012	3	1564
2012	4	944
2012	5	2182
2012	6	2962
2012	7	595
2012	8	220
2012	9	159
2012	10	155
2012	11	182
2012	12	172
2013	1	144
2013	2	151
2013	3	1113
2013	4	1626
2013	5	3999
2013	6	5655
2013	7	1399
2013	8	419
2013	9	251
2013	10	235
2013	11	215
2013	12	140
2014	1	123
2014	2	138
2014	3	510
2014	4	411
2014	5	542
2014	6	7766
2014	7	3743
2014	8	1132
2014	9	1497
2014	10	1413
2014	11	1005
2014	12	1062
2015	1	672
2015	2	584
2015	3	946
2015	4	1663
2015	5	2282
2015	6	2444
2015	7	1998
2015	8	2941
2015	9	2304
