1940	1	166
1940	2	169
1940	3	153
1940	4	124
1940	5	1713
1940	6	2439
1940	7	2513
1940	8	2382
1940	9	422
1940	10	185
1940	11	147
1940	12	140
1941	1	117
1941	2	119
1941	3	112
1941	4	537
1941	5	2825
1941	6	2737
1941	7	3295
1941	8	3938
1941	9	2441
1941	10	16
1941	11	154
1941	12	345
1942	1	194
1942	2	134
1942	3	31
1942	4	1007
1942	5	3666
1942	6	2050
1942	7	4490
1942	8	4494
1942	9	2747
1942	10	137
1942	11	211
1942	12	288
1943	1	309
1943	2	194
1943	3	235
1943	4	1203
1943	5	1966
1943	6	2462
1943	7	4692
1943	8	4610
1943	9	2758
1943	10	27
1943	11	170
1943	12	137
1944	1	117
1944	2	25
1944	3	237
1944	4	907
1944	5	2079
1944	6	2805
1944	7	4430
1944	8	4633
1944	9	2954
1944	10	27
1944	11	135
1944	12	138
1945	1	141
1945	2	140
1945	3	333
1945	4	851
1945	5	2536
1945	6	1803
1945	7	4204
1945	8	4220
1945	9	3354
1945	10	24
1945	11	183
1945	12	228
1946	1	212
1946	2	216
1946	3	235
1946	4	995
1946	5	2215
1946	6	3253
1946	7	4450
1946	8	4440
1946	9	2196
1946	10	19
1946	11	129
1946	12	197
1947	1	219
1947	2	188
1947	3	549
1947	4	1005
1947	5	1939
1947	6	1565
1947	7	3520
1947	8	4668
1947	9	3047
1947	10	25
1947	11	108
1947	12	132
1948	1	259
1948	2	242
1948	3	682
1948	4	1078
1948	5	2255
1948	6	2794
1948	7	4350
1948	8	4522
1948	9	2795
1948	10	156
1948	11	238
1948	12	213
1949	1	247
1949	2	198
1949	3	40
1949	4	898
1949	5	1390
1949	6	2124
1949	7	4826
1949	8	4770
1949	9	2643
1949	10	378
1949	11	107
1949	12	140
1950	1	155
1950	2	208
1950	3	483
1950	4	821
1950	5	1862
1950	6	3951
1950	7	4637
1950	8	4461
1950	9	2748
1950	10	222
1950	11	85
1950	12	174
1951	1	178
1951	2	172
1951	3	55
1951	4	915
1951	5	1956
1951	6	2512
1951	7	4080
1951	8	4579
1951	9	2545
1951	10	369
1951	11	164
1951	12	17
1952	1	12
1952	2	61
1952	3	138
1952	4	1238
1952	5	3916
1952	6	5831
1952	7	4719
1952	8	4777
1952	9	3750
1952	10	445
1952	11	120
1952	12	132
1953	1	153
1953	2	159
1953	3	372
1953	4	872
1953	5	1841
1953	6	2471
1953	7	4459
1953	8	3588
1953	9	2676
1953	10	13
1953	11	23
1953	12	29
1954	1	26
1954	2	684
1954	3	47
1954	4	20
1954	5	1351
1954	6	1292
1954	7	3555
1954	8	3205
1954	9	1158
1954	10	15
1954	11	20
1954	12	327
1955	1	13
1955	2	11
1955	3	16
1955	4	777
1955	5	330
1955	6	427
1955	7	2758
1955	8	3609
1955	9	2202
1955	10	10
1955	11	14
1955	12	264
1956	1	18
1956	2	11
1956	3	171
1956	4	544
1956	5	1633
1956	6	2881
1956	7	3994
1956	8	4091
1956	9	1308
1956	10	11
1956	11	11
1956	12	12
1957	1	15
1957	2	21
1957	3	775
1957	4	11
1957	5	1068
1957	6	1405
1957	7	4580
1957	8	4397
1957	9	2276
1957	10	11
1957	11	10
1957	12	11
1958	1	12
1958	2	13
1958	3	13
1958	4	659
1958	5	1896
1958	6	2028
1958	7	4528
1958	8	4824
1958	9	3240
1958	10	77
1958	11	8
1958	12	17
1959	1	16
1959	2	19
1959	3	421
1959	4	414
1959	5	767
1959	6	2028
1959	7	4290
1959	8	4738
1959	9	3113
1959	10	26
1959	11	4
1959	12	5
1960	1	7
1960	2	9
1960	3	464
1960	4	403
1960	5	259
1960	6	3178
1960	7	5113
1960	8	4332
1960	9	1343
1960	10	3
1960	11	6
1960	12	18
1961	1	6
1961	2	1
1961	3	651
1961	4	367
1961	5	21
1961	6	615
1961	7	4650
1961	8	3769
1961	9	1102
1961	10	2
1961	11	1
1961	12	1
1962	1	1
1962	2	186
1962	3	286
1962	4	1078
1962	5	2788
1962	6	476
1962	7	3355
1962	8	4648
1962	9	3162
1962	10	55
1962	11	18
1962	12	1
1963	1	2
1963	2	21
1963	3	258
1963	4	932
1963	5	2333
1963	6	872
1963	7	5184
1963	8	4746
1963	9	2959
1963	10	458
1963	11	7
1963	12	1
1964	1	1
1964	2	1
1964	3	6
1964	4	605
1964	5	1863
1964	6	2491
1964	7	5085
1964	8	4762
1964	9	2965
1964	10	57
1964	11	6
1964	12	2
1965	1	4
1965	2	8
1965	3	8
1965	4	831
1965	5	2958
1965	6	1972
1965	7	4018
1965	8	4731
1965	9	2713
1965	10	76
1965	11	19
1965	12	3
1966	1	4
1966	2	6
1966	3	17
1966	4	880
1966	5	3485
1966	6	2168
1966	7	5080
1966	8	4205
1966	9	2651
1966	10	228
1966	11	2
1966	12	1
1967	1	1
1967	2	2
1967	3	4
1967	4	662
1967	5	1391
1967	6	988
1967	7	3759
1967	8	4846
1967	9	3286
1967	10	79
1967	11	41
1967	12	35
1968	1	42
1968	2	27
1968	3	212
1968	4	954
1968	5	2178
1968	6	2238
1968	7	5017
1968	8	4624
1968	9	3120
1968	10	286
1968	11	16
1968	12	15
1969	1	16
1969	2	17
1969	3	256
1969	4	997
1969	5	2963
1969	6	1637
1969	7	4741
1969	8	5046
1969	9	3386
1969	10	409
1969	11	8
1969	12	1
1970	1	2
1970	2	2
1970	3	2
1970	4	615
1970	5	2368
1970	6	2821
1970	7	4796
1970	8	4721
1970	9	3096
1970	10	365
1970	11	15
1970	12	1
1971	1	1
1971	2	1
1971	3	5
1971	4	2364
1971	5	5067
1971	6	6646
1971	7	5926
1971	8	4792
1971	9	2947
1971	10	334
1971	11	1
1971	12	1
1972	1	1
1972	2	335
1972	3	2020
1972	4	920
1972	5	2337
1972	6	3846
1972	7	4988
1972	8	4511
1972	9	2840
1972	10	206
1972	11	15
1972	12	2
1973	1	2
1973	2	1
1973	3	113
1973	4	1860
1973	5	4831
1973	6	9117
1973	7	6866
1973	8	7210
1973	9	3914
1973	10	468
1973	11	28
1973	12	1
1974	1	2
1974	2	91
1974	3	3836
1974	4	3972
1974	5	3841
1974	6	5594
1974	7	5080
1974	8	4555
1974	9	2785
1974	10	285
1974	11	1
1974	12	2
1975	1	2
1975	2	2
1975	3	2
1975	4	479
1975	5	2551
1975	6	2581
1975	7	5489
1975	8	4862
1975	9	3296
1975	10	494
1975	11	1
1975	12	1
1976	1	1
1976	2	1
1976	3	1
1976	4	674
1976	5	2167
1976	6	2485
1976	7	5214
1976	8	4616
1976	9	3403
1976	10	520
1976	11	3
1976	12	1
1977	1	2
1977	2	2
1977	3	2
1977	4	384
1977	5	2933
1977	6	2196
1977	7	4886
1977	8	3586
1977	9	2661
1977	10	11
1977	11	14
1977	12	8
1978	1	8
1978	2	11
1978	3	10
1978	4	817
1978	5	1977
1978	6	2357
1978	7	5093
1978	8	4666
1978	9	3195
1978	10	318
1978	11	4
1978	12	2
1979	1	2
1979	2	3
1979	3	4
1979	4	438
1979	5	2048
1979	6	2143
1979	7	4997
1979	8	4772
1979	9	3047
1979	10	263
1979	11	4
1979	12	5
1980	1	6
1980	2	5
1980	3	7
1980	4	1576
1980	5	3613
1980	6	3691
1980	7	5163
1980	8	4720
1980	9	3126
1980	10	275
1980	11	3
1980	12	2
1981	1	2
1981	2	1
1981	3	2
1981	4	128
1981	5	475
1981	6	3199
1981	7	4855
1981	8	4285
1981	9	2800
1981	10	218
1981	11	2
1981	12	3
1982	1	6
1982	2	4
1982	3	1
1982	4	538
1982	5	1862
1982	6	412
1982	7	4834
1982	8	4664
1982	9	2872
1982	10	70
1982	11	2
1982	12	4
1983	1	6
1983	2	7
1983	3	7
1983	4	1320
1983	5	2810
1983	6	5425
1983	7	8864
1983	8	9035
1983	9	6518
1983	10	90
1983	11	43
1983	12	16
1984	1	37
1984	2	594
1984	3	3172
1984	4	3764
1984	5	5017
1984	6	8408
1984	7	6776
1984	8	6381
1984	9	4113
1984	10	442
1984	11	60
1984	12	47
1985	1	21
1985	2	151
1985	3	1715
1985	4	814
1985	5	2996
1985	6	3660
1985	7	5283
1985	8	4958
1985	9	3162
1985	10	339
1985	11	2
1985	12	1
1986	1	1
1986	2	2
1986	3	417
1986	4	2437
1986	5	3499
1986	6	3955
1986	7	7313
1986	8	5134
1986	9	3500
1986	10	1162
1986	11	1133
1986	12	230
1987	1	16
1987	2	5
1987	3	7
1987	4	1266
1987	5	1460
1987	6	2071
1987	7	5111
1987	8	4077
1987	9	2418
1987	10	22
1987	11	3
1987	12	2
1988	1	3
1988	2	5
1988	3	6
1988	4	944
1988	5	1894
1988	6	2495
1988	7	5098
1988	8	4840
1988	9	2775
1988	10	217
1988	11	4
1988	12	2
1989	1	2
1989	2	3
1989	3	6
1989	4	516
1989	5	1788
1989	6	2271
1989	7	5119
1989	8	4319
1989	9	1455
1989	10	1
1989	11	1
1989	12	1
1990	1	1
1990	2	1
1990	3	1
1990	4	337
1990	5	6
1990	6	1450
1990	7	4947
1990	8	3983
1990	9	1294
1990	10	209
1990	11	1
1990	12	1
1991	1	1
1991	2	1
1991	3	0
1991	4	259
1991	5	413
1991	6	2161
1991	7	4851
1991	8	4614
1991	9	2658
1991	10	82
1991	11	2
1991	12	1
1992	1	1
1992	2	1
1992	3	3
1992	4	547
1992	5	259
1992	6	564
1992	7	4388
1992	8	4664
1992	9	2028
1992	10	9
1992	11	1
1992	12	3
1993	1	3
1993	2	3
1993	3	5
1993	4	380
1993	5	2451
1993	6	775
1993	7	4840
1993	8	4292
1993	9	2430
1993	10	101
1993	11	1
1993	12	4
1994	1	6
1994	2	9
1994	3	11
1994	4	198
1994	5	2524
1994	6	2902
1994	7	4767
1994	8	4602
1994	9	2578
1994	10	125
1994	11	3
1994	12	3
1995	1	6
1995	2	9
1995	3	8
1995	4	190
1995	5	1376
1995	6	3447
1995	7	4151
1995	8	4771
1995	9	3158
1995	10	176
1995	11	3
1995	12	4
1996	1	8
1996	2	9
1996	3	5
1996	4	812
1996	5	3291
1996	6	4272
1996	7	5098
1996	8	4850
1996	9	2538
1996	10	85
1996	11	4
1996	12	4
1997	1	9
1997	2	12
1997	3	425
1997	4	3092
1997	5	4419
1997	6	4895
1997	7	5632
1997	8	4136
1997	9	2882
1997	10	10
1997	11	3
1997	12	4
1998	1	9
1998	2	16
1998	3	2373
1998	4	3255
1998	5	2097
1998	6	2033
1998	7	5119
1998	8	4711
