1940	1	16
1940	2	18
1940	3	32
1940	4	27
1940	5	220
1940	6	206
1940	7	68
1940	8	21
1940	9	21
1940	10	28
1940	11	24
1940	12	20
1941	1	17
1941	2	18
1941	3	27
1941	4	35
1941	5	307
1941	6	296
1941	7	81
1941	8	46
1941	9	32
1941	10	45
1941	11	36
1941	12	26
1942	1	17
1942	2	20
1942	3	29
1942	4	73
1942	5	211
1942	6	553
1942	7	106
1942	8	35
1942	9	23
1942	10	35
1942	11	28
1942	12	34
1943	1	25
1943	2	23
1943	3	39
1943	4	106
1943	5	379
1943	6	693
1943	7	179
1943	8	52
1943	9	17
1943	10	21
1943	11	27
1943	12	19
1944	1	16
1944	2	15
1944	3	20
1944	4	42
1944	5	101
1944	6	357
1944	7	83
1944	8	25
1944	9	13
1944	10	22
1944	11	20
1944	12	16
1945	1	15
1945	2	17
1945	3	22
1945	4	64
1945	5	245
1945	6	546
1945	7	293
1945	8	94
1945	9	35
1945	10	36
1945	11	37
1945	12	35
1946	1	28
1946	2	26
1946	3	45
1946	4	76
1946	5	175
1946	6	429
1946	7	106
1946	8	40
1946	9	25
1946	10	32
1946	11	39
1946	12	36
1947	1	21
1947	2	21
1947	3	25
1947	4	42
1947	5	288
1947	6	550
1947	7	219
1947	8	81
1947	9	31
1947	10	31
1947	11	31
1947	12	27
1948	1	24
1948	2	22
1948	3	27
1948	4	85
1948	5	369
1948	6	329
1948	7	80
1948	8	28
1948	9	13
1948	10	25
1948	11	26
1948	12	26
1949	1	21
1949	2	21
1949	3	31
1949	4	54
1949	5	304
1949	6	852
1949	7	201
1949	8	51
1949	9	31
1949	10	39
1949	11	37
1949	12	21
1950	1	14
1950	2	17
1950	3	18
1950	4	38
1950	5	146
1950	6	694
1950	7	193
1950	8	52
1950	9	42
1950	10	31
1950	11	37
1950	12	36
1951	1	23
1951	2	22
1951	3	26
1951	4	63
1951	5	359
1951	6	736
1951	7	290
1951	8	84
1951	9	32
1951	10	41
1951	11	34
1951	12	25
1952	1	21
1952	2	19
1952	3	26
1952	4	79
1952	5	414
1952	6	661
1952	7	145
1952	8	50
1952	9	24
1952	10	21
1952	11	20
1952	12	21
1953	1	22
1953	2	20
1953	3	29
1953	4	38
1953	5	78
1953	6	592
1953	7	140
1953	8	68
1953	9	22
1953	10	23
1953	11	27
1953	12	23
1954	1	20
1954	2	27
1954	3	27
1954	4	29
1954	5	185
1954	6	141
1954	7	38
1954	8	16
1954	9	13
1954	10	16
1954	11	16
1954	12	13
1955	1	8
1955	2	7
1955	3	9
1955	4	17
1955	5	78
1955	6	194
1955	7	41
1955	8	28
1955	9	13
1955	10	15
1955	11	17
1955	12	14
1956	1	13
1956	2	13
1956	3	15
1956	4	27
1956	5	287
1956	6	321
1956	7	60
1956	8	33
1956	9	16
1956	10	18
1956	11	21
1956	12	15
1957	1	9
1957	2	16
1957	3	26
1957	4	40
1957	5	107
1957	6	781
1957	7	438
1957	8	100
1957	9	37
1957	10	31
1957	11	27
1957	12	25
1958	1	24
1958	2	23
1958	3	21
1958	4	34
1958	5	345
1958	6	444
1958	7	83
1958	8	33
1958	9	19
1958	10	16
1958	11	17
1958	12	15
1959	1	16
1959	2	15
1959	3	16
1959	4	57
1959	5	155
1959	6	635
1959	7	125
1959	8	48
1959	9	22
1959	10	37
1959	11	41
1959	12	30
1960	1	17
1960	2	18
1960	3	23
1960	4	51
1960	5	168
1960	6	360
1960	7	88
1960	8	24
1960	9	16
1960	10	19
1960	11	23
1960	12	21
1961	1	18
1961	2	16
1961	3	17
1961	4	29
1961	5	178
1961	6	384
1961	7	85
1961	8	38
1961	9	37
1961	10	50
1961	11	40
1961	12	31
1962	1	19
1962	2	53
1962	3	27
1962	4	84
1962	5	332
1962	6	470
1962	7	151
1962	8	38
1962	9	19
1962	10	24
1962	11	23
1962	12	25
1963	1	16
1963	2	24
1963	3	37
1963	4	47
1963	5	243
1963	6	294
1963	7	58
1963	8	37
1963	9	23
1963	10	18
1963	11	19
1963	12	17
1964	1	16
1964	2	16
1964	3	18
1964	4	45
1964	5	168
1964	6	449
1964	7	167
1964	8	42
1964	9	23
1964	10	21
1964	11	21
1964	12	21
1965	1	26
1965	2	16
1965	3	18
1965	4	51
1965	5	128
1965	6	811
1965	7	187
1965	8	68
1965	9	67
1965	10	71
1965	11	49
1965	12	37
1966	1	23
1966	2	23
1966	3	32
1966	4	41
1966	5	208
1966	6	210
1966	7	51
1966	8	23
1966	9	18
1966	10	21
1966	11	20
1966	12	17
1967	1	14
1967	2	14
1967	3	22
1967	4	26
1967	5	98
1967	6	579
1967	7	220
1967	8	37
1967	9	29
1967	10	27
1967	11	30
1967	12	18
1968	1	19
1968	2	23
1968	3	44
1968	4	39
1968	5	69
1968	6	566
1968	7	142
1968	8	51
1968	9	34
1968	10	28
1968	11	21
1968	12	20
1969	1	16
1969	2	14
1969	3	19
1969	4	35
1969	5	277
1969	6	359
1969	7	103
1969	8	32
1969	9	18
1969	10	32
1969	11	32
1969	12	25
1970	1	17
1970	2	24
1970	3	24
1970	4	51
1970	5	241
1970	6	822
1970	7	272
1970	8	66
1970	9	48
1970	10	51
1970	11	39
1970	12	29
1971	1	25
1971	2	30
1971	3	47
1971	4	74
1971	5	222
1971	6	1078
1971	7	369
1971	8	90
1971	9	51
1971	10	39
1972	4	44
1972	5	193
1972	6	728
1972	7	132
1972	8	42
1972	9	30
1973	4	46
1973	5	184
1973	6	415
1973	7	184
1973	8	60
1973	9	34
1974	4	44
1974	5	312
1974	6	537
1974	7	169
1974	8	42
1974	9	24
1975	4	43
1975	5	117
1975	6	570
1975	7	355
1975	8	92
1975	9	32
1976	4	42
1976	5	180
1976	6	382
1976	7	179
1976	8	69
1976	9	31
1977	4	43
1977	5	168
1977	6	237
1977	7	43
1977	8	20
1977	9	13
1978	4	42
1978	5	154
1978	6	816
1978	7	345
1978	8	77
1978	9	35
1979	4	84
1979	5	294
1979	6	812
1979	7	246
1979	8	81
1979	9	34
1980	4	89
1980	5	323
1980	6	663
1980	7	155
1980	8	40
1980	9	30
1981	4	32
1981	5	136
1981	6	237
1981	7	44
1981	8	22
1981	9	21
1982	4	36
1982	5	155
1982	6	674
1982	7	427
1982	8	109
1982	9	60
1983	4	80
1983	5	142
1983	6	899
1983	7	439
1983	8	118
1983	9	46
1984	4	78
1984	5	391
1984	6	594
1984	7	265
1984	8	126
1984	9	60
1985	4	79
1985	5	316
1985	6	366
1985	7	96
1985	8	27
1985	9	23
1986	4	73
1986	5	227
1986	6	790
1986	7	203
1986	8	56
1986	9	32
1987	4	53
1987	5	226
1987	6	106
1987	7	43
1987	8	27
1987	9	17
1988	4	58
1988	5	246
1988	6	577
1988	7	108
1988	8	30
1988	9	23
1989	4	49
1989	5	190
1989	6	225
1989	7	50
1989	8	23
1989	9	17
1990	4	41
1990	5	128
1990	6	444
1990	7	124
1990	8	27
1990	9	22
1991	4	28
1991	5	171
1991	6	421
1991	7	73
1991	8	27
1991	9	18
1992	4	31
1992	5	203
1992	6	140
1992	7	54
1992	8	22
1992	9	16
1993	4	26
1993	5	204
1993	6	464
1993	7	131
1993	8	48
1993	9	29
1994	4	42
1994	5	306
1994	6	228
1994	7	45
1994	8	20
1994	9	14
1995	4	20
1995	5	84
1995	6	651
1995	7	350
1995	8	56
1995	9	33
1996	4	45
1996	5	291
1996	6	572
1996	7	135
1996	8	38
1996	9	29
1997	4	56
1997	5	253
1997	6	671
1997	7	134
1997	8	68
1997	9	57
1998	4	56
1998	5	297
1998	6	466
1998	7	172
1998	8	60
1998	9	30
1999	4	59
1999	5	192
1999	6	670
1999	7	228
1999	8	70
1999	9	38
2000	4	44
2000	5	283
2000	6	186
2000	7	47
2000	8	20
2000	9	16
2001	4	36
2001	5	294
2001	6	244
2001	7	58
2001	8	24
2001	9	17
2002	4	25
2002	5	82
2002	6	117
2002	7	23
2002	8	10
2002	9	8
2003	4	23
2003	5	184
2003	6	319
2003	7	74
2003	8	22
2003	9	18
2004	4	32
2004	5	171
2004	6	211
2004	7	66
2004	8	21
2004	9	26
2005	4	28
2005	5	263
2005	6	334
2005	7	73
2005	8	21
2005	9	18
2006	4	53
2006	5	310
2006	6	331
2006	7	87
2006	8	26
2006	9	26
2007	4	42
2007	5	271
2007	6	259
2007	7	62
2007	8	26
2007	9	20
2008	5	132
2008	6	448
2008	7	154
2008	8	41
2008	9	24
2009	4	43
2009	5	302
2009	6	624
2009	7	170
2009	8	45
2009	9	24
2010	5	165
2010	6	896
2010	7	185
2010	8	51
2010	9	21
2011	4	70
2011	5	152
2011	6	1121
2011	7	723
2011	8	112
2011	9	50
2012	4	112
2012	5	239
2012	6	123
2012	7	41
2012	8	18
2012	9	17
2013	4	24
2013	5	203
2013	6	295
2013	7	57
2013	8	24
2013	9	68
2014	4	82
2014	5	536
2014	6	919
2014	7	214
2014	8	63
2014	9	50
2015	4	90
2015	5	331
2015	6	633
2015	7	109
2015	8	34
2015	9	26
