1940	1	45
1940	2	66
1940	3	120
1940	4	190
1940	5	297
1940	6	382
1940	7	270
1940	8	218
1940	9	197
1940	10	133
1940	11	97
1940	12	80
1941	1	78
1941	2	69
1941	3	87
1941	4	301
1941	5	912
1941	6	878
1941	7	587
1941	8	563
1941	9	342
1941	10	402
1941	11	174
1941	12	110
1942	1	91
1942	2	86
1942	3	114
1942	4	1954
1942	5	2979
1942	6	2067
1942	7	985
1942	8	725
1942	9	353
1942	10	232
1942	11	175
1942	12	158
1943	1	149
1943	2	112
1943	3	111
1943	4	231
1943	5	471
1943	6	502
1943	7	417
1943	8	443
1943	9	198
1943	10	189
1943	11	124
1943	12	78
1944	1	99
1944	2	60
1944	3	61
1944	4	207
1944	5	889
1944	6	1003
1944	7	528
1944	8	362
1944	9	172
1944	10	151
1944	11	137
1944	12	75
1945	1	100
1945	2	85
1945	3	85
1945	4	125
1945	5	389
1945	6	368
1945	7	529
1945	8	1532
1945	9	494
1945	10	243
1945	11	177
1945	12	138
1946	1	112
1946	2	123
1946	3	144
1946	4	311
1946	5	371
1946	6	461
1946	7	496
1946	8	391
1946	9	238
1946	10	178
1946	11	159
1946	12	139
1947	1	97
1947	2	116
1947	3	125
1947	4	295
1947	5	701
1947	6	1350
1947	7	1172
1947	8	773
1947	9	388
1947	10	355
1947	11	278
1947	12	151
1948	1	108
1948	2	149
1948	3	243
1948	4	1022
1948	5	1502
1948	6	1359
1948	7	632
1948	8	479
1948	9	268
1948	10	234
1948	11	192
1948	12	136
1949	1	121
1949	2	134
1949	3	136
1949	4	245
1949	5	605
1949	6	2654
1949	7	1735
1949	8	656
1949	9	302
1949	10	200
1949	11	132
1949	12	114
1950	1	122
1950	2	93
1950	3	137
1950	4	331
1950	5	348
1950	6	468
1950	7	408
1950	8	295
1950	9	208
1950	10	179
1950	11	145
1950	12	117
1951	1	86
1951	2	88
1951	3	145
1951	4	155
1951	5	370
1951	6	662
1951	7	538
1951	8	499
1951	9	208
1951	10	148
1951	11	105
1951	12	83
1952	1	96
1952	2	83
1952	3	95
1952	4	181
1952	5	554
1952	6	861
1952	7	576
1952	8	523
1952	9	221
1952	10	156
1952	11	149
1952	12	87
1953	1	83
1953	2	66
1953	3	87
1953	4	124
1953	5	359
1953	6	697
1953	7	624
1953	8	581
1953	9	224
1953	10	231
1953	11	147
1953	12	98
1954	1	87
1954	2	98
1954	3	89
1954	4	197
1954	5	429
1954	6	381
1954	7	393
1954	8	320
1954	9	239
1954	10	214
1954	11	115
1954	12	63
1955	1	70
1955	2	70
1955	3	81
1955	4	172
1955	5	399
1955	6	292
1955	7	254
1955	8	608
1955	9	329
1955	10	139
1955	11	125
1955	12	85
1956	1	64
1956	2	67
1956	3	71
1956	4	137
1956	5	584
1956	6	544
1956	7	290
1956	8	232
1956	9	164
1956	10	104
1956	11	85
1956	12	82
1957	1	61
1957	2	68
1957	3	52
1957	4	147
1957	5	563
1957	6	1042
1957	7	1092
1957	8	938
1957	9	331
1957	10	248
1957	11	180
1957	12	93
1958	1	71
1958	2	99
1958	3	144
1958	4	397
1958	5	1194
1958	6	874
1958	7	389
1958	8	295
1958	9	233
1958	10	139
1958	11	65
1958	12	51
1959	1	58
1959	2	59
1959	3	74
1959	4	147
1959	5	265
1959	6	611
1959	7	423
1959	8	440
1959	9	194
1959	10	188
1959	11	89
1959	12	59
1960	1	55
1960	2	55
1960	3	171
1960	4	358
1960	5	547
1960	6	636
1960	7	509
1960	8	333
1960	9	129
1960	10	114
1960	11	84
1960	12	57
1961	1	54
1961	2	104
1961	3	199
1961	4	162
1961	5	344
1961	6	383
1961	7	530
1961	8	727
1961	9	427
1961	10	348
1961	11	303
1961	12	167
1962	1	132
1962	2	166
1962	3	174
1962	4	669
1962	5	748
1962	6	633
1962	7	576
1962	8	408
1962	9	243
1962	10	143
1962	11	103
1962	12	71
1963	1	87
1963	2	98
1963	3	79
1963	4	236
1963	5	345
1963	6	296
1963	7	338
1963	8	369
1963	9	400
1963	10	255
1963	11	124
1963	12	82
1964	1	74
1964	2	58
1964	3	170
1964	4	238
1964	5	560
1964	6	414
1964	7	537
1964	8	523
1964	9	270
1964	10	143
1964	11	185
1964	12	112
1965	1	110
1965	2	72
1965	3	55
1965	4	415
1965	5	576
1965	6	818
1965	7	875
1965	8	774
1965	9	503
1965	10	251
1965	11	159
1965	12	118
1966	1	86
1966	2	74
1966	3	110
1966	4	234
1966	5	476
1966	6	427
1966	7	501
1966	8	439
1966	9	257
1966	10	184
1966	11	151
1966	12	127
1967	1	125
1967	2	135
1967	3	130
1967	4	284
1967	5	330
1967	6	389
1967	7	327
1967	8	589
1967	9	450
1967	10	218
1967	11	124
1967	12	115
1968	1	115
1968	2	117
1968	3	153
1968	4	164
1968	5	371
1968	6	550
1968	7	694
1968	8	797
1968	9	383
1968	10	211
1968	11	143
1968	12	142
1969	1	112
1969	2	113
1969	3	150
1969	4	252
1969	5	968
1969	6	1440
1969	7	893
1969	8	777
1969	9	456
1969	10	359
1969	11	393
1969	12	233
1970	1	199
1970	2	169
1970	3	179
1970	4	875
1970	5	2431
1970	6	1887
1970	7	1232
1970	8	870
1970	9	386
1970	10	288
1970	11	221
1970	12	177
1971	1	176
1971	2	161
1971	3	159
1971	4	316
1971	5	430
1971	6	756
1971	7	816
1971	8	616
1971	9	400
1971	10	197
1971	11	170
1971	12	156
1972	1	157
1972	2	155
1972	3	216
1972	4	281
1972	5	489
1972	6	711
1972	7	620
1972	8	509
1972	9	265
1972	10	268
1972	11	168
1972	12	160
1973	1	182
1973	2	170
1973	3	167
1973	4	254
1973	5	2368
1973	6	1706
1973	7	1122
1973	8	747
1973	9	399
1973	10	263
1973	11	214
1973	12	184
1974	1	169
1974	2	193
1974	3	220
1974	4	298
1974	5	643
1974	6	619
1974	7	699
1974	8	547
1974	9	298
1974	10	258
1974	11	184
1974	12	124
1975	1	158
1975	2	177
1975	3	168
1975	4	299
1975	5	528
1975	6	689
1975	7	1120
1975	8	654
1975	9	388
1975	10	237
1975	11	169
1975	12	187
1976	1	192
1976	2	238
1976	3	139
1976	4	334
1976	5	514
1976	6	667
1976	7	787
1976	8	837
1976	9	411
1976	10	261
1976	11	238
1976	12	197
1977	1	207
1977	2	198
1977	3	232
1977	4	385
1977	5	538
1977	6	463
1977	7	531
1977	8	404
1977	9	271
1977	10	390
1977	11	206
1977	12	175
1978	1	224
1978	2	203
1978	3	191
1978	4	218
1978	5	342
1978	6	608
1978	7	697
1978	8	561
1978	9	312
1978	10	393
1978	11	252
1978	12	171
1979	1	201
1979	2	177
1979	3	186
1979	4	264
1979	5	419
1979	6	1142
1979	7	959
1979	8	579
1979	9	315
1979	10	393
1979	11	251
1979	12	167
1980	1	201
1980	2	199
1980	3	169
1980	4	321
1980	5	1905
1980	6	1922
1980	7	1008
1980	8	658
1980	9	410
1980	10	379
1980	11	299
1980	12	217
1981	1	224
1981	2	205
1981	3	160
1981	4	336
1981	5	392
1981	6	445
1981	7	496
1981	8	504
1981	9	433
1981	10	373
1981	11	252
1981	12	186
1982	1	190
1982	2	194
1982	3	179
1982	4	317
1982	5	493
1982	6	494
1982	7	698
1982	8	883
1982	9	566
2001	10	418
2001	11	305
2001	12	239
2002	1	244
2002	2	216
2002	3	214
2002	4	421
2002	5	598
2002	6	611
2002	7	657
2002	8	522
2002	9	327
2002	10	281
2002	11	251
2002	12	266
2003	1	240
2003	2	248
2003	3	210
2003	4	309
2003	5	374
2003	6	458
2003	7	403
2003	8	434
2003	9	529
2003	10	355
2003	11	222
2003	12	152
2004	1	154
2004	2	167
2004	3	265
2004	4	293
2004	5	323
2004	6	456
2004	7	536
2004	8	562
2004	9	457
2004	10	328
2004	11	268
2004	12	209
2005	1	191
2005	2	199
2005	3	296
2005	4	414
2005	5	751
2005	6	619
2005	7	587
2005	8	485
2005	9	441
2005	10	262
2005	11	162
2005	12	184
2006	1	194
2006	2	205
2006	3	233
2006	4	383
2006	5	594
2006	6	908
2006	7	837
2006	8	612
2006	9	449
2006	10	449
2006	11	339
2006	12	232
2007	1	205
2007	2	221
2007	3	520
2007	4	623
2007	5	1560
2007	6	1391
2007	7	1111
2007	8	920
