1940	1	15
1940	2	15
1940	3	18
1940	4	46
1940	5	249
1940	6	462
1940	7	263
1940	8	115
1940	9	106
1940	10	88
1940	11	42
1940	12	23
1941	1	17
1941	2	18
1941	3	20
1941	4	63
1941	5	481
1941	6	738
1941	7	301
1941	8	137
1941	9	88
1941	10	74
1941	11	56
1941	12	29
1942	1	17
1942	2	22
1942	3	21
1942	4	150
1942	5	505
1942	6	1013
1942	7	405
1942	8	128
1942	9	62
1942	10	117
1942	11	77
1942	12	40
1943	1	32
1943	2	33
1943	3	35
1943	4	120
1943	5	401
1943	6	900
1943	7	423
1943	8	167
1943	9	61
1943	10	34
1943	11	29
1943	12	27
1944	1	20
1944	2	16
1944	3	21
1944	4	144
1944	5	471
1944	6	755
1944	7	384
1944	8	107
1944	9	36
1944	10	34
1944	11	21
1944	12	16
1945	1	12
1945	2	15
1945	3	26
1945	4	56
1945	5	332
1945	6	686
1945	7	693
1945	8	384
1945	9	94
1945	10	66
1945	11	47
1945	12	28
1946	1	28
1946	2	25
1946	3	28
1946	4	72
1946	5	148
1946	6	507
1946	7	265
1946	8	132
1946	9	81
1946	10	68
1946	11	48
1946	12	29
1947	1	21
1947	2	21
1947	3	29
1947	4	59
1947	5	553
1947	6	1133
1947	7	718
1947	8	328
1947	9	122
1947	10	76
1947	11	63
1947	12	40
1948	1	35
1948	2	33
1948	3	37
1948	4	87
1948	5	408
1948	6	629
1948	7	289
1948	8	142
1948	9	53
1948	10	35
1948	11	29
1948	12	32
1949	1	23
1949	2	18
1949	3	27
1949	4	92
1949	5	517
1949	6	1400
1949	7	652
1949	8	218
1949	9	92
1951	4	50
1951	5	406
1951	6	863
1951	7	615
1951	8	339
1951	9	128
1951	10	72
1951	11	35
1951	12	86
1952	1	76
1952	2	29
1952	3	27
1952	4	123
1952	5	380
1952	6	908
1952	7	380
1952	8	407
1952	9	140
1952	10	64
1952	11	36
1952	12	39
1953	1	31
1953	2	30
1953	3	33
1953	4	50
1953	5	224
1953	6	760
1953	7	607
1953	8	398
1953	9	236
1953	10	130
1953	11	46
1953	12	49
1954	1	23
1954	2	18
1954	3	23
1954	4	42
1954	5	178
1954	6	206
1954	7	164
1954	8	77
1954	9	52
1954	10	55
1954	11	30
1954	12	21
1955	1	15
1955	2	15
1955	3	16
1955	4	29
1955	5	134
1955	6	172
1955	7	147
1955	8	145
1955	9	73
1955	10	41
1955	11	32
1955	12	24
1956	1	22
1956	2	21
1956	3	25
1956	4	50
1956	5	196
1956	6	245
1956	7	153
1956	8	141
1956	9	59
1956	10	35
1956	11	28
1956	12	21
1957	1	18
1957	2	18
1957	3	18
1957	4	96
1957	5	398
1957	6	477
1957	7	399
1957	8	174
1957	9	83
1957	10	65
1957	11	44
1957	12	29
1958	1	21
1958	2	26
1958	3	29
1958	4	61
1958	5	449
1958	6	298
1958	7	160
1958	8	129
1958	9	64
1958	10	30
1958	11	25
1958	12	22
1959	1	18
1959	2	16
1959	3	19
1959	4	56
1959	5	62
1959	6	268
1959	7	142
1959	8	129
1959	9	67
1959	10	66
1959	11	33
1959	12	30
1960	1	15
1960	2	19
1960	3	28
1960	4	63
1960	5	96
1960	6	212
1960	7	110
1960	8	102
1960	9	70
1960	10	41
1960	11	30
1960	12	20
1961	1	16
1961	2	17
1961	3	26
1961	4	48
1961	5	134
1961	6	289
1961	7	147
1961	8	118
1961	9	92
1961	10	29
1961	11	70
1961	12	37
1962	1	28
1962	2	35
1962	3	31
1962	4	66
1962	5	111
1962	6	202
1962	7	364
1962	8	118
1962	9	70
1962	10	46
1962	11	32
1962	12	23
1963	1	15
1963	2	23
1963	3	25
1963	4	39
1963	5	135
1963	6	132
1963	7	106
1963	8	118
1963	9	89
1963	10	67
1963	11	39
1963	12	25
1964	1	18
1964	2	16
1964	3	23
1964	4	41
1964	5	108
1964	6	122
1964	7	150
1964	8	100
1964	9	54
1964	10	31
1964	11	20
1964	12	14
1965	1	15
1965	2	15
1965	3	18
1965	4	52
1965	5	115
1965	6	517
1965	7	274
1965	8	137
1965	9	95
1965	10	68
1965	11	49
1965	12	36
1966	1	18
1966	2	17
1966	3	24
1966	4	40
1966	5	128
1966	6	136
1966	7	143
1966	8	123
1966	9	70
1966	10	51
1966	11	30
1966	12	23
1967	1	14
1967	2	14
1967	3	21
1967	4	37
1967	5	109
1967	6	168
1967	7	60
1967	8	131
1967	9	122
1967	10	73
1967	11	48
1967	12	30
1968	1	25
1968	2	25
1968	3	27
1968	4	38
1968	5	134
1968	6	261
1968	7	157
1968	8	102
1968	9	78
1968	10	48
1968	11	35
1968	12	18
1969	1	17
1969	2	17
1969	3	17
1969	4	46
1969	5	245
1969	6	176
1969	7	188
1969	8	123
1969	9	76
1969	10	83
1969	11	41
1969	12	10
1970	1	22
1970	2	24
1970	3	25
1970	4	80
1970	5	127
1970	6	281
1970	7	176
1970	8	96
1970	9	66
1970	10	43
1970	11	53
1970	12	29
1971	1	21
1971	2	17
1971	3	24
1971	4	71
1971	5	71
1971	6	396
1971	7	309
1971	8	96
1971	9	51
1971	10	49
1971	11	40
1971	12	24
1972	1	20
1972	2	21
1972	3	31
1972	4	54
1972	5	97
1972	6	207
1972	7	104
1972	8	99
1972	9	68
1972	10	43
1972	11	42
1972	12	25
1973	1	18
1973	2	18
1973	3	21
1973	4	43
1973	5	207
1973	6	391
1973	7	310
1973	8	100
1973	9	62
1973	10	37
1973	11	45
1973	12	26
1974	1	22
1974	2	20
1974	3	27
1974	4	53
1974	5	88
1974	6	222
1974	7	259
1974	8	110
1974	9	67
1974	10	51
1974	11	48
1974	12	26
1975	1	18
1975	2	21
1975	3	25
1975	4	56
1975	5	72
1975	6	241
1975	7	246
1975	8	125
1975	9	64
1975	10	40
1975	11	33
1975	12	24
1976	1	13
1976	2	17
1976	3	18
1976	4	31
1976	5	64
1976	6	127
1976	7	163
1976	8	220
1976	9	17
1976	10	5
1976	11	14
1976	12	9
1977	1	6
1977	2	9
1977	3	8
1977	4	0
1977	5	9
1977	6	100
1977	7	103
1977	8	84
1977	9	49
1977	10	21
1977	11	9
1977	12	9
1978	1	6
1978	2	6
1978	3	10
1978	4	51
1978	5	247
1978	6	568
1978	7	223
1978	8	113
1978	9	62
1978	10	40
1978	11	21
1978	12	14
1979	1	6
1979	2	6
1979	3	15
1979	4	70
1979	5	168
1979	6	461
1979	7	239
1979	8	5
1979	9	0
1979	10	0
1979	11	0
1979	12	0
1980	1	0
1980	2	0
1980	3	0
1980	4	124
1980	5	761
1980	6	780
1980	7	276
1980	8	99
1980	9	65
1980	10	38
1980	11	15
1980	12	21
1981	1	14
1981	2	13
1981	3	19
1981	4	38
1981	5	77
1981	6	127
1981	7	128
1981	8	87
1981	9	75
1981	10	56
1981	11	39
1981	12	25
1982	1	23
1982	2	21
1982	3	19
1982	4	29
1982	5	96
1982	6	234
1982	7	478
1982	8	200
1982	9	71
1982	10	70
1982	11	43
1982	12	27
1983	1	19
1983	2	17
1983	3	33
1983	4	130
1983	5	102
1983	6	1059
1983	7	794
1983	8	260
1983	9	96
1983	10	64
1983	11	39
1983	12	34
1984	1	29
1984	2	24
1984	3	22
1984	4	60
1984	5	262
1984	6	289
1984	7	486
1984	8	144
1984	9	94
1984	10	87
1984	11	62
1984	12	33
1985	1	25
1985	2	13
1985	3	22
1985	4	80
1985	5	125
1985	6	450
1985	7	147
1985	8	91
1985	9	75
1985	10	44
1985	11	35
1985	12	29
1986	1	19
1986	2	20
1986	3	40
1986	4	128
1986	5	253
1986	6	478
1986	7	470
1986	8	181
1986	9	90
1986	10	82
1986	11	58
1986	12	41
1987	1	20
1987	2	20
1987	3	26
1987	4	136
1987	5	285
1987	6	120
1987	7	104
1987	8	146
1987	9	56
1987	10	44
1987	11	36
1987	12	24
1988	1	18
1988	2	18
1988	3	23
1988	4	74
1988	5	182
1988	6	470
1988	7	80
1988	8	92
1988	9	93
1988	10	58
1988	11	33
1988	12	19
1989	1	17
1989	2	16
1989	3	32
1989	4	64
1989	5	122
1989	6	160
1989	7	162
1989	8	97
1989	9	98
1989	10	62
1989	11	35
1989	12	19
1990	1	22
1990	2	22
1990	3	47
1990	4	99
1990	5	85
1990	6	267
1990	7	116
1990	8	76
1990	9	82
1990	10	66
1990	11	37
1990	12	25
1991	1	17
1991	2	17
1991	3	20
1991	4	34
1991	5	66
1991	6	243
1991	7	123
1991	8	85
1991	9	68
1991	10	49
1991	11	39
1991	12	39
1992	1	27
1992	2	26
1992	3	41
1992	4	67
1992	5	118
1992	6	105
1992	7	96
1992	8	86
1992	9	64
1992	10	33
1992	11	33
1992	12	26
1993	1	18
1993	2	18
1993	3	20
1993	4	61
1993	5	135
1993	6	205
1993	7	128
1993	8	101
1993	9	78
1993	10	60
1993	11	37
1993	12	27
1994	1	23
1994	2	18
1994	3	28
1994	4	58
1994	5	161
1994	6	179
1994	7	130
1994	8	83
1994	9	55
1994	10	51
1994	11	35
1994	12	25
1995	1	30
1995	2	32
1995	3	27
1995	4	40
1995	5	246
1995	6	798
1995	7	429
1995	8	69
1995	9	58
1995	10	64
1995	11	37
1995	12	35
1996	1	26
1996	2	27
1996	3	31
1996	4	58
1996	5	331
1996	6	377
1996	7	173
1996	8	46
1996	9	87
1996	10	68
1996	11	34
1996	12	29
1997	1	29
1997	2	28
1997	3	33
1997	4	73
1997	5	299
1997	6	709
1997	7	180
1997	8	90
1997	9	76
1997	10	85
1997	11	43
1997	12	37
1998	1	37
1998	2	33
1998	3	39
1998	4	127
1998	5	246
1998	6	281
1998	7	327
1998	8	90
1998	9	81
1998	10	104
1998	11	61
1998	12	49
1999	1	39
1999	2	33
1999	3	35
1999	4	136
1999	5	152
1999	6	261
1999	7	211
1999	8	85
1999	9	72
1999	10	64
1999	11	42
1999	12	39
2000	1	37
2000	2	37
2000	3	39
2000	4	67
2000	5	237
2000	6	144
2000	7	77
2000	8	102
2000	9	126
2000	10	134
2000	11	41
2000	12	32
2001	1	30
2001	2	36
2001	3	36
2001	4	53
2001	5	156
2001	6	99
2001	7	98
2001	8	116
2001	9	78
2001	10	87
2001	11	44
2001	12	33
2002	1	28
2002	2	27
2002	3	27
2002	4	36
2002	5	103
2002	6	67
2002	7	67
2002	8	58
2002	9	56
2002	10	35
2002	11	30
2002	12	29
2003	1	27
2003	2	26
2003	3	38
2003	4	73
2003	5	185
2003	6	304
2003	7	79
2003	8	70
2003	9	48
2003	10	63
2003	11	79
2003	12	29
2004	1	29
2004	2	29
2004	3	31
2004	4	72
2004	5	75
2004	6	138
2004	7	130
2004	8	75
2004	9	215
2004	10	104
2004	11	61
2004	12	48
2005	1	40
2005	2	41
2005	3	35
2005	4	63
2005	5	144
2005	6	155
2005	7	77
2005	8	79
2005	9	59
2005	10	50
2005	11	41
2005	12	31
2006	1	33
2006	2	31
2006	3	25
2006	4	53
2006	5	115
2006	6	64
2006	7	75
2006	8	73
2006	9	68
2006	10	50
2006	11	37
2006	12	32
2007	1	32
2007	2	27
2007	3	65
2007	4	93
2007	5	204
2007	6	210
2007	7	172
2007	8	105
