1940	1	899
1940	2	1816
1940	3	2271
1940	4	561
1940	5	223
1940	6	672
1940	7	0
1940	8	0
1940	9	0
1940	10	0
1940	11	480
1940	12	377
1941	1	326
1941	2	326
1941	3	340
1941	4	377
1941	5	306
1941	6	175
1941	7	124
1941	8	53
1941	9	41
1941	10	75
1941	11	168
1941	12	156
1942	1	335
1942	2	473
1942	3	1066
1942	4	1111
1942	5	9011
1942	6	4206
1942	7	1589
1942	8	192
1942	9	1134
1942	10	635
1942	11	814
1942	12	1677
1943	1	1705
1943	2	1840
1943	3	1605
1943	4	2185
1943	5	1371
1943	6	1243
1943	7	184
1943	8	237
1943	9	394
1943	10	567
1943	11	1093
1943	12	1147
1944	1	1318
1944	2	1198
1944	3	1334
1944	4	1314
1944	5	2271
1944	6	529
1944	7	283
1944	8	479
1944	9	486
1944	10	835
1944	11	1241
1944	12	1913
1945	1	1368
1945	2	1574
1945	3	1364
1945	4	998
1945	5	949
1945	6	2055
1945	7	633
1945	8	664
1945	9	699
1945	10	1088
1945	11	1098
1945	12	1002
1946	1	1507
1946	2	1454
1946	3	1621
1946	4	874
1946	5	968
1946	6	653
1946	7	392
1946	8	386
1946	9	765
1946	10	1855
1946	11	1203
1946	12	1475
1947	1	1257
1947	2	1314
1947	3	1555
1947	4	1529
1947	5	838
1947	6	3187
1947	7	3261
1947	8	792
1947	9	1024
1947	10	1194
1947	11	1152
1947	12	1530
1948	1	1667
1948	2	1930
1948	3	2602
1948	4	1695
1948	5	879
1948	6	845
1948	7	538
1948	8	883
1948	9	445
1948	10	890
1948	11	1591
1948	12	1307
1949	1	1004
1949	2	1736
1949	3	2707
1949	4	2389
1949	5	1980
1949	6	5906
1949	7	1825
1949	8	557
1949	9	887
1949	10	1438
1949	11	1731
1949	12	1755
1950	1	1422
1950	2	1844
1950	3	1976
1950	4	1756
1950	5	1261
1950	6	666
1950	7	372
1950	8	272
1950	9	707
1950	10	1233
1950	11	1599
1950	12	1652
1951	1	1641
1951	2	1866
1951	3	1879
1951	4	1655
1951	5	2039
1951	6	2334
1951	7	1533
1951	8	865
1951	9	1896
1951	10	1857
1951	11	2132
1951	12	1754
1952	1	2392
1952	2	3881
1952	3	4265
1952	4	2750
1952	5	2001
1952	6	1528
1952	7	714
1952	8	447
1952	9	436
1952	10	883
1952	11	1058
1952	12	1127
1953	1	1559
1953	2	1552
1953	3	1735
1953	4	1339
1953	5	1159
1953	6	544
1953	7	221
1953	8	159
1953	9	162
1953	10	630
1953	11	1152
1953	12	1247
1954	1	1132
1954	2	1387
1954	3	1210
1954	4	900
1954	5	869
1954	6	243
1954	7	178
1954	8	467
1954	9	130
1954	10	635
1954	11	919
1954	12	905
1955	1	964
1955	2	1259
1955	3	1370
1955	4	871
1955	5	319
1955	6	511
1955	7	221
1955	8	165
1955	9	140
1955	10	602
1955	11	855
1955	12	866
1956	1	923
1956	2	921
1956	3	987
1956	4	814
1956	5	170
1956	6	268
1956	7	158
1956	8	83
1956	9	54
1956	10	404
1956	11	641
1956	12	572
1957	1	607
1957	2	723
1957	3	665
1957	4	802
1957	5	2479
1957	6	1635
1957	7	339
1957	8	157
1957	9	600
1957	10	995
1957	11	1047
1957	12	1163
1958	1	1238
1958	2	1451
1958	3	1835
1958	4	2224
1958	5	2548
1958	6	1804
1958	7	745
1958	8	396
1958	9	321
1958	10	771
1958	11	1053
1958	12	1087
1959	1	1100
1959	2	1395
1959	3	1696
1959	4	1769
1959	5	812
1959	6	232
1959	7	221
1959	8	168
1959	9	491
1959	10	1193
1959	11	1264
1959	12	1187
1960	1	1203
1960	2	1531
1960	3	2344
1960	4	1625
1960	5	1010
1960	6	815
1960	7	370
1960	8	128
1960	9	225
1960	10	826
1960	11	882
1960	12	943
1961	1	1005
1961	2	982
1961	3	1137
1961	4	1008
1961	5	889
1961	6	1427
1961	7	186
1961	8	451
1961	9	340
1961	10	1308
1961	11	1728
1961	12	1453
1962	1	1341
1962	2	2169
1962	3	2177
1962	4	1170
1962	5	821
1962	6	1947
1962	7	864
1962	8	347
1962	9	725
1962	10	1070
1962	11	1484
1962	12	1303
1963	1	1255
1963	2	1717
1963	3	1581
1963	4	1214
1963	5	438
1963	6	562
1963	7	216
1963	8	195
1963	9	985
1963	10	958
1963	11	960
1963	12	1106
1964	1	1204
1964	2	1148
1964	3	1255
1964	4	1186
1964	5	498
1964	6	531
1964	7	255
1964	8	441
1964	9	451
1964	10	883
1964	11	926
1964	12	995
1965	1	1085
1965	2	1276
1965	3	1159
1965	4	1020
1965	5	896
1965	6	3119
1965	7	1465
1965	8	526
1965	9	1614
1965	10	2231
1965	11	2046
1965	12	2156
1966	1	1981
1966	2	2030
1966	3	2411
1966	4	2159
1966	5	619
1966	6	592
1966	7	309
1966	8	352
1966	9	619
1966	10	1119
1966	11	1086
1966	12	1044
1967	1	1136
1967	2	1198
1967	3	1041
1967	4	518
1967	5	521
1967	6	2464
1967	7	2975
1967	8	420
1967	9	953
1967	10	1340
1967	11	1442
1967	12	1305
1968	1	1427
1968	2	1467
1968	3	1433
1968	4	1281
1968	5	1022
1968	6	512
1968	7	337
1968	8	523
1968	9	872
1968	10	1294
1968	11	1363
1968	12	1344
1969	1	1463
1969	2	1518
1969	3	1824
1969	4	1246
1969	5	1259
1969	6	1551
1969	7	1741
1969	8	340
1969	9	1171
1969	10	1288
1969	11	1573
1969	12	1829
1970	1	1798
1970	2	2290
1970	3	2275
1970	4	2515
1970	5	1920
1970	6	2869
1970	7	1132
1970	8	465
1970	9	1085
1970	10	1863
1970	11	1599
1970	12	2039
1971	1	2223
1971	2	2274
1971	3	2443
1971	4	2433
1971	5	8987
1971	6	10858
1971	7	1441
1971	8	444
1971	9	937
1971	10	1919
1971	11	2172
1971	12	2386
1972	1	2687
1972	2	2911
1972	3	3370
1972	4	1917
1972	5	2278
1972	6	624
1972	7	460
1972	8	744
1972	9	941
1972	10	1864
1972	11	1948
1972	12	1669
1973	1	1808
1973	2	2601
1973	3	2347
1973	4	2806
1973	5	11874
1973	6	11593
1973	7	1309
1973	8	1351
1973	9	4944
1973	10	6329
1973	11	3977
1973	12	3444
1974	1	3507
1974	2	4493
1974	3	6542
1974	4	6952
1974	5	2045
1974	6	789
1974	7	334
1974	8	480
1974	9	918
1974	10	1122
1974	11	1117
1974	12	1303
1975	1	1383
1975	2	1459
1975	3	1497
1975	4	1518
1975	5	857
1975	6	1818
1975	7	483
1975	8	548
1975	9	1078
1975	10	1126
1975	11	1390
1975	12	1515
1976	1	1740
1976	2	1830
1976	3	1669
1976	4	1747
1976	5	935
1976	6	389
1976	7	300
1976	8	199
1976	9	786
1976	10	916
1976	11	1050
1976	12	1310
1977	1	1151
1977	2	1315
1977	3	1492
1977	4	2194
1977	5	1519
1977	6	689
1977	7	316
1977	8	400
1977	9	922
1977	10	1026
1977	11	1095
1977	12	1202
1978	1	1033
1978	2	1057
1978	3	1632
1978	4	1436
1978	5	770
1978	6	365
1978	7	363
1978	8	388
1978	9	575
1978	10	975
1978	11	1086
1978	12	1138
1979	1	956
1979	2	1103
1979	3	1789
1979	4	1120
1979	5	727
1979	6	2956
1979	7	1442
1979	8	438
1979	9	605
1979	10	616
1979	11	742
1979	12	1991
1980	1	2291
1980	2	2745
1980	3	3023
1980	4	4904
1980	5	9795
1980	6	5380
1980	7	248
1980	8	369
1980	9	866
1980	10	812
1980	11	927
1980	12	1164
1981	1	1375
1981	2	1418
1981	3	1286
1981	4	699
1981	5	651
1981	6	325
1981	7	966
1981	8	618
1981	9	787
1981	10	937
1981	11	929
1981	12	1275
1982	1	991
1982	2	1538
1982	3	1595
1982	4	873
1982	5	597
1982	6	393
1982	7	250
1982	8	310
1982	9	872
1982	10	840
1982	11	1724
1982	12	1918
1983	1	2623
1983	2	3020
1983	3	2993
1983	4	3918
1983	5	7985
1983	6	18966
1983	7	11382
1983	8	6634
1983	9	8040
1983	10	2624
1983	11	1482
1983	12	3226
1984	1	4280
1984	2	6730
1984	3	7206
1984	4	10053
1984	5	12590
1984	6	9493
1984	7	1711
1984	8	714
1984	9	4112
1984	10	4220
1984	11	5765
1984	12	5011
1985	1	3326
1985	2	3613
1985	3	4226
1985	4	1866
1985	5	1960
1985	6	1179
1985	7	568
1985	8	483
1985	9	1272
1985	10	1914
1985	11	1659
1985	12	1889
1986	1	2922
1986	2	3329
1986	3	2531
1986	4	3894
1986	5	2853
1986	6	3427
1986	7	1412
1986	8	2497
1986	9	3991
1986	10	3923
1986	11	2979
1986	12	2850
1987	1	2835
1987	2	2760
1987	3	3013
1987	4	2861
1987	5	3441
1987	6	3316
1987	7	856
1987	8	799
1987	9	1969
1987	10	1872
1987	11	2050
1987	12	2239
1988	1	2182
1988	2	3257
1988	3	2579
1988	4	1958
1988	5	2171
1988	6	491
1988	7	1057
1988	8	746
1988	9	991
1988	10	1069
1988	11	818
1988	12	1187
1989	1	1551
1989	2	1754
1989	3	2136
1989	4	681
1989	5	447
1989	6	715
1989	7	570
1989	8	585
1989	9	989
1989	10	744
1989	11	751
1989	12	879
1990	1	1291
1990	2	1404
1990	3	1588
1990	4	1929
1990	5	1216
1990	6	410
1990	7	257
1990	8	736
1990	9	519
1990	10	680
1990	11	854
1990	12	760
1991	1	1013
1991	2	1443
1991	3	1171
1991	4	758
1991	5	1293
1991	6	897
1991	7	343
1991	8	401
1991	9	534
1991	10	535
1991	11	928
1991	12	1023
1992	1	1208
1992	2	1482
1992	3	2343
1992	4	1154
1992	5	445
1992	6	503
1992	7	750
1992	8	629
1992	9	419
1992	10	1076
1992	11	958
1992	12	1283
1993	1	1753
1993	2	1637
1993	3	2681
1993	4	1292
1993	5	625
1993	6	699
1993	7	1175
1993	8	675
1993	9	1183
1993	10	1737
1993	11	1649
1993	12	1810
1994	1	1597
1994	2	1839
1994	3	1853
1994	4	1065
1994	5	796
1994	6	486
1994	7	897
1994	8	431
1994	9	784
1994	10	729
1994	11	915
1994	12	1192
1995	1	1431
1995	2	1201
1995	3	993
1995	4	969
1995	5	1607
1995	6	10973
1995	7	6044
1995	8	1081
1995	9	1702
1995	10	2205
1995	11	2086
1995	12	1666
1996	1	1585
1996	2	2255
1996	3	2097
1996	4	1705
1996	5	1236
1996	6	1466
1996	7	1038
1996	8	1740
1996	9	3203
1996	10	2445
1996	11	2132
1996	12	1962
1997	1	1771
1997	2	1966
1997	3	2172
1997	4	1973
1997	5	1459
1997	6	5278
1997	7	1068
1997	8	2043
1997	9	2522
1997	10	2781
1997	11	3329
1997	12	3573
1998	1	3196
1998	2	3333
1998	3	2519
1998	4	4455
1998	5	2312
1998	6	1978
1998	7	1001
1998	8	1326
1998	9	1762
1998	10	1955
1998	11	2248
1998	12	1710
1999	1	2370
1999	2	2176
1999	3	1646
1999	4	1772
1999	5	3997
1999	6	5020
1999	7	1956
1999	8	2948
1999	9	3625
1999	10	3134
1999	11	2584
1999	12	2853
2000	1	3084
2000	2	2964
2000	3	2469
2000	4	2142
2000	5	1462
2000	6	1081
2000	7	963
2000	8	714
2000	9	798
2000	10	1010
2000	11	1197
2000	12	1027
2001	1	1162
2001	2	1154
2001	3	1424
2001	4	1503
2001	5	920
2001	6	477
2001	7	853
2001	8	895
2001	9	1096
2001	10	889
2001	11	515
2001	12	1037
2002	1	1099
2002	2	1070
2002	3	1077
2002	4	659
2002	5	312
2002	6	282
2002	7	512
2002	8	155
2002	9	702
2002	10	547
2002	11	483
2002	12	669
2003	1	604
2003	2	600
2003	3	636
2003	4	648
2003	5	444
2003	6	246
2003	7	134
2003	8	96
2003	9	178
2003	10	130
2003	11	461
2003	12	496
2004	1	519
2004	2	712
2004	3	609
2004	4	262
2004	5	130
2004	6	97
2004	7	175
2004	8	133
2004	9	138
2004	10	347
2004	11	552
2004	12	598
2005	1	551
2005	2	622
2005	3	578
2005	4	603
2005	5	352
2005	6	1063
2005	7	126
2005	8	152
2005	9	256
2005	10	486
2005	11	510
2005	12	566
2006	1	612
2006	2	521
2006	3	802
2006	4	432
2006	5	118
2006	6	83
2006	7	89
2006	8	112
2006	9	176
2006	10	477
2006	11	535
2006	12	573
2007	1	512
2007	2	982
2007	3	1098
2007	4	1182
2007	5	846
2007	6	1361
2007	7	965
2007	8	681
2007	9	254
2007	10	538
2007	11	574
2007	12	628
2008	1	717
2008	2	772
2008	3	713
2008	4	802
2008	5	1663
2008	6	700
2008	7	755
2008	8	531
2008	9	266
2008	10	1044
2008	11	1049
2008	12	460
2009	1	805
2009	2	866
2009	3	667
2009	4	1453
2009	5	506
2009	6	1281
2009	7	634
2009	8	334
2009	9	654
2009	10	1185
2009	11	1845
2009	12	1108
2010	1	1502
2010	2	1139
2010	3	1711
2010	4	1226
2010	5	2108
2010	6	4535
2010	7	2147
2010	8	1886
2010	9	2443
2010	10	2356
2010	11	2507
2010	12	2287
2011	1	1957
2011	2	2166
2011	3	3202
2011	4	3659
2011	5	4350
2011	6	7674
2011	7	5788
2011	8	4126
2011	9	4495
2011	10	3672
2011	11	2702
2011	12	2663
2012	1	2654
2012	2	2805
2012	3	2095
2012	4	1803
2012	5	627
2012	6	318
2012	7	156
2012	8	431
2012	9	721
2012	10	420
2012	11	605
2012	12	806
2013	1	967
2013	2	1066
2013	3	898
2013	4	1918
2013	5	533
2013	6	302
2013	7	158
2013	8	313
2013	9	2568
2013	10	2937
2013	11	1134
2013	12	182
2014	1	0
2014	2	930
2014	3	1267
2014	4	1519
2014	5	591
2014	6	3821
2014	7	492
2014	8	675
2014	9	685
2014	10	1046
2014	11	733
2014	12	1842
2015	1	1793
2015	2	2411
2015	3	1829
2015	4	1968
2015	5	6685
2015	6	12920
2015	7	3187
2015	8	1666
2015	9	2039
