1949	4	7496
1949	5	6413
1949	6	9740
1949	7	4794
1949	8	1957
1949	9	3195
1949	10	3051
1949	11	3829
1949	12	2672
1950	1	2080
1950	2	4471
1950	3	6700
1950	4	4727
1950	5	5130
1950	6	3665
1950	7	7387
1950	8	3602
1950	9	2936
1950	10	4298
1950	11	3941
1950	12	4148
1951	1	3956
1951	2	5186
1951	3	6716
1951	4	6015
1951	5	7444
1951	6	8865
1951	7	5612
1951	8	4763
1951	9	5836
1951	10	4854
1951	11	4919
1951	12	3128
1952	1	3836
1952	2	8316
1952	3	8459
1952	4	7690
1952	5	5604
1952	6	3541
1952	7	2194
1952	8	1971
1952	9	1617
1952	10	2558
1952	11	3439
1952	12	3078
1953	1	3691
1953	2	6561
1953	3	6645
1953	4	5284
1953	5	6381
1953	6	3344
1953	7	1860
1953	8	1331
1953	9	1259
1953	10	1667
1953	11	3541
1953	12	3329
1954	1	2248
1954	2	5237
1954	3	4400
1954	4	3646
1954	5	3956
1954	6	3383
1954	7	907
1954	8	1554
1954	9	1600
1954	10	2471
1954	11	2835
1954	12	2762
1955	1	2325
1955	2	2971
1955	3	5150
1955	4	3330
1955	5	1952
1955	6	3889
1955	7	1309
1955	8	441
1955	9	936
1955	10	1825
1955	11	1938
1955	12	1413
1956	1	2390
1956	2	2821
1956	3	4687
1956	4	3192
1956	5	2291
1956	6	2045
1956	7	1111
1956	8	1083
1956	9	1246
1956	10	1626
1956	11	2049
1956	12	1895
1957	1	1205
1957	2	3430
1957	3	3685
1957	4	4177
1957	5	6345
1957	6	8270
1957	7	2533
1957	8	1307
1957	9	2697
1957	10	3125
1957	11	3822
1957	12	3005
1958	1	2733
1958	2	4206
1958	3	6066
1958	4	7326
1958	5	4658
1958	6	4206
1958	7	6533
1958	8	2039
1958	9	1895
1958	10	2299
1958	11	3008
1958	12	2690
1959	1	1947
1959	2	2898
1959	3	7272
1959	4	5494
1959	5	5493
1959	6	2439
1959	7	2155
1959	8	1988
1959	9	1669
1959	10	3384
1959	11	3881
1959	12	3449
1960	1	1906
1960	2	4675
1960	3	10254
1960	4	8026
1960	5	6694
1960	6	6464
1960	7	2747
1960	8	1641
1960	9	1634
1960	10	2312
1960	11	3098
1960	12	2551
1961	1	2933
1961	2	4272
1961	3	4172
1961	4	3518
1961	5	5013
1961	6	5042
1961	7	1274
1961	8	1539
1961	9	1852
1961	10	3250
1961	11	4185
1961	12	2766
1962	1	2848
1962	2	4967
1962	3	10474
1962	4	5196
1962	5	4475
1962	6	9777
1962	7	6015
1962	8	3476
1962	9	2640
1962	10	3838
1962	11	3736
1962	12	3119
1963	1	2403
1963	2	5278
1963	3	7491
1963	4	3824
1963	5	2830
1963	6	3504
1963	7	760
1963	8	1329
1963	9	2633
1963	10	2281
1963	11	3246
1963	12	1997
1964	1	2677
1964	2	3917
1964	3	4808
1964	4	5560
1964	5	4403
1964	6	4915
1964	7	2185
1964	8	1741
1964	9	2913
1964	10	2693
1964	11	2627
1964	12	1935
1965	1	2696
1965	2	3371
1965	3	6029
1965	4	6259
1965	5	7058
1965	6	6510
1965	7	6059
1965	8	1687
1965	9	7207
1965	10	6251
1965	11	5175
1965	12	4892
1966	1	2960
1966	2	6807
1966	3	6521
1966	4	5344
1966	5	3193
1966	6	3337
1966	7	1235
1966	8	5873
1966	9	2531
1966	10	2710
1966	11	3246
1966	12	2356
1967	1	2851
1967	2	3428
1967	3	4311
1967	4	2881
1967	5	2471
1967	6	19113
1967	7	4952
1967	8	1742
1967	9	1587
1967	10	2906
1967	11	3847
1967	12	3102
1968	1	2758
1968	2	4500
1968	3	4961
1968	4	4060
1968	5	2993
1968	6	3681
1968	7	1691
1968	8	1528
1968	9	2255
1968	10	4551
1968	11	3901
1968	12	2411
1969	1	2956
1969	2	3708
1969	3	10904
1969	4	5474
1969	5	4283
1969	6	4263
1969	7	4590
1969	8	1317
1969	9	2467
1969	10	4095
1969	11	3917
1969	12	3482
1970	1	2829
1970	2	5451
1970	3	5252
1970	4	5495
1970	5	3905
1970	6	3490
1970	7	2037
1970	8	803
1970	9	1724
1970	10	3723
1970	11	3651
1970	12	3173
1971	1	3087
1971	2	7646
1971	3	9080
1971	4	5193
1971	5	10560
1971	6	11763
1971	7	3834
1971	8	713
1971	9	1177
1971	10	3236
1971	11	4734
1971	12	3898
1972	1	2758
1972	2	4358
1972	3	5867
1972	4	4356
1972	5	6956
1972	6	2611
1972	7	2124
1972	8	1959
1972	9	2496
1972	10	3153
1972	11	4927
1972	12	3744
1973	1	5958
1973	2	7710
1973	3	9794
1973	4	7199
1973	5	13715
1973	6	14906
1973	7	4610
1973	8	2144
1973	9	6180
1973	10	10129
1973	11	7591
1973	12	4971
1974	1	6029
1974	2	10245
1974	3	9211
1974	4	10485
1974	5	5345
1974	6	3339
1974	7	381
1974	8	1366
1974	9	1318
1974	10	1948
1974	11	3177
1974	12	3129
1975	1	3354
1975	2	3575
1975	3	5528
1975	4	5177
1975	5	2871
1975	6	5740
1975	7	2161
1975	8	799
1975	9	1205
1975	10	2231
1975	11	2445
1975	12	3255
1976	1	2809
1976	2	6562
1976	3	5029
1976	4	4582
1976	5	3927
1976	6	2188
1976	7	983
1976	8	509
1976	9	1263
1976	10	2197
1976	11	2733
1976	12	1883
1977	1	2164
1977	2	4935
1977	3	5621
1977	4	6934
1977	5	6537
1977	6	3951
1977	7	1567
1977	8	3029
1977	9	4483
1977	10	3639
1977	11	3775
1977	12	3225
1978	1	2932
1978	2	3279
1978	3	14582
1978	4	8266
1978	5	3844
1978	6	2930
1978	7	1437
1978	8	1524
1978	9	1246
1978	10	1936
1978	11	2908
1978	12	1772
1979	1	2296
1979	2	2689
1979	3	11485
1979	4	5747
1979	5	5238
1979	6	3954
1979	7	4276
1979	8	1322
1979	9	1250
1979	10	1623
1979	11	3495
1979	12	4916
1980	1	3040
1980	2	5255
1980	3	8827
1980	4	8421
1980	5	10247
1980	6	8839
1980	7	806
1980	8	921
1980	9	1145
1980	10	2290
1980	11	2724
1980	12	2724
1981	1	3209
1981	2	3501
1981	3	4611
1981	4	3299
1981	5	3019
1981	6	1931
1981	7	1646
1981	8	5120
1981	9	2489
1981	10	3290
1981	11	3876
1981	12	4263
1982	1	2516
1982	2	7328
1982	3	7261
1982	4	3895
1982	5	8031
1982	6	7024
1982	7	4312
1982	8	3096
1982	9	2910
1982	10	4822
1982	11	5206
1982	12	4430
1983	1	5480
1983	2	8129
1983	3	9142
1983	4	9199
1983	5	12525
1983	6	25343
1983	7	15737
1983	8	8021
1983	9	8410
1983	10	5847
1983	11	4770
1983	12	4290
1984	1	7361
1984	2	11848
1984	3	12445
1984	4	19401
1984	5	21767
1984	6	20466
1984	7	6680
1984	8	2041
1984	9	4287
1984	10	6228
1984	11	9462
1984	12	8580
1985	1	4706
1985	2	5896
1985	3	8608
1985	4	7068
1985	5	8269
1985	6	4289
1985	7	2250
1985	8	3201
1985	9	5352
1985	10	5796
1985	11	3837
1985	12	3590
1986	1	6483
1986	2	6350
1986	3	9801
1986	4	8693
1986	5	7451
1986	6	5632
1986	7	5291
1986	8	5100
1986	9	9022
1986	10	8922
1986	11	7548
1986	12	6437
1987	1	5888
1987	2	7080
1987	3	15293
1987	4	11442
1987	5	7351
1987	6	7371
1987	7	2818
1987	8	2657
1987	9	4804
1987	10	4823
1987	11	5207
1987	12	5690
1988	1	3277
1988	2	7562
1988	3	7377
1988	4	5143
1988	5	6096
1988	6	2529
1988	7	2346
1988	8	1668
1988	9	2749
1988	10	4471
1988	11	3791
1988	12	4235
1989	1	4238
1989	2	4725
1989	3	7232
1989	4	3169
1989	5	2378
1989	6	3184
1989	7	3732
1989	8	1242
1989	9	4535
1989	10	3420
1989	11	3631
1989	12	2483
1990	1	5193
1990	2	4284
1990	3	5585
1990	4	4498
1990	5	4944
1990	6	7511
1990	7	2407
1990	8	2233
1990	9	1581
1990	10	2808
1990	11	3521
1990	12	2864
1991	1	2248
1991	2	4855
1991	3	4449
1991	4	3712
1991	5	5255
1991	6	7539
1991	7	1320
1991	8	946
1991	9	1396
1991	10	2337
1991	11	3521
1991	12	3650
1992	1	4379
1992	2	5327
1992	3	6932
1992	4	4825
1992	5	3302
1992	6	3867
1992	7	4106
1992	8	5052
1992	9	3785
1992	10	4623
1992	11	4256
1992	12	3138
1993	1	2274
1993	2	4033
1993	3	16867
1993	4	7330
1993	5	4887
1993	6	8620
1993	7	17073
1993	8	6152
1993	9	6501
1993	10	5523
1993	11	4255
1993	12	5306
1994	1	2945
1994	2	4085
1994	3	10378
1994	4	5034
1994	5	3157
1994	6	2974
1994	7	4879
1994	8	2866
1994	9	2791
1994	10	3600
1994	11	4381
1994	12	4524
1995	1	4596
1995	2	4620
1995	3	4942
1995	4	5465
1995	5	9471
1995	6	16380
1995	7	9311
1995	8	3250
1995	9	2747
1995	10	5394
1995	11	5534
1995	12	3600
1996	1	2732
1996	2	4813
1996	3	5001
1996	4	4892
1996	5	6508
1996	6	8255
1996	7	3450
1996	8	6244
1996	9	6620
1996	10	5872
1996	11	5575
1996	12	5217
1997	1	4193
1997	2	9010
1997	3	6466
1997	4	6713
1997	5	5104
1997	6	7350
1997	7	3298
1997	8	3884
1997	9	4623
1997	10	6060
1997	11	7116
1997	12	6401
1998	1	5754
1998	2	7818
1998	3	6752
1998	4	10540
1998	5	5608
1998	6	8740
1998	7	3950
1998	8	4167
1998	9	3704
1998	10	5147
1998	11	6885
1998	12	4969
1999	1	5161
1999	2	6531
1999	3	6288
1999	4	8437
1999	5	9989
1999	6	15822
1999	7	6943
1999	8	5420
1999	9	5230
1999	10	5572
1999	11	6056
1999	12	5414
2000	1	5543
2000	2	5282
2000	3	5824
2000	4	5293
2000	5	4248
2000	6	3474
2000	7	3044
2000	8	1798
2000	9	2083
2000	10	3346
2000	11	4259
2000	12	2633
2001	1	3293
2001	2	3425
2001	3	6527
2001	4	8030
2001	5	6876
2001	6	3067
2001	7	2034
2001	8	1933
2001	9	3045
2001	10	3601
2001	11	3279
2001	12	3377
2002	1	2483
2002	2	2714
2002	3	3828
2002	4	3899
2002	5	2975
2002	6	2413
2002	7	714
2002	8	1061
2002	9	1757
2002	10	2537
2002	11	2878
2002	12	2791
2003	1	1883
2003	2	2751
2003	3	3890
2003	4	3762
2003	5	5153
2003	6	2925
2003	7	1482
2003	8	983
2003	9	1763
2003	10	2101
2003	11	2934
2003	12	1852
2004	1	931
2004	2	3155
2004	3	4485
2004	4	2671
2004	5	3055
2004	6	3305
2004	7	3100
2004	8	1543
2004	9	2035
2004	10	2353
2004	11	3167
2004	12	2622
2005	1	1676
2005	2	4284
2005	3	3682
2005	4	4131
2005	5	4741
2005	6	6107
2005	7	1427
2005	8	1582
2005	9	1803
2005	10	2149
2005	11	2298
2005	12	4032
2006	1	3374
2006	2	2885
2006	3	3571
2006	4	3749
2006	5	1723
2006	6	1255
2006	7	846
2006	8	1485
2006	9	2892
2006	10	2603
2006	11	2411
2006	12	2563
2007	1	2195
2007	2	6605
2007	3	5267
2007	4	6493
2007	5	6795
2007	6	6864
2007	7	2454
2007	8	4677
2007	9	2953
2007	10	4674
2007	11	3227
2007	12	3635
2008	1	3577
2008	2	5238
2008	3	4849
2008	4	4655
2008	5	8668
2008	6	11916
2008	7	3926
2008	8	2078
2008	9	1938
2008	10	5068
2008	11	4052
2008	12	2707
2009	1	4245
2009	2	5384
2009	3	4093
2009	4	4475
2009	5	3460
2009	6	5482
2009	7	3041
2009	8	3346
2009	9	3155
2009	10	4354
2009	11	5668
2009	12	3372
2010	1	2932
2010	2	4436
2010	3	8433
2010	4	4744
2010	5	4766
2010	6	21761
2010	7	8648
2010	8	4089
2010	9	4251
2010	10	4427
2010	11	4303
2010	12	4038
2011	1	4980
2011	2	6164
2011	3	7304
2011	4	7807
2011	5	9293
2011	6	12367
2011	7	9319
2011	8	6611
2011	9	5547
2011	10	7518
2011	11	6176
2011	12	5486
2012	1	5162
2012	2	6362
2012	3	6127
2012	4	5345
2012	5	4030
2012	6	2083
2012	7	347
2012	8	272
2012	9	785
2012	10	1764
2012	11	2774
2012	12	2162
2013	1	2902
2013	2	3900
2013	3	4800
2013	4	5220
2013	5	4517
2013	6	3676
2013	7	1226
2013	8	2566
2013	9	1490
2013	10	7695
2013	11	4170
2013	12	2505
2014	1	3028
2014	2	3459
2014	3	3614
2014	4	3826
2014	5	3353
2014	6	8328
2014	7	3465
2014	8	2915
2014	9	4163
2014	10	4083
2014	11	3500
2014	12	912
2015	1	0
2015	2	0
2015	3	3050
2015	4	4959
2015	5	7928
2015	6	17966
2015	7	5769
2015	8	3027
2015	9	3377
