1945	10	190
1945	11	265
1945	12	182
1946	1	254
1946	2	278
1946	3	567
1946	4	394
1946	5	425
1946	6	358
1946	7	176
1946	8	146
1946	9	215
1946	10	602
1946	11	636
1946	12	484
1947	1	303
1947	2	412
1947	3	559
1947	4	962
1947	5	454
1947	6	3825
1947	7	828
1947	8	199
1947	9	192
1947	10	186
1947	11	276
1947	12	275
1948	1	224
1948	2	577
1948	3	527
1948	4	340
1948	5	254
1948	6	342
1948	7	290
1948	8	612
1948	9	200
1948	10	198
1948	11	210
1948	12	240
1949	1	250
1949	2	277
1949	3	2360
1949	4	3338
1949	5	947
1949	6	774
1949	7	305
1949	8	228
1949	9	304
1949	10	269
1949	11	279
1949	12	217
1950	1	169
1950	2	237
1950	3	889
1950	4	1306
1950	5	1043
1950	6	1104
1950	7	1478
1950	8	1149
1950	9	511
1950	10	828
1950	11	383
1950	12	344
1951	1	306
1951	2	472
1951	3	1740
1951	4	1569
1951	5	2681
1951	6	1962
1951	7	1196
1951	8	1397
1951	9	1323
1951	10	1418
1951	11	846
1951	12	606
1952	1	453
1952	2	1862
1952	3	1685
1952	4	1486
1952	5	1235
1952	6	680
1952	7	404
1952	8	325
1952	9	234
1952	10	244
1952	11	244
1952	12	288
1953	1	321
1953	2	497
1953	3	695
1953	4	777
1953	5	1929
1953	6	890
1953	7	263
1953	8	219
1953	9	164
1953	10	203
1953	11	293
1953	12	291
1954	1	254
1954	2	456
1954	3	526
1954	4	479
1954	5	795
1954	6	982
1954	7	255
1954	8	198
1954	9	205
1954	10	248
1954	11	277
1954	12	250
1955	1	283
1955	2	231
1955	3	514
1955	4	374
1955	5	245
1955	6	349
1955	7	203
1955	8	91
1955	9	117
1955	10	219
1955	11	169
1955	12	156
1956	1	203
1956	2	264
1956	3	428
1956	4	444
1956	5	334
1956	6	293
1956	7	182
1956	8	110
1956	9	87
1956	10	139
1956	11	202
1956	12	206
1957	1	157
1957	2	213
1957	3	320
1957	4	420
1957	5	784
1957	6	879
1957	7	300
1957	8	149
1957	9	173
1957	10	253
1957	11	318
1957	12	281
1958	1	230
1958	2	407
1958	3	717
1958	4	1331
1958	5	488
1958	6	297
1958	7	680
1958	8	444
1958	9	241
1958	10	206
1958	11	243
1958	12	260
1959	1	237
1959	2	242
1959	3	682
1959	4	832
1959	5	652
1959	6	354
1959	7	245
1959	8	185
1959	9	151
1959	10	223
1959	11	312
1959	12	311
1960	1	244
1960	2	321
1960	3	1316
1960	4	2790
1960	5	2211
1960	6	1569
1960	7	800
1960	8	274
1960	9	266
1960	10	240
1960	11	287
1960	12	284
1961	1	303
1961	2	409
1961	3	547
1961	4	443
1961	5	532
1961	6	416
1961	7	232
1961	8	204
1961	9	189
1961	10	236
1961	11	284
1961	12	232
1962	1	286
1962	2	502
1962	3	1447
1962	4	1061
1962	5	1037
1962	6	4673
1962	7	1426
1962	8	479
1962	9	261
1962	10	303
1962	11	317
1962	12	291
1963	1	248
1963	2	498
1963	3	629
1963	4	481
1963	5	377
1963	6	337
1963	7	276
1963	8	204
1963	9	248
1963	10	234
1963	11	256
1963	12	204
1964	1	278
1964	2	337
1964	3	440
1964	4	606
1964	5	626
1964	6	759
1964	7	360
1964	8	223
1964	9	253
1964	10	220
1964	11	265
1964	12	200
1965	1	209
1965	2	455
1965	3	423
1965	4	495
1965	5	508
1965	6	984
1965	7	420
1965	8	235
1965	9	437
1965	10	492
1965	11	323
1965	12	419
1966	1	273
1966	2	649
1966	3	862
1966	4	614
1966	5	373
1966	6	472
1966	7	181
1966	8	406
1966	9	243
1966	10	259
1966	11	265
1966	12	214
1967	1	203
1967	2	279
1967	3	401
1967	4	341
1967	5	320
1967	6	3029
1967	7	439
1967	8	232
1967	9	169
1967	10	223
1967	11	274
1967	12	226
1968	1	214
1968	2	286
1968	3	351
1968	4	401
1968	5	323
1968	6	227
1968	7	165
1968	8	124
1968	9	140
1968	10	258
1968	11	245
1968	12	219
1969	1	200
1969	2	223
1969	3	891
1969	4	1047
1969	5	370
1969	6	905
1969	7	313
1969	8	230
1969	9	197
1969	10	217
1969	11	299
1969	12	231
1970	1	370
1970	2	447
1970	3	451
1970	4	1173
1970	5	463
1970	6	313
1970	7	124
1970	8	111
1970	9	162
1970	10	218
1970	11	236
1970	12	202
1971	1	204
1971	2	980
1971	3	644
1971	4	605
1971	5	752
1971	6	1066
1971	7	338
1971	8	135
1971	9	120
1971	10	224
1971	11	265
1971	12	230
1972	1	208
1972	2	549
1972	3	597
1972	4	371
1972	5	1407
1972	6	453
1972	7	697
1972	8	563
1972	9	224
1972	10	219
1972	11	333
1972	12	278
1973	1	492
1973	2	666
1973	3	1571
1973	4	1129
1973	5	662
1973	6	715
1973	7	220
1973	8	149
1973	9	227
1973	10	350
1973	11	364
1973	12	295
1974	1	464
1974	2	577
1974	3	576
1974	4	515
1974	5	305
1974	6	466
1974	7	102
1974	8	125
1974	9	128
1974	10	168
1974	11	206
1974	12	228
1975	1	246
1975	2	248
1975	3	454
1975	4	571
1975	5	315
1975	6	499
1975	7	273
1975	8	128
1975	9	107
1975	10	154
1975	11	194
1975	12	360
1976	1	229
1976	2	602
1976	3	558
1976	4	454
1976	5	428
1976	6	216
1976	7	101
1976	8	61
1976	9	97
1976	10	147
1976	11	171
1976	12	151
1977	1	145
1977	2	290
1977	3	466
1977	4	732
1977	5	584
1977	6	810
1977	7	428
1977	8	221
1977	9	170
1977	10	225
1977	11	318
1977	12	233
1978	1	193
1978	2	128
1978	3	1655
1978	4	1174
1978	5	791
1978	6	394
1978	7	249
1978	8	211
1978	9	123
1978	10	147
1978	11	163
1978	12	237
1979	1	169
1979	2	148
1979	3	978
1979	4	846
1979	5	806
1979	6	367
1979	7	280
1979	8	297
1979	9	187
1979	10	208
1979	11	374
1979	12	432
1980	1	332
1980	2	394
1980	3	747
1980	4	1006
1980	5	390
1980	6	246
1980	7	99
1980	8	90
1980	9	99
1980	10	124
1980	11	203
1980	12	180
1981	1	219
1981	2	275
1981	3	298
1981	4	254
1981	5	228
1981	6	300
1981	7	220
1981	8	254
1981	9	137
1981	10	190
1981	11	213
1981	12	268
1982	1	197
1982	2	682
1982	3	781
1982	4	516
1982	5	1153
1982	6	1576
1982	7	360
1982	8	263
1982	9	184
1982	10	417
1982	11	508
1982	12	441
1983	1	623
1983	2	1703
1983	3	1783
1983	4	2501
1983	5	1656
1983	6	1267
1983	7	821
1983	8	260
1983	9	170
1983	10	238
1983	11	309
1983	12	328
1984	1	365
1984	2	1001
1984	3	1723
1984	4	3715
1984	5	1624
1984	6	988
1984	7	451
1984	8	259
1984	9	216
1984	10	387
1984	11	434
1984	12	331
1985	1	303
1985	2	360
1985	3	533
1985	4	871
1985	5	1024
1985	6	452
1985	7	235
1985	8	248
1985	9	319
1985	10	300
1985	11	299
1985	12	337
1986	1	361
1986	2	643
1986	3	1096
1986	4	1023
1986	5	781
1986	6	905
1986	7	1093
1986	8	366
1986	9	1444
1986	10	1273
1986	11	815
1986	12	525
1987	1	451
1987	2	711
1987	3	3819
1987	4	3218
1987	5	670
1987	6	446
1987	7	243
1987	8	184
1987	9	248
1987	10	254
1987	11	312
1987	12	328
1988	1	216
1988	2	406
1988	3	816
1988	4	585
1988	5	1015
1988	6	407
1988	7	274
1988	8	150
1988	9	156
1988	10	230
1988	11	253
1988	12	257
1989	1	336
1989	2	239
1989	3	546
1989	4	358
1989	5	265
1989	6	200
1989	7	150
1989	8	91
1989	9	248
1989	10	159
1989	11	182
1989	12	190
1990	1	236
1990	2	308
1990	3	388
1990	4	279
1990	5	346
1990	6	854
1990	7	262
1990	8	205
1990	9	186
1990	10	208
1990	11	266
1990	12	211
1991	1	197
1991	2	416
1991	3	386
1991	4	400
1991	5	1187
1991	6	1135
1991	7	188
1991	8	106
1991	9	88
1991	10	172
1991	11	240
1991	12	275
1992	1	342
1992	2	351
1992	3	674
1992	4	471
1992	5	445
1992	6	341
1992	7	517
1992	8	846
1992	9	759
1992	10	458
1992	11	459
1992	12	344
1993	1	290
1993	2	477
1993	3	2034
1993	4	2185
1993	5	1717
1993	6	864
1993	7	3663
1993	8	1113
1993	9	644
1993	10	681
1993	11	615
1993	12	575
1994	1	308
1994	2	403
1994	3	1329
1994	4	1050
1994	5	906
1994	6	723
1994	7	1079
1994	8	379
1994	9	571
1994	10	374
1994	11	341
1994	12	415
1995	1	406
1995	2	569
1995	3	1238
1995	4	3631
1995	5	4615
1995	6	2646
1995	7	412
1995	8	1105
1995	9	482
1995	10	706
1995	11	708
1995	12	608
1996	1	472
1996	2	725
1996	3	635
1996	4	626
1996	5	1395
1996	6	2244
1996	7	393
1996	8	358
1996	9	367
1996	10	409
1996	11	375
1996	12	372
1997	1	375
1997	2	1127
1997	3	980
1997	4	996
1997	5	790
1997	6	775
1997	7	341
1997	8	206
1997	9	203
1997	10	294
1997	11	351
1997	12	318
1998	1	336
1998	2	435
1998	3	582
1998	4	1612
1998	5	885
1998	6	1763
1998	7	868
1998	8	459
1998	9	228
1998	10	465
1998	11	985
1998	12	551
1999	1	495
1999	2	557
1999	3	713
1999	4	1614
1999	5	1971
1999	6	972
1999	7	677
1999	8	270
1999	9	193
1999	10	242
1999	11	290
1999	12	317
2000	1	366
2000	2	425
2000	3	421
2000	4	392
2000	5	456
2000	6	385
2000	7	443
2000	8	127
2000	9	104
2000	10	189
2000	11	368
2000	12	243
2001	1	257
2001	2	480
2001	3	1006
2001	4	2195
2001	5	1386
2001	6	471
2001	7	402
2001	8	261
2001	9	293
2001	10	267
2001	11	339
2001	12	418
2002	1	426
2002	2	425
2002	3	486
2002	4	415
2002	5	448
2002	6	250
2002	7	100
2002	8	145
2002	9	152
2002	10	217
2002	11	257
2002	12	277
2003	1	234
2003	2	236
2003	3	343
2003	4	428
2003	5	740
2003	6	315
2003	7	237
2003	8	108
2003	9	138
2003	10	156
2003	11	206
2003	12	225
2004	1	176
2004	2	243
2004	3	464
2004	4	367
2004	5	476
2004	6	418
2004	7	308
2004	8	114
2004	9	165
2004	10	210
2004	11	252
2004	12	258
2005	1	283
2005	2	461
2005	3	369
2005	4	1111
2005	5	1206
2005	6	2140
2005	7	381
2005	8	201
2005	9	164
2005	10	204
2005	11	258
2005	12	409
2006	1	395
2006	2	323
2006	3	545
2006	4	1390
2006	5	374
2006	6	276
2006	7	123
2006	8	160
2006	9	191
2006	10	212
2006	11	265
2006	12	353
2007	1	306
2007	2	844
2007	3	1074
2007	4	1860
2007	5	1280
2007	6	1162
2007	7	337
2007	8	793
2007	9	308
2007	10	888
2007	11	472
2007	12	471
2008	1	290
2008	2	550
2008	3	625
2008	4	767
2008	5	1510
2008	6	2093
2008	7	473
2008	8	195
2008	9	240
2008	10	584
2008	11	610
2008	12	576
2009	1	751
2009	2	807
2009	3	739
2009	4	853
2009	5	466
2009	6	729
2009	7	338
2009	8	415
2009	9	285
2009	10	566
2009	11	847
2009	12	440
2010	1	314
2010	2	426
2010	3	2368
2010	4	831
2010	5	776
2010	6	7066
2010	7	1064
2010	8	557
2010	9	415
2010	10	380
2010	11	393
2010	12	422
2011	1	447
2011	2	738
2011	3	831
2011	4	1370
2011	5	1170
2011	6	2037
2011	7	1114
2011	8	415
2011	9	308
2011	10	416
2011	11	422
2011	12	434
2012	1	398
2012	2	430
2012	3	556
2012	4	776
2012	5	786
2012	6	298
2012	7	112
2012	8	65
2012	9	80
2012	10	136
2012	11	196
2012	12	234
2013	1	226
2013	2	341
2013	3	330
2013	4	454
2013	5	546
2013	6	484
2013	7	170
2013	8	213
2013	9	120
2013	10	305
2013	11	320
2013	12	285
2014	1	176
2014	2	190
2014	3	341
2014	4	399
2014	5	338
2014	6	744
2014	7	400
2014	8	292
2014	9	316
2014	10	279
2014	11	91
2014	12	0
2015	1	0
2015	2	0
2015	3	265
2015	4	392
2015	5	404
2015	6	704
2015	7	471
2015	8	416
2015	9	346
