1940	1	5008
1940	2	8103
1940	3	16993
1940	4	27350
1940	5	27032
1940	6	39573
1940	7	25690
1940	8	26000
1940	9	18146
1940	10	14409
1940	11	11963
1940	12	9700
1941	1	10695
1941	2	14453
1941	3	20929
1941	4	34436
1941	5	25138
1941	6	58403
1941	7	31187
1941	8	22664
1941	9	30246
1941	10	26241
1941	11	21103
1941	12	13697
1942	1	10264
1942	2	13721
1942	3	30132
1942	4	33606
1942	5	89374
1942	6	92496
1942	7	50167
1942	8	30183
1942	9	31653
1942	10	25009
1942	11	26573
1942	12	11351
1943	1	12770
1943	2	23178
1943	3	32612
1943	4	97823
1943	5	35738
1943	6	83613
1943	7	82183
1943	8	34025
1943	9	33680
1943	10	30174
1943	11	31950
1943	12	18380
1944	1	18993
1944	2	22789
1944	3	32983
1944	4	90850
1944	5	54361
1944	6	123546
1944	7	92380
1944	8	44558
1944	9	32263
1944	10	28303
1944	11	31756
1944	12	15645
1945	1	19209
1945	2	32035
1945	3	74858
1945	4	46706
1945	5	34425
1945	6	77460
1945	7	62777
1945	8	37464
1945	9	26053
1945	10	32558
1945	11	23766
1945	12	10950
1946	1	14835
1946	2	21882
1946	3	37325
1946	4	30080
1946	5	27935
1946	6	50236
1946	7	44070
1946	8	23796
1946	9	33273
1946	10	44061
1946	11	30416
1946	12	14322
1947	1	14816
1947	2	21450
1947	3	33409
1947	4	85693
1947	5	56800
1947	6	110783
1947	7	88290
1947	8	42409
1947	9	34520
1947	10	38535
1947	11	34393
1947	12	16858
1948	1	15124
1948	2	24989
1948	3	64545
1948	4	64540
1948	5	40229
1948	6	77496
1948	7	71619
1948	8	52474
1948	9	36136
1948	10	40719
1948	11	37543
1948	12	15667
1949	1	15664
1949	2	22950
1949	3	83032
1949	4	103986
1949	5	47948
1949	6	61210
1949	7	44106
1949	8	32948
1949	9	34870
1949	10	33287
1949	11	28190
1949	12	13345
1950	1	11458
1950	2	17078
1950	3	44419
1950	4	119493
1950	5	68258
1950	6	54990
1950	7	66141
1950	8	44138
1950	9	36543
1950	10	39661
1950	11	34039
1950	12	14222
1951	1	20877
1951	2	21439
1951	3	47070
1951	4	98153
1951	5	63783
1951	6	89923
1951	7	70661
1951	8	63270
1951	9	63196
1951	10	53861
1951	11	47553
1951	12	21448
1952	1	21400
1952	2	44517
1952	3	48964
1952	4	199600
1952	5	76064
1952	6	68953
1952	7	48509
1952	8	36258
1952	9	33910
1952	10	34303
1952	11	30260
1952	12	14996
1953	1	19090
1953	2	25160
1953	3	50990
1953	4	41713
1953	5	54767
1953	6	80163
1953	7	48641
1953	8	36906
1953	9	35033
1953	10	34922
1953	11	24636
1953	12	18834
1954	1	12067
1954	2	24139
1954	3	33941
1954	4	35330
1954	5	37532
1954	6	53086
1954	7	34990
1954	8	35893
1954	9	34150
1954	10	36077
1954	11	18880
1954	12	16396
1955	1	12172
1955	2	14803
1955	3	29954
1955	4	32540
1955	5	32470
1955	6	35933
1955	7	33800
1955	8	29870
1955	9	35660
1955	10	35361
1955	11	17353
1955	12	10509
1956	1	12091
1956	2	14106
1956	3	29493
1956	4	34006
1956	5	34041
1956	6	33780
1956	7	33219
1956	8	35451
1956	9	34830
1956	10	30367
1956	11	16253
1956	12	10564
1957	1	10160
1957	2	12778
1957	3	15312
1957	4	21846
1957	5	35448
1957	6	45816
1957	7	37819
1957	8	34116
1957	9	33203
1957	10	34667
1957	11	19373
1957	12	14195
1958	1	12686
1958	2	15921
1958	3	22364
1958	4	35593
1958	5	32980
1958	6	33530
1958	7	40932
1958	8	38032
1958	9	32556
1958	10	32283
1958	11	17636
1958	12	12045
1959	1	13251
1959	2	17271
1959	3	23067
1959	4	33036
1959	5	43970
1959	6	37966
1959	7	33258
1959	8	37387
1959	9	33933
1959	10	33012
1959	11	19225
1959	12	14522
1960	1	11609
1960	2	16075
1960	3	23958
1960	4	81656
1960	5	46641
1960	6	42996
1960	7	35148
1960	8	37664
1960	9	34256
1960	10	32703
1960	11	27746
1960	12	13961
1961	1	13490
1961	2	16739
1961	3	31990
1961	4	32836
1961	5	33900
1961	6	35900
1961	7	32764
1961	8	32893
1961	9	32783
1961	10	22416
1961	11	14380
1961	12	12380
1962	1	13025
1962	2	17350
1962	3	41970
1962	4	60010
1962	5	37945
1962	6	54396
1962	7	48503
1962	8	34425
1962	9	35266
1962	10	32880
1962	11	31226
1962	12	13609
1963	1	12470
1963	2	14035
1963	3	27025
1963	4	33503
1963	5	33287
1963	6	39316
1963	7	33264
1963	8	33551
1963	9	33063
1963	10	33119
1963	11	31743
1963	12	10983
1964	1	12112
1964	2	14396
1964	3	19241
1964	4	34410
1964	5	37674
1964	6	44523
1964	7	34203
1964	8	36235
1964	9	34036
1964	10	33677
1964	11	32510
1964	12	13761
1965	1	13477
1965	2	16028
1965	3	31651
1965	4	54643
1965	5	45383
1965	6	44956
1965	7	40267
1965	8	35461
1965	9	45156
1965	10	44529
1965	11	37983
1965	12	25658
1966	1	21412
1966	2	33496
1966	3	31867
1966	4	37686
1966	5	35780
1966	6	39043
1966	7	37061
1966	8	39748
1966	9	35743
1966	10	36296
1966	11	35483
1966	12	17251
1967	1	13670
1967	2	15303
1967	3	25951
1967	4	36473
1967	5	36570
1967	6	81953
1967	7	42090
1967	8	38909
1967	9	37620
1967	10	38245
1967	11	36266
1967	12	20993
1968	1	15467
1968	2	24520
1968	3	28974
1968	4	38150
1968	5	37083
1968	6	39450
1968	7	37506
1968	8	37000
1968	9	35096
1968	10	39587
1968	11	38356
1968	12	22416
1969	1	18048
1969	2	23625
1969	3	43548
1969	4	77796
1969	5	51383
1969	6	49310
1969	7	52593
1969	8	55619
1969	9	56730
1969	10	52741
1969	11	46270
1969	12	27554
1970	1	18441
1970	2	29260
1970	3	36725
1970	4	42730
1970	5	39970
1970	6	42800
1970	7	42645
1970	8	45670
1970	9	44646
1970	10	47764
1970	11	47993
1970	12	27725
1971	1	16909
1971	2	42182
1971	3	53406
1971	4	47143
1971	5	60506
1971	6	74500
1971	7	57283
1971	8	50096
1971	9	50036
1971	10	54064
1971	11	59706
1971	12	35787
1972	1	21996
1972	2	27986
1972	3	43545
1972	4	50130
1972	5	61935
1972	6	53860
1972	7	53577
1972	8	54122
1972	9	55420
1972	10	55654
1972	11	59363
1972	12	32016
1973	1	36029
1973	2	36789
1973	3	60045
1973	4	45273
1973	5	50577
1973	6	50436
1973	7	41880
1973	8	36238
1973	9	40223
1973	10	46451
1973	11	41076
1973	12	27087
1974	1	26209
1974	2	35382
1974	3	36635
1974	4	44493
1974	5	44841
1974	6	40353
1974	7	36387
1974	8	37764
1974	9	36806
1974	10	38064
1974	11	36653
1974	12	23006
1975	1	20764
1975	2	22103
1975	3	31174
1975	4	44673
1975	5	44229
1975	6	53150
1975	7	56977
1975	8	65535
1975	9	66506
1975	10	66180
1975	11	68476
1975	12	38064
1976	1	27138
1976	2	34910
1976	3	41783
1976	4	45990
1976	5	45612
1976	6	43460
1976	7	40974
1976	8	40045
1976	9	40480
1976	10	40016
1976	11	40093
1976	12	27932
1977	1	20351
1977	2	23242
1977	3	30003
1977	4	39186
1977	5	40854
1977	6	38470
1977	7	37812
1977	8	40380
1977	9	40936
1977	10	38245
1977	11	39970
1977	12	21780
1978	1	18612
1978	2	19746
1978	3	55267
1978	4	52690
1978	5	43422
1978	6	50486
1978	7	58529
1978	8	59141
1978	9	60440
1978	10	58987
1978	11	59543
1978	12	35722
1979	1	23538
1979	2	27785
1979	3	61941
1979	4	55273
1979	5	59003
1979	6	53773
1979	7	48061
1979	8	46190
1979	9	44826
1979	10	44919
1979	11	52066
1979	12	38009
1980	1	28161
1980	2	28110
1980	3	35312
1980	4	45616
1980	5	44677
1980	6	49763
1980	7	37987
1980	8	39593
1980	9	38583
1980	10	40725
1980	11	41223
1980	12	22083
1981	1	20087
1981	2	20367
1981	3	26612
1981	4	38646
1981	5	38600
1981	6	37786
1981	7	37006
1981	8	40303
1981	9	37706
1981	10	39206
1981	11	28903
1981	12	21822
1982	1	17516
1982	2	29975
1982	3	35096
1982	4	39113
1982	5	53045
1982	6	52993
1982	7	47932
1982	8	42661
1982	9	42390
1982	10	51829
1982	11	56970
1982	12	44251
1983	1	37900
1983	2	48632
1983	3	66732
1983	4	71553
1983	5	63325
1983	6	77090
1983	7	68732
1983	8	50377
1983	9	49113
1983	10	48874
1983	11	47783
1983	12	33254
1984	1	31854
1984	2	47044
1984	3	54109
1984	4	95660
1984	5	85164
1984	6	117463
1984	7	68874
1984	8	56493
1984	9	55140
1984	10	59458
1984	11	61706
1984	12	45758
1985	1	29861
1985	2	32350
1985	3	45951
1985	4	50696
1985	5	53138
1985	6	45890
1985	7	40241
1985	8	38738
1985	9	41343
1985	10	41696
1985	11	39766
1985	12	27693
1986	1	26064
1986	2	29153
1986	3	51045
1986	4	60790
1986	5	68916
1986	6	60963
1986	7	58425
1986	8	50274
1986	9	58986
1986	10	69438
1986	11	61950
1986	12	52412
1987	1	39974
1987	2	36639
1987	3	56464
1987	4	69853
1987	5	53458
1987	6	46550
1987	7	42467
1987	8	42461
1987	9	41426
1987	10	38880
1987	11	40980
1987	12	28632
1988	1	23377
1988	2	30172
1988	3	37477
1988	4	40440
1988	5	40874
1988	6	36923
1988	7	35709
1988	8	35012
1988	9	38853
1988	10	37683
1988	11	28386
1988	12	19154
1989	1	19783
1989	2	20741
1989	3	26087
1989	4	35470
1989	5	35854
1989	6	35680
1989	7	36022
1989	8	34700
1989	9	38313
1989	10	32712
1989	11	16913
1989	12	14866
1990	1	17674
1990	2	18296
1990	3	18770
1990	4	29333
1990	5	35241
1990	6	48063
1990	7	37729
1990	8	32583
1990	9	33150
1990	10	31593
1990	11	16256
1990	12	14010
1991	1	17974
1991	2	21082
1991	3	19048
1991	4	34773
1991	5	39835
1991	6	51856
1991	7	33400
1991	8	31200
1991	9	33223
1991	10	32170
1991	11	17073
1991	12	20148
1992	1	20687
1992	2	21565
1992	3	28174
1992	4	35140
1992	5	37406
1992	6	36566
1992	7	41987
1992	8	37103
1992	9	36136
1992	10	35212
1992	11	22423
1992	12	22606
1993	1	20680
1993	2	24035
1993	3	55035
1993	4	56400
1993	5	54958
1993	6	64750
1993	7	116670
1993	8	48941
1993	9	45426
1993	10	39316
1993	11	36280
1993	12	31667
1994	1	26954
1994	2	33682
1994	3	51067
1994	4	43063
1994	5	46841
1994	6	53660
1994	7	51580
1994	8	39729
1994	9	38576
1994	10	38722
1994	11	37956
1994	12	27022
1995	1	25348
1995	2	29307
1995	3	38248
1995	4	54536
1995	5	73041
1995	6	79300
1995	7	57419
1995	8	60503
1995	9	63370
1995	10	67229
1995	11	66533
1995	12	40664
1996	1	29129
1996	2	37610
1996	3	41651
1996	4	55140
1996	5	63793
1996	6	78650
1996	7	70806
1996	8	71538
1996	9	62856
1996	10	61506
1996	11	63943
1996	12	38606
1997	1	33219
1997	2	47900
1997	3	62174
1997	4	98960
1997	5	90280
1997	6	81703
1997	7	74538
1997	8	71103
1997	9	73406
1997	10	76764
1997	11	79406
1997	12	50890
1998	1	33403
1998	2	40371
1998	3	41941
1998	4	55183
1998	5	48851
1998	6	62550
1998	7	52441
1998	8	44170
1998	9	39463
1998	10	43212
1998	11	58183
1998	12	44754
1999	1	35403
1999	2	42650
1999	3	44990
1999	4	58986
1999	5	60880
1999	6	72320
1999	7	63874
1999	8	56725
1999	9	54370
1999	10	52809
1999	11	53196
1999	12	38306
2000	1	31232
2000	2	28658
2000	3	31587
2000	4	38150
2000	5	42077
2000	6	44583
2000	7	41983
2000	8	36841
2000	9	37090
2000	10	39638
2000	11	38856
2000	12	19941
2001	1	21974
2001	2	21828
2001	3	39032
2001	4	60970
2001	5	61641
2001	6	45426
2001	7	37248
2001	8	33900
2001	9	34443
2001	10	34854
2001	11	36336
2001	12	24848
2002	1	22406
2002	2	23078
2002	3	26758
2002	4	33943
2002	5	35216
2002	6	34453
2002	7	28832
2002	8	33029
2002	9	33360
2002	10	36425
2002	11	32426
2002	12	19877
2003	1	18700
2003	2	21471
2003	3	25496
2003	4	33273
2003	5	42948
2003	6	38993
2003	7	39125
2003	8	28038
2003	9	32153
2003	10	31341
2003	11	29796
2003	12	19009
2004	1	19393
2004	2	21293
2004	3	29548
2004	4	30336
2004	5	41838
2004	6	47086
2004	7	40867
2004	8	31987
2004	9	33970
2004	10	24477
2004	11	18916
2004	12	19506
2005	1	19745
2005	2	23900
2005	3	21435
2005	4	33650
2005	5	39525
2005	6	47883
2005	7	33087
2005	8	29577
2005	9	30870
2005	10	23800
2005	11	17813
2005	12	21487
2006	1	21251
2006	2	22739
2006	3	23406
2006	4	40236
2006	5	35390
2006	6	32506
2006	7	30287
2006	8	35235
2006	9	35770
2006	10	23174
2006	11	17283
2006	12	20119
2007	1	20303
2007	2	25250
2007	3	43800
2007	4	45676
2007	5	55874
2007	6	44200
2007	7	32151
2007	8	38193
2007	9	32620
2007	10	38938
2007	11	24190
2007	12	23503
2008	1	22187
2008	2	22393
2008	3	32225
2008	4	37560
2008	5	42754
2008	6	76863
2008	7	37058
2008	8	32058
2008	9	28593
2008	10	34296
2008	11	25046
2008	12	21043
2009	1	22483
2009	2	30814
2009	3	27832
2009	4	36493
2009	5	37887
2009	6	46620
2009	7	47193
2009	8	40716
2009	9	39643
2009	10	42838
2009	11	39040
2009	12	26103
2010	1	27790
2010	2	28100
2010	3	75212
2010	4	55520
2010	5	52635
2010	6	108673
2010	7	93225
2010	8	84845
2010	9	71970
2010	10	75629
2010	11	65123
2010	12	43483
2011	1	32361
2011	2	46460
2011	3	53883
2011	4	81706
2011	5	100067
2011	6	168566
2011	7	207612
2011	8	176193
2011	9	105523
2011	10	59248
2011	11	54590
2011	12	44367
2012	1	34767
2012	2	35679
2012	3	40093
2012	4	40526
2012	5	46819
2012	6	46346
2012	7	37441
2012	8	38600
2012	9	39316
2012	10	40232
2012	11	40053
2012	12	22164
2013	1	20693
2013	2	20935
2013	3	27474
2013	4	32883
2013	5	38222
2013	6	46850
2013	7	34016
2013	8	32016
2013	9	36380
2013	10	38016
2013	11	36046
2013	12	21283
2014	1	19919
2014	2	22564
2014	3	27396
2014	4	37303
2014	5	40719
2014	6	71746
2014	7	51319
2014	8	42500
2014	9	59866
2014	10	59890
2014	11	48620
2014	12	34022
2015	1	29432
2015	2	32528
2015	3	32087
2015	4	39346
2015	5	50851
2015	6	61336
2015	7	46870
2015	8	46074
2015	9	47070
