1940	10	8
1940	11	9
1940	12	9
1941	1	9
1941	2	9
1941	3	10
1941	4	10
1941	5	9
1941	6	6
1941	7	8
1941	8	6
1941	9	7
1941	10	8
1941	11	9
1941	12	10
1942	1	12
1942	2	12
1942	3	12
1942	4	12
1942	5	10
1942	6	11
1942	7	5
1942	8	4
1942	9	11
1942	10	12
1942	11	11
1942	12	11
1943	1	10
1943	2	11
1943	3	11
1943	4	11
1943	5	11
1943	6	8
1943	7	0
1943	8	0
1943	9	3
1943	10	6
1943	11	7
1943	12	8
1944	1	8
1944	2	11
1944	3	11
1944	4	14
1944	5	12
1944	6	8
1944	7	8
1944	8	4
1944	9	5
1944	10	8
1944	11	10
1944	12	9
1945	1	11
1945	2	9
1945	3	9
1945	4	9
1945	5	8
1945	6	7
1945	7	4
1945	8	4
1945	9	7
1945	10	8
1945	11	7
1945	12	13
1946	1	10
1946	2	10
1946	3	10
1946	4	7
1946	5	8
1946	6	7
1946	7	7
1946	8	1
1946	9	3
1946	10	8
1946	11	12
1946	12	10
1947	1	11
1947	2	11
1947	3	10
1947	4	10
1947	5	9
1947	6	10
1947	7	7
1947	8	3
1947	9	5
1947	10	7
1947	11	9
1947	12	9
1948	1	9
1948	2	10
1948	3	10
1948	4	8
1948	5	9
1948	6	12
1948	7	11
1948	8	10
1948	9	9
1948	10	10
1948	11	8
1948	12	10
1949	1	9
1949	2	11
1949	3	12
1949	4	13
1949	5	11
1949	6	10
1949	7	5
1949	8	3
1949	9	8
1949	10	8
1949	11	8
1949	12	9
1950	1	9
1950	2	10
1950	3	10
1950	4	10
1950	5	11
1950	6	5
1950	7	7
1950	8	19
1950	9	11
1950	10	10
1950	11	10
1950	12	10
1951	1	9
1951	2	11
1951	3	11
1951	4	10
1951	5	9
1951	6	10
1951	7	10
1951	8	10
1951	9	14
1951	10	11
1951	11	10
1951	12	10
1952	1	11
1952	2	12
1952	3	14
1952	4	12
1952	5	10
1952	6	5
1952	7	0
1952	8	0
1952	9	2
1952	10	5
1952	11	8
1952	12	11
1953	1	12
1953	2	9
1953	3	11
1953	4	11
1953	5	8
1953	6	3
1953	7	1
1953	8	1
1953	9	1
1953	10	6
1953	11	10
1953	12	9
1954	1	9
1954	2	10
1954	3	10
1954	4	9
1954	5	7
1954	6	5
1954	7	1
1954	8	1
1954	9	3
1954	10	8
1954	11	9
1954	12	9
1955	1	9
1955	2	10
1955	3	10
1955	4	10
1955	5	6
1955	6	5
1955	7	0
1955	8	0
1955	9	1
1955	10	4
1955	11	6
1955	12	8
1956	1	7
1956	2	8
1956	3	9
1956	4	9
1956	5	4
1956	6	3
1956	7	2
1956	8	5
1956	9	3
1956	10	5
1956	11	10
1956	12	8
1957	1	7
1957	2	9
1957	3	11
1957	4	11
1957	5	11
1957	6	9
1957	7	6
1957	8	1
1957	9	2
1957	10	4
1957	11	9
1957	12	9
1958	1	9
1958	2	10
1958	3	12
1958	4	11
1958	5	10
1958	6	8
1958	7	7
1958	8	5
1958	9	7
1958	10	8
1958	11	8
1958	12	7
1959	1	9
1959	2	9
1959	3	11
1959	4	11
1959	5	9
1959	6	4
1959	7	2
1959	8	0
1959	9	3
1959	10	8
1959	11	7
1959	12	9
1960	1	9
1960	2	12
1960	3	12
1960	4	11
1960	5	9
1960	6	5
1960	7	0
1960	8	0
1960	9	3
1960	10	6
1960	11	7
1960	12	9
1961	1	8
1961	2	8
1961	3	9
1961	4	8
1961	5	9
1961	6	2
1961	7	0
1961	8	2
1961	9	3
1961	10	6
1961	11	8
1961	12	8
1962	1	8
1962	2	8
1962	3	9
1962	4	8
1962	5	7
1962	6	13
1962	7	10
1962	8	4
1962	9	6
1962	10	6
1962	11	9
1962	12	7
1963	1	5
1963	2	9
1963	3	10
1963	4	7
1963	5	2
1963	6	2
1963	7	0
1963	8	3
1963	9	7
1963	10	6
1963	11	7
1963	12	7
1964	1	8
1964	2	8
1964	3	9
1964	4	9
1964	5	6
1964	6	2
1964	7	0
1964	8	0
1964	9	0
1964	10	2
1964	11	5
1964	12	7
1965	1	8
1965	2	9
1965	3	8
1965	4	6
1965	5	1
1965	6	9
1965	7	4
1965	8	3
1965	9	8
1965	10	9
1965	11	9
1965	12	9
1966	1	8
1966	2	11
1966	3	10
1966	4	9
1966	5	2
1966	6	3
1966	7	3
1966	8	5
1966	9	5
1966	10	7
1966	11	8
1966	12	8
1967	1	10
1967	2	8
1967	3	8
1967	4	7
1967	5	6
1967	6	10
1967	7	4
1967	8	0
1967	9	1
1967	10	6
1967	11	8
1967	12	7
1968	1	8
1968	2	9
1968	3	8
1968	4	8
1968	5	3
1968	6	4
1968	7	0
1968	8	2
1968	9	4
1968	10	4
1968	11	8
1968	12	8
1969	1	8
1969	2	9
1969	3	8
1969	4	7
1969	5	11
1969	6	7
1969	7	0
1969	8	2
1969	9	1
1969	10	7
1969	11	8
1969	12	8
1970	1	8
1970	2	8
1970	3	9
1970	4	9
1970	5	7
1970	6	5
1970	7	0
1970	8	0
1970	9	1
1970	10	5
1970	11	9
1970	12	8
1971	1	8
1971	2	11
1971	3	10
1971	4	9
1971	5	9
1971	6	6
1971	7	0
1971	8	0
1971	9	1
1971	10	4
1971	11	8
1971	12	8
1972	1	7
1972	2	8
1972	3	8
1972	4	4
1972	5	3
1972	6	2
1972	7	2
1972	8	1
1972	9	6
1972	10	5
1972	11	7
1972	12	8
1973	1	8
1973	2	9
1973	3	9
1973	4	9
1973	5	8
1973	6	2
1973	7	1
1973	8	0
1973	9	1
1973	10	6
1973	11	8
1973	12	8
1974	1	10
1974	2	10
1974	3	9
1974	4	9
1974	5	2
1974	6	3
1974	7	0
1974	8	0
1974	9	0
1974	10	3
1974	11	8
1974	12	8
1975	1	8
1975	2	8
1975	3	8
1975	4	8
1975	5	7
1975	6	4
1975	7	0
1975	8	0
1975	9	0
1975	10	2
1975	11	6
1975	12	8
1976	1	9
1976	2	8
1976	3	7
1976	4	8
1976	5	5
1976	6	0
1976	7	0
1976	8	0
1976	9	0
1976	10	6
1976	11	5
1976	12	5
1977	1	6
1977	2	7
1977	3	10
1977	4	10
1977	5	6
1977	6	0
1977	7	0
1977	8	1
1977	9	2
1977	10	6
1977	11	7
1977	12	7
1978	1	7
1978	2	7
1978	3	8
1978	4	7
1978	5	7
1978	6	2
1978	7	0
1978	8	0
1978	9	2
1978	10	5
1978	11	6
1978	12	5
1979	1	6
1979	2	8
1979	3	8
1979	4	7
1979	5	6
1979	6	1
1979	7	0
1979	8	1
1979	9	1
1979	10	3
1979	11	5
1979	12	6
1980	1	6
1980	2	7
1980	3	7
1980	4	12
1980	5	8
1980	6	3
1980	7	0
1980	8	0
1980	9	3
1980	10	6
1980	11	6
1980	12	6
1981	1	7
1981	2	6
1981	3	10
1981	4	9
1981	5	9
1981	6	6
1981	7	1
1981	8	0
1981	9	5
1981	10	7
1981	11	7
1981	12	7
1982	1	7
1982	2	7
1982	3	6
1982	4	6
1982	5	6
1982	6	8
1982	7	2
1982	8	0
1982	9	2
1982	10	7
1982	11	7
1982	12	6
1983	1	8
1983	2	8
1983	3	8
1983	4	8
1983	5	7
1983	6	6
1983	7	1
1983	8	0
1983	9	0
1983	10	4
1983	11	4
1983	12	4
1984	1	6
1984	2	9
1984	3	8
1984	4	11
1984	5	11
1984	6	6
1984	7	0
1984	8	0
1984	9	1
1984	10	6
1984	11	7
1984	12	6
1985	1	6
1985	2	9
1985	3	7
1985	4	7
1985	5	6
1985	6	2
1985	7	0
1985	8	1
1985	9	4
1985	10	8
1985	11	6
1985	12	7
1986	1	6
1986	2	5
1986	3	6
1986	4	7
1986	5	6
1986	6	4
1986	7	0
1986	8	0
1986	9	3
1986	10	5
1986	11	5
1986	12	6
1987	1	7
1987	2	6
1987	3	9
1987	4	6
1987	5	8
1987	6	3
1987	7	4
1987	8	0
1987	9	3
1987	10	5
1987	11	6
1987	12	6
1988	1	6
1988	2	6
1988	3	6
1988	4	8
1988	5	8
1988	6	3
1988	7	0
1988	8	0
1988	9	2
1988	10	5
1988	11	6
1988	12	5
1989	1	5
1989	2	5
1989	3	5
1989	4	3
1989	5	2
1989	6	5
1989	7	0
1989	8	0
1989	9	3
1989	10	4
1989	11	4
1989	12	4
1990	1	6
1990	2	6
1990	3	6
1990	4	6
1990	5	5
1990	6	1
1990	7	0
1990	8	0
1990	9	1
1990	10	4
1990	11	5
1990	12	5
1991	1	6
1991	2	8
1991	3	6
1991	4	6
1991	5	6
1991	6	5
1991	7	0
1991	8	0
1991	9	3
1991	10	4
1991	11	5
1991	12	5
1992	1	6
1992	2	6
1992	3	6
1992	4	5
1992	5	3
1992	6	3
1992	7	0
1992	8	1
1992	9	0
1992	10	4
1992	11	4
1992	12	5
1993	1	5
1993	2	5
1993	3	6
1993	4	6
1993	5	7
1993	6	1
1993	7	0
1993	8	2
1993	9	2
1993	10	4
1993	11	6
1993	12	6
1994	1	6
1994	2	7
1994	3	6
1994	4	6
1994	5	4
1994	6	0
1994	7	0
1994	8	0
1994	9	2
1994	10	5
1994	11	5
1994	12	5
1995	1	5
1995	2	5
1995	3	5
1995	4	7
1995	5	6
1995	6	3
1995	7	1
1995	8	0
1995	9	1
1995	10	3
1995	11	4
1995	12	4
1996	1	3
1996	2	5
1996	3	5
1996	4	5
1996	5	5
1996	6	3
1996	7	0
1996	8	2
1996	9	3
1996	10	4
1996	11	3
1996	12	3
1997	1	5
1997	2	4
1997	3	3
1997	4	4
1997	5	3
1997	6	1
1997	7	0
1997	8	2
1997	9	1
1997	10	3
1997	11	2
1997	12	3
1998	1	2
1998	2	0
1998	3	2
1998	4	6
1998	5	4
1998	6	0
1998	7	0
1998	8	0
1998	9	0
1998	10	4
1998	11	3
1998	12	2
1999	1	3
1999	2	4
1999	3	4
1999	4	4
1999	5	6
1999	6	3
1999	7	0
1999	8	4
1999	9	6
1999	10	3
1999	11	1
1999	12	4
2000	1	4
2000	2	3
2000	3	4
2000	4	3
2000	5	3
2000	6	0
2000	7	0
2000	8	0
2000	9	0
2000	10	3
2000	11	5
2000	12	4
2001	1	6
2001	2	7
2001	3	4
2001	4	4
2001	5	4
2001	6	2
2001	7	0
2001	8	1
2001	9	2
2001	10	2
2001	11	5
2001	12	4
2002	1	3
2002	2	3
2002	3	3
2002	4	4
2002	5	1
2002	6	3
2002	7	0
2002	8	0
2002	9	0
2002	10	1
2002	11	4
2002	12	3
2003	1	3
2003	2	3
2003	3	5
2003	4	5
2003	5	3
2003	6	2
2003	7	0
2003	8	0
2003	9	1
2003	10	0
2003	11	1
2003	12	5
2004	1	3
2004	2	4
2004	3	4
2004	4	3
2004	5	2
2004	6	1
2004	7	1
2004	8	0
2004	9	1
2004	10	3
2004	11	1
2004	12	3
2005	1	5
2005	2	3
2005	3	3
2005	4	3
2005	5	3
2005	6	1
2005	7	0
2005	8	0
2005	9	1
2005	10	3
2005	11	2
2005	12	2
2006	1	2
2006	2	3
2006	3	2
2006	4	2
2006	5	0
2006	6	0
2006	7	0
2006	8	0
2006	9	2
2006	10	3
2006	11	2
2006	12	3
2007	1	2
2007	2	3
2007	3	3
2007	4	4
2007	5	3
2007	6	2
2007	7	0
2007	8	2
2007	9	1
2007	10	0
2007	11	1
2007	12	2
2008	1	3
2008	2	4
2008	3	3
2008	4	1
2008	5	2
2008	6	1
2008	7	0
2008	8	1
2008	9	1
2008	10	3
2008	11	4
2008	12	3
2009	1	3
2009	2	3
2009	3	3
2009	4	4
2009	5	4
2009	6	2
2009	7	1
2009	8	0
2009	9	1
2009	10	3
2009	11	3
2009	12	2
2010	1	3
2010	2	5
2010	3	4
2010	4	5
2010	5	4
2010	6	2
2010	7	1
2010	8	0
2010	9	0
2010	10	1
2010	11	2
2010	12	2
2011	1	2
2011	2	3
2011	3	3
2011	4	3
2011	5	2
2011	6	1
2011	7	1
2011	8	1
2011	9	1
2011	10	2
2011	11	2
2011	12	2
2012	1	2
2012	2	2
2012	3	2
2012	4	3
2012	5	1
2012	6	0
2012	7	0
2012	8	0
2012	9	0
2012	10	0
2012	11	0
2012	12	0
2013	1	1
2013	2	2
2013	3	3
2013	4	2
2013	5	2
2013	6	0
2013	7	0
2013	8	0
2013	9	0
2013	10	0
2013	11	1
2013	12	1
2014	1	2
2014	2	1
2014	3	2
2014	4	2
2014	5	2
2014	6	3
2014	7	0
2014	8	0
2014	9	0
2014	10	0
2014	11	0
2014	12	2
2015	1	3
2015	2	2
2015	3	2
2015	4	2
2015	5	3
2015	6	1
2015	7	0
2015	8	0
2015	9	0
