1946	4	441
1946	5	607
1946	6	1205
1946	7	2810
1946	8	408
1946	9	2292
1946	10	4520
1946	11	1724
1946	12	946
1947	1	617
1947	2	585
1947	3	968
1947	4	1802
1947	5	1144
1947	6	8463
1947	7	2181
1947	8	490
1947	9	183
1947	10	112
1947	11	265
1947	12	378
1948	1	501
1948	2	903
1948	3	1626
1948	4	630
1948	5	458
1948	6	2634
1948	7	2524
1948	8	713
1948	9	287
1948	10	116
1948	11	320
1948	12	412
1949	1	690
1949	2	1353
1949	3	2072
1949	4	1246
1949	5	3458
1949	6	4906
1949	7	1012
1949	8	719
1949	9	771
1949	10	742
1949	11	461
1949	12	387
1950	1	290
1950	2	645
1950	3	816
1950	4	584
1950	5	1668
1950	6	810
1950	7	4541
1950	8	3521
1950	9	1470
1950	10	1354
1950	11	386
1950	12	383
1951	1	414
1951	2	578
1951	3	934
1951	4	1047
1951	5	2795
1951	6	7019
1951	7	6906
1951	8	2042
1951	9	4143
1951	10	950
1951	11	784
1951	12	631
1952	1	684
1952	2	1025
1952	3	1253
1952	4	1824
1952	5	1722
1952	6	723
1952	7	990
1952	8	230
1952	9	88
1952	10	48
1952	11	158
1952	12	149
1953	1	243
1953	2	750
1953	3	227
1953	4	146
1953	5	285
1953	6	458
1953	7	105
1953	8	78
1953	9	229
1953	10	65
1953	11	136
1953	12	186
1954	1	67
1954	2	137
1954	3	95
1954	4	81
1954	5	583
1954	6	458
1954	7	42
1954	8	206
1954	9	90
1954	10	81
1954	11	63
1954	12	74
1955	1	67
1955	2	234
1955	3	161
1955	4	91
1955	5	73
1955	6	1131
1955	7	139
1955	8	52
1955	9	393
1955	10	135
1955	11	79
1955	12	64
1956	1	75
1956	2	103
1956	3	114
1956	4	87
1956	5	49
1956	6	627
1956	7	618
1956	8	93
1956	9	56
1956	10	37
1956	11	59
1956	12	58
1957	1	37
1957	2	82
1957	3	113
1957	4	206
1957	5	915
1957	6	2780
1957	7	2650
1957	8	505
1957	9	341
1957	10	106
1957	11	158
1957	12	237
1958	1	230
1958	2	328
1958	3	919
1958	4	1396
1958	5	875
1958	6	683
1958	7	901
1958	8	1132
1958	9	1960
1958	10	447
1958	11	252
1958	12	343
1959	1	398
1959	2	701
1959	3	632
1959	4	634
1959	5	1600
1959	6	770
1959	7	503
1959	8	204
1959	9	208
1959	10	319
1959	11	152
1959	12	125
1960	1	80
1960	2	326
1960	3	1447
1960	4	2784
1960	5	2810
1960	6	2416
1960	7	1313
1960	8	403
1960	9	244
1960	10	145
1960	11	137
1960	12	132
1961	1	127
1961	2	154
1961	3	159
1961	4	171
1961	5	1514
1961	6	2886
1961	7	923
1961	8	623
1961	9	1973
1961	10	460
1961	11	383
1961	12	209
1962	1	566
1962	2	631
1962	3	630
1962	4	674
1962	5	461
1962	6	2483
1962	7	3167
1962	8	2080
1962	9	1167
1962	10	745
1962	11	293
1962	12	271
1963	1	199
1963	2	576
1963	3	1166
1963	4	858
1963	5	296
1963	6	221
1963	7	373
1963	8	425
1963	9	1143
1963	10	514
1963	11	325
1963	12	262
1964	1	267
1964	2	360
1964	3	214
1964	4	155
1964	5	178
1964	6	255
1964	7	223
1964	8	393
1964	9	741
1964	10	129
1964	11	142
1964	12	120
1965	1	161
1965	2	619
1965	3	603
1965	4	333
1965	5	676
1965	6	1682
1965	7	2001
1965	8	380
1965	9	691
1965	10	2195
1965	11	1429
1965	12	681
1966	1	612
1966	2	1043
1966	3	1020
1966	4	706
1966	5	315
1966	6	288
1966	7	657
1966	8	471
1966	9	376
1966	10	155
1966	11	130
1966	12	180
1967	1	180
1967	2	472
1967	3	567
1967	4	404
1967	5	209
1967	6	3017
1967	7	2448
1967	8	774
1967	9	940
1967	10	211
1967	11	197
1967	12	190
1968	1	148
1968	2	438
1968	3	348
1968	4	702
1968	5	329
1968	6	529
1968	7	345
1968	8	1236
1968	9	985
1968	10	497
1968	11	244
1968	12	146
1969	1	210
1969	2	1248
1969	3	1280
1969	4	672
1969	5	1308
1969	6	1039
1969	7	1299
1969	8	623
1969	9	663
1969	10	395
1969	11	423
1969	12	536
1970	1	328
1970	2	576
1970	3	580
1970	4	875
1970	5	662
1970	6	657
1970	7	312
1970	8	265
1970	9	217
1970	10	185
1970	11	217
1970	12	164
1971	1	132
1971	2	363
1971	3	466
1971	4	243
1971	5	400
1971	6	625
1971	7	692
1971	8	279
1971	9	136
1971	10	105
1971	11	307
1971	12	216
1972	1	167
1972	2	180
1972	3	173
1972	4	169
1972	5	424
1972	6	294
1972	7	460
1972	8	790
1972	9	327
1972	10	169
1972	11	559
1972	12	265
1973	1	422
1973	2	447
1973	3	1314
1973	4	1474
1973	5	1454
1973	6	734
1973	7	947
1973	8	470
1973	9	2944
1973	10	5032
1973	11	1617
1973	12	837
1974	1	1002
1974	2	1230
1974	3	998
1974	4	912
1974	5	984
1974	6	382
1974	7	295
1974	8	372
1974	9	139
1974	10	134
1974	11	178
1974	12	181
1975	1	181
1975	2	214
1975	3	432
1975	4	257
1975	5	208
1975	6	1727
1975	7	698
1975	8	384
1975	9	150
1975	10	125
1975	11	172
1975	12	194
1976	1	185
1976	2	212
1976	3	249
1976	4	591
1976	5	250
1976	6	187
1976	7	305
1976	8	243
1976	9	121
1976	10	72
1976	11	63
1976	12	80
1977	1	78
1977	2	189
1977	3	156
1977	4	140
1977	5	223
1977	6	734
1977	7	364
1977	8	1113
1977	9	1160
1977	10	276
1977	11	264
1977	12	216
1978	1	164
1978	2	175
1978	3	1104
1978	4	411
1978	5	380
1978	6	213
1978	7	450
1978	8	514
1978	9	571
1978	10	178
1978	11	191
1978	12	143
1979	1	95
1979	2	632
1979	3	2561
1979	4	684
1979	5	511
1979	6	313
1979	7	686
1979	8	462
1979	9	200
1979	10	198
1979	11	451
1979	12	278
1980	1	221
1980	2	362
1980	3	751
1980	4	1422
1980	5	346
1980	6	365
1980	7	268
1980	8	255
1980	9	99
1980	10	108
1980	11	121
1980	12	133
1981	1	148
1981	2	117
1981	3	140
1981	4	81
1981	5	558
1981	6	440
1981	7	617
1981	8	540
1981	9	236
1981	10	178
1981	11	204
1981	12	301
1982	1	134
1982	2	466
1982	3	558
1982	4	287
1982	5	1640
1982	6	1187
1982	7	1519
1982	8	674
1982	9	369
1982	10	389
1982	11	251
1982	12	236
1983	1	249
1983	2	590
1983	3	876
1983	4	948
1983	5	985
1983	6	1575
1983	7	538
1983	8	381
1983	9	381
1983	10	1226
1983	11	347
1983	12	322
1984	1	590
1984	2	649
1984	3	694
1984	4	1792
1984	5	2172
1984	6	1317
1984	7	477
1984	8	358
1984	9	179
1984	10	179
1984	11	160
1984	12	198
1985	1	201
1985	2	683
1985	3	396
1985	4	302
1985	5	1401
1985	6	564
1985	7	551
1985	8	1641
1985	9	507
1985	10	470
1985	11	272
1985	12	251
1986	1	367
1986	2	295
1986	3	307
1986	4	450
1986	5	731
1986	6	403
1986	7	456
1986	8	647
1986	9	691
1986	10	1890
1986	11	487
1986	12	456
1987	1	450
1987	2	304
1987	3	2664
1987	4	4009
1987	5	1972
1987	6	677
1987	7	859
1987	8	463
1987	9	226
1987	10	177
1987	11	221
1987	12	256
1988	1	285
1988	2	514
1988	3	305
1988	4	237
1988	5	173
1988	6	170
1988	7	695
1988	8	329
1988	9	129
1988	10	83
1988	11	139
1988	12	149
1989	1	160
1989	2	129
1989	3	176
1989	4	121
1989	5	96
1989	6	231
1989	7	666
1989	8	494
1989	9	562
1989	10	125
1989	11	143
1989	12	112
1990	1	167
1990	2	147
1990	3	155
1990	4	170
1990	5	511
1990	6	559
1990	7	390
1990	8	680
1990	9	156
1990	10	64
1990	11	58
1990	12	55
1991	1	85
1991	2	200
1991	3	106
1991	4	75
1991	5	111
1991	6	452
1991	7	88
1991	8	85
1991	9	31
1991	10	14
1991	11	33
1991	12	49
1992	1	69
1992	2	61
1992	3	94
1992	4	97
1992	5	51
1992	6	439
1992	7	1983
1992	8	601
1992	9	471
1992	10	629
1992	11	291
1992	12	439
1993	1	236
1993	2	1297
1993	3	2766
1993	4	947
1993	5	735
1993	6	1079
1993	7	10738
1993	8	2351
1993	9	1742
1993	10	1359
1993	11	1410
1993	12	1229
1994	1	643
1994	2	715
1994	3	1349
1994	4	565
1994	5	508
1994	6	376
1994	7	625
1994	8	310
1994	9	183
1994	10	141
1994	11	184
1994	12	200
1995	1	205
1995	2	193
1995	3	241
1995	4	235
1995	5	2071
1995	6	1670
1995	7	632
1995	8	504
1995	9	233
1995	10	155
1995	11	212
1995	12	200
1996	1	149
1996	2	183
1996	3	199
1996	4	183
1996	5	583
1996	6	543
1996	7	696
1996	8	1117
1996	9	1369
1996	10	1207
1996	11	1717
1996	12	580
1997	1	421
1997	2	376
1997	3	328
1997	4	1019
1997	5	670
1997	6	677
1997	7	478
1997	8	377
1997	9	173
1997	10	125
1997	11	319
1997	12	376
1998	1	384
1998	2	418
1998	3	537
1998	4	1823
1998	5	703
1998	6	255
1998	7	518
1998	8	385
1998	9	148
1998	10	210
1998	11	406
1998	12	243
1999	1	306
1999	2	251
1999	3	208
1999	4	429
1999	5	1313
1999	6	514
1999	7	355
1999	8	321
1999	9	124
1999	10	103
1999	11	143
1999	12	161
2000	1	162
2000	2	204
2000	3	135
2000	4	261
2000	5	119
2000	6	183
2000	7	580
2000	8	166
2000	9	47
2000	10	30
2000	11	57
2000	12	26
2001	1	50
2001	2	59
2001	3	806
2001	4	332
2001	5	1273
2001	6	904
2001	7	589
2001	8	317
2001	9	345
2001	10	122
2001	11	188
2001	12	187
2002	1	222
2002	2	252
2002	3	216
2002	4	134
2002	5	246
2002	6	139
2002	7	103
2002	8	86
2002	9	23
2002	10	82
2002	11	50
2002	12	47
2003	1	45
2003	2	71
2003	3	150
2003	4	96
2003	5	256
2003	6	1267
2003	7	237
2003	8	168
2003	9	879
2003	10	82
2003	11	90
2003	12	70
2004	1	47
2004	2	97
2004	3	395
2004	4	131
2004	5	188
2004	6	302
2004	7	673
2004	8	156
2004	9	50
2004	10	41
2004	11	48
2004	12	53
2005	1	41
2005	2	67
2005	3	75
2005	4	200
2005	5	63
2005	6	70
2005	7	173
2005	8	212
2005	9	33
2005	10	25
2005	11	29
2005	12	28
2006	1	39
2006	2	34
2006	3	42
2006	4	41
2006	5	33
2006	6	34
2006	7	114
2006	8	65
2006	9	46
2006	10	19
2006	11	20
2006	12	33
2007	1	41
2007	2	130
2007	3	67
2007	4	84
2007	5	529
2007	6	340
2007	7	258
2007	8	278
2007	9	118
2007	10	353
2007	11	158
2007	12	151
2008	1	149
2008	2	239
2008	3	179
2008	4	279
2008	5	803
2008	6	1893
2008	7	809
2008	8	566
2008	9	633
2008	10	1394
2008	11	917
2008	12	542
2009	1	483
2009	2	491
2009	3	486
2009	4	295
2009	5	285
2009	6	314
2009	7	267
2009	8	193
2009	9	151
2009	10	78
2009	11	188
2009	12	133
2010	1	326
2010	2	333
2010	3	1039
2010	4	888
2010	5	1099
2010	6	2684
2010	7	1107
2010	8	465
2010	9	299
2010	10	186
2010	11	202
2010	12	182
2011	1	148
2011	2	416
2011	3	499
2011	4	581
2011	5	1882
2011	6	1677
2011	7	599
2011	8	633
2011	9	340
2011	10	187
2011	11	239
2011	12	309
2012	1	339
2012	2	361
2012	3	644
2012	4	980
2012	5	345
2012	6	258
2012	7	194
2012	8	142
2012	9	39
2012	10	32
2012	11	37
2012	12	37
2013	1	46
2013	2	60
2013	3	57
2013	4	151
2013	5	283
2013	6	124
2013	7	101
2013	8	918
2013	9	120
2013	10	63
2013	11	91
2013	12	34
2014	1	47
2014	2	132
2014	3	128
2014	4	65
2014	5	48
2014	6	319
2014	7	147
2014	8	194
2014	9	214
2014	10	104
2014	11	92
2014	12	96
2015	1	39
2015	2	64
2015	3	61
2015	4	63
2015	5	1366
2015	6	1572
2015	7	302
2015	8	708
2015	9	152
