1940	1	6
1940	2	10
1940	3	18
1940	4	11
1940	5	50
1940	6	54
1940	7	435
1940	8	247
1940	9	360
1940	10	77
1940	11	61
1940	12	36
1941	1	29
1941	2	31
1941	3	35
1941	4	53
1941	5	135
1941	6	1755
1941	7	1212
1941	8	764
1941	9	851
1941	10	469
1941	11	130
1941	12	70
1942	1	71
1942	2	82
1942	3	87
1942	4	987
1942	5	393
1942	6	1772
1942	7	186
1942	8	237
1942	9	216
1942	10	61
1942	11	42
1942	12	44
1943	1	46
1943	2	64
1943	3	51
1943	4	147
1943	5	57
1943	6	151
1943	7	47
1943	8	19
1943	9	62
1943	10	33
1943	11	10
1943	12	8
1944	1	13
1944	2	26
1944	3	49
1944	4	606
1944	5	1390
1944	6	243
1944	7	957
1944	8	620
1944	9	232
1944	10	74
1944	11	45
1944	12	51
1945	1	47
1945	2	52
1945	3	47
1945	4	117
1945	5	816
1945	6	827
1945	7	178
1945	8	57
1945	9	30
1945	10	20
1945	11	19
1945	12	17
1946	1	25
1946	2	23
1946	3	29
1946	4	27
1946	5	45
1946	6	41
1946	7	130
1946	8	46
1946	9	649
1946	10	1768
1946	11	407
1946	12	129
1947	1	77
1947	2	80
1947	3	98
1947	4	276
1947	5	236
1947	6	964
1947	7	156
1947	8	54
1947	9	13
1947	10	7
1947	11	13
1947	12	20
1948	1	12
1948	2	54
1948	3	199
1948	4	52
1948	5	39
1948	6	154
1948	7	733
1948	8	357
1948	9	79
1948	10	27
1948	11	37
1948	12	38
1949	1	61
1949	2	822
1949	3	212
1949	4	94
1949	5	347
1949	6	1792
1949	7	350
1949	8	181
1949	9	209
1949	10	414
1949	11	81
1949	12	55
1950	1	39
1950	2	68
1950	3	67
1950	4	44
1950	5	244
1950	6	270
1950	7	1561
1950	8	3300
1950	9	490
1950	10	691
1950	11	121
1950	12	74
1951	1	50
1951	2	58
1951	3	66
1951	4	202
1951	5	2100
1951	6	6269
1951	7	3212
1951	8	1509
1951	9	2144
1951	10	278
1951	11	154
1951	12	103
1952	1	119
1952	2	299
1952	3	473
1952	4	448
1952	5	553
1952	6	162
1952	7	67
1952	8	63
1952	9	37
1952	10	27
1952	11	25
1952	12	39
1953	1	58
1953	2	34
1953	3	44
1953	4	34
1953	5	33
1953	6	79
1953	7	172
1953	8	241
1953	9	13
1953	10	7
1953	11	44
1953	12	44
1954	1	19
1954	2	35
1954	3	26
1954	4	26
1954	5	339
1954	6	239
1954	7	16
1954	8	6
1954	9	14
1954	10	57
1954	11	20
1954	12	15
1955	1	20
1955	2	24
1955	3	22
1955	4	329
1955	5	33
1955	6	142
1955	7	253
1955	8	8
1955	9	481
1955	10	105
1955	11	27
1955	12	23
1956	1	17
1956	2	26
1956	3	28
1956	4	33
1956	5	127
1956	6	50
1956	7	163
1956	8	33
1956	9	1
1956	10	9
1956	11	16
1956	12	9
1957	1	7
1957	2	22
1957	3	28
1957	4	237
1957	5	1194
1957	6	1898
1957	7	2886
1957	8	621
1957	9	1045
1957	10	528
1957	11	160
1957	12	100
1958	1	78
1958	2	66
1958	3	908
1958	4	769
1958	5	936
1958	6	396
1958	7	1651
1958	8	830
1958	9	272
1958	10	402
1958	11	85
1958	12	67
1959	1	61
1959	2	99
1959	3	86
1959	4	58
1959	5	570
1959	6	287
1959	7	131
1959	8	37
1959	9	565
1959	10	673
1959	11	83
1959	12	62
1960	1	118
1960	2	224
1960	3	1608
1960	4	786
1960	5	793
1960	6	471
1960	7	97
1960	8	832
1960	9	532
1960	10	200
1960	11	130
1960	12	84
1961	1	80
1961	2	101
1961	3	127
1961	4	119
1961	5	581
1961	6	1111
1961	7	784
1961	8	929
1961	9	1670
1961	10	331
1961	11	358
1961	12	184
1962	1	251
1962	2	214
1962	3	233
1962	4	187
1962	5	95
1962	6	578
1962	7	2034
1962	8	384
1962	9	144
1962	10	94
1962	11	83
1962	12	77
1963	1	60
1963	2	103
1963	3	81
1963	4	53
1963	5	40
1963	6	47
1963	7	179
1963	8	78
1963	9	325
1963	10	115
1963	11	43
1963	12	28
1964	1	51
1964	2	46
1964	3	40
1964	4	82
1964	5	42
1964	6	300
1964	7	177
1964	8	28
1964	9	256
1964	10	21
1964	11	27
1964	12	27
1965	1	29
1965	2	40
1965	3	34
1965	4	28
1965	5	52
1965	6	1202
1965	7	1564
1965	8	86
1965	9	78
1965	10	101
1965	11	132
1965	12	86
1966	1	57
1966	2	169
1966	3	108
1966	4	52
1966	5	42
1966	6	352
1966	7	423
1966	8	284
1966	9	172
1966	10	36
1966	11	32
1966	12	30
1967	1	19
1967	2	45
1967	3	34
1967	4	52
1967	5	27
1967	6	1643
1967	7	1674
1967	8	237
1967	9	591
1967	10	75
1967	11	57
1967	12	49
1968	1	53
1968	2	46
1968	3	33
1968	4	44
1968	5	46
1968	6	62
1968	7	42
1968	8	77
1968	9	394
1968	10	706
1968	11	69
1968	12	39
1969	1	96
1969	2	153
1969	3	234
1969	4	250
1969	5	398
1969	6	880
1969	7	234
1969	8	742
1969	9	734
1969	10	105
1969	11	102
1969	12	75
1970	1	55
1970	2	66
1970	3	60
1970	4	96
1970	5	105
1970	6	1667
1970	7	126
1970	8	76
1970	9	62
1970	10	69
1970	11	45
1970	12	41
1971	1	24
1971	2	59
1971	3	205
1971	4	143
1971	5	759
1971	6	621
1971	7	375
1971	8	83
1971	9	36
1971	10	105
1971	11	452
1971	12	86
1972	1	64
1972	2	58
1972	3	50
1972	4	48
1972	5	253
1972	6	91
1972	7	40
1972	8	281
1972	9	215
1972	10	50
1972	11	82
1972	12	51
1973	1	80
1973	2	93
1973	3	2039
1973	4	1932
1973	5	765
1973	6	167
1973	7	553
1973	8	372
1973	9	1166
1973	10	1638
1973	11	609
1973	12	598
1974	1	662
1974	2	338
1974	3	276
1974	4	320
1974	5	1206
1974	6	357
1974	7	87
1974	8	186
1974	9	56
1974	10	67
1974	11	82
1974	12	70
1975	1	67
1975	2	73
1975	3	87
1975	4	91
1975	5	166
1975	6	858
1975	7	134
1975	8	549
1975	9	177
1975	10	50
1975	11	64
1975	12	76
1976	1	73
1976	2	74
1976	3	85
1976	4	345
1976	5	126
1976	6	64
1976	7	94
1976	8	18
1976	9	76
1976	10	55
1976	11	47
1976	12	53
1977	1	30
1977	2	75
1977	3	53
1977	4	51
1977	5	386
1977	6	273
1977	7	46
1977	8	420
1977	9	73
1977	10	26
1977	11	37
1977	12	44
1978	1	26
1978	2	26
1978	3	164
1978	4	56
1978	5	148
1978	6	113
1978	7	53
1978	8	20
1978	9	18
1978	10	14
1978	11	33
1978	12	35
1979	1	16
1979	2	235
1979	3	1142
1979	4	234
1979	5	269
1979	6	60
1979	7	143
1979	8	61
1979	9	19
1979	10	44
1979	11	54
1979	12	33
1980	1	50
1980	2	76
1980	3	273
1980	4	540
1980	5	82
1980	6	79
1980	7	13
1980	8	33
1980	9	17
1980	10	9
1980	11	14
1980	12	23
1981	1	22
1981	2	23
1981	3	28
1981	4	77
1981	5	738
1981	6	366
1981	7	105
1981	8	56
1981	9	103
1981	10	24
1981	11	163
1981	12	43
1982	1	29
1982	2	121
1982	3	293
1982	4	79
1982	5	291
1982	6	144
1982	7	335
1982	8	41
1982	9	24
1982	10	20
1982	11	24
1982	12	24
1983	1	22
1983	2	46
1983	3	41
1983	4	80
1983	5	39
1983	6	33
1983	7	10
1983	8	3
1983	9	2
1983	10	8
1983	11	13
1983	12	9
1984	1	31
1984	2	63
1984	3	50
1984	4	327
1984	5	201
1984	6	146
1984	7	33
1984	8	17
1984	9	7
1984	10	20
1984	11	15
1984	12	40
1985	1	17
1985	2	83
1985	3	49
1985	4	116
1985	5	197
1985	6	64
1985	7	71
1985	8	378
1985	9	68
1985	10	103
1985	11	45
1985	12	45
1986	1	50
1986	2	45
1986	3	39
1986	4	38
1986	5	88
1986	6	61
1986	7	127
1986	8	60
1986	9	97
1986	10	83
1986	11	33
1986	12	32
1987	1	36
1987	2	33
1987	3	1444
1987	4	2708
1987	5	436
1987	6	306
1987	7	333
1987	8	338
1987	9	91
1987	10	51
1987	11	55
1987	12	54
1988	1	68
1988	2	82
1988	3	53
1988	4	61
1988	5	44
1988	6	24
1988	7	41
1988	8	17
1988	9	13
1988	10	4
1988	11	9
1988	12	16
1989	1	19
1989	2	19
1989	3	20
1989	4	17
1989	5	20
1989	6	104
1989	7	286
1989	8	80
1989	9	387
1989	10	26
1989	11	23
1989	12	21
1990	1	27
1990	2	25
1990	3	31
1990	4	37
1990	5	144
1990	6	109
1990	7	1021
1990	8	218
1990	9	41
1990	10	29
1990	11	31
1990	12	26
1991	1	36
1991	2	30
1991	3	25
1991	4	23
1991	5	290
1991	6	148
1991	7	16
1991	8	9
1991	9	5
1991	10	5
1991	11	11
1991	12	16
1992	1	20
1992	2	18
1992	3	21
1992	4	21
1992	5	23
1992	6	271
1992	7	749
1992	8	538
1992	9	83
1992	10	54
1992	11	40
1992	12	117
1993	1	81
1993	2	1098
1993	3	1471
1993	4	609
1993	5	959
1993	6	492
1993	7	5846
1993	8	888
1993	9	583
1993	10	228
1993	11	198
1993	12	191
1994	1	150
1994	2	143
1994	3	132
1994	4	172
1994	5	148
1994	6	69
1994	7	216
1994	8	66
1994	9	36
1994	10	49
1994	11	44
1994	12	48
1995	1	54
1995	2	55
1995	3	61
1995	4	54
1995	5	2012
1995	6	637
1995	7	135
1995	8	136
1995	9	31
1995	10	30
1995	11	44
1995	12	46
1996	1	55
1996	2	68
1996	3	52
1996	4	52
1996	5	376
1996	6	749
1996	7	181
1996	8	367
1996	9	181
1996	10	76
1996	11	662
1996	12	168
1997	1	124
1997	2	103
1997	3	83
1997	4	99
1997	5	126
1997	6	186
1997	7	138
1997	8	288
1997	9	79
1997	10	88
1997	11	87
1997	12	89
1998	1	121
1998	2	225
1998	3	290
1998	4	1015
1998	5	282
1998	6	130
1998	7	381
1998	8	846
1998	9	119
1998	10	102
1998	11	296
1998	12	111
1999	1	125
1999	2	146
1999	3	140
1999	4	259
1999	5	485
1999	6	205
1999	7	134
1999	8	1082
1999	9	104
1999	10	72
1999	11	78
1999	12	86
2000	1	80
2000	2	85
2000	3	328
2000	4	136
2000	5	165
2000	6	73
2000	7	487
2000	8	129
2000	9	25
2000	10	34
2000	11	53
2000	12	40
2001	1	70
2001	2	167
2001	3	151
2001	4	580
2001	5	863
2001	6	1317
2001	7	109
2001	8	66
2001	9	715
2001	10	128
2001	11	86
2001	12	89
2002	1	84
2002	2	90
2002	3	74
2002	4	71
2002	5	71
2002	6	97
2002	7	16
2002	8	84
2002	9	16
2002	10	76
2002	11	22
2002	12	26
2003	1	33
2003	2	36
2003	3	99
2003	4	66
2003	5	137
2003	6	172
2003	7	26
2003	8	9
2003	9	170
2003	10	25
2003	11	19
2003	12	21
2004	1	26
2004	2	31
2004	3	50
2004	4	28
2004	5	93
2004	6	59
2004	7	343
2004	8	183
2004	9	28
2004	10	19
2004	11	20
2004	12	25
2005	1	31
2005	2	41
2005	3	42
2005	4	110
2005	5	29
2005	6	45
2005	7	11
2005	8	11
2005	9	11
2005	10	8
2005	11	10
2005	12	14
2006	1	17
2006	2	15
2006	3	18
2006	4	16
2006	5	12
2006	6	19
2006	7	27
2006	8	48
2006	9	80
2006	10	13
2006	11	6
2006	12	8
2007	1	15
2007	2	71
2007	3	87
2007	4	298
2007	5	1293
2007	6	720
2007	7	237
2007	8	1078
2007	9	143
2007	10	44
2007	11	37
2007	12	50
2008	1	55
2008	2	69
2008	3	54
2008	4	139
2008	5	648
2008	6	747
2008	7	238
2008	8	679
2008	9	284
2008	10	847
2008	11	262
2008	12	151
2009	1	135
2009	2	109
2009	3	93
2009	4	149
2009	5	121
2009	6	76
2009	7	42
2009	8	71
2009	9	82
2009	10	40
2009	11	48
2009	12	35
2010	1	65
2010	2	77
2010	3	79
2010	4	100
2010	5	297
2010	6	177
2010	7	174
2010	8	127
2010	9	314
2010	10	42
2010	11	37
2010	12	30
2011	1	33
2011	2	56
2011	3	50
2011	4	40
2011	5	418
2011	6	111
2011	7	21
2011	8	95
2011	9	11
2011	10	10
2011	11	16
2011	12	23
2012	1	26
2012	2	29
2012	3	51
2012	4	73
2012	5	23
2012	6	35
2012	7	2
2012	8	1
2012	9	2
2012	10	3
2012	11	8
2012	12	10
2013	1	14
2013	2	15
2013	3	16
2013	4	15
2013	5	26
2013	6	36
2013	7	141
2013	8	216
2013	9	20
2013	10	9
2013	11	11
2013	12	8
2014	1	13
2014	2	15
2014	3	14
2014	4	11
2014	5	11
2014	6	403
2014	7	203
2014	8	23
2014	9	174
2014	10	39
2014	11	21
2014	12	23
2015	1	22
2015	2	23
2015	3	22
2015	4	21
2015	5	80
2015	6	37
2015	7	8
2015	8	22
2015	9	2
