1940	1	0
1940	2	6
1940	3	5
1940	4	3
1940	5	5
1940	6	6
1940	7	113
1940	8	75
1940	9	60
1940	10	4
1940	11	1
1940	12	0
1941	1	5
1941	2	11
1941	3	6
1941	4	23
1941	5	43
1941	6	518
1941	7	596
1941	8	66
1941	9	10
1941	10	8
1941	11	13
1941	12	11
1942	1	14
1942	2	25
1942	3	22
1942	4	110
1942	5	47
1942	6	51
1942	7	11
1942	8	10
1942	9	1
1942	10	4
1942	11	4
1942	12	8
1943	1	8
1943	2	10
1943	3	11
1943	4	16
1943	5	10
1943	6	4
1943	7	0
1943	8	1
1943	9	0
1943	10	0
1943	11	0
1943	12	0
1944	1	6
1944	2	4
1944	3	4
1944	4	47
1944	5	80
1944	6	14
1944	7	20
1944	8	4
1944	9	1
1944	10	6
1944	11	4
1944	12	5
1945	1	4
1945	2	7
1945	3	6
1945	4	4
1945	5	4
1945	6	11
1945	7	2
1945	8	35
1945	9	0
1945	10	0
1945	11	0
1945	12	1
1946	1	1
1946	2	0
1946	3	0
1946	4	1
1946	5	1
1946	6	7
1946	7	127
1946	8	0
1946	9	0
1946	10	624
1946	11	30
1946	12	16
1947	1	5
1947	2	12
1947	3	45
1947	4	27
1947	5	44
1947	6	57
1947	7	10
1947	8	4
1947	9	0
1947	10	0
1947	11	0
1947	12	6
1948	1	3
1948	2	5
1948	3	15
1948	4	8
1948	5	2
1948	6	69
1948	7	25
1948	8	33
1948	9	0
1948	10	0
1948	11	3
1948	12	4
1949	1	2
1949	2	8
1949	3	10
1949	4	9
1949	5	37
1949	6	324
1949	7	39
1949	8	74
1949	9	157
1949	10	41
1949	11	21
1949	12	16
1950	1	17
1950	2	21
1950	3	13
1950	4	13
1950	5	10
1950	6	4
1950	7	273
1950	8	580
1950	9	65
1950	10	23
1950	11	20
1950	12	18
1951	1	18
1951	2	22
1951	3	21
1951	4	23
1951	5	265
1951	6	2410
1951	7	502
1951	8	145
1951	9	25
1951	10	22
1951	11	34
1951	12	25
1952	1	30
1952	2	21
1952	3	27
1952	4	33
1952	5	15
1952	6	5
1952	7	3
1952	8	1
1952	9	0
1952	10	0
1952	11	1
1952	12	6
1953	1	5
1953	2	5
1953	3	7
1953	4	11
1953	5	6
1953	6	6
1953	7	14
1953	8	29
1953	9	1
1953	10	1
1953	11	1
1953	12	7
1954	1	5
1954	2	8
1954	3	3
1954	4	3
1954	5	3
1954	6	0
1954	7	0
1954	8	3
1954	9	9
1954	10	1
1954	11	0
1954	12	2
1955	1	9
1955	2	15
1955	3	5
1955	4	7
1955	5	12
1955	6	485
1955	7	72
1955	8	30
1955	9	2
1955	10	0
1955	11	0
1955	12	0
1956	1	0
1956	2	0
1956	3	0
1956	4	1
1956	5	78
1956	6	42
1956	7	204
1956	8	0
1956	9	0
1956	10	0
1956	11	0
1956	12	0
1957	1	0
1957	2	2
1957	3	1
1957	4	7
1957	5	387
1957	6	269
1957	7	991
1957	8	108
1957	9	122
1957	10	10
1957	11	5
1957	12	3
1958	1	4
1958	2	8
1958	3	34
1958	4	54
1958	5	216
1958	6	25
1958	7	289
1958	8	75
1958	9	5
1958	10	2
1958	11	3
1958	12	5
1959	1	6
1959	2	20
1959	3	20
1959	4	17
1959	5	9
1959	6	0
1959	7	2
1959	8	10
1959	9	0
1959	10	20
1959	11	1
1959	12	3
1960	1	2
1960	2	6
1960	3	157
1960	4	44
1960	5	80
1960	6	15
1960	7	0
1960	8	8
1960	9	0
1960	10	0
1960	11	0
1960	12	0
1961	1	1
1961	2	3
1961	3	2
1961	4	2
1961	5	6
1961	6	172
1961	7	62
1961	8	41
1961	9	7
1961	10	2
1961	11	4
1961	12	2
1962	1	5
1962	2	8
1962	3	9
1962	4	8
1962	5	21
1962	6	332
1962	7	9
1962	8	30
1962	9	5
1962	10	0
1962	11	1
1962	12	1
1963	1	1
1963	2	7
1963	3	8
1963	4	2
1963	5	1
1963	6	0
1963	7	1
1963	8	0
1963	9	7
1963	10	0
1963	11	0
1963	12	1
1964	1	3
1964	2	2
1964	3	1
1964	4	2
1964	5	48
1964	6	302
1964	7	0
1964	8	5
1964	9	0
1964	10	0
1964	11	0
1964	12	1
1965	1	3
1965	2	2
1965	3	3
1965	4	2
1965	5	23
1965	6	8
1965	7	14
1965	8	21
1965	9	16
1965	10	86
1965	11	12
1965	12	8
1966	1	7
1966	2	21
1966	3	11
1966	4	4
1966	5	1
1966	6	0
1966	7	25
1966	8	26
1966	9	4
1966	10	0
1966	11	2
1966	12	2
1967	1	3
1967	2	3
1967	3	2
1967	4	3
1967	5	3
1967	6	58
1967	7	20
1967	8	1
1967	9	0
1967	10	0
1967	11	0
1967	12	2
1968	1	1
1968	2	1
1968	3	1
1968	4	1
1968	5	3
1968	6	15
1968	7	0
1968	8	20
1968	9	0
1968	10	0
1968	11	0
1968	12	0
1969	1	0
1969	2	1
1969	3	3
1969	4	6
1969	5	3
1969	6	1
1969	7	18
1969	8	354
1969	9	44
1969	10	11
1969	11	8
1969	12	9
1970	1	10
1970	2	5
1970	3	3
1970	4	4
1970	5	2
1970	6	0
1970	7	0
1970	8	0
1970	9	0
1970	10	0
1970	11	0
1970	12	0
1971	1	0
1971	2	1
1971	3	1
1971	4	2
1971	5	9
1971	6	2
1971	7	19
1971	8	0
1971	9	0
1971	10	0
1971	11	0
1971	12	0
1972	1	1
1972	2	2
1972	3	1
1972	4	1
1972	5	2
1972	6	0
1972	7	26
1972	8	25
1972	9	1
1972	10	0
1972	11	1
1972	12	1
1973	1	2
1973	2	2
1973	3	4
1973	4	4
1973	5	4
1973	6	1
1973	7	8
1973	8	2
1973	9	1
1973	10	0
1973	11	1
1973	12	1
1974	1	2
1974	2	2
1974	3	2
1974	4	2
1974	5	0
1974	6	5
1974	7	0
1974	8	0
1974	9	0
1974	10	0
1974	11	0
1974	12	0
1975	1	0
1975	2	0
1975	3	1
1975	4	4
1975	5	27
1975	6	34
1975	7	1
1975	8	1
1975	9	0
1975	10	0
1975	11	0
1975	12	0
1976	1	0
1976	2	0
1976	3	1
1976	4	1
1976	5	8
1976	6	0
1976	7	4
1976	8	0
1976	9	26
1976	10	1
1976	11	1
1976	12	1
1977	1	1
1977	2	1
1977	3	1
1977	4	1
1977	5	18
1977	6	12
1977	7	23
1977	8	25
1977	9	0
1977	10	0
1977	11	0
1977	12	0
1978	1	0
1978	2	2
1978	3	1
1978	4	1
1978	5	2
1978	6	6
1978	7	1
1978	8	0
1978	9	0
1978	10	0
1978	11	0
1978	12	0
1979	1	0
1979	2	0
1979	3	2
1979	4	1
1979	5	1
1979	6	0
1979	7	36
1979	8	0
1979	9	0
1979	10	0
1979	11	0
1979	12	0
1980	1	0
1980	2	0
1980	3	1
1980	4	2
1980	5	1
1980	6	24
1980	7	0
1980	8	21
1980	9	0
1980	10	0
1980	11	0
1980	12	0
1981	1	0
1981	2	0
1981	3	1
1981	4	0
1981	5	37
1981	6	4
1981	7	0
1981	8	0
1981	9	0
1981	10	0
1981	11	0
1981	12	0
1982	1	0
1982	2	0
1982	3	0
1982	4	1
1982	5	5
1982	6	9
1982	7	12
1982	8	2
1982	9	0
1982	10	0
1982	11	0
1982	12	0
1983	1	0
1983	2	1
1983	3	1
1983	4	0
1983	5	3
1983	6	0
1983	7	0
1983	8	0
1983	9	18
1983	10	0
1983	11	0
1983	12	0
1984	1	1
1984	2	1
1984	3	2
1984	4	7
1984	5	12
1984	6	1
1984	7	0
1984	8	0
1984	9	0
1984	10	0
1984	11	0
1984	12	0
1985	1	0
1985	2	1
1985	3	0
1985	4	0
1985	5	0
1985	6	0
1985	7	0
1985	8	0
1985	9	0
1985	10	0
1985	11	0
1985	12	0
1986	1	0
1986	2	0
1986	3	0
1986	4	0
1986	5	0
1986	6	0
1986	7	0
1986	8	0
1986	9	0
1986	10	0
1986	11	0
1986	12	0
1987	1	0
1987	2	0
1987	3	0
1987	4	1
1987	5	18
1987	6	2
1987	7	154
1987	8	0
1987	9	0
1987	10	1
1987	11	1
1987	12	0
1988	1	0
1988	2	0
1988	3	0
1988	4	0
1988	5	2
1988	6	0
1988	7	0
1988	8	0
1988	9	0
1988	10	0
1988	11	0
1988	12	0
1989	1	0
1989	2	0
1989	3	0
1989	4	0
1989	5	0
1989	6	0
1989	7	0
1989	8	0
1989	9	0
1989	10	0
1989	11	0
1989	12	0
1990	1	0
1990	2	0
1990	3	4
1990	4	9
1990	5	13
1990	6	7
1990	7	6
1990	8	3
1990	9	0
1990	10	0
1990	11	0
1990	12	0
1991	1	0
1991	2	0
1991	3	0
1991	4	0
1991	5	0
1991	6	0
1991	7	6
1991	8	0
1991	9	0
1991	10	0
1991	11	0
1991	12	0
1992	1	1
1992	2	1
1992	3	4
1992	4	0
1992	5	0
1992	6	1
1992	7	0
1992	8	21
1992	9	1
1992	10	0
1992	11	0
1992	12	0
1993	1	0
1993	2	1
1993	3	4
1993	4	0
1993	5	0
1993	6	0
1993	7	242
1993	8	95
1993	9	93
1993	10	6
1993	11	11
1993	12	0
1994	1	0
1994	2	0
1994	3	0
1994	4	1
1994	5	0
1994	6	0
1994	7	2
1994	8	0
1994	9	0
1994	10	0
1994	11	0
1994	12	0
1995	1	0
1995	2	0
1995	3	0
1995	4	0
1995	5	29
1995	6	41
1995	7	42
1995	8	0
1995	9	0
1995	10	0
1995	11	0
1995	12	0
1996	1	0
1996	2	0
1996	3	0
1996	4	0
1996	5	19
1996	6	14
1996	7	72
1996	8	86
1996	9	127
1996	10	8
1996	11	8
1996	12	4
1997	1	4
1997	2	5
1997	3	6
1997	4	4
1997	5	1
1997	6	2
1997	7	4
1997	8	17
1997	9	0
1997	10	0
1997	11	3
1997	12	5
1998	1	4
1998	2	6
1998	3	6
1998	4	4
1998	5	3
1998	6	0
1998	7	98
1998	8	17
1998	9	0
1998	10	0
1998	11	0
1998	12	0
1999	1	0
1999	2	0
1999	3	4
1999	4	5
1999	5	4
1999	6	6
1999	7	1
1999	8	31
1999	9	0
1999	10	0
1999	11	0
1999	12	0
2000	1	0
2000	2	1
2000	3	4
2000	4	2
2000	5	0
2000	6	0
2000	7	1
2000	8	0
2000	9	0
2000	10	1
2000	11	0
2000	12	0
2001	1	0
2001	2	0
2001	3	0
2001	4	1
2001	5	1
2001	6	0
2001	7	43
2001	8	7
2001	9	0
2001	10	0
2001	11	0
2001	12	0
2002	1	0
2002	2	0
2002	3	0
2002	4	0
2002	5	0
2002	6	0
2002	7	0
2002	8	0
2002	9	0
2002	10	0
2002	11	0
2002	12	0
2003	1	0
2003	2	0
2003	3	0
2003	4	0
2003	5	1
2003	6	0
2003	7	0
2003	8	0
2003	9	0
2003	10	0
2003	11	0
2003	12	0
2004	1	0
2004	2	0
2004	3	0
2004	4	0
2004	5	3
2004	6	4
2004	7	0
2004	8	0
2004	9	0
2004	10	0
2004	11	0
2004	12	0
2005	1	0
2005	2	0
2005	3	0
2005	4	1
2005	5	0
2005	6	0
2005	7	0
2005	8	0
2005	9	0
2005	10	0
2005	11	0
2005	12	0
2006	1	0
2006	2	0
2006	3	0
2006	4	0
2006	5	0
2006	6	10
2006	7	0
2006	8	0
2006	9	0
2006	10	0
2006	11	0
2006	12	0
2007	1	0
2007	2	18
2007	3	2
2007	4	5
2007	5	1
2007	6	4
2007	7	18
2007	8	4
2007	9	5
2007	10	0
2007	11	0
2007	12	0
2008	1	0
2008	2	0
2008	3	0
2008	4	0
2008	5	1
2008	6	0
2008	7	0
2008	8	1
2008	9	0
2008	10	0
2008	11	0
2008	12	0
2009	1	0
2009	2	0
2009	3	0
2009	4	1
2009	5	2
2009	6	0
2009	7	0
2009	8	0
2009	9	7
2009	10	0
2009	11	0
2009	12	0
2010	1	0
2010	2	1
2010	3	1
2010	4	0
2010	5	14
2010	6	35
2010	7	7
2010	8	0
2010	9	0
2010	10	0
2010	11	0
2010	12	0
2011	1	0
2011	2	0
2011	3	0
2011	4	0
2011	5	0
2011	6	1
2011	7	0
2011	8	0
2011	9	0
2011	10	54
2011	11	0
2011	12	0
2012	1	1
2012	2	0
2012	3	0
2012	4	1
2012	5	0
2012	6	0
2012	7	0
2012	8	1
2012	9	0
2012	10	0
2012	11	0
2012	12	0
2013	1	0
2013	2	0
2013	3	0
2013	4	0
2013	5	0
2013	6	0
2013	7	0
2013	8	14
2013	9	0
2013	10	0
2013	11	0
2013	12	0
2014	1	0
2014	2	0
2014	3	0
2014	4	0
2014	5	0
2014	6	46
2014	7	9
2014	8	0
2014	9	0
2014	10	0
2014	11	0
2014	12	0
2015	1	0
2015	2	0
2015	3	0
2015	4	0
2015	5	3
2015	6	0
2015	7	0
2015	8	0
2015	9	0
