1940	1	95
1940	2	116
1940	3	232
1940	4	159
1940	5	171
1940	6	266
1940	7	67
1940	8	500
1940	9	90
1940	10	61
1940	11	119
1940	12	138
1941	1	157
1941	2	656
1941	3	787
1941	4	393
1941	5	352
1941	6	4072
1941	7	183
1941	8	191
1941	9	2784
1941	10	1127
1941	11	576
1941	12	654
1942	1	843
1942	2	278
1942	3	879
1942	4	266
1942	5	1899
1942	6	1727
1942	7	424
1942	8	471
1942	9	911
1942	10	176
1942	11	166
1942	12	179
1943	1	229
1943	2	1534
1943	3	238
1943	4	211
1943	5	467
1943	6	5089
1943	7	1050
1943	8	291
1943	9	108
1943	10	116
1943	11	138
1943	12	126
1944	1	145
1944	2	157
1944	3	251
1944	4	1391
1944	5	1697
1944	6	4278
1944	7	1259
1944	8	1431
1944	9	1168
1944	10	382
1944	11	287
1944	12	226
1945	1	256
1945	2	309
1945	3	987
1945	4	1369
1945	5	3864
1945	6	3391
1945	7	1678
1945	8	527
1945	9	177
1945	10	325
1945	11	195
1945	12	165
1946	1	253
1946	2	551
1946	3	386
1946	4	195
1946	5	204
1946	6	1099
1946	7	971
1946	8	183
1946	9	172
1946	10	360
1946	11	885
1946	12	204
1947	1	191
1947	2	277
1947	3	346
1947	4	1863
1947	5	469
1947	6	8024
1947	7	738
1947	8	196
1947	9	142
1947	10	136
1947	11	120
1947	12	133
1948	1	251
1948	2	2249
1948	3	5161
1948	4	452
1948	5	234
1948	6	498
1948	7	1031
1948	8	1352
1948	9	564
1948	10	154
1948	11	245
1948	12	205
1949	1	1164
1949	2	2116
1949	3	5769
1949	4	711
1949	5	2445
1949	6	4374
1949	7	1716
1949	8	953
1949	9	2843
1949	10	614
1949	11	262
1949	12	211
1950	1	211
1950	2	310
1950	3	770
1950	4	266
1950	5	3055
1950	6	997
1950	7	3208
1950	8	1213
1950	9	663
1950	10	2149
1950	11	291
1950	12	228
1951	1	211
1951	2	377
1951	3	987
1951	4	1202
1951	5	1646
1951	6	10463
1951	7	4151
1951	8	2596
1951	9	2203
1951	10	488
1951	11	365
1951	12	305
1952	1	430
1952	2	385
1952	3	1954
1952	4	2482
1952	5	990
1952	6	1820
1952	7	2983
1952	8	1119
1952	9	346
1952	10	205
1952	11	263
1952	12	316
1953	1	306
1953	2	467
1953	3	358
1953	4	287
1953	5	418
1953	6	529
1953	7	288
1953	8	227
1953	9	125
1953	10	125
1953	11	215
1953	12	240
1954	1	178
1954	2	254
1954	3	209
1954	4	269
1954	5	1010
1954	6	2813
1954	7	226
1954	8	5227
1954	9	310
1954	10	450
1954	11	213
1954	12	195
1955	1	206
1955	2	963
1955	3	425
1955	4	249
1955	5	183
1955	6	747
1955	7	377
1955	8	53
1955	9	98
1955	10	134
1955	11	109
1955	12	131
1956	1	137
1956	2	164
1956	3	189
1956	4	143
1956	5	240
1956	6	817
1956	7	1251
1956	8	230
1956	9	137
1956	10	93
1956	11	98
1956	12	123
1957	1	115
1957	2	154
1957	3	174
1957	4	350
1957	5	486
1957	6	4283
1957	7	813
1957	8	431
1957	9	768
1957	10	342
1957	11	182
1957	12	155
1958	1	167
1958	2	795
1958	3	1248
1958	4	705
1958	5	295
1958	6	418
1958	7	5460
1958	8	650
1958	9	2589
1958	10	189
1958	11	183
1958	12	175
1959	1	163
1959	2	471
1959	3	646
1959	4	371
1959	5	4180
1959	6	770
1959	7	1896
1959	8	400
1959	9	427
1959	10	965
1959	11	256
1959	12	191
1960	1	232
1960	2	525
1960	3	3965
1960	4	4417
1960	5	1483
1960	6	2685
1960	7	1350
1960	8	1115
1960	9	424
1960	10	305
1960	11	209
1960	12	210
1961	1	211
1961	2	255
1961	3	614
1961	4	660
1961	5	1081
1961	6	954
1961	7	341
1961	8	234
1961	9	1412
1961	10	1035
1961	11	594
1961	12	235
1962	1	959
1962	2	1553
1962	3	2843
1962	4	528
1962	5	902
1962	6	1130
1962	7	748
1962	8	379
1962	9	323
1962	10	766
1962	11	212
1962	12	208
1963	1	174
1963	2	755
1963	3	923
1963	4	349
1963	5	687
1963	6	2392
1963	7	592
1963	8	778
1963	9	643
1963	10	322
1963	11	175
1963	12	163
1964	1	189
1964	2	197
1964	3	196
1964	4	436
1964	5	558
1964	6	1872
1964	7	213
1964	8	213
1964	9	290
1964	10	189
1964	11	140
1964	12	140
1965	1	141
1965	2	838
1965	3	2319
1965	4	693
1965	5	1749
1965	6	4049
1965	7	2766
1965	8	227
1965	9	1163
1965	10	1337
1965	11	277
1965	12	249
1966	1	199
1966	2	1130
1966	3	264
1966	4	234
1966	5	224
1966	6	197
1966	7	141
1966	8	538
1966	9	193
1966	10	102
1966	11	128
1966	12	122
1967	1	159
1967	2	187
1967	3	194
1967	4	183
1967	5	171
1967	6	7905
1967	7	731
1967	8	361
1967	9	577
1967	10	268
1967	11	142
1967	12	119
1968	1	180
1968	2	139
1968	3	136
1968	4	250
1968	5	172
1968	6	283
1968	7	523
1968	8	1651
1968	9	568
1968	10	1677
1968	11	200
1968	12	171
1969	1	661
1969	2	1509
1969	3	5955
1969	4	3802
1969	5	2299
1969	6	672
1969	7	909
1969	8	429
1969	9	409
1969	10	219
1969	11	190
1969	12	174
1970	1	252
1970	2	284
1970	3	211
1970	4	229
1970	5	275
1970	6	544
1970	7	81
1970	8	339
1970	9	286
1970	10	549
1970	11	223
1970	12	137
1971	1	153
1971	2	1595
1971	3	2683
1971	4	326
1971	5	2273
1971	6	672
1971	7	418
1971	8	166
1971	9	121
1971	10	106
1971	11	220
1971	12	137
1972	1	115
1972	2	129
1972	3	146
1972	4	181
1972	5	1123
1972	6	348
1972	7	717
1972	8	486
1972	9	235
1972	10	148
1972	11	458
1972	12	305
1973	1	1596
1973	2	960
1973	3	3034
1973	4	2742
1973	5	1014
1973	6	812
1973	7	1082
1973	8	235
1973	9	3386
1973	10	7450
1973	11	1013
1973	12	497
1974	1	930
1974	2	1181
1974	3	530
1974	4	427
1974	5	1161
1974	6	623
1974	7	130
1974	8	248
1974	9	121
1974	10	111
1974	11	143
1974	12	150
1975	1	157
1975	2	211
1975	3	949
1975	4	440
1975	5	894
1975	6	2678
1975	7	627
1975	8	231
1975	9	160
1975	10	109
1975	11	138
1975	12	161
1976	1	129
1976	2	176
1976	3	255
1976	4	1026
1976	5	433
1976	6	235
1976	7	238
1976	8	88
1976	9	66
1976	10	97
1976	11	85
1976	12	87
1977	1	88
1977	2	121
1977	3	150
1977	4	186
1977	5	440
1977	6	511
1977	7	193
1977	8	1445
1977	9	2744
1977	10	376
1977	11	464
1977	12	211
1978	1	135
1978	2	148
1978	3	4911
1978	4	2393
1978	5	2435
1978	6	1578
1978	7	3262
1978	8	318
1978	9	967
1978	10	157
1978	11	176
1978	12	160
1979	1	155
1979	2	505
1979	3	10563
1979	4	961
1979	5	1526
1979	6	1230
1979	7	1407
1979	8	343
1979	9	187
1979	10	172
1979	11	530
1979	12	207
1980	1	239
1980	2	686
1980	3	1444
1980	4	1262
1980	5	305
1980	6	1374
1980	7	189
1980	8	346
1980	9	125
1980	10	247
1980	11	120
1980	12	132
1981	1	129
1981	2	151
1981	3	148
1981	4	165
1981	5	389
1981	6	149
1981	7	319
1981	8	649
1981	9	615
1981	10	128
1981	11	252
1981	12	312
1982	1	164
1982	2	2307
1982	3	1309
1982	4	439
1982	5	3764
1982	6	3371
1982	7	2704
1982	8	844
1982	9	452
1982	10	457
1982	11	236
1982	12	220
1983	1	504
1983	2	2099
1983	3	1218
1983	4	1352
1983	5	1301
1983	6	3802
1983	7	789
1983	8	323
1983	9	176
1983	10	808
1983	11	438
1983	12	276
1984	1	322
1984	2	2875
1984	3	1534
1984	4	5280
1984	5	4646
1984	6	9444
1984	7	1551
1984	8	661
1984	9	294
1984	10	369
1984	11	259
1984	12	546
1985	1	338
1985	2	693
1985	3	506
1985	4	339
1985	5	1528
1985	6	450
1985	7	1305
1985	8	1257
1985	9	1571
1985	10	1220
1985	11	355
1985	12	281
1986	1	314
1986	2	366
1986	3	743
1986	4	1559
1986	5	1247
1986	6	789
1986	7	7220
1986	8	1896
1986	9	1326
1986	10	4676
1986	11	811
1986	12	721
1987	1	434
1987	2	417
1987	3	7527
1987	4	4448
1987	5	1659
1987	6	3071
1987	7	1192
1987	8	1674
1987	9	1047
1987	10	353
1987	11	466
1987	12	413
1988	1	335
1988	2	457
1988	3	401
1988	4	407
1988	5	443
1988	6	239
1988	7	480
1988	8	159
1988	9	134
1988	10	403
1988	11	190
1988	12	201
1989	1	208
1989	2	224
1989	3	402
1989	4	221
1989	5	192
1989	6	643
1989	7	877
1989	8	378
1989	9	3420
1989	10	227
1989	11	204
1989	12	199
1990	1	239
1990	2	211
1990	3	283
1990	4	238
1990	5	564
1990	6	2520
1990	7	1604
1990	8	1562
1990	9	178
1990	10	145
1990	11	164
1990	12	171
1991	1	195
1991	2	464
1991	3	250
1991	4	496
1991	5	795
1991	6	2298
1991	7	582
1991	8	181
1991	9	104
1991	10	96
1991	11	146
1991	12	170
1992	1	190
1992	2	176
1992	3	352
1992	4	314
1992	5	417
1992	6	1021
1992	7	4074
1992	8	1835
1992	9	709
1992	10	418
1992	11	562
1992	12	520
1993	1	246
1993	2	1878
1993	3	5913
1993	4	1466
1993	5	2056
1993	6	3567
1993	7	12265
1993	8	1788
1993	9	2502
1993	10	954
1993	11	514
1993	12	442
1994	1	364
1994	2	529
1994	3	1231
1994	4	376
1994	5	1354
1994	6	1003
1994	7	1400
1994	8	666
1994	9	604
1994	10	272
1994	11	353
1994	12	339
1995	1	374
1995	2	397
1995	3	538
1995	4	566
1995	5	5206
1995	6	1655
1995	7	975
1995	8	742
1995	9	287
1995	10	214
1995	11	240
1995	12	251
1996	1	240
1996	2	501
1996	3	272
1996	4	331
1996	5	4909
1996	6	2286
1996	7	501
1996	8	1034
1996	9	417
1996	10	301
1996	11	1500
1996	12	429
1997	1	331
1997	2	615
1997	3	595
1997	4	622
1997	5	725
1997	6	1700
1997	7	1436
1997	8	650
1997	9	256
1997	10	419
1997	11	661
1997	12	850
1998	1	453
1998	2	1183
1998	3	1745
1998	4	2066
1998	5	1211
1998	6	2787
1998	7	1326
1998	8	990
1998	9	582
1998	10	614
1998	11	1526
1998	12	391
1999	1	400
1999	2	440
1999	3	435
1999	4	1722
1999	5	2863
1999	6	3066
1999	7	1775
1999	8	836
1999	9	346
1999	10	283
1999	11	319
1999	12	310
2000	1	251
2000	2	363
2000	3	379
2000	4	351
2000	5	322
2000	6	614
2000	7	1560
2000	8	260
2000	9	161
2000	10	177
2000	11	265
2000	12	247
2001	1	286
2001	2	813
2001	3	2408
2001	4	792
2001	5	2784
2001	6	3363
2001	7	980
2001	8	300
2001	9	1437
2001	10	326
2001	11	275
2001	12	263
2002	1	232
2002	2	276
2002	3	288
2002	4	277
2002	5	1778
2002	6	557
2002	7	116
2002	8	310
2002	9	158
2002	10	431
2002	11	205
2002	12	174
2003	1	158
2003	2	200
2003	3	288
2003	4	232
2003	5	791
2003	6	1223
2003	7	156
2003	8	134
2003	9	778
2003	10	138
2003	11	222
2003	12	172
2004	1	136
2004	2	278
2004	3	1199
2004	4	276
2004	5	2169
2004	6	1512
2004	7	489
2004	8	165
2004	9	132
2004	10	96
2004	11	137
2004	12	167
2005	1	163
2005	2	340
2005	3	182
2005	4	449
2005	5	1515
2005	6	550
2005	7	297
2005	8	346
2005	9	257
2005	10	105
2005	11	112
2005	12	115
2006	1	131
2006	2	133
2006	3	156
2006	4	367
2006	5	305
2006	6	366
2006	7	105
2006	8	926
2006	9	591
2006	10	166
2006	11	139
2006	12	185
2007	1	347
2007	2	294
2007	3	436
2007	4	1197
2007	5	3945
2007	6	811
2007	7	251
2007	8	1591
2007	9	846
2007	10	2027
2007	11	270
2007	12	269
2008	1	387
2008	2	606
2008	3	772
2008	4	1579
2008	5	2122
2008	6	5325
2008	7	3372
2008	8	494
2008	9	411
2008	10	2191
2008	11	823
2008	12	405
2009	1	361
2009	2	366
2009	3	308
2009	4	558
2009	5	377
2009	6	1591
2009	7	254
2009	8	353
2009	9	482
2009	10	357
2009	11	444
2009	12	236
2010	1	911
2010	2	444
2010	3	2670
2010	4	716
2010	5	1126
2010	6	3731
2010	7	1566
2010	8	420
2010	9	497
2010	10	205
2010	11	481
2010	12	289
2011	1	238
2011	2	595
2011	3	373
2011	4	446
2011	5	1846
2011	6	921
2011	7	1070
2011	8	525
2011	9	277
2011	10	187
2011	11	230
2011	12	331
2012	1	245
2012	2	364
2012	3	368
2012	4	909
2012	5	540
2012	6	606
2012	7	56
2012	8	38
2012	9	58
2012	10	90
2012	11	109
2012	12	114
2013	1	117
2013	2	145
2013	3	176
2013	4	516
2013	5	1557
2013	6	1297
2013	7	135
2013	8	481
2013	9	125
2013	10	562
2013	11	350
2013	12	148
2014	1	135
2014	2	137
2014	3	175
2014	4	195
2014	5	875
2014	6	1616
2014	7	404
2014	8	631
2014	9	1731
2014	10	1094
2014	11	204
2014	12	0
2015	1	0
2015	4	353
2015	6	9811
2015	7	1070
2015	9	487
