1940	1	6
1940	2	50
1940	3	443
1940	4	341
1940	5	682
1940	6	117
1940	7	501
1940	8	3236
1940	9	131
1940	10	46
1940	11	52
1940	12	70
1941	1	332
1941	2	675
1941	3	345
1941	4	350
1941	5	280
1941	6	2751
1941	7	99
1941	8	31
1941	9	845
1941	10	2781
1941	11	2310
1941	12	980
1942	1	1562
1942	2	1474
1942	3	1647
1942	4	455
1942	5	1979
1942	6	3943
1942	7	432
1942	8	241
1942	9	242
1942	10	179
1942	11	354
1942	12	730
1943	1	254
1943	2	766
1943	3	418
1943	4	435
1943	5	2390
1943	6	4802
1943	7	424
1943	8	351
1943	9	102
1943	10	47
1943	11	43
1943	12	31
1944	1	64
1944	2	160
1944	3	998
1944	4	4880
1944	5	3176
1944	6	1567
1944	7	160
1944	8	615
1944	9	389
1944	10	526
1944	11	228
1944	12	1071
1945	1	244
1945	2	1777
1945	3	3402
1945	4	3955
1945	5	4187
1945	6	3455
1945	7	520
1945	8	134
1945	9	234
1945	10	381
1945	11	114
1945	12	323
1946	1	3682
1946	2	440
1946	3	2583
1946	4	858
1946	5	1945
1946	6	1948
1946	7	435
1946	8	600
1946	9	250
1946	10	485
1946	11	294
1946	12	166
1947	1	237
1947	2	233
1947	3	1415
1947	4	5146
1947	5	1312
1947	6	16456
1947	7	610
1947	8	89
1947	9	72
1947	10	93
1947	11	131
1947	12	407
1948	1	88
1948	2	964
1948	3	2366
1948	4	472
1948	5	495
1948	6	198
1948	7	145
1948	8	62
1948	9	63
1948	10	21
1948	11	42
1948	12	27
1949	1	191
1949	2	2136
1949	3	1631
1949	4	641
1949	5	159
1949	6	1895
1949	7	815
1949	8	351
1949	9	363
1949	10	112
1949	11	51
1949	12	69
1950	1	181
1950	2	1535
1950	3	788
1950	4	280
1950	5	1585
1950	6	2420
1950	7	256
1950	8	618
1950	9	294
1950	10	51
1950	11	38
1950	12	24
1951	1	33
1951	2	1244
1951	3	1707
1951	4	3130
1951	5	3971
1951	6	4641
1951	7	1878
1951	8	476
1951	9	286
1951	10	689
1951	11	795
1951	12	211
1952	1	532
1952	2	472
1952	3	2968
1952	4	1410
1952	5	1486
1952	6	1729
1952	7	214
1952	8	160
1952	9	56
1952	10	27
1952	11	246
1952	12	85
1953	1	102
1953	2	555
1953	3	1476
1953	4	1709
1953	5	1389
1953	6	856
1953	7	171
1953	8	36
1953	9	14
1953	10	12
1953	11	12
1953	12	16
1954	1	7
1954	2	24
1954	3	24
1954	4	230
1954	5	388
1954	6	1120
1954	7	30
1954	8	183
1954	9	25
1954	10	501
1954	11	26
1954	12	20
1955	1	84
1955	2	1176
1955	3	992
1955	4	460
1955	5	362
1955	6	391
1955	7	557
1955	8	28
1955	9	12
1955	10	36
1955	11	9
1955	12	6
1956	1	4
1956	2	12
1956	3	30
1956	4	10
1956	5	10
1956	6	13
1956	7	782
1956	8	1266
1956	9	50
1956	10	10
1956	11	18
1956	12	22
1957	1	12
1957	2	31
1957	3	31
1957	4	1416
1957	5	882
1957	6	551
1957	7	134
1957	8	28
1957	9	24
1957	10	38
1957	11	35
1957	12	39
1958	1	28
1958	2	525
1958	3	381
1958	4	143
1958	5	380
1958	6	168
1958	7	3391
1958	8	609
1958	9	322
1958	10	841
1958	11	672
1958	12	100
1959	1	66
1959	2	1802
1959	3	3175
1959	4	2991
1959	5	4638
1959	6	1447
1959	7	608
1959	8	3989
1959	9	1659
1959	10	1930
1959	11	301
1959	12	1143
1960	1	2925
1960	2	1096
1960	3	4602
1960	4	3405
1960	5	3568
1960	6	1788
1960	7	1660
1960	8	1002
1960	9	554
1960	10	597
1960	11	577
1960	12	198
1961	1	92
1961	2	1593
1961	3	4564
1961	4	2758
1961	5	894
1961	6	584
1961	7	1561
1961	8	356
1961	9	3601
1961	10	2879
1961	11	6280
1961	12	518
1962	1	1074
1962	2	4377
1962	3	4623
1962	4	599
1962	5	1728
1962	6	2624
1962	7	290
1962	8	142
1962	9	226
1962	10	778
1962	11	316
1962	12	138
1963	1	91
1963	2	445
1963	3	3642
1963	4	890
1963	5	1215
1963	6	430
1963	7	435
1963	8	76
1963	9	109
1963	10	36
1963	11	43
1963	12	25
1964	1	44
1964	2	68
1964	3	68
1964	4	1341
1964	5	580
1964	6	2577
1964	7	834
1964	8	117
1964	9	2978
1964	10	191
1964	11	143
1964	12	139
1965	1	820
1965	2	1101
1965	3	2688
1965	4	3964
1965	5	1252
1965	6	636
1965	7	694
1965	8	71
1965	9	2864
1965	10	305
1965	11	199
1965	12	637
1966	1	517
1966	2	579
1966	3	356
1966	4	282
1966	5	1175
1966	6	1048
1966	7	608
1966	8	195
1966	9	56
1966	10	51
1966	11	35
1966	12	33
1967	1	53
1967	2	148
1967	3	168
1967	4	1386
1967	5	887
1967	6	7547
1967	7	376
1967	8	102
1967	9	55
1967	10	676
1967	11	284
1967	12	149
1968	1	236
1968	2	186
1968	3	125
1968	4	2443
1968	5	318
1968	6	160
1968	7	488
1968	8	393
1968	9	51
1968	10	75
1968	11	102
1968	12	171
1969	1	856
1969	2	875
1969	3	785
1969	4	1929
1969	5	1439
1969	6	1397
1969	7	4566
1969	8	345
1969	9	679
1969	10	378
1969	11	420
1969	12	139
1970	1	256
1970	2	252
1970	3	403
1970	4	1505
1970	5	1652
1970	6	478
1970	7	75
1970	8	844
1970	9	2315
1970	10	1801
1970	11	766
1970	12	710
1971	1	195
1971	2	2399
1971	3	1428
1971	4	390
1971	5	1387
1971	6	237
1971	7	150
1971	8	58
1971	9	53
1971	10	39
1971	11	463
1971	12	484
1972	1	113
1972	2	331
1972	3	297
1972	4	542
1972	5	1945
1972	6	388
1972	7	327
1972	8	190
1972	9	2043
1972	10	270
1972	11	1415
1972	12	769
1973	1	1792
1973	2	3019
1973	3	5628
1973	4	5580
1973	5	3712
1973	6	965
1973	7	2070
1973	8	813
1973	9	1826
1973	10	4677
1973	11	1401
1973	12	2224
1974	1	2553
1974	2	1462
1974	3	1509
1974	4	1295
1974	5	2162
1974	6	3578
1974	7	410
1974	8	120
1974	9	153
1974	10	345
1974	11	516
1974	12	336
1975	1	369
1975	2	551
1975	3	2367
1975	4	1810
1975	5	1108
1975	6	1974
1975	7	248
1975	8	67
1975	9	232
1975	10	52
1975	11	248
1975	12	366
1976	1	83
1976	2	413
1976	3	1590
1976	4	4602
1976	5	998
1976	6	898
1976	7	198
1976	8	339
1976	9	47
1976	10	56
1976	11	38
1976	12	35
1977	1	21
1977	2	60
1977	3	274
1977	4	383
1977	5	139
1977	6	33
1977	7	25
1977	8	383
1977	9	1958
1977	10	3348
1977	11	1630
1977	12	622
1978	1	180
1978	2	204
1978	3	3319
1978	4	5113
1978	5	3733
1978	6	694
1978	7	782
1978	8	435
1978	9	2226
1978	10	221
1978	11	790
1978	12	475
1979	1	98
1979	2	563
1979	3	5765
1979	4	1622
1979	5	1148
1979	6	977
1979	7	885
1979	8	164
1979	9	84
1979	10	76
1979	11	72
1979	12	61
1980	1	106
1980	2	335
1980	3	943
1980	4	616
1980	5	116
1980	6	1920
1980	7	205
1980	8	273
1980	9	1216
1980	10	117
1980	11	98
1980	12	903
1981	1	90
1981	2	279
1981	3	225
1981	4	1175
1981	5	954
1981	6	518
1981	7	3645
1981	8	294
1981	9	133
1981	10	141
1981	11	441
1981	12	249
1982	1	187
1982	2	2671
1982	3	3142
1982	4	1639
1982	5	5348
1982	6	3075
1982	7	2377
1982	8	1251
1982	9	1643
1982	10	1495
1982	11	1630
1982	12	4209
1983	1	1408
1983	2	2050
1983	3	1839
1983	4	3870
1983	5	1923
1983	6	992
1983	7	404
1983	8	77
1983	9	55
1983	10	72
1983	11	1025
1983	12	547
1984	1	263
1984	2	1497
1984	3	2136
1984	4	4396
1984	5	3862
1984	6	4223
1984	7	398
1984	8	130
1984	9	80
1984	10	101
1984	11	166
1984	12	189
1985	1	133
1985	2	1493
1985	3	1248
1985	4	272
1985	5	349
1985	6	255
1985	7	84
1985	8	212
1985	9	398
1985	10	2531
1985	11	1118
1985	12	330
1986	1	855
1986	2	1130
1986	3	1470
1986	4	1838
1986	5	3742
1986	6	576
1986	7	3295
1986	8	921
1986	9	2358
1986	10	2991
1986	11	767
1986	12	1330
1987	1	478
1987	2	389
1987	3	2214
1987	4	1642
1987	5	1770
1987	6	1195
1987	7	3359
1987	8	3242
1987	9	710
1987	10	168
1987	11	968
1987	12	1691
1988	1	347
1988	2	817
1988	3	438
1988	4	460
1988	5	153
1988	6	60
1988	7	40
1988	8	59
1988	9	38
1988	10	19
1988	11	32
1988	12	25
1989	1	29
1989	2	30
1989	3	154
1989	4	34
1989	5	74
1989	6	69
1989	7	76
1989	8	835
1989	9	1258
1989	10	36
1989	11	50
1989	12	38
1990	1	180
1990	2	291
1990	3	2255
1990	4	1151
1990	5	3218
1990	6	3611
1990	7	2346
1990	8	435
1990	9	120
1990	10	201
1990	11	186
1990	12	252
1991	1	263
1991	2	1064
1991	3	1893
1991	4	5505
1991	5	3743
1991	6	958
1991	7	829
1991	8	103
1991	9	65
1991	10	99
1991	11	253
1991	12	608
1992	1	820
1992	2	1333
1992	3	1492
1992	4	3920
1992	5	556
1992	6	306
1992	7	3066
1992	8	659
1992	9	8443
1992	10	401
1992	11	2486
1992	12	3188
1993	1	1104
1993	2	1161
1993	3	2422
1993	4	3009
1993	5	3615
1993	6	2708
1993	7	18862
1993	8	1558
1993	9	2021
1993	10	628
1993	11	446
1993	12	476
1994	1	345
1994	2	1073
1994	3	1212
1994	4	708
1994	5	539
1994	6	1119
1994	7	242
1994	8	101
1994	9	117
1994	10	69
1994	11	172
1994	12	263
1995	1	260
1995	2	659
1995	3	657
1995	4	2191
1995	5	8757
1995	6	2606
1995	7	3119
1995	8	406
1995	9	106
1995	10	73
1995	11	101
1995	12	66
1996	1	71
1996	2	826
1996	3	498
1996	4	188
1996	5	7396
1996	6	3756
1996	7	814
1996	8	856
1996	9	264
1996	10	641
1996	11	808
1996	12	451
1997	1	159
1997	2	2640
1997	3	1161
1997	4	3549
1997	5	2582
1997	6	565
1997	7	173
1997	8	128
1997	9	124
1997	10	611
1997	11	242
1997	12	854
1998	1	1326
1998	2	1334
1998	3	4403
1998	4	4552
1998	5	2017
1998	6	2509
1998	7	1479
1998	8	159
1998	9	215
1998	10	1528
1998	11	1658
1998	12	307
1999	1	261
1999	2	932
1999	3	1078
1999	4	3523
1999	5	2739
1999	6	1445
1999	7	349
1999	8	172
1999	9	88
1999	10	50
1999	11	52
1999	12	46
2000	1	42
2000	2	87
2000	3	60
2000	4	64
2000	5	40
2000	6	1020
2000	7	254
2000	8	59
2000	9	42
2000	10	21
2000	11	35
2000	12	19
2001	1	172
2001	2	2045
2001	3	3481
2001	4	1990
2001	5	2740
2001	6	4764
2001	7	1134
2001	8	110
2001	9	131
2001	10	196
2001	11	94
2001	12	71
2002	1	60
2002	2	141
2002	3	216
2002	4	1091
2002	5	2671
2002	6	226
2002	7	90
2002	8	78
2002	9	32
2002	10	33
2002	11	31
2002	12	28
2003	1	28
2003	2	36
2003	3	81
2003	4	97
2003	5	854
2003	6	368
2003	7	90
2003	8	22
2003	9	89
2003	10	17
2003	11	158
2003	12	114
2004	1	43
2004	2	437
2004	3	1639
2004	4	416
2004	5	2460
2004	6	2345
2004	7	517
2004	8	3354
2004	9	591
2004	10	158
2004	11	221
2004	12	154
2005	1	270
2005	2	1215
2005	3	237
2005	4	1171
2005	5	1126
2005	6	1777
2005	7	161
2005	8	82
2005	9	40
2005	10	35
2005	11	32
2005	12	31
2006	1	28
2006	2	33
2006	3	43
2006	4	202
2006	5	495
2006	6	113
2006	7	27
2006	8	240
2006	9	94
2006	10	70
2006	11	90
2006	12	194
2007	1	297
2007	2	1207
2007	3	1001
2007	4	2232
2007	5	6204
2007	6	715
2007	7	137
2007	8	1899
2007	9	285
2007	10	718
2007	11	278
2007	12	1029
2008	1	873
2008	2	638
2008	3	3838
2008	4	5590
2008	5	2123
2008	6	10210
2008	7	6669
2008	8	757
2008	9	2809
2008	10	1707
2008	11	1576
2008	12	1736
2009	1	391
2009	2	346
2009	3	4186
2009	4	3107
2009	5	4893
2009	6	2482
2009	7	1537
2009	8	2384
2009	9	438
2009	10	1780
2009	11	1873
2009	12	893
2010	1	1843
2010	2	643
2010	3	5284
2010	4	2832
2010	5	5676
2010	6	9979
2010	7	2166
2010	8	399
2010	9	3932
2010	10	402
2010	11	589
2010	12	200
2011	1	179
2011	2	1748
2011	3	1166
2011	4	2783
2011	5	3972
2011	6	2586
2011	7	568
2011	8	408
2011	9	130
2011	10	63
2011	11	121
2011	12	478
2012	1	127
2012	2	304
2012	3	856
2012	4	1823
2012	5	1194
2012	6	151
2012	7	54
2012	8	44
2012	9	27
2012	10	32
2012	11	38
2012	12	30
2013	1	35
2013	2	93
2013	3	657
2013	4	4614
2013	5	3507
2013	6	2419
2013	7	246
2013	8	77
2013	9	53
2013	10	36
2013	11	73
2013	12	37
2014	1	19
2014	2	921
2014	3	503
2014	4	1117
2014	5	1774
2014	6	5112
2014	7	1294
2014	8	2803
2014	9	5806
2014	10	1676
2014	11	291
2014	12	247
2015	1	219
2015	2	420
2015	3	481
2015	4	919
2015	5	2722
2015	6	3082
2015	7	5974
2015	8	2683
2015	9	1172
