1940	1	701
1940	2	825
1940	3	3792
1940	4	4837
1940	5	2756
1940	6	1674
1940	7	794
1940	8	1494
1940	9	745
1940	10	510
1940	11	534
1940	12	1382
1941	1	2555
1941	2	1520
1941	3	746
1941	4	9122
1941	5	2438
1941	6	939
1941	7	707
1941	8	556
1941	9	1716
1941	10	5326
1941	11	5558
1941	12	3247
1942	1	1800
1942	2	5938
1942	3	2601
1942	4	4720
1942	5	5006
1942	6	8876
1942	7	1523
1942	8	1063
1942	9	1044
1942	10	938
1942	11	5032
1942	12	8701
1943	1	4010
1943	2	1558
1943	3	3300
1943	4	3417
1943	5	17516
1943	6	7693
1943	7	1636
1943	8	874
1943	9	645
1943	10	724
1943	11	905
1943	12	682
1944	1	921
1944	2	1251
1944	3	5490
1944	4	3737
1944	5	3594
1944	6	1461
1944	7	558
1944	8	1370
1944	9	1118
1944	10	1331
1944	11	686
1944	12	779
1945	1	738
1945	2	3959
1945	3	14643
1945	4	22717
1945	5	5827
1945	6	10685
1945	7	1750
1945	8	885
1945	9	3849
1945	10	4470
1945	11	1662
1945	12	1053
1946	1	4234
1946	2	6742
1946	3	3235
1946	4	3353
1946	5	7444
1946	6	3436
1946	7	1072
1946	8	7044
1946	9	1052
1946	10	735
1946	11	8690
1946	12	4020
1947	1	2084
1947	2	1223
1947	3	2483
1947	4	11946
1947	5	4079
1947	6	2748
1947	7	2231
1947	8	729
1947	9	739
1947	10	910
1947	11	1752
1947	12	937
1948	1	2992
1948	2	1865
1948	3	6782
1948	4	3136
1948	5	2265
1948	6	7215
1948	7	3290
1948	8	944
1948	9	625
1948	10	577
1948	11	1523
1948	12	866
1949	1	6495
1949	2	7637
1949	3	6062
1949	4	2566
1949	5	2626
1949	6	8180
1949	7	4451
1949	8	1342
1949	9	3582
1949	10	12060
1949	11	1936
1949	12	3397
1950	1	12698
1950	2	5051
1950	3	5950
1950	4	4933
1950	5	13069
1950	6	7245
1950	7	1573
1950	8	1810
1950	9	1476
1950	10	894
1950	11	864
1950	12	783
1951	1	1232
1951	2	6128
1951	3	5699
1951	4	4892
1951	5	4643
1951	6	4100
1951	7	12632
1951	8	3682
1951	9	3361
1951	10	3668
1951	11	9225
1951	12	3680
1952	1	2659
1952	2	5233
1952	3	6421
1952	4	7451
1952	5	1947
1952	6	1123
1952	7	993
1952	8	1313
1952	9	709
1952	10	598
1952	11	712
1952	12	930
1953	1	1207
1953	2	1133
1953	3	3611
1953	4	3931
1953	5	2248
1953	6	777
1953	7	544
1953	8	475
1953	9	401
1953	10	466
1953	11	489
1953	12	511
1954	1	511
1954	2	558
1954	3	642
1954	4	898
1954	5	1415
1954	6	941
1954	7	384
1954	8	432
1954	9	295
1954	10	609
1954	11	691
1954	12	1750
1955	1	1941
1955	2	3605
1955	3	5790
1955	4	1545
1955	5	1264
1955	6	1884
1955	7	1336
1955	8	577
1955	9	448
1955	10	532
1955	11	423
1955	12	402
1956	1	374
1956	2	986
1956	3	620
1956	4	530
1956	5	3954
1956	6	3353
1956	7	795
1956	8	688
1956	9	315
1956	10	288
1956	11	394
1956	12	946
1957	1	977
1957	2	3553
1957	3	3827
1957	4	9451
1957	5	15625
1957	6	6831
1957	7	1389
1957	8	684
1957	9	604
1957	10	475
1957	11	713
1957	12	3786
1958	1	1304
1958	2	1281
1958	3	9085
1958	4	3834
1958	5	3249
1958	6	2025
1958	7	8813
1958	8	3321
1958	9	2737
1958	10	862
1958	11	1239
1958	12	871
1959	1	1293
1959	2	2463
1959	3	3811
1959	4	2159
1959	5	4853
1959	6	2372
1959	7	899
1959	8	577
1959	9	485
1986	10	8688
1986	11	2134
1986	12	2697
1987	1	1776
1987	2	3549
1987	3	3459
1987	4	3972
1987	5	1672
1987	6	962
1987	7	1595
1987	8	675
1987	9	549
1987	10	582
1987	11	2017
1987	12	12754
1988	1	3266
1988	2	5494
1988	3	6559
1988	4	6725
1988	5	1583
1988	6	893
1988	7	1220
1988	8	1052
1988	9	786
1988	10	986
1988	11	5222
1988	12	2875
1989	1	3322
1989	2	5210
1989	3	5477
1989	4	3694
1989	5	1864
1989	6	1870
1989	7	915
1989	8	1003
1989	9	826
1989	10	601
1989	11	739
1989	12	587
1990	1	1980
1990	2	6377
1990	3	6866
1990	4	6606
1990	5	18296
1990	6	3890
1990	7	1686
1990	8	1071
1990	9	770
1990	10	1741
1990	11	1110
1990	12	5184
1991	1	9231
1991	2	3177
1991	3	2817
1991	4	8782
1991	5	5832
1991	6	1706
1991	7	864
1991	8	659
1991	9	901
1991	10	720
1991	11	2560
1991	12	3483
1992	1	1696
1992	2	2744
1992	3	2256
1992	4	4301
1992	5	2650
1992	6	2782
1992	7	973
1992	8	796
1992	9	775
1992	10	609
1992	11	6802
1992	12	4954
1993	1	8431
1993	2	2370
1993	3	5448
1993	4	6747
1993	5	3487
1993	6	4729
1993	7	4468
1993	8	1459
1993	9	15330
1993	10	3785
1993	11	12230
1993	12	4834
1994	1	2244
1994	2	3596
1994	3	4285
1994	4	15428
1994	5	11610
1994	6	2600
1994	7	1320
1994	8	829
1994	9	1272
1994	10	873
1994	11	3935
1994	12	1550
1995	1	6940
1995	2	3115
1995	3	4850
1995	4	6795
1995	5	13959
1995	6	6160
1995	7	2200
1995	8	1108
1995	9	686
1995	10	624
1995	11	692
1995	12	1110
1996	1	2622
1996	2	1218
1996	3	1431
1996	4	8199
1996	5	9818
1996	6	1931
1996	7	982
1996	8	943
1996	9	1955
1996	10	1957
1996	11	9170
1996	12	5233
1997	1	3305
1997	2	6442
1997	3	8958
1997	4	3379
1997	5	2041
1997	6	3637
1997	7	1196
1997	8	1054
1997	9	720
1997	10	719
1997	11	876
1997	12	1244
1998	1	3288
1998	2	3956
1998	3	12292
1998	4	4266
1998	5	3456
1998	6	4233
1998	7	4090
1998	8	2241
1998	9	1089
1998	10	1971
1998	11	1073
1998	12	1255
1999	1	3154
1999	2	6024
1999	3	4789
1999	4	7495
1999	5	5241
1999	6	1254
1999	7	935
1999	8	785
1999	9	541
1999	10	548
1999	11	561
1999	12	1511
2000	1	734
2000	2	1102
2000	3	1420
2000	4	906
2000	5	670
2000	6	707
2000	7	599
2000	8	535
2000	9	401
2000	10	497
2000	11	619
2000	12	605
2001	1	860
2001	2	4937
2001	3	2282
2001	4	2080
2001	5	1251
2001	6	2087
2001	7	692
2001	8	488
2001	9	491
2001	10	733
2001	11	759
2001	12	3840
2002	1	1367
2002	2	4851
2002	3	5761
2002	4	5409
2002	5	17112
2002	6	1971
2002	7	926
2002	8	930
2002	9	602
2002	10	549
2002	11	658
2002	12	895
2003	1	1537
2003	2	1662
2003	3	2559
2003	4	2202
2003	5	2792
2003	6	2426
2003	7	731
2003	8	510
2003	9	1618
2003	10	696
2003	11	3254
2003	12	3265
2004	1	3868
2004	2	2411
2004	3	6028
2004	4	4871
2004	5	4065
2004	6	1122
2004	7	1370
2004	8	1496
2004	9	666
2004	10	602
2004	11	3363
2004	12	4327
2005	1	11452
2005	2	3499
2005	3	2004
2005	4	2891
2005	5	1342
2005	6	1002
2005	7	564
2005	8	650
2005	9	1066
2005	10	697
2005	11	1255
2005	12	1006
2006	1	866
2006	2	1084
2006	3	2405
2006	4	1127
2006	5	6443
2006	6	883
2006	7	932
2006	8	575
2006	9	563
2006	10	454
2006	11	1044
2006	12	3828
2007	1	5361
2007	2	2842
2007	3	2076
2007	4	4589
2007	5	2252
2007	6	1333
2007	7	1765
2007	8	1410
2007	9	1477
2007	10	550
2007	11	508
2007	12	831
2008	1	2871
2008	2	8068
2008	3	18253
2008	4	14182
2008	5	5951
2008	6	3455
2008	7	2220
2008	8	1067
2008	9	9052
2008	10	1146
2008	11	863
2008	12	1804
2009	1	1737
2009	2	4488
2009	3	2704
2009	4	5938
2009	5	7644
2009	6	5788
2009	7	1262
2009	8	853
2009	9	1286
2009	10	8359
2009	11	8912
2009	12	2600
2010	1	5079
2010	2	4546
2010	3	4212
2010	4	4959
2010	5	8724
2010	6	2750
2010	7	1679
2010	8	987
2010	9	2927
2010	10	999
2010	11	1581
2010	12	1398
2011	1	1538
2011	2	3272
2011	3	8563
2011	4	15000
2011	5	11832
2011	6	3134
2011	7	1284
2011	8	1509
2011	9	949
2011	10	852
2011	11	1654
2011	12	3038
2012	1	1746
2012	2	3635
2012	3	7620
2012	4	3714
2012	5	1121
2012	6	794
2012	7	547
2012	8	499
2012	9	618
2012	10	877
2012	11	797
2012	12	761
2013	1	1040
2013	2	3635
2013	3	7833
2013	4	8231
2013	5	4481
2013	6	5995
2013	7	954
2013	8	19324
2013	9	1121
2013	10	823
2013	11	1314
2013	12	2249
2014	1	2612
2014	2	1028
2014	3	1811
2014	4	2868
2014	5	2396
2014	6	1677
2014	7	867
2014	8	601
2014	9	561
2014	10	1076
2014	11	741
2014	12	1259
2015	1	1333
2015	2	1017
2015	3	4868
2015	4	3352
2015	5	2002
2015	6	10004
2015	7	14275
2015	8	2393
2015	9	950
