1940	1	53
1940	2	310
1940	3	560
1940	4	658
1940	5	308
1940	6	221
1940	7	109
1940	8	75
1940	9	51
1940	10	26
1940	11	28
1940	12	75
1941	1	426
1941	2	153
1941	3	61
1941	4	2139
1941	5	212
1941	6	129
1941	7	51
1941	8	65
1941	9	468
1941	10	995
1941	11	1199
1941	12	610
1942	1	225
1942	2	1133
1942	3	425
1942	4	754
1942	5	1978
1942	6	4582
1942	7	233
1942	8	110
1942	9	54
1942	10	114
1942	11	869
1942	12	2434
1943	1	433
1943	2	325
1943	3	615
1943	4	391
1943	5	3511
1943	6	2218
1943	7	138
1943	8	247
1943	9	109
1943	10	66
1943	11	146
1943	12	80
1944	1	113
1944	2	337
1944	3	1399
1944	4	2626
1944	5	2168
1944	6	255
1944	7	61
1944	8	44
1944	9	59
1944	10	64
1944	11	40
1944	12	47
1945	1	41
1945	2	287
1945	3	2996
1945	4	3413
1945	5	1175
1945	6	3958
1945	7	241
1945	8	57
1945	9	1215
1945	10	1050
1945	11	161
1945	12	97
1946	1	942
1946	2	1470
1946	3	532
1946	4	308
1946	5	766
1946	6	344
1946	7	51
1946	8	118
1946	9	55
1946	10	46
1946	11	2406
1946	12	573
1947	1	370
1947	2	132
1947	3	591
1947	4	3214
1947	5	566
1947	6	665
1947	7	796
1947	8	49
1947	9	36
1947	10	127
1947	11	543
1947	12	110
1948	1	1089
1948	2	360
1948	3	2024
1948	4	914
1948	5	518
1948	6	1346
1948	7	1795
1948	8	104
1948	9	52
1948	10	51
1948	11	70
1948	12	78
1949	1	1867
1949	2	1576
1949	3	1147
1949	4	521
1949	5	221
1949	6	890
1949	7	509
1949	8	118
1949	9	641
1949	10	4575
1949	11	200
1949	12	777
1950	1	3518
1950	2	1396
1950	3	1788
1950	4	1848
1950	5	2765
1950	6	615
1950	7	98
1950	8	913
1950	9	457
1950	10	104
1950	11	129
1950	12	94
1951	1	257
1951	2	2075
1951	3	1662
1951	4	977
1951	5	545
1951	6	406
1951	7	2553
1951	8	1036
1951	9	955
1951	10	564
1951	11	1232
1951	12	596
1952	1	584
1952	2	1316
1952	3	1181
1952	4	1476
1952	5	159
1952	6	67
1952	7	88
1952	8	248
1952	9	55
1952	10	40
1952	11	59
1952	12	75
1953	1	231
1953	2	171
1953	3	868
1953	4	986
1953	5	342
1953	6	63
1953	7	47
1953	8	49
1953	9	24
1953	10	30
1953	11	28
1953	12	35
1954	1	37
1954	2	42
1954	3	41
1954	4	164
1954	5	256
1954	6	522
1954	7	50
1954	8	39
1954	9	32
1954	10	91
1954	11	63
1954	12	127
1955	1	150
1955	2	730
1955	3	1077
1955	4	281
1955	5	172
1955	6	389
1955	7	289
1955	8	77
1955	9	78
1955	10	65
1955	11	44
1955	12	36
1956	1	30
1956	2	160
1956	3	98
1956	4	94
1956	5	753
1956	6	741
1956	7	171
1956	8	50
1956	9	19
1956	10	14
1956	11	45
1956	12	465
1957	1	90
1957	2	1541
1957	3	1850
1957	4	2908
1957	5	4123
1957	6	4318
1957	7	2508
1957	8	89
1957	9	45
1957	10	40
1957	11	58
1957	12	186
1958	1	202
1958	2	241
1958	3	2542
1958	4	515
1958	5	445
1958	6	861
1958	7	633
1958	8	1004
1958	9	77
1958	10	40
1958	11	104
1958	12	71
1959	1	175
1959	2	1044
1959	3	544
1959	4	201
1959	5	1433
1959	6	184
1959	7	56
1959	8	64
1959	9	31
1959	10	160
1959	11	162
1959	12	966
1960	1	482
1960	2	330
1960	3	1255
1960	4	591
1960	5	889
1960	6	69
1960	7	87
1960	8	50
1960	9	53
1960	10	37
1960	11	47
1960	12	271
1961	1	61
1961	2	292
1961	3	1242
1961	4	876
1961	5	3399
1961	6	311
1961	7	331
1961	8	131
1961	9	133
1961	10	62
1961	11	216
1961	12	425
1962	1	1151
1962	2	625
1962	3	1635
1962	4	416
1962	5	1002
1962	6	234
1962	7	104
1962	8	27
1962	9	48
1962	10	61
1962	11	38
1962	12	46
1963	1	61
1963	2	41
1963	3	642
1963	4	519
1963	5	963
1963	6	205
1963	7	58
1963	8	32
1963	9	25
1963	10	31
1963	11	46
1963	12	38
1964	1	33
1964	2	181
1964	3	1018
1964	4	1759
1964	5	843
1964	6	462
1964	7	89
1964	8	40
1964	9	31
1964	10	25
1964	11	40
1964	12	51
1965	1	127
1965	2	133
1965	3	332
1965	4	1002
1965	5	87
1965	6	301
1965	7	186
1965	8	103
1965	9	856
1965	10	101
1965	11	60
1965	12	155
1966	1	511
1966	2	1813
1966	3	667
1966	4	2303
1966	5	1236
1966	6	115
1966	7	47
1966	8	44
1966	9	27
1966	10	33
1966	11	55
1966	12	103
1967	1	123
1967	2	303
1967	3	322
1967	4	420
1967	5	1650
1967	6	887
1967	7	213
1967	8	82
1967	9	50
1967	10	113
1967	11	436
1967	12	2090
1968	1	516
1968	2	1269
1968	3	1001
1968	4	675
1968	5	1106
1968	6	291
1968	7	71
1968	8	79
1968	9	103
1968	10	154
1968	11	1194
1968	12	1533
1969	1	2058
1969	2	1783
1969	3	933
1969	4	1007
1969	5	241
1969	6	664
1969	7	860
1969	8	77
1969	9	116
1969	10	602
1969	11	175
1969	12	205
1970	1	183
1970	2	254
1970	3	1052
1970	4	1792
1970	5	2414
1970	6	1583
1970	7	116
1970	8	382
1970	9	816
1970	10	1124
1970	11	515
1970	12	241
1971	1	266
1971	2	620
1971	3	546
1971	4	183
1971	5	325
1971	6	190
1971	7	142
1971	8	49
1971	9	42
1971	10	41
1971	11	49
1971	12	1234
1972	1	267
1972	2	131
1972	3	320
1972	4	2283
1972	5	551
1972	6	74
1972	7	56
1972	8	77
1972	9	54
1972	10	48
1972	11	2553
1972	12	504
1973	1	1196
1973	2	569
1973	3	2668
1973	4	2003
1973	5	1088
1973	6	1322
1973	7	120
1973	8	70
1973	9	276
1973	10	154
1973	11	931
1973	12	1335
1974	1	2011
1974	2	1123
1974	3	1404
1974	4	830
1974	5	658
1974	6	462
1974	7	61
1974	8	54
1974	9	124
1974	10	122
1974	11	464
1974	12	248
1975	1	1580
1975	2	3002
1975	3	2576
1975	4	2165
1975	5	1655
1975	6	115
1975	7	62
1975	8	266
1975	9	290
1975	10	96
1975	11	61
1975	12	260
1976	1	189
1976	2	305
1976	3	619
1976	4	229
1976	5	173
1976	6	210
1976	7	47
1976	8	43
1976	9	29
1976	10	39
1976	11	40
1976	12	47
1977	1	42
1977	2	154
1977	3	1463
1977	4	304
1977	5	92
1977	6	2107
1977	7	734
1977	8	193
1977	9	147
1977	10	264
1977	11	409
1977	12	1265
1978	1	136
1978	2	130
1978	3	3115
1978	4	464
1978	5	834
1978	6	341
1978	7	497
1978	8	123
1978	9	49
1978	10	60
1978	11	484
1978	12	407
1979	1	1334
1979	2	2199
1979	3	1014
1979	4	3041
1979	5	592
1979	6	114
1979	7	161
1979	8	400
1979	9	47
1979	10	45
1979	11	69
1979	12	68
1980	1	65
1980	2	107
1980	3	691
1980	4	955
1980	5	121
1980	6	62
1980	7	46
1980	8	88
1980	9	30
1980	10	59
1980	11	80
1980	12	65
1981	1	47
1981	2	130
1981	3	221
1981	4	582
1981	5	2860
1981	6	2183
1981	7	1915
1981	8	275
1981	9	465
1981	10	169
1981	11	1267
1981	12	742
1982	1	894
1982	2	2371
1982	3	771
1982	4	474
1982	5	197
1982	6	898
1982	7	117
1982	8	905
1982	9	803
1982	10	193
1982	11	670
1982	12	6106
1983	1	304
1983	2	206
1983	3	295
1983	4	2288
1983	5	3694
1983	6	225
1983	7	81
1983	8	53
1983	9	41
1983	10	392
1983	11	1442
1983	12	1334
1984	1	737
1984	2	646
1984	3	4206
1984	4	2214
1984	5	600
1984	6	220
1984	7	150
1984	8	46
1984	9	212
1984	10	985
1984	11	1900
1984	12	1293
1985	1	1566
1985	2	3213
1985	3	1521
1985	4	2121
1985	5	1183
1985	6	3842
1985	7	204
1985	8	205
1985	9	74
1985	10	50
1985	11	3319
1985	12	1731
1986	1	139
1986	2	2422
1986	3	395
1986	4	141
1986	5	150
1986	6	154
1986	7	65
1986	8	63
1986	9	483
1986	10	3859
1986	11	267
1986	12	828
1987	1	377
1987	2	437
1987	3	806
1987	4	1188
1987	5	254
1987	6	93
1987	7	112
1987	8	54
1987	9	43
1987	10	44
1987	11	180
1987	12	3424
1988	1	531
1988	2	1859
1988	3	1898
1988	4	755
1988	5	131
1988	6	62
1988	7	122
1988	8	101
1988	9	32
1988	10	31
1988	11	740
1988	12	556
1989	1	924
1989	2	378
1989	3	1776
1989	4	1249
1989	5	248
1989	6	84
1989	7	49
1989	8	64
1989	9	53
1989	10	32
1989	11	50
1989	12	48
1990	1	73
1990	2	338
1990	3	696
1990	4	979
1990	5	4125
1990	6	654
1990	7	138
1990	8	205
1990	9	47
1990	10	133
1990	11	217
1990	12	1597
1991	1	1555
1991	2	406
1991	3	543
1991	4	1659
1991	5	715
1991	6	111
1991	7	171
1991	8	53
1991	9	41
1991	10	86
1991	11	496
1991	12	754
1992	1	318
1992	2	761
1992	3	446
1992	4	1156
1992	5	385
1992	6	158
1992	7	63
1992	8	44
1992	9	55
1992	10	34
1992	11	939
1992	12	1076
1993	1	2007
1993	2	444
1993	3	1393
1993	4	2542
1993	5	784
1993	6	1549
1993	7	3650
1993	8	1927
1993	9	4859
1993	10	609
1993	11	2681
1993	12	1084
1994	1	511
1994	2	711
1994	3	431
1994	4	5303
1994	5	1441
1994	6	301
1994	7	184
1994	8	64
1994	9	149
1994	10	92
1994	11	1096
1994	12	201
1995	1	2340
1995	2	547
1995	3	1352
1995	4	1035
1995	5	4578
1995	6	1031
1995	7	156
1995	8	255
1995	9	51
1995	10	55
1995	11	79
1995	12	132
1996	1	545
1996	2	143
1996	3	388
1996	4	4134
1996	5	2066
1996	6	396
1996	7	97
1996	8	109
1996	9	64
1996	10	109
1996	11	2021
1996	12	889
1997	1	1455
1997	2	1902
1997	3	1917
1997	4	391
1997	5	345
1997	6	2140
1997	7	211
1997	8	197
1997	9	61
1997	10	65
1997	11	157
1997	12	281
1998	1	1206
1998	2	1097
1998	3	3117
1998	4	1092
1998	5	332
1998	6	2274
1998	7	885
1998	8	370
1998	9	155
1998	10	168
1998	11	236
1998	12	91
1999	1	542
1999	2	1892
1999	3	899
1999	4	1172
1999	5	769
1999	6	122
1999	7	99
1999	8	187
1999	9	37
1999	10	44
1999	11	59
1999	12	227
2000	1	60
2000	2	281
2000	3	268
2000	4	130
2000	5	1693
2000	6	412
2000	7	143
2000	8	70
2000	9	32
2000	10	48
2000	11	76
2000	12	47
2001	1	108
2001	2	1281
2001	3	581
2001	4	1197
2001	5	251
2001	6	623
2001	7	87
2001	8	41
2001	9	32
2001	10	84
2001	11	125
2001	12	1183
2002	1	231
2002	2	1384
2002	3	1407
2002	4	1290
2002	5	3286
2002	6	370
2002	7	128
2002	8	182
2002	9	53
2002	10	57
2002	11	93
2002	12	244
2003	1	176
2003	2	337
2003	3	1050
2003	4	572
2003	5	1662
2003	6	1433
2003	7	150
2003	8	53
2003	9	90
2003	10	47
2003	11	646
2003	12	478
2004	1	1618
2004	2	443
2004	3	1919
2004	4	775
2004	5	2157
2004	6	348
2004	7	553
2004	8	1211
2004	9	123
2004	10	78
2004	11	1592
2004	12	1331
2005	1	4010
2005	2	1044
2005	3	425
2005	4	1110
2005	5	300
2005	6	94
2005	7	102
2005	8	65
2005	9	215
2005	10	141
2005	11	227
2005	12	186
2006	1	260
2006	2	215
2006	3	657
2006	4	308
2006	5	1003
2006	6	131
2006	7	85
2006	8	54
2006	9	264
2006	10	79
2006	11	372
2006	12	1080
2007	1	1496
2007	2	615
2007	3	869
2007	4	1281
2007	5	517
2007	6	255
2007	7	168
2007	8	37
2007	9	52
2007	10	44
2007	11	40
2007	12	66
2008	1	311
2008	2	1590
2008	3	3850
2008	4	3602
2008	5	1343
2008	6	358
2008	7	626
2008	8	994
2008	9	3012
2008	10	140
2008	11	111
2008	12	782
2009	1	212
2009	2	1310
2009	3	726
2009	4	1657
2009	5	1998
2009	6	1563
2009	7	250
2009	8	78
2009	9	240
2009	10	3443
2009	11	2636
2009	12	905
2010	1	1339
2010	2	1276
2010	3	899
2010	4	967
2010	5	2910
2010	6	1456
2010	7	245
2010	8	126
2010	9	620
2010	10	78
2010	11	413
2010	12	168
2011	1	262
2011	2	1157
2011	3	2863
2011	4	2024
2011	5	2292
2011	6	431
2011	7	231
2011	8	108
2011	9	84
2011	10	72
2011	11	188
2011	12	581
2012	1	407
2012	2	933
2012	3	1121
2012	4	1682
2012	5	204
2012	6	100
2012	7	59
2012	8	39
2012	9	150
2012	10	93
2012	11	101
2012	12	140
2013	1	382
2013	2	946
2013	3	1995
2013	4	2155
2013	5	2115
2013	6	2490
2013	7	329
2013	8	171
2013	9	54
2013	10	43
2013	11	57
2013	12	72
2014	1	171
2014	2	83
2014	3	109
2014	4	1887
2014	5	361
2014	6	339
2014	7	62
2014	8	54
2014	9	45
2014	10	308
2014	11	170
2014	12	727
2015	1	358
2015	2	333
2015	3	1063
2015	4	1261
2015	5	624
2015	6	2663
2015	7	1351
2015	8	284
2015	9	62
