1940	1	40
1940	2	169
1940	3	128
1940	4	183
1940	5	43
1940	6	66
1940	7	21
1940	8	21
1940	9	9
1940	10	13
1940	11	17
1940	12	26
1941	1	40
1941	2	16
1941	3	14
1941	4	23
1941	5	12
1941	6	12
1941	7	25
1941	8	11
1941	9	8
1941	10	19
1941	11	15
1941	12	22
1942	1	93
1942	2	171
1942	3	196
1942	4	161
1942	5	22
1942	6	19
1942	7	17
1942	8	121
1942	9	8
1942	10	15
1942	11	79
1942	12	59
1943	1	24
1943	2	25
1943	3	191
1943	4	53
1943	5	99
1943	6	52
1943	7	10
1943	8	10
1943	9	33
1943	10	6
1943	11	8
1943	12	11
1944	1	12
1944	2	129
1944	3	157
1944	4	172
1944	5	107
1944	6	14
1944	7	14
1944	8	15
1944	9	10
1944	10	7
1944	11	13
1944	12	39
1945	1	35
1945	2	295
1945	3	276
1945	4	277
1945	5	139
1945	6	386
1945	7	15
1945	8	17
1945	9	48
1945	10	88
1945	11	70
1945	12	46
1946	1	215
1946	2	271
1946	3	86
1946	4	24
1946	5	156
1946	6	14
1946	7	16
1946	8	35
1946	9	11
1946	10	25
1946	11	104
1946	12	151
1947	1	238
1947	2	30
1947	3	37
1947	4	299
1947	5	93
1947	6	36
1947	7	16
1947	8	11
1947	9	19
1947	10	30
1947	11	44
1947	12	68
1948	1	57
1948	2	182
1948	3	335
1948	4	110
1948	5	20
1948	6	12
1948	7	19
1948	8	11
1948	9	30
1948	10	12
1948	11	176
1948	12	295
1949	1	359
1949	2	301
1949	3	305
1949	4	54
1949	5	14
1949	6	27
1949	7	69
1949	8	26
1949	9	11
1949	10	144
1949	11	18
1949	12	261
1950	1	585
1950	2	292
1950	3	327
1950	4	104
1950	5	132
1950	6	135
1950	7	110
1950	8	108
1950	9	97
1950	10	28
1950	11	260
1950	12	74
1951	1	463
1951	2	240
1951	3	167
1951	4	176
1951	5	15
1951	6	89
1951	7	61
1951	8	17
1951	9	16
1951	10	14
1951	11	113
1951	12	204
1952	1	146
1952	2	169
1952	3	366
1952	4	83
1952	5	51
1952	6	11
1952	7	17
1952	8	32
1952	9	18
1952	10	11
1952	11	23
1952	12	68
1953	1	86
1953	2	87
1953	3	338
1953	4	81
1953	5	190
1953	6	28
1953	7	11
1953	8	9
1953	9	8
1953	10	9
1953	11	13
1953	12	21
1954	1	75
1954	2	64
1954	3	84
1954	4	40
1954	5	52
1954	6	58
1954	7	26
1954	8	36
1954	9	17
1954	10	25
1954	11	13
1954	12	65
1955	1	23
1955	2	98
1955	3	174
1955	4	110
1955	5	71
1955	6	33
1955	7	25
1955	8	13
1955	9	16
1955	10	19
1955	11	14
1955	12	24
1956	1	109
1956	2	335
1956	3	120
1956	4	83
1956	5	50
1956	6	17
1956	7	16
1956	8	15
1956	9	8
1956	10	10
1956	11	16
1956	12	26
1957	1	214
1957	2	167
1957	3	35
1957	4	191
1957	5	342
1957	6	223
1957	7	57
1957	8	35
1957	9	12
1957	10	24
1957	11	520
1957	12	318
1958	1	122
1958	2	47
1958	3	272
1958	4	97
1958	5	159
1958	6	16
1958	7	32
1958	8	19
1958	9	24
1958	10	11
1958	11	26
1958	12	19
1959	1	137
1959	2	190
1959	3	86
1959	4	52
1959	5	36
1959	6	27
1959	7	37
1959	8	42
1959	9	44
1959	10	44
1959	11	36
1959	12	130
1960	1	88
1960	2	95
1960	3	126
1960	4	105
1960	5	139
1960	6	21
1960	7	13
1960	8	12
1960	9	16
1960	10	13
1960	11	17
1960	12	30
1961	1	24
1961	2	272
1961	3	290
1961	4	284
1961	5	251
1961	6	47
1961	7	25
1961	8	18
1961	9	15
1961	10	11
1961	11	88
1961	12	137
1962	1	244
1962	2	442
1962	3	267
1962	4	149
1962	5	49
1962	6	24
1962	7	31
1962	8	22
1962	9	147
1962	10	36
1962	11	17
1962	12	27
1963	1	23
1963	2	27
1963	3	223
1963	4	37
1963	5	52
1963	6	20
1963	7	12
1963	8	41
1963	9	13
1963	10	10
1963	11	14
1963	12	15
1964	1	20
1964	2	29
1964	3	593
1964	4	81
1964	5	26
1964	6	25
1964	7	12
1964	8	11
1964	9	47
1964	10	15
1964	11	25
1964	12	168
1965	1	170
1965	2	235
1965	3	287
1965	4	152
1965	5	18
1965	6	33
1965	7	75
1965	8	13
1965	9	54
1965	10	11
1965	11	32
1965	12	18
1966	1	402
1966	2	213
1966	3	24
1966	4	240
1966	5	169
1966	6	26
1966	7	18
1966	8	25
1966	9	25
1966	10	17
1966	11	19
1966	12	125
1967	1	53
1967	2	64
1967	3	187
1967	4	35
1967	5	170
1967	6	34
1967	7	167
1967	8	38
1967	9	18
1967	10	34
1967	11	32
1967	12	199
1968	1	62
1968	2	122
1968	3	196
1968	4	201
1968	5	66
1968	6	12
1968	7	27
1968	8	14
1968	9	12
1968	10	15
1968	11	42
1968	12	90
1969	1	414
1969	2	84
1969	3	45
1969	4	241
1969	5	11
1969	6	24
1969	7	15
1969	8	49
1969	9	11
1969	10	19
1969	11	67
1969	12	215
1970	1	67
1970	2	215
1970	3	306
1970	4	334
1970	5	219
1970	6	229
1970	7	29
1970	8	42
1970	9	87
1970	10	41
1970	11	55
1970	12	138
1971	1	57
1971	2	222
1971	3	42
1971	4	19
1971	5	46
1971	6	13
1971	7	78
1971	8	197
1971	9	70
1971	10	22
1971	11	16
1971	12	93
1972	1	187
1972	2	150
1972	3	154
1972	4	230
1972	5	52
1972	6	18
1972	7	316
1972	8	18
1972	9	12
1972	10	24
1972	11	118
1972	12	301
1973	1	144
1973	2	97
1973	3	97
1973	4	298
1973	5	115
1973	6	12
1973	7	19
1973	8	24
1973	9	13
1973	10	21
1973	11	493
1973	12	362
1974	1	435
1974	2	85
1974	3	134
1974	4	211
1974	5	42
1974	6	117
1974	7	17
1974	8	191
1974	9	53
1974	10	25
1974	11	51
1974	12	99
1975	1	207
1975	2	489
1975	3	1138
1975	4	183
1975	5	39
1975	6	154
1975	7	337
1975	8	65
1975	9	32
1975	10	24
1975	11	163
1975	12	458
1976	1	445
1976	2	556
1976	3	419
1976	4	82
1976	5	194
1976	6	418
1976	7	396
1976	8	44
1976	9	17
1976	10	34
1976	11	42
1976	12	62
1977	1	22
1977	2	68
1977	3	323
1977	4	244
1977	5	208
1977	6	240
1977	7	106
1977	8	205
1977	9	268
1977	10	88
1977	11	170
1977	12	230
1978	1	428
1978	2	259
1978	3	848
1978	4	204
1978	5	470
1978	6	25
1978	7	27
1978	8	53
1978	9	16
1984	9	17
1984	10	165
1984	11	122
1984	12	312
1985	1	109
1985	2	130
1985	3	96
1985	4	153
1985	5	115
1985	6	65
1985	7	108
1985	8	44
1985	9	85
1985	10	102
1985	11	106
1985	12	59
1986	1	39
1986	2	217
1986	3	70
1986	4	18
1986	5	113
1986	6	43
1986	7	20
1986	8	20
1986	9	52
1986	10	35
1986	11	81
1986	12	142
1987	1	35
1987	2	86
1987	3	85
1987	4	59
1987	5	30
1987	6	22
1987	7	16
1987	8	14
1987	9	14
1987	10	15
1987	11	30
1987	12	188
1988	1	151
1988	2	149
1988	3	78
1988	4	73
1988	5	17
1988	6	12
1988	7	32
1988	8	23
1988	9	17
1988	10	36
1988	11	380
1988	12	137
1989	1	190
1989	2	671
1989	3	258
1989	4	184
1989	5	22
1989	6	167
1989	7	157
1989	8	17
1989	9	16
1990	10	106
1990	11	34
1990	12	557
1991	1	151
1991	2	280
1991	3	128
1991	4	148
1991	5	128
1991	6	92
1991	7	16
1991	8	15
1991	9	18
1993	10	31
1993	11	139
1993	12	135
1994	1	169
1994	2	148
1994	3	161
1994	4	205
1994	5	29
1994	6	27
1994	7	21
1994	8	17
1994	9	20
1994	10	25
1994	11	30
1994	12	78
1995	1	102
1995	2	133
1995	3	56
1995	4	57
1995	5	113
1995	6	30
1995	7	108
1995	8	123
1995	9	15
1995	10	30
1995	11	75
1995	12	31
1996	1	121
1996	2	57
1996	3	78
1996	4	101
1996	5	66
1996	6	187
1996	7	83
1996	8	38
1996	9	80
1996	10	36
1996	11	141
1996	12	244
1997	1	103
1997	2	186
1997	3	493
1997	4	169
1997	5	160
1997	6	167
1997	7	43
1997	8	45
1997	9	25
1997	10	26
1997	11	38
1997	12	33
1998	1	75
1998	2	174
1998	3	78
1998	4	122
1998	5	118
1998	6	379
1998	7	143
1998	8	44
1998	9	21
1998	10	33
1998	11	31
1998	12	70
1999	1	303
1999	2	59
1999	3	125
1999	4	119
1999	5	70
1999	6	42
1999	7	30
1999	8	18
1999	9	19
1999	10	34
1999	11	24
1999	12	56
2000	1	50
2000	2	217
2000	3	164
2000	4	91
2000	5	374
2000	6	81
2000	7	21
2000	8	18
2000	9	30
2000	10	21
2000	11	32
2000	12	72
2001	1	31
2001	2	238
2001	3	83
2001	4	52
2001	5	22
2001	6	19
2001	7	37
2001	8	24
2001	9	41
2001	10	58
2001	11	226
2001	12	412
2002	1	147
2002	2	129
2002	3	194
2002	4	134
2002	5	199
2002	6	36
2002	7	20
2002	8	18
2002	9	53
2002	10	96
2002	11	38
2002	12	267
2003	1	67
2003	2	363
2003	3	68
2003	4	81
2003	5	326
2003	6	168
2003	7	25
2003	8	25
2003	9	56
2003	10	27
2003	11	103
2003	12	34
2004	1	66
2004	2	89
2004	3	63
2004	4	105
2004	5	77
2004	6	125
2004	7	28
2004	8	46
2004	9	21
2004	10	42
2004	11	207
2004	12	206
2005	1	242
2005	2	88
2005	3	196
2005	4	151
2005	5	56
2005	6	53
2005	7	33
2005	8	67
2005	9	39
2005	10	21
2005	11	36
2005	12	31
2006	1	198
2006	2	132
2006	3	168
2006	4	102
2006	5	191
2006	6	92
2006	7	41
2006	8	47
2006	9	135
2006	10	75
2006	11	103
2006	12	141
2007	1	253
2007	2	101
2007	3	44
2007	4	86
2007	5	24
2007	6	23
2007	7	25
2007	8	19
2007	9	32
2007	10	59
2007	11	46
2007	12	322
2008	1	46
2008	2	251
2008	3	252
2008	4	105
2008	5	155
2008	6	24
2008	7	27
2008	8	23
2008	9	21
2008	10	21
2008	11	23
2008	12	138
2009	1	220
2009	2	162
2009	3	161
2009	4	149
2009	5	312
2009	6	35
2009	7	63
2009	8	66
2009	9	32
2009	10	196
2009	11	47
2009	12	142
2010	1	111
2010	2	88
2010	3	148
2010	4	67
2010	5	221
2010	6	65
2010	7	53
2010	8	21
2010	9	23
2010	10	20
2010	11	51
2010	12	32
2011	1	41
2011	2	199
2011	3	199
2011	4	484
2011	5	130
2011	6	61
2011	7	37
2011	8	45
2011	9	24
2011	10	22
2011	11	217
2011	12	307
2012	1	143
2012	2	64
2012	3	186
2012	4	26
2012	5	22
2012	6	22
2012	7	18
2012	8	16
2012	9	27
2012	10	56
2012	11	38
2012	12	56
2013	1	194
2013	2	138
2013	3	100
2013	4	253
2013	5	135
2013	6	152
2013	7	80
2013	8	236
2013	9	59
2013	10	65
2013	11	47
2013	12	266
2014	1	82
2014	2	127
2014	3	177
2014	4	369
2014	5	66
2014	6	118
2014	7	28
2014	8	20
2014	9	23
2014	10	60
2014	11	31
2014	12	43
2015	1	44
2015	2	141
2015	3	375
2015	4	224
2015	5	61
2015	6	37
2015	7	103
2015	8	41
2015	9	23
