1940	1	33645
1940	2	46917
1940	3	96380
1940	4	140723
1940	5	130387
1940	6	130403
1940	7	95025
1940	8	100174
1940	9	81080
1940	10	51816
1940	11	60483
1940	12	72612
1941	1	95825
1941	2	101035
1941	3	101912
1941	4	248100
1941	5	165193
1941	6	227633
1941	7	131374
1941	8	67764
1941	9	163323
1941	10	350483
1941	11	343466
1941	12	153322
1942	1	118564
1942	2	237321
1942	3	234419
1942	4	273433
1942	5	286516
1942	6	383100
1942	7	348935
1942	8	148225
1942	9	174233
1942	10	156964
1942	11	165933
1942	12	150148
1943	1	216774
1943	2	168821
1943	3	192806
1943	4	308233
1943	5	519516
1943	6	548200
1943	7	337967
1943	8	173419
1943	9	113076
1943	10	88441
1943	11	100433
1943	12	81796
1944	1	71403
1944	2	85700
1944	3	263258
1944	4	433100
1944	5	542967
1944	6	396833
1944	7	295516
1944	8	149741
1944	9	146783
1944	10	110054
1944	11	94786
1944	12	100812
1945	1	76967
1945	2	123082
1945	3	366064
1945	4	602500
1945	5	413258
1945	6	537833
1945	7	273483
1945	8	151838
1945	9	131006
1945	10	182677
1945	11	113966
1945	12	90151
1946	1	268787
1946	2	186571
1946	3	283064
1946	4	254900
1946	5	227967
1946	6	214733
1946	7	201870
1946	8	168654
1946	9	118266
1946	10	129480
1946	11	249866
1946	12	127148
1947	1	106216
1947	2	108667
1947	3	168935
1947	4	511666
1947	5	374290
1947	6	584133
1947	7	480096
1947	8	115264
1947	9	100136
1947	10	88319
1947	11	109240
1947	12	99390
1948	1	104935
1948	2	93806
1948	3	391774
1948	4	355666
1948	5	222548
1948	6	174366
1948	7	252354
1948	8	160161
1948	9	84620
1948	10	76977
1948	11	99776
1948	12	74683
1949	1	203754
1949	2	280142
1949	3	352483
1949	4	334900
1949	5	173096
1949	6	251166
1949	7	213806
1949	8	110980
1949	9	122790
1949	10	161841
1949	11	87003
1949	12	114551
1950	1	283580
1950	2	213714
1950	3	247322
1950	4	358533
1950	5	402903
1950	6	310233
1950	7	236967
1950	8	189354
1950	9	140320
1950	10	114374
1950	11	95363
1950	12	69467
1951	1	97383
1951	2	189428
1951	3	285709
1951	4	453166
1951	5	434354
1951	6	369966
1951	7	687709
1951	8	259806
1951	9	325466
1951	10	212645
1951	11	262266
1951	12	167916
1952	1	168032
1952	2	226896
1952	3	350096
1952	4	503500
1952	5	418838
1952	6	223433
1952	7	208096
1952	8	166580
1952	9	110110
1952	10	74432
1952	11	81906
1952	12	78409
1953	1	73483
1953	2	118160
1953	3	200451
1953	4	278033
1953	5	233838
1953	6	198200
1953	7	193161
1953	8	149290
1953	9	92180
1953	10	71096
1953	11	69223
1953	12	69887
1954	1	57329
1954	2	58675
1954	3	87287
1954	4	145700
1954	5	217516
1954	6	216833
1954	7	178054
1954	8	109787
1954	9	110346
1954	10	171029
1954	11	106483
1954	12	84787
1955	1	120200
1955	2	125592
1955	3	218483
1955	4	203233
1955	5	162903
1955	6	170366
1955	7	134016
1955	8	85287
1955	9	75763
1955	10	108738
1955	11	72486
1955	12	53854
1956	1	52200
1956	2	69010
1956	3	91219
1956	4	148290
1956	5	158225
1956	6	122390
1956	7	125422
1956	8	109883
1956	9	77350
1956	10	60125
1956	11	60180
1956	12	58125
1957	1	60483
1957	2	81621
1957	3	110841
1957	4	247633
1957	5	294870
1957	6	291733
1957	7	256387
1957	8	126009
1957	9	98343
1957	10	91435
1957	11	103366
1957	12	112212
1958	1	98138
1958	2	77789
1958	3	231064
1958	4	179300
1958	5	161948
1958	6	185820
1958	7	328516
1958	8	263580
1958	9	124690
1958	10	92525
1958	11	102000
1958	12	67487
1959	1	67251
1959	2	170900
1959	3	240483
1959	4	255533
1959	5	229516
1959	6	186256
1959	7	139580
1959	8	118477
1959	9	106216
1959	10	214838
1959	11	131486
1959	12	111087
1960	1	196870
1960	2	153758
1960	3	134770
1960	4	538266
1960	5	410322
1960	6	293333
1960	7	230774
1960	8	110716
1960	9	115800
1960	10	91883
1960	11	113713
1960	12	80664
1961	1	63587
1961	2	83978
1961	3	277645
1961	4	324033
1961	5	427870
1961	6	185766
1961	7	151832
1961	8	138735
1961	9	237853
1961	10	191064
1961	11	308466
1961	12	146838
1962	1	144129
1962	2	271678
1962	3	334645
1962	4	432833
1962	5	249258
1962	6	287600
1962	7	193580
1962	8	127370
1962	9	139900
1962	10	135000
1962	11	98090
1962	12	72745
1963	1	57141
1963	2	65878
1963	3	222774
1963	4	171666
1963	5	198322
1963	6	143766
1963	7	110690
1963	8	96641
1963	9	76176
1963	10	68567
1963	11	72573
1963	12	53887
1964	1	48532
1964	2	55658
1964	3	101900
1964	4	198953
1964	5	192419
1964	6	198366
1964	7	120377
1964	8	73264
1964	9	104930
1964	10	82277
1964	11	84213
1964	12	65619
1965	1	116616
1965	2	128250
1965	3	246354
1965	4	421933
1965	5	354677
1965	6	280300
1965	7	241193
1965	8	113280
1965	9	298733
1965	10	258161
1965	11	140600
1965	12	148677
1966	1	161887
1966	2	213496
1966	3	202806
1966	4	290300
1966	5	298225
1966	6	230133
1966	7	129809
1966	8	105500
1966	9	87743
1966	10	83835
1966	11	86600
1966	12	101877
1967	1	72422
1967	2	112042
1967	3	131177
1967	4	315866
1967	5	229870
1967	6	342033
1967	7	280741
1967	8	125164
1967	9	94160
1967	10	120487
1967	11	178333
1967	12	203419
1968	1	112506
1968	2	194689
1968	3	130164
1968	4	196266
1968	5	202064
1968	6	210900
1968	7	219064
1968	8	186000
1968	9	115803
1968	10	151709
1968	11	179033
1968	12	152096
1969	1	206161
1969	2	277000
1969	3	249838
1969	4	442600
1969	5	387806
1969	6	285066
1969	7	509258
1969	8	190032
1969	9	158100
1969	10	250903
1969	11	150966
1969	12	107338
1970	1	84793
1970	2	117285
1970	3	173580
1970	4	302166
1970	5	407096
1970	6	355333
1970	7	135545
1970	8	160883
1970	9	220880
1970	10	245677
1970	11	216966
1970	12	151677
1971	1	118390
1971	2	187421
1971	3	315387
1971	4	263166
1971	5	221806
1971	6	226233
1971	7	167709
1971	8	113225
1971	9	97926
1971	10	105841
1971	11	148500
1971	12	200193
1972	1	130467
1972	2	100817
1972	3	189451
1972	4	291466
1972	5	335322
1972	6	195666
1972	7	161322
1972	8	216967
1972	9	210500
1972	10	212516
1972	11	330233
1972	12	188935
1973	1	333322
1973	2	334928
1973	3	538967
1973	4	731033
1973	5	655806
1973	6	428166
1973	7	235870
1973	8	178129
1973	9	153666
1973	10	363870
1973	11	236833
1973	12	286967
1974	1	292419
1974	2	350357
1974	3	371225
1974	4	323133
1974	5	397870
1974	6	475333
1974	7	254000
1974	8	138967
1974	9	124416
1974	10	98029
1974	11	175610
1974	12	132129
1975	1	164193
1975	2	239214
1975	3	305096
1975	4	359566
1975	5	394322
1975	6	274833
1975	7	235838
1975	8	137709
1975	9	171133
1975	10	126000
1975	11	140900
1975	12	169709
1976	1	107867
1976	2	142544
1976	3	290290
1976	4	293933
1976	5	292741
1976	6	154766
1976	7	118038
1976	8	89170
1976	9	68196
1976	10	74367
1976	11	76056
1976	12	64203
1977	1	51606
1977	2	72442
1977	3	142835
1977	4	152660
1977	5	131064
1977	6	117923
1977	7	136758
1977	8	123206
1977	9	220300
1977	10	224225
1977	11	253533
1977	12	162870
1978	1	120432
1978	2	85821
1978	3	329877
1978	4	466400
1978	5	374322
1978	6	224266
1978	7	287516
1978	8	174225
1978	9	190633
1978	10	144935
1978	11	139100
1978	12	116290
1979	1	82261
1979	2	133560
1979	3	444612
1979	4	629433
1979	5	439032
1979	6	244466
1979	7	213838
1979	8	195612
1979	9	182733
1979	10	103467
1979	11	156000
1979	12	137212
1980	1	113661
1980	2	108458
1980	3	184032
1980	4	308133
1980	5	142032
1980	6	248066
1980	7	117516
1980	8	131906
1980	9	180666
1980	10	136451
1980	11	111760
1980	12	110519
1981	1	71883
1981	2	86996
1981	3	125951
1981	4	183393
1981	5	283225
1981	6	276566
1981	7	358483
1981	8	269225
1981	9	171300
1981	10	154225
1981	11	163600
1981	12	131332
1982	1	114648
1982	2	327571
1982	3	390096
1982	4	378300
1982	5	347516
1982	6	455433
1982	7	340806
1982	8	208161
1982	9	210133
1982	10	170967
1982	11	233566
1982	12	531677
1983	1	263548
1983	2	220535
1983	3	340096
1983	4	614900
1983	5	570870
1983	6	339700
1983	7	283193
1983	8	152354
1983	9	125333
1983	10	149741
1983	11	221866
1983	12	272935
1984	1	149225
1984	2	250793
1984	3	417967
1984	4	535800
1984	5	487193
1984	6	444466
1984	7	383483
1984	8	161677
1984	9	128066
1984	10	170741
1984	11	288033
1984	12	216806
1985	1	258064
1985	2	222071
1985	3	542032
1985	4	412866
1985	5	280935
1985	6	285933
1985	7	158516
1985	8	156741
1985	9	147033
1985	10	284000
1985	11	388966
1985	12	329129
1986	1	171000
1986	2	247250
1986	3	279903
1986	4	342966
1986	5	388129
1986	6	317200
1986	7	317258
1986	8	196935
1986	9	221433
1986	10	589612
1986	11	346133
1986	12	287967
1987	1	159935
1987	2	177571
1987	3	248096
1987	4	337666
1987	5	211258
1987	6	195900
1987	7	169451
1987	8	148580
1987	9	159533
1987	10	105290
1987	11	117066
1987	12	235806
1988	1	189387
1988	2	211206
1988	3	211193
1988	4	266766
1988	5	140064
1988	6	83856
1988	7	73600
1988	8	71638
1988	9	75860
1988	10	76964
1988	11	102513
1988	12	87961
1989	1	102083
1989	2	92992
1989	3	143380
1989	4	206966
1989	5	134580
1989	6	152566
1989	7	93325
1989	8	88019
1989	9	177866
1989	10	83241
1989	11	74950
1989	12	56209
1990	1	71716
1990	2	120967
1990	3	253967
1990	4	198433
1990	5	408000
1990	6	439400
1990	7	312870
1990	8	227935
1990	9	159633
1990	10	117003
1990	11	112270
1990	12	158548
1991	1	198290
1991	2	181750
1991	3	221516
1991	4	351266
1991	5	385516
1991	6	340933
1991	7	201870
1991	8	126264
1991	9	109170
1991	10	113122
1991	11	167933
1991	12	212870
1992	1	150258
1992	2	164862
1992	3	240838
1992	4	290400
1992	5	225806
1992	6	135833
1992	7	225806
1992	8	219806
1992	9	178386
1992	10	138096
1992	11	265533
1992	12	347387
1993	1	323451
1993	2	241035
1993	3	386129
1993	4	558233
1993	5	569935
1993	6	430166
1993	7	765548
1993	8	768000
1993	9	539300
1993	10	428322
1993	11	310600
1993	12	237677
1994	1	154096
1994	2	201571
1994	3	304806
1994	4	391633
1994	5	399645
1994	6	234600
1994	7	213129
1994	8	139612
1994	9	123100
1994	10	137709
1994	11	184166
1994	12	164419
1995	1	167764
1995	2	171714
1995	3	206774
1995	4	309066
1995	5	634870
1995	6	582066
1995	7	316225
1995	8	235419
1995	9	153600
1995	10	155612
1995	11	194733
1995	12	128387
1996	1	117551
1996	2	137551
1996	3	168032
1996	4	242200
1996	5	510967
1996	6	511066
1996	7	304225
1996	8	214064
1996	9	133866
1996	10	145000
1996	11	224733
1996	12	193032
1997	1	142161
1997	2	252071
1997	3	435451
1997	4	426833
1997	5	358193
1997	6	288733
1997	7	233258
1997	8	186516
1997	9	160866
1997	10	149419
1997	11	157533
1997	12	166193
1998	1	189193
1998	2	222285
1998	3	382838
1998	4	533733
1998	5	358322
1998	6	375666
1998	7	370645
1998	8	223032
1998	9	152033
1998	10	264903
1998	11	290233
1998	12	193322
1999	1	177354
1999	2	329178
1999	3	245225
1999	4	352333
1999	5	509612
1999	6	418933
1999	7	299032
1999	8	201516
1999	9	127900
1999	10	120870
1999	11	108203
1999	12	110387
2000	1	94641
2000	2	103903
2000	3	154225
2000	4	133600
2000	5	158354
2000	6	283766
2000	7	277612
2000	8	139838
2000	9	105996
2000	10	100170
2000	11	119016
2000	12	88200
2001	1	89951
2001	2	244285
2001	3	338032
2001	4	351833
2001	5	456193
2001	6	465966
2001	7	256580
2001	8	142296
2001	9	123933
2001	10	137387
2001	11	122633
2001	12	170903
2002	1	102722
2002	2	177214
2002	3	198516
2002	4	252900
2002	5	586290
2002	6	358800
2002	7	184290
2002	8	149516
2002	9	129566
2002	10	138816
2002	11	114600
2002	12	93754
2003	1	80561
2003	2	86942
2003	3	119177
2003	4	148066
2003	5	349967
2003	6	230533
2003	7	201548
2003	8	100993
2003	9	98820
2003	10	74693
2003	11	120750
2003	12	134148
2004	1	134387
2004	2	102131
2004	3	262870
2004	4	234066
2004	5	252483
2004	6	439566
2004	7	264419
2004	8	163387
2004	9	159266
2004	10	118483
2004	11	196933
2004	12	225838
2005	1	341322
2005	2	286857
2005	3	172096
2005	4	244666
2005	5	207935
2005	6	244133
2005	7	147800
2005	8	97370
2005	9	102623
2005	10	131061
2005	11	92136
2005	12	87209
2006	1	104393
2006	2	104057
2006	3	161270
2006	4	243766
2006	5	248935
2006	6	150366
2006	7	99738
2006	8	88035
2006	9	103196
2006	10	93441
2006	11	85093
2006	12	140709
2007	1	183290
2007	2	134700
2007	3	297000
2007	4	382033
2007	5	393322
2007	6	271066
2007	7	192096
2007	8	169645
2007	9	194233
2007	10	196225
2007	11	148566
2007	12	130409
2008	1	178774
2008	2	249413
2008	3	434161
2008	4	522666
2008	5	515032
2008	6	581933
2008	7	507580
2008	8	251129
2008	9	323633
2008	10	187354
2008	11	154733
2008	12	140322
2009	1	213290
2009	2	210285
2009	3	331903
2009	4	423033
2009	5	535322
2009	6	415333
2009	7	264741
2009	8	186741
2009	9	166800
2009	10	286032
2009	11	474000
2009	12	288419
2010	1	295000
2010	2	257821
2010	3	408129
2010	4	460233
2010	5	485677
2010	6	488900
2010	7	546870
2010	8	443838
2010	9	319966
2010	10	313032
2010	11	231700
2010	12	165967
2011	1	158516
2011	2	229964
2011	3	443645
2011	4	494766
2011	5	589548
2011	6	579766
2011	7	507354
2011	8	373580
2011	9	224700
2011	10	145677
2011	11	145600
2011	12	193483
2012	1	131516
2012	2	150379
2012	3	222677
2012	4	236266
2012	5	264935
2012	6	175966
2012	7	130822
2012	8	83122
2012	9	84880
2012	10	83393
2012	11	87156
2012	12	74780
2013	1	85200
2013	2	134892
2013	3	282870
2013	4	442766
2013	5	535096
2013	6	577533
2013	7	331322
2013	8	169419
2013	9	94503
2013	10	93838
2013	11	111380
2013	12	98261
2014	1	99035
2014	2	116110
2014	3	175451
2014	4	287500
2014	5	326032
2014	6	355400
2014	7	423161
2014	8	178161
2014	9	304333
2014	10	299903
2014	11	157866
2014	12	166161
2015	1	128451
2015	2	134178
2015	3	190870
2015	4	225200
2015	5	273129
2015	6	552933
2015	7	588451
2015	8	271129
2015	9	174700
