1940	1	518
1940	2	447
1940	3	648
1940	4	1889
1940	5	1067
1940	6	705
1940	7	493
1940	8	523
1940	9	379
1940	10	334
1940	11	412
1940	12	511
1941	1	927
1941	2	662
1941	3	457
1941	4	762
1941	5	548
1941	6	405
1941	7	492
1941	8	351
1941	9	465
1941	10	1024
1941	11	1769
1941	12	1024
1942	1	1085
1942	2	1429
1942	3	1525
1942	4	2247
1942	5	1610
1942	6	2495
1942	7	923
1942	8	888
1942	9	709
1942	10	581
1942	11	1555
1942	12	2507
1943	1	1563
1943	2	881
1943	3	887
1943	4	1096
1943	5	2981
1943	6	1175
1943	7	767
1943	8	593
1943	9	487
1943	10	444
1943	11	412
1943	12	371
1944	1	336
1944	2	455
1944	3	705
1944	4	1931
1944	5	1711
1944	6	794
1944	7	512
1944	8	418
1944	9	369
1944	10	349
1944	11	333
1944	12	360
1945	1	336
1945	2	2105
1945	3	4602
1945	4	5747
1945	5	2927
1945	6	4550
1945	7	1630
1945	8	1096
1945	9	1181
1945	10	1063
1945	11	802
1945	12	693
1946	1	1694
1946	2	2750
1946	3	2522
1946	4	1357
1946	5	3109
1946	6	1912
1946	7	1112
1946	8	1146
1946	9	774
1946	10	650
1946	11	1073
1946	12	1544
1947	1	1063
1947	2	890
1947	3	736
1947	4	1410
1947	5	1213
1947	6	947
1947	7	657
1947	8	539
1947	9	468
1947	10	437
1947	11	481
1947	12	566
1948	1	1400
1948	2	943
1948	3	1388
1948	4	1472
1948	5	974
1948	6	1493
1948	7	1015
1948	8	635
1948	9	508
1948	10	429
1948	11	494
1948	12	985
1949	1	4756
1949	2	3606
1949	3	2727
1949	4	1799
1949	5	1235
1949	6	1336
1949	7	1560
1949	8	948
1949	9	781
1949	10	1388
1949	11	800
1949	12	1174
1950	1	4649
1950	2	3833
1950	3	1960
1950	4	2122
1950	5	3253
1950	6	2787
1950	7	1368
1950	8	1085
1950	9	1071
1950	10	825
1950	11	770
1950	12	710
1951	1	1478
1951	2	2643
1951	3	2377
1951	4	2052
1951	5	1556
1951	6	1290
1951	7	2104
1951	8	1117
1951	9	944
1951	10	958
1951	11	2326
1951	12	1830
1952	1	2004
1952	2	1546
1952	3	3190
1952	4	2739
1952	5	1607
1952	6	1123
1952	7	927
1952	8	749
1952	9	647
1952	10	550
1952	11	625
1952	12	752
1953	1	610
1953	2	694
1953	3	1683
1953	4	1488
1953	5	1380
1953	6	819
1953	7	604
1953	8	498
1953	9	432
1953	10	398
1953	11	378
1953	12	360
1954	1	421
1954	2	472
1954	3	603
1954	4	1018
1954	5	1177
1954	6	600
1954	7	401
1954	8	334
1954	9	305
1954	10	334
1954	11	295
1954	12	454
1955	1	489
1955	2	708
1955	3	1450
1955	4	986
1955	5	941
1955	6	683
1955	7	533
1955	8	383
1955	9	316
1955	10	295
1955	11	325
1955	12	276
1956	1	265
1956	2	1016
1956	3	540
1956	4	616
1956	5	955
1956	6	671
1956	7	470
1956	8	361
1956	9	291
1956	10	271
1956	11	284
1956	12	302
1957	1	425
1957	2	879
1957	3	677
1957	4	4408
1957	5	4242
1957	6	1816
1957	7	1053
1957	8	774
1957	9	642
1957	10	521
1957	11	1394
1957	12	927
1958	1	932
1958	2	733
1958	3	2390
1958	4	1699
1958	5	3327
1958	6	1182
1958	7	1296
1958	8	1107
1958	9	901
1958	10	744
1958	11	3028
1958	12	1154
1959	1	937
1959	2	1108
1959	3	1431
1959	4	1184
1959	5	942
1959	6	990
1959	7	706
1959	8	559
1959	9	472
1959	10	866
1959	11	683
1959	12	1012
1960	1	1164
1960	2	1037
1960	3	1183
1960	4	1043
1960	5	1748
1960	6	979
1960	7	747
1960	8	605
1960	9	499
1960	10	445
1960	11	449
1960	12	648
1961	1	507
1961	2	632
1961	3	1857
1961	4	1899
1961	5	4076
1961	6	1401
1961	7	881
1961	8	722
1961	9	562
1961	10	476
1961	11	477
1961	12	622
1962	1	1059
1962	2	1440
1962	3	1631
1962	4	1805
1962	5	1426
1962	6	834
1962	7	638
1962	8	513
1962	9	544
1962	10	568
1962	11	442
1962	12	408
1963	1	419
1963	2	354
1963	3	1151
1963	4	528
1963	5	941
1963	6	1237
1963	7	931
1963	8	575
1963	9	438
1963	10	364
1963	11	498
1963	12	386
1964	1	340
1964	2	510
1964	3	3167
1964	4	1932
1964	5	1059
1964	6	956
1964	7	604
1964	8	674
1964	9	607
1964	10	443
1964	11	415
1964	12	524
1965	1	643
1965	2	871
1965	3	962
1965	4	1637
1965	5	968
1965	6	798
1965	7	626
1965	8	459
1965	9	703
1965	10	468
1965	11	396
1965	12	451
1966	1	2306
1966	2	2209
1966	3	1226
1966	4	2883
1966	5	2079
1966	6	1039
1966	7	735
1966	8	628
1966	9	555
1966	10	499
1966	11	453
1966	12	514
1967	1	593
1967	2	738
1967	3	718
1967	4	592
1967	5	1333
1967	6	635
1967	7	552
1967	8	414
1967	9	387
1967	10	395
1967	11	431
1967	12	1801
1968	1	990
1968	2	1449
1968	3	1784
1968	4	2456
1968	5	2349
1968	6	1042
1968	7	708
1968	8	643
1968	9	709
1968	10	542
1968	11	1195
1968	12	2067
1969	1	3171
1969	2	2451
1969	3	1724
1969	4	2614
1969	5	1410
1969	6	964
1969	7	807
1969	8	670
1969	9	591
1969	10	545
1969	11	507
1969	12	482
1970	1	526
1970	2	519
1970	3	1097
1970	4	2065
1970	5	1823
1970	6	946
1970	7	718
1970	8	1080
1970	9	714
1970	10	857
1970	11	978
1970	12	932
1971	1	1561
1971	2	1434
1971	3	1095
1971	4	836
1971	5	967
1971	6	766
1971	7	581
1971	8	485
1971	9	427
1971	10	389
1971	11	357
1971	12	1206
1972	1	623
1972	2	574
1972	3	557
1972	4	1401
1972	5	1465
1972	6	707
1972	7	632
1972	8	512
1972	9	495
1972	10	515
1972	11	2234
1972	12	1623
1973	1	2128
1973	2	1843
1973	3	3492
1973	4	6204
1973	5	4528
1973	6	2174
1973	7	1273
1973	8	995
1973	9	919
1973	10	919
1973	11	2738
1973	12	2887
1974	1	1971
1974	2	2340
1974	3	2402
1974	4	2318
1974	5	2814
1974	6	2859
1974	7	1313
1974	8	1139
1974	9	986
1974	10	801
1974	11	1375
1974	12	859
1975	1	1482
1975	2	1962
1975	3	3850
1975	4	2407
1975	5	1589
1975	6	1213
1975	7	928
1975	8	813
1975	9	1666
1975	10	871
1975	11	799
1975	12	1702
1976	1	1212
1976	2	986
1976	3	1155
1976	4	1111
1976	5	859
1976	6	1297
1976	7	1269
1976	8	634
1976	9	540
1976	10	490
1976	11	460
1976	12	431
1977	1	408
1977	2	428
1977	3	2824
1977	4	1457
1977	5	770
1977	6	544
1977	7	510
1977	8	635
1977	9	666
1977	10	639
1977	11	797
1977	12	1269
1978	1	763
1978	2	765
1978	3	2117
1978	4	1487
1978	5	1144
1978	6	823
1978	7	717
1978	8	618
1978	9	537
1978	10	476
1978	11	815
1978	12	1026
1979	1	1349
1979	2	1510
1979	3	3507
1979	4	4561
1979	5	3412
1979	6	1576
1979	7	1154
1979	8	890
1979	9	726
1979	10	636
1979	11	717
1979	12	949
1980	1	837
1980	2	966
1980	3	1090
1980	4	1311
1980	5	902
1980	6	751
1980	7	578
1980	8	473
1980	9	437
1980	10	401
1980	11	370
1980	12	363
1981	1	345
1981	2	410
1981	3	418
1981	4	439
1981	5	622
1981	6	691
1981	7	455
1981	8	383
1981	9	316
1981	10	312
1981	11	482
1981	12	344
1982	1	1420
1982	2	2315
1982	3	1182
1982	4	1108
1982	5	1131
1982	6	906
1982	7	848
1982	8	581
1982	9	580
1982	10	470
1982	11	592
1982	12	6624
1983	1	1580
1983	2	1056
1983	3	1021
1983	4	1717
1983	5	2124
1983	6	1089
1983	7	759
1983	8	621
1983	9	508
1983	10	503
1983	11	1318
1983	12	1862
1984	1	965
1984	2	1032
1984	3	1613
1984	4	2111
1984	5	1752
1984	6	1061
1984	7	741
1984	8	619
1984	9	582
1984	10	1515
1984	11	2612
1984	12	3725
1985	1	2853
1985	2	2270
1985	3	2776
1985	4	3403
1985	5	2270
1985	6	1448
1985	7	1114
1985	8	952
1985	9	864
1985	10	791
1985	11	1543
1985	12	1306
1986	1	858
1986	2	1268
1986	3	1202
1986	4	2494
1986	5	1444
1986	6	2180
1986	7	898
1986	8	738
1986	9	625
1986	10	565
1986	11	533
1986	12	517
1987	1	522
1987	2	793
1987	3	1292
1987	4	838
1987	5	680
1987	6	547
1987	7	581
1987	8	453
1987	9	405
1987	10	365
1987	11	359
1987	12	1498
1988	1	1600
1988	2	1118
1988	3	2069
1988	4	2001
1988	5	1109
1988	6	779
1988	7	751
1988	8	579
1988	9	607
1988	10	519
1988	11	1291
1988	12	940
1989	1	1120
1989	2	3513
1989	3	1943
1989	4	1835
1989	5	1271
1989	6	1247
1989	7	818
1989	8	631
1989	9	556
1989	10	482
1989	11	472
1989	12	439
1990	1	573
1990	2	1530
1990	3	1600
1990	4	2243
1990	5	2733
1990	6	1499
1990	7	957
1990	8	764
1990	9	678
1990	10	697
1990	11	692
1990	12	1522
1991	1	2136
1991	2	1062
1991	3	1409
1991	4	4077
1991	5	2243
1991	6	1245
1991	7	898
1991	8	749
1991	9	674
1991	10	683
1991	11	1934
1991	12	1812
1992	1	1249
1992	2	1178
1992	3	1025
1992	4	2066
1992	5	1204
1992	6	997
1992	7	734
1992	8	680
1992	9	568
1992	10	506
1992	11	808
1992	12	1397
1993	1	2970
1993	2	1974
1993	3	2095
1993	4	1756
1993	5	1602
1993	6	1215
1993	7	868
1993	8	672
1993	9	1107
1993	10	1099
1993	11	2671
1993	12	1707
1994	1	1772
1994	2	2092
1994	3	2276
1994	4	3195
1994	5	2569
1994	6	1467
1994	7	1141
1994	8	902
1994	9	851
1994	10	807
1994	11	2673
1995	3	1744
1995	4	1337
2000	10	368
2000	11	374
2000	12	335
2001	1	354
2001	2	990
2001	3	846
2001	4	601
2001	5	446
2001	6	370
2001	7	415
2001	8	449
2001	9	452
2001	10	369
2001	11	331
2001	12	1065
2002	1	819
2002	2	1398
2002	3	3535
2002	4	3035
2002	5	3946
2002	6	1546
2002	7	1286
2002	8	1062
2002	9	813
2002	10	567
2002	11	442
2002	12	635
2003	1	682
2003	2	826
2003	3	873
2003	4	807
2003	5	1118
2003	6	754
2003	7	589
2003	8	514
2003	9	638
2003	10	532
2003	11	1296
2003	12	1339
2004	1	1079
2004	2	1016
2004	3	1197
2004	4	1803
2004	5	1992
2004	6	1032
2004	7	899
2004	8	664
2004	9	522
2004	10	486
2004	11	721
2004	12	1089
2005	1	1959
2005	2	1337
2005	3	1181
2005	4	1279
2005	5	837
2005	6	652
2005	7	545
2005	8	469
2005	9	446
2005	10	404
2005	11	787
2005	12	712
2006	1	618
2006	2	773
2006	3	1581
2006	4	904
2006	5	1408
2006	6	782
2006	7	827
2006	8	562
2006	9	1425
2006	10	1063
2006	11	1667
2006	12	2253
2007	1	2557
2007	2	2384
2007	3	1381
2007	4	1193
2007	5	1939
2007	6	946
2007	7	829
2007	8	632
2007	9	509
2007	10	467
2007	11	436
2007	12	774
2008	1	641
2008	2	1432
2008	3	5659
2008	4	6320
2008	5	2078
2008	6	1332
2008	7	1006
2008	8	800
2008	9	891
2008	10	666
2008	11	596
2008	12	561
2009	1	579
2009	2	1381
2009	3	929
2009	4	1278
2009	5	2174
2009	6	1184
2009	7	821
2009	8	725
2009	9	909
2009	10	3342
2009	11	2340
2009	12	2013
2010	1	1881
2010	2	2017
2010	3	1770
2010	4	2028
2010	5	2121
2010	6	1175
2010	7	856
2010	8	727
2010	9	695
2010	10	579
2010	11	515
2010	12	457
2011	1	419
2011	2	521
2011	3	976
2011	4	6881
2011	5	5582
2011	6	1913
2011	7	1470
2011	8	1042
2011	9	844
2011	10	634
2011	11	1056
2011	12	1861
2012	1	1334
2012	2	1639
2012	3	1839
2012	4	1259
2012	5	856
2012	6	654
2012	7	540
2012	8	457
2012	9	464
2012	10	431
2012	11	396
2012	12	371
2013	1	896
2013	2	898
2013	3	1149
2013	4	1382
2013	5	1689
2013	6	1559
2013	7	759
2013	8	1796
2013	9	794
2013	10	629
2013	11	679
2013	12	1702
2014	1	1404
2014	2	881
2014	3	1351
2014	4	2054
2014	5	1576
2014	6	1361
2014	7	1112
2014	8	670
2014	9	671
2014	10	993
2014	11	697
2014	12	805
2015	1	1586
2015	3	3635
2015	4	2561
2015	5	2286
2015	6	1923
2015	7	1823
2015	8	1090
2015	9	859
