1940	1	202
1940	2	192
1940	3	186
1940	4	167
1940	5	657
1940	6	1011
1940	7	528
1940	8	393
1940	9	274
1940	10	266
1940	11	232
1940	12	230
1941	1	204
1941	2	209
1941	3	192
1941	4	203
1941	5	821
1941	6	1836
1941	7	1111
1941	8	931
1941	9	388
1941	10	366
1941	11	281
1941	12	249
1942	1	261
1942	2	229
1942	3	214
1942	4	400
1942	5	756
1942	6	2389
1942	7	1401
1942	8	671
1942	9	353
1942	10	307
1942	11	255
1942	12	254
1943	1	245
1943	2	248
1943	3	254
1943	4	743
1943	5	992
1943	6	2073
1943	7	1475
1943	8	1184
1943	9	572
1943	10	314
1943	11	309
1943	12	262
1944	1	221
1944	2	204
1944	3	207
1944	4	246
1944	5	611
1944	6	1960
1944	7	1190
1944	8	916
1944	9	437
1944	10	237
1944	11	229
1944	12	226
1945	1	204
1945	2	205
1945	3	195
1945	4	291
1945	5	809
1945	6	1456
1945	7	1136
1945	8	862
1945	9	667
1945	10	311
1945	11	293
1945	12	236
1946	1	220
1946	2	208
1946	3	213
1946	4	547
1946	5	777
1946	6	1880
1946	7	1126
1946	8	798
1946	9	264
1946	10	279
1946	11	265
1946	12	226
1947	1	199
1947	2	196
1947	3	195
1947	4	311
1947	5	824
1947	6	2349
1947	7	2114
1947	8	1141
1947	9	699
1947	10	411
1947	11	348
1947	12	261
1948	1	239
1948	2	240
1948	3	246
1948	4	424
1948	5	1410
1948	6	2515
1948	7	1353
1948	8	873
1948	9	397
1948	10	275
1948	11	306
1948	12	258
1949	1	237
1949	2	230
1949	3	237
1949	4	481
1949	5	834
1949	6	2451
1949	7	2179
1949	8	1113
1949	9	534
1949	10	335
1949	11	313
1949	12	253
1950	1	230
1950	2	243
1950	3	230
1950	4	439
1950	5	867
1950	6	1901
1950	7	943
1950	8	510
1950	9	380
1950	10	232
1950	11	259
1950	12	235
1951	1	230
1951	2	215
1951	3	219
1951	4	254
1951	5	1003
1951	6	1732
1951	7	1799
1951	8	1054
1951	9	472
1951	10	283
1951	11	300
1951	12	282
1952	1	274
1952	2	255
1952	3	244
1952	4	656
1952	5	1292
1952	6	3072
1952	7	1827
1952	8	1380
1952	9	582
1952	10	350
1952	11	323
1952	12	296
1953	1	274
1953	2	246
1953	3	225
1953	4	242
1953	5	702
1953	6	2541
1953	7	1433
1953	8	859
1953	9	399
1953	10	300
1953	11	362
1953	12	299
1954	1	270
1954	2	231
1954	3	203
1954	4	271
1954	5	924
1954	6	860
1954	7	694
1954	8	384
1954	9	309
1954	10	317
1954	11	232
1954	12	270
1955	1	233
1955	2	220
1955	3	223
1955	4	286
1955	5	480
1955	6	1241
1955	7	895
1955	8	823
1955	9	379
1955	10	241
1955	11	255
1955	12	262
1956	1	232
1956	2	224
1956	3	209
1956	4	338
1956	5	1242
1956	6	2140
1956	7	830
1956	8	508
1956	9	323
1956	10	272
1956	11	254
1956	12	243
1957	1	215
1957	2	232
1957	3	176
1957	4	236
1957	5	598
1957	6	2967
1957	7	5161
1957	8	1672
1957	9	688
1957	10	454
1957	11	400
1957	12	317
1958	1	300
1958	2	282
1958	3	255
1958	4	392
1958	5	1716
1958	6	2386
1958	7	974
1958	8	830
1958	9	429
1958	10	250
1958	11	243
1958	12	223
1959	1	199
1959	2	217
1959	3	185
1959	4	315
1959	5	512
1959	6	1758
1959	7	655
1959	8	476
1959	9	376
1959	10	430
1959	11	314
1959	12	288
1960	1	215
1960	2	189
1960	3	231
1960	4	434
1960	5	835
1960	6	2226
1960	7	1093
1960	8	926
1960	9	446
1960	10	322
1960	11	279
1960	12	239
1961	1	223
1961	2	219
1961	3	229
1961	4	225
1961	5	845
1961	6	1605
1961	7	695
1961	8	806
1961	9	902
1961	10	674
1961	11	455
1961	12	316
1962	1	298
1962	2	289
1962	3	265
1962	4	829
1962	5	1343
1962	6	2346
1962	7	1925
1962	8	1059
1962	9	612
1962	10	422
1962	11	399
1962	12	363
1963	1	256
1963	2	322
1963	3	306
1963	4	386
1963	5	1100
1963	6	964
1963	7	841
1963	8	776
1963	9	488
1963	10	280
1963	11	280
1963	12	246
1964	1	221
1964	2	228
1964	3	198
1964	4	213
1964	5	940
1964	6	1387
1964	7	1079
1964	8	859
1964	9	358
1964	10	284
1964	11	288
1964	12	287
1965	1	282
1965	2	270
1965	3	229
1965	4	364
1965	5	1067
1965	6	2392
1965	7	3240
1965	8	1492
1965	9	857
1965	10	526
1965	11	450
1965	12	368
1966	1	325
1966	2	288
1966	3	248
1966	4	624
1966	5	1221
1966	6	1500
1966	7	1057
1966	8	703
1966	9	382
1966	10	285
1966	11	275
1966	12	306
1967	1	278
1967	2	255
1967	3	218
1967	4	250
1967	5	919
1967	6	1586
1967	7	1080
1967	8	735
1967	9	541
1967	10	296
1967	11	313
1967	12	282
1968	1	245
1968	2	228
1968	3	195
1968	4	237
1968	5	737
1968	6	2140
1968	7	1391
1968	8	1340
1968	9	463
1968	10	284
1968	11	324
1968	12	298
1969	1	258
1969	2	234
1969	3	206
1969	4	252
1969	5	1274
1969	6	1723
1969	7	1658
1969	8	1067
1969	9	456
1969	10	442
1969	11	342
1969	12	287
1970	1	236
1970	2	232
1970	3	217
1970	4	240
1970	5	1925
1970	6	2646
1970	7	1732
1970	8	1131
1970	9	928
1970	10	569
1970	11	380
1970	12	287
1971	1	253
1971	2	214
1971	3	242
1971	4	608
1971	5	772
1971	6	2012
1971	7	1703
1971	8	1064
1971	9	474
1971	10	367
1971	11	348
1971	12	257
1972	1	218
1972	2	206
1972	3	220
1972	4	505
1972	5	921
1972	6	2220
1972	7	1130
1972	8	823
1972	9	330
1972	10	282
1972	11	281
1972	12	232
1973	1	178
1973	2	194
1973	3	196
1973	4	223
1973	5	668
1973	6	2133
1973	7	2182
1973	8	1166
1973	9	631
1973	10	294
1973	11	293
1973	12	258
1974	1	395
1974	2	408
1974	3	288
1974	4	248
1974	5	1572
1974	6	1478
1974	7	1256
1974	8	724
1974	9	390
1974	10	251
1974	11	316
1974	12	222
1975	1	198
1975	2	197
1975	3	192
1975	4	403
1975	5	809
1975	6	1728
1975	7	2405
1975	8	1045
1975	9	482
1975	10	271
1975	11	477
1975	12	249
1976	1	229
1976	2	221
1976	3	247
1976	4	306
1976	5	826
1976	6	1673
1976	7	1099
1976	8	640
1976	9	419
1976	10	575
1976	11	474
1976	12	178
1977	1	135
1977	2	152
1977	3	150
1977	4	170
1977	5	337
1977	6	663
1977	7	302
1977	8	234
1977	9	229
1977	10	198
1977	11	186
1977	12	183
1978	1	176
1978	2	152
1978	3	150
1978	4	312
1978	5	514
1978	6	2431
1978	7	1302
1978	8	774
1978	9	286
1978	10	220
1978	11	215
1978	12	189
1979	1	190
1979	2	169
1979	3	228
1979	4	329
1979	5	1066
1979	6	2709
1979	7	1901
1979	8	876
1979	9	362
1979	10	238
1979	11	377
1979	12	297
1980	1	265
1980	2	256
1980	3	351
1980	4	374
1980	5	897
1980	6	3469
1980	7	1643
1980	8	678
