1940	1	2
1940	2	105
1940	3	23
1940	4	36
1940	5	674
1940	6	358
1940	7	291
1940	8	571
1940	9	44
1940	10	68
1940	11	91
1940	12	73
1941	1	135
1941	2	158
1941	3	146
1941	4	255
1941	5	1970
1941	6	1330
1941	7	717
1941	8	122
1941	9	797
1941	10	2644
1941	11	446
1941	12	215
1942	1	161
1942	2	163
1942	3	177
1942	4	2943
1942	5	476
1942	6	434
1942	7	161
1942	8	441
1942	9	211
1942	10	697
1942	11	94
1942	12	155
1943	1	100
1943	2	113
1943	3	68
1943	4	83
1943	5	311
1943	6	256
1943	7	137
1943	8	2
1943	9	1
1943	10	2
1943	11	2
1943	12	31
1944	1	191
1944	2	112
1944	3	185
1944	4	1524
1944	5	1425
1944	6	298
1944	7	941
1944	8	35
1944	9	14
1944	10	190
1944	11	60
1944	12	171
1945	1	160
1945	2	167
1945	3	237
1945	4	351
1945	5	101
1945	6	570
1945	7	221
1945	8	135
1945	9	301
1945	10	79
1945	11	23
1945	12	27
1946	1	125
1946	2	176
1946	3	169
1946	4	59
1946	5	128
1946	6	392
1946	7	71
1946	8	131
1946	9	168
1946	10	966
1946	11	586
1946	12	153
1947	1	148
1947	2	78
1947	3	415
1947	4	1666
1947	5	1184
1947	6	288
1947	7	49
1947	8	43
1947	9	0
1947	10	0
1947	11	1
1947	12	63
1948	1	46
1948	2	492
1948	3	624
1948	4	179
1948	5	13
1948	6	1094
1948	7	462
1948	8	1144
1948	9	127
1948	10	11
1948	11	155
1948	12	106
1949	1	181
1949	2	1010
1949	3	339
1949	4	477
1949	5	4000
1949	6	3030
1949	7	1365
1949	8	203
1949	9	978
1949	10	939
1949	11	165
1949	12	197
1950	1	195
1950	2	201
1950	3	116
1950	4	37
1950	5	336
1950	6	161
1950	7	3825
1950	8	2506
1950	9	1155
1950	10	243
1950	11	154
1950	12	194
1951	1	200
1951	2	278
1951	3	218
1951	4	308
1951	5	4834
1951	6	3455
1951	7	1513
1951	8	149
1951	9	670
1951	10	142
1951	11	230
1951	12	151
1952	1	213
1952	2	203
1952	3	304
1952	4	674
1952	5	485
1952	6	47
1952	7	7
1952	8	79
1952	9	0
1952	10	0
1952	11	0
1952	12	76
1953	1	115
1953	2	98
1953	3	122
1953	4	32
1953	5	62
1953	6	12
1953	7	481
1953	8	229
1953	9	55
1953	10	32
1953	11	59
1953	12	81
1954	1	71
1954	2	84
1954	3	52
1954	4	61
1954	5	520
1954	6	42
1954	7	2
1954	8	105
1954	9	11
1954	10	8
1954	11	0
1954	12	1
1955	1	15
1955	2	55
1955	3	12
1955	4	161
1955	5	3878
1955	6	1717
1955	7	90
1955	8	35
1955	9	18
1955	10	14
1955	11	3
1955	12	42
1956	1	59
1956	2	83
1956	3	45
1956	4	6
1956	5	29
1956	6	43
1956	7	210
1956	8	102
1956	9	0
1956	10	0
1956	11	0
1956	12	2
1957	1	3
1957	2	29
1957	3	175
1957	4	950
1957	5	5673
1957	6	3673
1957	7	1612
1957	8	96
1957	9	677
1957	10	255
1957	11	125
1957	12	96
1958	1	115
1958	2	119
1958	3	307
1958	4	356
1958	5	257
1958	6	1039
1958	7	1209
1958	8	307
1958	9	73
1958	10	7
1958	11	67
1958	12	141
1959	1	189
1959	2	179
1959	3	225
1959	4	292
1959	5	540
1959	6	103
1959	7	118
1959	8	33
1959	9	1211
1959	10	643
1959	11	172
1959	12	207
1960	1	249
1960	2	575
1960	3	483
1960	4	220
1960	5	523
1960	6	1107
1960	7	413
1960	8	551
1960	9	185
1960	10	175
1960	11	86
1960	12	174
1961	1	93
1961	2	195
1961	3	283
1961	4	263
1961	5	447
1961	6	424
1961	7	270
1961	8	275
1961	9	72
1961	10	21
1961	11	238
1961	12	166
1962	1	201
1962	2	184
1962	3	123
1962	4	103
1962	5	21
1962	6	1070
1962	7	403
1962	8	162
1962	9	1137
1962	10	160
1962	11	140
1962	12	151
1963	1	101
1963	2	247
1963	3	112
1963	4	35
1963	5	31
1963	6	1107
1963	7	214
1963	8	53
1963	9	510
1963	10	86
1963	11	67
1963	12	73
1964	1	141
1964	2	182
1964	3	97
1964	4	30
1964	5	64
1964	6	118
1964	7	2
1964	8	211
1964	9	7
1964	10	10
1964	11	283
1964	12	208
1965	1	146
1965	2	166
1965	3	137
1965	4	108
1965	5	137
1965	6	1221
1965	7	263
1965	8	358
1965	9	329
1965	10	1152
1965	11	165
1965	12	217
1966	1	160
1966	2	279
1966	3	144
1966	4	71
1966	5	17
1966	6	0
1966	7	20
1966	8	300
1966	9	252
1966	10	80
1966	11	44
1966	12	62
1967	1	88
1967	2	78
1967	3	58
1967	4	62
1967	5	10
1967	6	135
1967	7	283
1967	8	382
1967	9	49
1967	10	18
1967	11	38
1967	12	69
1968	1	89
1968	2	94
1968	3	102
1968	4	81
1968	5	101
1968	6	201
1968	7	137
1968	8	529
1968	9	113
1968	10	464
1968	11	142
1968	12	79
1969	1	125
1969	2	188
1969	3	362
1969	4	305
1969	5	257
1969	6	252
1969	7	12
1969	8	351
1969	9	612
1969	10	123
1969	11	95
1969	12	126
1970	1	117
1970	2	107
1970	3	153
1970	4	484
1970	5	42
1970	6	31
1970	7	0
1970	8	0
1970	9	1
1970	10	3
1970	11	11
1970	12	24
1971	1	65
1971	2	115
1971	3	208
1971	4	37
1971	5	12
1971	6	26
1971	7	29
1971	8	26
1971	9	0
1971	10	37
1971	11	510
1971	12	209
1972	1	131
1972	2	112
1972	3	60
1972	4	24
1972	5	141
1972	6	157
1972	7	110
1972	8	120
1972	9	267
1972	10	24
1972	11	136
1972	12	142
1973	1	192
1973	2	236
1973	3	2195
1973	4	2070
1973	5	476
1973	6	68
1973	7	32
1973	8	15
1973	9	1474
1973	10	1366
1973	11	264
1973	12	492
1974	1	290
1974	2	224
1974	3	435
1974	4	303
1974	5	79
1974	6	100
1974	7	0
1974	8	777
1974	9	812
1974	10	89
1974	11	284
1974	12	204
1975	1	259
1975	2	301
1975	3	306
1975	4	206
1975	5	497
1975	6	1325
1975	7	122
1975	8	109
1975	9	0
1975	10	0
1975	11	71
1975	12	79
1976	1	78
1976	2	78
1976	3	76
1976	4	460
1976	5	1596
1976	6	91
1976	7	10
1976	8	0
1976	9	25
1976	10	6
1976	11	25
1976	12	31
1977	1	32
1977	2	59
1977	3	27
1977	4	63
1977	5	691
1977	6	214
1977	7	54
1977	8	279
1977	9	103
1977	10	9
1977	11	36
1977	12	48
1978	1	41
1978	2	103
1978	3	127
1978	4	68
1978	5	954
1978	6	621
1978	7	51
1978	8	5
1978	9	17
1978	10	0
1978	11	12
1978	12	35
1979	1	48
1979	2	104
1979	3	236
1979	4	126
1979	5	1637
1979	6	232
1979	7	1015
1979	8	159
1979	9	9
1979	10	407
1979	11	236
1979	12	90
1980	1	206
1980	2	229
1980	3	207
1980	4	585
1980	5	534
1980	6	182
1980	7	4
1980	8	1
1980	9	0
1980	10	0
1980	11	0
1980	12	10
1981	1	26
1981	2	40
1981	3	78
1981	4	16
1981	5	857
1981	6	74
1981	7	186
1981	8	124
1981	9	201
1981	10	59
1981	11	307
1981	12	127
1982	1	79
1982	2	174
1982	3	147
1982	4	89
1982	5	644
1982	6	902
1982	7	365
1982	8	12
1982	9	0
1982	10	0
1982	11	4
1982	12	29
1983	1	63
1983	2	148
1983	3	256
1983	4	568
1983	5	365
1983	6	1053
1983	7	40
1983	8	0
1983	9	33
1983	10	25
1983	11	36
1983	12	52
1984	1	91
1984	2	100
1984	3	167
1984	4	221
1984	5	210
1984	6	54
1984	7	5
1984	8	1
1984	9	0
1984	10	4
1984	11	8
1984	12	128
1985	1	101
1985	2	161
1985	3	166
1985	4	311
1985	5	255
1985	6	383
1985	7	27
1985	8	31
1985	9	178
1985	10	638
1985	11	217
1985	12	194
1986	1	151
1986	2	159
1986	3	105
1986	4	66
1986	5	48
1986	6	139
1986	7	5
1986	8	176
1986	9	128
1986	10	363
1986	11	342
1986	12	237
1987	1	241
1987	2	323
1987	3	1079
1987	4	286
1987	5	1429
1987	6	402
1987	7	427
1987	8	57
1987	9	132
1987	10	87
1987	11	107
1987	12	176
1988	1	224
1988	2	204
1988	3	519
1988	4	767
1988	5	190
1988	6	108
1988	7	144
1988	8	11
1988	9	11
1988	10	24
1988	11	29
1988	12	47
1989	1	65
1989	2	84
1989	3	110
1989	4	72
1989	5	576
1989	6	1154
1989	7	401
1989	8	379
1989	9	599
1989	10	95
1989	11	85
1989	12	112
1990	1	210
1990	2	259
1990	3	303
1990	4	270
1990	5	226
1990	6	69
1990	7	16
1990	8	34
1990	9	3
1990	10	1
1990	11	11
1990	12	22
1991	1	50
1991	2	57
1991	3	66
1991	4	38
1991	5	108
1991	6	133
1991	7	13
1991	8	9
1991	9	4
1991	10	0
1991	11	32
1991	12	60
1992	1	99
1992	2	93
1992	3	61
1992	4	74
1992	5	27
1992	6	171
1992	7	184
1992	8	59
1992	9	12
1992	10	0
1992	11	64
1992	12	141
1993	1	195
1993	2	318
1993	3	288
1993	4	174
1993	5	2142
1993	6	320
1993	7	204
1993	8	42
1993	9	6
1993	10	3
1993	11	25
1993	12	46
1994	1	65
1994	2	81
1994	3	54
1994	4	46
1994	5	119
1994	6	54
1994	7	23
1994	8	2
1994	9	13
1994	10	9
1994	11	31
1994	12	42
1995	1	69
1995	2	67
1995	3	130
1995	4	90
1995	5	412
1995	6	815
1995	7	297
1995	8	57
1995	9	6
1995	10	8
1995	11	9
1995	12	40
1996	1	54
1996	2	66
1996	3	50
1996	4	19
1996	5	52
1996	6	60
1996	7	271
1996	8	869
1996	9	1285
1996	10	288
1996	11	569
1996	12	403
1997	1	283
1997	2	336
1997	3	244
1997	4	711
1997	5	446
1997	6	640
1997	7	210
1997	8	380
1997	9	228
1997	10	155
1997	11	183
1997	12	324
1998	1	465
1998	2	306
1998	3	796
1998	4	481
1998	5	726
1998	6	134
1998	7	26
1998	8	25
1998	9	0
1998	10	121
1998	11	651
1998	12	198
1999	1	233
1999	2	395
1999	3	529
1999	4	1243
1999	5	614
1999	6	1105
1999	7	670
1999	8	139
1999	9	165
1999	10	105
1999	11	120
1999	12	201
2000	1	204
2000	2	247
2000	3	845
2000	4	489
2000	5	571
2000	6	567
2000	7	184
2000	8	12
2000	9	0
2000	10	392
2000	11	177
2000	12	152
2001	1	277
2001	2	444
2001	3	500
2001	4	358
2001	5	654
2001	6	389
2001	7	30
2001	8	11
2001	9	14
2001	10	3
2001	11	17
2001	12	38
2002	1	91
2002	2	151
2002	3	72
2002	4	59
2002	5	33
2002	6	33
2002	7	26
2002	8	29
2002	9	2
2002	10	421
2002	11	147
2002	12	125
2003	1	126
2003	2	139
2003	3	215
2003	4	158
2003	5	173
2003	6	184
2003	7	17
2003	8	19
2003	9	30
2003	10	25
2003	11	25
2003	12	60
2004	1	100
2004	2	135
2004	3	328
2004	4	197
2004	5	53
2004	6	230
2004	7	131
2004	8	82
2004	9	17
2004	10	70
2004	11	211
2004	12	195
2005	1	356
2005	2	358
2005	3	227
2005	4	154
2005	5	94
2005	6	1793
2005	7	498
2005	8	259
2005	9	58
2005	10	115
2005	11	120
2005	12	101
2006	1	100
2006	2	91
2006	3	101
2006	4	56
2006	5	85
2006	6	300
2006	7	24
2006	8	51
2006	9	5
2006	10	0
2006	11	1
2006	12	46
2007	1	93
2007	2	91
2007	3	159
2007	4	646
2007	5	749
2007	6	933
2007	7	575
2007	8	66
2007	9	71
2007	10	28
2007	11	35
2007	12	140
2008	1	147
2008	2	158
2008	3	119
2008	4	91
2008	5	133
2008	6	54
2008	7	22
2008	8	0
2008	9	143
2008	10	140
2008	11	93
2008	12	91
2009	1	85
2009	2	89
2009	3	95
2009	4	532
2009	5	288
2009	6	114
2009	7	14
2009	8	18
2009	9	3
2009	10	15
2009	11	42
2009	12	45
2010	1	75
2010	2	122
2010	3	109
2010	4	65
2010	5	298
2010	6	202
2010	7	255
2010	8	141
2010	9	13
2010	10	10
2010	11	59
2010	12	46
2011	1	67
2011	2	90
2011	3	70
2011	4	28
2011	5	7
2011	6	3
2011	7	0
2011	8	0
2011	9	0
2011	10	0
2011	11	2
2011	12	13
2012	1	8
2012	2	217
2012	3	76
2012	4	395
2012	5	42
2012	6	3
2012	7	2
2012	8	0
2012	9	10
2012	10	0
2012	11	0
2012	12	0
2013	1	2
2013	2	33
2013	3	70
2013	4	29
2013	5	18
2013	6	12
2013	7	120
2013	8	285
2013	9	18
2013	10	12
2013	11	11
2013	12	10
2014	1	20
2014	2	31
2014	3	29
2014	4	7
2014	5	0
2014	6	368
2014	7	178
2014	8	40
2014	9	3
2014	10	12
2014	11	3
2014	12	18
2015	1	25
2015	2	39
2015	3	39
2015	4	124
2015	5	492
2015	6	330
2015	7	121
2015	8	53
2015	9	1
