1940	1	190
1940	2	531
1940	3	646
1940	4	1596
1940	5	4185
1940	6	2809
1940	7	1826
1940	8	584
1940	9	3237
1940	10	437
1940	11	1010
1940	12	1158
1941	1	1555
1941	2	2234
1941	3	1627
1941	4	6542
1941	5	5595
1941	6	10247
1941	7	4338
1941	8	1450
1941	9	2742
1941	10	12196
1941	11	8211
1941	12	3482
1942	1	2214
1942	2	3847
1942	3	3205
1942	4	18514
1942	5	13094
1942	6	20675
1942	7	7267
1942	8	4088
1942	9	8645
1942	10	8298
1942	11	3076
1942	12	5155
1943	1	4730
1943	2	3546
1943	3	2390
1943	4	2270
1943	5	18181
1943	6	6093
1943	7	2979
1943	8	1008
1943	9	843
1943	10	874
1943	11	824
1943	12	849
1944	1	932
1944	2	1135
1944	3	9020
1944	4	35034
1944	5	16620
1944	6	7262
1944	7	4017
1944	8	3625
1944	9	4779
1944	10	7585
1944	11	2407
1944	12	12869
1945	1	3030
1945	2	2807
1945	3	8402
1945	4	30176
1945	5	9000
1945	6	5218
1945	7	6640
1945	8	1854
1945	9	8674
1945	10	16059
1945	11	2325
1945	12	1757
1946	1	3590
1946	2	2742
1946	3	3916
1946	4	3110
1946	5	2501
1946	6	1541
1946	7	836
1946	8	382
1946	9	612
1946	10	1457
1946	11	2472
1946	12	1848
1947	1	1330
1947	2	1118
1947	3	4581
1947	4	25621
1947	5	15742
1947	6	10161
1947	7	5868
1947	8	1409
1947	9	648
1947	10	473
1947	11	549
1947	12	1154
1948	1	830
1948	2	1150
1948	3	7506
1948	4	2580
1948	5	2690
1948	6	7765
1948	7	27753
1948	8	14667
1948	9	2977
1948	10	1514
1948	11	3776
1948	12	2518
1949	1	11319
1949	2	24953
1949	3	9924
1949	4	7844
1949	5	23419
1949	6	19453
1949	7	6011
1949	8	3319
1949	9	8527
1949	10	3423
1949	11	2108
1949	12	1812
1950	1	2076
1950	2	1917
1950	3	1704
1950	4	1187
1950	5	3339
1950	6	4377
1950	7	13220
1950	8	25710
1950	9	7111
1950	10	3528
1950	11	1964
1950	12	1855
1951	1	1781
1951	2	2563
1951	3	2646
1951	4	3329
1951	5	33338
1951	6	30783
1951	7	47658
1951	8	6592
1951	9	16281
1951	10	5417
1951	11	6502
1951	12	3918
1952	1	3957
1952	2	3126
1952	3	7841
1952	4	7360
1952	5	5340
1952	6	4758
1952	7	1230
1952	8	1126
1952	9	615
1952	10	346
1952	11	609
1952	12	854
1953	1	960
1953	2	1058
1953	3	1611
1953	4	1845
1953	5	2434
1953	6	1586
1953	7	1932
1953	8	1525
1953	9	416
1953	10	280
1953	11	763
1953	12	902
1954	1	611
1954	2	703
1954	3	745
1954	4	677
1954	5	2584
1954	6	1532
1954	7	281
1954	8	141
1954	9	74
1954	10	242
1954	11	179
1954	12	211
1955	1	326
1955	2	450
1955	3	454
1955	4	459
1955	5	6000
1955	6	6720
1955	7	2335
1955	8	665
1955	9	260
1955	10	9364
1955	11	762
1955	12	570
1956	1	555
1956	2	732
1956	3	605
1956	4	610
1956	5	430
1956	6	426
1956	7	474
1956	8	115
1956	9	36
1956	10	36
1956	11	123
1956	12	146
1957	1	156
1957	2	233
1957	3	357
1957	4	7675
1957	5	30495
1957	6	39310
1957	7	18514
1957	8	2392
1957	9	4034
1957	10	2294
1957	11	3067
1957	12	1814
1958	1	1782
1958	2	1726
1958	3	11136
1958	4	9566
1958	5	5487
1958	6	4918
1958	7	16844
1958	8	7680
1958	9	6215
1958	10	2459
1958	11	1649
1958	12	1532
1959	1	1501
1959	2	1861
1959	3	2058
1959	4	3433
1959	5	7022
1959	6	2997
1959	7	13455
1959	8	3399
1959	9	5666
1959	10	34218
1959	11	4175
1959	12	3335
1960	1	4023
1960	2	6676
1960	3	11045
1960	4	6995
1960	5	7630
1960	6	7526
1960	7	5930
1960	8	9109
1960	9	4807
1960	10	3772
1960	11	3970
1960	12	2516
1961	1	1751
1961	2	2368
1961	3	3975
1961	4	6059
1961	5	27763
1961	6	6686
1961	7	7970
1961	8	7486
1961	9	16362
1961	10	12003
1961	11	19548
1961	12	6163
1962	1	5006
1962	2	7476
1962	3	3348
1962	4	2561
1962	5	1950
1962	6	9574
1962	7	6501
1962	8	3708
1962	9	5530
1962	10	2960
1962	11	1519
1962	12	1950
1963	1	1464
1963	2	1763
1963	3	2542
1963	4	1297
1963	5	1235
1963	6	2410
1963	7	4790
1963	8	941
1963	9	4648
1963	10	1835
1963	11	1032
1963	12	688
1964	1	906
1964	2	912
1964	3	777
1964	4	1675
1964	5	2096
1964	6	2591
1964	7	677
1964	8	2966
1964	9	2684
1964	10	2368
1964	11	22525
1964	12	5190
1965	1	2766
1965	2	2029
1965	3	2681
1965	4	7506
1965	5	4336
1965	6	19476
1965	7	8280
1965	8	2094
1965	9	12104
1965	10	2985
1965	11	1990
1965	12	1859
1966	1	1937
1966	2	2758
1966	3	2279
1966	4	1636
1966	5	1555
1966	6	1812
1966	7	819
1966	8	868
1966	9	1254
1966	10	386
1966	11	318
1966	12	261
1967	1	397
1967	2	543
1967	3	411
1967	4	623
1967	5	404
1967	6	6048
1967	7	12047
1967	8	2988
1967	9	3524
1967	10	4499
1967	11	1650
1967	12	991
1968	1	1163
1968	2	1256
1968	3	1793
1968	4	3408
1968	5	6325
1968	6	5172
1968	7	2031
1968	8	5993
1968	9	3143
1968	10	6044
1968	11	5583
1968	12	3259
1969	1	2504
1969	2	3397
1969	3	7638
1969	4	9384
1969	5	16911
1969	6	17960
1969	7	4011
1969	8	1336
1969	9	8030
1969	10	2922
1969	11	1903
1969	12	2444
1970	1	1899
1970	2	2111
1970	3	2043
1970	4	19213
1970	5	3801
1970	6	8023
1970	7	1614
1970	8	725
1970	9	2079
1970	10	2191
1970	11	903
1970	12	834
1971	1	1726
1971	2	1410
1971	3	4332
1971	4	2372
1971	5	2509
1971	6	6097
1971	7	2726
1971	8	1837
1971	9	1367
1971	10	1586
1971	11	4687
1971	12	4668
1972	1	1921
1972	2	1472
1972	3	1020
1972	4	1074
1972	5	2811
1972	6	1478
1972	7	2477
1972	8	769
1972	9	1992
1972	10	827
1972	11	2918
1972	12	2651
1973	1	7432
1973	2	7707
1973	3	39843
1973	4	33603
1973	5	10298
1973	6	3449
1973	7	2084
1973	8	2141
1973	9	10147
1973	10	43435
1973	11	8169
1973	12	8973
1974	1	8967
1974	2	6375
1974	3	17640
1974	4	9332
1974	5	14093
1974	6	12178
1974	7	1445
1974	8	3743
1974	9	5078
1974	10	3285
1974	11	20228
1974	12	5973
1975	1	5478
1975	2	10985
1975	3	11058
1975	4	5594
1975	5	15022
1975	6	24850
1975	7	5251
1975	8	2145
1975	9	1561
1975	10	856
1975	11	1157
1975	12	1432
1976	1	1250
1976	2	985
1976	3	1137
1976	4	1978
1976	5	6939
1976	6	3147
1976	7	11084
1976	8	874
1976	9	576
1976	10	524
1976	11	834
1976	12	508
1977	1	500
1977	2	681
1977	3	681
1977	4	915
1977	5	8332
1977	6	11309
1977	7	6552
1977	8	6103
1977	9	10231
1977	10	2535
1977	11	3892
1977	12	1485
1978	1	1099
1978	2	5049
1978	3	6434
1978	4	4330
1978	5	6825
1978	6	6724
1978	7	1772
1978	8	390
1978	9	452
1978	10	398
1978	11	1800
1978	12	466
1979	1	571
1979	2	1265
1979	3	11396
1979	4	6366
1979	5	5424
1979	6	6101
1979	7	4037
1979	8	2824
1979	9	2430
1979	10	411
1979	11	14502
1979	12	3984
1980	1	2650
1980	2	3455
1980	3	4827
1980	4	15194
1980	5	6140
1980	6	6107
1980	7	1397
1980	8	1228
1980	9	295
1980	10	456
1980	11	250
1980	12	744
1981	1	909
1981	2	486
1981	3	402
1981	4	305
1981	5	2168
1981	6	4057
1981	7	2808
1981	8	1832
1981	9	1017
1981	10	2089
1981	11	8899
1981	12	2010
1982	1	1192
1982	2	4537
1982	3	5432
1982	4	1858
1982	5	12479
1982	6	21483
1982	7	10669
1982	8	2255
1982	9	645
1982	10	428
1982	11	459
1982	12	452
1983	1	2061
1983	2	3141
1983	3	6717
1983	4	21615
1983	5	10168
1983	6	10741
1983	7	8054
1983	8	860
1983	9	959
1983	10	1790
1983	11	856
1983	12	828
1984	1	1446
1984	2	2894
1984	3	16345
1984	4	25295
1984	5	10065
1984	6	5616
1984	7	1652
1984	8	402
1984	9	204
1984	10	852
1984	11	1178
1984	12	5394
1985	1	6201
1985	2	6360
1985	3	10593
1985	4	5916
1985	5	8034
1985	6	10179
1985	7	4631
1985	8	4189
1985	9	6523
1985	10	20973
1985	11	8897
1985	12	6414
1986	1	4448
1986	2	3016
1986	3	2154
1986	4	3224
1986	5	8954
1986	6	8449
1986	7	7323
1986	8	3315
1986	9	5079
1986	10	41580
1986	11	10402
1986	12	5577
1987	1	6202
1987	2	11108
1987	3	27116
1987	4	13503
1987	5	14723
1987	6	15704
1987	7	14241
1987	8	4663
1987	9	5152
1987	10	4514
1987	11	2285
1987	12	5529
1988	1	9049
1988	2	4278
1988	3	10109
1988	4	18006
1988	5	6039
1988	6	2139
1988	7	1533
1988	8	742
1988	9	1178
1988	10	527
1988	11	878
1988	12	913
1989	1	1573
1989	2	1366
1989	3	1719
1989	4	2216
1989	5	2545
1989	6	11138
1989	7	6919
1989	8	5707
1989	9	17655
1989	10	5706
1989	11	2781
1989	12	1826
1990	1	4276
1990	2	3348
1990	3	13997
1990	4	9680
1990	5	3690
1990	6	5055
1990	7	2535
1990	8	979
1990	9	514
1990	10	723
1990	11	452
1990	12	453
1991	1	1173
1991	2	1040
1991	3	638
1991	4	3446
1991	5	2967
1991	6	4720
1991	7	908
1991	8	473
1991	9	1671
1991	10	161
1991	11	2125
1991	12	3809
1992	1	2995
1992	2	1273
1992	3	1944
1992	4	2053
1992	5	2040
1992	6	11779
1992	7	7973
1992	8	10770
1992	9	4016
1992	10	1134
1992	11	10991
1992	12	9430
1993	1	12446
1993	2	17507
1993	3	12922
1993	4	10480
1993	5	52841
1993	6	23710
1993	7	23045
1993	8	13799
1993	9	5301
1993	10	2525
1993	11	2354
1993	12	2199
1994	1	2392
1994	2	3063
1994	3	1663
1994	4	8503
1994	5	13646
1994	6	2986
1994	7	3128
1994	8	2406
1994	9	898
1994	10	339
1994	11	4140
1994	12	3385
1995	1	2213
1995	2	1307
1995	3	8427
1995	4	3838
1995	5	18102
1995	6	41913
1995	7	16756
1995	8	21278
1995	9	2894
1995	10	1413
1995	11	1112
1995	12	1337
1996	1	1809
1996	2	1991
1996	3	1016
1996	4	952
1996	5	2000
1996	6	3989
1996	7	1978
1996	8	7530
1996	9	10097
1996	10	6159
1996	11	11741
1996	12	8450
1997	1	4542
1997	2	6879
1997	3	6548
1997	4	15499
1997	5	7426
1997	6	10949
1997	7	17665
1997	8	11889
1997	9	7573
1997	10	8200
1997	11	3238
1997	12	7269
1998	1	11758
1998	2	7633
1998	3	18329
1998	4	17790
1998	5	10918
1998	6	3219
1998	7	4962
1998	8	1291
1998	9	934
1998	10	13213
1998	11	41304
1998	12	9842
1999	1	5959
1999	2	12546
1999	3	11498
1999	4	21241
1999	5	18303
1999	6	32023
1999	7	25783
1999	8	6553
1999	9	4106
1999	10	3154
1999	11	2033
1999	12	10117
2000	1	4342
2000	2	4441
2000	3	24971
2000	4	13618
2000	5	6295
2000	6	9637
2000	7	9983
2000	8	2171
2000	9	538
2000	10	1992
2000	11	5872
2000	12	1339
2001	1	2683
2001	2	11503
2001	3	15305
2001	4	4990
2001	5	7253
2001	6	10766
2001	7	3358
2001	8	817
2001	9	1695
2001	10	830
2001	11	922
2001	12	751
2002	1	1912
2002	2	1139
2002	3	647
2002	4	1360
2002	5	5557
2002	6	10892
2002	7	3866
2002	8	3606
2002	9	2516
2002	10	11708
2002	11	3677
2002	12	1565
2003	1	2067
2003	2	3121
2003	3	14717
2003	4	10822
2003	5	11071
2003	6	9524
2003	7	2891
2003	8	1231
2003	9	7277
2003	10	9311
2003	11	1259
2003	12	1751
2004	1	3391
2004	2	4965
2004	3	18931
2004	4	9261
2004	5	11473
2004	6	6462
2004	7	14541
2004	8	5870
2004	9	1414
2004	10	1063
2004	11	5017
2004	12	2569
2005	1	9609
2005	2	7946
2005	3	6985
2005	4	3922
2005	5	3463
2005	6	23433
2005	7	7490
2005	8	9784
2005	9	4442
2005	10	1285
2005	11	1325
2005	12	489
2006	1	929
2006	2	1908
2006	3	1016
2006	4	1782
2006	5	7135
2006	6	1687
2006	7	1543
2006	8	1022
2006	9	1580
2006	10	296
2006	11	188
2006	12	269
2007	1	411
2007	2	2325
2007	3	5955
2007	4	18233
2007	5	20829
2007	6	29363
2007	7	33209
2007	8	10598
2007	9	2925
2007	10	5346
2007	11	1276
2007	12	2238
2008	1	2602
2008	2	7791
2008	3	8410
2008	4	9018
2008	5	20846
2008	6	31636
2008	7	13423
2008	8	2918
2008	9	21309
2008	10	11756
2008	11	5352
2008	12	2645
2009	1	2750
2009	2	4675
2009	3	2903
2009	4	17970
2009	5	26881
2009	6	9254
2009	7	8041
2009	8	7140
2009	9	7551
2009	10	5692
2009	11	6397
2009	12	3309
2010	1	2967
2010	2	5901
2010	3	7704
2010	4	4108
2010	5	10888
2010	6	19090
2010	7	14054
2010	8	5658
2010	9	2899
2010	10	1032
2010	11	749
2010	12	666
2011	1	1038
2011	2	3571
2011	3	1525
2011	4	1531
2011	5	1404
2011	6	314
2011	7	691
2011	8	803
2011	9	309
2011	10	187
2011	11	1548
2011	12	4213
2012	1	817
2012	2	7990
2012	3	5771
2012	4	8968
2012	5	11015
2012	6	871
2012	7	369
2012	8	969
2012	9	149
2012	10	132
2012	11	96
2012	12	116
2013	1	114
2013	2	709
2013	3	537
2013	4	1260
2013	5	3384
2013	6	2720
2013	7	2562
2013	8	25196
2013	9	4204
2013	10	1141
2013	11	2984
2013	12	1414
2014	1	805
2014	2	1789
2014	3	1447
2014	4	1010
2014	5	756
2014	6	6057
2014	7	4572
2014	8	1667
2014	9	1597
2014	10	1504
2014	11	254
2014	12	217
2015	1	572
2015	2	1779
2015	3	1380
2015	4	1385
2015	5	15610
2015	6	14193
2015	7	12602
2015	8	6377
2015	9	1319
