1945	10	238
1945	11	8
1945	12	8
1946	1	359
1946	2	225
1946	3	266
1946	4	71
1946	5	172
1946	6	15
1946	7	1
1946	8	7
1946	9	1
1946	10	109
1946	11	237
1946	12	7
1947	1	4
1947	2	0
1947	3	20
1947	4	704
1947	5	594
1947	6	230
1947	7	23
1947	8	0
1947	9	2
1947	10	0
1947	11	0
1947	12	0
1948	1	1
1948	2	2
1948	3	119
1948	4	291
1948	5	117
1948	6	583
1948	7	739
1948	8	198
1948	9	2
1948	10	0
1948	11	0
1948	12	0
1949	1	304
1949	2	402
1949	3	137
1949	4	129
1949	5	712
1949	6	134
1949	7	252
1949	8	4
1949	9	11
1949	10	29
1949	11	2
1949	12	4
1950	1	13
1950	2	12
1950	3	6
1950	4	127
1950	5	868
1950	6	220
1950	7	745
1950	8	980
1950	9	27
1950	10	2
1950	11	0
1950	12	2
1951	1	7
1951	2	111
1951	3	41
1951	4	70
1951	5	353
1951	6	869
1951	7	421
1951	8	27
1951	9	374
1951	10	106
1951	11	453
1951	12	44
1952	1	67
1952	2	112
1952	3	551
1952	4	307
1952	5	177
1952	6	32
1952	7	10
1952	8	0
1952	9	0
1952	10	0
1952	11	0
1952	12	0
1953	1	0
1953	2	2
1953	3	73
1953	4	111
1953	5	402
1953	6	29
1953	7	9
1953	8	0
1953	9	29
1953	10	0
1953	11	4
1953	12	2
1954	1	0
1954	2	1
1954	3	2
1954	4	208
1954	5	408
1954	6	41
1954	7	0
1954	8	0
1954	9	0
1954	10	26
1954	11	0
1954	12	0
1955	1	3
1955	2	11
1955	3	118
1955	4	40
1955	5	937
1955	6	60
1955	7	0
1955	8	1
1955	9	0
1955	10	59
1955	11	0
1955	12	0
1956	1	0
1956	2	0
1956	3	0
1956	4	0
1956	5	0
1956	6	5
1956	7	0
1956	8	0
1956	9	0
1956	10	0
1956	11	0
1956	12	0
1957	1	0
1957	2	0
1957	3	10
1957	4	712
1957	5	2266
1957	6	2647
1957	7	169
1957	8	100
1957	9	92
1957	10	5
1957	11	11
1957	12	3
1958	1	16
1958	2	5
1958	3	504
1958	4	213
1958	5	61
1958	6	2
1958	7	84
1958	8	10
1958	9	18
1958	10	0
1958	11	7
1958	12	0
1959	1	0
1959	2	2
1959	3	41
1959	4	27
1959	5	646
1959	6	94
1959	7	831
1959	8	5
1959	9	54
1959	10	1910
1959	11	39
1959	12	264
1960	1	114
1960	2	211
1960	3	337
1960	4	307
1960	5	626
1960	6	94
1960	7	5
1960	8	22
1960	9	0
1960	10	11
1960	11	17
1960	12	69
1961	1	5
1961	2	14
1961	3	132
1961	4	88
1961	5	1235
1961	6	296
1961	7	547
1961	8	882
1961	9	1585
1961	10	174
1961	11	948
1961	12	355
1962	1	68
1962	2	70
1962	3	171
1962	4	169
1962	5	16
1962	6	196
1962	7	18
1962	8	16
1962	9	585
1962	10	44
1962	11	36
1962	12	16
1963	1	91
1963	2	11
1963	3	93
1963	4	39
1963	5	32
1963	6	0
1963	7	0
1963	8	0
1963	9	0
1963	10	0
1963	11	0
1963	12	0
1964	1	1
1964	2	1
1964	3	2
1964	4	163
1964	5	39
1964	6	40
1964	7	1
1964	8	150
1964	9	34
1964	10	0
1964	11	164
1964	12	63
1965	1	147
1965	2	87
1965	3	71
1965	4	656
1965	5	236
1965	6	63
1965	7	49
1965	8	0
1965	9	232
1965	10	0
1965	11	0
1965	12	3
1966	1	3
1966	2	4
1966	3	36
1966	4	1
1966	5	110
1966	6	44
1966	7	0
1966	8	22
1966	9	83
1966	10	0
1966	11	0
1966	12	0
1967	1	4
1967	2	2
1967	3	0
1967	4	84
1967	5	190
1967	6	209
1967	7	427
1967	8	29
1967	9	166
1967	10	150
1967	11	39
1967	12	15
1968	1	91
1968	2	64
1968	3	716
1968	4	595
1968	5	230
1968	6	157
1968	7	21
1968	8	3
1968	9	0
1968	10	6
1968	11	207
1968	12	177
1969	1	75
1969	2	215
1969	3	304
1969	4	359
1969	5	45
1969	6	1329
1969	7	56
1969	8	0
1969	9	71
1969	10	344
1969	11	11
1969	12	21
1970	1	8
1970	2	5
1970	3	109
1970	4	847
1970	5	247
1970	6	495
1970	7	0
1970	8	0
1970	9	11
1970	10	80
1970	11	1
1970	12	1
1971	1	73
1971	2	74
1971	3	14
1971	4	9
1971	5	13
1971	6	107
1971	7	26
1971	8	2
1971	9	683
1971	10	447
1971	11	57
1971	12	863
1972	1	57
1972	2	19
1972	3	11
1972	4	82
1972	5	81
1972	6	1
1972	7	364
1972	8	8
1972	9	61
1972	10	402
1972	11	729
1972	12	217
1973	1	826
1973	2	281
1973	3	1955
1973	4	1235
1973	5	346
1973	6	438
1973	7	13
1973	8	6
1973	9	208
1973	10	204
1973	11	813
1973	12	679
1974	1	110
1974	2	355
1974	3	2062
1974	4	175
1974	5	786
1974	6	409
1974	7	3
1974	8	270
1974	9	727
1974	10	1129
1974	11	1677
1974	12	502
1975	1	594
1975	2	761
1975	3	766
1975	4	236
1975	5	1271
1975	6	653
1975	7	26
1975	8	46
1975	9	19
1975	10	21
1975	11	23
1975	12	25
1976	1	18
1976	2	17
1976	3	156
1976	4	441
1976	5	287
1976	6	59
1976	7	608
1976	8	0
1976	9	2
1976	10	2
1976	11	2
1976	12	3
1977	1	4
1977	2	12
1977	3	28
1977	4	5
1977	5	511
1977	6	46
1977	7	22
1977	8	73
1977	9	245
1977	10	39
1977	11	173
1977	12	10
1978	1	7
1978	2	372
1978	3	299
1978	4	337
1978	5	943
1978	6	196
1978	7	31
1978	8	8
1978	9	5
1978	10	3
1978	11	13
1978	12	5
1979	1	134
1979	2	43
1979	3	251
1979	4	238
1979	5	220
1979	6	232
1979	7	80
1979	8	39
1979	9	17
1979	10	3
1979	11	473
1979	12	23
1980	1	62
1980	2	161
1980	3	398
1980	4	743
1980	5	490
1980	6	356
1980	7	21
1980	8	44
1980	9	13
1980	10	6
1980	11	3
1980	12	8
1981	1	3
1981	2	4
1981	3	13
1981	4	6
1981	5	224
1981	6	119
1981	7	95
1981	8	27
1981	9	5
1981	10	12
1981	11	137
1981	12	16
1982	1	123
1982	2	147
1982	3	264
1982	4	15
1982	5	1609
1982	6	474
1982	7	29
1982	8	8
1982	9	4
1982	10	8
1982	11	31
1982	12	152
1983	1	84
1983	2	498
1983	3	323
1983	4	628
1983	5	1140
1983	6	236
1983	7	52
1983	8	5
1983	9	7
1983	10	286
1983	11	57
1983	12	35
1984	1	11
1984	2	107
1984	3	1388
1984	4	791
1984	5	524
1984	6	98
1984	7	10
1984	8	12
1984	9	8
1984	10	37
1984	11	32
1984	12	566
1985	1	347
1985	2	1376
1985	3	1138
1985	4	1025
1985	5	439
1985	6	2640
1985	7	106
1985	8	5
1985	9	63
1985	10	446
1985	11	1319
1985	12	86
1986	1	30
1986	2	25
1986	3	140
1986	4	466
1986	5	482
1986	6	535
1986	7	91
1986	8	29
1986	9	1059
1986	10	1939
1986	11	789
1986	12	358
1987	1	294
1987	2	1288
1987	3	782
1987	4	170
1987	5	183
1987	6	76
1987	7	60
1987	8	13
1987	9	252
1987	10	77
1987	11	219
1987	12	715
1988	1	314
1988	2	96
1988	3	680
1988	4	1213
1988	5	62
1988	6	21
1988	7	52
1988	8	17
1988	9	181
1988	10	44
1988	11	190
1988	12	85
1989	1	83
1989	2	108
1989	3	400
1989	4	183
1989	5	275
1989	6	903
1989	7	78
1989	8	400
1989	9	858
1989	10	165
1989	11	94
1989	12	13
1990	1	129
1990	2	606
1990	3	2263
1990	4	800
1990	5	998
1990	6	325
1990	7	17
1990	8	17
1990	9	78
1990	10	40
1990	11	33
1990	12	21
1991	1	39
1991	2	17
1991	3	18
1991	4	374
1991	5	393
1991	6	1087
1991	7	34
1991	8	31
1991	9	28
1991	10	59
1991	11	115
1991	12	427
1992	1	56
1992	2	191
1992	3	55
1992	4	95
1992	5	51
1992	6	1015
1992	7	117
1992	8	66
1992	9	38
1992	10	17
1992	11	401
1992	12	752
1993	1	748
1993	2	648
1993	3	518
1993	4	631
1993	5	2177
1993	6	567
1993	7	209
1993	8	42
1993	9	180
1993	10	38
1993	11	69
1993	12	92
1994	1	34
1994	2	253
1994	3	258
1994	4	1133
1994	5	165
1994	6	104
1994	7	811
1994	8	224
1994	9	41
1994	10	40
1994	11	681
1994	12	67
1995	1	35
1995	2	100
1995	3	538
1995	4	944
1995	5	1516
1995	6	2642
1995	7	1173
1995	8	151
1995	9	189
1995	10	29
1995	11	6
1995	12	20
1996	1	10
1996	2	10
1996	3	12
1996	4	89
1996	5	12
1996	6	50
1996	7	16
1996	8	43
1996	9	370
1996	10	91
1996	11	941
1996	12	170
1997	1	61
1997	2	817
1997	3	183
1997	4	771
1997	5	93
1997	6	197
1997	7	382
1997	8	328
1997	9	65
1997	10	75
1997	11	38
1997	12	609
1998	1	662
1998	2	88
1998	3	1373
1998	4	823
1998	5	475
1998	6	70
1998	7	116
1998	8	22
1998	9	28
1998	10	657
1998	11	501
1998	12	270
1999	1	446
1999	2	424
1999	3	757
1999	4	1058
1999	5	1374
1999	6	999
1999	7	408
1999	8	24
1999	9	175
1999	10	27
1999	11	20
1999	12	442
2000	1	33
2000	2	159
2000	3	1236
2000	4	330
2000	5	1882
2000	6	1184
2000	7	194
2000	8	34
2000	9	22
2000	10	60
2000	11	20
2000	12	17
2001	1	150
2001	2	580
2001	3	420
2001	4	97
2001	5	580
2001	6	212
2001	7	24
2001	8	20
2001	9	21
2001	10	22
2001	11	48
2001	12	15
2002	1	74
2002	2	35
2002	3	21
2002	4	415
2002	5	476
2002	6	344
2002	7	28
2002	8	36
2002	9	41
2002	10	20
2002	11	16
2002	12	19
2003	1	17
2003	2	24
2003	3	645
2003	4	106
2003	5	243
2003	6	142
2003	7	55
2003	8	63
2003	9	197
2003	10	116
2003	11	77
2003	12	216
2004	1	408
2004	2	266
2004	3	1726
2004	4	366
2004	5	296
2004	6	104
2004	7	343
2004	8	131
2004	9	21
2004	10	138
2004	11	462
2004	12	213
2005	1	672
2005	2	372
2005	3	199
2005	4	115
2005	5	47
2005	6	426
2005	7	112
2005	8	21
2005	9	22
2005	10	19
2005	11	6
2005	12	3
2006	1	4
2006	2	5
2006	3	8
2006	4	136
2006	5	110
2006	6	6
2006	7	10
2006	8	6
2006	9	11
2006	10	7
2006	11	8
2006	12	11
2007	1	25
2007	2	15
2007	3	541
2007	4	424
2007	5	1122
2007	6	1857
2007	7	492
2007	8	168
2007	9	48
2007	10	104
2007	11	16
2007	12	56
2008	1	24
2008	2	198
2008	3	744
2008	4	1321
2008	5	890
2008	6	1991
2008	7	244
2008	8	56
2008	9	111
2008	10	57
2008	11	153
2008	12	63
2009	1	41
2009	2	195
2009	3	287
2009	4	796
2009	5	864
2009	6	75
2009	7	33
2009	8	46
2009	9	27
2009	10	438
2009	11	234
2009	12	90
2010	1	179
2010	2	542
2010	3	577
2010	4	263
2010	5	250
2010	6	818
2010	7	327
2010	8	44
2010	9	135
2010	10	19
2010	11	18
2010	12	14
2011	1	14
2011	2	130
2011	3	107
2011	4	213
2011	5	81
2011	6	21
2011	7	15
2011	8	18
2011	9	17
2011	10	36
2011	11	15
2011	12	15
2012	1	8
2012	2	37
2012	3	286
2012	4	586
2012	5	214
2012	6	226
2012	7	22
2012	8	18
2012	9	18
2012	10	18
2012	11	12
2012	12	10
2013	1	10
2013	2	19
2013	3	19
2013	4	113
2013	5	678
2013	6	517
2013	7	380
2013	8	361
2013	9	76
2013	10	48
2013	11	112
2013	12	31
2014	1	28
2014	2	19
2014	3	25
2014	4	23
2014	5	19
2014	6	33
2014	7	65
2014	8	26
2014	9	14
2014	10	28
2014	11	20
2014	12	16
2015	1	10
2015	2	9
2015	3	21
2015	4	86
2015	5	1011
2015	6	438
2015	7	384
2015	8	106
2015	9	10
