1940	1	9
1940	2	203
1940	3	7
1940	4	2
1940	5	191
1940	6	193
1940	7	16
1940	8	237
1940	9	144
1940	10	0
1940	11	286
1940	12	102
1941	1	105
1941	2	213
1941	3	220
1941	4	346
1941	5	8164
1941	6	8975
1941	7	6118
1941	8	3524
1941	9	7399
1941	10	10213
1941	11	1396
1941	12	652
1942	1	452
1942	2	317
1942	3	451
1942	4	5978
1942	5	3865
1942	6	2021
1942	7	540
1942	8	468
1942	9	4679
1942	10	1476
1942	11	336
1942	12	135
1943	1	540
1943	2	91
1943	3	56
1943	4	32
1943	5	155
1943	6	12
1943	7	360
1943	8	46
1943	9	0
1943	10	0
1943	11	1
1943	12	86
1944	1	383
1944	2	180
1944	3	49
1944	4	60
1944	5	838
1944	6	991
1944	7	604
1944	8	253
1944	9	846
1944	10	136
1944	11	29
1944	12	530
1945	1	382
1945	2	110
1945	3	79
1945	4	26
1945	5	6
1945	6	16
1945	7	0
1945	8	585
1945	9	20
1945	10	205
1945	11	0
1945	12	8
1946	1	51
1946	2	32
1946	3	1
1946	4	0
1946	5	542
1946	6	305
1946	7	0
1946	8	294
1946	9	1761
1946	10	4180
1946	11	110
1946	12	194
1947	1	295
1947	2	41
1947	3	251
1947	4	258
1947	5	1073
1947	6	194
1947	7	285
1947	8	1
1947	9	0
1947	10	0
1947	11	3
1947	12	4
1948	1	17
1948	2	152
1948	3	289
1948	4	1
1948	5	31
1948	6	2628
1948	7	94
1948	8	1186
1948	9	17
1948	10	0
1948	11	136
1948	12	13
1949	1	19
1949	2	138
1949	3	52
1949	4	108
1949	5	3701
1949	6	2513
1949	7	961
1949	8	572
1949	9	270
1949	10	57
1949	11	11
1949	12	29
1950	1	74
1950	2	55
1950	3	1
1950	4	3
1950	5	76
1950	6	482
1950	7	3848
1950	8	1268
1950	9	1856
1950	10	73
1950	11	18
1950	12	121
1951	1	179
1951	2	283
1951	3	104
1951	4	35
1951	5	3118
1951	6	1166
1951	7	763
1951	8	31
1951	9	111
1951	10	34
1951	11	147
1951	12	51
1952	1	60
1952	2	29
1952	3	19
1952	4	19
1952	5	1
1952	6	0
1952	7	33
1952	8	325
1952	9	36
1952	10	1
1952	11	1
1952	12	36
1953	1	152
1953	2	47
1953	3	26
1953	4	1
1953	5	5
1953	6	121
1953	7	902
1953	8	1028
1953	9	0
1953	10	435
1953	11	71
1953	12	35
1954	1	171
1954	2	121
1954	3	72
1954	4	132
1954	5	1269
1954	6	2
1954	7	402
1954	8	194
1954	9	3
1954	10	625
1954	11	3
1954	12	4
1955	1	39
1955	2	34
1955	3	2
1955	4	3
1955	5	2815
1955	6	990
1955	7	457
1955	8	250
1955	9	144
1955	10	34
1955	11	2
1955	12	2
1956	1	16
1956	2	74
1956	3	5
1956	4	2
1956	5	877
1956	6	417
1956	7	197
1956	8	10
1956	9	0
1956	10	0
1956	11	1
1956	12	1
1957	1	0
1957	2	34
1957	3	137
1957	4	388
1957	5	2077
1957	6	675
1957	7	224
1957	8	1514
1957	9	239
1957	10	232
1957	11	104
1957	12	46
1958	1	139
1958	2	106
1958	3	258
1958	4	175
1958	5	884
1958	6	978
1958	7	4357
1958	8	1111
1958	9	1147
1958	10	3
1958	11	14
1958	12	32
1959	1	53
1959	2	28
1959	3	5
1959	4	34
1959	5	362
1959	6	148
1959	7	532
1959	8	991
1959	9	81
1959	10	40
1959	11	24
1959	12	693
1960	1	483
1960	2	379
1960	3	120
1960	4	17
1960	5	1
1960	6	2111
1960	7	3660
1960	8	1764
1960	9	480
1960	10	1317
1960	11	72
1960	12	155
1961	1	73
1961	2	122
1961	3	591
1961	4	197
1961	5	106
1961	6	465
1961	7	458
1961	8	175
1961	9	302
1961	10	33
1961	11	235
1961	12	311
1962	1	186
1962	2	124
1962	3	19
1962	4	92
1962	5	0
1962	6	112
1962	7	313
1962	8	982
1962	9	56
1962	10	13
1962	11	19
1962	12	67
1963	1	36
1963	2	98
1963	3	26
1963	4	3
1963	5	18
1963	6	234
1963	7	23
1963	8	85
1963	9	178
1963	10	0
1963	11	0
1963	12	7
1964	1	30
1964	2	162
1964	3	17
1964	4	0
1964	5	21
1964	6	176
1964	7	0
1964	8	0
1964	9	4
1964	10	2
1964	11	71
1964	12	94
1965	1	55
1965	2	51
1965	3	83
1965	4	7
1965	5	115
1965	6	1054
1965	7	2
1965	8	89
1965	9	27
1965	10	42
1965	11	23
1965	12	48
1966	1	36
1966	2	85
1966	3	25
1966	4	15
1966	5	0
1966	6	0
1966	7	58
1966	8	26
1966	9	88
1966	10	0
1966	11	4
1966	12	22
1967	1	59
1967	2	40
1967	3	22
1967	4	35
1967	5	218
1967	6	102
1967	7	166
1967	8	25
1967	9	21
1967	10	4
1967	11	13
1967	12	44
1968	1	82
1968	2	63
1968	3	60
1968	4	3
1968	5	140
1968	6	381
1968	7	36
1968	8	27
1968	9	3
1968	10	425
1968	11	34
1968	12	45
1969	1	85
1969	2	116
1969	3	163
1969	4	35
1969	5	549
1969	6	224
1969	7	12
1969	8	43
1969	9	127
1969	10	31
1969	11	42
1969	12	76
1970	1	50
1970	2	55
1970	3	83
1970	4	81
1970	5	6
1970	6	2
1970	7	0
1970	8	0
1970	9	266
1970	10	11
1970	11	24
1970	12	47
1971	1	54
1971	2	97
1971	3	59
1971	4	20
1971	5	3
1971	6	216
1971	7	97
1971	8	36
1971	9	157
1971	10	277
1971	11	847
1971	12	489
1972	1	292
1972	2	146
1972	3	43
1972	4	18
1972	5	51
1972	6	23
1972	7	13
1972	8	52
1972	9	19
1972	10	3
1972	11	31
1972	12	32
1973	1	36
1973	2	78
1973	3	473
1973	4	555
1973	5	68
1973	6	8
1973	7	18
1973	8	1
1973	9	0
1973	10	1
1973	11	10
1973	12	29
1974	1	38
1974	2	59
1974	3	326
1974	4	42
1974	5	16
1974	6	16
1974	7	0
1974	8	11
1974	9	5
1974	10	25
1974	11	39
1974	12	33
1975	1	83
1975	2	114
1975	3	69
1975	4	64
1975	5	100
1975	6	60
1975	7	79
1975	8	46
1975	9	0
1975	10	0
1975	11	24
1975	12	39
1976	1	54
1976	2	48
1976	3	74
1976	4	80
1976	5	77
1976	6	14
1976	7	0
1976	8	0
1976	9	12
1976	10	15
1976	11	29
1976	12	33
1977	1	31
1977	2	62
1977	3	38
1977	4	114
1977	5	1022
1977	6	331
1977	7	1
1977	8	89
1977	9	37
1977	10	13
1977	11	33
1977	12	34
1978	1	32
1978	2	113
1978	3	68
1978	4	45
1978	5	527
1978	6	674
1978	7	5
1978	8	27
1978	9	71
1978	10	12
1978	11	31
1978	12	46
1979	1	109
1979	2	74
1979	3	198
1979	4	51
1979	5	366
1979	6	198
1979	7	50
1979	8	8
1979	9	8
1979	10	3
1979	11	52
1979	12	45
1980	1	76
1980	2	104
1980	3	89
1980	4	136
1980	5	273
1980	6	27
1980	7	0
1980	8	0
1980	9	0
1980	10	0
1980	11	9
1980	12	27
1981	1	38
1981	2	37
1981	3	75
1981	4	55
1981	5	30
1981	6	116
1981	7	1
1981	8	13
1981	9	18
1981	10	71
1981	11	84
1981	12	59
1982	1	57
1982	2	102
1982	3	92
1982	4	45
1982	5	217
1982	6	294
1982	7	53
1982	8	65
1982	9	18
1982	10	15
1982	11	33
1982	12	51
1983	1	61
1983	2	134
1983	3	178
1983	4	117
1983	5	89
1983	6	504
1983	7	18
1983	8	0
1983	9	0
1983	10	3
1983	11	22
1983	12	23
1984	1	67
1984	2	62
1984	3	78
1984	4	91
1984	5	46
1984	6	48
1984	7	4
1984	8	4
1984	9	0
1984	10	26
1984	11	44
1984	12	83
1985	1	71
1985	2	99
1985	3	175
1985	4	167
1985	5	147
1985	6	81
1985	7	6
1985	8	10
1985	9	8
1985	10	205
1985	11	80
1985	12	83
1986	1	84
1986	2	92
1986	3	62
1986	4	28
1986	5	28
1986	6	73
1986	7	30
1986	8	44
1986	9	33
1986	10	65
1986	11	115
1986	12	90
1987	1	108
1987	2	122
1987	3	164
1987	4	75
1987	5	156
1987	6	205
1987	7	85
1987	8	15
1987	9	86
1987	10	57
1987	11	56
1987	12	84
1988	1	174
1988	2	111
1988	3	276
1988	4	275
1988	5	170
1988	6	166
1988	7	131
1988	8	29
1988	9	44
1988	10	37
1988	11	39
1988	12	53
1989	1	62
1989	2	68
1989	3	76
1989	4	53
1989	5	246
1989	6	310
1989	7	66
1989	8	51
1989	9	34
1989	10	29
1989	11	41
1989	12	52
1990	1	99
1990	2	132
1990	3	141
1990	4	117
1990	5	95
1990	6	32
1990	7	0
1990	8	6
1990	9	2
1990	10	21
1990	11	32
1990	12	31
1991	1	53
1991	2	53
1991	3	50
1991	4	41
1991	5	46
1991	6	181
1991	7	40
1991	8	22
1991	9	23
1991	10	11
1991	11	52
1991	12	121
1992	1	128
1992	2	91
1992	3	72
1992	4	155
1992	5	79
1992	6	192
1992	7	42
1992	8	20
1992	9	11
1992	10	10
1992	11	32
1992	12	90
1993	1	106
1993	2	129
1993	3	127
1993	4	118
1993	5	107
1993	6	80
1993	7	27
1993	8	9
1993	9	6
1993	10	12
1993	11	27
1993	12	34
1994	1	45
1994	2	49
1994	3	65
1994	4	90
1994	5	69
1994	6	41
1994	7	9
1994	8	2
1994	9	4
1994	10	17
1994	11	34
1994	12	48
1995	1	62
1995	2	59
1995	3	70
1995	4	68
1995	5	129
1995	6	326
1995	7	46
1995	8	34
1995	9	39
1995	10	52
1995	11	43
1995	12	50
1996	1	56
1996	2	55
1996	3	53
1996	4	40
1996	5	62
1996	6	60
1996	7	115
1996	8	116
1996	9	122
1996	10	66
1996	11	92
1996	12	116
1997	1	95
1997	2	136
1997	3	94
1997	4	578
1997	5	289
1997	6	143
1997	7	37
1997	8	83
1997	9	51
1997	10	43
1997	11	61
1997	12	124
1998	1	156
1998	2	155
1998	3	253
1998	4	134
1998	5	99
1998	6	17
1998	7	6
1998	8	26
1998	9	7
1998	10	34
1998	11	162
1998	12	87
1999	1	92
1999	2	155
1999	3	203
1999	4	290
1999	5	292
1999	6	63
1999	7	97
1999	8	22
1999	9	13
1999	10	22
1999	11	34
1999	12	50
2000	1	53
2000	2	62
2000	3	98
2000	4	96
2000	5	67
2000	6	142
2000	7	36
2000	8	4
2000	9	1
2000	10	23
2000	11	50
2000	12	57
2001	1	94
2001	2	163
2001	3	143
2001	4	92
2001	5	117
2001	6	47
2001	7	17
2001	8	4
2001	9	7
2001	10	15
2001	11	36
2001	12	42
2002	1	53
2002	2	77
2002	3	55
2002	4	53
2002	5	163
2002	6	84
2002	7	33
2002	8	29
2002	9	27
2002	10	113
2002	11	88
2002	12	130
2003	1	102
2003	2	89
2003	3	87
2003	4	63
2003	5	52
2003	6	118
2003	7	36
2003	8	12
2003	9	22
2003	10	26
2003	11	34
2003	12	39
2004	1	52
2004	2	57
2004	3	137
2004	4	130
2004	5	49
2004	6	242
2004	7	106
2004	8	53
2004	9	61
2004	10	94
2004	11	176
2004	12	174
2005	1	237
2005	2	239
2005	3	132
2005	4	80
2005	5	70
2005	6	179
2005	7	32
2005	8	25
2005	9	16
2005	10	22
2005	11	29
2005	12	35
2006	1	47
2006	2	52
2006	3	60
2006	4	53
2006	5	44
2006	6	35
2006	7	15
2006	8	16
2006	9	32
2006	10	36
2006	11	36
2006	12	93
2007	1	118
2007	2	83
2007	3	247
2007	4	264
2007	5	173
2007	6	115
2007	7	34
2007	8	12
2007	9	14
2007	10	14
2007	11	22
2007	12	37
2008	1	38
2008	2	50
2008	3	56
2008	4	53
2008	5	75
2008	6	32
2008	7	21
2008	8	76
2008	9	41
2008	10	84
2008	11	67
2008	12	71
2009	1	71
2009	2	76
2009	3	76
2009	4	116
2009	5	78
2009	6	38
2009	7	14
2009	8	20
2009	9	33
2009	10	48
2009	11	67
2009	12	77
2010	1	66
2010	2	122
2010	3	106
2010	4	156
2010	5	170
2010	6	109
2010	7	39
2010	8	25
2010	9	13
2010	10	23
2010	11	63
2010	12	67
2011	1	68
2011	2	70
2011	3	57
2011	4	50
2011	5	36
2011	6	10
2011	7	1
2011	8	3
2011	9	1
2011	10	10
2011	11	25
2011	12	38
2012	1	46
2012	2	58
2012	3	73
2012	4	55
2012	5	38
2012	6	15
2012	7	1
2012	8	0
2012	9	0
2012	10	8
2012	11	16
2012	12	19
2013	1	30
2013	2	44
2013	3	57
2013	4	41
2013	5	38
2013	6	29
2013	7	8
2013	8	28
2013	9	31
2013	10	26
2013	11	32
2013	12	35
2014	1	40
2014	2	47
2014	3	43
2014	4	44
2014	5	23
2014	6	151
2014	7	34
2014	8	41
2014	9	22
2014	10	36
2014	11	35
2014	12	36
2015	1	46
2015	2	48
2015	3	53
2015	4	117
2015	5	603
2015	6	142
2015	7	59
2015	8	67
2015	9	39
