1940	1	1
1940	2	23
1940	3	5
1940	4	321
1940	5	67
1940	6	24
1940	7	49
1940	8	19
1940	9	13
1940	10	0
1940	11	29
1940	12	84
1941	1	223
1941	2	317
1941	3	41
1941	4	282
1941	5	91
1941	6	24
1941	7	3
1941	8	3
1941	9	15
1941	10	391
1941	11	166
1941	12	117
1942	1	106
1942	2	235
1942	3	120
1942	4	799
1942	5	59
1942	6	37
1942	7	167
1942	8	16
1942	9	18
1942	10	2
1942	11	124
1942	12	461
1943	1	28
1943	2	18
1943	3	153
1943	4	235
1943	5	678
1943	6	26
1943	7	0
1943	8	0
1943	9	4
1943	10	107
1943	11	11
1943	12	64
1944	1	150
1944	2	500
1944	3	233
1944	4	158
1944	5	308
1944	6	81
1944	7	0
1944	8	0
1944	9	0
1944	10	0
1944	11	0
1944	12	1
1945	1	3
1945	2	714
1945	3	1100
1945	4	482
1945	5	626
1945	6	695
1945	7	100
1945	8	7
1945	9	105
1945	10	75
1945	11	13
1945	12	4
1946	1	176
1946	2	459
1946	3	36
1946	4	113
1946	5	426
1946	6	122
1946	7	8
1946	8	0
1946	9	0
1946	10	0
1946	11	352
1946	12	583
1947	1	31
1947	2	7
1947	3	42
1947	4	595
1947	5	448
1947	6	114
1947	7	1
1947	8	0
1947	9	0
1947	10	3
1947	11	5
1947	12	83
1948	1	147
1948	2	310
1948	3	256
1948	4	48
1948	5	91
1948	6	35
1948	7	6
1948	8	3
1948	9	0
1948	10	0
1948	11	2
1948	12	0
1949	1	196
1949	2	438
1949	3	171
1949	4	186
1949	5	140
1949	6	164
1949	7	1
1949	8	13
1949	9	4
1949	10	8
1949	11	2
1949	12	25
1950	1	313
1950	2	295
1950	3	23
1950	4	18
1950	5	432
1950	6	24
1950	7	846
1950	8	96
1950	9	546
1950	10	7
1950	11	1
1950	12	2
1951	1	28
1951	2	541
1951	3	108
1951	4	113
1951	5	138
1951	6	386
1951	7	50
1951	8	11
1951	9	13
1951	10	23
1951	11	151
1951	12	42
1952	1	24
1952	2	39
1952	3	218
1952	4	480
1952	5	44
1952	6	31
1952	7	0
1952	8	0
1952	9	1
1952	10	0
1952	11	22
1952	12	14
1953	1	11
1953	2	50
1953	3	605
1953	4	788
1953	5	304
1953	6	2
1953	7	193
1953	8	7
1953	9	0
1953	10	2
1953	11	2
1953	12	13
1954	1	81
1954	2	31
1954	3	9
1954	4	35
1954	5	126
1954	6	2
1954	7	0
1954	8	0
1954	9	0
1954	10	2
1954	11	0
1954	12	61
1955	1	51
1955	2	171
1955	3	327
1955	4	162
1955	5	49
1955	6	5
1955	7	0
1955	8	5
1955	9	14
1955	10	21
1955	11	0
1955	12	0
1956	1	0
1956	2	112
1956	3	9
1956	4	25
1956	5	44
1956	6	2
1956	7	6
1956	8	0
1956	9	0
1956	10	0
1956	11	0
1956	12	1
1957	1	50
1957	2	133
1957	3	277
1957	4	1224
1957	5	589
1957	6	378
1957	7	3
1957	8	0
1957	9	95
1957	10	6
1957	11	195
1957	12	76
1958	1	90
1958	2	47
1958	3	320
1958	4	119
1958	5	369
1958	6	144
1958	7	81
1958	8	143
1958	9	33
1958	10	3
1958	11	56
1958	12	14
1959	1	18
1959	2	24
1959	3	342
1959	4	142
1959	5	370
1959	6	8
1959	7	147
1959	8	10
1959	9	21
1959	10	215
1959	11	52
1959	12	188
1960	1	257
1960	2	150
1960	3	139
1960	4	37
1960	5	1376
1960	6	31
1960	7	464
1960	8	110
1960	9	4
1960	10	5
1960	11	3
1960	12	149
1961	1	64
1961	2	100
1961	3	303
1961	4	87
1961	5	109
1961	6	20
1961	7	116
1961	8	3
1961	9	29
1961	10	36
1961	11	328
1961	12	217
1962	1	143
1962	2	153
1962	3	128
1962	4	364
1962	5	32
1962	6	17
1962	7	96
1962	8	1
1962	9	18
1962	10	173
1962	11	149
1962	12	77
1963	1	49
1963	2	7
1963	3	24
1963	4	133
1963	5	24
1963	6	0
1963	7	0
1963	8	0
1963	9	0
1963	10	0
1963	11	0
1963	12	0
1964	1	0
1964	2	1
1964	3	77
1964	4	235
1964	5	109
1964	6	1
1964	7	0
1964	8	188
1964	9	46
1964	10	6
1964	11	70
1964	12	10
1965	1	27
1965	2	173
1965	3	110
1965	4	38
1965	5	328
1965	6	42
1965	7	3
1965	8	3
1965	9	12
1965	10	0
1965	11	0
1965	12	0
1966	1	5
1966	2	353
1966	3	13
1966	4	507
1966	5	144
1966	6	0
1966	7	82
1966	8	13
1966	9	6
1966	10	0
1966	11	0
1966	12	1
1967	1	0
1967	2	1
1967	3	2
1967	4	279
1967	5	213
1967	6	64
1967	7	72
1967	8	5
1967	9	47
1967	10	75
1967	11	35
1967	12	248
1968	1	228
1968	2	80
1968	3	621
1968	4	235
1968	5	441
1968	6	124
1968	7	34
1968	8	5
1968	9	52
1968	10	16
1968	11	294
1968	12	391
1969	1	204
1969	2	376
1969	3	302
1969	4	190
1969	5	378
1969	6	133
1969	7	0
1969	8	0
1969	9	3
1969	10	126
1969	11	10
1969	12	129
1970	1	82
1970	2	45
1970	3	230
1970	4	583
1970	5	140
1970	6	80
1970	7	1
1970	8	1
1970	9	172
1970	10	675
1970	11	98
1970	12	23
1971	1	110
1971	2	68
1971	3	55
1971	4	179
1971	5	67
1971	6	32
1971	7	5
1971	8	27
1971	9	115
1971	10	492
1971	11	124
1971	12	726
1972	1	50
1972	2	32
1972	3	71
1972	4	61
1972	5	25
1972	6	3
1972	7	102
1972	8	0
1972	9	1
1972	10	41
1972	11	407
1972	12	52
1973	1	163
1973	2	211
1973	3	662
1973	4	745
1973	5	301
1973	6	224
1973	7	29
1973	8	4
1973	9	43
1973	10	42
1973	11	777
1973	12	467
1974	1	60
1974	2	74
1974	3	349
1974	4	213
1974	5	295
1974	6	276
1974	7	2
1974	8	2
1974	9	363
1974	10	68
1974	11	589
1974	12	155
1975	1	169
1975	2	525
1975	3	363
1975	4	256
1975	5	261
1975	6	341
1975	7	22
1975	8	4
1975	9	13
1975	10	1
1975	11	12
1975	12	44
1976	1	19
1976	2	7
1976	3	136
1976	4	340
1976	5	214
1976	6	18
1976	7	2
1976	8	1
1976	9	1
1976	10	2
1976	11	9
1976	12	23
1977	1	54
1977	2	93
1977	3	389
1977	4	105
1977	5	13
1977	6	1
1977	7	2
1977	8	11
1977	9	17
1977	10	1
1977	11	34
1977	12	10
1978	1	15
1978	2	134
1978	3	309
1978	4	81
1978	5	60
1978	6	95
1978	7	0
1978	8	0
1978	9	0
1978	10	0
1978	11	19
1978	12	10
1979	1	90
1979	2	178
1979	3	406
1979	4	326
1979	5	572
1979	6	480
1979	7	14
1979	8	26
1979	9	4
1979	10	10
1979	11	12
1979	12	16
1980	1	8
1980	2	33
1980	3	21
1980	4	22
1980	5	205
1980	6	32
1980	7	1
1980	8	0
1980	9	0
1980	10	4
1980	11	5
1980	12	52
1981	1	8
1981	2	23
1981	3	95
1981	4	51
1981	5	234
1981	6	275
1981	7	32
1981	8	3
1981	9	1
1981	10	289
1981	11	163
1981	12	46
1982	1	207
1982	2	413
1982	3	116
1982	4	21
1982	5	492
1982	6	191
1982	7	33
1982	8	0
1982	9	0
1982	10	0
1982	11	8
1982	12	318
1983	1	65
1983	2	258
1983	3	147
1983	4	94
1983	5	460
1983	6	72
1983	7	24
1983	8	1
1983	9	0
1983	10	0
1983	11	9
1983	12	18
1984	1	9
1984	2	105
1984	3	437
1984	4	241
1984	5	235
1984	6	28
1984	7	3
1984	8	11
1984	9	11
1984	10	608
1984	11	358
1984	12	261
1985	1	160
1985	2	315
1985	3	364
1985	4	331
1985	5	173
1985	6	8
1985	7	7
1985	8	0
1985	9	3
1985	10	99
1985	11	810
1985	12	154
1986	1	12
1986	2	199
1986	3	183
1986	4	536
1986	5	382
1986	6	379
1986	7	6
1986	8	2
1986	9	4
1986	10	11
1986	11	1
1986	12	2
1987	1	68
1987	2	45
1987	3	265
1987	4	110
1987	5	59
1987	6	79
1987	7	15
1987	8	7
1987	9	33
1987	10	15
1987	11	165
1987	12	360
1988	1	172
1988	2	96
1988	3	219
1988	4	137
1988	5	8
1988	6	0
1988	7	31
1988	8	36
1988	9	4
1988	10	1
1988	11	9
1988	12	31
1989	1	178
1989	2	433
1989	3	415
1989	4	126
1989	5	341
1989	6	358
1989	7	12
1989	8	1
1989	9	42
1989	10	1
1989	11	0
1989	12	0
1990	1	182
1990	2	515
1990	3	492
1990	4	748
1990	5	1121
1990	6	39
1990	7	21
1990	8	13
1990	9	85
1990	10	48
1990	11	98
1990	12	167
1991	1	227
1991	2	22
1991	3	89
1991	4	213
1991	10	174
1991	11	256
1991	12	472
1992	1	141
1992	2	52
1992	3	156
1992	4	204
1992	5	326
1992	6	550
1992	7	206
1992	8	143
1992	9	429
1992	10	14
1992	11	204
1992	12	547
1993	1	263
1993	2	145
1993	3	131
1993	4	485
1993	5	410
1993	6	94
1993	7	1
1993	8	0
1993	9	79
1993	10	65
1993	11	221
1993	12	326
1994	1	51
1994	2	221
1994	3	394
1994	4	97
1994	5	364
1994	6	3
1994	7	1
1994	8	2
1994	9	1
1994	10	1
1994	11	497
1994	12	251
1995	1	516
1995	2	58
1995	3	54
1995	4	168
1995	5	337
1995	6	177
1995	7	14
1995	8	4
1995	9	17
1995	10	46
1995	11	5
1995	12	33
1996	1	134
1996	2	17
1996	3	123
1996	4	469
1996	5	155
1996	6	38
1996	7	77
1996	8	19
1996	9	118
1996	10	42
1996	11	739
1996	12	190
1997	1	23
1997	2	582
1997	3	232
1997	4	121
1997	5	28
1997	6	249
1997	7	12
1997	8	12
1997	9	5
1997	10	54
1997	11	52
1997	12	344
1998	1	762
1998	2	125
1998	3	375
1998	4	90
1998	5	104
1998	6	60
1998	7	2
1998	8	0
1998	9	72
1998	10	386
1998	11	86
1998	12	256
1999	1	68
1999	2	124
1999	3	376
1999	4	468
1999	5	499
1999	6	195
1999	7	92
1999	8	0
1999	9	9
1999	10	0
1999	11	11
1999	12	66
2000	1	32
2000	2	25
2000	3	40
2000	4	92
2000	5	120
2000	6	137
2000	7	15
2000	8	0
2000	9	2
2000	10	24
2000	11	403
2000	12	232
2001	1	296
2001	2	780
2001	3	170
2001	4	61
2001	5	409
2001	6	168
2001	7	9
2001	8	4
2001	9	104
2001	10	204
2001	11	16
2001	12	451
2002	1	55
2002	2	283
2002	3	599
2002	4	566
2002	5	123
2002	6	225
2002	7	15
2002	8	3
2002	9	0
2002	10	0
2002	11	4
2002	12	10
2003	1	36
2003	2	65
2003	3	226
2003	4	13
2003	5	61
2003	6	22
2003	7	0
2003	8	0
2003	9	16
2003	10	1
2003	11	32
2003	12	15
2004	1	96
2004	2	57
2004	3	53
2004	4	259
2004	5	22
2004	6	92
2004	7	97
2004	8	13
2004	9	5
2004	10	7
2004	11	346
2004	12	141
2005	1	372
2005	2	81
2005	3	105
2005	4	179
2005	5	8
2005	6	8
2005	7	10
2005	8	5
2005	9	0
2005	10	0
2005	11	0
2005	12	0
2006	1	6
2006	2	7
2006	3	86
2006	4	48
2006	5	189
2006	6	72
2006	7	5
2006	8	2
2006	9	0
2006	10	13
2006	11	160
2006	12	388
2007	1	527
2007	2	137
2007	3	21
2007	4	186
2007	5	189
2007	6	268
2007	7	389
2007	8	21
2007	9	252
2007	10	50
2007	11	12
2007	12	63
2008	1	11
2008	2	177
2008	3	844
2008	4	550
2008	5	121
2008	6	42
2008	7	2
2008	8	193
2008	9	407
2008	10	6
2008	11	4
2008	12	10
2009	1	13
2009	2	75
2009	3	31
2009	4	248
2009	5	566
2009	6	46
2009	7	6
2009	8	11
2009	9	100
2009	10	609
2009	11	88
2009	12	104
2010	1	83
2010	2	216
2010	3	207
2010	4	55
2010	5	80
2010	6	11
2010	7	2
2010	8	0
2010	9	3
2010	10	4
2010	11	6
2010	12	12
2011	1	4
2011	2	7
2011	3	1
2011	4	506
2011	5	649
2011	6	11
2011	7	4
2011	8	0
2011	9	0
2011	10	2
2011	11	35
2011	12	65
2012	1	222
2012	2	118
2012	3	404
2012	4	159
2012	5	26
2012	6	26
2012	7	0
2012	8	1
2012	9	0
2012	10	4
2012	11	0
2012	12	1
2013	1	40
2013	2	91
2013	3	155
2013	4	390
2013	5	312
2013	6	284
2013	7	7
2013	8	7
2013	9	1
2013	10	18
2013	11	28
2013	12	93
2014	1	20
2014	2	12
2014	3	300
2014	4	139
2014	5	100
2014	6	84
2014	7	40
2014	8	17
2014	9	16
2014	10	202
2014	11	19
2014	12	99
2015	1	84
2015	2	43
2015	3	410
2015	4	331
2015	5	1797
2015	6	375
2015	7	57
2015	8	4
2015	9	6
