1940	1	90
1940	2	851
1940	3	385
1940	4	809
1940	5	917
1940	6	138
1940	7	1523
1940	8	186
1940	9	38
1940	10	17
1940	11	336
1940	12	1021
1941	1	449
1941	2	494
1941	3	481
1941	4	308
1941	5	148
1941	6	41
1941	7	64
1941	8	33
1941	9	12
1941	10	9
1941	11	220
1941	12	127
1942	1	84
1942	2	199
1942	3	746
1942	4	880
1942	5	491
1942	6	98
1942	7	40
1942	8	17
1942	9	13
1942	10	11
1942	11	19
1942	12	55
1943	1	125
1943	2	71
1943	3	357
1943	4	523
1943	5	55
1943	6	48
1943	7	16
1943	8	7
1943	9	8
1943	10	4
1943	11	9
1943	12	12
1944	1	281
1944	2	352
1944	3	670
1944	4	1249
1944	5	950
1944	6	94
1944	7	22
1944	8	15
1944	9	12
1944	10	7
1944	11	8
1944	12	44
1945	1	785
1945	2	680
1945	3	1537
1945	4	1050
1945	5	603
1945	6	614
1945	7	262
1945	8	98
1945	9	55
1945	10	183
1945	11	84
1945	12	159
1946	1	2030
1946	2	2253
1946	3	1215
1946	4	464
1946	5	879
1946	6	792
1946	7	233
1946	8	111
1946	9	54
1946	10	21
1946	11	48
1946	12	62
1947	1	1614
1947	2	735
1947	3	725
1947	4	1358
1947	5	628
1947	6	195
1947	7	62
1947	8	20
1947	9	13
1947	10	9
1947	11	76
1947	12	255
1948	1	153
1948	2	1031
1948	3	849
1948	4	243
1948	5	68
1948	6	30
1948	7	23
1948	8	356
1948	9	21
1948	10	8
1948	11	1659
1948	12	1056
1949	1	1707
1949	2	1146
1949	3	875
1949	4	560
1949	5	362
1949	6	91
1949	7	123
1949	8	81
1949	9	25
1949	10	23
1949	11	17
1949	12	28
1950	1	498
1950	2	1623
1950	3	958
1950	4	127
1950	5	512
1950	6	493
1950	7	274
1950	8	382
1950	9	117
1950	10	76
1950	11	223
1950	12	292
1951	1	1175
1951	2	953
1951	3	755
1951	4	808
1951	5	70
1951	6	70
1951	7	120
1951	8	22
1951	9	20
1951	10	12
1951	11	13
1951	12	190
1952	1	178
1952	2	432
1952	3	453
1952	4	381
1952	5	118
1952	6	71
1952	7	20
1952	8	18
1952	9	13
1952	10	6
1952	11	8
1952	12	11
1953	1	111
1953	2	490
1953	3	650
1953	4	143
1953	5	1627
1953	6	161
1953	7	69
1953	8	27
1953	9	10
1953	10	8
1953	11	8
1953	12	39
1954	1	67
1954	2	141
1954	3	51
1954	4	44
1954	5	687
1954	6	13
1954	7	7
1954	8	8
1954	9	10
1954	10	7
1954	11	7
1954	12	7
1955	1	111
1955	2	516
1955	3	252
1955	4	516
1955	5	33
1955	6	22
1955	7	267
1955	8	52
1955	9	12
1955	10	7
1955	11	7
1955	12	23
1956	1	13
1956	2	1313
1956	3	770
1956	4	686
1956	5	69
1956	6	28
1956	7	25
1956	8	29
1956	9	13
1956	10	3
1956	11	15
1956	12	523
1957	1	338
1957	2	815
1957	3	241
1957	4	605
1957	5	66
1957	6	327
1957	7	304
1957	8	31
1957	9	197
1957	10	208
1957	11	1825
1957	12	716
1958	1	602
1958	2	340
1958	3	806
1958	4	404
1958	5	1579
1958	6	443
1958	7	148
1958	8	70
1958	9	757
1958	10	403
1958	11	39
1958	12	24
1959	1	32
1959	2	268
1959	3	240
1959	4	564
1959	5	68
1959	6	424
1959	7	54
1959	8	41
1959	9	40
1959	10	17
1959	11	27
1959	12	202
1960	1	250
1960	2	555
1960	3	669
1960	4	48
1960	5	93
1960	6	21
1960	7	16
1960	8	114
1960	9	54
1960	10	10
1960	11	91
1960	12	91
1961	1	345
1961	2	770
1961	3	1319
1961	4	788
1961	5	67
1961	6	368
1961	7	79
1961	8	37
1961	9	20
1961	10	20
1961	11	303
1961	12	1787
1962	1	1163
1962	2	539
1962	3	561
1962	4	521
1962	5	272
1962	6	108
1962	7	99
1962	8	20
1962	9	23
1962	10	14
1962	11	24
1962	12	11
1963	1	14
1963	2	83
1963	3	317
1963	4	53
1963	5	65
1963	6	18
1963	7	60
1963	8	190
1963	9	60
1963	10	9
1963	11	10
1963	12	47
1964	1	233
1964	2	161
1964	3	689
1964	4	953
1964	5	278
1964	6	14
1964	7	39
1964	8	58
1964	9	26
1964	10	51
1964	11	33
1964	12	453
1965	1	279
1965	2	833
1965	3	648
1965	4	521
1965	5	20
1965	6	28
1965	7	62
1965	8	56
1965	9	18
1965	10	6
1965	11	9
1965	12	14
1966	1	175
1966	2	1394
1966	3	211
1966	4	604
1966	5	591
1966	6	23
1966	7	26
1966	8	23
1966	9	14
1966	10	8
1966	11	8
1966	12	126
1967	1	109
1967	2	262
1967	3	78
1967	4	214
1967	5	356
1967	6	529
1967	7	192
1967	8	64
1967	9	21
1967	10	6
1967	11	9
1967	12	521
1968	1	1182
1968	2	191
1968	3	650
1968	4	1018
1968	5	572
1968	6	179
1968	7	111
1968	8	85
1968	9	62
1968	10	26
1968	11	215
1968	12	1259
1969	1	215
1969	2	386
1969	3	427
1969	4	683
1969	5	54
1969	6	47
1969	7	32
1969	8	18
1969	9	17
1969	10	10
1969	11	12
1969	12	212
1970	1	640
1970	2	205
1970	3	445
1970	4	189
1970	5	162
1970	6	173
1970	7	46
1970	8	76
1970	9	47
1970	10	266
1970	11	142
1970	12	70
1971	1	744
1971	2	599
1971	3	615
1971	4	127
1971	5	846
1971	6	120
1971	7	102
1971	8	64
1971	9	23
1971	10	15
1971	11	13
1971	12	930
1972	1	1413
1972	2	454
1972	3	437
1972	4	95
1972	5	179
1972	6	87
1972	7	118
1972	8	10
1972	9	9
1972	10	28
1972	11	246
1972	12	959
1973	1	1189
1973	2	667
1973	3	1410
1973	4	1106
1973	5	631
1973	6	340
1973	7	80
1973	8	36
1973	9	51
1973	10	29
1973	11	397
1973	12	737
1974	1	2376
1974	2	1581
1974	3	319
1974	4	536
1974	5	222
1974	6	1403
1974	7	105
1974	8	38
1974	9	85
1974	10	89
1974	11	532
1974	12	957
1975	1	907
1975	2	880
1975	3	1199
1975	4	380
1975	5	1456
1975	6	1475
1975	7	460
1975	8	658
1975	9	68
1975	10	196
1975	11	198
1975	12	137
1976	1	461
1976	2	515
1976	3	792
1976	4	276
1976	5	267
1976	6	266
1976	7	125
1976	8	28
1976	9	31
1976	10	17
1976	11	16
1976	12	198
1977	1	435
1977	2	32
1977	3	960
1977	4	611
1977	5	71
1977	6	37
1977	7	61
1977	8	48
1977	9	18
1977	10	15
1977	11	340
1977	12	585
1978	1	464
1978	2	369
1978	3	45
1978	4	37
1978	5	1356
1978	6	161
1978	7	42
1978	8	21
1978	9	32
1978	10	9
1978	11	11
1978	12	150
1979	1	1684
1979	2	1146
1979	3	493
1979	4	1044
1979	5	310
1979	6	178
1979	7	238
1979	8	103
1979	9	67
1979	10	26
1979	11	488
1979	12	599
1980	1	510
1980	2	541
1980	3	1243
1980	4	1866
1980	5	815
1980	6	89
1980	7	83
1980	8	53
1980	9	31
1980	10	39
1980	11	71
1980	12	24
1981	1	14
1981	2	516
1981	3	271
1981	4	79
1981	5	158
1981	6	146
1981	7	213
1981	8	21
1981	9	12
1981	10	5
1981	11	4
1981	12	6
1982	1	240
1982	2	460
1982	3	75
1982	4	360
1982	5	89
1982	6	170
1982	7	123
1982	8	103
1982	9	1212
1982	10	1184
1982	11	629
1982	12	2933
1983	1	1300
1983	2	1493
1983	3	733
1983	4	665
1983	5	1587
1983	6	1004
1983	7	146
1983	8	33
1983	9	25
1983	10	12
1983	11	209
1983	12	1035
1984	1	714
1984	2	1225
1984	3	1438
1984	4	716
1984	5	422
1984	6	210
1984	7	139
1984	8	54
1984	9	22
1984	10	427
1984	11	706
1984	12	305
1985	1	110
1985	2	959
1985	3	357
1985	4	122
1985	5	44
1985	6	45
1985	7	57
1985	8	311
1985	9	45
1985	10	700
1985	11	541
1985	12	377
1986	1	19
1986	2	17
1986	3	80
1986	4	50
1986	5	316
1986	6	338
1986	7	34
1986	8	50
1986	9	41
1986	10	137
1986	11	1281
1986	12	707
1987	1	414
1987	2	858
1987	3	1089
1987	4	234
1987	5	254
1987	6	492
1987	7	169
1987	8	45
1987	9	21
1987	10	10
1987	11	1009
1987	12	657
1988	1	580
1988	2	316
1988	3	493
1988	4	502
1988	5	32
1988	6	25
1988	7	47
1988	8	55
1988	9	20
1988	10	43
1988	11	146
1988	12	346
1989	1	1726
1989	2	698
1989	3	773
1989	4	119
1989	5	1398
1989	6	475
1989	7	680
1989	8	83
1989	9	18
1989	10	10
1989	11	32
1989	12	21
1990	1	1377
1990	2	1170
1990	3	643
1990	4	83
1990	5	491
1990	6	505
1990	7	56
1990	8	40
1990	9	38
1990	10	26
1990	11	185
1990	12	496
1991	1	664
1991	2	945
1991	3	689
1991	4	1519
1991	5	2365
1991	6	161
1991	7	198
1991	8	34
1991	9	45
1991	10	65
1991	11	382
1991	12	1324
1992	1	269
1992	2	720
1992	3	301
1992	4	261
1992	5	50
1992	6	174
1992	7	265
1992	8	469
1992	9	358
1992	10	29
1992	11	525
1992	12	558
1993	1	501
1993	2	629
1993	3	558
1993	4	1106
1993	5	580
1993	6	1004
1993	7	793
1993	8	199
1993	9	29
1993	10	81
1993	11	238
1993	12	215
1994	1	608
1994	2	1078
1994	3	744
1994	4	333
1994	5	111
1994	6	290
1994	7	197
1994	8	95
1994	9	308
1994	10	1722
1994	11	577
1994	12	361
1995	1	656
1995	2	62
1995	3	1129
1995	4	905
1995	5	646
1995	6	436
1995	7	358
1995	8	39
1995	9	15
1995	10	5
1995	11	5
1995	12	58
1996	1	159
1996	2	95
1996	3	162
1996	4	1002
1996	5	258
1996	6	118
1996	7	39
1996	8	71
1996	9	51
1996	10	53
1996	11	212
1996	12	393
1997	1	822
1997	2	1755
1997	3	890
1997	4	392
1997	5	492
1997	6	471
1997	7	45
1997	8	35
1997	9	6
1997	10	29
1997	11	95
1997	12	748
1998	1	1659
1998	2	1129
1998	3	896
1998	4	80
1998	5	118
1998	6	278
1998	7	49
1998	8	52
1998	9	6
1998	10	3
1998	11	94
1998	12	1396
1999	1	1364
1999	2	1144
1999	3	685
1999	4	651
1999	5	334
1999	6	528
1999	7	239
1999	8	26
1999	9	21
1999	10	45
1999	11	6
1999	12	26
2000	1	18
2000	2	15
2000	3	375
2000	4	1346
2000	5	36
2000	6	265
2000	7	20
2000	8	17
2000	9	3
2000	10	2
2000	11	217
2000	12	325
2001	1	974
2001	2	607
2001	3	1533
2001	4	110
2001	5	42
2001	6	83
2001	7	37
2001	8	47
2001	9	50
2001	10	341
2001	11	246
2001	12	2078
2002	1	584
2002	2	433
2002	3	301
2002	4	500
2002	5	53
2002	6	53
2002	7	64
2002	8	45
2002	9	60
2002	10	541
2002	11	593
2002	12	738
2003	1	329
2003	2	852
2003	3	664
2003	4	1033
2003	5	406
2003	6	121
2003	7	98
2003	8	40
2003	9	21
2003	10	6
2003	11	53
2003	12	104
2004	1	352
2004	2	885
2004	3	383
2004	4	58
2004	5	501
2004	6	697
2004	7	706
2004	8	49
2004	9	12
2004	10	647
2004	11	1033
2004	12	1280
2005	1	438
2005	2	964
2005	3	352
2005	4	342
2005	5	223
2005	6	191
2005	7	38
2005	8	33
2005	9	132
2005	10	54
2005	11	5
2005	12	130
2006	1	269
2006	2	885
2006	3	674
2006	4	62
2006	5	105
2006	6	32
2006	7	32
2006	8	22
2006	9	8
2006	10	986
2006	11	338
2006	12	493
2007	1	1216
2007	2	107
2007	3	24
2007	4	45
2007	5	92
2007	6	22
2007	7	456
2007	8	29
2007	9	80
2007	10	22
2007	11	50
2007	12	230
2008	1	49
2008	2	814
2008	3	349
2008	4	193
2008	5	733
2008	6	117
2008	7	11
2008	8	298
2008	9	1727
2008	10	71
2008	11	15
2008	12	1355
2009	1	563
2009	2	28
2009	3	684
2009	4	202
2009	5	892
2009	6	102
2009	7	82
2009	8	404
2009	9	163
2009	10	1809
2009	11	752
2009	12	551
2010	1	454
2010	2	463
2010	3	66
2010	4	57
2010	5	153
2010	6	30
2010	7	74
2010	8	46
2010	9	2
2010	10	1
2010	11	8
2010	12	11
2011	1	261
2011	2	295
2011	3	231
2011	4	463
2011	5	575
2011	6	72
2011	7	42
2011	8	17
2011	9	10
2011	10	9
2011	11	16
2011	12	533
2012	1	381
2012	2	733
2012	3	679
2012	4	157
2012	5	58
2012	6	170
2012	7	186
2012	8	45
2012	9	295
2012	10	593
2012	11	14
2012	12	384
2013	1	1671
2013	2	792
2013	3	150
2013	4	384
2013	5	184
2013	6	335
2013	7	90
2013	8	28
2013	9	5
2013	10	12
2013	11	397
2013	12	358
2014	1	103
2014	2	312
2014	3	222
2014	4	1657
2014	5	492
2014	6	310
2014	7	150
2014	8	105
2014	9	24
2014	10	31
2014	11	128
2014	12	153
2015	1	792
2015	2	476
2015	4	302
2015	5	255
2015	6	120
2015	7	255
2015	8	31
2015	9	0
