1940	10	100
1940	11	204
1940	12	1105
1941	1	386
1941	2	161
1941	3	362
1941	4	308
1941	5	141
1941	6	178
1941	7	169
1941	8	249
1941	9	142
1941	10	103
1941	11	105
1941	12	250
1942	1	407
1942	2	485
1942	3	512
1942	4	241
1942	5	319
1942	6	317
1942	7	263
1942	8	534
1942	9	579
1942	10	153
1942	11	134
1942	12	531
1943	1	397
1943	2	662
1943	3	1695
1943	4	272
1943	5	165
1943	6	165
1943	7	171
1943	8	166
1943	9	313
1943	10	110
1943	11	265
1943	12	356
1944	1	607
1944	2	390
1944	3	611
1944	4	423
1944	5	278
1944	6	197
1944	7	123
1944	8	187
1944	9	184
1944	10	112
1944	11	212
1944	12	309
1945	1	556
1945	2	764
1945	3	250
1945	4	442
1945	5	366
1945	6	147
1945	7	239
1945	8	161
1945	9	111
1945	10	243
1945	11	132
1945	12	349
1946	1	827
1946	2	534
1946	3	854
1946	4	147
1946	5	640
1946	6	412
1946	7	891
1946	8	352
1946	9	417
1946	10	148
1946	11	338
1946	12	421
1947	1	1310
1947	2	264
1947	3	1189
1947	4	1198
1947	5	233
1947	6	218
1947	7	130
1947	8	122
1947	9	182
1947	10	136
1947	11	592
1947	12	990
1948	1	415
1948	2	789
1948	3	1577
1948	4	293
1948	5	191
1948	6	131
1948	7	141
1948	8	131
1948	9	277
1948	10	119
1948	11	790
1948	12	992
1949	1	454
1949	2	960
1949	3	1036
1949	4	946
1949	5	656
1949	6	265
1949	7	467
1949	8	288
1949	9	209
1949	10	229
1949	11	134
1949	12	162
1950	1	830
1950	2	866
1950	3	925
1950	4	375
1950	5	209
1950	6	805
1950	7	206
1950	8	191
1950	9	177
1950	10	155
1950	11	128
1950	12	279
1951	1	447
1951	2	927
1951	3	790
1951	4	683
1951	5	157
1951	6	156
1951	7	170
1951	8	121
1951	9	120
1951	10	95
1951	11	103
1951	12	148
1952	1	126
1952	2	381
1952	3	209
1952	4	357
1952	5	245
1952	6	135
1952	7	119
1952	8	106
1952	9	101
1952	10	81
1952	11	87
1952	12	149
1953	1	349
1953	2	754
1953	3	741
1953	4	372
1953	5	1959
1953	6	184
1953	7	370
1953	8	245
1953	9	131
1953	10	96
1953	11	147
1953	12	1145
1954	1	466
1954	2	219
1954	3	185
1954	4	238
1954	5	296
1954	6	110
1954	7	111
1954	8	88
1954	9	171
1954	10	116
1954	11	109
1954	12	140
1955	1	508
1955	2	903
1955	3	137
1955	4	860
1955	5	182
1955	6	114
1955	7	262
1955	8	840
1955	9	115
1955	10	95
1955	11	110
1955	12	291
1956	1	163
1956	2	1125
1956	3	904
1956	4	206
1956	5	135
1956	6	136
1956	7	114
1956	8	103
1956	9	89
1956	10	87
1956	11	86
1956	12	124
1957	1	98
1957	2	261
1957	3	349
1957	4	436
1957	5	141
1957	6	116
1957	7	116
1957	8	98
1957	9	452
1957	10	182
1957	11	946
1957	12	370
1958	1	384
1958	2	569
1958	3	770
1958	4	388
1958	5	527
1958	6	193
1958	7	286
1958	8	187
1958	9	165
1958	10	109
1958	11	98
1958	12	102
1959	1	142
1959	2	997
1959	3	286
1959	4	279
1959	5	279
1959	6	926
1959	7	271
1959	8	308
1959	9	121
1959	10	248
1959	11	201
1959	12	418
1960	1	463
1960	2	706
1960	3	251
1960	4	280
1960	5	179
1960	6	103
1960	7	101
1960	8	167
1960	9	104
1960	10	100
1960	11	94
1960	12	101
1961	1	416
1961	2	1626
1961	3	1269
1961	4	619
1961	5	176
1961	6	180
1961	7	286
1961	8	276
1961	9	246
1961	10	131
1961	11	501
1961	12	1564
1962	1	1143
1962	2	265
1962	3	218
1962	4	1117
1962	5	498
1962	6	337
1962	7	152
1962	8	143
1962	9	151
1962	10	119
1962	11	111
1962	12	122
1963	1	244
1963	2	304
1963	3	197
1963	4	117
1963	5	97
1963	6	128
1963	7	149
1963	8	119
1963	9	92
1963	10	82
1963	11	86
1963	12	139
1964	1	509
1964	2	426
1964	3	1406
1964	4	738
1964	5	335
1964	6	130
1964	7	163
1964	8	130
1964	9	96
1964	10	591
1964	11	272
1964	12	692
1965	1	240
1965	2	766
1965	3	669
1965	4	162
1965	5	112
1965	6	101
1965	7	112
1965	8	106
1965	9	145
1965	10	101
1965	11	94
1965	12	154
1966	1	681
1966	2	2592
1966	3	798
1966	4	499
1966	5	285
1966	6	123
1966	7	142
1966	8	175
1966	9	108
1966	10	108
1966	11	101
1966	12	117
1967	1	193
1967	2	325
1967	3	146
1967	4	1210
1967	5	410
1967	6	132
1967	7	151
1967	8	156
1967	9	158
1967	10	90
1967	11	90
1967	12	126
1968	1	227
1968	2	114
1968	3	225
1968	4	587
1968	5	276
1968	6	124
1968	7	97
1968	8	85
1968	9	74
1968	10	71
1968	11	77
1968	12	543
1969	1	168
1969	2	387
1969	3	506
1969	4	909
1969	5	302
1969	6	112
1969	7	157
1969	8	113
1969	9	84
1969	10	84
1969	11	76
1969	12	116
1970	1	146
1970	2	155
1970	3	354
1970	4	282
1970	5	107
1970	6	129
1970	7	114
1970	8	109
1970	9	96
1970	10	248
1970	11	112
1970	12	303
1971	1	371
1971	2	389
1971	3	422
1971	4	157
1971	5	158
1971	6	121
1971	7	134
1971	8	99
1971	9	642
1971	10	124
1971	11	96
1971	12	1273
1972	1	568
1972	2	546
1972	3	586
1972	4	161
1972	5	1158
1972	6	137
1972	7	131
1972	8	116
1972	9	98
1972	10	113
1972	11	137
1972	12	611
1973	1	523
1973	2	523
1973	3	1389
1973	4	1775
1973	5	422
1973	6	224
1973	7	151
1973	8	139
1973	9	613
1973	10	150
1973	11	454
1973	12	860
1974	1	1374
1974	2	969
1974	3	504
1974	4	585
1974	5	1299
1974	6	192
1974	7	145
1974	8	152
1974	9	180
1974	10	103
1974	11	169
1974	12	334
1975	1	1211
1975	2	338
1975	3	527
1975	4	667
1975	5	913
1975	6	681
1975	7	266
1975	8	495
1975	9	258
1975	10	229
1975	11	140
1975	12	158
1976	1	251
1976	2	218
1976	3	323
1976	4	193
1976	5	128
1976	6	115
1976	7	182
1976	8	131
1976	9	98
1976	10	94
1976	11	122
1976	12	292
1977	1	590
1977	2	388
1977	3	481
1977	4	1815
1977	5	213
1977	6	113
1977	7	130
1977	8	219
1977	9	1192
1977	10	250
1977	11	957
1977	12	1125
1978	1	934
1978	2	595
1978	3	314
1978	4	244
1978	5	546
1978	6	161
1978	7	155
1978	8	230
1978	9	185
1978	10	102
1978	11	118
1978	12	156
1979	1	703
1979	2	1979
1979	3	650
1979	4	1825
1979	5	337
1979	6	183
1979	7	388
1979	8	142
1979	9	127
1979	10	109
1979	11	221
1979	12	346
1980	1	687
1980	2	435
1980	3	1378
1980	4	2252
1980	5	1133
1980	6	224
1980	7	160
1980	8	143
1980	9	138
1980	10	151
1980	11	188
1980	12	214
1981	1	149
1981	2	500
1981	3	214
1981	4	212
1981	5	174
1981	6	223
1981	7	180
1981	8	112
1981	9	195
1981	10	111
1981	11	104
1981	12	160
1982	1	355
1982	2	862
1982	3	284
1982	4	499
1982	5	218
1982	6	119
1982	7	133
1982	8	323
1982	9	99
1982	10	84
1982	11	92
1982	12	1203
1983	1	869
1983	2	1386
1983	3	620
1983	4	2351
1983	5	589
1983	6	309
1983	7	172
1983	8	703
1983	9	165
1983	10	120
1983	11	131
1983	12	604
1984	1	383
1984	2	791
1984	3	347
1984	4	265
1984	5	122
1984	6	163
1984	7	146
1984	8	185
1984	9	133
1984	10	377
1984	11	151
1984	12	269
1985	1	324
1985	2	688
1985	3	661
1985	4	216
1985	5	150
1985	6	102
1985	7	130
1985	8	268
1985	9	180
1985	10	562
1985	11	579
1985	12	199
1986	1	214
1986	2	440
1986	3	419
1986	4	145
1986	5	183
1986	6	215
1986	7	123
1986	8	112
1986	9	101
1986	10	99
1986	11	417
1986	12	788
1987	1	1207
1987	2	1010
1987	3	1577
1987	4	331
1987	5	189
1987	6	280
1987	7	159
1987	8	264
1987	9	165
1987	10	101
1987	11	112
1987	12	119
1988	1	181
1988	2	1504
1988	3	707
1988	4	965
1988	5	140
1988	6	137
1988	7	127
1988	8	135
1988	9	490
1989	10	190
1989	11	331
1989	12	610
1990	1	2151
1990	2	1733
1990	3	798
1990	4	261
1990	5	209
1990	6	779
1990	7	159
1990	8	124
1990	9	124
1990	10	118
1990	11	121
1990	12	250
1991	1	793
1991	2	1707
1991	3	461
1991	4	585
1991	5	1988
1991	6	363
1991	7	268
1991	8	145
1991	9	160
1991	10	115
1991	11	117
1991	12	149
1992	1	1042
1992	2	1506
1992	3	1118
1992	4	205
1992	5	130
1992	6	169
1992	7	212
1992	8	719
1992	9	274
1992	10	124
1992	11	586
1992	12	537
1993	1	2126
1993	2	285
1993	3	990
1993	4	1491
1993	5	301
1993	6	180
1993	7	187
1993	8	146
1993	9	119
1993	10	144
1993	11	575
1993	12	270
1994	1	943
1994	2	886
1994	3	375
1994	4	575
1994	5	253
1994	6	458
1994	7	419
1994	8	162
1994	9	236
1994	10	211
1994	11	145
1994	12	187
1995	1	852
1995	2	445
1995	3	1529
1995	4	1671
1995	5	870
1995	6	264
1995	7	156
1995	8	146
1995	9	118
1995	10	125
1995	11	268
1995	12	849
1996	1	538
1996	2	351
1996	3	465
1996	4	392
1996	5	141
1996	6	167
1996	7	143
1996	8	160
1996	9	121
1996	10	473
1996	11	191
1996	12	253
1997	1	572
1997	2	1389
1997	3	677
1997	4	909
1997	5	463
1997	6	672
1997	7	305
1997	8	147
1997	9	113
1997	10	106
1997	11	136
1997	12	352
1998	1	1899
1998	2	721
1998	3	782
1998	4	317
1998	5	261
1998	6	116
1998	7	121
1998	8	110
1998	9	262
1998	10	165
1998	11	133
1998	12	149
1999	1	229
1999	2	629
1999	3	877
1999	4	274
1999	5	174
1999	6	126
1999	7	123
1999	8	90
1999	9	80
1999	10	102
1999	11	82
1999	12	110
2000	1	141
2000	2	103
2000	3	112
2000	4	108
2000	5	73
2000	6	64
2000	7	80
2000	8	67
2000	9	89
2000	10	67
2000	11	213
2000	12	127
2001	1	312
2001	2	236
2001	3	1292
2001	4	143
2001	5	89
2001	6	1237
2001	7	258
2001	8	192
2001	9	372
2001	10	206
2001	11	108
2001	12	197
2002	1	254
2002	2	248
2002	3	611
2002	4	726
2002	5	119
2002	6	114
2002	7	119
2002	8	212
2002	9	542
2002	10	772
2002	11	634
2002	12	552
2003	1	234
2003	2	1155
2003	3	841
2003	4	717
2003	5	168
2003	6	265
2003	7	771
2003	8	156
2003	9	125
2003	10	108
2003	11	113
2003	12	135
2004	1	168
2004	2	1425
2004	3	240
2004	4	141
2004	5	1361
2004	6	1054
2004	7	429
2004	8	125
2004	9	107
2004	10	131
2004	11	201
2004	12	288
2005	1	250
2005	2	900
2005	3	216
2005	4	459
2005	5	140
2005	6	147
2005	7	129
2005	8	131
2005	9	212
2005	10	99
2005	11	94
2005	12	163
2006	1	198
2006	2	349
2006	3	165
2006	4	105
2006	5	138
2006	6	92
2006	7	90
2006	8	106
2006	9	82
2006	10	375
2006	11	287
2006	12	324
2007	1	1126
2007	2	228
2007	3	135
2007	4	137
2007	5	179
2007	6	114
2007	7	155
2007	8	140
2007	9	99
2007	10	107
2007	11	85
2007	12	116
2008	1	392
2008	2	519
2008	3	458
2008	4	134
2008	5	559
2008	6	94
2008	7	86
2008	8	139
2008	9	858
2008	10	106
2008	11	89
2008	12	253
2009	1	417
2009	2	171
2009	3	1018
2009	4	530
2009	5	159
2009	6	94
2009	7	100
2009	8	106
2009	9	162
2009	10	460
2009	11	183
2009	12	1912
2010	1	448
2010	2	1105
2010	3	426
2010	4	136
2010	5	116
2010	6	114
2010	7	105
2010	8	163
2010	9	95
2010	10	76
2010	11	87
2010	12	91
2011	1	184
2011	2	168
2011	3	992
2011	4	148
2011	5	85
2011	6	78
2011	7	102
2011	8	70
2011	9	283
2011	10	75
2011	11	81
2011	12	100
2012	1	282
2012	2	810
2012	3	483
2012	4	235
2012	5	134
2012	6	73
2012	7	108
2012	8	321
2012	9	584
2012	10	144
2012	11	81
2012	12	434
2013	1	2127
2013	2	845
2013	3	268
2013	4	485
2013	5	343
2013	6	144
2013	7	111
2013	8	105
2013	9	120
2013	10	86
2013	11	92
2013	12	125
2014	1	113
2014	2	719
2014	3	406
2014	4	595
2014	5	410
2014	6	443
2014	7	420
2014	8	124
2014	9	131
2014	10	103
2014	11	104
2014	12	297
2015	1	620
2015	2	172
2015	3	891
2015	4	630
2015	5	379
2015	6	370
2015	7	330
2015	8	113
2015	9	101
