1940	1	258
1940	2	415
1940	3	219
1940	4	463
1940	5	434
1940	6	521
1940	7	619
1940	8	917
1940	9	480
1940	10	142
1940	11	501
1940	12	1095
1941	1	836
1941	2	540
1941	3	382
1941	4	366
1941	5	623
1941	6	789
1941	7	627
1941	8	549
1941	9	344
1941	10	289
1941	11	545
1941	12	347
1942	1	584
1942	2	458
1942	3	794
1942	4	754
1942	5	392
1942	6	386
1942	7	194
1942	8	137
1942	9	113
1942	10	87
1942	11	109
1942	12	220
1943	1	393
1943	2	402
1943	3	397
1943	4	452
1943	5	194
1943	6	100
1943	7	253
1943	8	128
1943	9	374
1943	10	141
1943	11	410
1943	12	240
1944	1	876
1944	2	771
1944	3	745
1944	4	783
1944	5	695
1944	6	271
1944	7	101
1944	8	122
1944	9	200
1944	10	116
1944	11	208
1944	12	304
1945	1	826
1945	2	782
1945	3	828
1945	4	996
1945	5	657
1945	6	423
1945	7	273
1945	8	226
1945	9	108
1945	10	226
1945	11	230
1945	12	334
1946	1	945
1946	2	1022
1946	3	742
1946	4	356
1946	5	606
1946	6	652
1946	7	406
1946	8	209
1946	9	127
1946	10	170
1946	11	516
1946	12	549
1947	1	867
1947	2	764
1947	3	773
1947	4	1087
1947	5	707
1947	6	365
1947	7	261
1947	8	95
1947	9	93
1947	10	80
1947	11	319
1947	12	616
1948	1	571
1948	2	834
1948	3	867
1948	4	351
1948	5	248
1948	6	82
1948	7	80
1948	8	65
1948	9	68
1948	10	62
1948	11	417
1948	12	1162
1949	1	967
1949	2	886
1949	3	786
1949	4	1603
1949	5	1069
1949	6	392
1949	7	324
1949	8	281
1949	9	97
1949	10	195
1949	11	125
1949	12	272
1950	1	469
1950	2	826
1950	3	843
1950	4	458
1950	5	917
1950	6	965
1950	7	491
1950	8	156
1950	9	102
1950	10	120
1950	11	136
1950	12	144
1951	1	453
1951	2	552
1951	3	252
1951	4	381
1951	5	104
1951	6	74
1951	7	91
1951	8	70
1951	9	74
1951	10	68
1951	11	79
1951	12	325
1952	1	156
1952	2	469
1952	3	348
1952	4	684
1952	5	534
1952	6	227
1952	7	88
1952	8	71
1952	9	58
1952	10	53
1952	11	62
1952	12	224
1953	1	294
1953	2	473
1953	3	882
1953	4	512
1953	5	4051
1953	6	1053
1953	7	427
1953	8	235
1953	9	137
1953	10	90
1953	11	158
1953	12	282
1954	1	379
1954	2	159
1954	3	164
1954	4	310
1954	5	1105
1954	6	388
1954	7	80
1954	8	75
1954	9	58
1954	10	115
1954	11	95
1954	12	86
1955	1	361
1955	2	1020
1955	3	614
1955	4	455
1955	5	447
1955	6	363
1955	7	248
1955	8	432
1955	9	142
1955	10	86
1955	11	82
1955	12	390
1956	1	278
1956	2	956
1956	3	763
1956	4	559
1956	5	158
1956	6	90
1956	7	74
1956	8	77
1956	9	74
1956	10	64
1956	11	76
1956	12	561
1957	1	610
1957	2	269
1957	3	632
1957	4	902
1957	5	440
1957	6	267
1957	7	675
1957	8	227
1957	9	139
1957	10	406
1957	11	1129
1957	12	991
1958	1	707
1958	2	550
1958	3	473
1958	4	602
1958	5	498
1958	6	261
1958	7	128
1958	8	178
1958	9	409
1958	10	384
1958	11	190
1958	12	112
1959	1	159
1959	2	880
1959	3	639
1959	4	550
1959	5	232
1959	6	183
1959	7	128
1959	8	145
1959	9	130
1959	10	93
1959	11	106
1959	12	340
1960	1	511
1960	2	459
1960	3	436
1960	4	202
1960	5	144
1960	6	57
1960	7	63
1960	8	105
1960	9	79
1960	10	127
1960	11	262
1960	12	371
1961	1	1126
1961	2	956
1961	3	1145
1961	4	1026
1961	5	282
1961	6	294
1961	7	633
1961	8	473
1961	9	510
1961	10	171
1961	11	439
1961	12	844
1962	1	968
1962	2	669
1962	3	279
1962	4	649
1962	5	396
1962	6	290
1962	7	188
1962	8	111
1962	9	254
1962	10	120
1962	11	160
1962	12	406
1963	1	869
1963	2	612
1963	3	362
1963	4	117
1963	5	87
1963	6	66
1963	7	151
1963	8	83
1963	9	75
1963	10	58
1963	11	134
1963	12	314
1964	1	507
1964	2	330
1964	3	1014
1964	4	1007
1964	5	959
1964	6	157
1964	7	112
1964	8	151
1964	9	88
1964	10	144
1964	11	163
1964	12	1047
1965	1	511
1965	2	449
1965	3	903
1965	4	205
1965	5	81
1965	6	86
1965	7	78
1965	8	88
1965	9	168
1965	10	121
1965	11	142
1965	12	428
1966	1	706
1966	2	1023
1966	3	508
1966	4	492
1966	5	892
1966	6	153
1966	7	89
1966	8	268
1966	9	128
1966	10	212
1966	11	620
1966	12	368
1967	1	256
1967	2	460
1967	3	231
1967	4	593
1967	5	842
1967	6	195
1967	7	174
1967	8	167
1967	9	152
1967	10	89
1967	11	157
1967	12	808
1968	1	1133
1968	2	464
1968	3	472
1968	4	535
1968	5	233
1968	6	103
1968	7	121
1968	8	140
1968	9	124
1968	10	111
1968	11	121
1968	12	753
1969	1	306
1969	2	457
1969	3	685
1969	4	703
1969	5	526
1969	6	138
1969	7	365
1969	8	342
1969	9	127
1969	10	105
1969	11	90
1969	12	142
1970	1	220
1970	2	173
1970	3	299
1970	4	254
1970	5	468
1970	6	132
1970	7	133
1970	8	104
1970	9	69
1970	10	714
1970	11	714
1970	12	183
1971	1	336
1971	2	442
1971	3	797
1971	4	356
1971	5	692
1971	6	176
1971	7	116
1971	8	203
1971	9	198
1971	10	124
1971	11	82
1971	12	1253
1972	1	978
1972	2	681
1972	3	459
1972	4	198
1972	5	265
1972	6	140
1972	7	131
1972	8	117
1972	9	87
1972	10	124
1972	11	259
1972	12	809
1973	1	865
1973	2	837
1973	3	1128
1973	4	1477
1973	5	1290
1973	6	696
1973	7	239
1973	8	222
1973	9	510
1973	10	294
1973	11	379
1973	12	803
1974	1	1214
1974	2	1379
1974	3	642
1974	4	832
1974	5	566
1974	6	280
1974	7	186
1974	8	178
1974	9	234
1974	10	131
1974	11	148
1974	12	584
1975	1	885
1975	2	474
1975	3	460
1975	4	478
1975	5	1066
1975	6	635
1975	7	605
1975	8	942
1975	9	296
1975	10	218
1975	11	213
1975	12	284
1976	1	427
1976	2	540
1976	3	540
1976	4	619
1976	5	316
1976	6	221
1976	7	238
1976	8	132
1976	9	109
1976	10	86
1976	11	108
1976	12	177
1977	1	563
1977	2	496
1977	3	626
1977	4	582
1977	5	547
1977	6	135
1977	7	123
1977	8	247
1977	9	234
1977	10	118
1977	11	389
1977	12	1059
1978	1	602
1978	2	924
1978	3	338
1978	4	148
1978	5	151
1978	6	164
1978	7	120
1978	8	127
1978	9	215
1978	10	55
1978	11	69
1978	12	167
1979	1	759
1979	2	1036
1979	3	928
1979	4	779
1979	5	358
1979	6	226
1979	7	176
1979	8	167
1979	9	698
1979	10	868
1979	11	527
1979	12	930
1980	1	680
1980	2	806
1980	3	716
1980	4	1509
1980	5	1019
1980	6	379
1980	7	132
1980	8	127
1980	9	85
1980	10	91
1980	11	94
1980	12	84
1981	1	102
1981	2	127
1981	3	315
1981	4	131
1981	5	216
1981	6	548
1981	7	233
1981	8	93
1981	9	92
1981	10	77
1981	11	66
1981	12	74
1982	1	307
1982	2	543
1982	3	309
1982	4	393
1982	5	335
1982	6	112
1982	7	132
1982	8	348
1982	9	167
1982	10	86
1982	11	271
1982	12	1737
1983	1	1779
1983	2	1152
1983	3	763
1983	4	1012
1983	5	566
1983	6	453
1983	7	166
1983	8	466
1983	9	190
1983	10	144
1983	11	137
1983	12	554
1984	1	607
1984	2	1135
1984	3	1020
1984	4	371
1984	5	315
1984	6	1129
1984	7	440
1984	8	155
1984	9	229
1984	10	1174
1984	11	1189
1984	12	778
1985	1	305
1985	2	788
1985	3	1103
1985	4	315
1985	5	158
1985	6	137
1985	7	136
1985	8	161
1985	9	329
1985	10	676
1985	11	1979
1985	12	1010
1986	1	369
1986	2	239
1986	3	199
1986	4	163
1986	5	163
1986	6	484
1986	7	617
1986	8	124
1986	9	109
1986	10	118
1986	11	419
1986	12	1018
1987	1	1074
1987	2	945
1987	3	1145
1987	4	575
1987	5	280
1987	6	214
1987	7	351
1987	8	180
1987	9	153
1987	10	105
1987	11	572
1987	12	864
1988	1	507
1988	2	754
1988	3	816
1988	4	724
1988	5	114
1988	6	82
1988	7	336
1988	8	189
1988	9	190
1988	10	108
1988	11	128
1988	12	367
1989	1	851
1989	2	413
1989	3	568
1989	4	568
1989	5	1057
1989	6	1174
1989	7	1920
1989	8	475
1989	9	110
1989	10	82
1989	11	122
1989	12	161
1990	1	764
1990	2	1179
1990	3	748
1990	4	362
1990	5	229
1990	6	194
1990	7	113
1990	8	97
1990	9	83
1990	10	77
1990	11	86
1990	12	301
1991	1	1058
1991	2	793
1991	3	500
1991	4	730
1991	5	1322
1991	6	1001
1991	7	701
1991	8	262
1991	9	287
1991	10	123
1991	11	388
1991	12	1205
1992	1	1049
1992	2	1021
1992	3	1155
1992	4	728
1992	5	200
1992	6	460
1992	7	387
1992	8	178
1992	9	200
1994	10	487
1994	11	531
1994	12	545
1995	1	427
1995	2	726
1995	3	952
1995	4	1672
1995	5	1138
1995	6	316
1995	7	219
1995	8	151
1995	9	124
1995	10	184
1995	11	179
1995	12	642
1996	1	671
1996	2	475
1996	3	154
1996	4	367
1996	5	141
1996	6	140
1996	7	123
1996	9	186
1996	10	492
1996	11	494
1996	12	295
1997	1	513
1997	2	1148
1997	3	1286
1997	4	472
1997	5	462
1997	6	202
1997	7	125
1997	8	113
1997	9	78
1997	10	82
1997	11	136
1997	12	589
1998	1	1360
1998	2	1042
1998	3	956
1998	4	331
1998	5	153
1998	6	89
1998	7	111
1998	8	69
1998	9	304
1998	10	97
1998	11	235
1998	12	505
1999	1	700
1999	2	818
1999	3	509
1999	4	501
1999	5	116
1999	6	253
1999	7	175
1999	8	136
1999	9	73
1999	10	15
1999	11	49
1999	12	159
2000	1	110
2000	2	65
2000	3	109
2000	4	318
2000	5	244
2000	6	99
2000	7	91
2000	8	39
2000	9	56
2000	10	51
2000	11	258
2000	12	303
2001	1	447
2001	2	397
2001	3	711
2001	4	281
2001	5	54
2001	6	323
2001	7	259
2001	8	55
2001	9	493
2001	10	428
2001	11	241
2001	12	1324
2002	1	644
2002	2	531
2002	3	608
2002	4	605
2002	5	83
2002	6	100
2002	7	129
2002	8	116
2002	9	98
2002	10	950
2002	11	2533
2002	12	1133
2003	1	655
2003	2	851
2003	3	951
2003	4	309
2003	5	91
2003	6	298
2003	7	268
2003	8	76
2003	9	127
2003	10	77
2003	11	225
2003	12	356
2004	1	550
2004	2	1380
2004	3	687
2004	4	148
2004	5	1426
2004	6	982
2004	7	702
2004	8	87
2004	9	47
2004	10	204
2004	11	708
2004	12	1066
2005	1	607
2005	2	839
2005	3	469
2005	4	195
2005	5	78
2005	6	83
2005	7	129
2005	8	92
2005	9	211
2005	10	295
2005	11	78
2005	12	258
2006	1	145
2006	2	355
2006	3	210
2006	4	132
2006	5	440
2006	6	92
2006	7	88
2006	8	89
2006	9	127
2006	10	507
2006	11	718
2006	12	173
2007	1	905
2007	2	475
2007	3	105
2007	4	277
2007	5	120
2007	6	101
2007	7	315
2007	8	198
2007	9	182
2007	10	89
2007	11	141
2007	12	202
2008	1	276
2008	2	634
2008	3	318
2008	4	155
2008	5	160
2008	6	108
2008	7	67
2008	8	55
2008	9	1516
2008	10	563
2008	11	136
2008	12	505
2009	1	330
2009	2	197
2009	3	327
2009	4	681
2009	5	577
2009	6	134
2009	7	66
2009	8	76
2009	9	70
2009	10	152
2009	11	463
2009	12	582
2010	1	489
2010	2	850
2010	3	444
2010	4	165
2010	5	124
2010	6	143
2010	7	130
2010	8	91
2010	9	39
2010	10	6
2010	11	6
2010	12	60
2011	1	184
2011	2	186
2011	3	167
2011	4	87
2011	5	40
2011	6	26
2011	7	21
2011	8	21
2011	9	113
2011	10	26
2011	11	43
2011	12	180
2012	1	422
2012	2	1612
2012	3	1125
2012	4	685
2012	5	89
2012	6	71
2012	7	122
2012	8	121
2012	9	134
2012	10	122
2012	11	44
2012	12	171
2013	1	1325
2013	2	867
2013	3	482
2013	4	191
2013	5	201
2013	6	110
2013	7	98
2013	8	75
2013	9	29
2013	10	35
2013	11	152
2013	12	161
2014	1	69
2014	2	502
2014	3	268
2014	4	190
2014	5	147
2014	6	310
2014	7	154
2014	8	81
2014	9	254
2014	10	86
2014	11	87
2014	12	133
2015	1	573
2015	2	146
2015	3	577
2015	4	717
2015	5	496
2015	6	405
2015	7	102
2015	8	58
2015	9	59
