1940	1	1313
1940	2	5291
1940	3	736
1940	4	2223
1940	5	2134
1940	6	2588
1940	7	1543
1940	8	226
1940	9	240
1940	10	86
1940	11	4507
1940	12	14561
1941	1	8308
1941	2	5635
1941	3	7825
1941	4	3543
1941	5	4671
1941	6	5393
1941	7	3539
1941	8	379
1941	9	747
1941	10	1796
1941	11	8385
1941	12	3408
1942	1	2770
1942	2	2798
1942	3	3245
1942	4	6358
1942	5	5870
1942	6	3657
1942	7	1344
1942	8	1376
1942	9	900
1942	10	306
1942	11	542
1942	12	681
1943	1	3282
1943	2	1354
1943	3	1087
1943	4	1243
1943	5	1072
1943	6	1864
1943	7	653
1943	8	277
1943	9	57
1943	10	266
1943	11	581
1943	12	640
1944	1	3867
1944	2	5936
1944	3	6910
1944	4	4987
1944	5	23930
1944	6	5002
1944	7	378
1944	8	132
1944	9	645
1944	10	139
1944	11	677
1944	12	4451
1945	1	11195
1945	2	7059
1945	3	7020
1945	4	18376
1945	5	3566
1945	6	1045
1945	7	1765
1945	8	1080
1945	9	281
1945	10	1888
1945	11	1404
1945	12	2205
1946	1	7199
1946	2	14094
1946	3	8650
1946	4	5661
1946	5	6848
1946	6	7712
1946	7	1904
1946	8	419
1946	9	1385
1946	10	967
1946	11	9493
1946	12	5605
1947	1	10549
1947	2	4058
1947	3	8398
1947	4	4073
1947	5	6103
1947	6	3569
1947	7	768
1947	8	163
1947	9	143
1947	10	138
1947	11	429
1947	12	1492
1948	1	1734
1948	2	5571
1948	3	4310
1948	4	3419
1948	5	2037
1948	6	1310
1948	7	290
1948	8	66
1948	9	59
1948	10	37
1948	11	273
1948	12	374
1949	1	1868
1949	2	3565
1949	3	5317
1949	4	4363
1949	5	2279
1949	6	818
1949	7	218
1949	8	268
1949	9	216
1949	10	2288
1949	11	1510
1949	12	3383
1950	1	8304
1950	2	9824
1950	3	5204
1950	4	1775
1950	5	5561
1950	6	8358
1950	7	641
1950	8	225
1950	9	188
1950	10	186
1950	11	196
1950	12	307
1951	1	483
1951	2	839
1951	3	1538
1951	4	1656
1951	5	623
1951	6	406
1951	7	210
1951	8	41
1951	9	75
1951	10	87
1951	11	132
1951	12	371
1952	1	477
1952	2	1402
1952	3	2624
1952	4	3347
1952	5	4615
1952	6	1540
1952	7	151
1952	8	57
1952	9	15
1952	10	9
1952	11	126
1952	12	762
1953	1	1330
1953	2	2086
1953	3	4317
1953	4	3063
1953	5	17568
1953	6	3237
1953	7	637
1953	8	205
1953	9	163
1953	10	50
1953	11	146
1953	12	1068
1954	1	1267
1954	2	937
1954	3	648
1954	4	937
1954	5	2759
1954	6	1005
1954	7	58
1954	8	24
1954	9	7
1954	10	18
1954	11	800
1954	12	802
1955	1	1076
1955	2	3281
1955	3	1948
1955	4	5333
1955	5	1530
1955	6	1126
1955	7	169
1955	8	176
1955	9	96
1955	10	137
1955	11	44
1955	12	147
1956	1	251
1956	2	1371
1956	3	601
1956	4	1202
1956	5	1490
1956	6	256
1956	7	47
1956	8	10
1956	9	4
1956	10	2
1956	11	28
1956	12	60
1957	1	105
1957	2	340
1957	3	1089
1957	4	2290
1957	5	14234
1957	6	4030
1957	7	643
1957	8	316
1957	9	128
1957	10	2480
1957	11	7808
1957	12	4956
1958	1	6426
1958	2	3966
1958	3	2654
1958	4	1694
1958	5	6870
1958	6	746
1958	7	869
1958	8	205
1958	9	1629
1958	10	1539
1958	11	476
1958	12	644
1959	1	580
1959	2	2305
1959	3	2024
1959	4	4792
1959	5	4551
1959	6	3437
1959	7	1182
1959	8	945
1959	9	233
1959	10	493
1959	11	974
1959	12	2280
1960	1	4458
1960	2	5022
1960	3	5148
1960	4	1543
1960	5	1272
1960	6	885
1960	7	814
1960	8	447
1960	9	218
1960	10	538
1960	11	1465
1960	12	8756
1961	1	12313
1961	2	7206
1961	3	7131
1961	4	5391
1961	5	991
1961	6	835
1961	7	2068
1961	8	385
1961	9	1423
1961	10	334
1961	11	561
1961	12	3250
1962	1	2821
1962	2	3356
1962	3	2593
1962	4	1850
1962	5	5936
1962	6	1282
1962	7	614
1962	8	245
1962	9	362
1962	10	227
1962	11	298
1962	12	1153
1963	1	1551
1963	2	1557
1963	3	1493
1963	4	1293
1963	5	695
1963	6	488
1963	7	222
1963	8	61
1963	9	89
1963	10	36
1963	11	72
1963	12	285
1964	1	538
1964	2	681
1964	3	2462
1964	4	2645
1964	5	2290
1964	6	565
1964	7	74
1964	8	34
1964	9	43
1964	10	43
1964	11	65
1964	12	248
1965	1	354
1965	2	1357
1965	3	1414
1965	4	2389
1965	5	2144
1965	6	3366
1965	7	237
1965	8	107
1965	9	376
1965	10	129
1965	11	192
1965	12	2681
1966	1	2027
1966	2	5377
1966	3	1259
1966	4	1338
1966	5	12289
1966	6	1428
1966	7	262
1966	8	422
1966	9	367
1966	10	331
1966	11	185
1966	12	334
1967	1	547
1967	2	522
1967	3	474
1967	4	1413
1967	5	1350
1967	6	1114
1967	7	288
1967	8	75
1967	9	98
1967	10	68
1967	11	136
1967	12	340
1968	1	2563
1968	2	1983
1968	3	2849
1968	4	9213
1968	5	6177
1968	6	5488
1968	7	3696
1968	8	531
1968	9	818
1968	10	466
1968	11	756
1968	12	3850
1969	1	2344
1969	2	3589
1969	3	9549
1969	4	10405
1969	5	12727
1969	6	2171
1969	7	352
1969	8	60
1969	9	91
1969	10	85
1969	11	409
1969	12	1129
1970	1	1461
1970	2	1458
1970	3	2927
1970	4	2490
1970	5	1828
1970	6	266
1970	7	89
1970	8	36
1970	9	85
1970	10	437
1970	11	837
1970	12	499
1971	1	486
1971	2	368
1971	3	548
1971	4	281
1971	5	469
1971	6	102
1971	7	42
1971	8	79
1971	9	70
1971	10	180
1971	11	140
1971	12	1155
1972	1	1607
1972	2	1371
1972	3	1224
1972	4	780
1972	5	1342
1972	6	191
1972	7	200
1972	8	91
1972	9	92
1972	10	189
1972	11	981
1972	12	1469
1973	1	3974
1973	2	2788
1973	3	4938
1973	4	8969
1973	5	6192
1973	6	10253
1973	7	2241
1973	8	583
1973	9	2148
1973	10	4831
1973	11	6142
1973	12	7804
1974	1	11500
1974	2	7402
1974	3	2729
1974	4	1724
1974	5	1335
1974	6	951
1974	7	214
1974	8	146
1974	9	1368
1974	10	1065
1974	11	5115
1974	12	5195
1975	1	5263
1975	2	7866
1975	3	3033
1975	4	3077
1975	5	6019
1975	6	3020
1975	7	1858
1975	8	558
1975	9	199
1975	10	443
1975	11	833
1975	12	813
1976	1	1103
1976	2	1358
1976	3	2039
1976	4	1854
1976	5	4653
1976	6	2576
1976	7	3285
1976	8	592
1976	9	704
1976	10	763
1976	11	749
1976	12	2592
1977	1	2823
1977	2	3291
1977	3	4137
1977	4	4736
1977	5	3088
1977	6	695
1977	7	290
1977	8	196
1977	9	240
1977	10	119
1977	11	183
1977	12	518
1978	1	2032
1978	2	2814
1978	3	1600
1978	4	1141
1978	5	491
1978	6	401
1978	7	75
1978	8	84
1978	9	137
1978	10	83
1978	11	189
1978	12	585
1979	1	3744
1979	2	5416
1979	3	6442
1979	4	11990
1979	5	5636
1979	6	5667
1979	7	1047
1979	8	2052
1979	9	3041
1979	10	1249
1979	11	1759
1979	12	3322
1980	1	3917
1980	2	5774
1980	3	3616
1980	4	4588
1980	5	7271
1980	6	997
1980	7	177
1980	8	83
1980	9	66
1980	10	76
1980	11	127
1980	12	212
1981	1	263
1981	2	437
1981	3	584
1981	4	321
1981	5	640
1981	6	3631
1981	7	1891
1981	8	134
1981	9	391
1981	10	989
1981	11	864
1981	12	376
1982	1	580
1982	2	1342
1982	3	1278
1982	4	5074
1982	5	5587
1982	6	1208
1982	7	1151
1982	8	157
1982	9	64
1982	10	167
1982	11	1013
1982	12	4836
1983	1	3886
1983	2	6321
1983	3	5680
1983	4	2867
1983	5	5279
1983	6	3998
1983	7	1086
1983	8	948
1983	9	342
1983	10	160
1983	11	360
1983	12	2411
1984	1	1562
1984	2	3074
1984	3	4869
1984	4	1829
1984	5	1134
1984	6	377
1984	7	236
1984	8	169
1984	9	95
1984	10	1868
1984	11	2470
1984	12	1634
1985	1	2870
1985	2	4473
1985	3	5620
1985	4	2216
1985	5	1452
1985	6	328
1985	7	195
1985	8	98
1985	9	84
1985	10	752
1985	11	2254
1985	12	6794
1986	1	2123
1986	2	3415
1986	3	1333
1986	4	1653
1986	5	4963
1986	6	8686
1986	7	1549
1986	8	203
1986	9	450
1986	10	420
1986	11	4093
1986	12	5178
1987	1	3507
1987	2	3435
1987	3	7213
1987	4	2122
1987	5	641
1987	6	1314
1987	7	619
1987	8	144
1987	9	301
1987	10	98
1987	11	1290
1987	12	2961
1988	1	4128
1988	2	1783
1988	3	3305
1988	4	2355
1988	5	559
1988	6	223
1988	7	306
1988	8	168
1988	9	103
1988	10	108
1988	11	217
1988	12	543
1989	1	2352
1989	2	4046
1989	3	2422
1989	4	5034
1989	5	6690
1989	6	7931
1989	7	11256
1989	8	401
1989	9	193
1989	10	166
1989	11	202
1989	12	446
1990	1	3209
1990	2	4426
1990	3	3760
1990	4	7329
1990	5	5351
1990	6	10359
1990	7	455
1990	8	229
1990	9	277
1990	10	750
1990	11	1520
1990	12	1567
1991	1	12569
1991	2	8360
1991	3	5982
1991	4	7076
1991	5	9081
1991	6	2424
1991	7	986
1991	8	2673
1991	9	1228
1991	10	324
1991	11	1217
1991	12	5361
1992	1	11063
1992	2	13925
1992	3	13753
1992	4	3802
1992	5	1997
1992	6	1992
1992	7	501
1992	8	353
1992	9	473
1992	10	241
1992	11	697
1992	12	3643
1993	1	8831
1993	2	3710
1993	3	7515
1993	4	6654
1993	5	5052
1993	6	4534
1993	7	4377
1993	8	279
1993	9	220
1993	10	460
1993	11	709
1993	12	1452
1994	1	1468
1994	2	5821
1994	3	7157
1994	4	2590
1994	5	3853
1994	6	2707
1994	7	405
1994	8	698
1994	9	800
1994	10	10619
1994	11	3032
1994	12	8981
1995	1	12850
1995	2	5922
1995	3	8406
1995	4	6166
1995	5	4096
1995	6	2062
1995	7	507
1995	8	575
1995	9	462
1995	10	403
1995	11	326
1995	12	1753
1996	1	722
1996	2	510
1996	3	394
1996	4	518
1996	5	307
1996	6	161
1996	7	131
1996	8	574
1996	9	910
1996	10	477
1996	11	421
1996	12	1637
1997	1	2331
1997	2	7718
1997	3	10427
1997	4	6324
1997	5	4363
1997	6	3129
1997	7	980
1997	8	776
1997	9	288
1997	10	381
1997	11	827
1997	12	3443
1998	1	13170
1998	2	5903
1998	3	6659
1998	4	1983
1998	5	509
1998	6	189
1998	7	99
1998	8	171
1998	9	535
1998	10	1665
1998	11	7673
1998	12	6452
1999	1	5102
1999	2	11737
1999	3	3938
1999	4	3233
1999	5	1694
1999	6	2547
1999	7	1383
1999	8	169
1999	9	108
1999	10	188
1999	11	167
1999	12	347
2000	1	292
2000	2	310
2000	3	629
2000	4	1381
2000	5	2514
2000	6	1969
2000	7	457
2000	8	108
2000	9	104
2000	10	122
2000	11	3310
2000	12	4370
2001	1	8503
2001	2	5666
2001	3	15890
2001	4	4359
2001	5	1127
2001	6	10514
2001	7	1045
2001	8	217
2001	9	1575
2001	10	2214
2001	11	764
2001	12	8192
2002	1	4260
2002	2	3135
2002	3	2521
2002	4	6170
2002	5	896
2002	6	511
2002	7	524
2002	8	203
2002	9	247
2002	10	1334
2002	11	5655
2002	12	5861
2003	1	5460
2003	2	5512
2003	3	9657
2003	4	1876
2003	5	543
2003	6	1361
2003	7	938
2003	8	306
2003	9	1019
2003	10	348
2003	11	896
2003	12	819
2004	1	2511
2004	2	8395
2004	3	5261
2004	4	2011
2004	5	7153
2004	6	2794
2004	7	4065
2004	8	546
2004	9	560
2004	10	1136
2004	11	8813
2004	12	6914
2005	1	3073
2005	2	9714
2005	3	5955
2005	4	2829
2005	5	557
2005	6	317
2005	7	270
2005	8	265
2005	9	411
2005	10	183
2005	11	176
2005	12	237
2006	1	518
2006	2	2128
2006	3	1159
2006	4	786
2006	5	377
2006	6	165
2006	7	382
2006	8	95
2006	9	74
2006	10	4324
2006	11	1847
2006	12	1418
2007	1	9883
2007	2	4484
2007	3	1850
2007	4	1773
2007	5	3484
2007	6	2908
2007	7	10655
2007	8	3262
2007	9	376
2007	10	203
2007	11	382
2007	12	1166
2008	1	986
2008	2	5671
2008	3	3982
2008	4	3313
2008	5	1333
2008	6	878
2008	7	238
2008	8	553
2008	9	773
2008	10	737
2008	11	634
2008	12	912
2009	1	794
2009	2	642
2009	3	2009
2009	4	5425
2009	5	2846
2009	6	377
2009	7	169
2009	8	253
2009	9	249
2009	10	1987
2009	11	7053
2009	12	3290
2010	1	2348
2010	2	5845
2010	3	5060
2010	4	1852
2010	5	384
2010	6	864
2010	7	1176
2010	8	157
2010	9	164
2010	10	103
2010	11	171
2010	12	176
2011	1	481
2011	2	564
2011	3	300
2011	4	190
2011	5	401
2011	6	113
2011	7	86
2011	8	72
2011	9	74
2011	10	69
2011	11	95
2011	12	539
2012	1	1724
2012	2	4090
2012	3	7848
2012	4	3063
2012	5	401
2012	6	420
2012	7	483
2012	8	80
2012	9	118
2012	10	490
2012	11	128
2012	12	266
2013	1	1233
2013	2	1152
2013	3	534
2013	4	659
2013	5	482
2013	6	1077
2013	7	89
2013	8	51
2013	9	194
2013	10	366
2013	11	2819
2013	12	3291
2014	1	1921
2014	2	1402
2014	3	1929
2014	4	1807
2014	5	2538
2014	6	2180
2014	7	1280
2014	8	360
2014	9	215
2014	10	385
2014	11	489
2014	12	733
2015	1	5529
2015	2	2337
2015	3	10752
2015	4	6516
2015	5	16769
2015	6	11939
2015	7	1042
2015	8	117
2015	9	88
