1940	1	0
1940	2	145
1940	3	0
1940	4	243
1940	5	1760
1940	6	3242
1940	7	471
1940	8	3341
1940	9	838
1940	10	7
1940	11	981
1940	12	241
1941	1	37
1941	2	682
1941	3	632
1941	4	3652
1941	5	20134
1941	6	8492
1941	7	1649
1941	8	1616
1941	9	1482
1941	10	11620
1941	11	1826
1941	12	728
1942	1	225
1942	2	197
1942	3	91
1942	4	4975
1942	5	1194
1942	6	1234
1942	7	155
1942	8	453
1942	9	2823
1942	10	4462
1942	11	430
1942	12	282
1943	1	134
1943	2	55
1943	3	315
1943	4	656
1943	5	231
1943	6	1311
1943	7	184
1943	8	1
1943	9	0
1943	10	11
1943	11	0
1943	12	2
1944	1	24
1944	2	275
1944	3	215
1944	4	54
1944	5	791
1944	6	644
1944	7	459
1944	8	189
1944	9	161
1944	10	833
1944	11	81
1944	12	128
1945	1	74
1945	2	66
1945	3	1084
1945	4	1065
1945	5	213
1945	6	822
1945	7	1930
1945	8	124
1945	9	61
1945	10	1076
1945	11	64
1945	12	32
1946	1	68
1946	2	26
1946	3	19
1946	4	32
1946	5	317
1946	6	591
1946	7	322
1946	8	909
1946	9	2562
1946	10	1478
1946	11	643
1946	12	1080
1947	1	111
1947	2	37
1947	3	60
1947	4	60
1947	5	7949
1947	6	611
1947	7	104
1947	8	2
1947	9	55
1947	10	506
1947	11	171
1947	12	445
1948	1	61
1948	2	192
1948	3	250
1948	4	63
1948	5	441
1948	6	2203
1948	7	1930
1948	8	169
1948	9	16
1948	10	243
1948	11	189
1948	12	13
1949	1	123
1949	2	187
1949	3	88
1949	4	156
1949	5	3452
1949	6	2404
1949	7	141
1949	8	205
1949	9	1311
1949	10	671
1949	11	115
1949	12	35
1950	1	36
1950	2	52
1950	3	15
1950	4	712
1950	5	3044
1950	6	580
1950	7	2653
1950	8	873
1950	9	2533
1950	10	217
1950	11	37
1950	12	40
1951	1	36
1951	2	52
1951	3	31
1951	4	24
1951	5	1332
1951	6	2132
1951	7	312
1951	8	270
1951	9	200
1951	10	3
1951	11	5
1951	12	0
1952	1	0
1952	2	4
1952	3	2
1952	4	47
1952	5	328
1952	6	164
1952	7	153
1952	8	2
1952	9	0
1952	10	0
1952	11	75
1952	12	26
1953	1	2
1953	2	0
1953	3	97
1953	4	93
1953	5	994
1953	6	82
1953	7	3997
1953	8	1218
1953	9	213
1953	10	3478
1953	11	344
1953	12	102
1954	1	55
1954	2	24
1954	3	10
1954	4	1708
1954	5	5977
1954	6	650
1954	7	45
1954	8	43
1954	9	0
1954	10	30
1954	11	235
1954	12	13
1955	1	86
1955	2	130
1955	3	351
1955	4	119
1955	5	3327
1955	6	2447
1955	7	837
1955	8	327
1955	9	7200
1955	10	4861
1955	11	233
1955	12	149
1956	1	119
1956	2	97
1956	3	37
1956	4	21
1956	5	543
1956	6	144
1956	7	1
1956	8	2
1956	9	1
1956	10	34
1956	11	186
1956	12	138
1957	1	6
1957	2	3127
1957	3	171
1957	4	7909
1957	5	22428
1957	6	5833
1957	7	453
1957	8	212
1957	9	275
1957	10	1746
1957	11	1419
1957	12	120
1958	1	89
1958	2	69
1958	3	212
1958	4	328
1958	5	2432
1958	6	358
1958	7	1814
1958	8	94
1958	9	1026
1958	10	134
1958	11	46
1958	12	24
1959	1	17
1959	2	13
1959	3	7
1959	4	39
1959	5	693
1959	6	2703
1959	7	1568
1959	8	269
1959	9	92
1959	10	2870
1959	11	115
1959	12	309
1960	1	294
1960	2	249
1960	3	83
1960	4	173
1960	5	44
1960	6	246
1960	7	3029
1960	8	216
1960	9	22
1960	10	4627
1960	11	405
1960	12	253
1961	1	490
1961	2	425
1961	3	214
1961	4	121
1961	5	504
1961	6	4649
1961	7	4406
1961	8	327
1961	9	1230
1961	10	177
1961	11	495
1961	12	155
1962	1	91
1962	2	58
1962	3	94
1962	4	95
1962	5	83
1962	6	4168
1962	7	664
1962	8	340
1962	9	6231
1962	10	559
1962	11	844
1962	12	456
1963	1	118
1963	2	101
1963	3	121
1963	4	731
1963	5	1155
1963	6	3586
1963	7	234
1963	8	69
1963	9	269
1963	10	151
1963	11	306
1963	12	221
1964	1	100
1964	2	432
1964	3	52
1964	4	59
1964	5	202
1964	6	449
1964	7	5
1964	8	42
1964	9	469
1964	10	82
1964	11	226
1964	12	33
1965	1	40
1965	2	27
1965	3	11
1965	4	298
1965	5	3856
1965	6	449
1965	7	30
1965	8	401
1965	9	338
1965	10	1099
1965	11	118
1965	12	55
1966	1	53
1966	2	56
1966	3	38
1966	4	2595
1966	5	2081
1966	6	256
1966	7	25
1966	8	1074
1966	9	5826
1966	10	266
1966	11	87
1966	12	75
1967	1	60
1967	2	38
1967	3	37
1967	4	878
1967	5	91
1967	6	1694
1967	7	2236
1967	8	149
1967	9	590
1967	10	112
1967	11	42
1967	12	54
1968	1	1742
1968	2	260
1968	3	1099
1968	4	1487
1968	5	858
1968	6	1153
1968	7	1127
1968	8	159
1968	9	37
1968	10	10
1968	11	28
1968	12	101
1969	1	42
1969	2	94
1969	3	336
1969	4	415
1969	5	6370
1969	6	436
1969	7	39
1969	8	22
1969	9	2695
1969	10	643
1969	11	581
1969	12	331
1970	1	223
1970	2	182
1970	3	758
1970	4	640
1970	5	1174
1970	6	275
1970	7	8
1970	8	0
1970	9	12
1970	10	36
1970	11	8
1970	12	5
1971	1	12
1971	2	14
1971	3	6
1971	4	0
1971	5	518
1971	6	880
1971	7	47
1971	8	4863
1971	9	2483
1971	10	1608
1971	11	411
1971	12	324
1972	1	156
1972	2	111
1972	3	73
1972	4	133
1972	5	821
1972	6	190
1972	7	186
1972	8	3012
1972	9	1847
1972	10	879
1972	11	2007
1972	12	259
1973	1	502
1973	2	577
1973	3	981
1973	4	858
1973	5	189
1973	6	559
1973	7	145
1973	8	98
1973	9	338
1973	10	163
1973	11	60
1973	12	53
1974	1	44
1974	2	44
1974	3	36
1974	4	98
1974	5	130
1974	6	434
1974	7	6
1974	8	64
1974	9	2478
1974	10	2067
1974	11	2143
1974	12	287
1975	1	267
1975	2	1017
1975	3	202
1975	4	178
1975	5	1508
1975	6	698
1975	7	944
1975	8	427
1975	9	589
1975	10	127
1975	11	206
1975	12	109
1976	1	99
1976	2	62
1976	3	72
1976	4	251
1976	5	242
1976	6	41
1976	7	195
1976	8	204
1976	9	836
1976	10	1388
1976	11	622
1976	12	142
1977	1	148
1977	2	128
1977	3	423
1977	4	700
1977	5	785
1977	6	494
1977	7	94
1977	8	35
1977	9	111
1977	10	6
1977	11	9
1977	12	17
1978	1	21
1978	2	51
1978	3	72
1978	4	97
1978	5	215
1978	6	307
1978	7	2
1978	8	9363
1978	9	469
1978	10	229
1978	11	145
1978	12	106
1979	1	133
1979	2	105
1979	3	304
1979	4	173
1979	5	1060
1979	6	1180
1979	7	402
1979	8	365
1979	9	35
1979	10	6
1979	11	41
1979	12	44
1980	1	60
1980	2	66
1980	3	33
1980	4	21
1980	5	2101
1980	6	480
1980	7	37
1980	8	9
1980	9	1702
1980	10	4107
1980	11	297
1980	12	613
1981	1	237
1981	2	159
1981	3	425
1981	4	877
1981	5	467
1981	6	1842
1981	7	186
1981	8	222
1981	9	155
1981	10	7600
1981	11	278
1981	12	155
1982	1	110
1982	2	119
1982	3	126
1982	4	81
1982	5	6872
1982	6	8652
1982	7	1671
1982	8	245
1982	9	168
1982	10	92
1982	11	80
1982	12	116
1983	1	138
1983	2	285
1983	3	146
1983	4	114
1983	5	1158
1983	6	428
1983	7	138
1983	8	7
1983	9	0
1983	10	1799
1983	11	588
1983	12	202
1984	1	168
1984	2	109
1984	3	99
1984	4	54
1984	5	22
1984	6	5
1984	7	5
1984	8	47
1984	9	28
1984	10	693
1984	11	587
1984	12	481
1985	1	706
1985	2	900
1985	3	834
1985	4	1509
1985	5	1569
1985	6	1795
1985	7	340
1985	8	187
1985	9	60
1985	10	1762
1985	11	227
1985	12	122
1986	1	87
1986	2	94
1986	3	76
1986	4	168
1986	5	300
1986	6	1965
1986	7	830
1986	8	245
1986	9	1916
1986	10	4996
1986	11	1008
1986	12	741
1987	1	597
1987	2	1359
1987	3	1583
1987	4	389
1987	5	2015
1987	6	3816
1987	7	762
1987	8	201
1987	9	256
1987	10	89
1987	11	66
1987	12	396
1988	1	177
1988	2	119
1988	3	103
1988	4	92
1988	5	69
1988	6	95
1988	7	426
1988	8	43
1988	9	800
1988	10	123
1988	11	70
1988	12	64
1989	1	53
1989	2	274
1989	3	110
1989	4	68
1989	5	1523
1989	6	1590
1989	7	109
1989	8	265
1989	9	1370
1989	10	119
1989	11	60
1989	12	45
1990	1	119
1990	2	136
1990	3	1407
1990	4	5435
1990	5	6741
1990	6	4293
1990	7	276
1990	8	626
1990	9	1281
1990	10	314
1990	11	214
1990	12	126
1991	1	414
1991	2	251
1991	3	139
1991	4	96
1991	5	1177
1991	6	5660
1991	7	493
1991	8	1030
1991	9	1236
1991	10	1166
1991	11	612
1991	12	6024
1992	1	1672
1992	2	8987
1992	3	4142
1992	4	1161
1992	5	1583
1992	6	7975
1992	7	1518
1992	8	663
1992	9	414
1992	10	105
1992	11	362
1992	12	533
1993	1	379
1993	2	705
1993	3	829
1993	4	408
1993	5	385
1993	6	669
1993	7	62
1993	8	18
1993	9	109
1993	10	445
1993	11	85
1993	12	108
1994	1	81
1994	2	118
1994	3	83
1994	4	49
1994	5	2204
1994	6	220
1994	7	133
1994	8	16
1994	9	181
1994	10	830
1994	11	284
1994	12	126
1995	1	82
1995	2	68
1995	3	119
1995	4	70
1995	5	485
1995	6	1343
1995	7	210
1995	8	1583
1995	9	548
1995	10	173
1995	11	134
1995	12	64
1996	1	80
1996	2	56
1996	3	51
1996	4	89
1996	5	20
1996	6	92
1996	7	38
1996	8	378
1996	9	2413
1996	10	219
1996	11	534
1996	12	454
1997	1	101
1997	2	2271
1997	3	992
1997	4	906
1997	5	1660
1997	6	3195
1997	7	653
1997	8	253
1997	9	67
1997	10	50
1997	11	36
1997	12	116
1998	1	107
1998	2	165
1998	3	1423
1998	4	126
1998	5	89
1998	6	64
1998	7	63
1998	8	0
1998	9	0
1998	10	3
1998	11	11
1998	12	24
1999	1	28
1999	2	86
1999	3	526
1999	4	243
1999	5	388
1999	6	1767
1999	7	218
1999	8	43
1999	9	14
1999	10	19
1999	11	7
1999	12	6
2000	1	5
2000	2	3
2000	3	847
2000	4	337
2000	5	239
2000	6	341
2000	7	272
2000	8	0
2000	9	0
2000	10	79
2000	11	584
2000	12	149
2001	1	126
2001	2	1076
2001	3	1717
2001	4	247
2001	5	289
2001	6	130
2001	7	146
2001	8	34
2001	9	334
2001	10	167
2001	11	166
2001	12	62
2002	1	17
2002	2	25
2002	3	53
2002	4	763
2002	5	493
2002	6	562
2002	7	1030
2002	8	263
2002	9	64
2002	10	172
2002	11	299
2002	12	168
2003	1	89
2003	2	61
2003	3	52
2003	4	23
2003	5	27
2003	6	1324
2003	7	267
2003	8	2
2003	9	103
2003	10	4
2003	11	4
2003	12	0
2004	1	4
2004	2	50
2004	3	323
2004	4	380
2004	5	123
2004	6	830
2004	7	1822
2004	8	2199
2004	9	388
2004	10	685
2004	11	4062
2004	12	826
2005	1	507
2005	2	413
2005	3	368
2005	4	206
2005	5	175
2005	6	356
2005	7	120
2005	8	6847
2005	9	690
2005	10	282
2005	11	135
2005	12	105
2006	1	85
2006	2	66
2006	3	109
2006	4	148
2006	5	1160
2006	6	96
2006	7	16
2006	8	0
2006	9	218
2006	10	1269
2006	11	364
2006	12	124
2007	1	108
2007	2	85
2007	3	270
2007	4	327
2007	5	2524
2007	6	5178
2007	7	2577
2007	8	3000
2007	9	597
2007	10	172
2007	11	98
2007	12	143
2008	1	110
2008	2	99
2008	3	475
2008	4	484
2008	5	424
2008	6	475
2008	7	41
2008	8	80
2008	9	572
2008	10	391
2008	11	170
2008	12	83
2009	1	61
2009	2	50
2009	3	41
2009	4	30
2009	5	145
2009	6	376
2009	7	273
2009	8	185
2009	9	110
2009	10	79
2009	11	25
2009	12	24
2010	1	212
2010	2	647
2010	3	360
2010	4	3189
2010	5	1026
2010	6	360
2010	7	2443
2010	8	401
2010	9	853
2010	10	286
2010	11	119
2010	12	111
2011	1	100
2011	2	104
2011	3	63
2011	4	34
2011	5	12
2011	6	0
2011	7	0
2011	8	8
2011	9	0
2011	10	193
2011	11	53
2011	12	11
2012	1	290
2012	2	31
2012	3	40
2012	4	10
2012	5	25
2012	6	178
2012	7	6
2012	8	32
2012	9	63
2012	10	66
2012	11	1
2012	12	0
2013	1	2
2013	2	3
2013	3	5
2013	4	40
2013	5	65
2013	6	287
2013	7	438
2013	8	246
2013	9	45
2013	10	16
2013	11	2
2013	12	2
2014	1	5
2014	2	11
2014	3	5
2014	4	1
2014	5	3
2014	6	171
2014	7	127
2014	8	4
2014	9	262
2014	10	184
2014	11	116
2014	12	70
2015	1	55
2015	2	45
2015	3	63
2015	4	296
2015	5	4822
2015	6	3451
2015	7	1299
2015	8	164
2015	9	37
