1940	1	40
1940	2	116
1940	3	75
1940	4	686
1940	5	2123
1940	6	5897
1940	7	1634
1940	8	4288
1940	9	1139
1940	10	130
1940	11	4471
1940	12	3210
1941	1	955
1941	2	5081
1941	3	2130
1941	4	1772
1941	5	16578
1941	6	12907
1941	7	1774
1941	8	2079
1941	9	1644
1941	10	12073
1941	11	4282
1941	12	586
1942	1	820
1942	2	304
1942	3	218
1942	4	14335
1942	5	7103
1942	6	6140
1942	7	571
1942	8	496
1942	9	2869
1942	10	7585
1942	11	1178
1942	12	664
1943	1	728
1943	2	1377
1943	3	1828
1943	4	1711
1943	5	1114
1943	6	1233
1943	7	900
1943	8	690
1943	9	417
1943	10	124
1943	11	67
1943	12	129
1944	1	312
1944	2	894
1944	3	1095
1944	4	434
1944	5	4578
1944	6	691
1944	7	415
1944	8	437
1944	9	925
1944	10	433
1944	11	595
1944	12	700
1945	1	1240
1945	2	3428
1945	3	4736
1945	4	5869
1945	5	1414
1945	6	1410
1945	7	2968
1945	8	804
1945	9	450
1945	10	1608
1945	11	304
1945	12	406
1946	1	1542
1946	2	2152
1946	3	1117
1946	4	838
1946	5	1701
1946	6	1346
1946	7	594
1946	8	864
1946	9	2004
1946	10	3168
1946	11	3405
1946	12	3100
1947	1	1744
1947	2	972
1947	3	1204
1947	4	1211
1947	5	5559
1947	6	1878
1947	7	743
1947	8	751
1947	9	684
1947	10	462
1947	11	347
1947	12	1339
1948	1	845
1948	2	1921
1948	3	1082
1948	4	521
1948	5	1188
1948	6	1134
1948	7	1142
1948	8	861
1948	9	729
1948	10	242
1948	11	235
1948	12	270
1949	1	312
1949	2	989
1949	3	1167
1949	4	902
1949	5	7235
1949	6	4204
1949	7	1138
1949	8	919
1949	9	1119
1949	10	1553
1949	11	723
1949	12	369
1950	1	422
1950	2	1590
1950	3	483
1950	4	1238
1950	5	1323
1950	6	1505
1950	7	3422
1950	8	2604
1950	9	3020
1950	10	1162
1950	11	336
1950	12	435
1951	1	625
1951	2	579
1951	3	220
1951	4	213
1951	5	814
1951	6	2545
1951	7	1294
1951	8	1119
1951	9	716
1951	10	340
1951	11	275
1951	12	211
1952	1	181
1952	2	155
1952	3	113
1952	4	130
1952	5	65
1952	6	355
1952	7	755
1952	8	1186
1952	9	389
1952	10	46
1952	11	41
1952	12	36
1953	1	9
1953	2	21
1953	3	26
1953	4	12
1953	5	33
1953	6	417
1953	7	497
1953	8	428
1953	9	106
1953	10	54
1953	11	121
1953	12	82
1954	1	72
1954	2	62
1954	3	143
1954	4	616
1954	5	5297
1954	6	2061
1954	7	1163
1954	8	863
1954	9	310
1954	10	328
1954	11	63
1954	12	34
1955	1	31
1955	2	47
1955	3	62
1955	4	78
1955	5	2297
1955	6	3908
1955	7	971
1955	8	670
1955	9	3486
1955	10	9553
1955	11	410
1955	12	385
1956	1	575
1956	2	636
1956	3	548
1956	4	605
1956	5	2331
1956	6	618
1956	7	1636
1956	8	751
1956	9	608
1956	10	638
1956	11	41
1956	12	31
1957	1	611
1957	2	660
1957	3	645
1957	4	1471
1957	5	29666
1957	6	35640
1957	7	3510
1957	8	723
1957	9	798
1957	10	2824
1957	11	3383
1957	12	1562
1958	1	1472
1958	2	1113
1958	3	1472
1958	4	1555
1958	5	8113
1958	6	1149
1958	7	3562
1958	8	883
1958	9	563
1958	10	536
1958	11	571
1958	12	552
1959	1	529
1959	2	595
1959	3	611
1959	4	614
1959	5	633
1959	6	614
1959	7	1556
1959	8	711
1959	9	624
1959	10	9295
1959	11	664
1959	12	1276
1960	1	2801
1960	2	1914
1960	3	921
1960	4	989
1960	5	1226
1960	6	557
1960	7	1655
1960	8	555
1960	9	580
1960	10	1993
1960	11	1593
1960	12	1210
1961	1	3568
1961	2	2927
1961	3	1757
1961	4	876
1961	5	559
1961	6	3666
1961	7	4106
1961	8	1680
1961	9	748
1961	10	1785
1961	11	726
1961	12	802
1962	1	530
1962	2	609
1962	3	514
1962	4	569
1962	5	518
1962	6	1986
1962	7	1737
1962	8	3878
1962	9	7190
1962	10	2485
1962	11	961
1962	12	1163
1963	1	838
1963	2	611
1963	3	559
1963	4	593
1963	5	1172
1963	6	3571
1963	7	1391
1963	8	621
1963	9	580
1963	10	614
1963	11	304
1963	12	224
1964	1	212
1964	2	234
1964	3	238
1964	4	291
1964	5	567
1964	6	693
1964	7	729
1964	8	706
1964	9	379
1964	10	243
1964	11	356
1964	12	580
1965	1	592
1965	2	1683
1965	3	591
1965	4	590
1965	5	7923
1965	6	670
1965	7	552
1965	8	555
1965	9	515
1965	10	575
1965	11	855
1965	12	570
1966	1	627
1966	2	594
1966	3	629
1966	4	860
1966	5	8485
1966	6	878
1966	7	797
1966	8	470
1966	9	8248
1966	10	1430
1966	11	613
1966	12	601
1967	1	248
1967	2	167
1967	3	158
1967	4	636
1967	5	652
1967	6	979
1967	7	1321
1967	8	1236
1967	9	402
1967	10	219
1967	11	800
1967	12	758
1968	1	1864
1968	2	2518
1968	3	5452
1968	4	3414
1968	5	7664
1968	6	2336
1968	7	2202
1968	8	707
1968	9	751
1968	10	580
1968	11	606
1968	12	576
1969	1	417
1969	2	145
1969	3	482
1969	4	1890
1969	5	9527
1969	6	4315
1969	7	2045
1969	8	635
1969	9	1310
1969	10	547
1969	11	777
1969	12	292
1970	1	1511
1970	2	916
1970	3	4438
1970	4	2089
1970	5	1547
1970	6	938
1970	7	826
1970	8	1109
1970	9	560
1970	10	416
1970	11	158
1970	12	170
1971	1	567
1971	2	25
1971	3	30
1971	4	100
1971	5	241
1971	6	340
1971	7	498
1971	8	65
1971	9	971
1971	10	2651
1971	11	2748
1971	12	3568
1972	1	2600
1972	2	507
1972	3	449
1972	4	451
1972	5	608
1972	6	700
1972	7	1423
1972	8	921
1972	9	846
1972	10	416
1972	11	1013
1972	12	928
1973	1	604
1973	2	361
1973	3	1533
1973	4	4454
1973	5	1625
1973	6	4318
1973	7	1827
1973	8	1267
1973	9	466
1973	10	649
1973	11	484
1973	12	624
1974	1	502
1974	2	444
1974	3	1037
1974	4	597
1974	5	334
1974	6	650
1974	7	922
1974	8	682
1974	9	564
1974	10	554
1974	11	7201
1974	12	1090
1975	1	1288
1975	2	4516
1975	3	1395
1975	4	2541
1975	5	1084
1975	6	4684
1975	7	726
1975	8	955
1975	9	393
1975	10	351
1975	11	260
1975	12	636
1976	1	854
1976	2	937
1976	3	541
1976	4	236
1976	5	592
1976	6	910
1976	7	985
1976	8	1163
1976	9	421
1976	10	485
1976	11	900
1976	12	933
1977	1	1119
1977	2	630
1977	3	2950
1977	4	6233
1977	5	2471
1977	6	773
1977	7	841
1977	8	798
1977	9	550
1977	10	303
1977	11	158
1977	12	127
1978	1	132
1978	2	114
1978	3	105
1978	4	91
1978	5	271
1978	6	635
1978	7	28
1978	8	1520
1978	9	395
1978	10	591
1978	11	680
1978	12	807
1979	1	981
1979	2	1102
1979	3	463
1979	4	449
1979	5	5850
1979	6	2611
1979	7	895
1979	8	1031
1979	9	863
1979	10	561
1979	11	472
1979	12	1018
1980	1	789
1980	2	43
1980	3	27
1980	4	38
1980	5	74
1980	6	521
1980	7	894
1980	8	808
1980	9	627
1980	10	507
1980	11	438
1980	12	773
1981	1	963
1981	2	887
1981	3	618
1981	4	632
1981	5	698
1981	6	3672
1981	7	905
1981	8	905
1981	9	584
1981	10	12303
1981	11	4962
1981	12	703
1982	1	1016
1982	2	1157
1982	3	974
1982	4	464
1982	5	9645
1982	6	11703
1982	7	8109
1982	8	773
1982	9	500
1982	10	348
1982	11	333
1982	12	310
1983	1	805
1983	2	491
1983	3	397
1983	4	415
1983	5	277
1983	6	285
1983	7	659
1983	8	565
1983	9	91
1983	10	26
1983	11	20
1983	12	28
1984	1	17
1984	2	15
1984	3	181
1984	4	427
1984	5	707
1984	6	311
1984	7	485
1984	8	475
1984	9	32
1984	10	78
1984	11	45
1984	12	100
1985	1	1129
1985	2	974
1985	3	1051
1985	4	1594
1985	5	3268
1985	6	2025
1985	7	762
1985	8	1012
1985	9	631
1985	10	376
1985	11	388
1985	12	628
1986	1	578
1986	2	611
1986	3	388
1986	4	375
1986	5	603
1986	6	2570
1986	7	957
1986	8	709
1986	9	2106
1986	10	5701
1986	11	1612
1986	12	1947
1987	1	1565
1987	2	2298
1987	3	4913
1987	4	3751
1987	5	1467
1987	6	11215
1987	7	1587
1987	8	907
1987	9	562
1987	10	471
1987	11	460
1987	12	637
1988	1	616
1988	2	579
1988	3	195
1988	4	295
1988	5	12
1988	6	455
1988	7	393
1988	8	51
1988	9	149
1988	10	24
1988	11	26
1988	12	509
1989	1	33
1989	2	62
1989	3	197
1989	4	366
1989	5	6193
1989	6	11410
1989	7	1272
1989	8	860
1989	9	699
1989	10	606
1989	11	245
1989	12	697
1990	1	372
1990	2	379
1990	3	2678
1990	4	7284
1990	5	23029
1990	6	10543
1990	7	586
1990	8	674
1990	9	411
1990	10	869
1990	11	409
1990	12	384
1991	1	560
1991	2	604
1991	3	356
1991	4	1536
1991	5	1731
1991	6	7214
1991	7	639
1991	8	1400
1991	9	926
1991	10	2246
1991	11	6669
1991	12	7148
1992	1	18010
1992	2	11189
1992	3	13696
1992	4	2936
1992	5	2418
1992	6	10233
1992	7	2579
1992	8	796
1992	9	1000
1992	10	418
1992	11	558
1992	12	415
1993	1	504
1993	2	993
1993	3	3023
1993	4	1178
1993	5	1139
1993	6	770
1993	7	888
1993	8	802
1993	9	895
1993	10	635
1993	11	564
1993	12	1218
1994	1	912
1994	2	379
1994	3	496
1994	4	414
1994	5	1663
1994	6	1204
1994	7	895
1994	8	709
1994	9	642
1994	10	451
1994	11	1448
1994	12	1582
1995	1	1299
1995	2	533
1995	3	1935
1995	4	2344
1995	5	4516
1995	6	3281
1995	7	1033
1995	8	5252
1995	9	947
1995	10	576
1995	11	648
1995	12	489
1996	1	682
1996	2	416
1996	3	395
1996	4	153
1996	5	106
1996	6	264
1996	7	740
1996	8	297
1996	9	1140
1996	10	858
1996	11	1862
1996	12	2407
1997	1	929
1997	2	7009
1997	3	9470
1997	4	4565
1997	5	5109
1997	6	3239
1997	7	2009
1997	8	838
1997	9	875
1997	10	501
1997	11	446
1997	12	698
1998	1	589
1998	2	644
1998	3	6407
1998	4	878
1998	5	663
1998	6	941
1998	7	950
1998	8	802
1998	9	689
1998	10	228
1998	11	218
1998	12	379
1999	1	433
1999	2	349
1999	3	261
1999	4	149
1999	5	43
1999	6	95
1999	7	343
1999	8	506
1999	9	28
1999	10	26
1999	11	26
1999	12	29
2000	1	26
2000	2	22
2000	3	39
2000	4	25
2000	5	241
2000	6	186
2000	7	424
2000	8	769
2000	9	548
2000	10	84
2000	11	329
2000	12	404
2001	1	146
2001	2	2295
2001	3	8809
2001	4	1384
2001	5	1010
2001	6	348
2001	7	1000
2001	8	885
2001	9	237
2001	10	306
2001	11	397
2001	12	302
2002	1	310
2002	2	434
2002	3	196
2002	4	1392
2002	5	947
2002	6	375
2002	7	949
2002	8	1215
2002	9	592
2002	10	780
2002	11	891
2002	12	629
2003	1	206
2003	2	418
2003	3	206
2003	4	315
2003	5	412
2003	6	420
2003	7	478
2003	8	299
2003	9	179
2003	10	143
2003	11	364
2003	12	188
2004	1	124
2004	2	150
2004	3	240
2004	4	551
2004	5	700
2004	6	2781
2004	7	1805
2004	8	1344
2004	9	2275
2004	10	414
2004	11	2690
2004	12	4309
2005	1	1052
2005	2	2239
2005	3	1989
2005	4	560
2005	5	131
2005	6	576
2005	7	220
2005	8	2087
2005	9	1120
2005	10	610
2005	11	435
2005	12	589
2006	1	273
2006	2	299
2006	3	137
2006	4	253
2006	5	228
2006	6	378
2006	7	605
2006	8	491
2006	9	298
2006	10	227
2006	11	192
2006	12	133
2007	1	77
2007	2	100
2007	3	468
2007	4	3803
2007	5	4704
2007	6	12253
2007	7	19442
2007	8	3337
2007	9	3457
2007	10	866
2007	11	401
2007	12	307
2008	1	338
2008	2	330
2008	3	437
2008	4	1954
2008	5	2005
2008	6	1004
2008	7	299
2008	8	593
2008	9	304
2008	10	327
2008	11	256
2008	12	285
2009	1	175
2009	2	53
2009	3	223
2009	4	140
2009	5	91
2009	6	153
2009	7	831
2009	8	451
2009	9	332
2009	10	502
2009	11	965
2009	12	1497
2010	1	631
2010	2	4351
2010	3	2466
2010	4	5698
2010	5	3112
2010	6	984
2010	7	842
2010	8	473
2010	9	2796
2010	10	1417
2010	11	1421
2010	12	111
2011	1	91
2011	2	104
2011	3	42
2011	4	214
2011	5	349
2011	6	429
2011	7	236
2011	8	177
2011	9	531
2011	10	446
2011	11	339
2011	12	74
2012	1	97
2012	2	96
2012	3	2429
2012	4	1234
2012	5	144
2012	6	317
2012	7	430
2012	8	886
2012	9	1680
2012	10	269
2012	11	46
2012	12	79
2013	1	93
2013	2	20
2013	3	87
2013	4	89
2013	5	134
2013	6	260
2013	7	306
2013	8	94
2013	9	50
2013	10	87
2013	11	35
2013	12	54
2014	1	40
2014	2	71
2014	3	223
2014	4	46
2014	5	71
2014	6	91
2014	7	223
2014	8	221
2014	9	320
2014	10	86
2014	11	83
2014	12	32
2015	1	40
2015	2	16
2015	3	41
2015	4	24
2015	5	3384
2015	6	17152
2015	7	5796
2015	8	520
2015	9	423
