1940	1	386
1940	2	2614
1940	3	473
1940	4	3278
1940	5	5926
1940	6	11156
1940	7	18998
1940	8	4327
1940	9	1772
1940	10	820
1940	11	26561
1940	12	41593
1941	1	15938
1941	2	22694
1941	3	22441
1941	4	13478
1941	5	36764
1941	6	31446
1941	7	16134
1941	8	4990
1941	9	3515
1941	10	11954
1941	11	8496
1941	12	2156
1942	1	2117
1942	2	1583
1942	3	1231
1942	4	35640
1942	5	30054
1942	6	20238
1942	7	3401
1942	8	1743
1942	9	13830
1942	10	11865
1942	11	6588
1942	12	4187
1943	1	4893
1943	2	2887
1943	3	4078
1943	4	5218
1943	5	4254
1943	6	3642
1943	7	1900
1943	8	1418
1943	9	1239
1943	10	1382
1943	11	630
1943	12	988
1944	1	9893
1944	2	15977
1944	3	15737
1944	4	4537
1944	5	46132
1944	6	16261
1944	7	2394
1944	8	1258
1944	9	4349
1944	10	1151
1944	11	6290
1944	12	11895
1945	1	20988
1945	2	15793
1945	3	21738
1945	4	42856
1945	5	12257
1945	6	10085
1945	7	7130
1945	8	4186
1945	9	5114
1945	10	7736
1945	11	2068
1945	12	6960
1946	1	11225
1946	2	15171
1946	3	19074
1946	4	7886
1946	5	25792
1946	6	12967
1946	7	2532
1946	8	1351
1946	9	2808
1946	10	4935
1946	11	15995
1946	12	9107
1947	1	16408
1947	2	5346
1947	3	13076
1947	4	7432
1947	5	14124
1947	6	6000
1947	7	1920
1947	8	5318
1947	9	1813
1947	10	701
1947	11	1214
1947	12	2446
1948	1	1786
1948	2	4294
1948	3	4021
1948	4	2862
1948	5	4893
1948	6	2481
1948	7	3166
1948	8	782
1948	9	1205
1948	10	477
1948	11	399
1948	12	484
1949	1	1396
1949	2	4772
1949	3	7663
1949	4	13104
1949	5	12928
1949	6	9122
1949	7	3256
1949	8	1232
1949	9	1681
1949	10	5040
1949	11	3083
1949	12	3714
1950	1	3638
1950	2	14022
1950	3	2350
1950	4	8479
1950	5	6197
1950	6	9200
1950	7	3435
1950	8	4036
1950	9	4857
1950	10	2176
1950	11	695
1950	12	612
1951	1	822
1951	2	1120
1951	3	1003
1951	4	989
1951	5	1689
1951	6	4676
1951	7	1375
1951	8	1227
1951	9	1397
1951	10	588
1951	11	499
1951	12	471
1952	1	410
1952	2	753
1952	3	1173
1952	4	4557
1952	5	5904
1952	6	3287
1952	7	1294
1952	8	1118
1952	9	770
1952	10	180
1952	11	619
1952	12	3217
1953	1	4109
1953	2	2169
1953	3	4069
1953	4	1843
1953	5	26128
1953	6	1847
1953	7	1228
1953	8	847
1953	9	1312
1953	10	3792
1953	11	2221
1953	12	8276
1954	1	1631
1954	2	707
1954	3	425
1954	4	922
1954	5	7783
1954	6	2974
1954	7	1347
1954	8	1136
1954	9	453
1954	10	508
1954	11	746
1954	12	299
1955	1	428
1955	2	3823
1955	3	875
1955	4	4775
1955	5	4998
1955	6	5885
1955	7	1739
1955	8	1350
1955	9	1317
1955	10	11006
1955	11	850
1955	12	635
1956	1	865
1956	2	2111
1956	3	1018
1956	4	1053
1956	5	6052
1956	6	1026
1956	7	1298
1956	8	838
1956	9	619
1956	10	656
1956	11	1352
1956	12	903
1957	1	601
1957	2	859
1957	3	2585
1957	4	28142
1957	5	69861
1957	6	51960
1957	7	13415
1957	8	2699
1957	9	1337
1957	10	24692
1957	11	14981
1957	12	6963
1958	1	7428
1958	2	15329
1958	3	12065
1958	4	6803
1958	5	25970
1958	6	4450
1958	7	5934
1958	8	1663
1958	9	4637
1958	10	2870
1958	11	1826
1958	12	1533
1959	1	1304
1959	2	5072
1959	3	1360
1959	4	12048
1959	5	6643
1959	6	5134
1959	7	4090
1959	8	2053
1959	9	1379
1959	10	24832
1959	11	8578
1959	12	10105
1960	1	15732
1960	2	11077
1960	3	5528
1960	4	3555
1960	5	6144
1960	6	4954
1960	7	4188
1960	8	1585
1960	9	920
1960	10	7700
1960	11	14820
1960	12	24214
1961	1	33152
1961	2	30282
1961	3	12841
1961	4	4681
1961	5	2556
1961	6	13774
1961	7	13132
1961	8	4306
1961	9	9914
1961	10	4975
1961	11	4269
1961	12	5837
1962	1	3495
1962	2	3182
1962	3	2077
1962	4	2092
1962	5	2850
1962	6	5422
1962	7	2582
1962	8	4788
1962	9	8088
1962	10	4144
1962	11	2560
1962	12	5568
1963	1	2472
1963	2	4281
1963	3	1387
1963	4	3143
1963	5	1898
1963	6	3764
1963	7	1963
1963	8	726
1963	9	646
1963	10	979
1963	11	884
1963	12	891
1964	1	760
1964	2	1498
1964	3	2990
1964	4	1850
1964	5	2549
1964	6	3156
1964	7	1479
1964	8	751
1964	9	2963
1964	10	2722
1964	11	3935
1964	12	2392
1965	1	8304
1965	2	18991
1965	3	5554
1965	4	7670
1965	5	41780
1965	6	16192
1965	7	4987
1965	8	3284
1965	9	1619
1965	10	1772
1965	11	5981
1965	12	7453
1966	1	3587
1966	2	6925
1966	3	6016
1966	4	13428
1966	5	30619
1966	6	4871
1966	7	1920
1966	8	3474
1966	9	11812
1966	10	4325
1966	11	1326
1966	12	1211
1967	1	905
1967	2	660
1967	3	585
1967	4	2432
1967	5	3187
1967	6	2986
1967	7	1549
1967	8	1502
1967	9	1098
1967	10	667
1967	11	4611
1967	12	2970
1968	1	17300
1968	2	11571
1968	3	16567
1968	4	17653
1968	5	32912
1968	6	23703
1968	7	17018
1968	8	2583
1968	9	3458
1968	10	2615
1968	11	3032
1968	12	7745
1969	1	2161
1969	2	7556
1969	3	11861
1969	4	20512
1969	5	21715
1969	6	7171
1969	7	2898
1969	8	1601
1969	9	1755
1969	10	1176
1969	11	2439
1969	12	4685
1970	1	5516
1970	2	5866
1970	3	20980
1970	4	12535
1970	5	9498
1970	6	6549
1970	7	1561
1970	8	1559
1970	9	2995
1970	10	3803
1970	11	1253
1970	12	673
1971	1	1010
1971	2	571
1971	3	914
1971	4	1197
1971	5	1900
1971	6	1229
1971	7	1175
1971	8	2359
1971	9	1390
1971	10	4657
1971	11	5691
1971	12	11484
1972	1	6822
1972	2	2774
1972	3	1287
1972	4	1082
1972	5	4542
1972	6	2017
1972	7	1649
1972	8	1241
1972	9	964
1972	10	1565
1972	11	4269
1972	12	2947
1973	1	7833
1973	2	7956
1973	3	13769
1973	4	17370
1973	5	12490
1973	6	21263
1973	7	5097
1973	8	2213
1973	9	1818
1973	10	20493
1973	11	7608
1973	12	5379
1974	1	9231
1974	2	6251
1974	3	2906
1974	4	2087
1974	5	4453
1974	6	1503
1974	7	1366
1974	8	2026
1974	9	18028
1974	10	6462
1974	11	29486
1974	12	12322
1975	1	10403
1975	2	21125
1975	3	7950
1975	4	8896
1975	5	22160
1975	6	19329
1975	7	7343
1975	8	3383
1975	9	1716
1975	10	1521
1975	11	1399
1975	12	1348
1976	1	1419
1976	2	1764
1976	3	2229
1976	4	11451
1976	5	17538
1976	6	9717
1976	7	11987
1976	8	2420
1976	9	1854
1976	10	4942
1976	11	5163
1976	12	15891
1977	1	5952
1977	2	17802
1977	3	7597
1977	4	33052
1977	5	18858
1977	6	7015
1977	7	1580
1977	8	1283
1977	9	1338
1977	10	838
1977	11	751
1977	12	862
1978	1	1686
1978	2	2670
1978	3	2594
1978	4	957
1978	5	1449
1978	6	2213
1978	7	1258
1978	8	1758
1978	9	1812
1978	10	555
1978	11	1892
1978	12	1386
1979	1	7618
1979	2	8462
1979	3	11775
1979	4	14360
1979	5	24105
1979	6	29690
1979	7	9303
1979	8	5179
1979	9	2518
1979	10	1495
1979	11	1418
1979	12	2543
1980	1	5524
1980	2	4918
1980	3	2853
1980	4	4504
1980	5	14403
1980	6	3247
1980	7	1871
1980	8	1039
1980	9	989
1980	10	694
1980	11	845
1980	12	1222
1981	1	1508
1981	2	1798
1981	3	1957
1981	4	1616
1981	5	3148
1981	6	27984
1981	7	9152
1981	8	1583
1981	9	3210
1981	10	15658
1981	11	12051
1981	12	1957
1982	1	1922
1982	2	1766
1982	3	2796
1982	4	5043
1982	5	19095
1982	6	13589
1982	7	11426
1982	8	1504
1982	9	1037
1982	10	899
1982	11	1102
1982	12	2336
1983	1	3195
1983	2	9901
1983	3	9273
1983	4	4123
1983	5	11847
1983	6	5379
1983	7	1528
1983	8	2998
1983	9	1647
1983	10	611
1983	11	594
1983	12	1223
1984	1	800
1984	2	685
1984	3	2572
1984	4	1244
1984	5	1930
1984	6	1788
1984	7	1504
1984	8	987
1984	9	596
1984	10	11334
1984	11	6061
1984	12	8511
1985	1	8273
1985	2	8297
1985	3	10982
1985	4	4861
1985	5	7569
1985	6	4036
1985	7	1741
1985	8	1165
1985	9	997
1985	10	3239
1985	11	8113
1985	12	15130
1986	1	3541
1986	2	14716
1986	3	2685
1986	4	1647
1986	5	10035
1986	6	17285
1986	7	5771
1986	8	2496
1986	9	5327
1986	10	8987
1986	11	7837
1986	12	18065
1987	1	11881
1987	2	9598
1987	3	17694
1987	4	7328
1987	5	3770
1987	6	36896
1987	7	13531
1987	8	4723
1987	9	1879
1987	10	1055
1987	11	1722
1987	12	3028
1988	1	2489
1988	2	1777
1988	3	3192
1988	4	1626
1988	5	1144
1988	6	2551
1988	7	2092
1988	8	1274
1988	9	659
1988	10	430
1988	11	317
1988	12	1000
1989	1	1669
1989	2	2550
1989	3	2717
1989	4	3761
1989	5	15339
1989	6	22556
1989	7	4577
1989	8	3662
1989	9	1261
1989	10	1092
1989	11	841
1989	12	1027
1990	1	1093
1990	2	2290
1990	3	9347
1990	4	10854
1990	5	41300
1990	6	20365
1990	7	3436
1990	8	1700
1990	9	1577
1990	10	1672
1990	11	1877
1990	12	1107
1991	1	21391
1991	2	10825
1991	3	4579
1991	4	11961
1991	5	12504
1991	6	11240
1991	7	2080
1991	8	2881
1991	9	3290
1991	10	2027
1991	11	11372
1991	12	34784
1992	1	55993
1992	2	54748
1992	3	50454
1992	4	22866
1992	5	23158
1992	6	32133
1992	7	15609
1992	8	8250
1992	9	3353
1992	10	1680
1992	11	2438
1992	12	6551
1993	1	8467
1993	2	9539
1993	3	20328
1993	4	15264
1993	5	17061
1993	6	13928
1993	7	6224
1993	8	1837
1993	9	1466
1993	10	2217
1993	11	1909
1993	12	2060
1994	1	2212
1994	2	4468
1994	3	4698
1994	4	1917
1994	5	10133
1994	6	6605
1994	7	1799
1994	8	1320
1994	9	1494
1994	10	17530
1994	11	4785
1994	12	14078
1995	1	13605
1995	2	4681
1995	3	12538
1995	4	14543
1995	5	14660
1995	6	11706
1995	7	2998
1995	8	11506
1995	9	2633
1995	10	1649
1995	11	1501
1995	12	2495
1996	1	1237
1996	2	847
1996	3	802
1996	4	941
1996	5	953
1996	6	1918
1996	7	1085
1996	8	772
1996	9	5503
1996	10	2227
1996	11	2910
1996	12	8380
1997	1	6553
1997	2	24373
1997	3	37529
1997	4	26986
1997	5	20951
1997	6	17650
1997	7	10003
1997	8	2904
1997	9	1681
1997	10	1893
1997	11	2064
1997	12	9103
1998	1	21766
1998	2	12616
1998	3	20222
1998	4	8837
1998	5	2329
1998	6	1674
1998	7	1245
1998	8	1031
1998	9	3826
1998	10	18298
1998	11	21549
1998	12	15564
1999	1	6791
1999	2	10033
1999	3	3879
1999	4	3575
1999	5	3281
1999	6	1948
1999	7	1645
1999	8	1148
1999	9	516
1999	10	355
1999	11	377
1999	12	428
2000	1	767
2000	2	483
2000	3	1497
2000	4	1460
2000	5	2982
2000	6	3431
2000	7	817
2000	8	714
2000	9	787
2000	10	816
2000	11	11695
2000	12	7146
2001	1	14266
2001	2	10873
2001	3	31383
2001	4	10285
2001	5	7758
2001	6	5635
2001	7	2547
2001	8	1639
2001	9	8738
2001	10	3143
2001	11	5899
2001	12	17727
2002	1	5200
2002	2	6320
2002	3	3120
2002	4	6598
2002	5	1704
2002	6	1815
2002	7	6305
2002	8	3577
2002	9	1506
2002	10	5194
2002	11	15628
2002	12	17504
2003	1	9431
2003	2	18301
2003	3	14940
2003	4	4278
2003	5	1900
2003	6	2875
2003	7	1305
2003	8	677
2003	9	1867
2003	10	6657
2003	11	2767
2003	12	1263
2004	1	3677
2004	2	10986
2004	3	7561
2004	4	6475
2004	5	22009
2004	6	28157
2004	7	18906
2004	8	4949
2004	9	4413
2004	10	3945
2004	11	26263
2004	12	26841
2005	1	12220
2005	2	18805
2005	3	21396
2005	4	5559
2005	5	2296
2005	6	2265
2005	7	1152
2005	8	7753
2005	9	2571
2005	10	1367
2005	11	1149
2005	12	1225
2006	1	1111
2006	2	1508
2006	3	1218
2006	4	2096
2006	5	3479
2006	6	1076
2006	7	1054
2006	8	617
2006	9	619
2006	10	5002
2006	11	939
2006	12	1320
2007	1	18745
2007	2	2278
2007	3	15586
2007	4	19397
2007	5	28592
2007	6	39033
2007	7	58129
2007	8	20916
2007	9	16070
2007	10	8098
2007	11	2064
2007	12	2325
2008	1	1354
2008	2	3295
2008	3	4884
2008	4	3689
2008	5	9620
2008	6	1905
2008	7	897
2008	8	2083
2008	9	1170
2008	10	806
2008	11	986
2008	12	697
2009	1	528
2009	2	493
2009	3	1117
2009	4	3865
2009	5	5960
2009	6	644
2009	7	1196
2009	8	859
2009	9	2919
2009	10	16832
2009	11	14504
2009	12	8116
2010	1	5014
2010	2	34878
2010	3	18651
2010	4	10314
2010	5	6269
2010	6	7060
2010	7	2340
2010	8	1287
2010	9	10189
2010	10	2388
2010	11	2153
2010	12	1013
2011	1	1597
2011	2	916
2011	3	615
2011	4	627
2011	5	997
2011	6	788
2011	7	877
2011	8	802
2011	9	744
2011	10	677
2011	11	630
2011	12	1109
2012	1	2670
2012	2	9891
2012	3	19419
2012	4	9562
2012	5	1530
2012	6	993
2012	7	1247
2012	8	893
2012	9	1394
2012	10	1074
2012	11	277
2012	12	447
2013	1	2375
2013	2	740
2013	3	676
2013	4	550
2013	5	1487
2013	6	722
2013	7	951
2013	8	498
2013	9	946
2013	10	3516
2013	11	11971
2013	12	3141
2014	1	1392
2014	2	764
2014	3	1192
2014	4	808
2014	5	4858
2014	6	2775
2014	7	1696
2014	8	389
2014	9	957
2014	10	467
2014	11	1779
2014	12	1320
2015	1	6973
2015	2	2199
2015	3	12307
2015	4	5779
2015	5	35388
2015	6	43236
2015	7	17961
2015	8	4339
2015	9	1590
