1940	1	6
1940	2	15
1940	3	10
1940	4	230
1940	5	209
1940	6	1243
1940	7	212
1940	8	434
1940	9	155
1940	10	58
1940	11	60
1940	12	22
1941	1	8
1941	2	94
1941	3	402
1941	4	1847
1941	5	2919
1941	6	1941
1941	7	615
1941	8	428
1941	9	170
1941	10	1764
1941	11	168
1941	12	124
1942	1	51
1942	2	34
1942	3	26
1942	4	128
1942	5	374
1942	6	40
1942	7	2
1942	8	985
1942	9	620
1942	10	369
1942	11	64
1942	12	75
1943	1	44
1943	2	22
1943	3	50
1943	4	22
1943	5	207
1943	6	147
1943	7	123
1943	8	0
1943	9	5
1943	10	0
1943	11	1
1943	12	1
1944	1	5
1944	2	62
1944	3	64
1944	4	1
1944	5	763
1944	6	177
1944	7	802
1944	8	189
1944	9	189
1944	10	301
1944	11	17
1944	12	22
1945	1	24
1945	2	14
1945	3	27
1945	4	174
1945	5	8
1945	6	154
1945	7	2679
1945	8	258
1945	9	102
1945	10	533
1945	11	18
1945	12	16
1946	1	22
1946	2	13
1946	3	6
1946	4	8
1946	5	380
1946	6	49
1946	7	7
1946	8	108
1946	9	885
1946	10	458
1946	11	57
1946	12	323
1947	1	22
1947	2	8
1947	3	11
1947	4	173
1947	5	2982
1947	6	340
1947	7	50
1947	8	19
1947	9	109
1947	10	481
1947	11	41
1947	12	154
1948	1	10
1948	2	238
1948	3	80
1948	4	22
1948	5	264
1948	6	484
1948	7	2730
1948	8	100
1948	9	112
1948	10	152
1948	11	32
1948	12	8
1949	1	13
1949	2	24
1949	3	15
1949	4	658
1949	5	1886
1949	6	598
1949	7	52
1949	8	61
1949	9	223
1949	10	103
1949	11	10
1949	12	10
1950	1	8
1950	2	4
1950	3	0
1950	4	217
1950	5	712
1950	6	160
1950	7	164
1950	8	141
1950	9	498
1950	10	16
1950	11	0
1950	12	0
1951	1	0
1951	2	0
1951	3	0
1951	4	0
1951	5	305
1951	6	528
1951	7	190
1951	8	359
1951	9	19
1951	10	0
1951	11	0
1951	12	0
1952	1	0
1952	2	0
1952	3	0
1952	4	113
1952	5	38
1952	6	163
1952	7	0
1952	8	0
1952	9	65
1952	10	1
1952	11	9
1952	12	2
1953	1	0
1953	2	0
1953	3	38
1953	4	3
1953	5	344
1953	6	0
1953	7	127
1953	8	1223
1953	9	75
1953	10	607
1953	11	46
1953	12	1
1954	1	2
1954	2	0
1954	3	0
1954	4	1431
1954	5	1992
1954	6	271
1954	7	51
1954	8	0
1954	9	0
1954	10	0
1954	11	0
1954	12	0
1955	1	0
1955	2	18
1955	3	4
1955	4	12
1955	5	1476
1955	6	167
1955	7	168
1955	8	73
1955	9	168
1955	10	207
1955	11	0
1955	12	0
1956	1	0
1956	2	0
1956	3	0
1956	4	70
1956	5	493
1956	6	38
1956	7	51
1956	8	1
1956	9	2
1956	10	546
1956	11	46
1956	12	81
1957	1	0
1957	2	101
1957	3	62
1957	4	971
1957	5	5068
1957	6	2391
1957	7	83
1957	8	61
1957	9	285
1957	10	2098
1957	11	119
1957	12	29
1958	1	30
1958	2	41
1958	3	39
1958	4	136
1958	5	186
1958	6	79
1958	7	6
1958	8	41
1958	9	133
1958	10	33
1958	11	12
1958	12	5
1959	1	2
1959	2	3
1959	3	0
1959	4	1
1959	5	45
1959	6	283
1959	7	357
1959	8	2
1959	9	3
1959	10	532
1959	11	69
1959	12	22
1960	1	35
1960	2	12
1960	3	7
1960	4	35
1960	5	37
1960	6	78
1960	7	100
1960	8	19
1960	9	1
1960	10	676
1960	11	48
1960	12	18
1961	1	57
1961	2	24
1961	3	4
1961	4	0
1961	5	456
1961	6	435
1961	7	663
1961	8	43
1961	9	388
1961	10	51
1961	11	78
1961	12	28
1962	1	14
1962	2	9
1962	3	10
1962	4	6
1962	5	3
1962	6	128
1962	7	71
1962	8	12
1962	9	1737
1962	10	71
1962	11	29
1962	12	17
1963	1	10
1963	2	6
1963	3	0
1963	4	2
1963	5	392
1963	6	126
1963	7	2
1963	8	31
1963	9	3
1963	10	6
1963	11	65
1963	12	5
1964	1	3
1964	2	13
1964	3	2
1964	4	23
1964	5	119
1964	6	135
1964	7	0
1964	8	139
1964	9	205
1964	10	8
1964	11	41
1964	12	2
1965	1	2
1965	2	8
1965	3	2
1965	4	43
1965	5	1507
1965	6	471
1965	7	23
1965	8	44
1965	9	197
1965	10	181
1965	11	51
1965	12	13
1966	1	12
1966	2	9
1966	3	6
1966	4	412
1966	5	661
1966	6	374
1966	7	4
1966	8	299
1966	9	271
1966	10	49
1966	11	7
1966	12	5
1967	1	5
1967	2	4
1967	3	27
1967	4	0
1967	5	96
1967	6	374
1967	7	165
1967	8	17
1967	9	157
1967	10	17
1967	11	10
1967	12	6
1968	1	45
1968	2	33
1968	3	82
1968	4	159
1968	5	656
1968	6	120
1968	7	52
1968	8	18
1968	9	6
1968	10	2
1968	11	10
1968	12	9
1969	1	7
1969	2	8
1969	3	13
1969	4	65
1969	5	377
1969	6	77
1969	7	4
1969	8	6
1969	9	56
1969	10	33
1969	11	22
1969	12	48
1970	1	28
1970	2	26
1970	3	60
1970	4	28
1970	5	38
1970	6	28
1970	7	1
1970	8	1
1970	9	38
1970	10	4
1970	11	3
1970	12	4
1971	1	4
1971	2	2
1971	3	1
1971	4	20
1971	5	0
1971	6	69
1971	7	10
1971	8	312
1971	9	186
1971	10	65
1971	11	28
1971	12	31
1972	1	24
1972	2	22
1972	3	9
1972	4	4
1972	5	72
1972	6	7
1972	7	4
1972	8	40
1972	9	32
1972	10	39
1972	11	52
1972	12	24
1973	1	32
1973	2	32
1973	3	38
1973	4	101
1973	5	26
1973	6	60
1973	7	33
1973	8	7
1973	9	56
1973	10	16
1973	11	7
1973	12	7
1974	1	9
1974	2	7
1974	3	5
1974	4	5
1974	5	31
1974	6	0
1974	7	0
1974	8	20
1974	9	603
1974	10	403
1974	11	223
1974	12	73
1975	1	81
1975	2	117
1975	3	60
1975	4	37
1975	5	120
1975	6	25
1975	7	24
1975	8	11
1975	9	5
1975	10	11
1975	11	49
1975	12	14
1976	1	14
1976	2	10
1976	3	3
1976	4	66
1976	5	25
1976	6	2
1976	7	31
1976	8	3
1976	9	20
1976	10	57
1976	11	34
1976	12	24
1977	1	24
1977	2	20
1977	3	25
1977	4	88
1977	5	32
1977	6	32
1977	7	5
1977	8	0
1977	9	1
1977	10	9
1977	11	3
1977	12	3
1978	1	4
1978	2	8
1978	3	3
1978	4	2
1978	5	86
1978	6	4
1978	7	0
1978	8	357
1978	9	4
1978	10	2
1978	11	3
1978	12	5
1979	1	4
1979	2	4
1979	3	47
1979	4	52
1979	5	47
1979	6	22
1979	7	13
1979	8	21
1979	9	1
