1941	10	31
1941	11	17
1941	12	15
1942	1	14
1942	2	15
1942	3	13
1942	4	18
1942	5	33
1942	6	14
1942	7	10
1942	8	9
1942	9	11
1942	10	27
1942	11	17
1942	12	14
1943	1	12
1943	2	11
1943	3	11
1943	4	12
1943	5	11
1943	6	22
1943	7	9
1943	8	7
1943	9	9
1943	10	8
1943	11	9
1943	12	10
1944	1	11
1944	2	11
1944	3	12
1944	4	9
1944	5	22
1944	6	12
1944	7	6
1944	8	7
1944	9	10
1944	10	9
1944	11	9
1944	12	12
1945	1	27
1945	2	15
1945	3	15
1945	4	19
1945	5	12
1945	6	10
1945	7	8
1945	8	7
1945	9	6
1945	10	10
1945	11	9
1945	12	8
1946	1	9
1946	2	9
1946	3	8
1946	4	8
1946	5	10
1946	6	6
1946	7	3
1946	8	6
1946	9	5
1946	10	12
1946	11	48
1946	12	12
1947	1	62
1947	2	19
1947	3	17
1947	4	28
1947	5	21
1947	6	83
1947	7	15
1947	8	11
1947	9	9
1947	10	8
1947	11	10
1947	12	11
1948	1	11
1948	2	11
1948	3	9
1948	4	13
1948	5	15
1948	6	7
1948	7	10
1948	8	12
1948	9	11
1948	10	6
1948	11	7
1948	12	8
1949	1	9
1949	2	36
1949	3	13
1949	4	29
1949	5	14
1949	6	10
1949	7	6
1949	8	8
1949	9	13
1949	10	10
1949	11	8
1949	12	8
1950	1	9
1950	2	9
1950	3	8
1950	4	8
1950	5	7
1950	6	7
1950	7	5
1950	8	4
1950	9	6
1950	10	6
1950	11	6
1950	12	6
1951	1	6
1951	2	6
1951	3	6
1951	4	6
1951	5	10
1951	6	17
1951	7	3
1951	8	3
1951	9	3
1951	10	4
1951	11	5
1951	12	6
1952	1	5
1952	2	5
1952	3	6
1952	4	8
1952	5	6
1952	6	29
1952	7	5
1952	8	2
1952	9	22
1952	10	6
1952	11	7
1952	12	10
1953	1	10
1953	2	7
1953	3	7
1953	4	7
1953	5	5
1953	6	2
1953	7	2
1953	8	3
1953	9	6
1953	10	7
1953	11	6
1953	12	6
1954	1	7
1954	2	6
1954	3	5
1954	4	4
1954	5	5
1954	6	2
1954	7	1
1954	8	1
1954	9	3
1954	10	6
1954	11	5
1954	12	5
1955	1	7
1955	2	6
1955	3	7
1955	4	5
1955	5	23
1955	6	6
1955	7	6
1955	8	4
1955	9	5
1955	10	5
1955	11	7
1955	12	6
1956	1	5
1956	2	6
1956	3	5
1956	4	5
1956	5	5
1956	6	2
1956	7	1
1956	8	1
1956	9	3
1956	10	11
1956	11	4
1956	12	6
1957	1	5
1957	2	6
1957	3	6
1957	4	12
1957	5	24
1957	6	25
1957	7	5
1957	8	4
1957	9	17
1957	10	33
1957	11	12
1957	12	14
1958	1	16
1958	2	43
1958	3	26
1958	4	17
1958	5	34
1958	6	83
1958	7	20
1958	8	19
1958	9	61
1958	10	34
1958	11	30
1958	12	27
1959	1	22
1959	2	19
1959	3	16
1959	4	23
1959	5	20
1959	6	33
1959	7	16
1959	8	13
1959	9	9
1959	10	299
1959	11	20
1961	10	15
1961	11	16
1961	12	17
1962	1	16
1962	2	14
1962	3	13
1962	4	17
1962	5	14
1962	6	12
1962	7	7
1962	8	5
1962	9	7
1962	10	9
1962	11	9
1962	12	11
1963	1	10
1963	2	11
1963	3	8
1963	4	7
1963	5	8
1963	6	5
1963	7	3
1963	8	4
1963	9	6
1963	10	5
1963	11	14
1963	12	10
1964	1	9
1964	2	10
1964	3	18
1964	4	10
1964	5	7
1964	6	5
1964	7	2
1964	8	4
1964	9	70
1964	10	15
1964	11	11
1964	12	11
1965	1	10
1965	2	15
1965	3	13
1965	4	12
1965	5	44
1965	6	16
1965	7	8
1965	8	6
1965	9	7
1965	10	9
1965	11	10
1965	12	11
1966	1	11
1966	2	10
1966	3	9
1966	4	15
1966	5	12
1966	6	6
1966	7	3
1966	8	12
1966	9	27
1966	10	15
1966	11	12
1966	12	11
1967	1	10
1967	2	10
1967	3	8
1967	4	7
1967	5	5
1967	6	2
1967	7	12
1967	8	4
1967	9	11
1967	10	15
1967	11	21
1967	12	13
1968	1	97
1968	2	30
1968	3	35
1968	4	39
1968	5	28
1968	6	21
1968	7	17
1968	8	12
1968	9	14
1968	10	12
1968	11	13
1968	12	14
1969	1	13
1969	2	13
1969	3	11
1969	4	14
1969	5	9
1969	6	7
1969	7	5
1969	8	11
1969	9	9
1969	10	83
1969	11	32
1969	12	31
1970	1	27
1970	2	25
1970	3	36
1970	4	27
1970	5	21
1970	6	18
1970	7	14
1970	8	12
1970	9	15
1970	10	15
1970	11	12
1970	12	13
1971	1	13
1971	2	13
1971	3	11
1971	4	12
1971	5	9
1971	6	8
1971	7	7
1971	8	136
1971	9	17
1971	10	37
1971	11	23
1971	12	20
1972	1	18
1972	2	16
1972	3	15
1972	4	12
1972	5	17
1972	6	12
1972	7	11
1972	8	21
1972	9	14
1972	10	13
1972	11	13
1972	12	13
1973	1	13
1973	2	15
1973	3	14
1973	4	14
1973	5	9
1973	6	22
1973	7	25
1973	8	34
1973	9	18
1973	10	75
1973	11	27
1973	12	22
1974	1	20
1974	2	18
1974	3	16
1974	4	15
1974	5	38
1974	6	11
1974	7	9
1974	8	205
1974	9	70
1974	10	61
1974	11	51
1974	12	44
1975	1	33
1975	2	46
1975	3	36
1975	4	31
1975	5	86
1975	6	59
1975	7	55
1975	8	38
1975	9	30
1975	10	28
1975	11	25
1975	12	26
1976	1	24
1976	2	21
1976	3	21
1976	4	23
1976	5	20
1976	6	16
1976	7	23
1976	8	15
1976	9	17
1976	10	25
1976	11	24
1976	12	21
1977	1	20
1977	2	18
1977	3	15
1977	4	194
1977	5	100
1977	6	50
1977	7	29
1977	8	19
1977	9	19
1977	10	23
1977	11	23
1977	12	19
1978	1	18
1978	2	19
1978	3	15
1978	4	16
1978	5	13
1978	6	14
1978	7	8
1978	8	725
1978	9	36
1978	10	20
1978	11	18
1978	12	16
1979	1	15
1979	2	16
1979	3	29
1979	4	36
1979	5	26
1979	6	69
1979	7	29
1979	8	25
1979	9	19
1979	10	16
1979	11	16
1979	12	16
1980	1	17
1980	2	15
1980	3	15
1980	4	13
1980	5	20
1980	6	8
1980	7	5
1980	8	7
1980	9	49
1980	10	10
1980	11	12
1980	12	13
1981	1	11
1981	2	6
1981	3	19
1981	4	77
1981	5	26
1981	6	123
1981	7	55
1981	8	35
1981	9	26
1981	10	45
1981	11	23
1981	12	24
1982	1	21
1982	2	24
1982	3	16
1982	4	15
1982	5	22
1982	6	18
1982	7	15
1982	8	10
1982	9	7
1982	10	14
1982	11	21
1982	12	17
1983	1	16
1983	2	20
1983	3	28
1983	4	13
1983	5	15
1983	6	16
1983	7	10
1983	8	9
1983	9	9
1983	10	10
1983	11	12
1983	12	12
1984	1	14
1984	2	11
1984	3	10
1984	4	10
1984	5	12
1984	6	7
1984	7	7
1984	8	6
1984	9	7
1984	10	23
1984	11	18
1984	12	178
1985	1	37
1985	2	54
1985	3	36
1985	4	33
1985	5	29
1985	6	20
1985	7	19
1985	8	13
1985	9	16
1985	10	361
1985	11	32
1985	12	22
1986	1	20
1986	2	25
1986	3	17
1986	4	18
1986	5	27
1986	6	46
1986	7	15
1986	8	21
1986	9	40
1986	10	45
1986	11	34
1986	12	48
1987	1	46
1987	2	38
1987	3	42
1987	4	38
1987	5	69
1987	6	165
1987	7	188
1987	8	91
1987	9	70
1987	10	54
1987	11	46
1987	12	41
1988	1	37
1988	2	32
1988	3	33
1988	4	30
1988	5	49
1988	6	35
1988	7	48
1988	8	35
1988	9	34
1988	10	27
1988	11	25
1988	12	26
1989	1	27
1989	2	31
1989	3	28
1989	4	23
1989	5	23
1989	6	19
1989	7	14
1989	8	14
1989	9	13
1989	10	19
1989	11	19
1989	12	20
1990	1	17
1990	2	16
1990	3	20
1990	4	19
1990	5	74
1990	6	21
1990	7	21
1990	8	52
1990	9	36
1990	10	32
1990	11	27
1990	12	23
1991	1	22
1991	2	22
1991	3	19
1991	4	18
1991	5	20
1991	6	20
1991	7	16
1991	8	11
1991	9	20
1991	10	16
1991	11	18
1991	12	93
1992	1	52
1992	2	114
1992	3	107
1992	4	92
1992	5	78
1992	6	57
1992	7	56
1992	8	48
1992	9	38
1992	10	34
1992	11	41
1992	12	42
1993	1	40
1993	2	39
1993	3	41
1993	4	39
1993	5	29
1993	6	26
1993	7	19
1993	8	18
1993	9	22
1999	5	43
1999	6	43
1999	7	31
1999	8	26
1999	9	23
1999	10	23
1999	11	22
1999	12	23
2000	1	22
2000	2	19
2000	3	18
2000	4	16
2000	5	21
2000	6	18
2000	7	12
2000	8	12
2000	9	13
2000	10	150
2000	11	245
2000	12	45
2001	1	37
2001	2	29
2001	3	41
2001	4	36
2001	5	31
2001	6	25
2001	7	22
2001	8	23
2001	9	36
2001	10	25
2001	11	187
2001	12	38
2002	1	34
2002	2	30
2002	3	27
2002	4	24
2002	5	20
2002	6	11
2002	7	173
2002	8	24
2002	9	32
2002	10	42
2002	11	26
2002	12	24
2003	1	22
2003	2	25
2003	3	21
2003	4	24
2003	5	15
2003	6	18
2003	7	11
2003	8	14
2003	9	18
2003	10	50
2003	11	22
2003	12	21
2004	1	21
2004	2	18
2004	3	30
2004	4	117
2004	5	42
2004	6	172
2004	7	57
2004	8	59
2004	9	33
2004	10	36
2004	11	36
2004	12	30
2005	1	26
2005	2	37
2005	3	60
2005	4	53
2005	5	43
2005	6	37
2005	7	23
2005	8	24
2005	9	20
2005	10	21
2005	11	24
2005	12	22
2006	1	19
2006	2	21
2006	3	17
2006	4	40
2006	5	28
2006	6	16
2006	7	14
2006	8	10
2006	9	26
2006	10	26
2006	11	17
2006	12	19
2007	1	25
2007	2	20
2007	3	22
2007	4	16
2007	5	199
2007	6	55
2007	7	40
2007	8	76
2007	9	62
2007	10	54
2007	11	40
2007	12	33
2008	1	32
2008	2	31
2008	3	30
2008	4	24
2008	5	26
2008	6	19
2008	7	14
2008	8	16
2008	9	11
2008	10	14
2008	11	12
2008	12	17
2009	1	18
2009	2	15
2009	3	13
2009	4	21
2009	5	22
2009	6	14
2009	7	10
2009	8	9
2009	9	26
2009	10	18
2009	11	16
2009	12	15
2010	1	19
2010	2	44
2010	3	33
2010	4	106
2010	5	50
2010	6	28
2010	7	25
2010	8	14
2010	9	26
2010	10	25
2010	11	24
2010	12	27
2011	1	20
2011	2	18
2011	3	20
2011	4	19
2011	5	14
2011	6	9
2011	7	9
2011	8	8
2011	9	11
2011	10	12
2011	11	15
2011	12	15
2012	1	15
2012	2	17
2012	3	25
2012	4	15
2012	5	28
2012	6	15
2012	7	15
2012	8	8
2012	9	13
2012	10	14
2012	11	12
2012	12	14
2013	1	20
2013	2	13
2013	3	10
2013	4	13
2013	5	15
2013	6	10
2013	7	9
2013	8	6
2013	9	16
2013	10	17
2013	11	12
2013	12	13
2014	1	12
2014	2	11
2014	3	10
2014	4	8
2014	5	18
2014	6	13
2014	7	9
2014	8	10
2014	9	16
2014	10	13
2014	11	14
2014	12	11
2015	1	12
2015	2	9
2015	3	13
2015	4	14
2015	5	40
2015	6	28
2015	7	17
2015	8	9
2015	9	9
