1940	1	513
1940	2	723
1940	3	631
1940	4	972
1940	5	744
1940	6	1110
1940	7	6632
1940	8	524
1940	9	460
1940	10	629
1940	11	6396
1940	12	5672
1941	1	2569
1941	2	3963
1941	3	4398
1941	4	4720
1941	5	12988
1941	6	4782
1941	7	2520
1941	8	1409
1941	9	1163
1941	10	1359
1941	11	1194
1941	12	934
1942	1	864
1942	2	804
1942	3	793
1942	4	2619
1942	5	1597
1942	6	916
1942	7	6289
1942	8	931
1942	9	4380
1942	10	2772
1942	11	1767
1942	12	1456
1943	1	1411
1943	2	1108
1943	3	1130
1943	4	1032
1943	5	905
1943	6	1387
1943	7	939
1943	8	669
1943	9	755
1943	10	657
1943	11	651
1943	12	732
1944	1	1336
1944	2	1645
1944	3	2968
1944	4	1518
1944	5	3398
1944	6	3044
1944	7	1208
1944	8	893
1944	9	1756
1944	10	862
1944	11	1259
1944	12	2130
1945	1	3234
1945	2	3256
1945	3	2760
1945	4	5570
1945	5	1521
1945	6	1336
1945	7	919
1945	8	708
1945	9	645
1945	10	1268
1945	11	802
1945	12	1036
1946	1	1263
1946	2	1845
1946	3	3085
1946	4	1541
1946	5	2067
1946	6	2348
1946	7	807
1946	8	1045
1946	9	4834
1946	10	4137
1946	11	3665
1946	12	2240
1947	1	3588
1947	2	2141
1947	3	2162
1947	4	2185
1947	5	2160
1947	6	1166
1947	7	907
1947	8	1350
1947	9	693
1947	10	583
1947	11	637
1947	12	719
1948	1	669
1948	2	824
1948	3	768
1948	4	552
1948	5	1413
1948	6	561
1948	7	744
1948	8	547
1948	9	395
1948	10	465
1948	11	396
1948	12	426
1949	1	488
1949	2	1000
1949	3	1566
1949	4	4100
1949	5	2768
1949	6	1130
1949	7	892
1949	8	660
1949	9	575
1949	10	2731
1949	11	854
1949	12	990
1950	1	707
1950	2	900
1950	3	675
1950	4	1285
1950	5	910
1950	6	2339
1950	7	587
1950	8	368
1950	9	381
1950	10	354
1950	11	353
1950	12	408
1951	1	393
1951	2	423
1951	3	427
1951	4	455
1951	5	564
1951	6	2279
1951	7	309
1951	8	185
1951	9	375
1951	10	238
1951	11	314
1951	12	326
1952	1	336
1952	2	401
1952	3	334
1952	4	590
1952	5	1349
1952	6	1355
1952	7	471
1952	8	180
1952	9	3993
1952	10	706
1952	11	963
1952	12	1884
1953	1	1651
1953	2	833
1953	3	650
1953	4	730
1953	5	2551
1953	6	336
1953	7	319
1953	8	484
1953	9	1730
1953	10	1683
1953	11	692
1953	12	885
1954	1	581
1954	2	505
1954	3	412
1954	4	483
1954	5	702
1954	6	246
1954	7	146
1954	8	107
1954	9	107
1954	10	121
1954	11	200
1954	12	241
1955	1	258
1955	2	950
1955	3	329
1955	4	290
1955	5	770
1955	6	797
1955	7	214
1955	8	210
1955	9	158
1955	10	100
1955	11	106
1955	12	182
1956	1	194
1956	2	255
1956	3	158
1956	4	157
1956	5	224
1956	6	59
1956	7	53
1956	8	37
1956	9	51
1956	10	163
1956	11	59
1956	12	486
1957	1	118
1957	2	410
1957	3	1165
1957	4	4147
1957	5	6953
1957	6	5312
1957	7	676
1957	8	355
1957	9	3859
1957	10	7944
1957	11	4209
1957	12	1989
1958	1	4070
1958	2	8644
1958	3	3922
1958	4	2014
1958	5	4292
1958	6	1764
1958	7	1247
1958	8	742
1958	9	2013
1958	10	1852
1958	11	2229
1958	12	1450
1959	1	1270
1959	2	1967
1959	3	1301
1959	4	3304
1959	5	1675
1959	6	1132
1959	7	1289
1959	8	825
1959	9	739
1959	10	2504
1959	11	1299
1959	12	1114
1960	1	1430
1960	2	1508
1960	3	1203
1960	4	1300
1960	5	2391
1960	6	2854
1960	7	2635
1960	8	1804
1960	9	1091
1960	10	9217
1960	11	7760
1960	12	3288
1961	1	3832
1961	2	4640
1961	3	2459
1961	4	1618
1961	5	1151
1961	6	6855
1961	7	2637
1961	8	1174
1961	9	1900
1961	10	1034
1961	11	2235
1961	12	996
1962	1	905
1962	2	902
1962	3	780
1962	4	944
1962	5	745
1962	6	880
1962	7	511
1962	8	332
1962	9	735
1962	10	651
1962	11	687
1962	12	804
1963	1	697
1963	2	1043
1963	3	663
1963	4	738
1963	5	489
1963	6	368
1963	7	303
1963	8	172
1963	9	200
1963	10	213
1963	11	775
1963	12	473
1964	1	450
1964	2	807
1964	3	1198
1964	4	678
1964	5	446
1964	6	558
1964	7	259
1964	8	271
1964	9	716
1964	10	833
1964	11	965
1964	12	526
1965	1	1598
1965	2	4735
1965	3	1271
1965	4	1219
1965	5	4326
1965	6	4018
1965	7	1116
1965	8	698
1965	9	706
1965	10	1275
1965	11	1968
1965	12	2620
1966	1	1234
1966	2	1669
1966	3	1588
1966	4	2050
1966	5	2606
1966	6	1200
1966	7	892
1966	8	640
1966	9	869
1966	10	878
1966	11	703
1966	12	596
1967	1	596
1967	2	540
1967	3	512
1967	4	474
1967	5	392
1967	6	280
1967	7	208
1967	8	302
1967	9	9335
1967	10	2270
1967	11	2212
1967	12	1113
1968	1	7130
1968	2	2347
1968	3	1869
1968	4	2906
1968	5	4990
1968	6	6178
1968	7	1669
1968	8	961
1968	9	1649
1968	10	837
1968	11	943
1968	12	2047
1969	1	933
1969	2	3326
1969	3	2981
1969	4	3671
1969	5	3254
1969	6	1535
1969	7	861
1969	8	708
1969	9	841
1969	10	1352
1969	11	1224
1969	12	1532
1970	1	1797
1970	2	1863
1970	3	2813
1970	4	1920
1970	5	3432
1970	6	2757
1970	7	1204
1970	8	852
1970	9	797
1970	10	1051
1970	11	730
1970	12	694
1971	1	670
1971	2	612
1971	3	583
1971	4	429
1971	5	367
1971	6	377
1971	7	322
1971	8	1570
1971	9	2914
1971	10	1453
1971	11	1448
1971	12	2025
1972	1	1445
1972	2	1583
1972	3	1056
1972	4	756
1972	5	12229
1972	6	2789
1972	7	1648
1972	8	1342
1972	9	971
1972	10	933
1972	11	878
1972	12	836
1973	1	1128
1973	2	1634
1973	3	2530
1973	4	5173
1973	5	2253
1973	6	7511
1973	7	4277
1973	8	2721
1973	9	2189
1973	10	10548
1973	11	3397
1973	12	2144
1974	1	3648
1974	2	1891
1974	3	1462
1974	4	1191
1974	5	2211
1974	6	1723
1974	7	861
1974	8	992
1974	9	3928
1974	10	1422
1974	11	4685
1974	12	2847
1975	1	2100
1975	2	4610
1975	3	2248
1975	4	2233
1975	5	8850
1975	6	6441
1975	7	3307
1975	8	1994
1975	9	1460
1975	10	1154
1975	11	991
1975	12	1169
1976	1	930
1976	2	879
1976	3	912
1976	4	5068
1976	5	6338
1976	6	3345
1976	7	2275
1976	8	1706
1976	9	1600
1976	10	4050
1976	11	5101
1976	12	6786
1977	1	2975
1977	2	4725
1977	3	2289
1977	4	10316
1977	5	4645
1977	6	2566
1977	7	1742
1977	8	1169
1977	9	1058
1977	10	929
1977	11	1560
1977	12	938
1978	1	921
1978	2	1013
1978	3	916
1978	4	971
1978	5	775
1978	6	1440
1978	7	624
1978	8	3723
1978	9	3739
1978	10	1535
1978	11	1877
1978	12	1027
1979	1	4767
1979	2	3910
1979	3	3828
1979	4	5223
1979	5	7600
1979	6	5865
1979	7	2285
1979	8	1988
1979	9	1680
1979	10	923
1979	11	859
1979	12	820
1980	1	1074
1980	2	931
1980	3	795
1980	4	732
1980	5	2673
1980	6	1106
1980	7	603
1980	8	440
1980	9	1267
1980	10	948
1980	11	825
1980	12	828
1981	1	847
1981	2	913
1981	3	1263
1981	4	1666
1981	5	2145
1981	6	10020
1981	7	3833
1981	8	1874
1981	9	11339
1981	10	2178
1981	11	4397
1981	12	1702
1982	1	1257
1982	2	1641
1982	3	1080
1982	4	965
1982	5	5426
1982	6	1344
1982	7	770
1982	8	498
1982	9	479
1982	10	598
1982	11	1031
1982	12	680
1983	1	707
1983	2	1525
1983	3	2151
1983	4	1374
1983	5	1457
1983	6	1271
1983	7	1324
1983	8	640
1983	9	760
1983	10	702
1983	11	891
1983	12	526
1984	1	748
1984	2	659
1984	3	770
1984	4	456
1984	5	367
1984	6	290
1984	7	111
1984	8	104
1984	9	125
1984	10	629
1984	11	673
1984	12	870
1985	1	2027
1985	2	1564
1985	3	2327
1985	4	2570
1985	5	1594
1985	6	2683
1985	7	2513
1985	8	1021
1985	9	722
1985	10	1640
1985	11	3527
1985	12	3227
1986	1	1800
1986	2	1762
1986	3	1244
1986	4	975
1986	5	1548
1986	6	3181
1986	7	1193
1986	8	676
1986	9	1197
1986	10	2379
1986	11	2536
1986	12	5528
1987	1	4476
1987	2	3190
1987	3	4563
1987	4	2136
1987	5	2229
1987	6	23745
1987	7	6758
1987	8	4472
1987	9	2363
1987	10	1691
1987	11	1379
1987	12	1209
1988	1	953
1988	2	884
1988	3	1050
1988	4	796
1988	5	807
1988	6	1004
1988	7	937
1988	8	1080
1988	9	603
1988	10	541
1988	11	485
1988	12	541
1989	1	704
1989	2	767
1989	3	768
1989	4	750
1989	5	1407
1989	6	640
1989	7	314
1989	8	186
1989	9	141
1989	10	235
1989	11	397
1989	12	452
1990	1	420
1990	2	421
1990	3	659
1990	4	965
1990	5	1385
1990	6	747
1990	7	776
1990	8	821
1990	9	982
1990	10	527
1990	11	601
1990	12	565
1991	1	2999
1991	2	2645
1991	3	1330
1991	4	3991
1991	5	2596
1991	6	1438
1991	7	1494
1991	8	695
1991	9	1022
1991	10	865
1991	11	907
1991	12	9752
1992	1	10645
1992	2	17248
1992	3	10595
1992	4	9821
1992	5	8757
1992	6	8855
1992	7	3102
1992	8	2150
1992	9	1660
1992	10	1360
1992	11	1806
1992	12	1660
1993	1	1901
1993	2	2520
1993	3	3131
1993	4	1799
1993	5	5850
1993	6	5473
1993	7	1938
1993	8	918
1993	9	768
1993	10	912
1993	11	920
1993	12	887
1994	1	840
1994	2	833
1994	3	1033
1994	4	939
1994	5	4208
1994	6	1435
1994	7	717
1994	8	600
1994	9	657
1994	10	3767
1994	11	1172
1994	12	1897
1995	1	2080
1995	2	1109
1995	3	2525
1995	4	2018
1995	5	990
1995	6	3136
1995	7	1231
1995	8	763
1995	9	636
1995	10	610
1995	11	689
1995	12	728
1996	1	634
1996	2	591
1996	3	530
1996	4	472
1996	5	382
1996	6	313
1996	7	162
1996	8	265
1996	9	1963
1996	10	415
1996	11	444
1996	12	597
1997	1	1001
1997	2	767
1997	3	2546
1997	4	6535
1997	5	3737
1997	6	9942
1997	7	6292
1997	8	2690
1997	9	1271
1997	10	2960
1997	11	1136
1997	12	1221
1998	1	1477
1998	2	3390
1998	3	3509
1998	4	2033
1998	5	996
1998	6	740
1998	7	587
1998	8	1307
1998	9	3025
1998	10	30444
1998	11	9440
1998	12	4710
1999	1	2209
1999	2	1589
1999	3	1493
1999	4	1307
1999	5	1474
1999	6	1942
1999	7	1124
1999	8	713
1999	9	531
1999	10	510
1999	11	558
1999	12	565
2000	1	661
2000	2	655
2000	3	718
2000	4	636
2000	5	892
2000	6	1474
2000	7	424
2000	8	289
2000	9	271
2000	10	485
2000	11	5364
2000	12	2430
2001	1	2672
2001	2	2267
2001	3	3368
2001	4	1856
2001	5	1700
2001	6	1050
2001	7	792
2001	8	894
2001	9	7430
2001	10	1428
2001	11	3492
2001	12	5343
2002	1	2032
2002	2	1525
2002	3	1244
2002	4	2227
2002	5	891
2002	6	776
2002	7	17055
2002	8	4740
2002	9	5515
2002	10	6091
2002	11	9963
2002	12	5770
2003	1	3878
2003	2	4887
2003	3	3556
2003	4	1900
2003	5	1527
2003	6	1404
2003	7	1385
2003	8	1070
2003	9	1478
2003	10	1400
2003	11	1225
2003	12	1011
2004	1	1398
2004	2	1394
2004	3	1473
2004	4	3276
2004	5	3596
2004	6	6258
2004	7	5420
2004	8	1836
2004	9	1560
2004	10	3395
2004	11	17504
2004	12	7453
2005	1	3157
2005	2	4595
2005	3	6121
2005	4	2228
2005	5	2638
2005	6	1633
2005	7	1236
2005	8	1063
2005	9	953
2005	10	827
2005	11	753
2005	12	773
2006	1	767
2006	2	757
2006	3	737
2006	4	648
2006	5	685
2006	6	588
2006	7	601
2006	8	296
2006	9	438
2006	10	443
2006	11	396
2006	12	473
2007	1	1757
2007	2	835
2007	3	4824
2007	4	3994
2007	5	4859
2007	6	3870
2007	7	12043
2007	8	7405
2007	9	5105
2007	10	1881
2007	11	1813
2007	12	1246
2008	1	1102
2008	2	1031
2008	3	1011
2008	4	854
2008	5	704
2008	6	584
2008	7	596
2008	8	619
2008	9	544
2008	10	451
2008	11	429
2008	12	467
2009	1	473
2009	2	448
2009	3	480
2009	4	1848
2009	5	524
2009	6	282
2009	7	171
2009	8	143
2009	9	369
2009	10	3740
2009	11	3763
2009	12	1645
2010	1	2860
2010	2	4489
2010	3	1930
2010	4	2122
2010	5	2773
2010	6	2671
2010	7	1632
2010	8	846
2010	9	2397
2010	10	1029
2010	11	858
2010	12	770
2011	1	928
2011	2	725
2011	3	642
2011	4	508
2011	5	386
2011	6	333
2011	7	246
2011	8	171
2011	9	164
2011	10	258
2011	11	279
2011	12	456
2012	1	1488
2012	2	1886
2012	3	2316
2012	4	948
2012	5	1527
2012	6	564
2012	7	999
2012	8	349
2012	9	406
2012	10	488
2012	11	347
2012	12	354
2013	1	528
2013	2	419
2013	3	371
2013	4	430
2013	5	479
2013	6	402
2013	7	273
2013	8	156
2013	9	199
2013	10	1079
2013	11	2222
2013	12	507
2014	1	417
2014	2	354
2014	3	389
2014	4	323
2014	5	1561
2014	6	662
2014	7	255
2014	8	143
2014	9	185
2014	10	175
2014	11	366
2014	12	399
2015	1	726
2015	2	550
2015	3	2734
2015	4	3341
2015	5	9084
2015	6	9617
2015	7	2418
2015	8	984
2015	9	858
