1940	1	17
1940	2	20
1940	3	16
1940	4	23
1940	5	27
1940	6	37
1940	7	17
1940	8	16
1940	9	16
1940	10	30
1940	11	17
1940	12	27
1941	1	26
1941	2	60
1941	3	76
1941	4	130
1941	5	156
1941	6	131
1941	7	101
1941	8	69
1941	9	80
1941	10	106
1941	11	106
1941	12	100
1942	1	91
1942	2	83
1942	3	73
1942	4	90
1942	5	82
1942	6	62
1942	7	70
1942	8	35
1942	9	127
1942	10	214
1942	11	167
1942	12	136
1943	1	122
1943	2	102
1943	3	97
1943	4	80
1943	5	57
1943	6	49
1943	7	55
1943	8	34
1943	9	34
1943	10	29
1943	11	29
1943	12	28
1944	1	32
1944	2	29
1944	3	77
1944	4	75
1944	5	93
1944	6	105
1944	7	45
1944	8	25
1944	9	48
1944	10	39
1944	11	45
1944	12	96
1945	1	124
1945	2	163
1945	3	145
1945	4	154
1945	5	123
1945	6	81
1945	7	55
1945	8	33
1945	9	30
1945	10	55
1945	11	45
1945	12	45
1946	1	46
1946	2	45
1946	3	52
1946	4	50
1946	5	60
1946	6	54
1946	7	27
1946	8	29
1946	9	223
1946	10	138
1946	11	137
1946	12	125
1947	1	136
1947	2	127
1947	3	118
1947	4	102
1947	5	80
1947	6	43
1947	7	32
1947	8	40
1947	9	27
1947	10	26
1947	11	24
1947	12	25
1948	1	24
1948	2	28
1948	3	25
1948	4	23
1948	5	26
1948	6	19
1948	7	27
1948	8	53
1948	9	23
1948	10	29
1948	11	21
1948	12	20
1949	1	20
1949	2	30
1949	3	26
1949	4	62
1949	5	43
1949	6	57
1949	7	33
1949	8	26
1949	9	26
1949	10	61
1949	11	26
1949	12	29
1950	1	27
1950	2	27
1950	3	23
1950	4	28
1950	5	26
1950	6	22
1950	7	25
1950	8	31
1950	9	27
1950	10	23
1950	11	20
1950	12	19
1951	1	18
1951	2	25
1951	3	24
1951	4	20
1951	5	30
1951	6	46
1951	7	21
1951	8	24
1951	9	28
1951	10	24
1951	11	18
1951	12	18
1952	1	18
1952	2	22
1952	3	19
1952	4	22
1952	5	21
1952	6	26
1952	7	26
1952	8	21
1952	9	25
1952	10	15
1952	11	17
1952	12	21
1953	1	14
1953	2	15
1953	3	14
1953	4	13
1953	5	12
1953	6	14
1953	7	10
1953	8	17
1953	9	26
1953	10	13
1953	11	10
1953	12	11
1954	1	10
1954	2	11
1954	3	11
1954	4	13
1954	5	13
1954	6	16
1954	7	13
1954	8	8
1954	9	9
1954	10	13
1954	11	10
1954	12	8
1955	1	10
1955	2	18
1955	3	6
1955	4	7
1955	5	22
1955	6	11
1955	7	15
1955	8	15
1955	9	8
1955	10	7
1955	11	9
1955	12	7
1956	1	7
1956	2	8
1956	3	6
1956	4	6
1956	5	14
1956	6	7
1956	7	7
1956	8	14
1956	9	9
1956	10	14
1956	11	13
1956	12	12
1957	1	7
1957	2	12
1957	3	17
1957	4	93
1957	5	73
1957	6	37
1957	7	9
1957	8	7
1957	9	64
1957	10	37
1957	11	21
1957	12	10
1958	1	36
1958	2	42
1958	3	17
1958	4	13
1958	5	29
1958	6	23
1958	7	32
1958	8	14
1958	9	60
1958	10	56
1958	11	89
1958	12	78
1959	1	68
1959	2	73
1959	3	61
1959	4	60
1959	5	54
1959	6	21
1959	7	16
1959	8	17
1959	9	16
1959	10	61
1959	11	40
1959	12	50
1960	1	55
1960	2	55
1960	3	53
1960	4	37
1960	5	32
1960	6	24
1960	7	16
1960	8	32
1960	9	12
1960	10	53
1960	11	78
1960	12	95
1961	1	98
1961	2	114
1961	3	92
1961	4	51
1961	5	20
1961	6	61
1961	7	94
1961	8	41
1961	9	39
1961	10	65
1961	11	70
1961	12	62
1962	1	40
1962	2	29
1962	3	22
1962	4	32
1962	5	20
1962	6	23
1962	7	11
1962	8	13
1962	9	21
1962	10	12
1962	11	27
1962	12	19
1963	1	11
1963	2	31
1963	3	13
1963	4	19
1963	5	15
1963	6	12
1963	7	13
1963	8	10
1963	9	23
1963	10	31
1963	11	17
1963	12	13
1964	1	27
1964	2	20
1964	3	25
1964	4	18
1964	5	17
1964	6	28
1964	7	15
1964	8	26
1964	9	23
1964	10	22
1964	11	43
1964	12	16
1965	1	21
1965	2	62
1965	3	27
1965	4	17
1965	5	126
1965	6	31
1965	7	13
1965	8	16
1965	9	19
1965	10	18
1965	11	15
1965	12	30
1966	1	16
1966	2	21
1966	3	25
1966	4	30
1966	5	32
1966	6	24
1966	7	14
1966	8	33
1966	9	23
1966	10	19
1966	11	14
1966	12	14
1967	1	14
1967	2	17
1967	3	18
1967	4	12
1967	5	12
1967	6	10
1967	7	15
1967	8	18
1967	9	95
1967	10	19
1967	11	34
1967	12	15
1968	1	149
1968	2	47
1968	3	43
1968	4	40
1968	5	55
1968	6	39
1968	7	33
1968	8	15
1968	9	26
1968	10	17
1968	11	28
1968	12	24
1969	1	22
1969	2	33
1969	3	31
1969	4	24
1969	5	71
1969	6	26
1969	7	12
1969	8	30
1969	9	41
1969	10	46
1969	11	21
1969	12	27
1970	1	21
1970	2	32
1970	3	36
1970	4	26
1970	5	72
1970	6	23
1970	7	13
1970	8	13
1970	9	22
1970	10	14
1970	11	13
1970	12	14
1971	1	14
1971	2	13
1971	3	12
1971	4	17
1971	5	18
1971	6	28
1971	7	12
1971	8	62
1971	9	42
1971	10	48
1971	11	40
1971	12	46
1972	1	29
1972	2	24
1972	3	13
1972	4	24
1972	5	155
1972	6	39
1972	7	23
1972	8	36
1972	9	20
1972	10	23
1972	11	30
1972	12	25
1973	1	42
1973	2	47
1973	3	39
1973	4	112
1973	5	88
1973	6	127
1973	7	152
1973	8	86
1973	9	278
1973	10	244
1973	11	178
1973	12	147
1974	1	131
1974	2	104
1974	3	70
1974	4	55
1974	5	87
1974	6	26
1974	7	16
1974	8	124
1974	9	126
1974	10	79
1974	11	115
1974	12	88
1975	1	83
1975	2	146
1975	3	98
1975	4	91
1975	5	187
1975	6	122
1975	7	64
1975	8	47
1975	9	50
1975	10	47
1975	11	43
1975	12	50
1976	1	40
1976	2	20
1976	3	23
1976	4	61
1976	5	155
1976	6	56
1976	7	79
1976	8	44
1976	9	72
1976	10	166
1976	11	185
1976	12	194
1977	1	209
1977	2	218
1977	3	183
1977	4	250
1977	5	187
1977	6	114
1977	7	92
1977	8	45
1977	9	77
1977	10	88
1977	11	171
1977	12	111
1978	1	93
1978	2	82
1978	3	72
1978	4	68
1978	5	20
1978	6	28
1978	7	14
1978	8	44
1978	9	128
1978	10	39
1978	11	81
1978	12	83
1979	1	102
1979	2	103
1979	3	109
1979	4	167
1979	5	190
1979	6	225
1979	7	81
1979	8	79
1979	9	68
1979	10	45
1979	11	53
1979	12	69
1980	1	63
1980	2	45
1980	3	23
1980	4	18
1980	5	60
1980	6	12
1980	7	13
1980	8	27
1980	9	36
1980	10	16
1980	11	25
1980	12	15
1981	1	22
1981	2	19
1981	3	22
1981	4	29
1981	5	55
1981	6	167
1981	7	83
1981	8	50
1981	9	58
1981	10	145
1981	11	80
1981	12	62
1982	1	50
1982	2	40
1982	3	33
1982	4	24
1982	5	149
1982	6	35
1982	7	13
1982	8	15
1982	9	13
1982	10	24
1982	11	35
1982	12	23
1983	1	20
1983	2	22
1983	3	35
1983	4	13
1983	5	30
1983	6	25
1983	7	19
1983	8	21
1983	9	44
1983	10	14
1983	11	20
1983	12	9
1984	1	12
1984	2	7
1984	3	14
1984	4	9
1984	5	20
1984	6	14
1984	7	6
1984	8	16
1984	9	12
1984	10	53
1984	11	27
1984	12	35
1985	1	27
1985	2	28
1985	3	39
1985	4	32
1985	5	38
1985	6	72
1985	7	56
1985	8	15
1985	9	43
1985	10	46
1985	11	44
1985	12	25
1986	1	24
1986	2	37
1986	3	15
1986	4	16
1986	5	56
1986	6	219
1986	7	18
1986	8	12
1986	9	26
1986	10	59
1986	11	27
1986	12	107
1987	1	86
1987	2	109
1987	3	104
1987	4	68
1987	5	140
1987	6	313
1987	7	127
1987	8	72
1987	9	96
1987	10	84
1987	11	102
1987	12	109
1988	1	95
1988	2	85
1988	3	41
1988	4	27
1988	5	13
1988	6	28
1988	7	40
1988	8	18
1988	9	19
1988	10	21
1988	11	18
1988	12	18
1989	1	30
1989	2	18
1989	3	18
1989	4	29
1989	5	16
1989	6	38
1989	7	13
1989	8	16
1989	9	17
1989	10	43
1989	11	23
1989	12	16
1990	1	19
1990	2	30
1990	3	60
1990	4	52
1990	5	48
1990	6	18
1990	7	121
1990	8	15
1990	9	30
1990	10	31
1990	11	29
1990	12	15
1991	1	50
1991	2	39
1991	3	23
1991	4	107
1991	5	55
1991	6	47
1991	7	21
1991	8	22
1991	9	24
1991	10	14
1991	11	14
1991	12	192
1992	1	147
1992	2	251
1992	3	271
1992	4	199
1992	5	355
1992	6	350
1992	7	206
1992	8	215
1992	9	183
1992	10	153
1992	11	198
1992	12	194
1993	1	178
1993	2	202
1993	3	167
1993	4	145
1993	5	358
1993	6	208
1993	7	104
1993	8	26
1993	9	33
1993	10	56
1993	11	53
1993	12	52
1994	1	48
1994	2	40
1994	3	80
1994	4	47
1994	5	120
1994	6	21
1994	7	12
1994	8	19
1994	9	44
1994	10	139
1994	11	36
1994	12	44
1995	1	40
1995	2	33
1995	3	39
1995	4	30
1995	5	56
1995	6	59
1995	7	16
1995	8	13
1995	9	46
1995	10	14
1995	11	16
1995	12	15
1996	1	13
1996	2	13
1996	3	11
1996	4	12
1996	5	14
1996	6	10
1996	7	9
1996	8	10
1996	9	29
1996	10	6
1996	11	16
1996	12	10
1997	1	7
1997	2	10
1997	3	13
1997	4	17
1997	5	16
1997	6	20
1997	7	8
1997	8	8
1997	9	11
2011	4	15
2011	5	18
2011	6	21
2011	7	19
2011	8	17
2011	9	13
2011	10	13
2011	11	15
2011	12	20
2012	1	54
2012	2	43
2012	3	29
2012	4	22
2012	5	24
2012	6	26
2012	7	37
2012	8	47
2012	9	42
2012	10	39
2012	11	39
2012	12	35
2013	1	31
2013	2	22
2013	3	24
2013	4	27
2013	5	25
2013	6	30
2013	7	32
2013	8	36
2013	9	30
2013	11	26
2013	12	24
2014	1	21
2014	2	38
2014	3	35
2014	4	28
2014	5	24
2014	6	27
2014	7	33
2014	8	23
2014	9	22
2014	10	21
2014	12	22
2015	2	23
2015	3	25
2015	7	28
2015	8	24
