1940	1	28
1940	2	26
1940	3	58
1940	4	2096
1940	5	1253
1940	6	3894
1940	7	5066
1940	8	893
1940	9	301
1940	10	303
1940	11	777
1940	12	555
1941	1	111
1941	2	1554
1941	3	287
1941	4	1321
1941	5	10503
1941	6	2313
1941	7	1560
1941	8	192
1941	9	3686
1941	10	337
1941	11	151
1941	12	118
1942	1	100
1942	2	24
1942	3	90
1942	4	112
1942	5	164
1942	6	158
1942	7	10441
1942	8	143
1942	9	8720
1942	10	815
1942	11	209
1942	12	70
1943	1	38
1943	2	35
1943	3	39
1943	4	39
1943	5	64
1943	6	1948
1943	7	522
1943	8	41
1943	9	319
1943	10	186
1943	11	76
1943	12	94
1944	1	91
1944	2	93
1944	3	227
1944	4	75
1944	5	1241
1944	6	3588
1944	7	169
1944	8	210
1944	9	6314
1944	10	223
1944	11	85
1944	12	92
1945	1	53
1945	2	256
1945	3	303
1945	4	1965
1945	5	720
1945	6	684
1945	7	72
1945	8	64
1945	9	44
1945	10	3775
1945	11	57
1945	12	63
1946	1	52
1946	2	52
1946	3	172
1946	4	445
1946	5	2572
1946	6	2336
1946	7	109
1946	8	541
1946	9	5327
1946	10	9588
1946	11	238
1946	12	83
1947	1	88
1947	2	83
1947	3	83
1947	4	166
1947	5	2794
1947	6	680
1947	7	874
1947	8	250
1947	9	101
1947	10	82
1947	11	65
1947	12	32
1948	1	39
1948	2	30
1948	3	31
1948	4	37
1948	5	39
1948	6	43
1948	7	1173
1948	8	45
1948	9	134
1948	10	518
1948	11	127
1948	12	31
1949	1	39
1949	2	48
1949	3	2371
1949	4	3364
1949	5	3975
1949	6	1820
1949	7	1590
1949	8	650
1949	9	67
1949	10	458
1949	11	253
1949	12	298
1950	1	62
1950	2	42
1950	3	39
1950	4	45
1950	5	651
1950	6	1955
1950	7	146
1950	8	69
1950	9	62
1950	10	216
1950	11	59
1950	12	47
1951	1	42
1951	2	45
1951	3	42
1951	4	48
1951	5	969
1951	6	2317
1951	7	67
1951	8	67
1951	9	3125
1951	10	313
1951	11	69
1951	12	40
1952	1	44
1952	2	59
1952	3	75
1952	4	157
1952	5	398
1952	6	1380
1952	7	154
1952	8	76
1952	9	175
1952	10	55
1952	11	45
1952	12	44
1953	1	51
1953	2	46
1953	3	52
1953	4	70
1953	5	1319
1953	6	73
1953	7	82
1953	8	385
1953	9	6725
1953	10	1068
1953	11	687
1953	12	44
1954	1	44
1954	2	58
1954	3	60
1954	4	52
1954	5	60
1954	6	928
1954	7	2362
1954	8	86
1954	9	77
1954	10	72
1954	11	128
1954	12	58
1955	1	48
1955	2	54
1955	3	69
1955	4	74
1955	5	280
1955	6	255
1955	7	90
1955	8	99
1955	9	385
1955	10	671
1955	11	61
1955	12	45
1956	1	52
1956	2	52
1956	3	59
1956	4	49
1956	5	70
1956	6	105
1956	7	110
1956	8	183
1956	9	739
1956	10	634
1956	11	108
1956	12	93
1957	1	60
1957	2	63
1957	3	320
1957	4	2663
1957	5	9481
1957	6	8142
1957	7	109
1957	8	105
1957	9	1735
1957	10	2033
1957	11	780
1957	12	91
1958	1	4994
1958	2	5164
1958	3	4376
1958	4	87
1958	5	83
1958	6	103
1958	7	166
1958	8	117
1958	9	659
1958	10	4168
1958	11	3372
1958	12	324
1959	1	394
1959	2	154
1959	3	110
1959	4	87
1959	5	95
1959	6	113
1959	7	844
1959	8	132
1959	9	98
1959	10	4354
1959	11	317
1959	12	107
1960	1	95
1960	2	130
1960	3	73
1960	4	87
1960	5	85
1960	6	230
1960	7	297
1960	8	888
1960	9	480
1960	10	2534
1960	11	1584
1960	12	999
1961	1	836
1961	2	1163
1961	3	181
1961	4	289
1961	5	121
1961	6	1368
1961	7	457
1961	8	457
1961	9	199
1961	10	110
1961	11	105
1961	12	101
1962	1	106
1962	2	112
1962	3	95
1962	4	106
1962	5	133
1962	6	103
1962	7	133
1962	8	127
1962	9	90
1962	10	107
1962	11	83
1962	12	65
1963	1	88
1963	2	83
1963	3	90
1963	4	110
1963	5	145
1963	6	128
1963	7	143
1963	8	157
1963	9	108
1963	10	106
1963	11	85
1963	12	75
1964	1	75
1964	2	68
1964	3	82
1964	4	108
1964	5	103
1964	6	132
1964	7	132
1964	8	157
1964	9	115
1964	10	3091
1964	11	384
1964	12	73
1965	1	69
1965	2	1257
1965	3	514
1965	4	103
1965	5	2654
1965	6	875
1965	7	157
1965	8	132
1965	9	123
1965	10	96
1965	11	95
1965	12	86
1966	1	76
1966	2	93
1966	3	96
1966	4	131
1966	5	3346
1966	6	896
1966	7	208
1966	8	131
1966	9	114
1966	10	119
1966	11	115
1966	12	103
1967	1	94
1967	2	85
1967	3	107
1967	4	143
1967	5	140
1967	6	164
1967	7	170
1967	8	152
1967	9	24946
1967	10	3418
1967	11	339
1967	12	350
1968	1	3582
1968	2	688
1968	3	446
1968	4	101
1968	5	4398
1968	6	541
1968	7	511
1968	8	110
1968	9	130
1968	10	303
1968	11	102
1968	12	97
1969	1	94
1969	2	95
1969	3	97
1969	4	101
1969	5	125
1969	6	155
1969	7	162
1969	8	162
1969	9	122
1969	10	983
1969	11	1358
1969	12	672
1970	1	226
1970	2	177
1970	3	439
1970	4	130
1970	5	1217
1970	6	3016
1970	7	125
1970	8	167
1970	9	102
1970	10	141
1970	11	110
1970	12	96
1971	1	100
1971	2	112
1971	3	124
1971	4	111
1971	5	119
1971	6	140
1971	7	3595
1971	8	10051
1971	9	10856
1971	10	14852
1971	11	1359
1971	12	418
1972	1	319
1972	2	294
1972	3	103
1972	4	137
1972	5	2519
1972	6	256
1972	7	125
1972	8	149
1972	9	577
1972	10	160
1972	11	137
1972	12	123
1973	1	123
1973	2	104
1973	3	104
1973	4	107
1973	5	133
1973	6	4213
1973	7	1689
1973	8	566
1973	9	1127
1973	10	7577
1973	11	1108
1973	12	322
1974	1	239
1974	2	267
1974	3	477
1974	4	220
1974	5	194
1974	6	182
1974	7	154
1974	8	1137
1974	9	2933
1974	10	161
1974	11	324
1974	12	190
1975	1	174
1975	2	344
1975	3	129
1975	4	100
1975	5	1585
1975	6	2011
1975	7	1094
1975	8	241
1975	9	257
1975	10	100
1975	11	86
1975	12	63
1976	1	54
1976	2	57
1976	3	64
1976	4	55
1976	5	1144
1976	6	137
1976	7	2215
1976	8	927
1976	9	1657
1976	10	2570
1976	11	4551
1976	12	1870
1977	1	803
1977	2	519
1977	3	260
1977	4	4639
1977	5	1429
1977	6	543
1977	7	138
1977	8	91
1977	9	78
1977	10	113
1977	11	103
1977	12	100
1978	1	95
1978	2	91
1978	3	117
1978	4	117
1978	5	136
1978	6	774
1978	7	153
1978	8	880
1978	9	1001
1978	10	118
1978	11	110
1978	12	98
1979	1	131
1979	2	97
1979	3	105
1979	4	795
1979	5	576
1979	6	3460
1979	7	289
1979	8	141
1979	9	106
1979	10	124
1979	11	121
1979	12	114
1980	1	140
1980	2	110
1980	3	123
1980	4	144
1980	5	2025
1980	6	615
1980	7	182
1980	8	4956
1980	9	489
1980	10	192
1980	11	116
1980	12	98
1981	1	101
1981	2	104
1981	3	109
1981	4	125
1981	5	2873
1981	6	7498
1981	7	2630
1981	8	226
1981	9	1149
1981	10	1698
1981	11	757
1981	12	212
1982	1	178
1982	2	166
1982	3	145
1982	4	133
1982	5	1629
1982	6	241
1982	7	191
1982	8	179
1982	9	164
1982	10	144
1982	11	127
1982	12	137
1983	1	131
1983	2	107
1983	3	118
1983	4	147
1983	5	171
1983	6	180
1983	7	162
1983	8	173
1983	9	151
1983	10	136
1983	11	141
1983	12	159
1984	1	137
1984	2	136
1984	3	145
1984	4	180
1984	5	175
1984	6	178
1984	7	138
1984	8	114
1984	9	96
1984	10	73
1984	11	75
1984	12	96
1985	1	101
1985	2	105
1985	3	101
1985	4	340
1985	5	1626
1985	6	859
1985	7	787
1985	8	181
1985	9	133
1985	10	1318
1985	11	1930
1985	12	269
1986	1	106
1986	2	99
1986	3	123
1986	4	136
1986	5	125
1986	6	129
1986	7	184
1986	8	165
1986	9	141
1986	10	122
1986	11	141
1986	12	625
1987	1	322
1987	2	345
1987	3	418
1987	4	143
1987	5	282
1987	6	8204
1987	7	1919
1987	8	267
1987	9	214
1987	10	163
1987	11	190
1987	12	161
1988	1	137
1988	2	137
1988	3	144
1988	4	151
1988	5	158
1988	6	185
1988	7	200
1988	8	194
1988	9	165
1988	10	139
1988	11	139
1988	12	138
1989	1	132
1989	2	138
1989	3	147
1989	4	149
1989	5	171
1989	6	159
1989	7	198
1989	8	198
1989	9	196
1989	10	182
1989	11	161
1989	12	161
1990	1	147
1990	2	144
1990	3	142
1990	4	155
1990	5	629
1990	6	362
1990	7	1591
1990	8	1531
1990	9	462
1990	10	310
1990	11	146
1990	12	150
1991	1	127
1991	2	134
1991	3	244
1991	4	287
1991	5	569
1991	6	402
1991	7	163
1991	8	187
1991	9	320
1991	10	254
1991	11	184
1991	12	143
1992	1	1202
1992	2	3307
1992	3	1317
1992	4	1990
1992	5	3064
1992	6	3125
1992	7	241
1992	8	297
1992	9	276
1992	10	266
1992	11	181
1992	12	163
1993	1	116
1993	2	118
1993	3	158
1993	4	190
1993	5	504
1993	6	355
1993	7	634
1993	8	236
1993	9	345
1993	10	293
1993	11	189
1993	12	179
1994	1	142
1994	2	138
1994	3	158
1994	4	251
1994	5	484
1994	6	498
1994	7	264
1994	8	232
1994	9	342
1994	10	227
1994	11	159
1994	12	185
1995	1	148
1995	2	145
1995	3	140
1995	4	163
1995	5	191
1995	6	389
1995	7	310
1995	8	156
1995	9	210
1995	10	389
1995	11	125
1995	12	183
1996	1	157
1996	2	140
1996	3	140
1996	4	136
1996	5	168
1996	6	173
1996	7	218
1996	8	182
1996	9	134
1996	10	189
1996	11	143
1996	12	131
1997	1	122
1997	2	124
1997	3	127
1997	4	129
1997	5	119
1997	6	999
1997	7	1358
1997	8	205
1997	9	204
1997	10	421
1997	11	135
1997	12	155
1998	1	148
1998	2	171
1998	3	148
1998	4	165
1998	5	180
1998	6	222
1998	7	266
1998	8	354
1998	9	1372
1998	10	1418
1998	11	831
1998	12	266
1999	1	207
1999	2	146
1999	3	222
1999	4	390
1999	5	159
1999	6	331
1999	7	400
1999	8	175
1999	9	967
1999	10	97
1999	11	85
1999	12	119
2000	1	99
2000	2	125
2000	3	82
2000	4	139
2000	5	132
2000	6	317
2000	7	279
2000	8	144
2000	9	148
2000	10	173
2000	11	162
2000	12	105
2001	1	129
2001	2	109
2001	3	133
2001	4	107
2001	5	117
2001	6	98
2001	7	119
2001	8	138
2001	9	141
2001	10	114
2001	11	2096
2001	12	982
2002	1	111
2002	2	91
2002	3	72
2002	4	122
2002	5	214
2002	6	221
2002	7	15178
2002	8	263
2002	9	13340
2002	10	2744
2002	11	3804
2002	12	747
2003	1	206
2003	2	492
2003	3	270
2003	4	121
2003	5	105
2003	6	245
2003	7	1034
2003	8	96
2003	9	1025
2003	10	4447
2003	11	250
2003	12	76
2004	1	61
2004	2	80
2004	3	368
2004	4	3487
2004	5	2550
2004	6	1111
2004	7	3392
2004	8	587
2004	9	923
2004	10	96
2004	11	1293
2004	12	876
2005	1	367
2005	2	593
2005	3	1184
2005	4	163
2005	5	165
2005	6	331
2005	7	246
2005	8	169
2005	9	120
2005	10	155
2005	11	108
2005	12	128
2006	1	86
2006	2	104
2006	3	129
2006	4	118
2006	5	147
2006	6	125
2006	7	105
2006	8	152
2006	9	117
2006	10	133
2006	11	106
2006	12	67
2007	1	60
2007	2	74
2007	3	120
2007	4	112
2007	5	309
2007	6	947
2007	7	10236
2007	8	4156
2007	9	1041
2007	10	228
2007	11	105
2007	12	95
2008	1	75
2008	2	75
2008	3	101
2008	4	97
2008	5	98
2008	6	142
2008	7	123
2008	8	119
2008	9	140
2008	10	114
2008	11	83
2008	12	73
2009	1	66
2009	2	88
2009	3	79
2009	4	99
2009	5	116
2009	6	122
2009	7	150
2009	8	167
2009	9	177
2009	10	128
2009	11	74
2009	12	38
2010	1	85
2010	2	52
2010	3	63
2010	4	75
2010	5	301
2010	6	521
2010	7	217
2010	8	98
2010	9	178
2010	10	71
2010	11	66
2010	12	61
2011	1	64
2011	2	60
2011	3	84
2011	4	104
2011	5	122
2011	6	137
2011	7	102
2011	8	156
2011	9	195
2011	10	109
2011	11	203
2011	12	88
2012	1	82
2012	2	52
2012	3	89
2012	4	112
2012	5	163
2012	6	469
2012	7	133
2012	8	185
2012	9	104
2012	10	113
2012	11	85
2012	12	79
2013	1	70
2013	2	64
2013	3	84
2013	4	81
2013	5	69
2013	6	128
2013	7	100
2013	8	107
2013	9	82
2013	10	304
2013	11	248
2013	12	78
2014	1	72
2014	2	114
2014	3	62
2014	4	80
2014	5	130
2014	6	543
2014	7	355
2014	8	107
2014	9	84
2014	10	83
2014	11	66
2014	12	76
2015	1	75
2015	2	52
2015	3	56
2015	4	55
2015	5	3217
2015	6	3179
2015	7	94
2015	8	138
2015	9	131
