1940	1	398
1940	2	466
1940	3	505
1940	4	344
1940	5	714
1940	6	425
1940	7	225
1940	8	233
1940	9	228
1940	10	255
1940	11	316
1940	12	464
1941	1	446
1941	2	540
1941	3	815
1941	4	668
1941	5	5993
1941	6	6006
1941	7	2944
1941	8	484
1941	9	427
1941	10	1674
1941	11	1532
1941	12	1018
1942	1	747
1942	2	756
1942	3	867
1942	4	3020
1942	5	5979
1942	6	5203
1942	7	580
1942	8	318
1942	9	369
1942	10	334
1942	11	414
1942	12	582
1943	1	531
1943	2	635
1943	3	607
1943	4	731
1943	5	957
1943	6	620
1943	7	304
1943	8	300
1943	9	297
1943	10	314
1943	11	408
1943	12	461
1944	1	460
1944	2	547
1944	3	759
1944	4	802
1944	5	4803
1944	6	4008
1944	7	1349
1944	8	316
1944	9	258
1944	10	331
1944	11	492
1944	12	531
1945	1	536
1945	2	636
1945	3	607
1945	4	700
1945	5	3147
1945	6	1501
1945	7	524
1945	8	329
1945	9	280
1945	10	320
1945	11	477
1945	12	467
1946	1	464
1946	2	485
1946	3	510
1946	4	438
1946	5	376
1946	6	282
1946	7	241
1946	8	249
1946	9	251
1946	10	304
1946	11	523
1946	12	557
1947	1	452
1947	2	550
1947	3	503
1947	4	500
1947	5	1785
1947	6	760
1947	7	411
1947	8	325
1947	9	397
1947	10	343
1947	11	525
1947	12	536
1948	1	514
1948	2	544
1948	3	841
1948	4	1684
1948	5	3915
1948	6	5107
1948	7	526
1948	8	291
1948	9	244
1948	10	283
1948	11	413
1948	12	493
1949	1	485
1949	2	528
1949	3	649
1949	4	702
1949	5	2011
1949	6	4862
1949	7	1840
1949	8	417
1949	9	329
1949	10	344
1949	11	497
1949	12	540
1950	1	551
1950	2	696
1950	3	508
1950	4	437
1950	5	443
1950	6	585
1950	7	274
1950	8	216
1950	9	234
1950	10	251
1950	11	304
1950	12	423
1951	1	407
1951	2	473
1951	3	376
1951	4	317
1951	5	354
1951	6	293
1951	7	185
1951	8	200
1951	9	208
1951	10	220
1951	11	243
1951	12	342
1952	1	471
1952	2	420
1952	3	494
1952	4	931
1952	5	3292
1952	6	3053
1952	7	733
1952	8	799
1952	9	400
1952	10	340
1952	11	409
1952	12	547
1953	1	583
1953	2	642
1953	3	562
1953	4	452
1953	5	523
1953	6	642
1953	7	294
1953	8	242
1953	9	214
1953	10	245
1953	11	320
1953	12	420
1954	1	414
1954	2	501
1954	3	355
1954	4	378
1954	5	425
1954	6	289
1954	7	232
1954	8	222
1954	9	224
1954	10	240
1954	11	248
1954	12	301
1955	1	365
1955	2	380
1955	3	388
1955	4	277
1955	5	563
1955	6	478
1955	7	258
1955	8	292
1955	9	248
1955	10	238
1955	11	278
1955	12	354
1956	1	410
1956	2	408
1956	3	377
1956	4	281
1956	5	378
1956	6	474
1956	7	195
1956	8	184
1956	9	161
1956	10	170
1956	11	223
1956	12	243
1957	1	262
1957	2	290
1957	3	258
1957	4	333
1957	5	1373
1957	6	3163
1957	7	2579
1957	8	1462
1957	9	760
1957	10	460
1957	11	956
1957	12	666
1958	1	535
1958	2	598
1958	3	624
1958	4	1186
1958	5	4144
1958	6	2061
1958	7	317
1958	8	268
1958	9	260
1958	10	279
1958	11	352
1958	12	440
1959	1	422
1959	2	467
1959	3	435
1959	4	325
1959	5	285
1959	6	244
1959	7	185
1959	8	220
1959	9	191
1959	10	296
1959	11	427
1959	12	429
1960	1	408
1960	2	432
1960	3	701
1960	4	1250
1960	5	648
1960	6	1096
1960	7	334
1960	8	226
1960	9	191
1960	10	256
1960	11	391
1960	12	365
1961	1	350
1961	2	425
1961	3	409
1961	4	657
1961	5	1135
1961	6	695
1961	7	330
1961	8	331
1961	9	334
1961	10	316
1961	11	682
1961	12	511
1962	1	468
1962	2	697
1962	3	617
1962	4	1641
1962	5	1878
1962	6	1071
1962	7	479
1962	8	282
1962	9	269
1962	10	274
1962	11	529
1962	12	415
1963	1	349
1963	2	506
1963	3	555
1963	4	470
1963	5	258
1963	6	221
1963	7	185
1963	8	202
1963	9	196
1963	10	190
1963	11	256
1963	12	244
1964	1	306
1964	2	326
1964	3	404
1964	4	307
1964	5	355
1964	6	255
1964	7	192
1964	8	220
1964	9	197
1964	10	199
1964	11	337
1964	12	270
1965	1	395
1965	2	426
1965	3	528
1965	4	660
1965	5	1889
1965	6	2871
1965	7	1560
1965	8	793
1965	9	539
1965	10	769
1965	11	840
1965	12	649
1966	1	605
1966	2	585
1966	3	903
1966	4	919
1966	5	974
1966	6	681
1966	7	319
1966	8	414
1966	9	246
1966	10	273
1966	11	734
1966	12	479
1967	1	404
1967	2	489
1967	3	482
1967	4	277
1967	5	305
1967	6	619
1967	7	324
1967	8	689
1967	9	386
1967	10	287
1967	11	547
1967	12	441
1968	1	467
1968	2	519
1968	3	721
1968	4	513
1968	5	1139
1968	6	1786
1968	7	595
1968	8	1027
1968	9	328
1968	10	280
1968	11	551
1968	12	445
1969	1	528
1969	2	555
1969	3	626
1969	4	805
1969	5	1528
1969	6	1668
1969	7	729
1969	8	568
1969	9	495
1969	10	966
1969	11	1102
1969	12	736
1970	1	564
1970	2	705
1970	3	731
1970	4	741
1970	5	1325
1970	6	757
1970	7	417
1970	8	272
1970	9	824
1970	10	635
1970	11	953
1970	12	647
1971	1	583
1971	2	741
1971	3	913
1971	4	520
1971	5	270
1971	6	313
1971	7	317
1971	8	277
1971	9	283
1971	10	570
1971	11	605
1971	12	509
1972	1	484
1972	2	552
1972	3	739
1972	4	345
1972	5	249
1972	6	282
1972	7	204
1972	8	249
1972	9	297
1972	10	338
1972	11	655
1972	12	489
1973	1	458
1973	2	478
1973	3	794
1973	4	768
1973	5	2889
1973	6	3312
1973	7	1592
1973	8	583
1973	9	480
1973	10	596
1973	11	542
1973	12	504
1974	1	486
1974	2	488
1974	3	776
1974	4	493
1974	5	394
1974	6	297
1974	7	190
1974	8	213
1974	9	180
1974	10	221
1974	11	282
1974	12	357
1975	1	376
1975	2	450
1975	3	578
1975	4	659
1975	5	1666
1975	6	2215
1975	7	1483
1975	8	665
1975	9	589
1975	10	447
1975	11	1032
1975	12	510
1976	1	418
1976	2	548
1976	3	704
1976	4	743
1976	5	1105
1976	6	1165
1976	7	503
1976	8	352
1976	9	220
1976	10	272
1976	11	305
1976	12	310
1977	1	304
1977	2	373
1977	3	485
1977	4	318
1977	5	232
1977	6	187
1977	7	217
1977	8	195
1977	9	193
1977	10	190
1977	11	262
1977	12	265
1978	1	336
1978	2	391
1978	3	419
1978	4	313
1978	5	799
1978	6	841
1978	7	588
1978	8	296
1978	9	214
1978	10	387
1978	11	436
1978	12	338
1979	1	351
1979	2	395
1979	3	843
1979	4	1311
1979	5	3375
1979	6	5495
1979	7	2607
1979	8	910
1979	9	289
1979	10	239
1979	11	311
1979	12	384
1980	1	479
1980	2	553
1980	3	593
1980	4	999
1980	5	3076
1980	6	3021
1980	7	951
1980	8	372
1980	9	222
1980	10	212
1980	11	295
1980	12	479
1981	1	423
1981	2	432
1981	3	446
1981	4	249
1981	5	264
1981	6	273
1981	7	260
1981	8	288
1981	9	271
1981	10	382
1981	11	565
1981	12	341
1982	1	386
1982	2	469
1982	3	589
1982	4	593
1982	5	1547
1982	6	1928
1982	7	1060
1982	8	792
1982	9	1059
1982	10	752
1982	11	686
1982	12	502
1983	1	514
1983	2	668
1983	3	794
1983	4	977
1983	5	1982
1983	6	3700
1983	7	1490
1983	8	461
1983	9	248
1983	10	259
1983	11	294
1983	12	474
1984	1	471
1984	2	491
1984	3	800
1984	4	1372
1984	5	3291
1984	6	1863
1984	7	602
1984	8	383
1984	9	322
1984	10	378
1984	11	692
1984	12	624
1985	1	608
1985	2	618
1985	3	920
1985	4	2907
1985	5	4946
1985	6	5381
1985	7	1217
1985	8	541
1985	9	349
1985	10	560
1985	11	975
1985	12	830
1986	1	763
1986	2	862
1986	3	975
1986	4	1455
1986	5	2100
1986	6	4727
1986	7	2547
1986	8	449
1986	9	510
1986	10	884
1986	11	1310
1986	12	930
1987	1	729
1987	2	864
1987	3	1194
1987	4	2782
1987	5	6055
1987	6	3742
1987	7	788
1987	8	309
1987	9	290
1987	10	289
1987	11	559
1987	12	558
1988	1	498
1988	2	575
1988	3	814
1988	4	739
1988	5	396
1988	6	409
1988	7	320
1988	8	263
1988	9	294
1988	10	312
1988	11	541
1988	12	539
1989	1	506
1989	2	574
1989	3	1175
1989	4	1574
1989	5	824
1989	6	508
1989	7	259
1989	8	247
1989	9	239
1989	10	297
1989	11	281
1989	12	340
1990	1	375
1990	2	425
1990	3	558
1990	4	439
1990	5	889
1990	6	575
1990	7	439
1990	8	364
1990	9	270
1990	10	444
1990	11	580
1990	12	457
1991	1	508
1991	2	591
1991	3	740
1991	4	1585
1991	5	1960
1991	6	1449
1991	7	655
1991	8	585
1991	9	527
1991	10	321
1991	11	514
1991	12	503
1992	1	491
1992	2	545
1992	3	941
1992	4	1740
1992	5	1109
1992	6	1008
1992	7	378
1992	8	390
1992	9	317
1992	10	295
1992	11	412
1992	12	452
1993	1	543
1993	2	687
1993	3	913
1993	4	1084
1993	5	2624
1993	6	2432
1993	7	728
1993	8	468
1993	9	757
1993	10	389
1993	11	526
1993	12	574
1994	1	579
1994	2	636
1994	3	875
1994	4	1146
1994	5	2846
1994	6	2125
1994	7	412
1994	8	248
1994	9	274
1994	10	334
1994	11	453
1994	12	604
1995	1	603
1995	2	729
1995	3	792
1995	4	880
1995	5	1865
1995	6	3593
1995	7	3444
1995	8	492
1995	9	409
1995	10	392
1995	11	465
1995	12	483
1996	1	605
1996	2	728
1996	3	652
1996	4	418
1996	5	382
1996	6	264
1996	7	235
1996	8	216
1996	9	223
1996	10	239
1996	11	328
1996	12	409
1997	1	512
1997	2	589
1997	3	905
1997	4	770
1997	5	1958
1997	6	2676
1997	7	832
1997	8	786
1997	9	944
1997	10	1500
1997	11	1110
1997	12	708
1998	1	608
1998	2	629
1998	3	908
1998	4	754
1998	5	1330
1998	6	799
1998	7	466
1998	8	303
1998	9	242
1998	10	307
1998	11	436
1998	12	509
1999	1	599
1999	2	636
1999	3	570
1999	4	351
1999	5	1551
1999	6	2011
1999	7	986
1999	8	1520
1999	9	1174
1999	10	691
1999	11	637
1999	12	545
2000	1	583
2000	2	618
2000	3	480
2000	4	406
2000	5	404
2000	6	307
2000	7	218
2000	8	188
2000	9	177
2000	10	218
2000	11	309
2000	12	385
2001	1	395
2001	2	463
2001	3	648
2001	4	632
2001	5	1883
2001	6	1654
2001	7	615
2001	8	314
2001	9	243
2001	10	238
2001	11	334
2001	12	438
2002	1	442
2002	2	437
2002	3	510
2002	4	286
2002	5	204
2002	6	181
2002	7	176
2002	8	162
2002	9	184
2002	10	199
2002	11	244
2002	12	308
2003	1	342
2003	2	375
2003	3	359
2003	4	287
2003	5	450
2003	6	454
2003	7	228
2003	8	193
2003	9	213
2003	10	201
2003	11	265
2003	12	347
2004	1	367
2004	2	375
2004	3	845
2004	4	614
2004	5	1041
2004	6	716
2004	7	342
2004	8	207
2004	9	182
2004	10	243
2004	11	520
2004	12	447
2005	1	497
2005	2	566
2005	3	597
2005	4	1282
2005	5	2993
2005	6	2835
2005	7	985
2005	8	356
2005	9	217
2005	10	327
2005	11	561
2005	12	438
2006	1	467
2006	2	467
2006	3	478
2006	4	364
2006	5	429
2006	6	405
2006	7	335
2006	8	428
2006	9	436
2006	10	733
2006	11	874
2006	12	573
2007	1	533
2007	2	586
2007	3	1146
2007	4	783
2007	5	1056
2007	6	744
2007	7	455
2007	8	525
2007	9	456
2007	10	457
2007	11	531
2007	12	605
2008	1	489
2008	2	602
2008	3	893
2008	4	1563
2008	5	2420
2008	6	2279
2008	7	909
2008	8	393
2008	9	306
2008	10	291
2008	11	325
2008	12	404
2009	1	527
2009	2	599
2009	3	861
2009	4	902
2009	5	2213
2009	6	1146
2009	7	571
2009	8	255
2009	9	246
2009	10	291
2009	11	353
2009	12	421
2010	1	468
2010	2	511
2010	3	730
2010	4	1277
2010	5	1295
2010	6	1120
2010	7	326
2010	8	256
2010	9	221
2010	10	239
2010	11	459
2010	12	527
2011	1	436
2011	2	475
2011	3	555
2011	4	298
2011	5	423
2011	6	813
2011	7	533
2011	8	314
2011	9	255
2011	10	352
2011	11	645
2011	12	448
2012	1	450
2012	2	475
2012	3	773
2012	4	606
2012	5	441
2012	6	291
2012	7	232
2012	8	207
2012	9	207
2012	10	222
2012	11	288
2012	12	348
2013	1	326
2013	2	390
2013	3	502
2013	4	349
2013	5	288
2013	6	232
2013	7	205
2013	8	259
2013	9	398
2013	10	493
2013	11	596
2013	12	502
2014	1	466
2014	2	527
2014	3	675
2014	4	438
2014	5	578
2014	6	847
2014	7	524
2014	8	446
2014	9	303
2014	10	445
2014	11	624
2014	12	557
2015	1	479
2015	2	589
2015	3	970
2015	4	586
2015	5	815
2015	6	1414
2015	7	1064
2015	8	401
2015	9	303
