1940	1	0
1940	2	0
1940	3	0
1940	4	0
1940	5	12
1940	6	1
1940	7	15
1940	8	4
1940	9	0
1940	10	0
1940	11	0
1940	12	0
1941	1	1
1941	2	0
1941	3	16
1941	4	118
1941	5	519
1941	6	117
1941	7	129
1941	8	175
1941	9	1090
1941	10	458
1941	11	199
1941	12	114
1942	1	80
1942	2	66
1942	3	44
1942	4	165
1942	5	101
1942	6	17
1942	7	31
1942	8	184
1942	9	155
1942	10	39
1942	11	27
1942	12	24
1943	1	22
1943	2	17
1943	3	9
1943	4	4
1943	5	2
1943	6	23
1943	7	52
1943	8	0
1943	9	0
1943	10	2
1943	11	12
1943	12	23
1944	1	28
1944	2	25
1944	3	14
1944	4	4
1944	5	1
1944	6	0
1944	7	15
1944	8	22
1944	9	20
1944	10	11
1944	11	20
1944	12	22
1945	1	18
1945	2	11
1945	3	4
1945	4	1
1945	5	3
1945	6	0
1945	7	5
1945	8	3
1945	9	0
1945	10	4
1945	11	1
1945	12	0
1946	1	8
1946	2	8
1946	3	1
1946	4	0
1946	5	0
1946	6	3
1946	7	8
1946	8	37
1946	9	94
1946	10	23
1946	11	18
1946	12	11
1947	1	17
1947	2	10
1947	3	1
1947	4	0
1947	5	18
1947	6	13
1947	7	5
1947	8	11
1947	9	2
1947	10	28
1947	11	0
1947	12	12
1948	1	4
1948	2	2
1948	3	0
1948	4	0
1948	5	6
1948	6	177
1948	7	14
1948	8	51
1948	9	8
1948	10	0
1948	11	0
1948	12	0
1949	1	5
1949	2	14
1949	3	19
1949	4	71
1949	5	47
1949	6	22
1949	7	142
1949	8	77
1949	9	84
1949	10	12
1949	11	20
1949	12	12
1950	1	8
1950	2	0
1950	3	0
1950	4	0
1950	5	0
1950	6	2
1950	7	129
1950	8	55
1950	9	101
1950	10	31
1950	11	0
1950	12	0
1951	1	3
1951	2	1
1951	3	0
1951	4	0
1951	5	0
1951	6	0
1951	7	0
1951	8	18
1951	9	0
1951	10	0
1951	11	0
1951	12	0
1952	1	0
1952	2	0
1952	3	0
1952	4	1
1952	5	1
1952	6	0
1952	7	61
1952	8	26
1952	9	1
1952	10	0
1952	11	0
1952	12	0
1953	1	0
1953	2	0
1953	3	0
1953	4	0
1953	5	2
1953	6	19
1953	7	42
1953	8	17
1953	9	0
1953	10	0
1953	11	1
1953	12	2
1954	1	0
1954	2	0
1954	3	0
1954	4	0
1954	5	33
1954	6	4
1954	7	7
1954	8	44
1954	9	25
1954	10	141
1954	11	0
1954	12	0
1955	1	0
1955	2	0
1955	3	0
1955	4	1
1955	5	0
1955	6	0
1955	7	162
1955	8	42
1955	9	35
1955	10	23
1955	11	0
1955	12	0
1956	1	0
1956	2	0
1956	3	0
1956	4	0
1956	5	19
1956	6	0
1956	7	6
1956	8	13
1956	9	0
1956	10	0
1956	11	0
1956	12	0
1957	1	0
1957	2	0
1957	3	0
1957	4	0
1957	5	14
1957	6	1
1957	7	46
1957	8	75
1957	9	11
1957	10	22
1957	11	19
1957	12	15
1958	1	4
1958	2	1
1958	3	30
1958	4	138
1958	5	101
1958	6	0
1958	7	1
1958	8	9
1958	9	47
1958	10	52
1958	11	24
1958	12	15
1959	1	5
1959	2	0
1959	3	0
1959	4	0
1959	5	0
1959	6	0
1959	7	4
1959	8	41
1959	9	1
1959	10	0
1959	11	0
1959	12	0
1960	1	0
1960	2	0
1960	3	0
1960	4	0
1960	5	0
1960	6	26
1960	7	31
1960	8	0
1960	9	0
1960	10	0
1960	11	0
1960	12	0
1961	1	0
1961	2	0
1961	3	0
1961	4	0
1961	5	0
1961	6	1
1961	7	4
1961	8	5
1961	9	14
1961	10	0
1961	11	0
1961	12	0
1962	1	0
1962	2	5
1962	3	0
1962	4	31
1962	5	7
1962	6	1
1962	7	51
1962	8	41
1962	9	11
1962	10	9
1962	11	3
1962	12	5
1963	1	2
1963	2	3
1963	3	0
1963	4	0
1963	5	0
1963	6	4
1963	7	0
1963	8	0
1963	9	10
1963	10	0
1963	11	0
1963	12	0
1964	1	0
1964	2	0
1964	3	0
1964	4	0
1964	5	0
1964	6	5
1964	7	0
1964	8	9
1964	9	0
1964	10	1
1964	11	3
1964	12	0
1965	1	0
1965	2	0
1965	3	0
1965	4	0
1965	5	3
1965	6	182
1965	7	108
1965	8	71
1965	9	129
1965	10	9
1965	11	0
1965	12	0
1966	1	13
1966	2	0
1966	3	16
1966	4	26
1966	5	2
1966	6	0
1966	7	1
1966	8	54
1966	9	32
1966	10	0
1966	11	0
1966	12	0
1967	1	0
1967	2	0
1967	3	0
1967	4	0
1967	5	0
1967	6	7
1967	7	2
1967	8	83
1967	9	13
1967	10	0
1967	11	0
1967	12	0
1968	1	0
1968	2	0
1968	3	1
1968	4	57
1968	5	41
1968	6	0
1968	7	139
1968	8	17
1968	9	8
1968	10	0
1968	11	0
1968	12	0
1969	1	0
1969	2	0
1969	3	0
1969	4	0
1969	5	0
1969	6	9
1969	7	5
1969	8	4
1969	9	118
1969	10	5
1969	11	13
1969	12	0
1970	1	2
1970	2	0
1970	3	0
1970	4	0
1970	5	0
1970	6	0
1970	7	0
1970	8	6
1970	9	3
1970	10	0
1970	11	0
1970	12	0
1971	1	0
1971	2	0
1971	3	0
1971	4	0
1971	5	0
1971	6	0
1971	7	17
1971	8	84
1971	9	0
1971	10	5
1971	11	0
1971	12	0
1972	1	0
1972	2	0
1972	3	0
1972	4	0
1972	5	0
1972	6	1
1972	7	1
1972	8	24
1972	9	176
1972	10	50
1972	11	45
1972	12	18
1973	1	24
1973	2	11
1973	3	28
1973	4	76
1973	5	126
1973	6	8
1973	7	8
1973	8	0
1973	9	0
1973	10	0
1973	11	0
1973	12	0
1974	1	0
1974	2	0
1974	3	0
1974	4	0
1974	5	0
1974	6	0
1974	7	0
1974	8	0
1974	9	31
1974	10	79
1974	11	57
1974	12	9
1975	1	6
1975	2	18
1975	3	3
1975	4	10
1975	5	17
1975	6	0
1975	7	0
1975	8	1
1975	9	24
1975	10	0
1975	11	0
1975	12	0
1976	1	0
1976	2	0
1976	3	0
1976	4	0
1976	5	8
1976	6	1
1976	7	5
1976	8	2
1976	9	0
1976	10	0
1976	11	0
1976	12	0
1977	1	0
1977	2	0
1977	3	0
1977	4	0
1977	5	2
1977	6	0
1977	7	0
1977	8	29
1977	9	12
1977	10	0
1977	11	0
1977	12	0
1978	1	0
1978	2	0
1978	3	0
1978	4	30
1978	5	8
1978	6	10
1978	7	11
1978	8	0
1978	9	0
1978	10	0
1978	11	107
1978	12	221
1979	1	94
1979	2	60
1979	3	61
1979	4	78
1979	5	29
1979	6	105
1979	7	0
1979	8	9
1979	9	0
1979	10	0
1979	11	0
1979	12	0
1980	1	0
1980	2	0
1980	3	0
1980	4	0
1980	5	0
1980	6	0
1980	7	0
1980	8	22
1980	9	104
1980	10	6
1980	11	0
1980	12	0
1981	1	0
1981	2	0
1981	3	0
1981	4	0
1981	5	0
1981	6	0
1981	7	4
1981	8	109
1981	9	3
1981	10	0
1981	11	0
1981	12	0
1982	1	0
1982	2	0
1982	3	0
1982	4	0
1982	5	0
1982	6	0
1982	7	0
1982	8	7
1982	9	50
1982	10	37
1982	11	0
1982	12	3
1983	1	3
1983	2	0
1983	3	2
1983	4	65
1983	5	77
1983	6	11
1983	7	0
1983	8	0
1983	9	2
1983	10	14
1983	11	27
1983	12	14
1984	1	3
1984	2	0
1984	3	0
1984	4	0
1984	5	0
1984	6	24
1984	7	0
1984	8	240
1984	9	23
1984	10	2
1984	11	15
1984	12	182
1985	1	160
1985	2	96
1985	3	106
1985	4	117
1985	5	79
1985	6	12
1985	7	0
1985	8	5
1985	9	2
1985	10	195
1985	11	39
1985	12	25
1986	1	25
1986	2	19
1986	3	11
1986	4	20
1986	5	0
1986	6	333
1986	7	111
1986	8	69
1986	9	115
1986	10	149
1986	11	193
1986	12	119
1987	1	91
1987	2	97
1987	3	153
1987	4	198
1987	5	148
1987	6	90
1987	7	5
1987	8	37
1987	9	16
1987	10	3
1987	11	21
1987	12	42
1988	1	49
1988	2	56
1988	3	33
1988	4	20
1988	5	13
1988	6	1
1988	7	26
1988	8	94
1988	9	127
1988	10	19
1988	11	17
1988	12	35
1989	1	36
1989	2	42
1989	3	28
1989	4	9
1989	5	0
1989	6	0
1989	7	0
1989	8	17
1989	9	50
1989	10	1
1989	11	1
1989	12	29
1990	1	27
1990	2	7
1990	3	0
1990	4	0
1990	5	0
1990	6	0
1990	7	15
1990	8	50
1990	9	48
1990	10	45
1990	11	14
1990	12	25
1991	1	55
1991	2	39
1991	3	62
1991	4	81
1991	5	27
1991	6	0
1991	7	87
1991	8	164
1991	9	69
1991	10	4
1991	11	15
1991	12	48
1992	1	77
1992	2	69
1992	3	76
1992	4	145
1992	5	140
1992	6	87
1992	7	7
1992	8	7
1992	9	0
1992	10	5
1992	11	19
1992	12	36
1993	1	57
1993	2	51
1993	3	38
1993	4	39
1993	5	35
1993	6	3
1993	7	0
1993	8	43
1993	9	18
1993	10	4
1993	11	19
1993	12	29
1994	1	34
1994	2	15
1994	3	0
1994	4	0
1994	5	63
1994	6	8
1994	7	0
1994	8	0
1994	9	0
1994	10	0
1994	11	39
1994	12	59
1995	1	27
1995	2	7
1995	3	16
1995	4	3
1995	5	0
1995	6	0
1995	7	0
1995	8	0
1995	9	4
1995	10	0
1995	11	0
1995	12	0
1996	1	0
1996	2	0
1996	3	0
1996	4	0
1996	5	0
1996	6	97
1996	7	20
1996	8	4
1996	9	127
1996	10	2
1996	11	0
1996	12	5
1997	1	0
1997	2	0
1997	3	0
1997	4	1
1997	5	3
1997	6	39
1997	7	4
1997	8	63
1997	9	5
1997	10	0
1997	11	0
1997	12	0
1998	1	0
1998	2	0
1998	3	11
1998	4	35
1998	5	8
1998	6	0
1998	7	0
1998	8	0
1998	9	0
1998	10	0
1998	11	0
1998	12	0
1999	1	0
1999	2	0
1999	3	0
1999	4	0
1999	5	0
1999	6	0
1999	7	1
1999	8	1
1999	9	0
1999	10	0
1999	11	0
1999	12	0
2000	1	0
2000	2	0
2000	3	0
2000	4	0
2000	5	0
2000	6	0
2000	7	0
2000	8	0
2000	9	0
2000	10	2
2000	11	0
2000	12	0
2001	1	0
2001	2	0
2001	3	0
2001	4	2
2001	5	0
2001	6	0
2001	7	0
2001	8	0
2001	9	0
2001	10	0
2001	11	0
2001	12	0
2002	1	0
2002	2	0
2002	3	0
2002	4	0
2002	5	0
2002	6	4
2002	7	0
2002	8	0
2002	9	2
2002	10	0
2002	11	0
2002	12	0
2003	1	0
2003	2	0
2003	3	0
2003	4	0
2003	5	0
2003	6	0
2003	7	0
2003	8	0
2003	9	0
2003	10	0
2003	11	0
2003	12	0
2004	1	0
2004	2	0
2004	3	0
2004	4	5
2004	5	0
2004	6	0
2004	7	14
2004	8	18
2004	9	0
2004	10	11
2004	11	0
2004	12	0
2005	1	0
2005	2	9
2005	3	4
2005	4	0
2005	5	0
2005	6	0
2005	7	0
2005	8	4
2005	9	28
2005	10	0
2005	11	0
2005	12	0
2006	1	0
2006	2	0
2006	3	0
2006	4	0
2006	5	0
2006	6	0
2006	7	2
2006	8	271
2006	9	280
2006	10	97
2006	11	36
2006	12	27
2007	1	18
2007	2	26
2007	3	14
2007	4	8
2007	5	33
2007	6	1
2007	7	0
2007	8	0
2007	9	0
2007	10	0
2007	11	0
2007	12	28
2008	1	5
2008	2	0
2008	3	0
2008	4	0
2008	5	0
2008	6	0
2008	7	162
2008	8	78
2008	9	23
2008	10	0
2008	11	0
2008	12	0
2009	1	1
2009	2	0
2009	3	0
2009	4	0
2009	5	0
2009	6	0
2009	7	0
2009	8	0
2009	9	0
2009	10	0
2009	11	0
2009	12	0
2010	1	1
2010	2	0
2010	3	0
2010	4	99
2010	5	41
2010	6	2
2010	7	34
2010	8	51
2010	9	0
2010	10	0
2010	11	0
2010	12	0
2011	1	0
2011	2	1
2011	3	0
2011	4	0
2011	5	0
2011	6	0
2011	7	0
2011	8	8
2011	9	0
2011	10	0
2011	11	0
2011	12	0
2012	1	0
2012	2	0
2012	3	0
2012	4	0
2012	5	0
2012	6	0
2012	7	1
2012	8	4
2012	9	0
2012	10	0
2012	11	0
2012	12	0
2013	1	0
2013	2	0
2013	3	0
2013	4	0
2013	5	0
2013	6	0
2013	7	3
2013	8	36
2013	9	370
2013	10	16
2013	11	1
2013	12	1
2014	1	2
2014	2	2
2014	3	0
2014	4	0
2014	5	0
2014	6	0
2014	7	15
2014	8	44
2014	9	179
2014	10	36
2014	11	29
2014	12	15
2015	1	20
2015	2	25
2015	3	21
2015	4	7
2015	5	13
2015	6	15
2015	7	25
2015	8	53
2015	9	5
