1944	10	4
1944	11	4
1944	12	4
1945	1	5
1945	2	4
1945	3	5
1945	4	12
1945	5	215
1945	6	334
1945	7	210
1945	8	115
1945	9	22
1945	10	20
1945	11	17
1945	12	11
1946	1	7
1946	2	5
1946	3	10
1946	4	120
1946	5	184
1946	6	388
1946	7	108
1946	8	25
1946	9	10
1946	10	14
1946	11	14
1946	12	10
1947	1	4
1947	2	3
1947	3	5
1947	4	30
1947	5	286
1947	6	434
1947	7	274
1947	8	63
1947	9	41
1947	10	33
1947	11	22
1947	12	9
1948	1	5
1948	2	6
1948	3	7
1948	4	60
1948	5	337
1948	6	377
1948	7	114
1948	8	25
1948	9	6
1948	10	9
1948	11	7
1948	12	4
1949	1	4
1949	2	5
1949	3	7
1949	4	67
1949	5	212
1949	6	458
1949	7	246
1949	8	38
1949	9	24
1949	10	27
1949	11	19
1949	12	15
1950	1	12
1950	2	10
1950	3	10
1950	4	60
1950	5	216
1950	6	434
1950	7	101
1950	8	15
1950	9	11
1950	10	7
1950	11	6
1950	12	7
1951	1	4
1951	2	4
1951	3	7
1951	4	37
1951	5	269
1951	6	469
1951	7	283
1951	8	65
1951	9	12
1951	10	14
1951	11	8
1951	12	6
1952	1	6
1952	2	5
1952	3	6
1952	4	54
1952	5	265
1952	6	584
1952	7	176
1952	8	73
1952	9	27
1952	10	9
1952	11	7
1952	12	6
1953	1	7
1953	2	7
1953	3	7
1953	4	31
1953	5	173
1953	6	476
1953	7	153
1953	8	51
1953	9	8
1953	10	6
1953	11	7
1953	12	6
1954	1	5
1954	2	5
1954	3	5
1954	4	48
1954	5	204
1954	6	135
1954	7	44
1954	8	14
1954	9	13
1954	10	22
1954	11	12
1954	12	9
1955	1	6
1955	2	4
1955	3	5
1955	4	52
1955	5	193
1955	6	285
1955	7	99
1955	8	50
1955	9	10
1955	10	6
1955	11	9
1955	12	9
1956	1	8
1956	2	7
1956	3	11
1956	4	65
1956	5	404
1956	6	382
1956	7	71
1956	8	22
1956	9	4
1956	10	4
1956	11	4
1956	12	4
1957	1	4
1957	2	4
1957	3	6
1957	4	28
1957	5	163
1957	6	607
1957	7	493
1957	8	105
1957	9	25
1957	10	11
1957	11	12
1957	12	10
1958	1	9
1958	2	9
1958	3	8
1958	4	23
1958	5	355
1958	6	367
1958	7	53
1958	8	19
1958	9	7
1958	10	4
1958	11	4
1958	12	3
1959	1	3
1959	2	2
1959	3	3
1959	4	24
1959	5	199
1959	6	458
1959	7	78
1959	8	23
1959	9	9
1959	10	28
1959	11	17
1959	12	7
1960	1	5
1960	2	5
1960	3	11
1960	4	81
1960	5	184
1960	6	430
1960	7	108
1960	8	29
1960	9	9
1960	10	6
1960	11	6
1960	12	4
1961	1	2
1961	2	3
1961	3	4
1961	4	17
1961	5	228
1961	6	263
1961	7	49
1961	8	28
1961	9	89
1961	10	66
1961	11	30
1961	12	21
1962	1	14
1962	2	17
1962	3	16
1962	4	124
1962	5	240
1962	6	401
1962	7	200
1962	8	39
1962	9	11
1962	10	8
1962	11	5
1962	12	3
1963	1	3
1963	2	4
1963	3	8
1963	4	48
1963	5	270
1963	6	234
1963	7	51
1963	8	55
1963	9	29
1963	10	9
1963	11	8
1963	12	5
1964	1	6
1964	2	5
1964	3	5
1964	4	22
1964	5	251
1964	6	283
1964	7	127
1964	8	53
1964	9	15
1964	10	8
1964	11	8
1964	12	8
1965	1	8
1965	2	7
1965	3	6
1965	4	43
1965	5	230
1965	6	497
1965	7	372
1965	8	120
1965	9	51
1965	10	44
1965	11	15
1965	12	12
1966	1	10
1966	2	8
1966	3	11
1966	4	46
1966	5	215
1966	6	134
1966	7	44
1966	8	38
1966	9	9
1966	10	15
1966	11	5
1966	12	4
1967	1	5
1967	2	5
1967	3	14
1967	4	35
1967	5	82
1967	6	93
1967	7	27
1967	8	36
1967	9	28
1967	10	15
1967	11	10
1967	12	6
1968	1	6
1968	2	5
1968	3	7
1968	4	15
1968	5	74
1968	6	154
1968	7	32
1968	8	43
1968	9	37
1968	10	25
1968	11	18
1968	12	18
1969	1	15
1969	2	13
1969	3	12
1969	4	60
1969	5	110
1969	6	70
1969	7	37
1969	8	25
1969	9	16
1969	10	20
1969	11	13
1969	12	10
1970	1	10
1970	2	9
1970	3	8
1970	4	27
1970	5	188
1970	6	146
1970	7	137
1970	8	33
1970	9	30
1970	10	44
1970	11	25
1970	12	18
1971	1	12
1971	2	12
1971	3	15
1971	4	45
1971	5	87
1971	6	150
1971	7	34
1971	8	22
1971	9	18
1971	10	12
1971	11	8
1971	12	11
1972	1	10
1972	2	11
1972	3	16
1972	4	35
1972	5	93
1972	6	133
1972	7	28
1972	8	25
1972	9	30
1972	10	24
1972	11	16
1972	12	14
1973	1	8
1973	2	7
1973	3	9
1973	4	15
1973	5	143
1973	6	174
1973	7	65
1973	8	38
1973	9	19
1973	10	12
1973	11	11
1973	12	7
1974	1	5
1974	2	4
1974	3	6
1974	4	45
1974	5	169
1974	6	109
1974	7	40
1974	8	25
1974	9	10
1974	10	11
1974	11	8
1974	12	8
1975	1	6
1975	2	6
1975	3	8
1975	4	25
1975	5	87
1975	6	125
1975	7	104
1975	8	34
1975	9	17
1975	10	8
1975	11	7
1975	12	5
1976	1	4
1976	2	4
1976	3	6
1976	4	32
1976	5	93
1976	6	77
1976	7	38
1976	8	32
1976	9	18
1976	10	16
1976	11	6
1976	12	4
1977	1	4
1977	2	4
1977	3	3
1977	4	26
1977	5	55
1977	6	58
1977	7	36
1977	8	14
1977	9	7
1977	10	17
1977	11	11
1977	12	9
1978	1	6
1978	2	6
1978	3	7
1978	4	54
1978	5	125
1978	6	222
1978	7	55
1978	8	39
1978	9	18
1978	10	10
1978	11	7
1978	12	8
1979	1	7
1979	2	8
1979	3	9
1979	4	32
1979	5	146
1979	6	187
1979	7	57
1979	8	30
1979	9	13
1979	10	9
1979	11	7
1979	12	6
1980	1	5
1980	2	5
1980	3	6
1980	4	28
1980	5	133
1980	6	163
1980	7	31
1980	8	20
1980	9	13
1980	10	10
1980	11	8
1980	12	4
1981	1	3
1981	2	2
1981	3	3
1981	4	27
1981	5	63
1981	6	69
1981	7	37
1981	8	16
1981	9	19
1981	10	16
1981	11	12
1981	12	9
1982	1	7
1982	2	12
1982	3	11
1982	4	24
1982	5	111
1982	6	147
1982	7	71
1982	8	51
1982	9	37
1982	10	24
1982	11	16
1982	12	14
1983	1	11
1983	2	11
1983	3	10
1983	4	10
1983	5	73
1983	6	236
1983	7	142
1983	8	136
1983	9	30
1983	10	22
1983	11	19
1983	12	18
1984	1	15
1984	2	13
1984	3	17
1984	4	40
1984	5	357
1984	6	439
1984	7	312
1984	8	85
1984	9	42
1984	10	45
1984	11	31
1984	12	19
1985	1	13
1985	2	11
1985	3	15
1985	4	64
1985	5	151
1985	6	183
1985	7	103
1985	8	31
1985	9	18
1985	10	34
1985	11	20
1985	12	15
1986	1	11
1986	2	13
1986	3	17
1986	4	73
1986	5	203
1986	6	263
1986	7	185
1986	8	48
1986	9	35
1986	10	33
1986	11	19
1986	12	10
1987	1	3
1987	2	2
1987	3	6
1987	4	31
1987	5	94
1987	6	68
1987	7	45
1987	8	34
1987	9	18
1987	10	10
1987	11	11
1987	12	8
1988	1	7
1988	2	8
1988	3	9
1988	4	41
1988	5	101
1988	6	90
1988	7	33
1988	8	15
1988	9	9
1988	10	9
1988	11	5
1988	12	4
1989	1	4
1989	2	5
1989	3	22
1989	4	58
1989	5	87
1989	6	59
1989	7	54
1989	8	18
1989	9	9
1989	10	9
1989	11	9
1989	12	8
1990	1	5
1990	2	4
1990	3	7
1990	4	24
1990	5	53
1990	6	95
1990	7	38
1990	8	8
1990	9	10
1990	10	22
1990	11	15
1990	12	7
1991	1	8
1991	2	8
1991	3	11
1991	4	26
1991	5	135
1991	6	125
1991	7	44
1991	8	23
1991	9	21
1991	10	10
1991	11	11
1991	12	7
1992	1	6
1992	2	5
1992	3	5
1992	4	39
1992	5	104
1992	6	55
1992	7	43
1992	8	27
1992	9	23
1992	10	17
1992	11	19
1992	12	13
1993	1	10
1993	2	9
1993	3	10
1993	4	31
1993	5	203
1993	6	191
1993	7	70
1993	8	36
1993	9	32
1993	10	20
1993	11	14
1993	12	9
1994	1	8
1994	2	7
1994	3	8
1994	4	23
1994	5	115
1994	6	71
1994	7	45
1994	8	23
1994	9	26
1994	10	15
1994	11	8
1994	12	6
1995	1	5
1995	2	6
1995	3	9
1995	4	22
1995	5	101
1995	6	288
1995	7	259
1995	8	85
1995	9	29
1995	10	28
1995	11	17
1995	12	14
1996	1	16
1996	2	16
1996	3	15
1996	4	46
1996	5	193
1996	6	162
1996	7	57
1996	8	31
1996	9	19
1996	10	17
1996	11	14
1996	12	11
1997	1	10
1997	2	10
1997	3	14
1997	4	43
1997	5	202
1997	6	250
1997	7	85
1997	8	74
1997	9	28
1997	10	23
1997	11	17
1997	12	12
1998	1	10
1998	2	9
1998	3	17
1998	4	33
1998	5	113
1998	6	86
1998	7	85
1998	8	48
1998	9	24
1998	10	18
1998	11	14
1998	12	11
1999	1	10
1999	2	7
1999	3	9
1999	4	34
1999	5	113
1999	6	155
1999	7	65
1999	8	46
1999	9	27
1999	10	17
1999	11	8
1999	12	5
2000	1	4
2000	2	4
2000	3	6
2000	4	46
2000	5	190
2000	6	171
2000	7	50
2000	8	20
2000	9	22
2000	10	13
2000	11	10
2000	12	7
2001	1	6
2001	2	6
2001	3	6
2001	4	41
2001	5	119
2001	6	68
2001	7	37
2001	8	33
2001	9	15
2001	10	8
2001	11	8
2001	12	5
2002	1	5
2002	2	5
2002	3	6
2002	4	48
2002	5	60
2002	6	41
2002	7	13
2002	8	10
2002	9	12
2002	10	24
2002	11	19
2002	12	7
2003	1	5
2003	2	5
2003	3	7
2003	4	41
2003	5	133
2003	6	109
2003	7	35
2003	8	24
2003	9	31
2003	10	14
2003	11	9
2003	12	6
2004	1	4
2004	2	5
2004	3	16
2004	4	56
2004	5	79
2004	6	50
2004	7	33
2004	8	17
2004	9	15
2004	10	20
2004	11	14
2004	12	9
2005	1	9
2005	2	6
2005	3	7
2005	4	39
2005	5	108
2005	6	94
2005	7	40
2005	8	31
2005	9	12
2005	10	23
2005	11	29
2005	12	21
2006	1	15
2006	2	12
2006	3	12
2006	4	88
2006	5	145
2006	6	92
2006	7	35
2006	8	22
2006	9	18
2006	10	32
2006	11	13
2006	12	13
2007	1	11
2007	2	11
2007	3	17
2007	4	57
2007	5	105
2007	6	66
2007	7	57
2007	8	38
2007	9	19
2007	10	17
2007	11	14
2007	12	9
2008	1	9
2008	2	9
2008	3	10
2008	4	31
2008	5	90
2008	6	237
2008	7	182
2008	8	62
2008	9	14
2008	10	9
2008	11	6
2008	12	5
2009	1	5
2009	2	6
2009	3	13
2009	4	56
2009	5	189
2009	6	155
2009	7	78
2009	8	20
2009	9	9
2009	10	13
2009	11	9
2009	12	6
2010	1	5
2010	2	5
2010	3	6
2010	4	77
2010	5	145
2010	6	174
2010	7	34
2010	8	26
2010	9	9
2010	10	7
2010	11	9
2010	12	6
2011	1	5
2011	2	5
2011	3	4
2011	4	39
2011	5	123
2011	6	280
2011	7	278
2011	8	56
2011	9	24
