1940	1	583
1940	2	634
1940	3	790
1940	4	1519
1940	5	5778
1940	6	6091
1940	7	2045
1940	8	944
1940	9	1024
1940	10	1155
1940	11	830
1940	12	690
1941	1	592
1941	2	673
1941	3	821
1941	4	1422
1941	5	8693
1941	6	7891
1941	7	2656
1941	8	1360
1941	9	1132
1941	10	1269
1941	11	996
1941	12	780
1942	1	692
1942	2	731
1942	3	754
1942	4	2799
1942	5	6327
1942	6	12125
1942	7	3733
1942	8	1276
1942	9	775
1942	10	856
1942	11	826
1942	12	652
1943	1	602
1943	2	646
1943	3	788
1943	4	2720
1943	5	5562
1943	6	9774
1943	7	4122
1943	8	1765
1943	9	1110
1943	10	982
1943	11	1130
1943	12	1046
1944	1	608
1944	2	769
1944	3	818
1944	4	1422
1944	5	4905
1944	6	8362
1944	7	3002
1944	8	1176
1944	9	762
1944	10	980
1944	11	950
1944	12	953
1945	1	673
1945	2	660
1945	3	1002
1945	4	1210
1945	5	5643
1945	6	7753
1945	7	4353
1945	8	2934
1945	9	1232
1945	10	1265
1945	11	1232
1945	12	1149
1946	1	1093
1946	2	972
1946	3	1036
1946	4	3319
1946	5	4615
1946	6	6077
1946	7	2660
1946	8	1353
1946	9	999
1946	10	1137
1946	11	1024
1946	12	1256
1947	1	841
1947	2	965
1947	3	1111
1947	4	2070
1947	5	7905
1947	6	10181
1947	7	7123
1947	8	2388
1947	9	1335
1947	10	1455
1947	11	1350
1947	12	1216
1948	1	1240
1948	2	1251
1948	3	1112
1948	4	2721
1948	5	8822
1948	6	7895
1948	7	2538
1948	8	1470
1948	9	950
1948	10	1016
1948	11	1101
1948	12	954
1949	1	1084
1949	2	1003
1949	3	939
1949	4	2220
1949	5	5928
1949	6	10991
1949	7	5789
1949	8	1716
1949	9	1163
1949	10	992
1949	11	922
1949	12	950
1950	1	908
1950	2	976
1950	3	1295
1950	4	2365
1950	5	4211
1950	6	7209
1950	7	2227
1950	8	1294
1950	9	1113
1950	10	790
1950	11	891
1950	12	903
1951	1	966
1951	2	1045
1951	3	941
1951	4	1752
1951	5	6200
1951	6	9001
1951	7	4630
1951	8	2151
1951	9	1291
1951	10	1215
1951	11	1059
1951	12	1029
1952	1	857
1952	2	812
1952	3	1024
1952	4	3262
1952	5	9715
1952	6	13194
1952	7	3980
1952	8	2548
1952	9	1669
1952	10	1249
1952	11	1109
1952	12	973
1953	1	1037
1953	2	956
1953	3	1099
1953	4	1731
1953	5	3729
1953	6	8551
1953	7	2775
1953	8	1967
1953	9	1152
1953	10	1040
1953	11	917
1953	12	942
1954	1	1004
1954	2	870
1954	3	1016
1954	4	1449
1954	5	2374
1954	6	1488
1954	7	1350
1954	8	1205
1954	9	988
1954	10	936
1954	11	815
1954	12	643
1955	1	613
1955	2	616
1955	3	707
1955	4	1509
1955	5	3348
1955	6	3642
1955	7	1620
1955	8	1395
1955	9	1133
1955	10	986
1955	11	917
1955	12	898
1956	1	838
1956	2	838
1956	3	1115
1956	4	2014
1956	5	6857
1956	6	5537
1956	7	1697
1956	8	1339
1956	9	1224
1956	10	1077
1956	11	833
1956	12	661
1957	1	748
1957	2	788
1957	3	824
1957	4	1546
1957	5	5692
1957	6	14015
1957	7	9280
1957	8	2870
1957	9	1485
1957	10	1224
1957	11	1204
1957	12	1026
1958	1	1009
1958	2	1039
1958	3	1179
1958	4	1717
1958	5	8879
1958	6	7382
1958	7	1694
1958	8	1087
1958	9	1047
1958	10	949
1958	11	908
1958	12	882
1959	1	1016
1959	2	980
1959	3	801
1959	4	1354
1959	5	4101
1959	6	5742
1959	7	2054
1959	8	1453
1959	9	1227
1959	10	1368
1959	11	1152
1959	12	955
1960	1	1093
1960	2	964
1960	3	1505
1960	4	2790
1960	5	4685
1960	6	5994
1960	7	1991
1960	8	1185
1960	9	1121
1960	10	998
1960	11	936
1960	12	984
1961	1	1054
1961	2	1014
1961	3	885
1961	4	1113
1961	5	3367
1961	6	3415
1961	7	1340
1961	8	1296
1961	9	1828
1961	10	2083
1961	11	1354
1961	12	1259
1962	1	1296
1962	2	1631
1962	3	1985
1962	4	5825
1962	5	8772
1962	6	7641
1962	7	4684
1962	8	1794
1962	9	1244
1962	10	2064
1962	11	1721
1962	12	1174
1963	1	900
1963	2	951
1963	3	1003
1963	4	1354
1963	5	2847
1963	6	2048
1963	7	1074
1963	8	1257
1963	9	1277
1963	10	1019
1963	11	912
1963	12	621
1964	1	584
1964	2	576
1964	3	642
1964	4	1077
1964	5	3407
1964	6	3616
1964	7	1613
1964	8	1421
1964	9	1212
1964	10	1055
1964	11	832
1964	12	821
1965	1	836
1965	2	787
1965	3	796
1965	4	1743
1965	5	4272
1965	6	7502
1965	7	4412
1965	8	2797
1965	9	1602
1965	10	1550
1965	11	1436
1965	12	1427
1966	1	1266
1966	2	1262
1966	3	1477
1966	4	1410
1966	5	3019
1966	6	1839
1966	7	1439
1966	8	1245
