1940	1	25
1940	2	28
1940	3	51
1940	4	234
1940	5	798
1940	6	554
1940	7	121
1940	8	109
1940	9	78
1940	10	96
1940	11	81
1940	12	64
1941	1	58
1941	2	53
1941	3	51
1941	4	143
1941	5	1405
1941	6	1257
1941	7	477
1941	8	202
1941	9	109
1941	10	189
1941	11	125
1941	12	78
1942	1	54
1942	2	62
1942	3	49
1942	4	340
1942	5	908
1942	6	1351
1942	7	421
1942	8	181
1942	9	77
1942	10	60
1942	11	70
1942	12	60
1943	1	63
1943	2	72
1943	3	74
1943	4	557
1943	5	1047
1943	6	1218
1943	7	445
1943	8	271
1943	9	143
1943	10	101
1943	11	99
1943	12	72
1944	1	58
1944	2	63
1944	3	54
1944	4	98
1944	5	981
1944	6	1399
1944	7	616
1944	8	195
1944	9	94
1944	10	92
1944	11	78
1944	12	57
1945	1	58
1945	2	55
1945	3	52
1945	4	110
1945	5	939
1945	6	1134
1945	7	612
1945	8	285
1945	9	100
1945	10	94
1945	11	98
1945	12	74
1946	1	56
1946	2	57
1946	3	60
1946	4	372
1946	5	679
1946	6	1166
1946	7	320
1946	8	159
1946	9	75
1946	10	113
1946	11	88
1946	12	70
1947	1	50
1947	2	55
1947	3	61
1947	4	182
1947	5	1301
1947	6	1321
1947	7	795
1947	8	274
1947	9	148
1947	10	126
1947	11	129
1947	12	100
1948	1	85
1948	2	68
1948	3	61
1948	4	242
1948	5	1617
1948	6	1438
1948	7	458
1948	8	205
1948	9	82
1948	10	105
1948	11	92
1948	12	64
1949	1	60
1949	2	58
1949	3	60
1949	4	283
1949	5	834
1949	6	1566
1949	7	619
1949	8	213
1949	9	86
1949	10	100
1949	11	97
1949	12	76
1950	1	77
1950	2	58
1950	3	55
1950	4	329
1950	5	922
1950	6	1283
1950	7	390
1950	8	148
1950	9	97
1950	10	83
1950	11	66
1950	12	67
1951	1	62
1951	2	61
1951	3	62
1951	4	189
1951	5	903
1951	6	1425
1951	7	607
1951	8	274
1951	9	78
1951	10	78
1951	11	107
1951	12	74
1952	1	61
1952	2	54
1952	3	52
1952	4	330
1952	5	1541
1952	6	2306
1952	7	739
1952	8	337
1952	9	167
1952	10	103
1952	11	85
1952	12	77
1953	1	64
1953	2	55
1953	3	58
1953	4	136
1953	5	672
1953	6	1384
1953	7	410
1953	8	210
1953	9	67
1953	10	82
1953	11	89
1953	12	69
1954	1	57
1954	2	51
1954	3	53
1954	4	273
1954	5	611
1954	6	412
1954	7	186
1954	8	126
1954	9	72
1954	10	148
1954	11	87
1954	12	73
1955	1	64
1955	2	53
1955	3	48
1955	4	243
1955	5	684
1955	6	887
1955	7	339
1955	8	206
1955	9	69
1955	10	61
1955	11	80
1955	12	72
1956	1	62
1956	2	58
1956	3	51
1956	4	306
1956	5	1187
1956	6	1086
1956	7	208
1956	8	130
1956	9	59
1956	10	72
1956	11	82
1956	12	52
1957	1	50
1957	2	49
1957	3	49
1957	4	136
1957	5	836
1957	6	2649
1957	7	2037
1957	8	621
1957	9	210
1957	10	128
1957	11	107
1957	12	78
1958	1	64
1958	2	61
1958	3	66
1958	4	172
1958	5	1627
1958	6	1343
1958	7	294
1958	8	172
1958	9	110
1958	10	79
1958	11	74
1958	12	55
1959	1	49
1959	2	48
1959	3	46
1959	4	135
1959	5	535
1959	6	1056
1959	7	246
1959	8	163
1959	9	67
1959	10	165
1959	11	120
1959	12	61
1960	1	66
1960	2	58
1960	3	65
1960	4	387
1960	5	633
1960	6	1035
1960	7	295
1960	8	139
1960	9	58
1960	10	87
1960	11	87
1960	12	56
1961	1	50
1961	2	45
1961	3	56
1961	4	136
1961	5	813
1961	6	765
1961	7	193
1961	8	114
1961	9	141
1961	10	243
1961	11	156
1961	12	114
1962	1	82
1962	2	90
1962	3	82
1962	4	473
1962	5	1331
1962	6	1650
1962	7	737
1962	8	227
1962	9	85
1962	10	84
1962	11	72
1962	12	51
1963	1	51
1963	2	54
1963	3	67
1963	4	213
1963	5	855
1963	6	447
1963	7	148
1963	8	115
1963	9	89
1963	10	60
1963	11	73
1963	12	55
1964	1	49
1964	2	46
1964	3	44
1964	4	77
1964	5	824
1964	6	962
1964	7	385
1964	8	205
1964	9	104
1964	10	67
1964	11	80
1964	12	68
1965	1	69
1965	2	56
1965	3	49
1965	4	174
1965	5	1157
1965	6	1953
1965	7	1398
1965	8	400
1965	9	270
1965	10	189
1965	11	120
1965	12	98
1966	1	77
1966	2	63
1966	3	77
1966	4	339
1966	5	865
1966	6	665
1966	7	227
1966	8	134
1966	9	75
1966	10	83
1966	11	76
1966	12	77
1967	1	62
1967	2	59
1967	3	88
1967	4	277
1967	5	864
1967	6	1199
1967	7	492
1967	8	208
1967	9	156
1967	10	107
1967	11	80
1967	12	79
1968	1	59
1968	2	65
1968	3	58
1968	4	119
1968	5	843
1968	6	1610
1968	7	469
1968	8	364
1968	9	134
1968	10	107
1968	11	86
1968	12	77
1969	1	64
1969	2	57
1969	3	57
1969	4	382
1969	5	1351
1969	6	1009
1969	7	570
1969	8	225
1969	9	152
1969	10	153
1969	11	111
1969	12	82
1970	1	69
1970	2	72
1970	3	65
1970	4	123
1970	5	1482
1970	6	1450
1970	7	534
1970	8	206
1970	9	262
1970	10	154
1970	11	124
1970	12	95
1971	1	85
1971	2	68
1971	3	78
1971	4	395
1971	5	713
1971	6	1409
1971	7	619
1971	8	227
1971	9	137
1971	10	110
1971	11	107
1971	12	73
1972	1	65
1972	2	63
1972	3	111
1972	4	265
1972	5	752
1972	6	1077
1972	7	240
1972	8	115
1972	9	111
1972	10	155
1972	11	114
1972	12	75
1973	1	64
1973	2	57
1973	3	53
1973	4	96
1973	5	948
1973	6	1408
1973	7	781
1973	8	287
1973	9	121
1973	10	93
1973	11	75
1973	12	67
1974	1	56
1974	2	50
1974	3	80
1974	4	201
1974	5	1232
1974	6	1022
1974	7	321
1974	8	188
1974	9	72
1974	10	80
1974	11	86
1974	12	51
1975	1	36
1975	2	41
1975	3	48
1975	4	105
1975	5	729
1975	6	1541
1975	7	1137
1975	8	298
1975	9	104
1975	10	84
1975	11	75
1975	12	71
1976	1	60
1976	2	65
1976	3	43
1976	4	220
1976	5	720
1976	6	879
1976	7	327
1976	8	170
1976	9	93
1976	10	101
1976	11	59
1976	12	41
1977	1	38
1977	2	39
1977	3	49
1977	4	174
1977	5	221
1977	6	288
1977	7	93
1977	8	87
1977	9	52
1977	10	56
1977	11	47
1977	12	44
1978	1	56
1978	2	51
1978	3	54
1978	4	236
1978	5	925
1978	6	1986
1978	7	826
1978	8	248
1978	9	111
1978	10	81
1978	11	93
1978	12	94
1979	1	63
1979	2	62
1979	3	62
1979	4	207
1979	5	1295
1979	6	1808
1979	7	958
1979	8	317
1979	9	132
1979	10	96
1979	11	95
1979	12	70
1980	1	69
1980	2	69
1980	3	67
1980	4	195
1980	5	1151
1980	6	2068
1980	7	784
1980	8	215
1980	9	117
1980	10	93
1980	11	84
1980	12	75
1981	1	64
1981	2	56
1981	3	59
1981	4	146
1981	5	343
1981	6	626
1981	7	188
1981	8	116
1981	9	80
1981	10	72
1981	11	82
1981	12	70
1982	1	58
1982	2	52
1982	3	54
1982	4	148
1982	5	842
1982	6	1463
1982	7	729
1982	8	287
1982	9	207
1982	10	160
1982	11	109
1982	12	83
1983	1	72
1983	2	63
1983	3	69
1983	4	99
1983	5	603
1983	6	1788
1983	7	1009
1983	8	378
1983	9	143
1983	10	99
1983	11	93
1983	12	84
1984	1	65
1984	2	67
1984	3	59
1984	4	108
1984	5	1658
1984	6	2288
1984	7	1275
1984	8	411
1984	9	197
1984	10	160
1984	11	131
1984	12	127
1985	1	101
1985	2	75
1985	3	90
1985	4	395
1985	5	1281
1985	6	1753
1985	7	637
1985	8	254
1985	9	189
1985	10	220
1985	11	149
1985	12	105
1986	1	92
1986	2	83
1986	3	136
1986	4	487
1986	5	1278
1986	6	1903
1986	7	924
1986	8	391
1986	9	266
1986	10	245
1986	11	172
1986	12	109
1987	1	77
1987	2	78
1987	3	95
1987	4	446
1987	5	1081
1987	6	1005
1987	7	300
1987	8	203
1987	9	124
1987	10	73
1987	11	86
1987	12	65
1988	1	70
1988	2	67
1988	3	64
1988	4	233
1988	5	633
1988	6	847
1988	7	222
1988	8	130
1988	9	92
1988	10	82
1988	11	87
1988	12	65
1989	1	51
1989	2	54
1989	3	88
1989	4	460
1989	5	845
1989	6	852
1989	7	281
1989	8	195
1989	9	73
1989	10	82
1989	11	66
1989	12	55
1990	1	47
1990	2	46
1990	3	59
1990	4	145
1990	5	340
1990	6	905
1990	7	271
1990	8	124
1990	9	86
1990	10	108
1990	11	78
1990	12	49
1991	1	45
1991	2	47
1991	3	55
1991	4	168
1991	5	963
1991	6	1143
1991	7	411
1991	8	172
1991	9	130
1991	10	65
1991	11	73
1991	12	66
1992	1	66
1992	2	55
1992	3	56
1992	4	241
1992	5	803
1992	6	641
1992	7	287
1992	8	205
1992	9	143
1992	10	81
1992	11	84
1992	12	67
1993	1	49
1993	2	51
1993	3	70
1993	4	152
1993	5	1559
1993	6	1855
1993	7	976
1993	8	364
1993	9	214
1993	10	149
1993	11	97
1993	12	65
1994	1	59
1994	2	54
1994	3	71
1994	4	277
1994	5	1063
1994	6	1093
1994	7	237
1994	8	141
1994	9	87
1994	10	105
1994	11	82
1994	12	56
1995	1	46
1995	2	57
1995	3	83
1995	4	156
1995	5	819
1995	6	2636
1995	7	1946
1995	8	659
1995	9	214
1995	10	150
1995	11	126
1995	12	76
1996	1	73
1996	2	77
1996	3	72
1996	4	284
1996	5	1666
1996	6	1521
1996	7	510
1996	8	178
1996	9	107
1996	10	125
1996	11	98
1996	12	56
1997	1	56
1997	2	55
1997	3	91
1997	4	341
1997	5	1649
1997	6	2102
1997	7	591
1997	8	303
1997	9	179
1997	10	167
1997	11	109
1997	12	84
1998	1	68
1998	2	64
1998	3	84
1998	4	158
1998	5	817
1998	6	937
1998	7	556
1998	8	183
1998	9	108
1998	10	96
1998	11	95
1998	12	71
1999	1	61
1999	2	57
1999	3	96
1999	4	214
1999	5	802
1999	6	1347
1999	7	543
1999	8	284
1999	9	207
1999	10	149
1999	11	97
1999	12	72
2000	1	63
2000	2	56
2000	3	65
2000	4	343
2000	5	1060
2000	6	688
2000	7	213
2000	8	138
2000	9	115
2000	10	94
2000	11	83
2000	12	58
2001	1	49
2001	2	49
2001	3	58
2001	4	225
2001	5	927
2001	6	688
2001	7	255
2001	8	214
2001	9	128
2001	10	75
2001	11	89
2001	12	84
2002	1	82
2002	2	83
2002	3	82
2002	4	286
2002	5	387
2002	6	282
2002	7	106
2002	8	76
2002	9	57
2002	10	88
2002	11	79
2002	12	57
2003	1	50
2003	2	47
2003	3	57
2003	4	199
2003	5	920
2003	6	969
2003	7	257
2003	8	153
2003	9	113
2003	10	94
2003	11	78
2003	12	65
2004	1	62
2004	2	55
2004	3	133
2004	4	321
2004	5	829
2004	6	618
2004	7	237
2004	8	131
2004	9	89
2004	10	94
2004	11	86
2004	12	61
2005	1	55
2005	2	55
2005	3	62
2005	4	257
2005	5	1014
2005	6	1271
2005	7	587
2005	8	229
2005	9	118
2005	10	141
2005	11	108
2005	12	89
2006	1	80
2006	2	75
2006	3	79
2006	4	414
2006	5	1134
2006	6	940
2006	7	369
2006	8	204
2006	9	165
2006	10	243
2006	11	152
2006	12	109
2007	1	77
2007	2	73
2007	3	149
2007	4	347
2007	5	801
2007	6	666
2007	7	222
2007	8	148
2007	9	134
2007	10	122
2007	11	85
2007	12	84
2008	1	75
2008	2	63
2008	3	62
2008	4	217
2008	5	1317
2008	6	1915
2008	7	845
2008	8	244
2008	9	122
2008	10	100
2008	11	89
2008	12	74
2009	1	72
2009	2	56
2009	3	68
2009	4	403
2009	5	1579
2009	6	1103
2009	7	417
2009	8	145
2009	9	97
2009	10	100
2009	11	86
2009	12	83
2010	1	74
2010	2	59
2010	3	54
2010	4	374
2010	5	618
2010	6	1178
2010	7	247
2010	8	178
2010	9	83
2010	10	74
2010	11	109
2010	12	95
2011	1	80
2011	2	71
2011	3	76
2011	4	222
2011	5	845
2011	6	2234
2011	7	1298
2011	8	279
2011	9	153
2011	10	114
2011	11	83
2011	12	58
2012	1	53
2012	2	62
2012	3	116
2012	4	277
2012	5	383
2012	6	262
2012	7	114
2012	8	94
2012	9	54
2012	10	53
2012	11	59
2012	12	54
2013	1	44
2013	2	44
2013	3	46
2013	4	139
2013	5	677
2013	6	770
2013	7	189
2013	8	147
2013	9	190
2013	10	163
2013	11	117
2013	12	90
2014	1	73
2014	2	60
2014	3	64
2014	4	506
2014	5	1103
2014	6	1744
2014	7	545
2014	8	208
2014	9	178
2014	10	185
2014	11	125
2014	12	93
2015	1	72
2015	2	67
2015	3	131
2015	4	313
2015	5	542
2015	6	1490
2015	7	483
2015	8	189
2015	9	154
