1940	1	26
1940	2	39
1940	3	104
1940	4	615
1940	5	1494
1940	6	692
1940	7	176
1940	8	138
1940	9	151
1940	10	202
1940	11	85
1940	12	51
1941	1	47
1941	2	61
1941	3	142
1941	4	495
1941	5	3398
1941	6	2519
1941	7	971
1941	8	255
1941	9	373
1941	10	1247
1941	11	453
1941	12	156
1942	1	108
1942	2	85
1942	3	153
1942	4	1954
1942	5	2564
1942	6	1937
1942	7	418
1942	8	262
1942	9	113
1942	10	77
1942	11	58
1942	12	45
1943	1	41
1943	2	46
1943	3	114
1943	4	1324
1943	5	1728
1943	6	1201
1943	7	303
1943	8	279
1943	9	151
1943	10	113
1943	11	81
1943	12	59
1944	1	49
1944	2	45
1944	3	67
1944	4	428
1944	5	2670
1944	6	2687
1944	7	765
1944	8	260
1944	9	170
1944	10	82
1944	11	61
1944	12	43
1945	1	42
1945	2	52
1945	3	79
1945	4	537
1945	5	2233
1945	6	1460
1945	7	409
1945	8	248
1945	9	149
1945	10	102
1945	11	53
1945	12	34
1946	1	33
1946	2	43
1946	3	84
1946	4	634
1946	5	849
1946	6	1119
1946	7	265
1946	8	218
1946	9	135
1946	10	111
1946	11	88
1946	12	60
1947	1	43
1947	2	48
1947	3	103
1947	4	461
1947	5	1968
1947	6	1299
1947	7	429
1947	8	348
1947	9	241
1947	10	267
1947	11	123
1947	12	74
1948	1	63
1948	2	60
1948	3	86
1948	4	1153
1948	5	2284
1948	6	1499
1948	7	450
1948	8	239
1948	9	116
1948	10	61
1948	11	46
1948	12	46
1949	1	42
1949	2	46
1949	3	77
1949	4	789
1949	5	1721
1949	6	2333
1949	7	686
1949	8	262
1949	9	148
1949	10	99
1949	11	69
1949	12	46
1950	1	44
1950	2	63
1950	3	108
1950	4	952
1950	5	1049
1950	6	923
1950	7	257
1950	8	158
1950	9	86
1950	10	64
1950	11	42
1950	12	42
1951	1	36
1951	2	37
1951	3	71
1951	4	178
1951	5	800
1951	6	715
1951	7	154
1951	8	103
1951	9	40
1951	10	46
1951	11	40
1951	12	39
1952	1	41
1952	2	37
1952	3	55
1952	4	1288
1952	5	2719
1952	6	2780
1952	7	660
1952	8	272
1952	9	173
1952	10	64
1952	11	44
1952	12	44
1953	1	42
1953	2	45
1953	3	80
1953	4	388
1953	5	830
1953	6	1067
1953	7	310
1953	8	215
1953	9	93
1953	10	63
1953	11	62
1953	12	51
1954	1	35
1954	2	41
1954	3	54
1954	4	539
1954	5	919
1954	6	329
1954	7	186
1954	8	142
1954	9	141
1954	10	158
1954	11	59
1954	12	39
1955	1	36
1955	2	38
1955	3	62
1955	4	299
1955	5	1158
1955	6	859
1955	7	231
1955	8	293
1955	9	111
1955	10	56
1955	11	35
1955	12	45
1956	1	47
1956	2	44
1956	3	156
1956	4	523
1956	5	1209
1956	6	746
1956	7	192
1956	8	144
1956	9	50
1956	10	27
1956	11	31
1956	12	25
1957	1	43
1957	2	49
1957	3	67
1957	4	501
1957	5	1630
1957	6	3469
1957	7	1490
1957	8	637
1957	9	371
1957	10	201
1957	11	133
1957	12	85
1958	1	68
1958	2	65
1958	3	104
1958	4	1175
1958	5	2877
1958	6	1585
1958	7	332
1958	8	227
1958	9	138
1958	10	67
1958	11	50
1958	12	38
1959	1	33
1959	2	40
1959	3	60
1959	4	182
1959	5	664
1959	6	438
1959	7	124
1959	8	144
1959	9	78
1959	10	85
1959	11	76
1959	12	33
1960	1	32
1960	2	30
1960	3	143
1960	4	1061
1960	5	1382
1960	6	1406
1960	7	243
1960	8	133
1960	9	70
1960	10	75
1960	11	53
1960	12	39
1961	1	34
1961	2	32
1961	3	70
1961	4	481
1961	5	1514
1961	6	885
1961	7	194
1961	8	198
1961	9	222
1961	10	167
1961	11	110
1961	12	55
1962	1	55
1962	2	90
1962	3	80
1962	4	1106
1962	5	1553
1962	6	1209
1962	7	372
1962	8	227
1962	9	117
1962	10	92
1962	11	62
1962	12	48
1963	1	37
1963	2	60
1963	3	184
1963	4	596
1963	5	1024
1963	6	289
1963	7	174
1963	8	167
1963	9	125
1963	10	65
1963	11	49
1963	12	34
1964	1	32
1964	2	30
1964	3	30
1964	4	197
1964	5	1366
1964	6	724
1964	7	224
1964	8	307
1964	9	149
1964	10	52
1964	11	46
1964	12	46
1965	1	47
1965	2	47
1965	3	56
1965	4	821
1965	5	1752
1965	6	1983
1965	7	993
1965	8	463
1965	9	286
1965	10	167
1965	11	106
1965	12	95
1966	1	73
1966	2	63
1966	3	241
1966	4	918
1966	5	1561
1966	6	630
1966	7	292
1966	8	165
1966	9	114
1966	10	60
1966	11	46
1966	12	80
1967	1	48
1967	2	56
1967	3	143
1967	4	361
1967	5	889
1967	6	572
1967	7	214
1967	8	257
1967	9	200
1967	10	77
1967	11	53
1967	12	49
1968	1	50
1968	2	53
1968	3	96
1968	4	363
1968	5	1464
1968	6	1661
1968	7	392
1968	8	414
1968	9	191
1968	10	91
1968	11	56
1968	12	47
1969	1	46
1969	2	48
1969	3	82
1969	4	961
1969	5	1818
1969	6	1068
1969	7	464
1969	8	272
1969	9	187
1969	10	178
1969	11	129
1969	12	86
1970	1	76
1970	2	85
1970	3	84
1970	4	288
1970	5	1811
1970	6	960
1970	7	327
1970	8	288
1970	9	503
1970	10	152
1970	11	111
1970	12	81
1971	1	89
1971	2	103
1971	3	242
1971	4	593
1971	5	1025
1971	6	1240
1971	7	317
1971	8	258
1971	9	156
1971	10	113
1971	11	76
1971	12	64
1972	1	62
1972	2	67
1972	3	270
1972	4	514
1972	5	778
1972	6	629
1972	7	178
1972	8	103
1972	9	93
1972	10	382
1972	11	156
1972	12	85
1973	1	86
1973	2	88
1973	3	127
1973	4	617
1973	5	2870
1973	6	2726
1973	7	770
1973	8	259
1973	9	146
1973	10	80
1973	11	52
1973	12	48
1974	1	46
1974	2	45
1974	3	103
1974	4	305
1974	5	1173
1974	6	427
1974	7	201
1974	8	207
1974	9	51
1974	10	56
1974	11	56
1974	12	41
1975	1	40
1975	2	39
1975	3	61
1975	4	400
1975	5	1952
1975	6	2498
1975	7	1073
1975	8	288
1975	9	188
1975	10	77
1975	11	48
1975	12	43
1976	1	43
1976	2	61
1976	3	128
1976	4	579
1976	5	1452
1976	6	931
1976	7	224
1976	8	221
1976	9	187
1976	10	89
1976	11	45
1976	12	27
1977	1	26
1977	2	30
1977	3	37
1977	4	157
1977	5	234
1977	6	145
1977	7	89
1977	8	85
1977	9	71
1977	10	55
1977	11	48
1977	12	44
1978	1	43
1978	2	44
1978	3	119
1978	4	961
1978	5	1721
1978	6	1729
1978	7	319
1978	8	212
1978	9	74
1978	10	50
1978	11	58
1978	12	40
1979	1	48
1979	2	52
1979	3	108
1979	4	860
1979	5	2296
1979	6	2421
1979	7	714
1979	8	318
1979	9	126
1979	10	48
1979	11	49
1979	12	46
1980	1	44
1980	2	46
1980	3	68
1980	4	776
1980	5	2210
1980	6	2869
1980	7	714
1980	8	357
1980	9	195
1980	10	70
1980	11	66
1980	12	60
1981	1	55
1981	2	50
1981	3	45
1981	4	346
1981	5	678
1981	6	582
1981	7	348
1981	8	138
1981	9	146
1981	10	220
1981	11	114
1981	12	66
1982	1	54
1982	2	59
1982	3	116
1982	4	754
1982	5	1835
1982	6	1692
1982	7	476
1982	8	517
1982	9	435
1982	10	173
1982	11	98
1982	12	80
1983	1	60
1983	2	61
1983	3	171
1983	4	620
1983	5	2483
1983	6	2958
1983	7	1047
1983	8	560
1983	9	203
1983	10	128
1983	11	83
1983	12	82
1984	1	80
1984	2	84
1984	3	209
1984	4	805
1984	5	3482
1984	6	1691
1984	7	454
1984	8	397
1984	9	265
1984	10	199
1984	11	132
1984	12	92
1985	1	79
1985	2	69
1985	3	239
1985	4	1610
1985	5	2411
1985	6	1932
1985	7	403
1985	8	315
1985	9	285
1985	10	228
1985	11	132
1985	12	96
1986	1	90
1986	2	107
1986	3	380
1986	4	1135
1986	5	2353
1986	6	1755
1986	7	617
1986	8	330
1986	9	252
1986	10	352
1986	11	347
1986	12	198
1987	1	150
1987	2	139
1987	3	211
1987	4	1177
1987	5	2204
1987	6	1961
1987	7	498
1987	8	354
1987	9	125
1987	10	99
1987	11	137
1987	12	70
1988	1	72
1988	2	79
1988	3	128
1988	4	587
1988	5	1187
1988	6	789
1988	7	262
1988	8	239
1988	9	249
1988	10	101
1988	11	75
1988	12	62
1989	1	63
1989	2	70
1989	3	435
1989	4	1135
1989	5	1054
1989	6	407
1989	7	183
1989	8	167
1989	9	72
1989	10	58
1989	11	32
1989	12	19
1990	1	19
1990	2	22
1990	3	54
1990	4	193
1990	5	818
1990	6	643
1990	7	216
1990	8	157
1990	9	147
1990	10	164
1990	11	84
1990	12	65
1991	1	57
1991	2	58
1991	3	73
1991	4	705
1991	5	1468
1991	6	926
1991	7	232
1991	8	182
1991	9	226
1991	10	67
1991	11	73
1991	12	67
1992	1	51
1992	2	50
1992	3	117
1992	4	904
1992	5	1818
1992	6	967
1992	7	298
1992	8	200
1992	9	118
1992	10	62
1992	11	59
1992	12	45
1993	1	47
1993	2	56
1993	3	258
1993	4	988
1993	5	3027
1993	6	2199
1993	7	477
1993	8	214
1993	9	142
1993	10	83
1993	11	58
1993	12	46
1994	1	36
1994	2	34
1994	3	132
1994	4	502
1994	5	1582
1994	6	960
1994	7	149
1994	8	118
1994	9	134
1994	10	99
1994	11	75
1994	12	53
1995	1	44
1995	2	76
1995	3	300
1995	4	571
1995	5	1574
1995	6	3087
1995	7	1086
1995	8	284
1995	9	172
1995	10	99
1995	11	69
1995	12	53
1996	1	45
1996	2	50
1996	3	78
1996	4	471
1996	5	1431
1996	6	308
1996	7	165
1996	8	99
1996	9	133
1996	10	254
1996	11	118
1996	12	83
1997	1	83
1997	2	80
1997	3	457
1997	4	930
1997	5	2766
1997	6	2074
1997	7	449
1997	8	453
1997	9	344
1997	10	220
1997	11	121
1997	12	82
1998	1	66
1998	2	58
1998	3	218
1998	4	690
1998	5	2220
1998	6	1022
1998	7	331
1998	8	176
1998	9	116
1998	10	99
1998	11	112
1998	12	68
1999	1	47
1999	2	47
1999	3	198
1999	4	597
1999	5	1740
1999	6	1528
1999	7	507
1999	8	649
1999	9	388
1999	10	102
1999	11	53
1999	12	50
2000	1	49
2000	2	57
2000	3	103
2000	4	872
2000	5	1581
2000	6	424
2000	7	142
2000	8	151
2000	9	116
2000	10	79
2000	11	67
2000	12	48
2001	1	40
2001	2	42
2001	3	96
2001	4	545
2001	5	1833
2001	6	637
2001	7	159
2001	8	238
2001	9	105
2001	10	66
2001	11	39
2001	12	49
2002	1	42
2002	2	39
2002	3	45
2002	4	322
2002	5	263
2002	6	67
2002	7	124
2002	8	43
2002	9	89
2002	10	73
2002	11	61
2002	12	36
2003	1	30
2003	2	36
2003	3	83
2003	4	477
2003	5	1169
2003	6	527
2003	7	127
2003	8	151
2003	9	271
2003	10	78
2003	11	62
2003	12	38
2004	1	36
2004	2	45
2004	3	278
2004	4	690
2004	5	1541
2004	6	661
2004	7	163
2004	8	245
2004	9	194
2004	10	139
2004	11	108
2004	12	50
2005	1	65
2005	2	97
2005	3	222
2005	4	1271
2005	5	2509
2005	6	1365
2005	7	351
2005	8	151
2005	9	105
2005	10	138
2005	11	71
2005	12	41
2006	1	35
2006	2	36
2006	3	66
2006	4	616
2006	5	1126
2006	6	351
2006	7	232
2006	8	231
2006	9	227
2006	10	556
2006	11	159
2006	12	98
2007	1	57
2007	2	61
2007	3	363
2007	4	621
2007	5	1506
2007	6	753
2007	7	266
2007	8	274
2007	9	224
2007	10	149
2007	11	65
2007	12	89
2008	1	69
2008	2	68
2008	3	238
2008	4	1055
2008	5	1990
2008	6	1681
2008	7	373
2008	8	170
2008	9	194
2008	10	94
2008	11	54
2008	12	39
2009	1	36
2009	2	61
2009	3	170
2009	4	783
2009	5	2169
2009	6	623
2009	7	212
2009	8	101
2009	9	106
2009	10	56
2009	11	41
2009	12	25
2010	1	30
2010	2	32
2010	3	90
2010	4	852
2010	5	1570
2010	6	856
2010	7	172
2010	8	253
2010	9	140
2010	10	96
2010	11	67
2010	12	73
2011	1	57
2011	2	55
2011	3	117
2011	4	515
2011	5	1197
2011	6	1576
2011	7	364
2011	8	241
2011	9	170
2011	10	125
2011	11	66
2011	12	43
2012	1	35
2012	2	30
2012	3	216
2012	4	794
2012	5	756
2012	6	205
2012	7	147
2012	8	113
2012	9	65
2012	10	35
2012	11	32
2012	12	25
2013	1	23
2013	2	30
2013	3	57
2013	4	274
2013	5	752
2013	6	226
2013	7	97
2013	8	179
2013	9	415
2013	10	183
2013	11	111
2013	12	61
2014	1	52
2014	2	54
2014	3	103
2014	4	685
2014	5	1243
2014	6	830
2014	7	179
2014	8	131
2014	9	242
2014	10	197
2014	11	93
2014	12	67
2015	1	64
2015	2	65
2015	3	209
2015	4	370
2015	5	1131
2015	6	1894
2015	7	454
2015	8	131
2015	9	129
