1940	1	72
1940	2	74
1940	3	111
1940	4	210
1940	5	859
1940	6	1212
1940	7	462
1940	8	252
1940	9	263
1940	10	251
1940	11	139
1940	12	113
1941	1	99
1941	2	98
1941	3	106
1941	4	197
1941	5	1082
1941	6	1666
1941	7	1043
1941	8	521
1941	9	333
1941	10	282
1941	11	162
1941	12	124
1942	1	88
1942	2	86
1942	3	95
1942	4	449
1942	5	911
1942	6	1842
1942	7	1708
1942	8	479
1942	9	236
1942	10	162
1942	11	130
1942	12	116
1943	1	130
1943	2	140
1943	3	152
1943	4	599
1943	5	1313
1943	6	2147
1943	7	1994
1943	8	809
1943	9	324
1943	10	236
1943	11	164
1943	12	170
1944	1	150
1944	2	135
1944	3	120
1944	4	249
1944	5	751
1944	6	1731
1944	7	1727
1944	8	508
1944	9	234
1944	10	164
1944	11	128
1944	12	88
1945	1	89
1945	2	106
1945	3	121
1945	4	161
1945	5	541
1945	6	1095
1945	7	1667
1945	8	743
1945	9	489
1945	10	226
1945	11	158
1945	12	135
1946	1	115
1946	2	115
1946	3	130
1946	4	425
1946	5	1120
1946	6	1487
1946	7	1028
1946	8	416
1946	9	335
1946	10	232
1946	11	158
1946	12	155
1947	1	131
1947	2	133
1947	3	128
1947	4	226
1947	5	1545
1947	6	1487
1947	7	1599
1947	8	874
1947	9	361
1947	10	266
1947	11	166
1947	12	126
1948	1	109
1948	2	96
1948	3	110
1948	4	222
1948	5	1092
1948	6	1889
1948	7	937
1948	8	371
1948	9	242
1948	10	183
1948	11	122
1948	12	102
1949	1	95
1949	2	82
1949	3	102
1949	4	189
1949	5	1143
1949	6	1844
1949	7	1205
1949	8	497
1949	9	273
1949	10	216
1949	11	185
1949	12	127
1950	1	111
1950	2	119
1950	3	98
1950	4	402
1950	5	905
1950	6	2412
1950	7	1954
1950	8	690
1950	9	437
1950	10	275
1950	11	176
1950	12	157
1951	1	146
1951	2	145
1951	3	158
1951	4	287
1951	5	1604
1951	6	1997
1951	7	1808
1951	8	919
1951	9	371
1951	10	269
1951	11	204
1951	12	167
1952	1	150
1952	2	149
1952	3	149
1952	4	517
1952	5	1332
1952	6	1631
1952	7	1049
1952	8	624
1952	9	296
1952	10	180
1952	11	113
1952	12	98
1953	1	101
1953	2	90
1953	3	101
1953	4	291
1953	5	588
1953	6	2231
1953	7	1383
1953	8	514
1953	9	240
1953	10	145
1953	11	113
1953	12	98
1954	1	95
1954	2	100
1954	3	105
1954	4	195
1954	5	1723
1954	6	1584
1954	7	1564
1954	8	490
1954	9	273
1954	10	137
1954	11	127
1954	12	110
1955	1	88
1955	2	85
1955	3	112
1955	4	217
1955	5	807
1955	6	1549
1955	7	935
1955	8	451
1955	9	217
1955	10	142
1955	11	102
1955	12	110
1956	1	100
1956	2	98
1956	3	141
1956	4	447
1956	5	1810
1956	6	2853
1956	7	1338
1956	8	579
1956	9	239
1956	10	168
1956	11	145
1956	12	130
1957	1	110
1957	2	120
1957	3	130
1957	4	180
1957	5	1063
1957	6	2211
1957	7	1889
1957	8	774
1957	9	371
1957	10	259
1957	11	174
1957	12	139
1958	1	104
1958	2	100
1958	3	97
1958	4	235
1958	5	1360
1958	6	1409
1958	7	586
1958	8	417
1958	9	267
1958	10	147
1958	11	131
1958	12	130
1959	1	100
1959	2	110
1959	3	110
1959	4	219
1959	5	669
1959	6	2416
1959	7	1042
1959	8	537
1959	9	250
1959	10	206
1959	11	143
1959	12	105
1960	1	85
1960	2	105
1960	3	105
1960	4	246
1960	5	587
1960	6	1290
1960	7	667
1960	8	374
1960	9	257
1960	10	200
1960	11	150
1960	12	182
1961	1	95
1961	2	100
1961	3	95
1961	4	162
1961	5	746
1961	6	1464
1961	7	575
1961	8	311
1961	9	391
1961	10	192
1961	11	162
1961	12	126
1962	1	88
1962	2	133
1962	3	95
1962	4	341
1962	5	1341
1962	6	2070
1962	7	1525
1962	8	638
1962	9	213
1962	10	193
1962	11	153
1962	12	134
1963	1	123
1963	2	115
1963	3	110
1963	4	165
1963	5	902
1963	6	1767
1963	7	1080
1963	8	453
1963	9	592
1963	10	220
1963	11	152
1963	12	140
1964	1	105
1964	2	121
1964	3	122
1964	4	346
1964	5	1002
1964	6	1683
1964	7	1927
1964	8	589
1964	9	191
1964	10	136
1964	11	120
1964	12	93
1965	1	87
1965	2	129
1965	3	94
1965	4	249
1965	5	1007
1965	6	2590
1965	7	2216
1965	8	926
1965	9	362
1965	10	250
1965	11	168
1965	12	148
1966	1	132
1966	2	95
1966	3	99
1966	4	212
1966	5	1064
1966	6	1203
1966	7	875
1966	8	431
1966	9	272
1966	10	152
1966	11	115
1966	12	121
1967	1	175
1967	2	166
1967	3	127
1967	4	159
1967	5	921
1967	6	2052
1967	7	2082
1967	8	728
1967	9	315
1967	10	244
1967	11	146
1967	12	132
1968	1	137
1968	2	129
1968	3	169
1968	4	189
1968	5	567
1968	6	1853
1968	7	1200
1968	8	883
1968	9	504
1968	10	285
1968	11	185
1968	12	129
1969	1	156
1969	2	124
1969	3	131
1969	4	507
1969	5	1621
1969	6	1407
1969	7	1076
1969	8	578
1969	9	260
1969	10	163
1969	11	104
1969	12	75
1970	1	93
1970	2	109
1970	3	121
1970	4	128
1970	5	927
1970	6	1877
1970	7	1099
1970	8	423
1970	9	294
1970	10	164
1970	11	141
1970	12	146
1971	1	121
1971	2	97
1971	3	117
1971	4	180
1971	5	1312
1971	6	3163
1971	7	1623
1971	8	804
1971	9	384
1971	10	222
1971	11	185
1971	12	118
1972	1	121
1972	2	113
1972	3	165
1972	4	291
1972	5	1482
1972	6	3038
1972	7	1234
1972	8	677
1972	9	395
1972	10	290
1972	11	202
1972	12	139
1973	1	123
1973	2	117
1973	3	118
1973	4	146
1973	5	1111
1973	6	1297
1973	7	994
1973	8	488
1973	9	357
1973	10	193
1973	11	158
1973	12	118
1974	1	117
1974	2	116
1974	3	122
1974	4	315
1974	5	1368
1974	6	2811
1974	7	1288
1974	8	444
1974	9	209
1974	10	145
1974	11	112
1974	12	111
1975	1	103
1975	2	102
1975	3	109
1975	4	158
1975	5	509
1975	6	1552
1975	7	2423
1975	8	621
1975	9	247
1975	10	168
1975	11	151
1975	12	111
1976	1	109
1976	2	99
1976	3	101
1976	4	225
1976	5	1437
1976	6	1676
1976	7	1495
1976	8	590
1976	9	285
1976	10	178
1976	11	113
1976	12	109
1977	1	73
1977	2	85
1977	3	74
1977	4	221
1977	5	268
1977	6	1083
1977	7	522
1977	8	351
1977	9	288
1977	10	165
1977	11	124
1977	12	104
1978	1	95
1978	2	95
1978	3	108
1978	4	314
1978	5	947
1978	6	2017
1978	7	1652
1978	8	622
1978	9	335
1978	10	177
1978	11	123
1978	12	113
1979	1	100
1979	2	110
1979	3	118
1979	4	273
1979	5	963
1979	6	1205
1979	7	732
1979	8	503
1979	9	227
1979	10	152
1979	11	110
1979	12	107
1980	1	82
1980	2	102
1980	3	110
1980	4	263
1980	5	1135
1980	6	1667
1980	7	1203
1980	8	395
1980	9	262
1980	10	167
1980	11	121
1980	12	124
1981	1	117
1981	2	87
1981	3	100
1981	4	251
1981	5	627
1981	6	1385
1981	7	773
1981	8	321
1981	9	192
1981	10	162
1981	11	116
1981	12	110
1982	1	106
1982	2	116
1982	3	138
1982	4	308
1982	5	1177
1982	6	2025
1982	7	2101
1982	8	997
1982	9	471
1982	10	392
1982	11	223
1982	12	162
1983	1	109
1983	2	107
1983	3	138
1983	4	246
1983	5	711
1983	6	2099
1983	7	1684
1983	8	941
1983	9	514
1983	10	433
1983	11	215
1983	12	138
1984	1	156
1984	2	131
1984	3	126
1984	4	227
1984	5	1091
1984	6	1738
1984	7	1667
1984	8	692
1984	9	410
1984	10	326
1984	11	198
1984	12	130
1985	1	106
1985	2	122
1985	3	142
1985	4	323
1985	5	1060
1985	6	1152
1985	7	692
1985	8	312
1985	9	289
1985	10	228
1985	11	200
1985	12	158
1986	1	108
1986	2	141
1986	3	161
1986	4	364
1986	5	1403
1986	6	3813
1986	7	1607
1986	8	685
1986	9	337
1986	10	226
1986	11	182
1986	12	137
1987	1	114
1987	2	132
1987	3	173
1987	4	568
1987	5	1142
1987	6	1033
1987	7	746
1987	8	497
1987	9	283
1987	10	148
1987	11	122
1987	12	102
1988	1	93
1988	2	104
1988	3	109
1988	4	344
1988	5	797
1988	6	1260
1988	7	399
1988	8	213
1988	9	149
1988	10	102
1988	11	99
1988	12	115
1989	1	105
1989	2	99
1989	3	135
1989	4	312
1989	5	751
1989	6	1317
1989	7	1171
1989	8	376
1989	9	207
1989	10	151
1989	11	112
1989	12	128
1990	1	97
1990	2	85
1990	3	111
1990	4	339
1990	5	539
1990	6	1460
1990	7	1094
1990	8	399
1990	9	265
1990	10	180
1990	11	142
1990	12	106
1991	1	102
1991	2	121
1991	3	129
1991	4	250
1991	5	1046
1991	6	1904
1991	7	983
1991	8	493
1991	9	381
1991	10	166
1991	11	146
1991	12	93
1992	1	92
1992	2	114
1992	3	150
1992	4	274
1992	5	765
1992	6	734
1992	7	512
1992	8	289
1992	9	190
1993	10	183
1993	11	67
1993	12	105
1994	1	101
1994	2	91
1994	3	111
1994	4	390
1994	5	1005
1994	6	950
1994	7	446
1994	8	331
1994	9	208
1994	10	198
1994	11	129
1994	12	99
1995	1	92
1995	2	105
1995	3	131
1995	4	222
1995	5	484
1995	6	2155
1995	7	2097
1995	8	702
1995	9	313
1995	10	175
1995	11	166
1995	12	183
1996	1	126
1996	2	110
1996	3	123
1996	4	285
1996	5	1193
1996	6	2854
1996	7	1754
1996	8	631
1996	9	306
1996	10	175
1996	11	154
1996	12	214
1997	1	160
1997	2	121
1997	3	136
1997	4	251
1997	5	1494
1997	6	3303
1997	7	1301
1997	8	687
1997	9	490
1997	10	327
1997	11	195
1997	12	131
1998	1	119
1998	2	117
1998	3	130
1998	4	254
1998	5	1328
1998	6	1537
1998	7	1832
1998	8	605
1998	9	373
1998	10	268
1998	11	210
1998	12	158
1999	1	158
1999	2	139
1999	3	148
1999	4	266
1999	5	1018
1999	6	2211
1999	7	1393
1999	8	541
1999	9	309
1999	10	160
1999	11	143
1999	12	164
2000	1	136
2000	2	130
2000	3	151
2000	4	426
2000	5	1034
2000	6	1229
2000	7	633
2000	8	334
2000	9	239
2000	10	159
2000	11	106
2000	12	104
2001	1	97
2001	2	91
2001	3	127
2001	4	231
2001	5	820
2001	6	741
2001	7	476
2001	8	229
2001	9	159
2001	10	117
2001	11	114
2001	12	71
2002	1	57
2002	2	69
2002	3	94
2002	4	229
2002	5	496
2002	6	1429
2002	7	708
2002	8	263
2002	9	284
2002	10	163
2002	11	148
2002	12	106
2003	1	96
2003	2	92
2003	3	127
2003	4	397
2003	5	854
2003	6	1473
2003	7	884
2003	8	419
2003	9	345
2003	10	160
2003	11	118
2003	12	112
2004	1	95
2004	2	92
2004	3	206
2004	4	285
2004	5	510
2004	6	1241
2004	7	1149
2004	8	434
2004	9	293
2004	10	216
2004	11	141
2004	12	119
2005	1	108
2005	2	94
2005	3	99
2005	4	369
2005	5	1194
2005	6	1544
2005	7	1066
2005	8	326
2005	9	163
2005	10	143
2005	11	163
2005	12	122
2006	1	111
2006	2	77
2006	3	97
2006	4	302
2006	5	1237
2006	6	1539
2006	7	659
2006	8	259
2006	9	163
2006	10	190
2006	11	116
2006	12	90
2007	1	96
2007	2	99
2007	3	126
2007	4	249
2007	5	782
2007	6	892
2007	7	486
2007	8	274
2007	9	200
2007	10	197
2007	11	154
2007	12	116
2008	1	113
2008	2	117
2008	3	151
2008	4	278
2008	5	959
2008	6	1584
2008	7	1527
2008	8	401
2008	9	227
2008	10	177
2008	11	176
2008	12	142
2009	1	124
2009	2	107
2009	3	149
2009	4	378
2009	5	1082
2009	6	2203
2009	7	1478
2009	8	487
2009	9	273
2009	10	183
2009	11	113
2009	12	77
2010	1	82
2010	2	89
2010	3	148
2010	4	250
2010	5	232
2010	6	1515
2010	7	949
2010	8	296
2010	9	160
2010	10	112
2010	11	90
2010	12	76
2011	1	86
2011	2	94
2011	3	99
2011	4	155
2011	5	631
2011	6	2242
2011	7	2548
2011	8	686
2011	9	225
2011	10	153
2011	11	108
2011	12	90
2012	1	90
2012	2	96
2012	3	179
2012	4	510
2012	5	810
2012	6	1605
2012	7	776
2012	8	286
2012	9	158
2012	10	110
2012	11	107
2012	12	110
2013	1	96
2013	2	92
2013	3	135
2013	4	204
2013	5	746
2013	6	1123
2013	7	632
2013	8	214
2013	9	324
2013	10	228
2013	11	140
2013	12	94
2014	1	78
2014	2	73
2014	3	123
2014	4	237
2014	5	1619
2014	6	2368
2014	7	1690
2014	8	619
2014	9	329
2014	10	316
2014	11	135
2014	12	149
2015	1	151
2015	2	141
2015	3	176
2015	4	389
2015	5	942
2015	6	1848
2015	7	651
2015	8	263
2015	9	228
