1940	1	2130
1940	2	2389
1940	3	2769
1940	4	6314
1940	5	17050
1940	6	12417
1940	7	2915
1940	8	1405
1940	9	2887
1940	10	4795
1940	11	3017
1940	12	2514
1941	1	2264
1941	2	2753
1941	3	3358
1941	4	7477
1941	5	38306
1941	6	26593
1941	7	9422
1941	8	4076
1941	9	3975
1941	10	9416
1941	11	5231
1941	12	3729
1942	1	2939
1942	2	2982
1942	3	3715
1942	4	22590
1942	5	29422
1942	6	32950
1942	7	9410
1942	8	3001
1942	9	2255
1942	10	2629
1942	11	3125
1942	12	2670
1943	1	2489
1943	2	2631
1943	3	2833
1943	4	11909
1943	5	16192
1943	6	22933
1943	7	8166
1943	8	5979
1943	9	3565
1943	10	2999
1943	11	3619
1943	12	3081
1944	1	2275
1944	2	2644
1944	3	2707
1944	4	5102
1944	5	29018
1944	6	30970
1944	7	11012
1944	8	2419
1944	9	1664
1944	10	2587
1944	11	3289
1944	12	2782
1945	1	2423
1945	2	2709
1945	3	2892
1945	4	5521
1945	5	24316
1945	6	22036
1945	7	11000
1945	8	7260
1945	9	2453
1945	10	3527
1945	11	3766
1945	12	2972
1946	1	2833
1946	2	2789
1946	3	3100
1946	4	8816
1946	5	11805
1946	6	17267
1946	7	5033
1946	8	3182
1946	9	2276
1946	10	3354
1946	11	3466
1946	12	3386
1947	1	2361
1947	2	2707
1947	3	3074
1947	4	5301
1947	5	23149
1947	6	26780
1947	7	16012
1947	8	6005
1947	9	4353
1947	10	5340
1947	11	4647
1947	12	3622
1948	1	3101
1948	2	3657
1948	3	3976
1948	4	13953
1948	5	31867
1948	6	25186
1948	7	7254
1948	8	3658
1948	9	2039
1948	10	2841
1948	11	3435
1948	12	3017
1949	1	3052
1949	2	3367
1949	3	3951
1949	4	10337
1949	5	20970
1949	6	32103
1949	7	14764
1949	8	3645
1949	9	2664
1949	10	3669
1949	11	3529
1949	12	2931
1950	1	3232
1950	2	3616
1950	3	3398
1950	4	9090
1950	5	12421
1950	6	18700
1950	7	5636
1950	8	1779
1950	9	2314
1950	10	2036
1950	11	2711
1950	12	2723
1951	1	2484
1951	2	2720
1951	3	2625
1951	4	2904
1951	5	12325
1951	6	19716
1951	7	8610
1951	8	3875
1951	9	2193
1951	10	2749
1951	11	2995
1951	12	2797
1952	1	3103
1952	2	2705
1952	3	3150
1952	4	16293
1952	5	35000
1952	6	38893
1952	7	10428
1952	8	5817
1952	9	3585
1952	10	2696
1952	11	2971
1952	12	3050
1953	1	3014
1953	2	2563
1953	3	3036
1953	4	4206
1953	5	9857
1953	6	23510
1953	7	5740
1953	8	4160
1953	9	2147
1953	10	2885
1953	11	3475
1953	12	2781
1954	1	2870
1954	2	2573
1954	3	2612
1954	4	3714
1954	5	7089
1954	6	3643
1954	7	2438
1954	8	1601
1954	9	2879
1954	10	3501
1954	11	2759
1954	12	2275
1955	1	2170
1955	2	2185
1955	3	3218
1955	4	5384
1955	5	12226
1955	6	11580
1955	7	3486
1955	8	3008
1955	9	1810
1955	10	1941
1955	11	2833
1955	12	2862
1956	1	2520
1956	2	2457
1956	3	3042
1956	4	5976
1956	5	16349
1956	6	15524
1956	7	2800
1956	8	1930
1956	9	1369
1956	10	1963
1956	11	2781
1956	12	2305
1957	1	2671
1957	2	3018
1957	3	2724
1957	4	6685
1957	5	22362
1957	6	48043
1957	7	31751
1957	8	10745
1957	9	5273
1957	10	4750
1957	11	5033
1957	12	3882
1958	1	3255
1958	2	4052
1958	3	4133
1958	4	12698
1958	5	33051
1958	6	26222
1958	7	3805
1958	8	1778
1958	9	2572
1958	10	2521
1958	11	3188
1958	12	2859
1959	1	2725
1959	2	2751
1959	3	2432
1959	4	2735
1959	5	8710
1959	6	15523
1959	7	3482
1959	8	2595
1959	9	2087
1959	10	4074
1959	11	3532
1959	12	2652
1960	1	2666
1960	2	2490
1960	3	4441
1960	4	10575
1960	5	12327
1960	6	17952
1960	7	4074
1960	8	1716
1960	9	1959
1960	10	2484
1960	11	2972
1960	12	2677
1961	1	2545
1961	2	2514
1961	3	2634
1961	4	3468
1961	5	11007
1961	6	11166
1961	7	2121
1961	8	2240
1961	9	5304
1961	10	5805
1961	11	4232
1961	12	3203
1962	1	2964
1962	2	4705
1962	3	4001
1962	4	17708
1962	5	26070
1962	6	23523
1962	7	12436
1962	8	3350
1962	9	2908
1962	10	4268
1962	11	4082
1962	12	2929
1963	1	2658
1963	2	3480
1963	3	3568
1963	4	4110
1963	5	8402
1963	6	5578
1963	7	1862
1963	8	2727
1963	9	3069
1963	10	2182
1963	11	3004
1963	12	2249
1964	1	2146
1964	2	2102
1964	3	2089
1964	4	3603
1964	5	13997
1964	6	13106
1964	7	4489
1964	8	3919
1964	9	2564
1964	10	2659
1964	11	3057
1964	12	2948
1965	1	2630
1965	2	2530
1965	3	2508
1965	4	9450
1965	5	20680
1965	6	27800
1965	7	18158
1965	8	7264
1965	9	6203
1965	10	5853
1965	11	4190
1965	12	3848
1966	1	3246
1966	2	3039
1966	3	4523
1966	4	7368
1966	5	11333
1966	6	7207
1966	7	3014
1966	8	1949
1966	9	2432
1966	10	2833
1966	11	2577
1966	12	2841
1967	1	2376
1967	2	2443
1967	3	3017
1967	4	3332
1967	5	7506
1967	6	11991
1967	7	5318
1967	8	2844
1967	9	2983
1967	10	2838
1967	11	3542
1967	12	3918
1968	1	3338
1968	2	3357
1968	3	2781
1968	4	3868
1968	5	10850
1968	6	19673
1968	7	4969
1968	8	5934
1968	9	2666
1968	10	3470
1968	11	4309
1968	12	4039
1969	1	4219
1969	2	3395
1969	3	4062
1969	4	12002
1969	5	16058
1969	6	12286
1969	7	7673
1969	8	3235
1969	9	4032
1969	10	5271
1969	11	4855
1969	12	4100
1970	1	3833
1970	2	3956
1970	3	4499
1970	4	5501
1970	5	22516
1970	6	22516
1970	7	8744
1970	8	3985
1970	9	6836
1970	10	5851
1970	11	5684
1970	12	5154
1971	1	5399
1971	2	5772
1971	3	6711
1971	4	9738
1971	5	12489
1971	6	19176
1971	7	8708
1971	8	3999
1971	9	4746
1971	10	4548
1971	11	4640
1971	12	4620
1972	1	4346
1972	2	3940
1972	3	4537
1972	4	3388
1972	5	7366
1972	6	12752
1972	7	3114
1972	8	1942
1972	9	3372
1972	10	4916
1972	11	4727
1972	12	4344
1973	1	4595
1973	2	3792
1973	3	3908
1973	4	6520
1973	5	25316
1973	6	26170
1973	7	12988
1973	8	5376
1973	9	3705
1973	10	4079
1973	11	4159
1973	12	4716
1974	1	5066
1974	2	5295
1974	3	5909
1974	4	6072
1974	5	16529
1974	6	12552
1974	7	5097
1974	8	2613
1974	9	2653
1974	10	3347
1974	11	4351
1974	12	3673
1975	1	3835
1975	2	3731
1975	3	3910
1975	4	6336
1975	5	16379
1975	6	20893
1975	7	13116
1975	8	3681
1975	9	3111
1975	10	3790
1975	11	4682
1975	12	4265
1976	1	3732
1976	2	3584
1976	3	3580
1976	4	4649
1976	5	10395
1976	6	9946
1976	7	3759
1976	8	2446
1976	9	2963
1976	10	3559
1976	11	3691
1976	12	3567
1977	1	3358
1977	2	2631
1977	3	2009
1977	4	1638
1977	5	2321
1977	6	2820
1977	7	2064
1977	8	1767
1977	9	2135
1977	10	2296
1977	11	2392
1977	12	2109
1978	1	2220
1978	2	2492
1978	3	3113
1978	4	8010
1978	5	15559
1978	6	22573
1978	7	8707
1978	8	2592
1978	9	3053
1978	10	3256
1978	11	4189
1978	12	3968
1979	1	3883
1979	2	4521
1979	3	6040
1979	4	12032
1979	5	24612
1979	6	26140
1979	7	12280
1979	8	4525
1979	9	3664
1979	10	3659
1979	11	3794
1979	12	4197
1980	1	4259
1980	2	4474
1980	3	4436
1980	4	9507
1980	5	26919
1980	6	26523
1980	7	8283
1980	8	3302
1980	9	3468
1980	10	3582
1980	11	4437
1980	12	4147
1981	1	3720
1981	2	2921
1981	3	2525
1981	4	2942
1981	5	4820
1981	6	6835
1981	7	3183
1981	8	2065
1981	9	3076
1981	10	3943
1981	11	3359
1981	12	2910
1982	1	2766
1982	2	3708
1982	3	4280
1982	4	6876
1982	5	14526
1982	6	17896
1982	7	9588
1982	8	5739
1982	9	6386
1982	10	6043
1982	11	5399
1982	12	4664
1983	1	4100
1983	2	4139
1983	3	4860
1983	4	7532
1983	5	25419
1983	6	46053
1983	7	27641
1983	8	10938
1983	9	5175
1983	10	5514
1983	11	5503
1983	12	5607
1984	1	5463
1984	2	5998
1984	3	6961
1984	4	12262
1984	5	42087
1984	6	46340
1984	7	24458
1984	8	11395
1984	9	7403
1984	10	7781
1984	11	6850
1984	12	5943
1985	1	6371
1985	2	6326
1985	3	8411
1985	4	21178
1985	5	31974
1985	6	27493
1985	7	11644
1985	8	5557
1985	9	5523
1985	10	7316
1985	11	6842
1985	12	6252
1986	1	5980
1986	2	6274
1986	3	8234
1986	4	15783
1986	5	24361
1986	6	25120
1986	7	14719
1986	8	5780
1986	9	6701
1986	10	8108
1986	11	7600
1986	12	6588
1987	1	5515
1987	2	6040
1987	3	7147
1987	4	12993
1987	5	20832
1987	6	13625
1987	7	5887
1987	8	5122
1987	9	4250
1987	10	4198
1987	11	4978
1987	12	4126
1988	1	3504
1988	2	4227
1988	3	4743
1988	4	6229
1988	5	8787
1988	6	9766
1988	7	3984
1988	8	2782
1988	9	3724
1988	10	3011
1988	11	3099
1988	12	2812
1989	1	2627
1989	2	2935
1989	3	4137
1989	4	6531
1989	5	7010
1989	6	6320
1989	7	2831
1989	8	3097
1989	9	2808
1989	10	3267
1989	11	2911
1989	12	2376
1990	1	2267
1990	2	2217
1990	3	2200
1990	4	2497
1990	5	4070
1990	6	7426
1990	7	3321
1990	8	2229
1990	9	2978
1990	10	3479
1990	11	3138
1990	12	2334
1991	1	2319
1991	2	3000
1991	3	2666
1991	4	4360
1991	5	10864
1991	6	13894
1991	7	5205
1991	8	3475
1991	9	4349
1991	10	3736
1991	11	4263
1991	12	3590
1992	1	3116
1992	2	3153
1992	3	3267
1992	4	6408
1992	5	11331
1992	6	8061
1992	7	4502
1992	8	3647
1992	9	3519
1992	10	3390
1992	11	3608
1992	12	2636
1993	1	2645
1993	2	3462
1993	3	5903
1993	4	10656
1993	5	32032
1993	6	27326
1993	7	11602
1993	8	5431
1993	9	4947
1993	10	4946
1993	11	4661
1993	12	4179
1994	1	3712
1994	2	3139
1994	3	3695
1994	4	4964
1994	5	11195
1994	6	8869
1994	7	2779
1994	8	2543
1994	9	3149
1994	10	3655
1994	11	3367
1994	12	3072
1995	1	2780
1995	2	2833
1995	3	4723
1995	4	6723
1995	5	18451
1995	6	36130
1995	7	30083
1995	8	8636
1995	9	4970
1995	10	5639
1995	11	5721
1995	12	5057
1996	1	4420
1996	2	4518
1996	3	5022
1996	4	9109
1996	5	18841
1996	6	17750
1996	7	7771
1996	8	3138
1996	9	4260
1996	10	4642
1996	11	4891
1996	12	4357
1997	1	4515
1997	2	4679
1997	3	7647
1997	4	12229
1997	5	26964
1997	6	32326
1997	7	10454
1997	8	7527
1997	9	7230
1997	10	7240
1997	11	5895
1997	12	5275
1998	1	4890
1998	2	4654
1998	3	5730
1998	4	9476
1998	5	22277
1998	6	13717
1998	7	7450
1998	8	4442
1998	9	4329
1998	10	4997
1998	11	4781
1998	12	3777
1999	1	3770
1999	2	3358
1999	3	3459
1999	4	3848
1999	5	11595
1999	6	17213
1999	7	8778
1999	8	7458
1999	9	6507
1999	10	5802
1999	11	4437
1999	12	3848
2000	1	3599
2000	2	3298
2000	3	3533
2000	4	6635
2000	5	12364
2000	6	9165
2000	7	3741
2000	8	3511
2000	9	3755
2000	10	3560
2000	11	3471
2000	12	2950
2001	1	2628
2001	2	2586
2001	3	2893
2001	4	3977
2001	5	9779
2001	6	6838
2001	7	3498
2001	8	3864
2001	9	3611
2001	10	3412
2001	11	3242
2001	12	2601
2002	1	2509
2002	2	2405
2002	3	2489
2002	4	2971
2002	5	2696
2002	6	2503
2002	7	1690
2002	8	1665
2002	9	2517
2002	10	2597
2002	11	2804
2002	12	2022
2003	1	1875
2003	2	1843
2003	3	2255
2003	4	2998
2003	5	9027
2003	6	10713
2003	7	2969
2003	8	2535
2003	9	3688
2003	10	3206
2003	11	2863
2003	12	2349
2004	1	2144
2004	2	2334
2004	3	3005
2004	4	4473
2004	5	7255
2004	6	5716
2004	7	2935
2004	8	2494
2004	9	3501
2004	10	3873
2004	11	3326
2004	12	2657
2005	1	3220
2005	2	3117
2005	3	3712
2005	4	8971
2005	5	20690
2005	6	16966
2005	7	7184
2005	8	3963
2005	9	3988
2005	10	4618
2005	11	3832
2005	12	3186
2006	1	3000
2006	2	2891
2006	3	3482
2006	4	8078
2006	5	12840
2006	6	9100
2006	7	4901
2006	8	4342
2006	9	4682
2006	10	6466
2006	11	4348
2006	12	4254
2007	1	3958
2007	2	3406
2007	3	5125
2007	4	5646
2007	5	10501
2007	6	9178
2007	7	3937
2007	8	3750
2007	9	4555
2007	10	4685
2007	11	3909
2007	12	3661
2008	1	3428
2008	2	4698
2008	3	4124
2008	4	9943
2008	5	23383
2008	6	26710
2008	7	10820
2008	8	5012
2008	9	4827
2008	10	4433
2008	11	3693
2008	12	3236
2009	1	3142
2009	2	3315
2009	3	3742
2009	4	6981
2009	5	22006
2009	6	18616
2009	7	9416
2009	8	4484
2009	9	3949
2009	10	4277
2009	11	3453
2009	12	2602
2010	1	2503
2010	2	2680
2010	3	3216
2010	4	7463
2010	5	10705
2010	6	17288
2010	7	4403
2010	8	4541
2010	9	3457
2010	10	4190
2010	11	3539
2010	12	3267
2011	1	2614
2011	2	2323
2011	3	4082
2011	4	7757
2011	5	18219
2011	6	36293
2011	7	21189
2011	8	6091
2011	9	5218
2011	10	5073
2011	11	4079
2011	12	4133
2012	1	3405
2012	2	2913
2012	3	3701
2012	4	3992
2012	5	4111
2012	6	2912
2012	7	2528
2012	8	2470
2012	9	2495
2012	10	2503
2012	11	2606
2012	12	2278
2013	1	2050
2013	2	2100
2013	3	2152
2013	4	2131
2013	5	7197
2013	6	6826
2013	7	2962
2013	8	3267
2013	9	4824
2013	10	4408
2013	11	3590
2013	12	2397
2014	1	2531
2014	2	2921
2014	3	3469
2014	4	7313
2014	5	13896
2014	6	24100
2014	7	7198
2014	8	5073
2014	9	5136
2014	10	5512
2014	11	3976
2014	12	3810
2015	1	2571
2015	2	3326
2015	3	3764
2015	4	4011
2015	5	10010
2015	6	23473
2015	7	9476
2015	8	4016
2015	9	4432
