1946	10	1600
1946	11	1500
1946	12	1377
1947	1	821
1947	2	1223
1947	3	4968
1947	4	5931
1947	5	18316
1947	6	16986
1947	7	8284
1947	8	4002
1947	9	1840
1947	10	1900
1947	11	1685
1947	12	1494
1948	1	1371
1948	2	1439
1948	3	3164
1948	4	7183
1948	5	14486
1948	6	12772
1948	7	2995
1948	8	1393
1948	9	726
1948	10	961
1948	11	955
1948	12	880
1949	1	854
1949	2	1005
1949	3	2581
1949	4	6822
1949	5	15319
1949	6	18256
1949	7	6041
1949	8	1790
1949	9	1082
1949	10	1921
1949	11	1795
1949	12	1041
1950	1	1254
1950	2	1293
1950	3	3383
1950	4	8874
1950	5	13713
1950	6	20196
1950	7	9395
1950	8	3124
1950	9	1770
1950	10	1645
1950	11	1804
1950	12	1463
1951	1	1130
1951	2	1716
1951	3	2387
1951	4	5765
1951	5	12790
1951	6	17303
1951	7	8130
1951	8	4477
1951	9	2024
1951	10	2243
1951	11	1383
1951	12	1199
1952	1	1160
1952	2	1288
1952	3	1471
1952	4	12962
1952	5	23100
1952	6	20223
1952	7	5304
1952	8	2892
1952	9	1568
1952	10	1130
1952	11	971
1952	12	893
1953	1	1194
1953	2	1306
1953	3	2043
1953	4	3319
1953	5	6850
1953	6	15705
1953	7	4567
1953	8	2320
1953	9	992
1953	10	865
1953	11	1134
1953	12	914
1954	1	852
1954	2	1318
1954	3	1876
1954	4	4293
1954	5	9308
1954	6	5566
1954	7	5009
1954	8	1642
1954	9	1207
1954	10	1264
1954	11	1211
1954	12	533
1955	1	598
1955	2	721
1955	3	1824
1955	4	4553
1955	5	9114
1955	6	9079
1955	7	2879
1955	8	1818
1955	9	844
1955	10	831
1955	11	935
1955	12	1246
1956	1	1300
1956	2	875
1956	3	4421
1956	4	7633
1956	5	14915
1956	6	16679
1956	7	4085
1956	8	2298
1956	9	1024
1956	10	971
1956	11	1047
1956	12	770
1957	1	754
1957	2	1162
1957	3	2293
1957	4	4447
1957	5	13911
1957	6	26456
1957	7	14681
1957	8	3833
1957	9	2050
1957	10	1981
1957	11	1713
1957	12	1224
1958	1	1101
1958	2	1831
1958	3	2476
1958	4	5972
1958	5	17954
1958	6	13529
1958	7	2302
1958	8	1227
1958	9	903
1958	10	947
1958	11	1011
1958	12	1002
1959	1	768
1959	2	992
1959	3	1710
1959	4	3336
1959	5	7116
1959	6	11681
1959	7	4234
1959	8	2058
1959	9	1465
1959	10	1985
1959	11	1715
1959	12	909
1960	1	817
1960	2	900
1960	3	4426
1960	4	7941
1960	5	7968
1960	6	9299
1960	7	2098
1960	8	919
1960	9	643
1960	10	1027
1960	11	1299
1960	12	741
1961	1	743
1961	2	865
1961	3	1860
1961	4	2703
1961	5	5761
1961	6	7914
1961	7	1529
1961	8	991
1961	9	1572
1961	10	2395
1961	11	1727
1961	12	1147
1962	1	1029
1962	2	4683
1962	3	4440
1962	4	15353
1962	5	17045
1962	6	13783
1962	7	7337
1962	8	2346
1962	9	980
1962	10	1118
1962	11	589
1962	12	527
1963	1	745
1963	2	1132
1963	3	946
1963	4	2035
1963	5	5494
1963	6	3426
1963	7	503
1963	8	453
1963	9	502
1963	10	343
1963	11	635
1963	12	1039
1964	1	1201
1964	2	1315
1964	3	1028
1964	4	2462
1964	5	8776
1964	6	8161
1964	7	4168
1964	8	2390
1964	9	2330
1964	10	2753
1964	11	2661
1964	12	3477
1965	1	4216
1965	2	4447
1965	3	4408
1965	4	6914
1965	5	9735
1965	6	11684
1965	7	3871
1965	8	1680
1965	9	1837
1965	10	2479
1965	11	2716
1965	12	2589
1966	1	1823
1966	2	1880
1966	3	4022
1966	4	5437
1966	5	6798
1966	6	4310
1966	7	2138
1966	8	2192
1966	9	2260
1966	10	2537
1966	11	1936
1966	12	2224
1967	1	2656
1967	2	2165
1967	3	2339
1967	4	3673
1967	5	7534
1967	6	11365
1967	7	5175
1967	8	3563
1967	9	3423
1967	10	3609
1967	11	3437
1967	12	3585
1968	1	3541
1968	2	2660
1968	3	2188
1968	4	3820
1968	5	10041
1968	6	13157
1968	7	5594
1968	8	4170
1968	9	3400
1968	10	2920
1968	11	3058
1968	12	2970
1969	1	3618
1969	2	4743
1969	3	3870
1969	4	8197
1969	5	11724
1969	6	7168
1969	7	4397
1969	8	3778
1969	9	3407
1969	10	2946
1969	11	2894
1969	12	3744
1970	1	2426
1970	2	2142
1970	3	2293
1970	4	3980
1970	5	12972
1970	6	12476
1970	7	4929
1970	8	2837
1970	9	2456
1970	10	1935
1970	11	1878
1970	12	1968
1971	1	2511
1971	2	1792
1971	3	2586
1971	4	7129
1971	5	10567
1971	6	13160
1971	7	4630
1971	8	2761
1971	9	2548
1971	10	2289
1971	11	3275
1971	12	3602
1972	1	3121
1972	2	3703
1972	3	3600
1972	4	4919
1972	5	9680
1972	6	9990
1972	7	3553
1972	8	2910
1972	9	1779
1972	10	3654
1972	11	4233
1972	12	4076
1973	1	3927
1973	2	4286
1973	3	3021
1973	4	3694
1973	5	14009
1973	6	12014
1973	7	5659
1973	8	4015
1973	9	2948
1973	10	2815
1973	11	3225
1973	12	3025
1974	1	2712
1974	2	1401
1974	3	2622
1974	4	5836
1974	5	16893
1974	6	11805
1974	7	3144
1974	8	2736
1974	9	2536
1974	10	3453
1974	11	3154
1974	12	2842
1975	1	2942
1975	2	3436
1975	3	2636
1975	4	3196
1975	5	9172
1975	6	14176
1975	7	8868
1975	8	4007
1975	9	1981
1975	10	1872
1975	11	2642
1975	12	4000
1976	1	3461
1976	2	2824
1976	3	3117
1976	4	4676
1976	5	11422
1976	6	9442
1976	7	4186
1976	8	3031
1976	9	2813
1976	10	3065
1976	11	3155
1976	12	3440
1977	1	3268
1977	2	3046
1977	3	4305
1977	4	4273
1977	5	5289
1977	6	4282
1977	7	2570
1977	8	2298
1977	9	2000
1977	10	1441
1977	11	1434
1977	12	1425
1978	1	1624
1978	2	1674
1978	3	2694
1978	4	5270
1978	5	9523
1978	6	13536
1978	7	5990
1978	8	2444
1978	9	1982
1978	10	1614
1978	11	2111
1978	12	2446
1979	1	2713
1979	2	3388
1979	3	3339
1979	4	5578
1979	5	11202
1979	6	10528
1979	7	4441
1979	8	2233
1979	9	1628
1979	10	1779
1979	11	2228
1979	12	2499
1980	1	2730
1980	2	3683
1980	3	3176
1980	4	5437
1980	5	13393
1980	6	9772
1980	7	3227
1980	8	1944
1980	9	1933
1980	10	2114
1980	11	2018
1980	12	1616
1981	1	1449
1981	2	1956
1981	3	2065
1981	4	2947
1981	5	5439
1981	6	5306
1981	7	2336
1981	8	1818
1981	9	2440
1981	10	2282
1981	11	1868
1981	12	1760
1982	1	2001
1982	2	3737
1982	3	2749
1982	4	5392
1982	5	10909
1982	6	10497
1982	7	5541
1982	8	2772
1982	9	3095
1982	10	5020
1982	11	4372
1982	12	3628
1983	1	3384
1983	2	3087
1983	3	4332
1983	4	5412
1983	5	11893
1983	6	23310
1983	7	16106
1983	8	6459
1983	9	4158
1983	10	4165
1983	11	4028
1983	12	3912
1984	1	4173
1984	2	4629
1984	3	4861
1984	4	8483
1984	5	24105
1984	6	18286
1984	7	8489
1984	8	5089
1984	9	3059
1984	10	3885
1984	11	4117
1984	12	4387
1985	1	4843
1985	2	4538
1985	3	4964
1985	4	10442
1985	5	15438
1985	6	9101
1985	7	4002
1985	8	2443
1985	9	2031
1985	10	2448
1985	11	2478
1985	12	3339
1986	1	3440
1986	2	4838
1986	3	5765
1986	4	10314
1986	5	17041
1986	6	17320
1986	7	8705
1986	8	2346
1986	9	2265
1986	10	3831
1986	11	4833
1986	12	4413
1987	1	3646
1987	2	4045
1987	3	3244
1987	4	5353
1987	5	7302
1987	6	3334
1987	7	2086
1987	8	1814
1987	9	2063
1987	10	2281
1987	11	2943
1987	12	2642
1988	1	2725
1988	2	2485
1988	3	2600
1988	4	4717
1988	5	8271
1988	6	7496
1988	7	2388
1988	8	1438
1988	9	1095
1988	10	1316
1988	11	1375
1988	12	1285
1989	1	1285
1989	2	1174
1989	3	2599
1989	4	4231
1989	5	4943
1989	6	4293
1989	7	1253
1989	8	1603
1989	9	1098
1989	10	1846
1989	11	1608
1989	12	1420
1990	1	1375
1990	2	1265
1990	3	2026
1990	4	3613
1990	5	4220
1990	6	5771
1990	7	2020
1990	8	1089
1990	9	1189
1990	10	1624
1990	11	1514
1990	12	1616
1991	1	1508
1991	2	1585
1991	3	1966
1991	4	2896
1991	5	7288
1991	6	7233
1991	7	2394
1991	8	1874
1991	9	1768
1991	10	1806
1991	11	1863
1991	12	2114
1992	1	2620
1992	2	1956
1992	3	2619
1992	4	3484
1992	5	6814
1992	6	3129
1992	7	1758
1992	8	1492
1992	9	1571
1992	10	1189
1992	11	1433
1992	12	1325
1993	1	1359
1993	2	1652
1993	3	2560
1993	4	3765
1993	5	13236
1993	6	13261
1993	7	3720
1993	8	1692
1993	9	1688
1993	10	1920
1993	11	2773
1993	12	2958
1994	1	2545
1994	2	2401
1994	3	2827
1994	4	3737
1994	5	8897
1994	6	5154
1994	7	1595
1994	8	1623
1994	9	1562
1994	10	1790
1994	11	1319
1994	12	1688
1995	1	1675
1995	2	1933
1995	3	1992
1995	4	2847
1995	5	11070
1995	6	16183
1995	7	9025
1995	8	2051
1995	9	1787
1995	10	2040
1995	11	3278
1995	12	3656
1996	1	2766
1996	2	2996
1996	3	4058
1996	4	8108
1996	5	15160
1996	6	12414
1996	7	3186
1996	8	1988
1996	9	2059
1996	10	2133
1996	11	2843
1996	12	2509
1997	1	2543
1997	2	3485
1997	3	5556
1997	4	8187
1997	5	17467
1997	6	18136
1997	7	5233
1997	8	2674
1997	9	3598
1997	10	4311
1997	11	4504
1997	12	3965
1998	1	3228
1998	2	3276
1998	3	5563
1998	4	7935
1998	5	14245
1998	6	11513
1998	7	5292
1998	8	3470
1998	9	2609
1998	10	3020
1998	11	3295
1998	12	2946
1999	1	2970
1999	2	3727
1999	3	5043
1999	4	6749
1999	5	13270
1999	6	16847
1999	7	5204
1999	8	2542
1999	9	2332
1999	10	2532
1999	11	2788
1999	12	2671
2000	1	2692
2000	2	2582
2000	3	2927
2000	4	5534
2000	5	10648
2000	6	6853
2000	7	1740
2000	8	1331
2000	9	1455
2000	10	1442
2000	11	1444
2000	12	1447
2001	1	1400
2001	2	1448
2001	3	2411
2001	4	3920
2001	5	9613
2001	6	3979
2001	7	1217
2001	8	1077
2001	9	1044
2001	10	1115
2001	11	1259
2001	12	1263
2002	1	1253
2002	2	1218
2002	3	1502
2002	4	2952
2002	5	4261
2002	6	2505
2002	7	879
2002	8	840
2002	9	927
2002	10	1103
2002	11	1203
2002	12	1176
2003	1	1177
2003	2	1476
2003	3	2182
2003	4	3638
2003	5	9514
2003	6	8331
2003	7	1680
2003	8	1031
2003	9	1094
2003	10	1124
2003	11	1305
2003	12	1283
2004	1	1087
2004	2	1274
2004	3	2380
2004	4	3737
2004	5	6662
2004	6	4010
2004	7	1933
2004	8	1171
2004	9	1421
2004	10	1742
2004	11	1619
2004	12	1413
2005	1	1884
2005	2	1825
2005	3	2028
2005	4	4634
2005	5	11351
2005	6	11991
2005	7	3720
2005	8	1876
2005	9	1747
2005	10	2060
2005	11	2124
2005	12	1997
2006	1	1995
2006	2	2006
2006	3	2626
2006	4	7334
2006	5	12023
2006	6	6609
2006	7	1694
2006	8	1060
2006	9	1291
2006	10	2516
2006	11	1665
2006	12	1777
2007	1	1485
2007	2	1831
2007	3	3523
2007	4	4312
2007	5	8396
2007	6	3873
2007	7	1287
2007	8	1052
2007	9	1197
2007	10	1543
2007	11	1410
2007	12	1115
2008	1	1026
2008	2	1052
2008	3	1659
2008	4	3956
2008	5	12978
2008	6	15413
2008	7	4978
2008	8	2126
2008	9	2114
2008	10	1740
2008	11	1722
2008	12	1779
2009	1	1533
2009	2	1887
2009	3	2276
2009	4	5175
2009	5	14333
2009	6	10490
2009	7	4003
2009	8	2535
2009	9	2419
2009	10	2475
2009	11	2456
2009	12	2165
2010	1	2149
2010	2	2034
2010	3	1966
2010	4	3979
2010	5	8730
2010	6	12370
2010	7	3168
2010	8	2199
2010	9	2130
2010	10	1837
2010	11	1798
2010	12	1861
2011	1	1716
2011	2	1893
2011	3	2900
2011	4	8069
2011	5	18045
2011	6	26376
2011	7	14725
2011	8	4006
2011	9	3354
2011	10	3050
2011	11	2420
2011	12	2384
2012	1	3072
2012	2	3238
2012	3	4647
2012	4	5565
2012	5	6261
2012	6	2584
2012	7	1610
2012	8	1469
2012	9	1334
2012	10	1149
2012	11	1256
2012	12	1340
2013	1	1279
2013	2	1718
2013	3	1715
2013	4	2508
2013	5	7152
2013	6	6146
2013	7	1615
2013	8	1416
2013	9	1599
2013	10	1760
2013	11	1548
2013	12	1081
2014	1	1248
2014	2	1580
2014	3	2003
2014	4	5142
2014	5	9661
2014	6	13030
2014	7	3389
2014	8	3096
2014	9	2857
2014	10	2591
2014	11	2254
2014	12	2670
2015	1	2773
2015	2	3030
2015	3	3564
2015	4	4233
2015	5	10599
2015	6	8108
2015	7	3165
2015	8	2108
2015	9	2128
