1942	10	290
1942	11	366
1942	12	448
1943	1	428
1943	2	515
1943	3	477
1943	4	719
1943	5	1625
1943	6	1728
1943	7	461
1943	8	377
1943	9	136
1943	10	361
1943	11	397
1943	12	405
1944	1	376
1944	2	450
1944	3	706
1944	4	810
1944	5	2083
1944	6	4285
1944	7	1331
1944	8	122
1944	9	116
1944	10	384
1944	11	438
1944	12	459
1945	1	492
1945	2	485
1945	3	522
1945	4	398
1945	5	963
1945	6	1523
1945	7	496
1945	8	502
1945	9	194
1945	10	336
1945	11	433
1945	12	389
1946	1	379
1946	2	378
1946	3	476
1946	4	670
1946	5	1144
1946	6	782
1946	7	85
1946	8	98
1946	9	68
1946	10	267
1946	11	541
1946	12	494
1947	1	416
1947	2	643
1947	3	577
1947	4	392
1947	5	2332
1947	6	2661
1947	7	530
1947	8	399
1947	9	198
1947	10	281
1947	11	491
1947	12	503
1948	1	475
1948	2	450
1948	3	643
1948	4	527
1948	5	1140
1948	6	850
1948	7	50
1948	8	33
1948	9	22
1948	10	78
1948	11	234
1948	12	417
1949	1	389
1949	2	410
1949	3	714
1949	4	772
1949	5	2070
1949	6	3873
1949	7	809
1949	8	109
1949	9	132
1949	10	397
1949	11	491
1949	12	454
1950	1	500
1950	2	473
1950	3	648
1950	4	743
1950	5	1585
1950	6	3248
1950	7	734
1950	8	146
1950	9	225
1950	10	252
1950	11	450
1950	12	530
1951	1	425
1951	2	470
1951	3	371
1951	4	240
1951	5	1287
1951	6	2085
1951	7	509
1951	8	427
1951	9	161
1951	10	405
1951	11	544
1951	12	529
1952	1	450
1952	2	460
1952	3	507
1952	4	1865
1952	5	4938
1952	6	5081
1952	7	1136
1952	8	796
1952	9	503
1952	10	337
1952	11	434
1952	12	600
1953	1	640
1953	2	600
1953	3	558
1953	4	211
1953	5	245
1953	6	1801
1953	7	215
1953	8	190
1953	9	77
1953	10	145
1953	11	342
1953	12	421
1954	1	441
1954	2	445
1954	3	328
1954	4	224
1954	5	592
1954	6	85
1954	7	30
1954	8	19
1954	9	104
1954	10	272
1954	11	306
1954	12	289
1955	1	399
1955	2	380
1955	3	550
1955	4	376
1955	5	739
1955	6	566
1955	7	28
1955	8	133
1955	9	63
1955	10	99
1955	11	247
1955	12	475
1956	1	444
1956	2	390
1956	3	403
1956	4	281
1956	5	1197
1956	6	1519
1956	7	69
1956	8	39
1956	9	21
1956	10	70
1956	11	290
1956	12	302
1957	1	340
1957	2	367
1957	3	355
1957	4	195
1957	5	637
1957	6	3095
1957	7	563
1957	8	297
1957	9	254
1957	10	310
1957	11	683
1957	12	479
1958	1	468
1958	2	561
1958	3	573
1958	4	485
1958	5	2300
1958	6	1724
1958	7	71
1958	8	18
1958	9	46
1958	10	77
1958	11	243
1958	12	347
1959	1	365
1959	2	424
1959	3	269
1959	4	89
1959	5	68
1959	6	575
1959	7	101
1959	8	69
1959	9	64
1959	10	176
1959	11	225
1959	12	352
1960	1	367
1960	2	400
1960	3	443
1960	4	142
1960	5	296
1960	6	379
1960	7	20
1960	8	13
1960	9	18
1960	10	83
1960	11	201
1960	12	289
1961	1	336
1961	2	333
1961	3	163
1961	4	28
1961	5	47
1961	6	50
1961	7	9
1961	8	9
1961	9	226
1961	10	315
1961	11	450
1961	12	430
1962	1	347
1962	2	775
1962	3	791
1962	4	1183
1962	5	1435
1962	6	2458
1962	7	432
1962	8	61
1962	9	75
1962	10	242
1962	11	250
1962	12	370
1963	1	296
1963	2	514
1963	3	161
1963	4	77
1963	5	505
1963	6	840
1963	7	50
1963	8	76
1963	9	241
1963	10	121
1963	11	261
1963	12	351
1964	1	298
1964	2	316
1964	3	375
1964	4	236
1964	5	1165
1964	6	2051
1964	7	467
1964	8	94
1964	9	63
1964	10	81
1964	11	298
1964	12	446
1965	1	433
1965	2	386
1965	3	429
1965	4	539
1965	5	1157
1965	6	5082
1965	7	2840
1965	8	925
1965	9	975
1965	10	771
1965	11	787
1965	12	679
1966	1	639
1966	2	680
1966	3	763
1966	4	592
1966	5	945
1966	6	276
1966	7	51
1966	8	46
1966	9	101
1966	10	180
1966	11	317
1966	12	497
1967	1	537
1967	2	546
1967	3	657
1967	4	314
1967	5	905
1967	6	4256
1967	7	1240
1967	8	178
1967	9	168
1967	10	195
1967	11	304
1967	12	526
1968	1	558
1968	2	581
1968	3	652
1968	4	528
1968	5	731
1968	6	4198
1968	7	388
1968	8	422
1968	9	210
1968	10	322
1968	11	459
1968	12	620
1969	1	682
1969	2	665
1969	3	845
1969	4	1155
1969	5	2980
1969	6	2341
1969	7	279
1969	8	147
1969	9	168
1969	10	318
1969	11	377
1969	12	322
1970	1	233
1970	2	297
1970	3	162
1970	4	45
1970	5	283
1970	6	980
1970	7	142
1970	8	46
1970	9	79
1970	10	144
1970	11	177
1970	12	115
1971	1	369
1971	2	551
1971	3	331
1971	4	197
1971	5	450
1971	6	2358
1971	7	316
1971	8	59
1971	9	143
1971	10	328
1971	11	476
1971	12	424
1972	1	398
1972	2	608
1972	3	609
1972	4	218
1972	5	594
1972	6	1949
1972	7	93
1972	8	51
1972	9	76
1972	10	366
1972	11	519
1972	12	597
1973	1	516
1973	2	516
1973	3	946
1973	4	823
1973	5	2057
1973	6	2319
1973	7	503
1973	8	211
1973	9	282
1973	10	325
1973	11	428
1973	12	449
1974	1	458
1974	2	499
1974	3	659
1974	4	327
1974	5	986
1974	6	926
1974	7	212
1974	8	220
1974	9	76
1974	10	99
1974	11	119
1974	12	131
1975	1	180
1975	2	179
1975	3	117
1975	4	73
1975	5	270
1975	6	2694
1975	7	2655
1975	8	242
1975	9	154
1975	10	178
1975	11	283
1975	12	342
1976	1	330
1976	2	463
1976	3	613
1976	4	258
1976	5	509
1976	6	487
1976	7	48
1976	8	69
1976	9	96
1976	10	115
1976	11	125
1976	12	126
1977	1	150
1977	2	187
1977	3	170
1977	4	37
1977	5	49
1977	6	65
1977	7	45
1977	8	37
1977	9	47
1977	10	61
1977	11	78
1977	12	98
1978	1	171
1978	2	250
1978	3	348
1978	4	419
1978	5	292
1978	6	1845
1978	7	131
1978	8	48
1978	9	63
1978	10	85
1978	11	270
1978	12	254
1979	1	250
1979	2	299
1979	3	787
1979	4	961
1979	5	1005
1979	6	600
1979	7	348
1979	8	522
1979	9	479
1979	10	194
1979	11	176
1979	12	144
1980	1	162
1980	2	265
1980	3	226
1980	4	199
1980	5	527
1980	6	2777
1980	7	381
1980	8	84
1980	9	246
1980	10	296
1980	11	368
1980	12	526
1981	1	338
1981	2	265
1981	3	170
1981	4	101
1981	5	205
1981	6	913
1981	7	76
1981	8	66
1981	9	83
1981	10	227
1981	11	174
1981	12	311
1982	1	445
1982	2	630
1982	3	564
1982	4	551
1982	5	1073
1982	6	2462
1982	7	762
1982	8	187
1982	9	545
1982	10	1404
1982	11	1025
1982	12	984
1983	1	973
1983	2	913
1983	3	1202
1983	4	836
1983	5	1391
1983	6	7988
1983	7	2492
1983	8	877
1983	9	787
1983	10	1529
1983	11	1443
1983	12	1352
1984	1	1245
1984	2	963
1984	3	1016
1984	4	703
1984	5	2300
1984	6	2343
1984	7	1040
1984	8	843
1984	9	745
1984	10	1123
1984	11	1013
1984	12	706
1985	1	593
1985	2	470
1985	3	714
1985	4	466
1985	5	1184
1985	6	1050
1985	7	347
1985	8	190
1985	9	344
1985	10	279
1985	11	478
1985	12	522
1986	1	483
1986	2	774
1986	3	794
1986	4	637
1986	5	1757
1986	6	5501
1986	7	817
1986	8	222
1986	9	485
1986	10	706
1986	11	798
1986	12	678
1987	1	552
1987	2	505
1987	3	620
1987	4	325
1987	5	1877
1987	6	1477
1987	7	317
1987	8	455
1987	9	253
1987	10	260
1987	11	278
1987	12	348
1988	1	318
1988	2	407
1988	3	571
1988	4	269
1988	5	194
1988	6	138
1988	7	120
1988	8	113
1988	9	89
1988	10	95
1988	11	128
1988	12	109
1989	1	118
1989	2	138
1989	3	264
1989	4	192
1989	5	81
1989	6	103
1989	7	53
1989	8	67
1989	9	80
1989	10	52
1989	11	42
1989	12	39
1990	1	43
1990	2	52
1990	3	88
1990	4	41
1990	5	49
1990	6	300
1990	7	80
1990	8	43
1990	9	84
1990	10	98
1990	11	85
1990	12	103
1991	1	105
1991	2	143
1991	3	104
1991	4	51
1991	5	51
1991	6	348
1991	7	90
1991	8	108
1991	9	143
1991	10	112
1991	11	115
1991	12	113
1992	1	164
1992	2	190
1992	3	168
1992	4	53
1992	5	91
1992	6	77
1992	7	98
1992	8	62
1992	9	75
1992	10	70
1992	11	76
1992	12	101
1993	1	98
1993	2	112
1993	3	201
1993	4	133
1993	5	682
1993	6	600
1993	7	89
1993	8	95
1993	9	88
1993	10	202
1993	11	282
1993	12	302
1994	1	204
1994	2	227
1994	3	174
1994	4	77
1994	5	71
1994	6	60
1994	7	46
1994	8	32
1994	9	49
1994	10	150
1994	11	90
1994	12	160
1995	1	251
1995	2	142
1995	3	86
1995	4	55
1995	5	318
1995	6	3098
1995	7	3177
1995	8	229
1995	9	202
1995	10	208
1995	11	356
1995	12	421
1996	1	389
1996	2	399
1996	3	456
1996	4	339
1996	5	371
1996	6	485
1996	7	119
1996	8	74
1996	9	88
1996	10	101
1996	11	236
1996	12	297
1997	1	276
1997	2	353
1997	3	868
1997	4	656
1997	5	1585
1997	6	2408
1997	7	160
1997	8	395
1997	9	1264
1997	10	1367
1997	11	829
1997	12	788
1998	1	784
1998	2	809
1998	3	792
1998	4	426
1998	5	665
1998	6	3524
1998	7	1548
1998	8	599
1998	9	804
1998	10	833
1998	11	1037
1998	12	787
1999	1	636
1999	2	792
1999	3	682
1999	4	329
1999	5	679
1999	6	3736
1999	7	476
1999	8	432
1999	9	969
1999	10	453
1999	11	432
1999	12	437
2000	1	345
2000	2	322
2000	3	362
2000	4	221
2000	5	147
2000	6	90
2000	7	61
2000	8	45
2000	9	69
2000	10	74
2000	11	104
2000	12	215
2001	1	197
2001	2	219
2001	3	204
2001	4	121
2001	5	940
2001	6	288
2001	7	59
2001	8	43
2001	9	39
2001	10	31
2001	11	75
2001	12	97
2002	1	94
2002	2	129
2002	3	136
2002	4	30
2002	5	27
2002	6	22
2002	7	6
2002	8	5
2002	9	53
2002	10	49
2002	11	86
2002	12	73
2003	1	76
2003	2	86
2003	3	66
2003	4	23
2003	5	60
2003	6	45
2003	7	13
2003	8	13
2003	9	22
2003	10	30
2003	11	69
2003	12	49
2004	1	39
2004	2	53
2004	3	67
2004	4	28
2004	5	28
2004	6	64
2004	7	46
2004	8	52
2004	9	49
2004	10	113
2004	11	192
2004	12	207
2005	1	319
2005	2	391
2005	3	545
2005	4	442
2005	5	2557
2005	6	3873
2005	7	477
2005	8	203
2005	9	259
2005	10	409
2005	11	433
2005	12	384
2006	1	376
2006	2	415
2006	3	456
2006	4	394
2006	5	688
2006	6	709
2006	7	60
2006	8	80
2006	9	123
2006	10	274
2006	11	297
2006	12	288
2007	1	231
2007	2	195
2007	3	180
2007	4	129
2007	5	93
2007	6	50
2007	7	43
2007	8	50
2007	9	52
2007	10	40
2007	11	49
2007	12	64
2008	1	72
2008	2	83
2008	3	275
2008	4	267
2008	5	133
2008	6	239
2008	7	59
2008	8	195
2008	9	289
2008	10	71
2008	11	75
2008	12	65
2009	1	64
2009	2	93
2009	3	138
2009	4	132
2009	5	453
2009	6	727
2009	7	149
2009	8	124
2009	9	104
2009	10	154
2009	11	247
2009	12	216
2010	1	217
2010	2	270
2010	3	295
2010	4	170
2010	5	69
2010	6	606
2010	7	71
2010	8	77
2010	9	74
2010	10	102
2010	11	160
2010	12	127
2011	1	218
2011	2	438
2011	3	966
2011	4	1161
2011	5	1673
2011	6	4841
2011	7	4727
2011	8	977
2011	9	934
2011	10	690
2011	11	1012
2011	12	790
2012	1	490
2012	2	320
2012	3	356
2012	4	157
2012	5	64
2012	6	54
2012	7	42
2012	8	34
2012	9	48
2012	10	54
2012	11	62
2012	12	60
2013	1	51
2013	2	58
2013	3	96
2013	4	109
2013	5	59
2013	6	58
2013	7	60
2013	8	51
2013	9	97
2013	10	75
2013	11	73
2013	12	98
2014	1	83
2014	2	87
2014	3	122
2014	4	68
2014	5	57
2014	6	61
2014	7	59
2014	8	107
2014	9	184
2014	10	149
2014	11	198
2014	12	251
2015	1	235
2015	2	182
2015	3	124
2015	4	37
2015	5	150
2015	6	600
2015	7	115
2015	8	75
2015	9	98
