1940	1	3
1940	2	2
1940	3	3
1940	4	2
1940	5	0
1940	6	0
1940	7	5
1940	8	34
1940	9	50
1940	10	12
1940	11	36
1940	12	47
1941	1	116
1941	2	60
1941	3	229
1941	4	75
1941	5	13
1941	6	1
1941	7	33
1941	8	23
1941	9	13
1941	10	4
1941	11	6
1941	12	21
1942	1	24
1942	2	5
1942	3	6
1942	4	11
1942	5	2
1942	6	0
1942	7	33
1942	8	9
1942	9	0
1942	10	0
1942	11	0
1942	12	0
1943	1	2
1943	2	2
1943	3	4
1943	4	2
1943	5	0
1943	6	0
1943	7	0
1943	8	44
1943	9	82
1943	10	1
1943	11	0
1943	12	5
1944	1	1
1944	2	19
1944	3	7
1944	4	3
1944	5	6
1944	6	0
1944	7	1
1944	8	6
1944	9	9
1944	10	0
1944	11	1
1944	12	7
1945	1	2
1945	2	2
1945	3	3
1945	4	2
1945	5	0
1945	6	0
1945	7	11
1945	8	80
1945	9	1
1945	10	9
1945	11	0
1945	12	0
1946	1	19
1946	2	2
1946	3	3
1946	4	4
1946	5	1
1946	6	1
1946	7	42
1946	8	27
1946	9	570
1947	12	0
1948	1	0
1948	2	1
1948	3	2
1948	4	2
1948	5	1
1948	6	0
1948	7	1
1948	8	30
1948	9	2
1948	10	0
1948	11	0
1948	12	0
1949	1	1
1949	2	1
1949	3	2
1949	4	2
1949	5	0
1949	6	5
1949	7	10
1949	8	29
1949	9	118
1949	10	0
1949	11	0
1949	12	0
1950	1	1
1950	2	3
1950	3	2
1950	4	2
1950	5	0
1950	6	0
1950	7	16
1950	8	44
1950	9	2
1950	10	0
1950	11	0
1950	12	0
1951	1	6
1951	2	8
1951	3	3
1951	4	4
1951	5	5
1951	6	5
1951	7	27
1951	8	501
1951	9	10
1951	10	2
1951	11	0
1951	12	0
1952	1	2
1952	2	2
1952	3	10
1952	4	19
1952	5	9
1952	6	6
1952	7	35
1952	8	62
1952	9	16
1952	10	0
1952	11	60
1952	12	2
1953	1	4
1953	2	8
1953	3	18
1953	4	20
1953	5	11
1953	6	9
1953	7	41
1953	8	14
1953	9	8
1953	10	0
1953	11	0
1953	12	0
1954	1	1
1954	2	2
1954	3	4
1954	4	5
1954	5	1
1954	6	1
1954	7	43
1954	8	80
1954	9	7
1954	10	0
1954	11	0
1954	12	0
1955	1	2
1955	2	0
1955	3	1
1955	4	1
1955	5	0
1955	6	1
1955	7	123
1955	8	596
1955	9	3
1955	10	0
1955	11	0
1955	12	0
1956	1	2
1956	2	0
1956	3	1
1956	4	1
1956	5	1
1956	6	0
1956	7	3
1956	8	0
1956	9	0
1956	10	0
1956	11	0
1956	12	0
1957	1	0
1957	2	0
1957	3	1
1957	4	1
1957	5	0
1957	6	0
1957	7	4
1957	8	16
1957	9	0
1957	10	24
1957	11	199
1957	12	0
1958	1	0
1958	2	70
1958	3	30
1958	4	3
1958	5	0
1958	6	8
1958	7	0
1958	8	42
1958	9	12
1958	10	0
1958	11	0
1958	12	0
1959	1	0
1959	2	0
1959	3	0
1959	4	0
1959	5	0
1959	6	0
1959	7	11
1959	8	204
1959	9	0
1959	10	10
1959	11	6
1959	12	47
1960	1	39
1960	2	0
1960	3	1
1960	4	1
1960	5	0
1960	6	0
1960	7	0
1960	8	2
1960	9	4
1960	10	4
1960	11	0
1960	12	0
1961	1	0
1961	2	0
1961	3	0
1961	4	0
1961	5	0
1961	6	0
1961	7	0
1961	8	29
1961	9	2
1961	10	0
1961	11	0
1961	12	0
1962	1	2
1962	2	0
1962	3	0
1962	4	0
1962	5	0
1962	6	0
1962	7	1
1962	8	2
1962	9	286
1962	10	10
1962	11	0
1962	12	0
1963	1	0
1963	2	0
1963	3	0
1963	4	0
1963	5	0
1963	6	0
1963	7	0
1963	8	77
1963	9	3
1963	10	17
1963	11	6
1963	12	0
1964	1	0
1964	2	0
1964	3	0
1964	4	0
1964	5	0
1964	6	0
1964	7	14
1964	8	296
1964	9	80
1964	10	0
1964	11	0
1964	12	1
1965	1	0
1965	2	3
1965	3	1
1965	4	1
1965	5	0
1965	6	4
1965	7	0
1965	8	1
1965	9	2
1965	10	0
1965	11	0
1965	12	332
1966	1	0
1966	2	170
1966	3	0
1966	4	0
1966	5	0
1966	6	0
1966	7	0
1966	8	39
1966	9	107
1966	10	3
1966	11	0
1966	12	0
1967	1	0
1967	2	0
1967	3	0
1967	4	0
1967	5	0
1967	6	10
1967	7	0
1967	8	4
1967	9	13
1967	10	3
1967	11	0
1967	12	434
1968	1	0
1968	2	13
1968	3	29
1968	4	0
1968	5	0
1968	6	0
1968	7	0
1968	8	6
1968	9	0
1968	10	0
1968	11	6
1968	12	1
1969	1	1
1969	2	0
1969	3	0
1969	4	0
1969	5	0
1969	6	0
1969	7	0
1969	8	0
1969	9	0
1969	10	0
1969	11	0
1969	12	0
1970	1	0
1970	2	0
1970	3	2
1970	4	0
1970	5	0
1970	6	0
1970	7	5
1970	8	13
1970	9	62
1970	10	0
1970	11	0
1970	12	0
1971	1	0
1971	2	0
1971	3	0
1971	4	0
1971	5	0
1971	6	0
1971	7	0
1971	8	412
1971	9	53
1971	10	3
1971	11	1
1971	12	0
1972	1	0
1972	2	0
1972	3	0
1972	4	0
1972	5	0
1972	6	0
1972	7	0
1972	8	4
1972	9	0
1972	10	118
1972	11	6
1972	12	3
1973	1	0
1973	2	24
1973	3	42
1973	4	0
1973	5	0
1973	6	0
1973	7	0
1973	8	0
1973	9	0
1973	10	0
1973	11	0
1973	12	0
1974	1	0
1974	2	0
1974	3	0
1974	4	0
1974	5	0
1974	6	0
1974	7	4
1974	8	0
1974	9	0
1974	10	1
1974	11	0
1974	12	0
1975	1	0
1975	2	2
1975	3	0
1975	4	0
1975	5	0
1975	6	0
1975	7	4
1975	8	0
1975	9	1
1975	10	0
1975	11	0
1975	12	0
1976	1	0
1976	2	0
1976	3	0
1976	4	0
1976	5	0
1976	6	0
1976	7	3
1976	8	8
1976	9	22
1976	10	2
1976	11	0
1976	12	0
1977	1	0
1977	2	0
1977	3	0
1977	4	0
1977	5	0
1977	6	0
1977	7	0
1977	8	2
1977	9	0
1977	10	122
1977	11	0
1977	12	0
1978	1	64
1978	2	74
1978	3	94
1978	4	0
1978	5	0
1978	6	0
1978	7	4
1978	8	1
1978	9	0
1978	10	2
1978	11	25
1978	12	248
1979	1	454
1979	2	27
1979	3	5
1979	4	0
1979	5	6
1979	6	2
1979	7	0
1979	8	1
1979	9	0
1979	10	0
1979	11	0
1979	12	0
1980	1	4
1980	2	10
1980	3	1
1980	4	0
1980	5	0
1980	6	0
1980	7	0
1980	8	0
1980	9	0
1980	10	0
1980	11	0
1980	12	0
1981	1	1
1981	2	1
1981	3	1
1981	4	0
1981	5	0
1981	6	0
1981	7	13
1981	8	13
1981	9	8
1981	10	4
1981	11	0
1981	12	0
1982	1	2
1982	2	2
1982	3	2
1982	4	0
1982	5	2
1982	6	0
1982	7	0
1982	8	31
1982	9	53
1982	10	1
1982	11	1
1982	12	44
1983	1	2
1983	2	186
1983	3	159
1983	4	0
1983	5	0
1983	6	0
1983	7	0
1983	8	20
1983	9	51
1983	10	1811
1983	11	0
1983	12	3
1984	1	0
1984	2	0
1984	3	0
1984	4	1
1984	5	0
1984	6	0
1984	7	41
1984	8	128
1984	9	17
1984	10	1
1984	11	2
1984	12	97
1985	1	96
1985	2	26
1985	3	0
1985	4	1
1985	5	0
1985	6	0
1985	7	0
1985	8	0
1985	9	8
1985	10	0
1985	11	1
1985	12	5
1986	1	0
1986	2	3
1986	3	2
1986	4	0
1986	5	0
1986	6	0
1986	7	9
1986	8	2
1986	9	4
1986	10	0
1986	11	0
1986	12	1
1987	1	0
1987	2	7
1987	3	0
1987	4	0
1987	5	0
1987	6	0
1987	7	0
1987	8	2
1987	9	1
1987	10	1
1987	11	2
1987	12	7
1988	1	2
1988	2	1
1988	3	2
1988	4	6
1988	5	0
1988	6	0
1988	7	5
1988	8	30
1988	9	2
1988	10	19
1988	11	0
1988	12	0
1989	1	6
1989	2	0
1989	3	4
1989	4	2
1989	5	0
1989	6	0
1989	7	1
1989	8	0
1989	9	1
1989	10	0
1989	11	0
1989	12	0
1990	1	0
1990	2	0
1990	3	0
1990	4	0
1990	5	0
1990	6	0
1990	7	192
1990	8	118
1990	9	9
1990	10	0
1990	11	0
1990	12	0
1991	1	1
1991	2	0
1991	3	14
1991	4	0
1991	5	0
1991	6	0
1991	7	0
1991	8	0
1991	9	0
1991	10	0
1991	11	0
1991	12	1
1992	1	1
1992	2	5
1992	3	10
1992	4	4
1992	5	4
1992	6	1
1992	7	16
1992	8	9
1992	9	2
1992	10	0
1992	11	0
1992	12	5
1993	1	1181
1993	2	9
1993	3	2
1993	4	2
1993	5	0
1993	6	0
1993	7	0
1993	8	2
1993	9	3
1993	10	7
1993	11	28
1993	12	0
1994	1	3
1994	2	2
1994	3	1
1994	4	1
1994	5	5
1994	6	0
1994	7	0
1994	8	0
1994	9	13
1994	10	0
1994	11	0
1994	12	17
1995	1	47
1995	2	45
1995	3	3
1995	4	12
1995	5	11
1995	6	1
1995	7	1
1995	8	4
1995	9	0
1995	10	1
1995	11	0
1995	12	1
1996	1	1
1996	2	2
1996	3	3
1996	4	2
1996	5	4
1996	6	3
1996	7	3
1996	8	0
1996	9	7
1996	10	0
1996	11	0
1996	12	0
1997	1	0
1997	2	0
1997	3	0
1997	4	1
1997	5	0
1997	6	0
1997	7	0
1997	8	23
1997	9	8
1997	10	0
1997	11	0
1997	12	0
1998	1	0
1998	2	29
1998	3	4
1998	4	0
1998	5	0
1998	6	0
1998	7	0
1998	8	8
1998	9	0
1998	10	0
1998	11	0
1998	12	0
1999	1	0
1999	2	0
1999	3	0
1999	4	2
1999	5	0
1999	6	0
1999	7	34
1999	8	0
1999	9	7
1999	10	0
1999	11	0
1999	12	0
2000	1	0
2000	2	0
2000	3	9
2000	4	0
2000	5	0
2000	6	1
2000	7	1
2000	8	1
2000	9	0
2000	10	71
2000	11	35
2000	12	0
2001	1	8
2001	2	0
2001	3	3
2001	4	3
2001	5	0
2001	6	0
2001	7	0
2001	8	0
2001	9	0
2001	10	0
2001	11	0
2001	12	0
2002	1	0
2002	2	0
2002	3	0
2002	4	0
2002	5	0
2002	6	0
2002	7	0
2002	8	0
2002	9	6
2002	10	0
2002	11	0
2002	12	0
2003	1	0
2003	2	5
2003	3	1
2003	4	0
2003	5	0
2003	6	0
2003	7	2
2003	8	11
2003	9	0
2003	10	0
2003	11	0
2003	12	0
2004	1	0
2004	2	2
2004	3	0
2004	4	1
2004	5	0
2004	6	0
2004	7	3
2004	8	0
2004	9	13
2004	10	0
2004	11	0
2004	12	1
2005	1	14
2005	2	43
2005	3	1
2005	4	0
2005	5	0
2005	6	0
2005	7	0
2005	8	8
2005	9	0
2005	10	0
2005	11	0
2005	12	0
2006	1	0
2006	2	0
2006	3	11
2006	4	0
2006	5	0
2006	6	0
2006	7	0
2006	8	19
2006	9	1
2006	10	0
2006	11	0
2006	12	0
2007	1	0
2007	2	0
2007	3	1
2007	4	0
2007	5	0
2007	6	0
2007	7	4
2007	8	22
2007	9	0
2007	10	0
2007	11	0
2007	12	2
2008	1	0
2008	2	0
2008	3	0
2008	4	0
2008	5	7
2008	6	0
2008	7	1
2008	8	3
2008	9	0
2008	10	0
2008	11	0
2008	12	0
2009	1	0
2009	2	1
2009	3	0
2009	4	0
2009	5	0
2009	6	0
2009	7	2
2009	8	0
2009	9	0
2009	10	0
2009	11	0
2009	12	0
2010	1	80
2010	2	2
2010	3	7
2010	4	0
2010	5	0
2010	6	0
2010	7	0
2010	8	13
2010	9	0
2010	10	4
2010	11	0
2010	12	0
2011	1	0
2011	2	0
2011	3	0
2011	4	0
2011	5	0
2011	6	0
2011	7	0
2011	8	0
2011	9	2
2011	10	0
2011	11	0
2011	12	1
2012	1	0
2012	2	0
2012	3	0
2012	4	0
2012	5	0
2012	6	0
2012	7	8
2012	8	13
2012	9	7
2012	10	0
2012	11	0
2012	12	0
2013	1	5
2013	2	0
2013	3	0
2013	4	0
2013	5	0
2013	6	0
2013	7	3
2013	8	0
2013	9	14
2013	10	0
2013	11	20
2013	12	0
2014	1	0
2014	2	0
2014	3	0
2014	4	0
2014	5	0
2014	6	0
2014	7	5
2014	8	13
2014	9	82
2014	10	0
2014	11	0
2014	12	1
2015	1	0
2015	2	0
2015	3	0
2015	4	0
2015	5	3
2015	6	0
2015	7	0
2015	8	9
2015	9	0
