1941	1	543
1941	2	798
1941	3	1609
1941	4	1039
1941	5	488
1941	6	51
1941	7	40
1941	8	60
1941	9	30
1941	10	35
1941	11	51
1941	12	131
1942	1	254
1942	2	63
1942	3	134
1942	4	99
1942	5	45
1942	6	12
1942	7	11
1942	8	28
1942	9	27
1942	10	16
1942	11	22
1942	12	54
1943	1	260
1943	2	150
1943	3	468
1943	4	52
1943	5	19
1943	6	5
1943	7	1
1943	8	34
1943	9	15
1943	10	13
1943	11	14
1943	12	19
1944	1	26
1944	2	315
1944	3	588
1944	4	219
1944	5	71
1944	6	15
1944	7	11
1944	8	4
1944	9	14
1944	10	10
1944	11	21
1944	12	26
1945	1	58
1945	2	109
1945	3	625
1945	4	206
1945	5	56
1945	6	11
1945	7	16
1945	8	62
1945	9	4
1945	10	8
1945	11	11
1945	12	39
1946	1	29
1946	2	20
1946	3	25
1946	4	19
1946	5	7
1946	6	0
1946	7	4
1946	8	72
1946	9	385
1946	10	25
1946	11	126
1946	12	247
1947	1	97
1947	2	57
1947	3	45
1947	4	21
1947	5	12
1947	6	1
1947	7	2
1947	8	117
1947	9	8
1947	10	14
1947	11	18
1947	12	85
1948	1	27
1948	2	37
1948	3	111
1948	4	91
1948	5	17
1948	6	1
1948	7	9
1948	8	35
1948	9	1
1948	10	4
1948	11	11
1948	12	139
1949	1	699
1949	2	470
1949	3	314
1949	4	143
1949	5	37
1949	6	13
1949	7	23
1949	8	27
1949	9	16
1949	10	32
1949	11	18
1949	12	36
1950	1	33
1950	2	167
1950	3	80
1950	4	32
1950	5	9
1950	6	2
1950	7	35
1950	8	8
1950	9	4
1950	10	2
1950	11	6
1950	12	10
1951	1	20
1951	2	25
1951	3	37
1951	4	23
1951	5	37
1951	6	3
1951	7	1
1951	8	1091
1951	9	61
1951	10	17
1951	11	25
1951	12	540
1952	1	1276
1952	2	84
1952	3	872
1952	4	567
1952	5	140
1952	6	27
1952	7	45
1952	8	60
1952	9	16
1952	10	13
1952	11	77
1952	12	117
1953	1	90
1953	2	36
1953	3	342
1953	4	40
1953	5	21
1953	6	8
1953	7	47
1953	8	30
1953	9	2
1953	10	1
1953	11	9
1953	12	12
1954	1	18
1954	2	14
1954	3	406
1954	4	69
1954	5	13
1954	6	2
1954	7	43
1954	8	26
1954	9	31
1954	10	7
1954	11	5
1954	12	10
1955	1	20
1955	2	16
1955	3	23
1955	4	13
1955	5	5
1955	6	94
1955	7	206
1955	8	583
1955	9	19
1955	10	7
1955	11	13
1955	12	55
1956	1	25
1956	2	77
1956	3	40
1956	4	24
1956	5	9
1956	6	0
1956	7	13
1956	8	14
1956	9	0
1956	10	6
1956	11	7
1956	12	9
1957	1	979
1957	2	453
1957	3	120
1957	4	37
1957	5	27
1957	6	11
1957	7	11
1957	8	69
1957	9	4
1957	10	47
1957	11	97
1957	12	26
1958	1	17
1958	2	176
1958	3	791
1958	4	294
1958	5	34
1958	6	9
1958	7	4
1958	8	35
1958	9	138
1958	10	61
1958	11	18
1958	12	18
1959	1	18
1959	2	39
1959	3	29
1959	4	18
1959	5	6
1959	6	0
1959	7	25
1959	8	246
1959	9	3
1959	10	373
1959	11	202
1959	12	1018
1960	1	954
1960	2	212
1960	3	551
1960	4	76
1960	5	30
1960	6	11
1960	7	6
1960	8	16
1960	9	12
1960	10	24
1960	11	20
1960	12	15
1961	1	17
1961	2	12
1961	3	37
1961	4	36
1961	5	5
1961	6	2
1961	7	1
1961	8	35
1961	9	86
1961	10	2
1961	11	9
1961	12	57
1962	1	125
1962	2	262
1962	3	453
1962	4	140
1962	5	22
1962	6	7
1962	7	10
1962	8	9
1962	9	12
1962	10	15
1962	11	16
1962	12	17
1963	1	22
1963	2	91
1963	3	30
1963	4	19
1963	5	7
1963	6	0
1963	7	0
1963	8	654
1963	9	79
1963	10	18
1963	11	25
1963	12	17
1964	1	20
1964	2	14
1964	3	48
1964	4	94
1964	5	16
1964	6	4
1964	7	44
1964	8	81
1964	9	50
1964	10	8
1964	11	11
1964	12	26
1965	1	594
1965	2	282
1965	3	533
1965	4	668
1965	5	72
1965	6	13
1965	7	15
1965	8	18
1965	9	20
1965	10	5
1965	11	135
1965	12	2326
1966	1	300
1966	2	115
1966	3	162
1966	4	67
1966	5	23
1966	6	8
1966	7	8
1966	8	27
1966	9	33
1966	10	31
1966	11	29
1966	12	253
1967	1	31
1967	2	28
1967	3	25
1967	4	26
1967	5	11
1967	6	5
1967	7	40
1967	8	61
1967	9	20
1967	10	5
1967	11	10
1967	12	728
1968	1	902
1968	2	695
1968	3	441
1968	4	152
1968	5	49
1968	6	16
1968	7	36
1968	8	81
1968	9	9
1968	10	16
1968	11	18
1968	12	27
1969	1	612
1969	2	246
1969	3	322
1969	4	95
1969	5	49
1969	6	12
1969	7	23
1969	8	25
1969	9	21
1969	10	12
1969	11	30
1969	12	19
1970	1	23
1970	2	17
1970	3	116
1970	4	37
1970	5	15
1970	6	3
1970	7	29
1970	8	31
1970	9	625
1970	10	22
1970	11	18
1970	12	25
1971	1	27
1971	2	27
1971	3	26
1971	4	13
1971	5	8
1971	6	2
1971	7	3
1971	8	132
1971	9	29
1971	10	256
1971	11	49
1971	12	141
1972	1	54
1972	2	20
1972	3	11
1972	4	8
1972	5	3
1972	6	17
1972	7	5
1972	8	7
1972	9	11
1972	10	1052
1972	11	437
1972	12	685
1973	1	210
1973	2	1041
1973	3	1689
1973	4	709
1973	5	284
1973	6	44
1973	7	33
1973	8	32
1973	9	11
1973	10	14
1973	11	25
1973	12	23
1974	1	166
1974	2	38
1974	3	74
1974	4	37
1974	5	13
1974	6	0
1974	7	19
1974	8	40
1974	9	7
1974	10	67
1974	11	80
1974	12	20
1975	1	19
1975	2	59
1975	3	257
1975	4	393
1975	5	44
1975	6	11
1975	7	28
1975	8	6
1975	9	13
1975	10	7
1975	11	15
1975	12	42
1976	1	19
1976	2	919
1976	3	96
1976	4	182
1976	5	49
1976	6	11
1976	7	20
1976	8	8
1976	9	50
1976	10	22
1976	11	16
1976	12	16
1977	1	44
1977	2	24
1977	3	19
1977	4	57
1977	5	13
1977	6	2
1977	7	2
1977	8	29
1977	9	15
1977	10	14
1977	11	10
1977	12	10
1978	1	353
1978	2	1020
1978	3	4159
1978	4	182
1978	5	41
1978	6	13
1978	7	20
1978	8	17
1978	9	15
1978	10	15
1978	11	424
1978	12	1488
1979	1	1518
1979	2	947
1979	3	1646
1979	4	529
1979	5	101
1979	6	44
1979	7	20
1979	8	29
1979	9	15
1979	10	19
1979	11	26
1979	12	26
1980	1	1441
1980	2	4191
1980	3	937
1980	4	309
1980	5	131
1980	6	39
1980	7	44
1980	8	113
1980	9	29
1980	10	18
1980	11	26
1980	12	27
1981	1	25
1981	2	26
1981	3	96
1981	4	72
1981	5	21
1981	6	8
1981	7	24
1981	8	58
1981	9	11
1981	10	208
1981	11	57
1981	12	41
1982	1	433
1982	2	694
1982	3	1057
1982	4	157
1982	5	52
1982	6	17
1982	7	19
1982	8	40
1982	9	21
1982	10	8
1982	11	306
1982	12	1314
1983	1	418
1983	2	1209
1983	3	1537
1983	4	430
1983	5	144
1983	6	38
1983	7	29
1983	8	66
1983	9	85
1983	10	447
1983	11	72
1983	12	961
1984	1	117
1984	2	45
1984	3	34
1984	4	29
1984	5	18
1984	6	12
1984	7	24
1984	8	49
1984	9	77
1984	10	109
1984	11	145
1984	12	1616
1985	1	627
1985	2	533
1985	3	577
1985	4	168
1985	5	53
1985	6	20
1985	7	20
1985	8	22
1985	9	51
1985	10	40
1985	11	377
1985	12	116
1986	1	37
1986	2	193
1986	3	773
1986	4	60
1986	5	20
1986	6	12
1986	7	21
1986	8	52
1986	9	18
1986	10	31
1986	11	31
1986	12	54
1987	1	47
1987	2	102
1987	3	382
1987	4	75
1987	5	27
1987	6	10
1987	7	2
1987	8	46
1987	9	6
1987	10	15
1987	11	365
1987	12	31
1988	1	464
1988	2	566
1988	3	63
1988	4	263
1988	5	41
1988	6	12
1988	7	17
1988	8	357
1988	9	59
1988	10	20
1988	11	16
1988	12	18
1989	1	74
1989	2	271
1989	3	101
1989	4	35
1989	5	13
1989	6	3
1989	7	7
1989	8	85
1989	9	4
1989	10	7
1989	11	10
1989	12	12
1990	1	15
1990	2	21
1990	3	50
1990	4	40
1990	5	10
1990	6	1
1990	7	11
1990	8	25
1990	9	20
1990	10	7
1990	11	12
1990	12	36
1991	1	230
1991	2	38
1991	3	2268
1991	4	432
1991	5	40
1991	6	16
1991	7	5
1991	8	15
1991	9	6
1991	10	8
1991	11	14
1991	12	119
1992	1	330
1992	2	473
1992	3	939
1992	4	328
1992	5	65
1992	6	40
1992	7	31
1992	8	485
1992	9	40
1992	10	18
1992	11	23
1992	12	602
1993	1	4272
1993	2	1954
1993	3	609
1993	4	190
1993	5	58
1993	6	30
1993	7	22
1993	8	49
1993	9	42
1993	10	51
1993	11	285
1993	12	52
1994	1	34
1994	2	260
1994	3	177
1994	4	79
1994	5	61
1994	6	19
1994	7	14
1994	8	15
1994	9	22
1994	10	18
1994	11	35
1994	12	116
1995	1	1006
1995	2	1249
1995	3	985
1995	4	78
1995	5	45
1995	6	18
1995	7	12
1995	8	22
1995	9	11
1995	10	11
1995	11	18
1995	12	17
1996	1	17
1996	2	21
1996	3	21
1996	4	14
1996	5	3
1996	6	0
1996	7	8
1996	8	4
1996	9	42
1996	10	7
1996	11	10
1996	12	12
1997	1	234
1997	2	108
1997	3	293
1997	4	49
1997	5	15
1997	6	5
1997	7	0
1997	8	9
1997	9	11
1997	10	5
1997	11	11
1997	12	35
1998	1	47
1998	2	485
1998	3	699
1998	4	531
1998	5	57
1998	6	15
1998	7	20
1998	8	12
1998	9	14
1998	10	9
1998	11	18
1998	12	29
1999	1	15
1999	2	18
1999	3	16
1999	4	125
1999	5	14
1999	6	2
1999	7	100
1999	8	22
1999	9	52
1999	10	11
1999	11	9
1999	12	12
2000	1	12
2000	2	12
2000	3	41
2000	4	22
2000	5	3
2000	6	1
2000	7	0
2000	8	9
2000	9	4
2000	10	185
2000	11	272
2000	12	25
2001	1	29
2001	2	61
2001	3	290
2001	4	104
2001	5	26
2001	6	2
2001	7	4
2001	8	39
2001	9	0
2001	10	0
2001	11	5
2001	12	8
2002	1	9
2002	2	8
2002	3	7
2002	4	5
2002	5	0
2002	6	0
2002	7	4
2002	8	0
2002	9	2
2002	10	0
2002	11	0
2002	12	6
2003	1	10
2003	2	176
2003	3	623
2003	4	54
2003	5	13
2003	6	1
2003	7	0
2003	8	13
2003	9	25
2003	10	0
2003	11	12
2003	12	9
2004	1	12
2004	2	16
2004	3	59
2004	4	28
2004	5	4
2004	6	0
2004	7	4
2004	8	27
2004	9	125
2004	10	23
2004	11	73
2004	12	491
2005	1	1431
2005	2	2726
2005	3	487
2005	4	112
2005	5	37
2005	6	12
2005	7	15
2005	8	49
2005	9	2
2005	10	7
2005	11	10
2005	12	12
2006	1	12
2006	2	10
2006	3	19
2006	4	14
2006	5	2
2006	6	1
2006	7	1
2006	8	83
2006	9	23
2006	10	11
2006	11	7
2006	12	10
2007	1	13
2007	2	58
2007	3	45
2007	4	15
2007	5	6
2007	6	0
2007	7	11
2007	8	93
2007	9	42
2007	10	3
2007	11	5
2007	12	995
2008	1	1363
2008	2	979
2008	3	210
2008	4	55
2008	5	26
2008	6	10
2008	7	43
2008	8	23
2008	9	7
2008	10	0
2008	11	12
2008	12	586
2009	1	132
2009	2	424
2009	3	104
2009	4	38
2009	5	18
2009	6	4
2009	7	4
2009	8	0
2009	9	0
2009	10	0
2009	11	1
2009	12	19
2010	1	1685
2010	2	436
2010	3	717
2010	4	147
2010	5	40
2010	6	11
2010	7	31
2010	8	44
2010	9	55
2010	10	22
2010	11	13
2010	12	52
2011	1	77
2011	2	104
2011	3	109
2011	4	39
2011	5	13
2011	6	2
2011	7	10
2011	8	6
2011	9	0
2011	10	0
2011	11	16
2011	12	127
2012	1	32
2012	2	21
2012	3	31
2012	4	19
2012	5	3
2012	6	0
2012	7	2
2012	8	11
2012	9	7
2012	10	0
2012	11	4
2012	12	36
2013	1	403
2013	2	123
2013	3	465
2013	4	50
2013	5	13
2013	6	1
2013	7	40
2013	8	20
2013	9	36
2013	10	2
2013	11	78
2013	12	26
2014	1	14
2014	2	12
2014	3	59
2014	4	7
2014	5	2
2014	6	0
2014	7	2
2014	8	17
2014	9	79
2014	10	37
2014	11	9
2014	12	19
2015	1	132
2015	2	86
2015	3	141
2015	4	16
2015	5	18
2015	6	4
2015	7	0
2015	8	7
2015	9	10
