1940	1	0
1940	2	0
1940	3	0
1940	4	0
1940	5	0
1940	6	0
1940	7	0
1940	8	0
1940	9	0
1940	10	0
1940	11	0
1940	12	0
1941	1	11
1941	2	0
1941	3	3123
1941	4	3043
1941	5	3434
1941	6	74
1941	7	1
1941	8	1
1941	9	0
1941	10	0
1941	11	0
1941	12	0
1942	1	0
1942	2	0
1942	3	0
1942	4	0
1942	5	0
1942	6	0
1942	7	0
1942	8	0
1942	9	0
1942	10	0
1942	11	0
1942	12	0
1943	1	0
1943	2	0
1943	3	0
1943	4	0
1943	5	0
1943	6	0
1943	7	0
1943	8	0
1943	9	0
1943	10	0
1943	11	0
1943	12	0
1944	1	0
1944	2	0
1944	3	0
1944	4	0
1944	5	0
1944	6	0
1944	7	0
1944	8	0
1944	9	0
1944	10	0
1944	11	0
1944	12	0
1945	1	0
1945	2	0
1945	3	0
1945	4	0
1945	5	0
1945	6	0
1945	7	0
1945	8	0
1945	9	0
1945	10	0
1945	11	0
1945	12	0
1946	1	0
1946	2	0
1946	3	0
1946	4	0
1946	5	0
1946	6	0
1946	7	0
1946	8	0
1946	9	0
1946	10	0
1946	11	0
1946	12	0
1947	1	0
1947	2	0
1947	3	0
1947	4	0
1947	5	0
1947	6	0
1947	7	0
1947	8	6
1947	9	0
1947	10	0
1947	11	0
1947	12	0
1948	1	0
1948	2	0
1948	3	0
1948	4	0
1948	5	0
1948	6	0
1948	7	0
1948	8	0
1948	9	0
1948	10	0
1948	11	0
1948	12	0
1949	1	0
1949	2	0
1949	3	0
1949	4	0
1949	5	0
1949	6	0
1949	7	0
1949	8	0
1949	9	0
1949	10	0
1949	11	0
1949	12	0
1950	1	0
1950	2	0
1950	3	0
1950	4	0
1950	5	0
1950	6	0
1950	7	0
1950	8	0
1950	9	0
1950	10	0
1950	11	0
1950	12	0
1951	1	0
1951	2	0
1951	3	0
1951	4	0
1951	5	0
1951	6	0
1951	7	0
1951	8	0
1951	9	101
1951	10	4
1951	11	0
1951	12	0
1952	1	0
1952	2	0
1952	3	0
1952	4	3
1952	5	11
1952	6	0
1952	7	0
1952	8	0
1952	9	0
1952	10	0
1952	11	0
1952	12	2
1953	1	0
1953	2	0
1953	3	0
1953	4	0
1953	5	0
1953	6	0
1953	7	0
1953	8	6
1953	9	1
1953	10	0
1953	11	4
1953	12	1
1954	1	0
1954	2	0
1954	3	3
1954	4	2
1954	5	0
1954	6	0
1954	7	0
1954	8	0
1954	9	1
1954	10	3
1954	11	3
1954	12	7
1955	1	0
1955	2	2
1955	3	1
1955	4	0
1955	5	0
1955	6	0
1955	7	0
1955	8	115
1955	9	69
1955	10	7
1955	11	0
1955	12	0
1956	1	0
1956	2	2
1956	3	0
1956	4	0
1956	5	0
1956	6	0
1956	7	0
1956	8	0
1956	9	0
1956	10	0
1956	11	1
1956	12	0
1957	1	0
1957	2	0
1957	3	1
1957	4	0
1957	5	0
1957	6	0
1957	7	0
1957	8	1
1957	9	0
1957	10	0
1957	11	0
1957	12	0
1958	1	0
1958	2	3
1958	3	0
1958	4	0
1958	5	0
1958	6	0
1958	7	8
1958	8	0
1958	9	0
1958	10	0
1958	11	0
1958	12	0
1959	1	0
1959	2	0
1959	3	0
1959	4	0
1959	5	1
1959	6	0
1959	7	2
1959	8	43
1959	9	3
1959	10	1
1959	11	0
1959	12	0
1960	1	4
1960	2	9
1960	3	19
1960	4	17
1960	5	18
1960	6	7
1960	7	4
1960	8	6
1960	9	77
1960	10	19
1960	11	28
1960	12	77
1961	1	103
1961	2	43
1961	3	6
1961	4	4
1961	5	4
1961	6	3
1961	7	3
1961	8	5
1961	9	4
1961	10	4
1961	11	4
1961	12	3
1962	1	5
1962	2	5
1962	3	5
1962	4	4
1962	5	5
1962	6	3
1962	7	3
1962	8	4
1962	9	3
1962	10	3
1962	11	3
1962	12	2
1963	1	2
1963	2	1
1963	3	4
1963	4	3
1963	5	1
1963	6	4
1963	7	7
1963	8	1
1963	9	89
1963	10	0
1963	11	0
1963	12	0
1964	1	0
1964	2	0
1964	3	0
1964	4	0
1964	5	0
1964	6	0
1964	7	0
1964	8	0
1964	9	0
1964	10	0
1964	11	0
1964	12	0
1965	1	0
1965	2	0
1965	3	0
1965	4	4
1965	5	0
1965	6	0
1965	7	0
1965	8	0
1965	9	0
1965	10	0
1965	11	0
1965	12	0
1966	1	1
1966	2	53
1966	3	527
1966	4	39
1966	5	1
1966	6	5
1966	7	5
1966	8	4
1966	9	4
1966	10	4
1966	11	3
1966	12	1
1967	1	0
1967	2	0
1967	3	0
1967	4	0
1967	5	0
1967	6	0
1967	7	0
1967	8	0
1967	9	4
1967	10	0
1967	11	0
1967	12	0
1968	1	0
1968	2	0
1968	3	0
1968	4	0
1968	5	0
1968	6	0
1968	7	4
1968	8	0
1968	9	0
1968	10	0
1968	11	0
1968	12	0
1969	1	0
1969	2	0
1969	3	0
1969	4	0
1969	5	0
1969	6	2
1969	7	5
1969	8	1
1969	9	1
1969	10	0
1969	11	1
1969	12	0
1970	1	1
1970	2	1
1970	3	2
1970	4	4
1970	5	4
1970	6	3
1970	7	2
1970	8	9
1970	9	3
1970	10	2
1970	11	1
1970	12	3
1971	1	1
1971	2	1
1971	3	2
1971	4	6
1971	5	1
1971	6	0
1971	7	0
1971	8	4
1971	9	35
1971	10	2
1971	11	0
1971	12	0
1972	1	1
1972	2	0
1972	3	0
1972	4	2
1972	5	1
1972	6	1
1972	7	0
1972	8	5
1972	9	8
1972	10	26
1972	11	0
1972	12	0
1973	1	1
1973	2	1
1973	3	0
1973	4	2
1973	5	792
1973	6	791
1973	7	78
1973	8	44
1973	9	0
1973	10	4
1973	11	3
1973	12	2
1974	1	1
1974	2	1
1974	3	0
1974	4	3
1974	5	0
1974	6	0
1974	7	1
1974	8	1
1974	9	8
1974	10	0
1974	11	0
1974	12	0
1975	1	0
1975	2	0
1975	3	1
1975	4	6
1975	5	3
1975	6	1
1975	7	0
1975	8	0
1975	9	0
1975	10	0
1975	11	0
1975	12	0
1976	1	1
1976	2	0
1976	3	0
1976	4	0
1976	5	0
1976	6	0
1976	7	0
1976	8	0
1976	9	11
1976	10	1
1976	11	0
1976	12	0
1977	1	0
1977	2	0
1977	3	0
1977	4	0
1977	5	0
1977	6	0
1977	7	0
1977	8	2
1977	9	43
1977	10	0
1977	11	0
1977	12	0
1978	1	3
1978	2	0
1978	3	6
1978	4	0
1978	5	0
1978	6	0
1978	7	0
1978	8	0
1978	9	0
1978	10	0
1978	11	0
1978	12	0
1979	1	240
1979	2	1552
1979	3	2130
1979	4	2144
1979	5	2274
1979	6	2107
1979	7	2153
1979	8	2345
1979	9	2280
1979	10	2161
1979	11	2254
1979	12	2257
1980	1	2212
1980	2	1193
1980	3	3178
1980	4	3604
1980	5	3619
1980	6	2688
1980	7	1602
1980	8	3074
1980	9	3510
1980	10	3690
1980	11	1777
1980	12	298
1981	1	151
1981	2	101
1981	3	73
1981	4	45
1981	5	20
1981	6	27
1981	7	15
1981	8	8
1981	9	2
1981	10	13
1981	11	5
1981	12	9
1982	1	7
1982	2	5
1982	3	10
1982	4	6
1982	5	0
1982	6	2
1982	7	2
1982	8	29
1982	9	3
1982	10	2
1982	11	1
1982	12	3
1983	1	2
1983	2	1
1983	3	296
1983	4	2219
1983	5	2422
1983	6	2610
1983	7	489
1983	8	662
1983	9	765
1983	10	589
1983	11	2316
1983	12	2977
1984	1	2266
1984	2	1344
1984	3	414
1984	4	158
1984	5	63
1984	6	25
1984	7	47
1984	8	38
1984	9	11
1984	10	13
1984	11	16
1984	12	18
1985	1	1071
1985	2	2856
1985	3	3382
1985	4	3282
1985	5	2071
1985	6	186
1985	7	68
1985	8	54
1985	9	44
1985	10	51
1985	11	47
1985	12	45
1986	1	34
1986	2	57
1986	3	64
1986	4	33
1986	5	7
1986	6	3
1986	7	4
1986	8	4
1986	9	6
1986	10	16
1986	11	13
1986	12	14
1987	1	13
1987	2	10
1987	3	11
1987	4	12
1987	5	2
1987	6	11
1987	7	15
1987	8	33
1987	9	4
1987	10	7
1987	11	4
1987	12	3
1988	1	9
1988	2	14
1988	3	17
1988	4	10
1988	5	6
1988	6	1
1988	7	0
1988	8	2
1988	9	5
1988	10	1
1988	11	3
1988	12	1
1989	1	1
1989	2	1
1989	3	11
1989	4	6
1989	5	17
1989	6	9
1989	7	66
1989	8	45
1989	9	5
1989	10	5
1989	11	10
1989	12	3
1990	1	1
1990	2	1
1990	3	1
1990	4	1
1990	5	0
1990	6	0
1990	7	4
1990	8	27
1990	9	38
1990	10	4
1990	11	9
1990	12	3
1991	1	3
1991	2	2
1991	3	3
1991	4	3
1991	5	2
1991	6	2
1991	7	2
1991	8	0
1991	9	4
1991	10	2
1991	11	2
1991	12	3
1992	1	3
1992	2	5
1992	3	272
1992	4	1602
1992	5	910
1992	6	227
1992	7	10
1992	8	2
1992	9	1
1992	10	4
1992	11	5
1992	12	4
1993	1	2949
1993	2	10726
1993	3	22545
1993	4	15790
1993	5	9198
1993	6	4975
1993	7	2688
1993	8	2049
1993	9	2207
1993	10	2544
1993	11	2560
1993	12	582
1994	1	249
1994	2	166
1994	3	146
1994	4	142
1994	5	141
1994	6	92
1994	7	40
1994	8	10
1994	9	11
1994	10	16
1994	11	18
1994	12	34
1995	1	34
1995	2	22
1995	3	15
1995	4	841
1995	5	2196
1995	6	2630
1995	7	2524
1995	8	250
1995	9	67
1995	10	42
1995	11	38
1995	12	39
1996	1	31
1996	2	22
1996	3	18
1996	4	12
1996	5	6
1996	6	4
1996	7	1
1996	8	8
1996	9	10
1996	10	11
1996	11	10
1996	12	14
1997	1	17
1997	2	18
1997	3	19
1997	4	10
1997	5	11
1997	6	3
1997	7	4
1997	8	8
1997	9	114
1997	10	18
1997	11	20
1997	12	31
1998	1	26
1998	2	29
1998	3	25
1998	4	19
1998	5	3
1998	6	2
1998	7	2
1998	8	1
1998	9	2
1998	10	2
1998	11	7
1998	12	6
1999	1	5
1999	2	14
1999	3	11
1999	4	7
1999	5	3
1999	6	3
1999	7	5
1999	8	2
1999	9	10
1999	10	18
1999	11	14
1999	12	16
2000	1	15
2000	2	18
2000	3	13
2000	4	5
2000	5	3
2000	6	3
2000	7	3
2000	8	3
2000	9	3
2000	10	4
2000	11	13
2000	12	17
2001	1	18
2001	2	20
2001	3	16
2001	4	8
2001	5	1
2001	6	1
2001	7	2
2001	8	4
2001	9	1
2001	10	10
2001	11	10
2001	12	17
2002	1	27
2002	2	30
2002	3	52
2002	4	19
2002	5	13
2002	6	7
2002	7	4
2002	8	4
2002	9	5
2002	10	19
2002	11	13
2002	12	20
2003	1	20
2003	2	21
2003	3	15
2003	4	10
2003	5	6
2003	6	4
2003	7	3
2003	8	4
2003	9	6
2003	10	14
2003	11	19
2003	12	25
2004	1	22
2004	2	24
2004	3	26
2004	4	15
2004	5	5
2004	6	10
2004	7	4
2004	8	3
2004	9	27
2004	10	17
2004	11	18
2004	12	29
2005	1	38
2005	2	663
2005	3	1235
2005	4	1065
2005	5	629
2005	6	438
2005	7	186
2005	8	65
2005	9	12
2005	10	14
2005	11	13
2005	12	33
2006	1	21
2006	2	21
2006	3	18
2006	4	16
2006	5	8
2006	6	4
2006	7	5
2006	8	4
2006	9	10
2006	10	7
2006	11	5
2006	12	8
2007	1	12
2007	2	11
2007	3	15
2007	4	19
2007	5	11
2007	6	8
2007	7	4
2007	8	3
2007	9	3
2007	10	5
2007	11	5
2007	12	10
2008	1	11
2008	2	9
2008	3	10
2008	4	8
2008	5	5
2008	6	3
2008	7	1
2008	8	4
2008	9	6
2008	10	6
2008	11	18
2008	12	19
2009	1	13
2009	2	8
2009	3	9
2009	4	5
2009	5	5
2009	6	7
2009	7	5
2009	8	3
2009	9	15
2009	10	10
2009	11	13
2009	12	13
2010	1	61
2010	2	12
2010	3	57
2010	4	1055
2010	5	294
2010	6	9
2010	7	8
2010	8	8
2010	9	5
2010	10	7
2010	11	9
2010	12	12
2011	1	11
2011	2	12
2011	3	6
2011	4	5
2011	5	1
2011	6	1
2011	7	5
2011	8	3
2011	9	6
2011	10	9
2011	11	10
2011	12	7
2012	1	7
2012	2	6
2012	3	6
2012	4	7
2012	5	5
2012	6	3
2012	7	22
2012	8	9
2012	9	3
2012	10	5
2012	11	6
2012	12	5
2013	1	5
2013	2	5
2013	3	5
2013	4	3
2013	5	5
2013	6	3
2013	7	3
2013	8	6
2013	9	29
2013	10	4
2013	11	9
2013	12	11
2014	1	9
2014	2	7
2014	3	4
2014	4	6
2014	5	5
2014	6	3
2014	7	4
2014	8	5
2014	9	17
2014	10	6
2014	11	4
2014	12	4
2015	1	4
2015	2	5
2015	3	3
2015	4	3
2015	5	7
2015	6	3
2015	7	3
2015	8	2
2015	9	1
