1940	1	184
1940	2	239
1940	3	425
1940	4	197
1940	5	583
1940	6	819
1940	7	1021
1940	8	805
1940	9	324
1940	10	206
1940	11	273
1940	12	238
1941	1	216
1941	2	209
1941	3	379
1941	4	367
1941	5	393
1941	6	734
1941	7	991
1941	8	568
1941	9	373
1941	10	287
1941	11	286
1941	12	253
1942	1	365
1942	2	270
1942	3	275
1942	4	549
1942	5	422
1942	6	694
1942	7	905
1942	8	877
1942	9	571
1942	10	285
1942	11	342
1942	12	307
1943	1	274
1943	2	325
1943	3	279
1943	4	993
1943	5	794
1943	6	832
1943	7	926
1943	8	803
1943	9	713
1943	10	334
1943	11	310
1943	12	402
1944	1	227
1944	2	254
1944	3	295
1944	4	506
1944	5	467
1944	6	597
1944	7	1031
1944	8	972
1944	9	483
1944	10	169
1944	11	211
1944	12	213
1945	1	190
1945	2	248
1945	3	342
1945	4	513
1945	5	438
1945	6	735
1945	7	872
1945	8	766
1945	9	468
1945	10	281
1945	11	302
1945	12	310
1946	1	249
1946	2	291
1946	3	437
1946	4	1019
1946	5	786
1946	6	777
1946	7	956
1946	8	991
1946	9	681
1946	10	450
1946	11	609
1946	12	593
1947	1	717
1947	2	338
1947	3	542
1947	4	461
1947	5	743
1947	6	818
1947	7	1291
1947	8	1340
1947	9	1049
1947	10	712
1947	11	754
1947	12	691
1948	1	494
1948	2	395
1948	3	398
1948	4	717
1948	5	743
1948	6	970
1948	7	1226
1948	8	1147
1948	9	924
1948	10	787
1948	11	686
1948	12	822
1949	1	934
1949	2	808
1949	3	483
1949	4	630
1949	5	471
1949	6	825
1949	7	1047
1949	8	1046
1949	9	770
1949	10	598
1949	11	533
1949	12	553
1950	1	769
1950	2	771
1950	3	558
1950	4	1168
1950	5	1076
1950	6	1976
1950	7	1892
1950	8	1777
1950	9	1587
1950	10	1397
1950	11	1168
1950	12	1373
1951	1	1375
1951	2	1285
1951	3	1338
1951	4	1144
1951	5	937
1951	6	1434
1951	7	1636
1951	8	1577
1951	9	1432
1951	10	944
1951	11	938
1951	12	1108
1952	1	1254
1952	2	1178
1952	3	1182
1952	4	1179
1952	5	1114
1952	6	1296
1952	7	1267
1952	8	1376
1952	9	1190
1952	10	831
1952	11	694
1952	12	943
1953	1	858
1953	2	846
1953	3	800
1953	4	771
1953	5	841
1953	6	871
1953	7	1284
1953	8	898
1953	9	622
1953	10	194
1953	11	244
1953	12	244
1954	1	227
1954	2	248
1954	3	394
1954	4	428
1954	5	752
1954	6	835
1954	7	1138
1954	8	922
1954	9	577
1954	10	203
1954	11	194
1954	12	220
1955	1	210
1955	2	260
1955	3	209
1955	4	579
1955	5	342
1955	6	627
1955	7	1263
1955	8	725
1955	9	682
1955	10	238
1955	11	315
1955	12	363
1956	1	344
1956	2	284
1956	3	473
1956	4	817
1956	5	829
1956	6	724
1956	7	1185
1956	8	944
1956	9	531
1956	10	268
1956	11	263
1956	12	279
1957	1	236
1957	2	277
1957	3	461
1957	4	691
1957	5	877
1957	6	836
1957	7	1300
1957	8	1289
1957	9	814
1957	10	581
1957	11	565
1957	12	355
1958	1	484
1958	2	478
1958	3	415
1958	4	845
1958	5	712
1958	6	745
1958	7	1229
1958	8	1023
1958	9	759
1958	10	354
1958	11	301
1958	12	308
1959	1	233
1959	2	263
1959	3	360
1959	4	468
1959	5	431
1959	6	661
1959	7	1096
1959	8	800
1959	9	529
1959	10	240
1959	11	207
1959	12	182
1960	1	190
1960	2	205
1960	3	443
1960	4	481
1960	5	628
1960	6	1203
1960	7	1303
1960	8	1012
1960	9	331
1960	10	192
1960	11	208
1960	12	177
1961	1	154
1961	2	218
1961	3	338
1961	4	252
1961	5	893
1961	6	1136
1961	7	1254
1961	8	862
1961	9	365
1961	10	118
1961	11	145
1961	12	162
1962	1	189
1962	2	496
1962	3	344
1962	4	956
1962	5	626
1962	6	636
1962	7	1184
1962	8	860
1962	9	388
1962	10	132
1962	11	214
1962	12	206
1963	1	190
1963	2	604
1963	3	277
1963	4	453
1963	5	480
1963	6	597
1963	7	1261
1963	8	1132
1963	9	408
1963	10	164
1963	11	239
1963	12	191
1964	1	220
1964	2	203
1964	3	198
1964	4	695
1964	5	560
1964	6	857
1964	7	1162
1964	8	898
1964	9	490
1964	10	207
1964	11	257
1964	12	439
1965	1	375
1965	2	375
1965	3	363
1965	4	862
1965	5	772
1965	6	772
1965	7	825
1965	8	1365
1965	9	1190
1965	10	1151
1965	11	1220
1965	12	1289
1966	1	1262
1966	2	1255
1966	3	892
1966	4	685
1966	5	563
1966	6	1222
1966	7	1360
1966	8	1089
1966	9	425
1966	10	142
1966	11	158
1966	12	222
1967	1	205
1967	2	193
1967	3	351
1967	4	566
1967	5	491
1967	6	754
1967	7	1245
1967	8	1617
1967	9	1153
1967	10	928
1967	11	1013
1967	12	919
1968	1	583
1968	2	271
1968	3	473
1968	4	433
1968	5	283
1968	6	582
1968	7	1170
1968	8	571
1968	9	267
1968	10	441
1968	11	961
1968	12	889
1969	1	922
1969	2	795
1969	3	1118
1969	4	806
1969	5	577
1969	6	534
1969	7	1003
1969	8	829
1969	9	388
1969	10	259
1969	11	566
1969	12	635
1970	1	584
1970	2	296
1970	3	332
1970	4	397
1970	5	507
1970	6	577
1970	7	996
1970	8	921
1970	9	333
1970	10	207
1970	11	344
1970	12	760
1971	1	993
1971	2	1035
1971	3	1161
1971	4	1169
1971	5	1534
1971	6	3072
1971	7	2004
1971	8	1620
1971	9	1412
1971	10	1320
1971	11	1280
1971	12	1233
1972	1	1260
1972	2	1245
1972	3	1290
1972	4	1284
1972	5	1819
1972	6	1895
1972	7	1844
1972	8	1558
1972	9	1384
1972	10	893
1972	11	1207
1972	12	1181
1973	1	1268
1973	2	1256
1973	3	1260
1973	4	1083
1973	5	760
1973	6	677
1973	7	1329
1973	8	866
1973	9	841
1973	10	806
1973	11	674
1973	12	986
1974	1	1041
1974	2	1061
1974	3	1178
1974	4	687
1974	5	991
1974	6	1415
1974	7	1447
1974	8	1367
1974	9	1109
1974	10	376
1974	11	347
1974	12	793
1975	1	853
1975	2	429
1975	3	445
1975	4	640
1975	5	942
1975	6	1015
1975	7	1308
1975	8	1438
1975	9	1288
1975	10	1609
1975	11	1427
1975	12	1004
1976	1	1001
1976	2	1007
1976	3	1024
1976	4	1184
1976	5	906
1976	6	732
1976	7	1293
1976	8	793
1976	9	928
1976	10	672
1976	11	908
1976	12	895
1977	1	899
1977	2	326
1977	3	328
1977	4	406
1977	5	898
1977	6	1150
1977	7	1369
1977	8	780
1977	9	185
1977	10	98
1977	11	202
1977	12	326
1978	1	330
1978	2	352
1978	3	600
1978	4	741
1978	5	855
1978	6	582
1978	7	933
1978	8	866
1978	9	345
1978	10	279
1978	11	303
1978	12	303
1979	1	344
1979	2	307
1979	3	447
1979	4	761
1979	5	533
1979	6	645
1979	7	1307
1979	8	754
1979	9	522
1979	10	361
1979	11	188
1979	12	101
1980	1	818
1980	2	277
1980	3	361
1980	4	880
1980	5	1043
1980	6	1702
1980	7	1472
1980	8	1498
1980	9	1409
1980	10	1265
1980	11	1099
1980	12	975
1981	1	734
1981	2	376
1981	3	357
1981	4	337
1981	5	505
1981	6	695
1981	7	1273
1981	8	1159
1981	9	496
1981	10	335
1981	11	301
1981	12	65
1982	1	275
1982	2	390
1982	3	507
1982	4	735
1982	5	952
1982	6	900
1982	7	751
1982	8	1422
1982	9	1462
1982	10	1288
1982	11	1481
1982	12	1259
1983	1	1286
1983	2	1288
1983	3	1556
1983	4	1449
1983	5	1033
1983	6	2873
1983	7	2952
1983	8	2224
1983	9	1962
1983	10	2383
1983	11	2450
1983	12	1854
1984	1	1487
1984	2	1481
1984	3	1512
1984	4	1849
1984	5	2213
1984	6	3090
1984	7	2039
1984	8	2092
1984	9	2106
1984	10	2065
1984	11	2176
1984	12	1942
1985	1	1293
1985	2	1223
1985	3	1566
1985	4	2062
1985	5	832
1985	6	981
1985	7	1339
1985	8	1162
1985	9	1089
1985	10	844
1985	11	870
1985	12	999
1986	1	915
1986	2	1338
1986	3	2091
1986	4	2335
1986	5	2747
1986	6	3724
1986	7	2574
1986	8	2098
1986	9	1952
1986	10	2021
1986	11	2174
1986	12	1596
1987	1	1045
1987	2	976
1987	3	686
1987	4	444
1987	5	823
1987	6	913
1987	7	1038
1987	8	807
1987	9	500
1987	10	299
1987	11	294
1987	12	284
1988	1	251
1988	2	253
1988	3	338
1988	4	514
1988	5	497
1988	6	1164
1988	7	1455
1988	8	1031
1988	9	721
1988	10	309
1988	11	62
1988	12	110
1989	1	202
1989	2	203
1989	3	476
1989	4	515
1989	5	401
1989	6	715
1989	7	1357
1989	8	959
1989	9	501
1989	10	135
1989	11	231
1989	12	192
1990	1	240
1990	2	173
1990	3	318
1990	4	290
1990	5	742
1990	6	756
1990	7	1605
1990	8	1082
1990	9	653
1990	10	260
1990	11	227
1990	12	191
1991	1	183
1991	2	201
1991	3	133
1991	4	255
1991	5	505
1991	6	686
1991	7	1470
1991	8	898
1991	9	303
1991	10	186
1991	11	261
1991	12	243
1992	1	177
1992	2	207
1992	3	323
1992	4	352
1992	5	1043
1992	6	1195
1992	7	881
1992	8	1001
1992	9	124
1992	10	147
1992	11	183
1992	12	141
1993	1	125
1993	2	145
1993	3	369
1993	4	524
1993	5	800
1993	6	683
1993	7	1033
1993	8	752
1993	9	440
1993	10	213
1993	11	230
1993	12	217
1994	1	218
1994	2	184
1994	3	459
1994	4	319
1994	5	542
1994	6	1159
1994	7	1391
1994	8	961
1994	9	511
1994	10	188
1994	11	178
1994	12	184
1995	1	175
1995	2	251
1995	3	464
1995	4	321
1995	5	516
1995	6	617
1995	7	803
1995	8	1032
1995	9	569
1995	10	172
1995	11	334
1995	12	320
1996	1	227
1996	2	239
1996	3	349
1996	4	852
1996	5	815
1996	6	873
1996	7	960
1996	8	863
1996	9	459
1996	10	278
1996	11	354
1996	12	361
1997	1	426
1997	2	313
1997	3	842
1997	4	1423
1997	5	1595
1997	6	1816
1997	7	1351
1997	8	1486
1997	9	1622
1997	10	1406
1997	11	1507
1997	12	1010
1998	1	1113
1998	2	1186
1998	3	1351
1998	4	1399
1998	5	1161
1998	6	1066
1998	7	1708
1998	8	1386
1998	9	1379
1998	10	1417
1998	11	1544
1998	12	1095
1999	1	817
1999	2	1080
1999	3	1383
1999	4	1053
1999	5	1559
1999	6	1514
1999	7	1487
1999	8	1345
1999	9	1180
1999	10	1090
1999	11	1131
1999	12	902
2000	1	791
2000	2	614
2000	3	661
2000	4	410
2000	5	670
2000	6	1266
2000	7	1413
2000	8	1198
2000	9	517
2000	10	263
2000	11	216
2000	12	161
2001	1	154
2001	2	134
2001	3	382
2001	4	186
2001	5	656
2001	6	1182
2001	7	1407
2001	8	1198
2001	9	517
2001	10	151
2001	11	176
2001	12	195
2002	1	160
2002	2	163
2002	3	225
2002	4	321
2002	5	303
2002	6	997
2002	7	1641
2002	8	1071
2002	9	374
2002	10	160
2002	11	211
2002	12	187
2003	1	174
2003	2	240
2003	3	308
2003	4	255
2003	5	234
2003	6	1149
2003	7	1261
2003	8	960
2003	9	349
2003	10	124
2003	11	181
2003	12	189
2004	1	171
2004	2	153
2004	3	391
2004	4	226
2004	5	370
2004	6	512
2004	7	865
2004	8	594
2004	9	154
2004	10	183
2004	11	192
2004	12	172
2005	1	168
2005	2	171
2005	3	316
2005	4	702
2005	5	761
2005	6	708
2005	7	1025
2005	8	776
2005	9	359
2005	10	235
2005	11	237
2005	12	230
2006	1	286
2006	2	221
2006	3	396
2006	4	993
2006	5	822
2006	6	585
2006	7	795
2006	8	840
