1940	1	32
1940	2	11
1940	5	520
1940	6	568
1940	7	580
1940	8	618
1940	9	223
1940	10	107
1940	11	63
1940	12	35
1941	1	18
1941	2	14
1941	3	2
1941	5	359
1941	6	514
1941	7	559
1941	8	510
1941	9	435
1941	10	125
1941	11	85
1941	12	62
1942	1	19
1942	2	19
1942	3	10
1942	4	6
1942	5	115
1942	6	571
1942	7	618
1942	8	575
1942	9	443
1942	10	199
1942	11	85
1942	12	48
1943	1	17
1943	2	10
1943	4	6
1943	5	465
1943	6	362
1943	7	595
1943	8	546
1943	9	458
1943	10	180
1943	11	93
1943	12	53
1944	1	18
1944	2	16
1944	3	2
1944	5	243
1944	6	299
1944	7	659
1944	8	580
1944	9	511
1944	10	245
1944	11	105
1944	12	47
1945	1	27
1945	2	2
1945	5	268
1945	6	376
1945	7	639
1945	8	474
1945	9	382
1945	10	227
1945	11	33
1945	12	21
1946	4	5
1946	5	482
1946	6	542
1946	7	616
1946	8	571
1946	9	473
1946	10	175
1946	11	84
1946	12	29
1947	1	10
1947	2	9
1947	3	7
1947	5	443
1947	6	419
1947	7	638
1947	8	536
1947	9	406
1947	10	175
1947	11	47
1947	12	36
1948	1	17
1948	2	12
1948	3	2
1948	5	317
1948	6	539
1948	7	604
1948	8	559
1948	9	479
1948	10	188
1948	11	66
1948	12	22
1949	1	13
1949	2	11
1949	3	7
1949	5	252
1949	6	585
1949	7	594
1949	8	611
1949	9	474
1949	10	137
1949	11	56
1949	12	27
1950	1	10
1950	2	9
1950	5	217
1950	6	653
1950	7	595
1950	8	589
1950	9	450
1950	10	150
1950	11	59
1950	12	23
1951	1	6
1951	2	5
1951	3	1
1951	4	54
1951	5	213
1951	6	675
1951	7	618
1951	8	542
1951	9	482
1951	10	198
1951	11	58
1951	12	21
1952	1	18
1952	2	18
1952	3	2
1952	5	431
1952	6	610
1952	7	618
1952	8	584
1952	9	503
1952	10	293
1952	11	74
1952	12	17
1953	1	32
1953	2	23
1953	3	3
1953	5	326
1953	6	542
1953	7	658
1953	8	613
1953	9	530
1953	10	244
1953	11	91
1953	12	35
1954	1	28
1954	2	26
1954	3	0
1954	4	29
1954	5	622
1954	6	580
1954	7	634
1954	8	638
1954	9	435
1954	10	179
1954	11	85
1954	12	51
1955	1	25
1955	2	16
1955	3	7
1955	5	343
1955	6	499
1955	7	685
1955	8	574
1955	9	519
1956	10	268
1956	11	72
1956	12	51
1957	1	30
1957	2	22
1957	3	6
1957	5	104
1957	6	531
1957	7	682
1957	8	667
1957	9	510
1957	10	231
1957	11	86
1957	12	46
1958	1	23
1958	2	22
1958	3	5
1958	5	476
1958	6	691
1958	7	641
1958	8	618
1958	9	496
1958	10	271
1958	11	101
1958	12	13
1959	1	19
1959	2	21
1959	3	0
1959	5	493
1959	6	668
1959	7	643
1959	8	616
1959	9	435
1959	10	163
1959	11	93
1959	12	47
1960	1	36
1960	2	23
1960	3	10
1960	5	499
1960	6	706
1960	7	696
1960	8	686
1960	9	566
1960	10	219
1960	11	81
1960	12	47
1961	1	34
1961	2	16
1961	3	2
1961	4	0
1961	5	614
1961	6	663
1961	7	601
1961	8	637
1961	9	364
1961	10	91
1961	11	57
1961	12	31
1962	1	24
1962	2	9
1962	3	5
1962	4	0
1962	5	322
1962	6	488
1962	7	636
1962	8	652
1962	9	508
1962	10	194
1962	11	89
1962	12	51
1963	1	17
1963	2	9
1963	3	3
1963	4	0
1963	5	399
1963	6	510
1963	7	695
1963	8	670
1963	9	384
1963	10	182
1963	11	75
1963	12	40
1964	1	29
1964	2	8
1964	3	0
1964	4	0
1964	5	166
1964	6	276
1964	7	726
1964	8	659
1964	9	540
1964	10	264
1964	11	78
1964	12	39
1965	1	27
1965	2	9
1965	3	0
1965	4	0
1965	5	479
1965	6	588
1965	7	653
1965	8	603
1965	9	432
1965	10	240
1965	11	100
1965	12	80
1966	1	67
1966	2	16
1966	3	5
1966	4	0
1966	5	495
1966	6	711
1966	7	685
1966	8	685
1966	9	522
1966	10	236
1966	11	90
1966	12	70
1967	1	45
1967	2	9
1967	3	3
1967	4	0
1967	5	228
1967	6	296
1967	7	712
1967	8	652
1967	9	547
1967	10	260
1967	11	89
1967	12	67
1968	1	65
1968	2	49
1968	3	8
1968	4	0
1968	5	443
1968	6	472
1968	7	697
1968	8	507
1968	9	524
1968	10	243
1968	11	97
1968	12	73
1969	1	66
1969	2	50
1969	3	28
1969	4	0
1969	5	564
1969	6	553
1969	7	665
1969	8	681
1969	9	558
1969	10	225
1969	11	109
1969	12	52
1970	1	43
1970	2	40
1970	3	2
1970	4	0
1970	5	413
1970	6	594
1970	7	684
1970	8	701
1970	9	503
1971	10	149
1971	11	82
1971	12	56
1972	1	54
1972	2	48
1972	3	33
1972	4	0
1972	5	568
1972	6	705
1972	7	715
1972	8	711
1972	9	425
1972	10	172
1972	11	85
1972	12	70
1973	1	72
1973	2	72
1973	3	39
1973	4	1
1973	5	386
1973	6	647
1973	7	650
1973	8	679
1973	9	327
1973	10	152
1973	11	97
1973	12	80
1974	1	73
1974	2	62
1974	3	16
1974	4	0
1974	5	560
1974	6	694
1974	7	716
1974	8	686
1974	9	577
1974	10	255
1974	11	96
1974	12	72
1975	1	62
1975	2	29
1975	3	6
1975	4	0
1975	5	138
1975	6	585
1975	7	750
1975	8	699
1975	9	605
1975	10	212
1975	11	86
1975	12	58
1976	1	50
1976	2	50
1976	3	35
1976	4	0
1976	5	372
1976	6	618
1976	7	712
1976	8	613
1976	9	503
1976	10	191
1976	11	76
1976	12	56
1977	1	49
1977	2	34
1977	3	0
1977	4	208
1977	5	505
1977	6	699
1977	7	685
1977	8	538
1977	9	444
1977	10	177
1977	11	94
1977	12	65
1978	1	40
1978	2	5
1978	3	0
1978	4	0
1978	5	381
1978	6	702
1978	7	712
1978	8	663
1978	9	473
1978	10	310
1978	11	105
1978	12	89
1979	1	89
1979	2	63
1979	3	12
1979	4	4
1979	5	470
1979	6	707
1979	7	668
1979	8	674
1979	9	610
1979	10	401
1979	11	55
1979	12	7
1980	1	9
1980	2	7
1980	3	0
1980	4	2
1980	5	315
1980	6	534
1980	7	700
1980	8	669
1980	9	557
1981	10	225
1981	11	108
1981	12	0
1982	1	0
1982	2	0
1982	3	0
1982	4	0
1982	5	287
1982	6	704
1982	7	683
1982	8	659
1982	9	455
1982	10	131
1982	11	80
1982	12	3
1983	1	0
1983	2	0
1983	3	0
1983	4	0
1983	5	0
1983	6	445
1983	7	689
1983	8	506
1983	9	395
1983	10	183
1983	11	17
1983	12	0
1984	1	0
1984	2	0
1984	3	0
1984	4	0
1984	5	165
1984	6	470
1984	7	668
1984	8	609
1984	9	475
1984	10	226
1984	11	114
1984	12	3
1985	1	0
1985	2	0
1985	3	0
1985	4	0
1985	5	621
1985	6	735
1985	7	625
1985	8	667
1985	9	388
1985	10	142
1985	11	35
1985	12	0
1986	1	0
1986	2	0
1986	3	0
1986	4	0
1986	5	185
1986	6	769
1986	7	681
1986	8	653
1986	9	482
1986	10	264
1986	11	114
1986	12	4
1987	1	0
1987	2	0
1987	3	0
1987	4	188
1987	5	532
1987	6	607
1987	7	641
1987	8	623
1987	9	550
1987	10	331
1987	11	119
1987	12	1
1988	1	0
1988	2	0
1988	3	0
1988	4	141
1988	5	632
1988	6	724
1988	7	695
1988	8	692
1988	9	576
1988	10	336
1988	11	4
1988	12	0
1989	1	0
1989	2	0
1989	3	0
1989	4	33
1989	5	672
1989	6	724
1989	7	700
1989	8	673
1989	9	569
1989	10	361
1989	11	30
1989	12	0
1990	1	0
1990	2	0
1990	3	0
1990	4	187
1990	5	695
1990	6	651
1990	7	642
1990	8	646
1990	9	579
1990	10	356
1990	11	0
1990	12	0
1991	1	0
1991	2	0
1991	3	0
1991	4	12
1991	5	364
1991	6	653
1991	7	664
1991	8	596
1991	9	481
1991	10	354
1991	11	0
1991	12	0
1992	1	0
1992	2	0
1992	3	0
1992	4	127
1992	5	670
1992	6	646
1992	7	516
1992	8	430
1992	9	273
1992	10	309
1992	11	94
1992	12	0
1993	1	0
1993	2	0
1993	3	0
1993	4	0
1993	5	305
1993	6	650
1993	7	641
1993	8	604
1993	9	576
1993	10	170
1993	11	0
1993	12	0
1994	1	0
1994	2	0
1994	3	0
1994	4	38
1994	5	703
1994	6	732
1994	7	606
1994	8	642
1994	9	520
1994	10	175
1994	11	94
1994	12	0
1995	1	0
1995	2	0
1995	3	0
1995	4	42
1995	5	435
1995	6	578
1995	7	695
1995	8	659
1995	9	580
1995	10	353
1995	11	40
1995	12	0
1996	1	0
1996	2	0
1996	3	0
1996	4	39
1996	5	649
1996	6	701
1996	7	674
1996	8	640
1996	9	543
1996	10	359
1996	11	150
1996	12	18
1997	1	0
1997	2	0
1997	3	0
1997	4	0
1997	5	645
1997	6	669
1997	7	692
1997	8	612
1997	9	537
1997	10	324
1997	11	66
1997	12	11
1998	1	0
1998	2	0
1998	3	0
1998	4	0
1998	5	479
1998	6	568
1998	7	723
1998	8	666
1998	9	631
1998	10	346
1998	11	163
1998	12	26
1999	1	0
1999	2	0
1999	3	0
1999	4	0
1999	5	418
1999	6	684
1999	7	745
1999	8	705
1999	9	563
1999	10	385
1999	11	201
1999	12	0
2000	1	0
2000	2	0
2000	3	0
2000	4	0
2000	5	729
2000	6	769
2000	7	723
2000	8	690
2000	9	456
2000	10	241
2000	11	104
2000	12	0
2001	1	0
2001	2	0
2001	3	0
2001	4	0
2001	5	705
2001	6	723
2001	7	682
2001	8	646
2001	9	299
2001	10	212
2001	11	88
2001	12	0
2002	1	0
2002	2	0
2002	3	0
2002	4	0
2002	5	536
2002	6	716
2002	7	696
2002	8	594
2002	9	426
2002	10	153
2002	11	30
2002	12	0
2003	1	0
2003	2	0
2003	3	0
2003	4	0
2003	5	657
2003	6	684
2003	7	604
2003	8	544
2003	9	468
2003	10	63
2003	11	0
2003	12	0
2004	1	0
2004	2	0
2004	3	0
2004	4	291
2004	5	556
2004	6	511
2004	7	442
2004	8	440
2004	9	350
2004	10	140
2004	11	0
2004	12	0
2005	1	0
2005	2	0
2005	3	0
2005	4	0
2005	5	90
2005	6	582
2005	7	714
2005	8	664
2005	9	550
2005	10	228
2005	11	126
2005	12	0
2006	1	0
2006	2	0
2006	3	0
2006	4	0
2006	5	530
2006	6	717
2006	7	694
2006	8	691
