1940	1	9
1940	2	11
1940	3	19
1940	4	43
1940	5	88
1940	6	21
1940	7	5
1940	8	6
1940	9	5
1940	10	5
1940	11	11
1940	12	9
1941	1	10
1941	2	17
1941	3	23
1941	4	23
1941	5	95
1941	6	100
1941	7	25
1941	8	32
1941	9	5
1941	10	22
1941	11	24
1941	12	21
1942	1	18
1942	2	19
1942	3	25
1942	4	206
1942	5	286
1942	6	168
1942	7	39
1942	8	14
1942	9	14
1942	10	10
1942	11	19
1942	12	18
1943	1	19
1943	2	21
1943	3	52
1943	4	195
1943	5	218
1943	6	178
1943	7	40
1943	8	20
1943	9	17
1943	10	19
1943	11	22
1943	12	17
1944	1	15
1944	2	16
1944	3	23
1944	4	125
1944	5	401
1944	6	272
1944	7	51
1944	8	17
1944	9	20
1944	10	17
1944	11	20
1944	12	17
1945	1	16
1945	2	23
1945	3	41
1945	4	65
1945	5	157
1945	6	98
1945	7	26
1945	8	35
1945	9	18
1945	10	21
1945	11	24
1945	12	21
1946	1	21
1946	2	22
1946	3	49
1946	4	258
1946	5	230
1946	6	89
1946	7	21
1946	8	10
1946	9	10
1946	10	22
1946	11	23
1946	12	21
1947	1	16
1947	2	20
1947	3	75
1947	4	73
1947	5	274
1947	6	154
1947	7	37
1947	8	28
1947	9	19
1947	10	19
1947	11	26
1947	12	23
1948	1	22
1948	2	25
1948	3	36
1948	4	180
1948	5	352
1948	6	100
1948	7	25
1948	8	23
1948	9	7
1948	10	10
1948	11	18
1948	12	18
1949	1	17
1949	2	18
1949	3	28
1949	4	165
1949	5	313
1949	6	206
1949	7	42
1949	8	20
1949	9	16
1949	10	27
1949	11	22
1949	12	17
1950	1	23
1950	2	27
1950	3	35
1950	4	221
1950	5	532
1950	6	386
1950	7	95
1950	8	30
1950	9	35
1950	10	29
1950	11	30
1950	12	26
1951	1	23
1951	2	35
1951	3	32
1951	4	144
1951	5	316
1951	6	153
1951	7	51
1951	8	36
1951	9	13
1951	10	25
1951	11	20
1951	12	19
1952	1	22
1952	2	21
1952	3	24
1952	4	290
1952	5	686
1952	6	290
1952	7	75
1952	8	34
1952	9	31
1952	10	17
1952	11	19
1952	12	21
1953	1	24
1953	2	21
1953	3	30
1953	4	59
1953	5	132
1953	6	198
1953	7	36
1953	8	22
1953	9	14
1953	10	14
1953	11	23
1953	12	17
1954	1	16
1954	2	17
1954	3	23
1954	4	55
1954	5	85
1954	6	39
1954	7	16
1954	8	7
1954	9	13
1954	10	9
1954	11	13
1954	12	12
1955	1	15
1955	2	15
1955	3	19
1955	4	41
1955	5	168
1955	6	61
1955	7	14
1955	8	10
1955	9	9
1955	10	11
1955	11	20
1955	12	27
1956	1	24
1956	2	17
1956	3	39
1956	4	106
1956	5	303
1956	6	99
1956	7	24
1956	8	23
1956	9	15
1956	10	11
1956	11	18
1956	12	19
1957	1	17
1957	2	29
1957	3	26
1957	4	62
1957	5	328
1957	6	355
1957	7	74
1957	8	31
1957	9	25
1957	10	22
1957	11	23
1957	12	23
1958	1	21
1958	2	26
1958	3	26
1958	4	68
1958	5	188
1958	6	41
1958	7	10
1958	8	8
1958	9	5
1958	10	5
1958	11	13
1958	12	14
1959	1	12
1959	2	14
1959	3	18
1959	4	61
1959	5	101
1959	6	64
1959	7	21
1959	8	9
1959	9	18
1959	10	18
1959	11	13
1959	12	11
1960	1	13
1960	2	17
1960	3	81
1960	4	64
1960	5	128
1960	6	43
1960	7	8
1960	8	5
1960	9	7
1960	10	11
1960	11	16
1960	12	12
1961	1	8
1961	2	11
1961	3	33
1961	4	28
1961	5	44
1961	6	17
1961	7	5
1961	8	4
1961	9	4
1961	10	7
1961	11	11
1961	12	9
1962	1	11
1962	2	47
1962	3	30
1962	4	139
1962	5	214
1962	6	123
1962	7	34
1962	8	13
1962	9	12
1962	10	19
1962	11	15
1962	12	11
1963	1	13
1963	2	27
1963	3	16
1963	4	44
1963	5	147
1963	6	86
1963	7	10
1963	8	12
1963	9	17
1963	10	12
1963	11	16
1963	12	14
1964	1	13
1964	2	14
1964	3	15
1964	4	85
1964	5	307
1964	6	220
1964	7	47
1964	8	15
1964	9	10
1964	10	13
1964	11	20
1964	12	29
1965	1	28
1965	2	27
1965	3	22
1965	4	149
1965	5	368
1965	6	356
1965	7	137
1965	8	58
1965	9	57
1965	10	40
1965	11	33
1965	12	31
1966	1	28
1966	2	25
1966	3	68
1966	4	128
1966	5	226
1966	6	57
1966	7	21
1966	8	10
1966	9	17
1966	10	21
1966	11	20
1966	12	17
1967	1	17
1967	2	17
1967	3	35
1967	4	58
1967	5	311
1967	6	394
1967	7	113
1967	8	22
1967	9	31
1967	10	29
1967	11	25
1967	12	22
1968	1	21
1968	2	27
1968	3	33
1968	4	65
1968	5	324
1968	6	309
1968	7	63
1968	8	47
1968	9	34
1968	10	30
1968	11	29
1968	12	27
1969	1	31
1969	2	28
1969	3	30
1969	4	209
1969	5	356
1969	6	141
1969	7	51
1969	8	24
1969	9	16
1969	10	30
1969	11	25
1969	12	20
1970	1	25
1970	2	23
1970	3	23
1970	4	55
1970	5	317
1970	6	225
1970	7	43
1970	8	21
1970	9	30
1970	10	31
1970	11	36
1970	12	29
1971	1	36
1971	2	35
1971	3	68
1971	4	147
1971	5	374
1971	6	296
1971	7	71
1971	8	26
1971	9	42
1971	10	34
1971	11	37
1971	12	31
1972	1	31
1972	2	30
1972	3	107
1972	4	214
1972	5	418
1972	6	211
1972	7	41
1972	8	17
1972	9	29
1972	10	33
1972	11	31
1972	12	25
1973	1	25
1973	2	22
1973	3	27
1973	4	121
1973	5	536
1973	6	205
1973	7	57
1973	8	24
1973	9	43
1973	10	37
1973	11	41
1973	12	33
1974	1	34
1974	2	31
1974	3	70
1974	4	179
1974	5	574
1974	6	240
1974	7	69
1974	8	20
1974	9	17
1974	10	18
1974	11	27
1974	12	22
1975	1	22
1975	2	21
1975	3	32
1975	4	44
1975	5	274
1975	6	456
1975	7	138
1975	8	32
1975	9	41
1975	10	37
1975	11	30
1975	12	30
1976	1	26
1976	2	31
1976	3	43
1976	4	116
1976	5	274
1976	6	89
1976	7	24
1976	8	17
1976	9	13
1976	10	18
1976	11	16
1976	12	13
1977	1	12
1977	2	13
1977	3	16
1977	4	26
1977	5	31
1977	6	11
1977	7	6
1977	8	4
1977	9	4
1977	10	6
1977	11	14
1977	12	14
1978	1	13
1978	2	14
1978	3	28
1978	4	116
1978	5	273
1978	6	229
1978	7	48
1978	8	22
1978	9	32
1978	10	23
1978	11	24
1978	12	19
1979	1	19
1979	2	20
1979	3	29
1979	4	59
1979	5	126
1979	6	48
1979	7	13
1979	8	27
1979	9	9
1979	10	10
1979	11	15
1979	12	12
1980	1	18
1980	2	23
1980	3	24
1980	4	170
1980	5	384
1980	6	190
1980	7	50
1980	8	22
1980	9	23
1980	10	23
1980	11	22
1980	12	21
1981	1	16
1981	2	22
1981	3	28
1981	4	123
1981	5	232
1981	6	132
1981	7	26
1981	8	15
1981	9	24
1981	10	25
1981	11	24
1981	12	24
1982	1	20
1982	2	27
1982	3	46
1982	4	155
1982	5	521
1982	6	232
1982	7	104
1982	8	35
1982	9	61
1982	10	66
1982	11	53
1982	12	40
1983	1	34
1983	2	38
1983	3	76
1983	4	143
1983	5	552
1983	6	811
1983	7	193
1983	8	85
1983	9	69
1983	10	48
1983	11	50
1983	12	54
1984	1	49
1984	2	47
1984	3	67
1984	4	174
1984	5	681
1984	6	429
1984	7	139
1984	8	89
1984	9	68
1984	10	62
1984	11	60
1984	12	46
1985	1	42
1985	2	39
1985	3	64
1985	4	327
1985	5	438
1985	6	162
1985	7	66
1985	8	31
1985	9	34
1985	10	39
1985	11	42
1985	12	36
1986	1	36
1986	2	94
1986	3	167
1986	4	378
1986	5	775
1986	6	538
1986	7	128
1986	8	59
1986	9	63
1986	10	53
1986	11	47
1986	12	31
1987	1	26
1987	2	31
1987	3	53
1987	4	121
1987	5	130
1987	6	48
1987	7	16
1987	8	27
1987	9	17
1987	10	16
1987	11	19
1987	12	19
1988	1	18
1988	2	20
1988	3	33
1988	4	61
1988	5	108
1988	6	43
1988	7	11
1988	8	10
1988	9	10
1988	10	10
1988	11	19
1988	12	16
1989	1	17
1989	2	17
1989	3	49
1989	4	100
1989	5	141
1989	6	82
1989	7	20
1989	8	18
1989	9	15
1989	10	19
1989	11	19
1989	12	16
1990	1	17
1990	2	18
1990	3	37
1990	4	71
1990	5	84
1990	6	68
1990	7	15
1990	8	13
1990	9	9
1990	10	14
1990	11	18
1990	12	14
1991	1	14
1991	2	15
1991	3	21
1991	4	38
1991	5	164
1991	6	180
1991	7	35
1991	8	30
1991	9	25
1991	10	20
1991	11	30
1991	12	20
1992	1	19
1992	2	20
1992	3	32
1992	4	47
1992	5	79
1992	6	33
1992	7	12
1992	8	11
1992	9	7
1992	10	7
1992	11	15
1992	12	16
1993	1	15
1993	2	15
1993	3	47
1993	4	113
1993	5	597
1993	6	312
1993	7	95
1993	8	50
1993	9	25
1993	10	31
1993	11	25
1993	12	22
1994	1	21
1994	2	26
1994	3	43
1994	4	85
1994	5	156
1994	6	44
1994	7	12
1994	8	12
1994	9	18
1994	10	26
1994	11	22
1994	12	17
1995	1	16
1995	2	23
1995	3	65
1995	4	79
1995	5	296
1995	6	391
1995	7	134
1995	8	42
1995	9	31
1995	10	27
1995	11	31
1995	12	30
1996	1	24
1996	2	24
1996	3	52
1996	4	175
1996	5	329
1996	6	198
1996	7	53
1996	8	25
1996	9	23
1996	10	26
1996	11	32
1996	12	31
1997	1	36
1997	2	27
1997	3	75
1997	4	167
1997	5	499
1997	6	264
1997	7	55
1997	8	46
1997	9	39
1997	10	33
1997	11	29
1997	12	21
1998	1	26
1998	2	27
1998	3	57
1998	4	113
1998	5	321
1998	6	423
1998	7	168
1998	8	55
1998	9	48
1998	10	46
1998	11	46
1998	12	32
1999	1	32
1999	2	43
1999	3	68
1999	4	131
1999	5	478
1999	6	288
1999	7	71
1999	8	43
1999	9	37
1999	10	26
1999	11	24
1999	12	22
2000	1	26
2000	2	29
2000	3	35
2000	4	75
2000	5	112
2000	6	45
2000	7	11
2000	8	11
2000	9	13
2000	10	19
2000	11	18
2000	12	16
2001	1	15
2001	2	16
2001	3	35
2001	4	75
2001	5	130
2001	6	33
2001	7	12
2001	8	8
2001	9	6
2001	10	11
2001	11	17
2001	12	14
2002	1	13
2002	2	18
2002	3	33
2002	4	77
2002	5	136
2002	6	47
2002	7	6
2002	8	3
2002	9	9
2002	10	18
2002	11	16
2002	12	13
2003	1	13
2003	2	14
2003	3	38
2003	4	60
2003	5	150
2003	6	63
2003	7	12
2003	8	9
2003	9	9
2003	10	12
2003	11	18
2003	12	15
2004	1	14
2004	2	15
2004	3	36
2004	4	69
2004	5	97
2004	6	42
2004	7	12
2004	8	10
2004	9	6
2004	10	20
2004	11	24
2004	12	18
2005	1	20
2005	2	20
2005	3	32
2005	4	121
2005	5	411
2005	6	222
2005	7	53
2005	8	18
2005	9	21
2005	10	21
2005	11	23
2005	12	24
2006	1	22
2006	2	21
2006	3	36
2006	4	152
2006	5	276
2006	6	107
2006	7	22
2006	8	17
2006	9	20
2006	10	31
2006	11	28
2006	12	23
2007	1	22
2007	2	27
2007	3	83
2007	4	108
2007	5	186
2007	6	58
2007	7	9
2007	8	11
2007	9	14
2007	10	21
2007	11	14
2007	12	13
2008	1	15
2008	2	15
2008	3	23
2008	4	67
2008	5	294
2008	6	260
2008	7	52
2008	8	17
2008	9	23
2008	10	20
2008	11	20
2008	12	17
2009	1	19
2009	2	20
2009	3	33
2009	4	126
2009	5	336
2009	6	262
2009	7	75
2009	8	24
2009	9	23
2009	10	26
2009	11	22
2009	12	15
2010	1	18
2010	2	18
2010	3	24
2010	4	82
2010	5	197
2010	6	327
2010	7	42
2010	8	14
2010	9	14
2010	10	30
2010	11	29
2010	12	32
2011	1	31
2011	2	27
2011	3	50
2011	4	236
2011	5	702
2011	6	787
2011	7	272
2011	8	65
2011	9	37
2011	10	43
2011	11	41
2011	12	29
2012	1	28
2012	2	29
2012	3	85
2012	4	96
2012	5	90
2012	6	14
2012	7	4
2012	8	4
2012	9	6
2012	10	10
2012	11	15
2012	12	14
2013	1	10
2013	2	13
2013	3	25
2013	4	49
2013	5	125
2013	6	40
2013	7	6
2013	8	4
2013	9	12
2013	10	16
2013	11	15
2013	12	13
2014	1	14
2014	2	32
2014	3	28
2014	4	70
2014	5	164
2014	6	65
2014	7	12
2014	8	21
2014	9	24
2014	10	24
2014	11	22
2014	12	19
2015	1	20
2015	2	27
2015	3	27
2015	4	40
2015	5	111
2015	6	66
2015	7	6
2015	8	9
2015	9	15
