1940	1	7
1940	2	15
1940	3	14
1940	4	78
1940	5	326
1940	6	441
1940	7	353
1940	8	323
1940	9	93
1940	10	158
1940	11	61
1940	12	7
1941	1	7
1941	2	4
1941	3	5
1941	4	54
1941	5	988
1941	6	548
1941	7	504
1941	8	395
1941	9	378
1941	10	63
1941	11	40
1941	12	218
1942	1	248
1942	2	167
1942	3	113
1942	4	744
1942	5	775
1942	6	459
1942	7	620
1942	8	480
1942	9	363
1942	10	139
1942	11	49
1942	12	14
1943	1	6
1943	2	17
1943	3	67
1943	4	381
1943	5	459
1943	6	328
1943	7	512
1943	8	343
1943	9	333
1943	10	66
1943	11	61
1943	12	12
1944	1	6
1944	2	6
1944	3	64
1944	4	187
1944	5	562
1944	6	497
1944	7	606
1944	8	525
1944	9	457
1944	10	139
1944	11	73
1944	12	8
1945	1	6
1945	2	6
1945	3	6
1945	4	69
1945	5	376
1945	6	243
1945	7	545
1945	8	336
1945	9	399
1945	10	97
1945	11	39
1945	12	10
1946	1	4
1946	2	4
1946	3	5
1946	4	334
1946	5	294
1946	6	522
1946	7	538
1946	8	356
1946	9	339
1946	10	53
1946	11	35
1946	12	3
1947	1	4
1947	2	5
1947	3	5
1947	4	94
1947	5	211
1947	6	141
1947	7	542
1947	8	420
1947	9	489
1947	10	116
1947	11	25
1947	12	14
1948	1	12
1948	2	12
1948	3	55
1948	4	487
1948	5	485
1948	6	280
1948	7	640
1948	8	461
1948	9	420
1948	10	103
1948	11	11
1948	12	5
1949	1	5
1949	2	5
1949	3	6
1949	4	170
1949	5	395
1949	6	421
1949	7	540
1949	8	529
1949	9	493
1949	10	172
1949	11	60
1949	12	17
1950	1	4
1950	2	4
1950	3	4
1950	4	340
1950	5	293
1950	6	443
1950	7	463
1950	8	461
1950	9	335
1950	10	137
1950	11	25
1950	12	9
1951	1	1
1951	2	1
1951	3	11
1951	4	152
1951	5	246
1951	6	356
1951	7	347
1951	8	242
1951	9	206
1951	10	83
1951	11	26
1951	12	2
1952	1	2
1952	2	3
1952	3	4
1952	4	5
1952	5	415
1952	6	407
1952	7	568
1952	8	412
1952	9	434
1952	10	202
1952	11	51
1952	12	2
1953	1	4
1953	2	6
1953	3	5
1953	4	237
1953	5	254
1953	6	371
1953	7	477
1953	8	368
1953	9	349
1953	10	136
1953	11	38
1953	12	2
1954	1	2
1954	2	2
1954	3	3
1954	4	242
1954	5	233
1954	6	432
1954	7	329
1954	8	344
1954	9	82
1954	10	55
1954	11	72
1954	12	3
1955	1	3
1955	2	4
1955	3	24
1955	4	114
1955	5	360
1955	6	135
1955	7	348
1955	8	150
1955	9	130
1955	10	51
1955	11	45
1955	12	5
1956	1	3
1956	2	4
1956	3	237
1956	4	186
1956	5	185
1956	6	166
1956	7	196
1956	8	83
1956	9	28
1956	10	43
1956	11	51
1956	12	9
1957	1	11
1957	2	74
1957	3	137
1957	4	34
1957	5	41
1957	6	14
1957	7	330
1957	8	311
1957	9	201
1957	10	61
1957	11	34
1957	12	11
1958	1	9
1958	2	9
1958	3	9
1958	4	165
1958	5	651
1958	6	463
1958	7	566
1958	8	460
1958	9	294
1958	10	122
1958	11	53
1958	12	5
1959	1	5
1959	2	114
1959	3	143
1959	4	233
1959	5	344
1959	6	266
1959	7	323
1959	8	246
1959	9	130
1959	10	53
1959	11	68
1959	12	2
1960	1	4
1960	2	71
1960	3	133
1960	4	209
1960	5	248
1960	6	176
1960	7	232
1960	8	160
1960	9	40
1960	10	46
1960	11	59
1960	12	3
1961	1	5
1961	2	32
1961	3	139
1961	4	87
1961	5	327
1961	6	212
1961	7	182
1961	8	91
1961	9	46
1961	10	167
1961	11	62
1961	12	12
1962	1	12
1962	2	13
1962	3	14
1962	4	82
1962	5	294
1962	6	286
1962	7	454
1962	8	384
1962	9	230
1962	10	67
1962	11	73
1962	12	24
1963	1	3
1963	2	80
1963	3	192
1963	4	126
1963	5	280
1963	6	89
1963	7	235
1963	8	124
1963	9	43
1963	10	78
1963	11	57
1963	12	7
1964	1	2
1964	2	19
1964	3	54
1964	4	117
1964	5	176
1964	6	86
1964	7	322
1964	8	235
1964	9	78
1964	10	77
1964	11	43
1964	12	2
1965	1	2
1965	2	57
1965	3	131
1965	4	240
1965	5	207
1965	6	69
1965	7	255
1965	8	180
1965	9	254
1965	10	160
1965	11	69
1965	12	2
1966	1	2
1966	2	3
1966	3	4
1966	4	206
1966	5	298
1966	6	305
1966	7	318
1966	8	292
1966	9	89
1966	10	74
1966	11	64
1966	12	10
1967	1	4
1967	2	80
1967	3	160
1967	4	146
1967	5	303
1967	6	78
1967	7	376
1967	8	321
1967	9	123
1967	10	107
1967	11	71
1967	12	5
1968	1	6
1968	2	109
1968	3	151
1968	4	7
1968	5	352
1968	6	147
1968	7	470
1968	8	251
1968	9	364
1968	10	117
1968	11	64
1968	12	17
1969	1	5
1969	2	91
1969	3	231
1969	4	420
1969	5	585
1969	6	463
1969	7	510
1969	8	470
1969	9	269
1969	10	132
1969	11	71
1969	12	25
1970	1	129
1970	2	182
1970	3	138
1970	4	282
1970	5	396
1970	6	194
1970	7	463
1970	8	422
1970	9	254
1970	10	112
1970	11	42
1970	12	2
1971	1	2
1971	2	2
1971	3	2
1971	4	154
1971	5	389
1971	6	263
1971	7	464
1971	8	315
1971	9	75
1971	10	59
1971	11	27
1971	12	16
1972	1	6
1972	2	10
1972	3	23
1972	4	221
1972	5	419
1972	6	269
1972	7	462
1972	8	301
1972	9	38
1972	10	57
1972	11	30
1972	12	5
1973	1	8
1973	2	8
1973	3	9
1973	4	146
1973	5	758
1973	6	789
1973	7	555
1973	8	534
1973	9	319
1973	10	112
1973	11	50
1973	12	14
1974	1	31
1974	2	274
1974	3	86
1974	4	37
1974	5	449
1974	6	423
1974	7	422
1974	8	414
1974	9	120
1974	10	80
1974	11	67
1974	12	11
1975	1	3
1975	2	3
1975	3	4
1975	4	72
1975	5	347
1975	6	114
1975	7	422
1975	8	406
1975	9	169
1975	10	61
1975	11	73
1975	12	7
1976	1	4
1976	2	4
1976	3	4
1976	4	155
1976	5	446
1976	6	369
1976	7	339
1976	8	300
1976	9	52
1976	10	64
1976	11	72
1976	12	4
1977	1	3
1977	2	68
1977	3	47
1977	4	62
1977	5	262
1977	6	168
1977	7	277
1977	8	183
1977	9	31
1977	10	78
1977	11	93
1977	12	49
1978	1	14
1978	2	61
1978	3	94
1978	4	42
1978	5	315
1978	6	177
1978	7	396
1978	8	302
1978	9	97
1978	10	51
1978	11	56
1978	12	1
1979	1	5
1979	2	94
1979	3	169
1979	4	107
1979	5	541
1979	6	586
1979	7	526
1979	8	504
1979	9	230
1979	10	137
1979	11	29
1979	12	6
1980	1	106
1980	2	248
1980	3	210
1980	4	417
1980	5	735
1980	6	523
1980	7	400
1980	8	509
1980	9	136
1980	10	201
1980	11	253
1980	12	252
1981	1	38
1981	2	7
1981	3	261
1981	4	305
1981	5	355
1981	6	402
1981	7	471
1981	8	449
1981	9	73
1981	10	42
1981	11	32
1981	12	18
1982	1	18
1982	2	68
1982	3	153
1982	4	167
1982	5	374
1982	6	245
1982	7	499
1982	8	339
1982	9	225
1982	10	86
1982	11	35
1982	12	239
1983	1	164
1983	2	394
1983	3	417
1983	4	370
1983	5	1017
1983	6	1862
1983	7	643
1983	8	353
1983	9	405
1983	10	302
1983	11	285
1983	12	255
1984	1	383
1984	2	597
1984	3	408
1984	4	550
1984	5	379
1984	6	243
1984	7	450
1984	8	307
1984	9	235
1984	10	96
1984	11	166
1984	12	460
1985	1	316
1985	2	323
1985	3	214
1985	4	475
1985	5	601
1985	6	324
1985	7	416
1985	8	577
1985	9	432
1985	10	60
1985	11	15
1985	12	4
1986	1	9
1986	2	259
1986	3	221
1986	4	377
1986	5	193
1986	6	219
1986	7	391
1986	8	454
1986	9	122
1986	10	14
1986	11	12
1986	12	8
1987	1	126
1987	2	271
1987	3	232
1987	4	426
1987	5	370
1987	6	443
1987	7	399
1987	8	411
1987	9	143
1987	10	60
1987	11	24
1987	12	21
1988	1	10
1988	2	39
1988	3	270
1988	4	387
1988	5	370
1988	6	349
1988	7	548
1988	8	471
1988	9	184
1988	10	86
1988	11	27
1988	12	3
1989	1	4
1989	2	4
1989	3	215
1989	4	448
1989	5	404
1989	6	401
1989	7	379
1989	8	376
1989	9	114
1989	10	34
1989	11	15
1989	12	7
1990	1	7
1990	2	73
1990	3	71
1990	4	144
1990	5	394
1990	6	270
1990	7	315
1990	8	314
1990	9	38
1990	10	43
1990	11	29
1990	12	4
1991	1	4
1991	2	136
1991	3	45
1991	4	50
1991	5	319
1991	6	141
1991	7	323
1991	8	270
1991	9	38
1991	10	77
1991	11	25
1991	12	9
1992	1	7
1992	2	160
1992	3	7
1992	4	120
1992	5	312
1992	6	344
1992	7	293
1992	8	293
1992	9	83
1992	10	47
1992	11	22
1992	12	4
1993	1	7
1993	2	109
1993	3	46
1993	4	42
1993	5	509
1993	6	532
1993	7	456
1993	8	503
1993	9	223
1993	10	69
1993	11	17
1993	12	10
1994	1	62
1994	2	106
1994	3	196
1994	4	302
1994	5	333
1994	6	455
1994	7	397
1994	8	349
1994	9	114
1994	10	24
1994	11	13
1994	12	4
1995	1	4
1995	2	5
1995	3	5
1995	4	171
1995	5	557
1995	6	827
1995	7	426
1995	8	573
1995	9	340
1995	10	79
1995	11	13
1995	12	228
1996	1	160
1996	2	148
1996	3	188
1996	4	363
1996	5	289
1996	6	425
1996	7	385
1996	8	378
1996	9	75
1996	10	37
1996	11	6
1996	12	2
1997	1	3
1997	2	13
1997	3	114
1997	4	151
1997	5	224
1997	6	228
1997	7	502
1997	8	305
1997	9	157
1997	10	37
1997	11	14
1997	12	6
1998	1	6
1998	2	222
1998	3	302
1998	4	375
1998	5	478
1998	6	487
1998	7	424
1998	8	535
1998	9	160
1998	10	60
1998	11	275
1998	12	234
1999	1	296
1999	2	60
1999	3	146
1999	4	211
1999	5	245
1999	6	301
1999	7	437
1999	8	457
1999	9	249
1999	10	150
1999	11	28
1999	12	145
2000	1	160
2000	2	190
2000	3	165
2000	4	278
2000	5	293
2000	6	416
2000	7	376
2000	8	351
2000	9	64
2000	10	41
2000	11	2
2000	12	1
2001	1	2
2001	2	2
2001	3	2
2001	4	206
2001	5	275
2001	6	458
2001	7	374
2001	8	424
2001	9	169
2001	10	40
2001	11	14
2001	12	5
2002	1	5
2002	2	6
2002	3	112
2002	4	157
2002	5	426
2002	6	361
2002	7	326
2002	8	271
2002	9	61
2002	10	66
2002	11	10
2002	12	0
2003	1	0
2003	2	0
2003	3	0
2003	4	127
2003	5	384
2003	6	337
2003	7	366
2003	8	224
