1943	1	715
1943	2	626
1943	3	699
1943	4	673
1943	5	590
1943	6	627
1943	7	640
1943	8	689
1943	9	689
1943	10	778
1943	11	690
1943	12	695
1944	1	795
1944	2	789
1944	3	778
1944	4	767
1944	5	655
1944	6	620
1944	7	702
1944	8	628
1944	9	593
1944	10	695
1944	11	665
1944	12	649
1945	1	641
1945	2	714
1945	3	652
1945	4	733
1945	5	673
1945	6	681
1945	7	645
1945	8	698
1945	9	541
1945	10	669
1945	11	731
1945	12	665
1946	1	626
1946	2	676
1946	3	625
1946	4	675
1946	5	702
1946	6	619
1946	7	638
1946	8	625
1946	9	640
1946	10	703
1946	11	705
1946	12	648
1947	1	670
1947	2	639
1947	3	682
1947	4	633
1947	5	607
1947	6	601
1947	7	503
1947	8	536
1947	9	515
1947	10	674
1947	11	651
1947	12	621
1948	1	660
1948	2	620
1948	3	650
1948	4	599
1948	5	612
1948	6	585
1948	7	559
1948	8	528
1948	9	572
1948	10	686
1948	11	652
1948	12	567
1949	1	767
1949	2	697
1949	3	655
1949	4	615
1949	5	620
1949	6	590
1949	7	549
1949	8	551
1949	9	549
1949	10	661
1949	11	616
1949	12	590
1950	1	610
1950	2	574
1950	3	608
1950	4	614
1950	5	640
1950	6	584
1950	7	661
1950	8	583
1950	9	621
1950	10	742
1950	11	742
1950	12	645
1951	1	649
1951	2	692
1951	3	744
1951	4	804
1951	5	597
1951	6	667
1951	7	643
1951	8	577
1951	9	620
1951	10	790
1951	11	739
1951	12	599
1952	1	595
1952	2	677
1952	3	759
1952	4	776
1952	5	750
1952	6	700
1952	7	772
1952	8	743
1952	9	739
1952	10	836
1952	11	656
1952	12	650
1953	1	614
1953	2	731
1953	3	727
1953	4	786
1953	5	852
1953	6	763
1953	7	789
1953	8	712
1953	9	763
1953	10	810
1953	11	759
1953	12	648
1954	1	649
1954	2	671
1954	3	809
1954	4	748
1954	5	827
1954	6	716
1954	7	689
1954	8	635
1954	9	758
1954	10	690
1954	11	507
1954	12	461
1955	1	424
1955	2	515
1955	3	559
1955	4	591
1955	5	575
1955	6	493
1955	7	523
1955	8	577
1955	9	580
1955	10	605
1955	11	582
1955	12	529
1956	1	507
1956	2	537
1956	3	603
1956	4	751
1956	5	595
1956	6	512
1956	7	664
1956	8	646
1956	9	571
1956	10	626
1956	11	556
1956	12	525
1957	1	517
1957	2	520
1957	3	578
1957	4	640
1957	5	597
1957	6	556
1957	7	504
1957	8	522
1957	9	577
1957	10	665
1957	11	513
1957	12	478
1958	1	488
1958	2	471
1958	3	580
1958	4	619
1958	5	598
1958	6	561
1958	7	543
1958	8	574
1958	9	595
1958	10	680
1958	11	519
1958	12	476
1959	1	514
1959	2	537
1959	3	617
1959	4	678
1959	5	615
1959	6	563
1959	7	532
1959	8	598
1959	9	681
1959	10	755
1959	11	540
1959	12	559
1960	1	469
1960	2	586
1960	3	659
1960	4	774
1960	5	638
1960	6	591
1960	7	625
1960	8	600
1960	9	665
1960	10	695
1960	11	549
1960	12	502
1961	1	517
1961	2	602
1961	3	693
1961	4	712
1961	5	649
1961	6	589
1961	7	570
1961	8	595
1961	9	665
1961	10	652
1961	11	519
1961	12	476
1962	1	606
1962	2	500
1962	3	659
1962	4	700
1962	5	635
1962	6	600
1962	7	579
1962	8	601
1962	9	704
1962	10	665
1962	11	576
1962	12	706
1963	1	563
1963	2	751
1963	3	759
1963	4	752
1963	5	606
1963	6	607
1963	7	617
1963	8	646
1963	9	807
1963	10	718
1963	11	580
1963	12	514
1964	1	524
1964	2	580
1964	3	659
1964	4	626
1964	5	485
1964	6	435
1964	7	442
1964	8	459
1964	9	511
1964	10	521
1964	11	408
1964	12	396
1965	1	398
1965	2	458
1965	3	515
1965	4	540
1965	5	492
1965	6	471
1965	7	491
1965	8	540
1965	9	574
1965	10	533
1965	11	412
1965	12	499
1966	1	443
1966	2	489
1966	3	606
1966	4	602
1966	5	539
1966	6	533
1966	7	494
1966	8	526
1966	9	556
1966	10	597
1966	11	502
1966	12	460
1967	1	474
1967	2	518
1967	3	625
1967	4	624
1967	5	529
1967	6	524
1967	7	475
1967	8	479
1967	9	595
1967	10	619
1967	11	504
1967	12	385
1968	1	491
1968	2	535
1968	3	622
1968	4	616
1968	5	568
1968	6	483
1968	7	496
1968	8	484
1968	9	567
1968	10	558
1968	11	456
1968	12	467
1969	1	464
1969	2	533
1969	3	612
1969	4	614
1969	5	568
1969	6	494
1969	7	480
1969	8	485
1969	9	503
1969	10	568
1969	11	461
1969	12	437
1970	1	507
1970	2	519
1970	3	625
1970	4	705
1970	5	618
1970	6	533
1970	7	508
1970	8	481
1970	9	485
1970	10	545
1970	11	488
1970	12	453
1971	1	539
1971	2	576
1971	3	679
1971	4	695
1971	5	609
1971	6	562
1971	7	574
1971	8	581
1971	9	585
1971	10	610
1971	11	505
1971	12	490
1972	1	562
1972	2	593
1972	3	658
1972	4	682
1972	5	595
1972	6	523
1972	7	515
1972	8	537
1972	9	570
1972	10	619
1972	11	525
1972	12	525
1973	1	594
1973	2	588
1973	3	640
1973	4	730
1973	5	666
1973	6	559
1973	7	540
1973	8	543
1973	9	582
1973	10	589
1973	11	537
1973	12	532
1974	1	527
1974	2	627
1974	3	672
1974	4	750
1974	5	679
1974	6	572
1974	7	573
1974	8	581
1974	9	609
1974	10	598
1974	11	549
1974	12	497
1975	1	580
1975	2	598
1975	3	668
1975	4	739
1975	5	712
1975	6	555
1975	7	531
1975	8	537
1975	9	610
1975	10	613
1975	11	531
1975	12	523
1976	1	550
1976	2	573
1976	3	695
1976	4	716
1976	5	700
1976	6	541
1976	7	541
1976	8	540
1976	9	802
1976	10	533
1976	11	486
1976	12	511
1977	1	524
1977	2	536
1977	3	589
1977	4	686
1977	5	623
1977	6	532
1977	7	569
1977	8	913
1977	9	490
1977	10	470
1977	11	442
1977	12	458
1978	1	387
1978	2	478
1978	3	579
1978	4	721
1978	5	631
1978	6	509
1978	7	538
1978	8	537
1978	9	555
1978	10	563
1978	11	511
1978	12	499
1979	1	466
1979	2	541
1979	3	642
1979	4	769
1979	5	692
1979	6	678
1979	7	808
1979	8	669
1979	9	621
1979	10	629
1979	11	545
1979	12	516
1980	1	525
1980	2	512
1980	3	668
1980	4	817
1980	5	668
1980	6	570
1980	7	622
1980	8	696
1980	9	688
1980	10	636
1980	11	562
1980	12	540
1981	1	544
1981	2	583
1981	3	676
1981	4	788
1981	5	665
1981	6	569
1981	7	609
1981	8	655
1981	9	600
1981	10	546
1981	11	490
1981	12	447
1982	1	557
1982	2	568
1982	3	645
1982	4	723
1982	5	622
1982	6	469
1982	7	478
1982	8	559
1982	9	531
1982	10	512
1982	11	448
1982	12	704
1983	1	528
1983	2	612
1983	3	721
1983	4	770
1983	5	677
1983	6	587
1983	7	607
1983	8	754
1983	9	716
1983	10	702
1983	11	614
1983	12	613
1984	1	616
1984	2	688
1984	3	754
1984	4	853
1984	5	780
1984	6	658
1984	7	721
1984	8	753
1984	9	703
1984	10	699
1984	11	632
1984	12	605
1985	1	532
1985	2	655
1985	3	697
1985	4	813
1985	5	773
1985	6	634
1985	7	673
1985	8	694
1985	9	725
1985	10	672
1985	11	661
1985	12	582
1986	1	644
1986	2	665
1986	3	785
1986	4	879
1986	5	764
1986	6	663
1986	7	686
1986	8	676
1986	9	709
1986	10	746
1986	11	637
1986	12	632
1987	1	633
1987	2	696
1987	3	754
1987	4	814
1987	5	761
1987	6	614
1987	7	620
1987	8	680
1987	9	676
1987	10	711
1987	11	628
1987	12	654
1988	1	670
1988	2	662
1988	3	796
1988	4	865
1988	5	728
1988	6	628
1988	7	626
1988	8	750
1988	9	634
1988	10	653
1988	11	587
1988	12	614
1989	1	593
1989	2	619
1989	3	678
1989	4	732
1989	5	674
1989	6	585
1989	7	588
1989	8	628
1989	9	602
1989	10	627
1989	11	555
1989	12	518
1990	1	558
1990	2	596
1990	3	670
1990	4	702
1990	5	651
1990	6	587
1990	7	571
1990	8	604
1990	9	568
1990	10	581
1990	11	515
1990	12	525
1991	1	535
1991	2	558
1991	3	588
1991	4	683
1991	5	669
1991	6	606
1991	7	580
1991	8	591
1991	9	576
1991	10	558
1991	11	510
1991	12	483
1992	1	479
1992	2	528
1992	3	670
1992	4	759
1992	5	701
1992	6	561
1992	7	530
1992	8	576
1992	9	530
1992	10	581
1992	11	475
1992	12	507
1993	1	687
1993	2	535
1993	3	800
1993	4	953
1993	5	765
1993	6	642
1993	7	626
1993	8	647
1993	9	630
1993	10	634
1993	11	590
1993	12	615
1994	1	594
1994	2	626
1994	3	767
1994	4	822
1994	5	780
1994	6	641
1994	7	600
1994	8	635
1994	9	596
1994	10	596
1994	11	505
1994	12	536
1995	1	534
1995	2	597
1995	3	725
1995	4	807
1995	5	749
1995	6	701
1995	7	678
1995	8	641
1995	9	593
1995	10	602
1995	11	502
1995	12	530
1996	1	503
1996	2	606
1996	3	733
1996	4	779
1996	5	748
1996	6	659
1996	7	615
1996	8	587
1996	9	606
1996	10	580
1996	11	502
1996	12	451
1997	1	499
1997	2	631
1997	3	778
1997	4	790
1997	5	713
1997	6	659
1997	7	655
1997	8	693
1997	9	730
1997	10	640
1997	11	604
1997	12	600
1998	1	588
1998	2	614
1998	3	829
1998	4	883
1998	5	748
1998	6	634
1998	7	683
1998	8	704
1998	9	606
1998	10	656
1998	11	590
1998	12	567
1999	1	592
1999	2	616
1999	3	796
1999	4	807
1999	5	787
1999	6	699
1999	7	658
1999	8	669
1999	9	605
1999	10	660
1999	11	605
1999	12	600
2000	1	593
2000	2	609
2000	3	725
2000	4	765
2000	5	731
2000	6	658
2000	7	622
2000	8	612
2000	9	583
2000	10	625
2000	11	542
2000	12	535
2001	1	538
2001	2	619
2001	3	704
2001	4	806
2001	5	740
2001	6	631
2001	7	659
2001	8	649
2001	9	607
2001	10	591
2001	11	537
2001	12	513
2002	1	519
2002	2	595
2002	3	683
2002	4	742
2002	5	703
2002	6	609
2002	7	600
2002	8	606
2002	9	576
2002	10	577
2002	11	498
2002	12	476
2003	1	513
2003	2	540
2003	3	645
2003	4	736
2003	5	666
2003	6	567
2003	7	551
2003	8	544
2003	9	512
2003	10	556
2003	11	470
2003	12	467
2004	1	462
2004	2	563
2004	3	676
2004	4	756
2004	5	687
2004	6	616
2004	7	580
2004	8	568
2004	9	553
2004	10	690
2004	11	618
2004	12	445
2005	1	461
2005	2	569
2005	3	811
2005	4	825
2005	5	729
2005	6	620
2005	7	621
2005	8	630
2005	9	539
2005	10	586
2005	11	580
2005	12	502
2006	1	487
2006	2	572
2006	3	667
2006	4	719
2006	5	695
2006	6	618
2006	7	599
2006	8	551
2006	9	541
2006	10	590
2006	11	479
2006	12	479
2007	1	489
2007	2	685
2007	3	744
2007	4	767
2007	5	637
2007	6	590
2007	7	618
2007	8	530
2007	9	478
2007	10	480
2007	11	429
2007	12	437
2008	1	431
2008	2	550
2008	3	698
2008	4	718
2008	5	632
2008	6	528
2008	7	526
2008	8	501
2008	9	570
2008	10	537
2008	11	510
2008	12	439
2009	1	507
2009	2	515
2009	3	640
2009	4	699
2009	5	585
2009	6	475
2009	7	453
2009	8	418
2009	9	479
2009	10	547
2009	11	526
2009	12	419
2010	1	510
2010	2	452
2010	3	616
2010	4	694
2010	5	580
2010	6	533
2010	7	510
2010	8	490
2010	9	695
2010	10	742
2010	11	653
2010	12	488
2011	1	455
2011	2	530
2011	3	653
2011	4	722
2011	5	619
2011	6	529
2011	7	534
2011	8	510
2011	9	528
2011	10	543
2011	11	460
2011	12	457
2012	1	440
2012	2	524
2012	3	684
2012	4	791
2012	5	665
2012	6	560
2012	7	585
2012	8	581
2012	9	586
2012	10	658
2012	11	490
2012	12	417
2013	1	474
2013	2	594
2013	3	602
2013	4	704
2013	5	585
2013	6	487
2013	7	446
2013	8	463
2013	9	625
2013	10	665
2013	11	600
2013	12	424
2014	1	555
2014	2	543
2014	3	665
2014	4	723
2014	5	590
2014	6	516
2014	7	479
2014	8	476
2014	9	418
2014	10	501
2014	11	475
2014	12	420
2015	1	487
2015	2	490
2015	3	577
2015	4	632
2015	5	584
2015	6	523
2015	7	484
2015	8	515
2015	9	516
