1947	10	46
1947	11	35
1947	12	34
1948	1	34
1948	2	31
1948	3	38
1948	4	78
1948	5	221
1948	6	288
1948	7	232
1948	8	146
1948	9	102
1948	10	46
1948	11	35
1948	12	31
1949	1	30
1949	2	38
1949	3	35
1949	4	121
1949	5	263
1949	6	275
1949	7	217
1949	8	141
1949	9	95
1949	10	53
1949	11	41
1949	12	35
1950	1	36
1950	2	34
1950	3	42
1950	4	182
1950	5	285
1950	6	310
1950	7	250
1950	8	164
1950	9	120
1950	10	66
1950	11	178
1950	12	492
1951	1	122
1951	2	127
1951	3	131
1951	4	226
1951	5	395
1951	6	520
1951	7	269
1951	8	172
1951	9	152
1951	10	66
1951	11	50
1951	12	54
1952	1	46
1952	2	51
1952	3	243
1952	4	525
1952	5	808
1952	6	815
1952	7	725
1952	8	315
1952	9	193
1952	10	117
1952	11	116
1952	12	51
1953	1	47
1953	2	64
1953	3	71
1953	4	173
1953	5	276
1953	6	503
1953	7	455
1953	8	207
1953	9	173
1953	10	81
1953	11	54
1953	12	53
1954	1	46
1954	2	40
1954	3	41
1954	4	172
1954	5	349
1954	6	297
1954	7	264
1954	8	165
1954	9	94
1954	10	58
1954	11	47
1954	12	43
1955	1	37
1955	2	36
1955	3	41
1955	4	74
1955	5	248
1955	6	321
1955	7	227
1955	8	151
1955	9	113
1955	10	50
1955	11	40
1955	12	264
1956	1	86
1956	2	51
1956	3	70
1956	4	251
1956	5	564
1956	6	1171
1956	7	692
1956	8	279
1956	9	166
1956	10	91
1956	11	113
1956	12	58
1957	1	45
1957	2	46
1957	3	82
1957	4	141
1957	5	334
1957	6	534
1957	7	316
1957	8	175
1957	9	124
1957	10	60
1957	11	53
1957	12	41
1958	1	42
1958	2	43
1958	3	49
1958	4	208
1958	5	623
1958	6	976
1958	7	469
1958	8	279
1958	9	203
1958	10	128
1958	11	60
1958	12	53
1959	1	42
1959	2	51
1959	3	45
1959	4	168
1959	5	287
1959	6	300
1959	7	191
1959	8	75
1959	9	43
1959	10	47
1959	11	38
1959	12	32
1960	1	35
1960	2	45
1960	3	40
1960	4	156
1960	5	230
1960	6	261
1960	7	116
1960	8	38
1960	9	39
1960	10	26
1960	11	29
1960	12	29
1961	1	26
1961	2	26
1961	3	30
1961	4	98
1961	5	204
1961	6	268
1961	7	81
1961	8	76
1961	9	52
1961	10	29
1961	11	20
1961	12	20
1962	1	22
1962	2	53
1962	3	30
1962	4	152
1962	5	279
1962	6	294
1962	7	267
1962	8	157
1962	9	108
1962	10	64
1962	11	38
1962	12	33
1963	1	32
1963	2	167
1963	3	48
1963	4	80
1963	5	409
1963	6	1122
1963	7	336
1963	8	174
1963	9	128
1963	10	75
1963	11	58
1963	12	48
1964	1	44
1964	2	44
1964	3	43
1964	4	121
1964	5	270
1964	6	269
1964	7	213
1964	8	130
1964	9	90
1964	10	52
1964	11	36
1964	12	80
1965	1	51
1965	2	55
1965	3	93
1965	4	203
1965	5	390
1965	6	598
1965	7	575
1965	8	301
1965	9	158
1965	10	63
1965	11	111
1965	12	149
1966	1	129
1966	2	65
1966	3	79
1966	4	243
1966	5	345
1966	6	282
1966	7	193
1966	8	113
1966	9	59
1966	10	52
1966	11	39
1966	12	38
1967	1	43
1967	2	55
1967	3	161
1967	4	207
1967	5	541
1967	6	924
1967	7	993
1967	8	300
1967	9	174
1967	10	63
1967	11	54
1967	12	48
1968	1	51
1968	2	145
1968	3	164
1968	4	193
1968	5	332
1968	6	300
1968	7	228
1968	8	132
1968	9	83
1968	10	41
1968	11	39
1968	12	41
1969	1	116
1969	2	277
1969	3	450
1969	4	348
1969	5	1101
1969	6	1512
1969	7	581
1969	8	255
1969	9	148
1969	10	62
1969	11	60
1969	12	60
1970	1	177
1970	2	157
1970	3	153
1970	4	167
1970	5	313
1970	6	593
1970	7	250
1970	8	197
1970	9	86
1970	10	55
1970	11	47
1970	12	44
1971	1	69
1971	2	56
1971	3	59
1971	4	179
1971	5	334
1971	6	609
1971	7	377
1971	8	223
1971	9	137
1971	10	74
1971	11	55
1971	12	52
1972	1	46
1972	2	51
1972	3	66
1972	4	213
1972	5	322
1972	6	322
1972	7	263
1972	8	154
1972	9	75
1972	10	65
1972	11	44
1972	12	40
1973	1	43
1973	2	46
1973	3	51
1973	4	165
1973	5	480
1973	6	665
1973	7	285
1973	8	208
1973	9	121
1973	10	71
1973	11	70
1973	12	60
1974	1	66
1974	2	63
1974	3	143
1974	4	256
1974	5	372
1974	6	765
1974	7	339
1974	8	218
1974	9	130
1974	10	92
1974	11	66
1974	12	54
1975	1	51
1975	2	54
1975	3	71
1975	4	104
1975	5	522
1975	6	967
1975	7	399
1975	8	234
1975	9	123
1975	10	78
1975	11	61
1975	12	58
1976	1	52
1976	2	49
1976	3	54
1976	4	102
1976	5	294
1976	6	195
1976	7	149
1976	8	68
1976	9	60
1976	10	42
1976	11	33
1976	12	34
1977	1	34
1977	2	32
1977	3	48
1977	4	61
1977	5	92
1977	6	162
1977	7	62
1977	8	38
1977	9	32
1977	10	21
1977	11	25
1977	12	30
1978	1	28
1978	2	30
1978	3	31
1978	4	197
1978	5	231
1978	6	381
1978	7	387
1978	8	264
1978	9	113
1979	4	200
1979	5	519
1979	6	531
1979	7	283
1979	8	170
1979	9	116
1980	4	359
1980	5	675
1980	6	668
1980	7	780
1980	8	323
1980	9	207
1981	4	198
1981	5	280
1981	6	243
1981	7	143
1981	8	123
1981	9	72
1982	4	528
1982	5	680
1982	6	877
1982	7	646
1982	8	297
1982	9	170
1983	4	437
1983	5	405
1983	6	1718
1983	7	1133
1983	8	567
1983	9	290
1984	4	256
1984	5	766
1984	6	724
1984	7	448
1984	8	260
1984	9	169
1985	4	272
1985	5	296
1985	6	292
1985	7	114
1985	8	167
1985	9	92
1986	4	506
1986	5	760
1986	6	1108
1986	7	505
1986	8	265
1986	9	177
1987	4	167
1987	5	273
1987	6	207
1987	7	120
1987	8	92
1987	9	57
1988	4	104
1988	5	212
1988	6	205
1988	7	112
1988	8	85
1988	9	52
1989	4	251
1989	5	333
1989	6	299
1989	7	195
1989	8	141
1989	9	102
1990	4	169
1990	5	221
1990	6	196
1990	7	126
1990	8	59
1990	9	35
1991	4	66
1991	5	235
1991	6	316
1991	7	186
1991	8	108
1991	9	46
1992	4	137
1992	5	284
1992	6	104
1992	7	79
1992	8	72
1992	9	46
1993	4	208
1993	5	395
1993	6	340
1993	7	407
1993	8	243
1993	9	173
1994	4	124
1994	5	251
1994	6	232
1994	7	112
1994	8	71
1994	9	29
1994	10	29
1994	11	30
1994	12	24
1995	1	33
1995	2	40
1995	3	103
1995	4	223
1995	5	690
1995	6	1267
1995	7	1490
1995	8	416
1995	9	182
1995	10	117
1995	11	61
1995	12	54
1996	1	60
1996	2	209
1996	3	259
1996	4	395
1996	5	1090
1996	6	589
1996	7	375
1996	8	240
1996	9	147
1996	10	79
1996	11	59
1996	12	72
1997	1	1063
1997	2	526
1997	3	163
1997	4	517
1997	5	1231
1997	6	797
1997	7	358
1997	8	214
1997	9	132
1997	10	80
1997	11	54
1997	12	49
1998	1	52
1998	2	48
1998	3	88
1998	4	288
1998	5	587
1998	6	939
1998	7	868
1998	8	311
1998	9	144
1998	10	86
1998	11	68
1998	12	67
1999	1	68
1999	2	139
1999	3	138
1999	4	283
1999	5	609
1999	6	1122
1999	7	374
1999	8	240
1999	9	156
1999	10	84
1999	11	37
1999	12	67
2000	1	106
2000	2	82
2000	3	68
2000	4	218
2000	5	323
2000	6	349
2000	7	313
2000	8	172
2000	9	109
2000	10	62
2000	11	35
2000	12	25
2001	1	25
2001	2	39
2001	3	67
2001	4	143
2001	5	326
2001	6	251
2001	7	96
2001	8	70
2001	9	65
2001	10	39
2001	11	34
2001	12	29
2002	1	24
2002	2	36
2002	3	65
2002	4	188
2002	5	236
2002	6	325
2002	7	145
2002	8	98
2002	9	77
2002	10	60
2002	11	33
2002	12	39
2003	1	47
2003	2	33
2003	3	60
2003	4	68
2003	5	230
2003	6	418
2003	7	257
2003	8	136
2003	9	134
2003	10	86
2003	11	52
2003	12	39
2004	1	44
2004	2	43
2004	3	110
2004	4	184
2004	5	308
2004	6	304
2004	7	149
2004	8	91
2004	9	41
2004	10	33
2004	11	27
2004	12	34
2005	1	37
2005	2	45
2005	3	87
2005	4	156
2005	5	711
2005	6	948
2005	7	604
2005	8	159
2005	9	157
2005	10	100
2005	11	46
2005	12	39
2006	1	90
2006	2	59
2006	3	188
2006	4	311
2006	5	1431
2006	6	1153
2006	7	540
2006	8	206
2006	9	162
2006	10	105
2006	11	52
2006	12	44
2007	1	48
2007	2	50
2007	3	88
2007	4	121
2007	5	221
2007	6	180
2007	7	78
2007	8	69
2007	9	60
2007	10	49
2007	11	46
2007	12	43
2008	1	35
2008	2	35
2008	3	54
2008	4	78
2008	5	350
2008	6	327
2008	7	113
2008	8	88
2008	9	65
2008	10	56
2008	11	43
2008	12	39
2009	1	41
2009	2	31
2009	3	93
2009	4	132
2009	5	346
2009	6	286
2009	7	221
2009	8	103
2009	9	112
2009	10	120
2009	11	53
2009	12	58
2010	1	54
2010	2	49
2010	3	78
2010	4	107
2010	5	286
2010	6	657
2010	7	361
2010	8	195
2010	9	143
2010	10	173
2010	11	83
2010	12	61
2011	1	49
2011	2	51
2011	3	278
2011	4	294
2011	5	502
2011	6	1229
2011	7	1000
2011	8	264
2011	9	182
2011	10	131
2011	11	71
2011	12	53
2012	1	57
2012	2	50
2012	3	74
2012	4	139
2012	5	251
2012	6	149
2012	7	91
2012	8	83
2012	9	86
2012	10	60
2012	11	41
2012	12	39
2013	1	44
2013	2	35
2013	3	59
2013	4	126
2013	5	275
2013	6	226
2013	7	73
2013	8	60
2013	9	43
2013	10	38
2013	11	39
2013	12	38
2014	1	34
2014	2	35
2014	3	28
2014	4	101
2014	5	183
2014	6	132
2014	7	47
2014	8	42
2014	9	25
2014	10	20
2014	11	25
2014	12	20
2015	1	25
2015	2	32
2015	3	47
2015	4	64
2015	5	168
2015	6	209
2015	7	74
2015	8	26
2015	9	8
