1943	10	8
1943	11	8
1943	12	8
1944	1	8
1944	2	8
1944	3	12
1944	4	24
1944	5	35
1944	6	24
1944	7	10
1944	8	7
1944	9	6
1944	10	6
1944	11	8
1944	12	7
1945	1	8
1945	2	61
1945	3	37
1945	4	74
1945	5	123
1945	6	67
1945	7	13
1945	8	7
1945	9	7
1945	10	8
1945	11	8
1945	12	9
1946	1	9
1946	2	12
1946	3	49
1946	4	83
1946	5	45
1946	6	14
1946	7	7
1946	8	7
1946	9	7
1946	10	8
1946	11	9
1946	12	10
1947	1	7
1947	2	20
1947	3	20
1947	4	25
1947	5	22
1947	6	8
1947	7	6
1947	8	6
1947	9	6
1947	10	7
1947	11	7
1947	12	7
1948	1	7
1948	2	7
1948	3	9
1948	4	34
1948	5	37
1948	6	21
1948	7	6
1948	8	6
1948	9	6
1948	10	6
1948	11	7
1948	12	6
1949	1	6
1949	2	8
1949	3	13
1949	4	50
1949	5	68
1949	6	21
1949	7	6
1949	8	5
1949	9	6
1949	10	6
1949	11	7
1949	12	6
1950	1	7
1950	2	11
1950	3	25
1950	4	65
1950	5	64
1950	6	28
1950	7	7
1950	8	5
1950	9	5
1950	10	6
1950	11	7
1950	12	17
1951	1	14
1951	2	55
1951	3	61
1951	4	104
1951	5	72
1951	6	16
1951	7	5
1951	8	5
1951	9	5
1951	10	6
1951	11	7
1951	12	7
1952	1	10
1952	2	86
1952	3	52
1952	4	456
1952	5	267
1952	6	125
1952	7	33
1952	8	9
1952	9	6
1952	10	7
1952	11	8
1952	12	8
1953	1	15
1953	2	15
1953	3	15
1953	4	18
1953	5	24
1953	6	37
1953	7	8
1953	8	6
1953	9	6
1953	10	6
1953	11	6
1953	12	6
1954	1	6
1954	2	9
1954	3	13
1954	4	14
1954	5	12
1954	6	6
1954	7	6
1954	8	5
1954	9	6
1954	10	6
1954	11	7
1954	12	7
1955	1	6
1955	2	6
1955	3	8
1955	4	11
1955	5	21
1955	6	14
1955	7	6
1955	8	5
1955	9	5
1955	10	6
1955	11	6
1955	12	10
1956	1	31
1956	2	13
1956	3	50
1956	4	61
1956	5	72
1956	6	24
1956	7	7
1956	8	6
1956	9	6
1956	10	6
1956	11	6
1956	12	7
1957	1	6
1957	2	25
1957	3	65
1957	4	89
1957	5	131
1957	6	40
1957	7	7
1957	8	6
1957	9	6
1957	10	6
1957	11	6
1957	12	6
1958	1	7
1958	2	86
1958	3	65
1958	4	223
1958	5	138
1958	6	49
1958	7	11
1958	8	6
1958	9	6
1958	10	7
1958	11	7
1958	12	8
1959	1	9
1959	2	10
1959	3	12
1959	4	16
1959	5	15
1959	6	10
1959	7	5
1959	8	5
1959	9	6
1959	10	7
1959	11	7
1959	12	7
1960	1	6
1960	2	8
1960	3	26
1960	4	38
1960	5	23
1960	6	10
1960	7	6
1960	8	6
1960	9	6
1960	10	6
1960	11	6
1960	12	6
1961	1	6
1961	2	7
1961	3	10
1961	4	21
1961	5	19
1961	6	13
1961	7	6
1961	8	6
1961	9	6
1961	10	6
1961	11	7
1961	12	6
1962	1	5
1962	2	18
1962	3	45
1962	4	179
1962	5	57
1962	6	21
1962	7	7
1962	8	7
1962	9	7
1962	10	6
1962	11	6
1962	12	6
1963	1	5
1963	2	19
1963	3	13
1963	4	18
1963	5	27
1963	6	31
1963	7	11
1963	8	6
1963	9	5
1963	10	5
1963	11	5
1963	12	5
1964	1	6
1964	2	7
1964	3	12
1964	4	66
1964	5	48
1964	6	40
1964	7	7
1964	8	5
1964	9	5
1964	10	5
1964	11	6
1964	12	25
1965	1	35
1965	2	56
1965	3	33
1965	4	61
1965	5	80
1965	6	63
1965	7	12
1965	8	7
1965	9	7
1965	10	7
1965	11	7
1965	12	6
1966	1	6
1966	2	7
1966	3	13
1966	4	27
1966	5	13
1966	6	6
1966	7	5
1966	8	5
1966	9	5
1966	10	5
1966	11	5
1966	12	5
1967	1	10
1967	2	18
1967	3	17
1967	4	35
1967	5	61
1967	6	62
1967	7	8
1967	8	5
1967	9	5
1967	10	5
1967	11	6
1967	12	6
1968	1	6
1968	2	13
1968	3	15
1968	4	12
1968	5	11
1968	6	7
1968	7	6
1968	8	5
1968	9	6
1968	10	5
1968	11	6
1968	12	7
1969	1	194
1969	2	36
1969	3	104
1969	4	308
1969	5	126
1969	6	38
1969	7	10
1969	8	7
1969	9	7
1969	10	6
1969	11	6
1969	12	6
1970	1	57
1970	2	34
1970	3	26
1970	4	27
1970	5	88
1970	6	43
1970	7	18
1970	8	8
1970	9	8
1970	10	7
1970	11	8
1970	12	10
1971	1	46
1971	2	28
1971	3	48
1971	4	92
1971	5	124
1971	6	57
1971	7	12
1971	8	6
1971	9	6
1971	10	7
1971	11	9
1971	12	11
1972	1	29
1972	2	25
1972	3	178
1972	4	65
1972	5	55
1972	6	27
1972	7	6
1972	8	7
1972	9	7
1972	10	7
1972	11	7
1972	12	8
1973	1	45
1973	2	43
1973	3	48
1973	4	65
1973	5	63
1973	6	14
1973	7	6
1973	8	6
1973	9	5
1973	10	6
1973	11	7
1973	12	9
1974	1	33
1974	2	14
1974	3	69
1974	4	77
1974	5	58
1974	6	14
1974	7	6
1974	8	5
1974	9	5
1974	10	6
1974	11	6
1974	12	7
1975	1	8
1975	2	8
1975	3	11
1975	4	46
1975	5	102
1975	6	67
1975	7	7
1975	8	7
1975	9	7
1975	10	6
1975	11	7
1975	12	7
1976	1	7
1976	2	8
1976	3	8
1976	4	39
1976	5	76
1976	6	29
1976	7	7
1976	8	7
1976	9	7
1976	10	7
1976	11	8
1976	12	7
1977	1	7
1977	2	7
1977	3	8
1977	4	10
1977	5	12
1977	6	12
1977	7	9
1977	8	6
1977	9	6
1977	10	6
1977	11	7
1977	12	7
1978	1	7
1978	2	7
1978	3	21
1978	4	86
1978	5	120
1978	6	70
1978	7	15
1978	8	6
1978	9	6
1978	10	7
1978	11	7
1978	12	7
1979	1	7
1979	2	8
1979	3	9
1979	4	24
1979	5	47
1979	6	55
1979	7	35
1979	8	14
1979	9	7
1979	10	6
1979	11	7
1979	12	7
1980	1	9
1980	2	8
1980	3	12
1980	4	36
1980	5	55
1980	6	25
1980	7	22
1980	8	7
1980	9	6
1980	10	7
1980	11	7
1980	12	6
1981	1	6
1981	2	6
1981	3	8
1981	4	16
1981	5	16
1981	6	10
1981	7	6
1981	8	6
1981	9	6
1981	10	6
1981	11	7
1981	12	8
1982	1	7
1982	2	17
1982	3	8
1982	4	17
1982	5	40
1982	6	52
1982	7	47
1982	8	31
1982	9	10
1982	10	8
1982	11	8
1982	12	8
1983	1	10
1983	2	12
1983	3	16
1983	4	9
1983	5	138
1983	6	248
1983	7	78
1983	8	57
1983	9	10
1983	10	10
1983	11	12
1983	12	17
1984	1	11
1984	2	19
1984	3	43
1984	4	187
1984	5	404
1984	6	164
1984	7	35
1984	8	26
1984	9	26
1984	10	28
1984	11	29
1984	12	26
1985	1	25
1985	2	27
1985	3	31
1985	4	31
1985	5	77
1985	6	85
1985	7	32
1985	8	28
1985	9	14
1985	10	9
1985	11	9
1985	12	10
1986	1	12
1986	2	22
1986	3	12
1986	4	25
1986	5	72
1986	6	72
1986	7	26
1986	8	28
1986	9	46
1986	10	10
1986	11	12
1986	12	10
1987	1	9
1987	2	10
1987	3	10
1987	4	45
1987	5	43
1987	6	38
1987	7	28
1987	8	17
1987	9	14
1987	10	9
1987	11	10
1987	12	9
1988	1	10
1988	2	10
1988	3	9
1988	4	9
1988	5	8
1988	6	20
1988	7	29
1988	8	7
1988	9	6
1988	10	6
1988	11	6
1988	12	8
1989	1	9
1989	2	13
1989	3	9
1989	4	14
1989	5	64
1989	6	52
1989	7	36
1989	8	23
1989	9	16
1989	10	9
1989	11	9
1989	12	10
1990	1	9
1990	2	11
1990	3	19
1990	4	36
1990	5	30
1990	6	21
1990	7	6
1990	8	6
1990	9	6
1990	10	7
1990	11	9
1990	12	8
1991	1	8
1991	2	8
1991	3	8
1991	4	7
1991	5	7
1991	6	30
1991	7	17
1991	8	7
1991	9	6
1991	10	7
1991	11	8
1991	12	8
1992	1	7
1992	2	8
1992	3	8
1992	4	7
1992	5	7
1992	6	5
1992	7	6
1992	8	5
1992	9	6
1992	10	7
1992	11	7
1992	12	8
1993	1	6
1993	2	9
1993	3	12
1993	4	18
1993	5	47
1993	6	30
1993	7	35
1993	8	23
1993	9	11
1993	10	8
1993	11	7
1993	12	7
1994	1	7
1994	2	8
1994	3	9
1994	4	7
1994	5	9
1994	6	7
1994	7	9
1994	8	6
1994	9	6
1994	10	5
1994	11	6
1994	12	7
1995	1	7
1995	2	6
1995	3	8
1995	4	53
1995	5	79
1995	6	57
1995	7	32
1995	8	20
1995	9	17
1995	10	8
1995	11	8
1995	12	7
1996	1	7
1996	2	7
1996	3	10
1996	4	36
1996	5	50
1996	6	35
1996	7	27
1996	8	30
1996	9	8
1996	10	7
1996	11	8
1996	12	8
1997	1	7
1997	2	8
1997	3	7
1997	4	34
1997	5	52
1997	6	35
1997	7	36
1997	8	20
1997	9	17
1997	10	11
1997	11	7
1997	12	9
1998	1	8
1998	2	8
1998	3	10
1998	4	49
1998	5	49
1998	6	43
1998	7	33
1998	8	33
1998	9	22
1998	10	7
1998	11	9
1998	12	6
1999	1	7
1999	2	8
1999	3	10
1999	4	50
1999	5	47
1999	6	39
1999	7	34
1999	8	27
1999	9	12
1999	10	7
1999	11	7
1999	12	7
2000	1	7
2000	2	8
2000	3	9
2000	4	51
2000	5	45
2000	6	34
2000	7	23
2000	8	25
2000	9	10
2000	10	7
2000	11	7
2000	12	8
2001	1	7
2001	2	8
2001	3	8
2001	4	43
2001	5	39
2001	6	17
2001	7	7
2001	8	7
2001	9	8
2001	10	7
2001	11	7
2001	12	7
2002	1	7
2002	2	7
2002	3	10
2002	4	45
2002	5	45
2002	6	21
2002	7	6
2002	8	6
2002	9	6
2002	10	7
2002	11	8
2002	12	8
2003	1	8
2003	2	8
2003	3	8
2003	4	9
2003	5	29
2003	6	8
2003	7	7
2003	8	6
2003	9	6
2003	10	7
2003	11	7
2003	12	7
2004	1	7
2004	2	7
2004	3	10
2004	4	42
2004	5	36
2004	6	16
2004	7	6
2004	8	6
2004	9	6
2004	10	6
2004	11	7
2004	12	7
2005	1	7
2005	2	8
2005	3	7
2005	4	36
2005	5	56
2005	6	21
2005	7	26
2005	8	24
2005	9	9
2005	10	6
2005	11	7
2005	12	7
2006	1	7
2006	2	7
2006	3	8
2006	4	49
2006	5	48
2006	6	37
2006	7	29
2006	8	34
2006	9	7
2006	10	7
2006	11	7
2006	12	7
2007	1	7
2007	2	7
2007	3	7
2007	4	33
2007	5	31
2007	6	26
2007	7	24
2007	8	28
2007	9	7
2007	10	7
2007	11	7
2007	12	6
2008	1	8
2008	2	11
2008	3	9
2008	4	46
2008	5	56
2008	6	28
2008	7	29
2008	8	7
2008	9	6
2008	10	6
2008	11	6
2008	12	7
2009	1	7
2009	2	8
2009	3	8
2009	4	21
2009	5	39
2009	6	22
2009	7	6
2009	8	5
2009	9	5
2009	10	6
2009	11	7
2009	12	6
2010	1	7
2010	2	7
2010	3	7
2010	4	20
2010	5	27
2010	6	28
2010	7	7
2010	8	17
2010	9	6
2010	10	7
2010	11	22
2010	12	10
2011	1	7
2011	2	7
2011	3	8
2011	4	26
2011	5	63
2011	6	47
2011	7	48
2011	8	31
2011	9	10
2011	10	7
2011	11	7
2011	12	7
2012	1	7
2012	2	7
2012	3	7
2012	4	39
2012	5	26
2012	6	24
2012	7	13
2012	8	25
2012	9	8
2012	10	6
2012	11	6
2012	12	6
2013	1	6
2013	2	7
2013	3	9
2013	4	22
2013	5	12
2013	6	6
2013	7	6
2013	8	6
2013	9	7
2013	10	7
2013	11	8
2013	12	9
2014	1	7
2014	2	8
2014	3	9
2014	4	38
2014	5	17
2014	6	6
2014	7	5
2014	8	5
2014	9	5
2014	10	5
2014	11	5
2014	12	6
2015	1	5
2015	2	5
2015	3	7
2015	4	13
2015	5	20
2015	6	6
2015	7	4
2015	8	5
2015	9	5
