1940	1	39
1940	2	72
1940	3	158
1940	4	255
1940	5	376
1940	6	148
1940	7	43
1940	8	29
1940	9	37
1940	10	42
1940	11	56
1940	12	43
1941	1	41
1941	2	144
1941	3	110
1941	4	129
1941	5	402
1941	6	242
1941	7	83
1941	8	45
1941	9	42
1941	10	45
1941	11	61
1941	12	50
1942	1	76
1942	2	74
1942	3	156
1942	4	373
1942	5	462
1942	6	423
1942	7	128
1942	8	52
1942	9	47
1942	10	46
1942	11	56
1942	12	123
1943	1	98
1943	2	149
1943	3	200
1943	4	305
1943	5	315
1943	6	363
1943	7	159
1943	8	61
1943	9	46
1943	10	49
1943	11	52
1943	12	45
1944	1	43
1944	2	45
1944	3	83
1944	4	126
1944	5	243
1944	6	227
1944	7	86
1944	8	39
1944	9	36
1944	10	38
1944	11	42
1944	12	46
1945	1	62
1945	2	90
1945	3	112
1945	4	352
1945	5	558
1945	6	420
1945	7	137
1945	8	57
1945	9	46
1945	10	47
1945	11	49
1945	12	63
1946	1	50
1946	2	64
1946	3	98
1946	4	218
1946	5	282
1946	6	183
1946	7	80
1946	8	41
1946	9	37
1946	10	42
1946	11	51
1946	12	52
1947	1	43
1947	2	61
1947	3	68
1947	4	143
1947	5	251
1947	6	141
1947	7	46
1947	8	30
1947	9	30
1947	10	34
1947	11	39
1947	12	39
1948	1	82
1948	2	38
1948	3	91
1948	4	161
1948	5	514
1948	6	480
1948	7	103
1948	8	45
1948	9	40
1948	10	41
1948	11	40
1948	12	38
1949	1	33
1949	2	49
1949	3	95
1949	4	207
1949	5	284
1949	6	147
1949	7	50
1949	8	34
1949	9	33
1949	10	36
1949	11	38
1949	12	33
1950	1	31
1950	2	42
1950	3	107
1950	4	160
1950	5	318
1950	6	290
1950	7	96
1950	8	42
1950	9	36
1950	10	38
1950	11	45
1950	12	58
1951	1	53
1951	2	177
1951	3	149
1951	4	278
1951	5	300
1951	6	238
1951	7	73
1951	8	42
1951	9	38
1951	10	46
1951	11	44
1951	12	42
1952	1	42
1952	2	43
1952	3	157
1952	4	666
1952	5	609
1952	6	433
1952	7	196
1952	8	73
1952	9	56
1952	10	48
1952	11	46
1952	12	47
1953	1	53
1953	2	59
1953	3	63
1953	4	114
1953	5	284
1953	6	501
1953	7	175
1953	8	59
1953	9	46
1953	10	44
1953	11	46
1953	12	61
1954	1	55
1954	2	92
1954	3	150
1954	4	184
1954	5	255
1954	6	159
1954	7	66
1954	8	40
1954	9	37
1954	10	36
1954	11	36
1954	12	36
1955	1	37
1955	2	35
1955	3	71
1955	4	123
1955	5	329
1955	6	312
1955	7	72
1955	8	36
1955	9	34
1955	10	37
1955	11	43
1955	12	138
1956	1	174
1956	2	63
1956	3	154
1956	4	281
1956	5	456
1956	6	277
1956	7	96
1956	8	46
1956	9	41
1956	10	64
1956	11	62
1956	12	90
1957	1	42
1957	2	204
1957	3	196
1957	4	214
1957	5	577
1957	6	434
1957	7	109
1957	8	51
1957	9	46
1957	10	59
1957	11	51
1957	12	51
1958	1	61
1958	2	283
1958	3	84
1958	4	205
1958	5	538
1958	6	271
1958	7	102
1958	8	54
1958	9	46
1958	10	45
1958	11	44
1958	12	47
1959	1	45
1959	2	41
1959	3	49
1959	4	104
1959	5	140
1959	6	132
1959	7	39
1959	8	24
1959	9	33
1959	10	49
1959	11	31
1959	12	25
1960	1	26
1960	2	60
1960	3	198
1960	4	209
1960	5	246
1960	6	258
1960	7	52
1960	8	35
1960	9	31
1960	10	29
1960	11	32
1960	12	31
1961	1	30
1961	2	45
1961	3	61
1961	4	105
1961	5	187
1961	6	164
1961	7	36
1961	8	24
1961	9	24
1961	10	27
1961	11	25
1961	12	25
1962	1	29
1962	2	53
1962	3	84
1962	4	228
1962	5	235
1962	6	212
1962	7	54
1962	8	32
1962	9	29
1962	10	42
1962	11	41
1962	12	53
1963	1	55
1963	2	123
1963	3	64
1963	4	165
1963	5	324
1963	6	206
1963	7	65
1963	8	32
1963	9	30
1963	10	27
1963	11	35
1963	12	31
1964	1	29
1964	2	27
1964	3	90
1964	4	198
1964	5	312
1964	6	344
1964	7	107
1964	8	42
1964	9	38
1964	10	36
1964	11	37
1964	12	181
1965	1	175
1965	2	118
1965	3	80
1965	4	204
1965	5	298
1965	6	312
1965	7	119
1965	8	58
1965	9	44
1965	10	41
1965	11	41
1965	12	32
1966	1	33
1966	2	35
1966	3	74
1966	4	114
1966	5	141
1966	6	67
1966	7	29
1966	8	24
1966	9	25
1966	10	26
1966	11	40
1966	12	49
1967	1	65
1967	2	51
1967	3	65
1967	4	97
1967	5	466
1967	6	314
1967	7	93
1967	8	41
1967	9	37
1967	10	40
1967	11	40
1967	12	33
1968	1	44
1968	2	86
1968	3	59
1968	4	61
1968	5	137
1968	6	93
1968	7	28
1968	8	29
1968	9	23
1968	10	25
1968	11	57
1968	12	40
1969	1	116
1969	2	50
1969	3	172
1969	4	506
1969	5	488
1969	6	222
1969	7	86
1969	8	41
1969	9	36
1969	10	40
1969	11	37
1969	12	39
1970	1	180
1970	2	76
1970	3	94
1970	4	100
1970	5	286
1970	6	292
1970	7	92
1970	8	39
1970	9	38
1970	10	38
1970	11	81
1970	12	90
1971	1	238
1971	2	110
1971	3	211
1971	4	221
1971	5	409
1971	6	307
1971	7	148
1971	8	55
1971	9	45
1971	10	51
1971	11	53
1971	12	53
1972	1	91
1972	2	194
1972	3	254
1972	4	188
1972	5	353
1972	6	324
1972	7	92
1972	8	47
1972	9	45
1972	10	44
1972	11	45
1972	12	55
1973	1	85
1973	2	48
1973	3	68
1973	4	137
1973	5	334
1973	6	140
1973	7	48
1973	8	33
1973	9	35
1973	10	36
1973	11	57
1973	12	47
1974	1	72
1974	2	46
1974	3	190
1974	4	181
1974	5	357
1974	6	294
1974	7	93
1974	8	44
1974	9	33
1974	10	34
1974	11	35
1974	12	36
1975	1	39
1975	2	57
1975	3	175
1975	4	188
1975	5	494
1975	6	556
1975	7	195
1975	8	65
1975	9	47
1975	10	55
1975	11	53
1975	12	78
1976	1	63
1976	2	83
1976	3	140
1976	4	195
1976	5	398
1976	6	188
1976	7	91
1976	8	69
1976	9	62
1976	10	51
1976	11	45
1976	12	42
1977	1	39
1977	2	39
1977	3	40
1977	4	111
1977	5	140
1977	6	190
1977	7	41
1977	8	29
1977	9	29
1977	10	30
1977	11	35
1977	12	44
1978	1	108
1978	2	104
1978	3	220
1978	4	384
1978	5	390
1978	6	356
1978	7	138
1978	8	55
1978	9	58
1978	10	47
1978	11	46
1978	12	39
1979	1	39
1979	2	93
1979	3	315
1979	4	289
1979	5	557
1979	6	310
1979	7	95
1979	8	58
1979	9	48
1979	10	54
1979	11	65
1979	12	60
1980	1	81
1980	2	124
1980	3	120
1980	4	303
1980	5	512
1980	6	316
1980	7	132
1980	8	61
1980	9	53
1980	10	52
1980	11	52
1980	12	61
1981	1	54
1981	2	153
1981	3	160
1981	4	242
1981	5	360
1981	6	210
1981	7	63
1981	8	42
1981	9	41
1981	10	47
1981	11	58
1981	12	150
1982	1	72
1982	2	301
1982	3	155
1982	4	216
1982	5	414
1982	6	344
1982	7	168
1982	8	63
1982	9	57
1982	10	63
1982	11	62
1982	12	78
1983	1	82
1983	2	181
1983	3	350
1983	4	275
1983	5	722
1983	6	691
1983	7	255
1983	8	105
1983	9	71
1983	10	64
1983	11	73
1983	12	138
1984	1	116
1984	2	113
1984	3	391
1984	4	378
1984	5	812
1984	6	658
1984	7	319
1984	8	113
1984	9	87
1984	10	86
1984	11	94
1984	12	76
1985	1	69
1985	2	75
1985	3	167
1985	4	333
1985	5	303
1985	6	185
1985	7	71
1985	8	55
1985	9	55
1985	10	54
1985	11	53
1985	12	46
1986	1	94
1986	2	263
1986	3	268
1986	4	267
1986	5	376
1986	6	317
1986	7	89
1986	8	56
1986	9	56
1986	10	61
1986	11	60
1986	12	56
1987	1	56
1987	2	86
1987	3	106
1987	4	227
1987	5	260
1987	6	120
1987	7	56
1987	8	39
1987	9	36
1987	10	37
1987	11	38
1987	12	35
1988	1	37
1988	2	56
1988	3	80
1988	4	185
1988	5	208
1988	6	137
1988	7	45
1988	8	31
1988	9	30
1988	10	30
1988	11	45
1988	12	45
1989	1	42
1989	2	101
1989	3	413
1989	4	398
1989	5	390
1989	6	300
1989	7	87
1989	8	52
1989	9	47
1989	10	47
1989	11	46
1989	12	44
1990	1	43
1990	2	54
1990	3	66
1990	4	154
1990	5	148
1990	6	127
1990	7	46
1990	8	33
1990	9	30
1990	10	32
1990	11	32
1990	12	25
1991	1	28
1991	2	34
1991	3	44
1991	4	113
1991	5	337
1991	6	346
1991	7	120
1991	8	40
1991	9	34
1991	10	33
1991	11	55
1991	12	46
1992	1	37
1992	2	39
1992	3	52
1992	4	100
1992	5	104
1992	6	44
1992	7	31
1992	8	21
1992	9	22
1992	10	24
1992	11	27
1992	12	30
1993	1	39
1993	2	42
1993	3	500
1993	4	260
1993	5	580
1993	6	391
1993	7	125
1993	8	70
1993	9	51
1993	10	48
1993	11	46
1993	12	44
1994	1	40
1994	2	40
1994	3	73
1994	4	117
1994	5	309
1994	6	107
1994	7	38
1994	8	29
1994	9	29
1994	10	30
1994	11	33
1994	12	38
1995	1	127
1995	2	131
1995	3	129
1995	4	181
1995	5	487
1995	6	443
1995	7	204
1995	8	67
1995	9	49
1995	10	48
1995	11	48
1995	12	62
1996	1	72
1996	2	175
1996	3	184
1996	4	265
1996	5	431
1996	6	299
1996	7	94
1996	8	50
1996	9	47
1996	10	48
1996	11	59
1996	12	125
1997	1	277
1997	2	112
1997	3	141
1997	4	264
1997	5	448
1997	6	249
1997	7	96
1997	8	55
1997	9	47
1997	10	46
1997	11	46
1997	12	45
1998	1	91
1998	2	59
1998	3	226
1998	4	253
1998	5	825
1998	6	618
1998	7	227
1998	8	74
1998	9	61
1998	10	58
1998	11	60
1998	12	56
1999	1	75
1999	2	81
1999	3	280
1999	4	312
1999	5	440
1999	6	361
1999	7	113
1999	8	66
1999	9	52
1999	10	50
1999	11	49
1999	12	49
2000	1	49
2000	2	66
2000	3	85
2000	4	206
2000	5	262
2000	6	126
2000	7	49
2000	8	37
2000	9	37
2000	10	40
2000	11	39
2000	12	33
2001	1	28
2001	2	30
2001	3	158
2001	4	162
2001	5	294
2001	6	87
2001	7	44
2001	8	34
2001	9	34
2001	10	34
2001	11	34
2001	12	35
2002	1	69
2002	2	56
2002	3	83
2002	4	243
2002	5	254
2002	6	195
2002	7	56
2002	8	36
2002	9	34
2002	10	34
2002	11	34
2002	12	33
2003	1	44
2003	2	52
2003	3	53
2003	4	147
2003	5	422
2003	6	225
2003	7	51
2003	8	35
2003	9	33
2003	10	33
2003	11	34
2003	12	35
2004	1	35
2004	2	99
2004	3	205
2004	4	162
2004	5	264
2004	6	244
2004	7	80
2004	8	42
2004	9	37
2004	10	38
2004	11	39
2004	12	68
2005	1	39
2005	2	38
2005	3	52
2005	4	105
2005	5	748
2005	6	266
2005	7	84
2005	8	41
2005	9	38
2005	10	40
2005	11	45
2005	12	172
2006	1	103
2006	2	78
2006	3	144
2006	4	370
2006	5	525
2006	6	274
2006	7	93
2006	8	48
2006	9	43
2006	10	45
2006	11	46
2006	12	43
2007	1	34
2007	2	63
2007	3	112
2007	4	186
2007	5	300
2007	6	144
2007	7	46
2007	8	33
2007	9	33
2007	10	39
2007	11	39
2007	12	35
2008	1	31
2008	2	45
2008	3	137
2008	4	169
2008	5	408
2008	6	248
2008	7	66
2008	8	36
2008	9	34
2008	10	36
2008	11	44
2008	12	36
2009	1	37
2009	2	50
2009	3	80
2009	4	181
2009	5	329
2009	6	373
2009	7	76
2009	8	45
2009	9	36
2009	10	41
2009	11	41
2009	12	31
2010	1	52
2010	2	72
2010	3	159
2010	4	252
2010	5	397
2010	6	697
2010	7	147
2010	8	57
2010	9	49
2010	10	59
2010	11	75
2010	12	189
2011	1	207
2011	2	94
2011	3	227
2011	4	374
2011	5	740
2011	6	791
2011	7	322
2011	8	106
2011	9	72
2011	10	70
2011	11	64
2011	12	57
2012	1	60
2012	2	58
2012	3	98
2012	4	164
2012	5	234
2012	6	151
2012	7	53
2012	8	37
2012	9	36
2012	10	39
2012	11	41
2012	12	44
2013	1	42
2013	2	47
2013	3	119
2013	4	156
2013	5	200
2013	6	118
2013	7	43
2013	8	30
2013	9	35
2013	10	40
2013	11	36
2013	12	31
2014	1	35
2014	2	82
2014	3	133
2014	4	144
2014	5	232
2014	6	122
2014	7	41
2014	8	28
2014	9	28
2014	10	31
2014	11	35
2014	12	61
2015	1	69
2015	2	80
2015	3	71
2015	4	100
2015	5	261
2015	6	106
2015	7	39
2015	8	26
2015	9	28
