1940	5	16
1940	6	17
1940	7	13
1940	8	26
1940	9	16
1940	10	0
1940	11	0
1941	5	28
1941	6	25
1941	7	35
1941	8	26
1941	9	9
1941	10	10
1941	11	29
1941	12	21
1942	1	26
1942	2	4
1942	3	6
1942	4	12
1942	5	32
1942	6	34
1942	7	31
1942	8	28
1942	9	23
1942	10	0
1942	11	6
1942	12	5
1943	1	27
1943	2	28
1943	3	49
1943	4	37
1943	5	2
1943	6	36
1943	7	34
1943	8	35
1943	9	34
1943	10	32
1943	11	32
1943	12	33
1944	1	4
1944	2	84
1944	3	30
1944	4	36
1944	5	37
1944	6	38
1944	7	37
1944	8	27
1944	9	18
1944	10	0
1944	11	7
1944	12	28
1945	1	0
1945	2	1
1945	3	58
1945	4	43
1945	5	37
1945	6	21
1945	7	35
1945	8	36
1945	9	37
1945	10	10
1945	11	45
1945	12	62
1946	1	41
1946	2	33
1946	3	34
1946	4	39
1946	5	33
1946	6	20
1946	7	34
1946	8	37
1946	9	34
1946	10	35
1946	11	29
1946	12	33
1947	1	37
1947	2	35
1947	3	38
1947	4	44
1947	5	41
1947	6	40
1947	7	33
1947	8	34
1947	9	37
1947	10	40
1947	11	38
1947	12	33
1948	1	27
1948	2	31
1948	3	32
1948	4	34
1948	5	34
1948	6	31
1948	7	10
1948	8	26
1948	9	37
1948	10	34
1948	11	41
1948	12	26
1949	1	13
1949	2	8
1949	3	4
1949	4	32
1949	5	30
1949	6	1
1949	7	0
1949	8	0
1949	9	0
1949	10	0
1949	11	0
1949	12	0
1950	1	0
1950	2	11
1950	3	3
1950	4	2
1950	5	0
1950	6	0
1950	7	0
1950	8	0
1950	9	0
1950	10	0
1950	11	0
1950	12	0
1951	1	0
1951	2	0
1951	3	3
1951	4	3
1951	5	8
1951	6	1
1951	7	0
1951	8	0
1951	9	0
1951	10	0
1951	11	0
1951	12	3
1952	1	42
1952	2	40
1952	3	145
1952	4	44
1952	5	48
1952	6	49
1952	7	42
1952	8	44
1952	9	26
1952	10	0
1952	11	0
1952	12	0
1953	1	0
1953	2	0
1953	3	0
1953	4	0
1953	5	0
1953	6	0
1953	7	0
1953	8	0
1953	9	0
1953	10	0
1953	11	0
1953	12	0
1954	1	0
1954	2	0
1954	3	71
1954	4	51
1954	5	49
1954	6	48
1954	7	10
1954	8	0
1954	9	0
1954	10	0
1954	11	0
1954	12	0
1955	1	0
1955	2	0
1955	3	0
1955	4	0
1955	5	0
1955	6	0
1955	7	0
1955	8	0
1955	9	0
1955	10	0
1955	11	0
1955	12	0
1956	1	0
1956	2	0
1956	3	18
1956	4	0
1956	5	0
1956	6	0
1956	7	0
1956	8	0
1956	9	0
1956	10	0
1956	11	0
1956	12	0
1957	1	0
1957	2	1
1957	3	0
1957	4	0
1957	5	0
1957	6	0
1957	7	0
1957	8	0
1957	9	0
1957	10	0
1957	11	0
1957	12	0
1958	1	0
1958	2	0
1958	3	9
1958	4	100
1958	5	46
1958	6	44
1958	7	34
1958	8	0
1958	9	0
1958	10	0
1958	11	0
1958	12	0
1959	1	0
1959	2	0
1959	3	0
1959	4	0
1959	5	0
1959	6	0
1959	7	0
1959	8	0
1959	9	0
1959	10	0
1959	11	0
1959	12	0
1960	1	0
1960	2	0
1960	3	0
1960	4	0
1960	5	0
1960	6	0
1960	7	0
1960	8	0
1960	9	0
1960	10	0
1960	11	0
1960	12	0
1961	1	0
1961	2	0
1961	3	0
1961	4	0
1961	5	0
1961	6	0
1961	7	0
1961	8	0
1961	9	0
1961	10	0
1961	11	0
1961	12	0
1962	1	0
1962	2	2
1962	3	0
1962	4	0
1962	5	0
1962	6	0
1962	7	0
1962	8	0
1962	9	0
1962	10	0
1962	11	0
1962	12	0
1963	1	0
1963	2	0
1963	3	0
1963	4	0
1963	5	0
1963	6	0
1963	7	0
1963	8	0
1963	9	0
1963	10	0
1963	11	0
1963	12	0
1964	1	0
1964	2	0
1964	3	0
1964	4	0
1964	5	0
1964	6	0
1964	7	0
1964	8	0
1964	9	0
1964	10	0
1964	11	0
1964	12	0
1965	1	0
1965	2	0
1965	3	0
1965	4	1
1965	5	0
1965	6	0
1965	7	0
1965	8	0
1965	9	0
1965	10	0
1965	11	7
1965	12	7
1966	1	3
1966	2	8
1966	3	0
1966	4	0
1966	5	6
1966	6	36
1966	7	10
1966	8	0
1966	9	0
1966	10	0
1966	11	0
1966	12	52
1967	1	15
1967	2	22
1967	3	19
1967	4	2
1967	5	0
1967	6	0
1967	7	0
1967	8	0
1967	9	0
1967	10	0
1967	11	0
1967	12	10
1968	1	5
1968	2	0
1968	3	2
1968	4	0
1968	5	0
1968	6	0
1968	7	0
1968	8	0
1968	9	0
1968	10	0
1968	11	0
1968	12	0
1969	1	7
1969	2	73
1969	3	31
1969	4	32
1969	5	33
1969	6	30
1969	7	21
1969	8	24
1969	9	0
1969	10	0
1969	11	0
1969	12	0
1970	1	0
1970	2	0
1970	3	0
1970	4	25
1970	5	28
1970	6	27
1970	7	22
1970	8	0
1970	9	0
1970	10	0
1970	11	0
1970	12	4
1971	1	0
1971	2	0
1971	3	0
1971	4	0
1971	5	0
1971	6	0
1971	7	0
1971	8	0
1971	9	0
1971	10	0
1971	11	0
1971	12	0
1972	1	0
1972	2	0
1972	3	0
1972	4	0
1972	5	1
1972	6	4
1972	7	0
1972	8	0
1972	9	0
1972	10	0
1972	11	6
1972	12	2
1973	1	1
1973	2	7
1973	3	48
1973	4	31
1973	5	21
1973	6	20
1973	7	16
1973	8	1
1973	9	0
1973	10	0
1973	11	0
1973	12	0
1974	1	0
1974	2	0
1974	3	5
1974	4	2
1974	5	0
1974	6	0
1974	7	0
1974	8	0
1974	9	0
1974	10	0
1974	11	0
1974	12	0
1975	1	0
1975	2	0
1975	3	0
1975	4	7
1975	5	0
1975	6	0
1975	7	0
1975	8	0
1975	9	0
1975	10	0
1975	11	0
1975	12	0
1976	1	0
1976	2	5
1976	3	9
1976	4	5
1976	5	0
1976	6	0
1976	7	0
1976	8	0
1976	9	0
1976	10	1
1976	11	1
1976	12	0
1977	1	0
1977	2	0
1977	3	0
1977	4	0
1977	5	0
1977	6	0
1977	7	0
1977	8	0
1977	9	0
1977	10	0
1977	11	0
1977	12	0
1978	1	15
1978	2	48
1978	3	233
1978	4	20
1978	5	7
1978	6	27
1978	7	27
1978	8	30
1978	9	16
1978	10	20
1978	11	22
1985	10	22
1985	11	30
1985	12	26
1986	1	23
1986	2	35
1986	3	27
1986	4	11
1986	5	23
1986	6	23
1986	7	22
1986	8	22
1986	9	20
1986	10	20
1986	11	20
1986	12	20
1987	1	21
1987	2	9
1987	3	10
1987	4	13
1987	5	13
1987	6	8
1987	7	6
1987	8	13
1987	9	16
1987	10	15
1987	11	18
1987	12	18
1988	1	30
1988	2	25
1988	3	17
1988	4	12
1988	5	7
1988	6	19
1988	7	14
1988	8	0
1988	9	9
1988	10	21
1988	11	5
1988	12	3
1989	1	5
1989	2	10
1989	3	22
1989	4	25
1989	5	10
1989	6	23
1989	7	22
1989	8	24
1989	9	22
1989	10	10
1989	11	20
1989	12	19
1990	1	1
1990	2	0
1990	3	0
1990	4	9
1990	5	17
1990	6	15
1990	7	7
1990	8	6
1990	9	13
1990	10	10
1990	11	0
1990	12	0
1991	1	0
1991	2	0
1991	3	118
1991	4	7
1991	5	0
1991	6	0
1991	7	0
1991	8	0
1991	9	0
1991	10	0
1991	11	0
1991	12	0
1992	1	0
1992	2	7
1992	3	13
1992	4	12
1992	5	0
1992	6	0
1992	7	0
1992	8	0
1992	9	0
1992	10	0
1992	11	0
1992	12	0
1993	1	415
1993	2	129
1993	3	50
1993	4	11
1993	5	1
1993	6	0
1993	7	0
1993	8	0
1993	9	0
1993	10	0
1993	11	0
1993	12	0
1994	1	0
1994	2	1
1994	3	1
1994	4	0
1994	5	0
1994	6	0
1994	7	0
1994	8	0
1994	9	0
1994	10	0
1994	11	0
1994	12	0
1995	1	21
1995	2	115
1995	3	253
1995	4	76
1995	5	36
1995	6	48
1995	7	51
1995	8	44
1995	9	16
1995	10	0
1995	11	34
1995	12	37
1996	1	34
1996	2	2
1996	3	5
1996	4	33
1996	5	24
1996	6	0
1996	7	0
1996	8	0
1996	9	0
1996	10	0
1996	11	0
1996	12	0
1997	1	9
1997	2	27
1997	3	43
1997	4	41
1997	5	35
1997	6	41
1997	7	36
1997	8	35
1997	9	32
1997	10	38
1997	11	34
1997	12	23
1998	1	34
1998	2	187
1998	3	58
1998	4	83
1998	5	43
1998	6	29
1998	7	34
1998	8	36
1998	9	9
1998	10	31
1998	11	36
1998	12	20
1999	1	22
1999	2	31
1999	3	30
1999	4	25
1999	5	25
1999	6	24
1999	7	22
1999	8	27
1999	9	32
1999	10	26
1999	11	26
1999	12	29
2000	1	31
2000	2	13
2000	3	27
2000	4	35
2000	5	38
2000	6	34
2000	7	29
2000	8	25
2000	9	26
2000	10	25
2000	11	27
2000	12	11
2001	1	28
2001	2	23
2001	3	16
2001	4	23
2001	5	24
2001	6	16
2001	7	17
2001	8	5
2001	9	0
2001	10	0
2001	11	0
2001	12	0
2002	1	0
2002	2	0
2002	3	0
2002	4	0
2002	5	0
2002	6	0
2002	7	0
2002	8	0
2002	9	0
2002	10	0
2002	11	0
2002	12	0
2003	1	0
2003	2	0
2003	3	1
2003	4	0
2003	5	0
2003	6	0
2003	7	0
2003	8	0
2003	9	0
2003	10	0
2003	11	0
2003	12	3
2004	1	0
2004	2	9
2004	3	0
2004	4	1
2004	5	0
2004	6	0
2004	7	0
2004	8	0
2004	9	0
2004	10	18
2004	11	2
2004	12	10
2005	1	73
2005	2	118
2005	3	31
2005	4	4
2005	5	1
2005	6	0
2005	7	0
2005	8	0
2005	9	0
2005	10	0
2005	11	0
2005	12	0
2006	1	0
2006	2	0
2006	3	0
2006	4	0
2006	5	0
2006	6	0
2006	7	0
2006	8	0
2006	9	0
2006	10	0
2006	11	0
2006	12	0
2007	1	0
2007	2	0
2007	3	0
2007	4	0
2007	5	0
2007	6	0
2007	7	0
2007	8	0
2007	9	0
2007	10	0
2007	11	0
2007	12	0
2008	1	3
2008	2	10
2008	3	1
2008	4	0
2008	5	0
2008	6	0
2008	7	0
2008	8	0
2008	9	0
2008	10	0
2008	11	0
2008	12	2
2009	1	0
2009	2	2
2009	3	0
2009	4	0
2009	5	0
2009	6	0
2009	7	0
2009	8	0
2009	9	0
2009	10	0
2009	11	0
2009	12	0
2010	1	16
2010	2	21
2010	3	14
2010	4	2
2010	5	2
2010	6	0
2010	7	0
2010	8	0
2010	9	0
2010	10	0
2010	11	0
2010	12	9
2011	1	12
2011	2	36
2011	3	20
2011	4	29
2011	5	18
2011	6	0
2011	7	0
2011	8	10
2011	9	26
2011	10	23
2011	11	9
2011	12	15
2012	1	20
2012	2	24
2012	3	18
2012	4	17
2012	5	24
2012	6	12
2012	7	5
2012	8	14
2012	9	9
2012	10	6
2012	11	15
2012	12	6
2013	1	15
2013	2	17
2013	3	0
2013	4	0
2013	5	12
2013	6	19
2013	7	18
2013	8	16
2013	9	15
2013	10	12
2013	11	15
2013	12	10
2014	1	16
2014	2	13
2014	3	11
2014	4	12
2014	5	6
2014	6	11
2014	7	3
2014	8	7
2014	9	0
2014	10	0
2014	11	19
2014	12	7
2015	1	9
2015	2	15
2015	3	17
2015	4	0
2015	5	0
