1940	1	1742
1940	2	3782
1940	3	2516
1940	4	911
1940	5	95
1940	6	7
1940	7	2
1940	8	1
1940	9	3
1940	10	8
1940	11	12
1940	12	869
1941	1	2881
1941	2	9310
1941	3	8371
1941	4	7181
1941	5	943
1941	6	226
1941	7	44
1941	8	6
1941	9	4
1941	10	10
1941	11	16
1941	12	1154
1942	1	2351
1942	2	1676
1942	3	1272
1942	4	1865
1942	5	473
1942	6	67
1942	7	7
1942	8	4
1942	9	6
1942	10	11
1942	11	16
1942	12	103
1943	1	3872
1943	2	1941
1943	3	5326
1943	4	880
1943	5	152
1943	6	14
1943	7	4
1943	8	1
1943	9	2
1943	10	7
1943	11	12
1943	12	8
1944	1	7
1944	2	1632
1944	3	2849
1944	4	222
1944	5	76
1944	6	8
1944	7	2
1944	8	1
1944	9	1
1944	10	7
1944	11	14
1944	12	12
1945	1	10
1945	2	3485
1945	3	1067
1945	4	483
1945	5	29
1945	6	3
1945	7	1
1945	8	1
1945	9	4
1945	10	10
1945	11	14
1945	12	1114
1946	1	301
1946	2	181
1946	3	68
1946	4	484
1946	5	5
1946	6	0
1946	7	0
1946	8	1
1946	9	2
1946	10	10
1946	11	19
1946	12	9
1947	1	3
1947	2	46
1947	3	17
1947	4	2
1947	5	1
1947	6	0
1947	7	0
1947	8	0
1947	9	4
1947	10	13
1947	11	17
1947	12	11
1948	1	2
1948	2	1
1948	3	1
1948	4	1
1948	5	0
1948	6	0
1948	7	0
1948	8	0
1948	9	0
1948	10	1
1948	11	7
1948	12	5
1949	1	2
1949	2	1
1949	3	786
1949	4	11
1949	5	1
1949	6	0
1949	7	0
1949	8	0
1949	9	0
1949	10	2
1949	11	7
1949	12	6
1950	1	3
1950	2	494
1950	3	3
1950	4	2
1950	5	1
1950	6	1
1950	7	1
1950	8	1
1950	9	1
1950	10	3
1950	11	123
1950	12	140
1951	1	197
1951	2	57
1951	3	54
1951	4	1
1951	5	1
1951	6	1
1951	7	1
1951	8	1
1951	9	3
1951	10	5
1951	11	8
1951	12	226
1952	1	5609
1952	2	996
1952	3	3335
1952	4	702
1952	5	63
1952	6	2
1952	7	1
1952	8	1
1952	9	1
1952	10	1
1952	11	1
1952	12	117
1953	1	1549
1953	2	124
1953	3	60
1953	4	5
1953	5	12
1953	6	1
1953	7	1
1953	8	1
1953	9	1
1953	10	1
1953	11	5
1953	12	6
1954	1	3
1954	2	331
1954	3	484
1954	4	361
1954	5	1
1954	6	1
1954	7	1
1954	8	1
1954	9	1
1954	10	1
1954	11	2
1954	12	2
1955	1	3
1955	2	3
1955	3	10
1955	4	2
1955	5	2
1955	6	2
1955	7	1
1955	8	1
1955	9	1
1955	10	1
1955	11	1
1955	12	2028
1956	1	2733
1956	2	1292
1956	3	381
1956	4	33
1956	5	13
1956	6	2
1956	7	1
1956	8	1
1956	9	1
1956	10	1
1956	11	2
1956	12	8
1957	1	4
1957	2	3
1957	3	2
1957	4	1
1957	5	0
1957	6	1
1957	7	2
1957	8	2
1957	9	1
1957	10	1
1957	11	1
1957	12	3
1958	1	3
1958	2	979
1958	3	2824
1958	4	6714
1958	5	182
1958	6	16
1958	7	130
1958	8	175
1958	9	158
1958	10	70
1958	11	23
1958	12	26
1959	1	102
1959	2	1095
1959	3	725
1959	4	12
1959	5	35
1959	6	8
1959	7	1
1959	8	1
1959	9	9
1959	10	7
1959	11	4
1959	12	7
1960	1	8
1960	2	348
1960	3	38
1960	4	4
1960	5	2
1960	6	1
1960	7	1
1960	8	1
1960	9	1
1960	10	1
1960	11	3
1960	12	3
1961	1	1
1961	2	1
1961	3	1
1961	4	0
1961	5	1
1961	6	1
1961	7	1
1961	8	0
1961	9	0
1961	10	0
1961	11	0
1961	12	1
1962	1	1
1962	2	1667
1962	3	449
1962	4	5
1962	5	1
1962	6	1
1962	7	1
1962	8	0
1962	9	1
1962	10	2
1962	11	3
1962	12	5
1963	1	44
1963	2	1793
1963	3	289
1963	4	722
1963	5	186
1963	6	2
1963	7	1
1963	8	2
1963	9	5
1963	10	17
1963	11	46
1963	12	50
1964	1	123
1964	2	189
1964	3	5
1964	4	5
1964	5	3
1964	6	0
1964	7	1
1964	8	0
1964	9	1
1964	10	4
1964	11	6
1964	12	17
1965	1	636
1965	2	77
1965	3	4
1965	4	148
1965	5	8
1965	6	5
1965	7	2
1965	8	1
1965	9	4
1965	10	3
1965	11	86
1965	12	35
1966	1	187
1966	2	131
1966	3	16
1966	4	6
1966	5	10
1966	6	2
1966	7	0
1966	8	1
1966	9	1
1966	10	1
1966	11	1
1966	12	1591
1967	1	891
1967	2	2173
1967	3	1218
1967	4	1803
1967	5	674
1967	6	280
1967	7	122
1967	8	252
1967	9	284
1967	10	21
1967	11	71
1967	12	51
1968	1	4
1968	2	2
1968	3	16
1968	4	2
1968	5	0
1968	6	3
1968	7	4
1968	8	1
1968	9	1
1968	10	5
1968	11	3
1968	12	2
1969	1	5959
1969	2	9862
1969	3	5560
1969	4	1858
1969	5	587
1969	6	419
1969	7	280
1969	8	182
1969	9	335
1969	10	402
1969	11	287
1969	12	76
1970	1	809
1970	2	282
1970	3	747
1970	4	24
1970	5	15
1970	6	20
1970	7	1
1970	8	12
1970	9	2
1970	10	18
1970	11	52
1970	12	220
1971	1	156
1971	2	55
1971	3	64
1971	4	6
1971	5	8
1971	6	17
1971	7	1
1971	8	1
1971	9	1
1971	10	15
1971	11	4
1971	12	58
1972	1	11
1972	2	3
1972	3	2
1972	4	20
1972	5	0
1972	6	1
1972	7	2
1972	8	1
1972	9	2
1972	10	12
1972	11	84
1972	12	2
1973	1	644
1973	2	3571
1973	3	2499
1973	4	409
1973	5	46
1973	6	2
1973	7	1
1973	8	1
1973	9	10
1973	10	68
1973	11	80
1973	12	212
1974	1	2982
1974	2	356
1974	3	1023
1974	4	715
1974	5	46
1974	6	9
1974	7	2
1974	8	17
1974	9	77
1974	10	197
1974	11	129
1974	12	169
1975	1	96
1975	2	2123
1975	3	1244
1975	4	363
1975	5	38
1975	6	7
1975	7	4
1975	8	10
1975	9	95
1975	10	70
1975	11	26
1975	12	38
1976	1	3
1976	2	5
1976	3	3
1976	4	7
1976	5	1
1976	6	0
1976	7	1
1976	8	1
1976	9	2
1976	10	6
1976	11	0
1976	12	0
1977	1	5
1977	2	0
1977	3	0
1977	4	0
1977	5	1
1977	6	1
1977	7	1
1977	8	0
1977	9	0
1977	10	1
1977	11	1
1977	12	261
1978	1	2223
1978	2	7947
1978	3	5238
1978	4	1198
1978	5	214
1978	6	1
1978	7	1
1978	8	16
1978	9	108
1978	10	5
1978	11	8
1978	12	32
1979	1	123
1979	2	963
1979	3	735
1979	4	313
1979	5	0
1979	6	1
1979	7	1
1979	8	0
1979	9	1
1979	10	1
1979	11	0
1979	12	69
1980	1	3019
1980	2	7539
1980	3	3492
1980	4	370
1980	5	49
1980	6	1
1980	7	1
1980	8	21
1980	9	35
1980	10	0
1980	11	0
1980	12	1
1981	1	160
1981	2	383
1981	3	410
1981	4	98
1981	5	1
1981	6	1
1981	7	1
1981	8	1
1981	9	1
1981	10	2
1981	11	41
1981	12	1
1982	1	367
1982	2	164
1982	3	330
1982	4	2824
1982	5	352
1982	6	72
1982	7	6
1982	8	19
1982	9	113
1982	10	231
1982	11	388
1982	12	2511
1983	1	5594
1983	2	7547
1983	3	12636
1983	4	2482
1983	5	2839
1983	6	767
1983	7	403
1983	8	353
1983	9	394
1983	10	118
1983	11	111
1983	12	1113
1984	1	1732
1984	2	500
1984	3	114
1984	4	7
1984	5	1
1984	6	1
1984	7	1
1984	8	2
1984	9	1
1984	10	20
1984	11	10
1984	12	12
1985	1	4
1985	2	34
1985	3	1
1985	4	1
1985	5	1
1985	6	0
1985	7	1
1985	8	3
1985	9	0
1985	10	18
1985	11	11
1985	12	35
1986	1	3
1986	2	2601
1986	3	3525
1986	4	545
1986	5	55
1986	6	5
1986	7	13
1986	8	2
1986	9	3
1986	10	1
1986	11	17
1986	12	51
1987	1	66
1987	2	156
1987	3	48
1987	4	0
1987	5	0
1987	6	0
1987	7	0
1987	8	1
1987	9	2
1987	10	2
1987	11	1
1987	12	1
1988	1	16
1988	2	2
1988	3	2
1988	4	1
1988	5	1
1988	6	1
1988	7	1
1988	8	1
1988	9	1
1988	10	1
1988	11	2
1988	12	2
1989	1	1
1989	2	1
1989	3	1
1989	4	1
1989	5	1
1989	6	1
1989	7	1
1989	8	1
1989	9	1
1989	10	2
1989	11	2
1989	12	2
1990	1	1
1990	2	0
1990	3	0
1990	4	0
1990	5	0
1990	6	0
1990	7	0
1990	8	0
1990	9	0
1990	10	0
1990	11	0
1990	12	0
1991	1	0
1991	2	0
1991	3	507
1991	4	0
1991	5	0
1991	6	0
1991	7	0
1991	8	0
1991	9	0
1991	10	0
1991	11	0
1991	12	0
1992	1	0
1992	2	433
1992	3	8
1992	4	0
1992	5	0
1992	6	0
1992	7	0
1992	8	0
1992	9	0
1992	10	0
1992	11	0
1992	12	0
1993	1	1930
1993	2	3224
1993	3	1228
1993	4	335
1993	5	0
1993	6	0
1993	7	0
1993	8	0
1993	9	0
1993	10	0
1993	11	0
1993	12	0
1994	1	0
1994	2	100
1994	3	3
1994	4	0
1994	5	0
1994	6	0
1994	7	0
1994	8	0
1994	9	0
1994	10	0
1994	11	0
1994	12	0
1995	1	2493
1995	2	787
1995	3	8817
1995	4	1302
1995	5	310
1995	6	5
1995	7	5
1995	8	0
1995	9	9
1995	10	47
1995	11	83
1995	12	38
1996	1	8
1996	2	3071
1996	3	1586
1996	4	159
1996	5	0
1996	6	9
1996	7	0
1996	8	0
1996	9	0
1996	10	15
1996	11	38
1996	12	1067
1997	1	6992
1997	2	2415
1997	3	144
1997	4	0
1997	5	0
1997	6	1
1997	7	0
1997	8	0
1997	9	0
1997	10	0
1997	11	0
1997	12	1
1998	1	430
1998	2	16261
1998	3	2335
1998	4	1875
1998	5	953
1998	6	209
1998	7	185
1998	8	36
1998	9	14
1998	10	0
1998	11	152
1998	12	225
1999	1	173
1999	2	489
1999	3	191
1999	4	207
1999	5	5
1999	6	30
1999	7	0
1999	8	7
1999	9	14
1999	10	0
1999	11	16
1999	12	44
2000	1	184
2000	2	2355
2000	3	1149
2000	4	82
2000	5	26
2000	6	2
2000	7	9
2000	8	8
2000	9	18
2000	10	0
2000	11	0
2000	12	7
2001	1	81
2001	2	293
2001	3	1788
2001	4	95
2001	5	20
2001	6	8
2001	7	4
2001	8	0
2001	9	5
2001	10	0
2001	11	0
2001	12	112
2002	1	118
2002	2	4
2002	3	10
2002	4	7
2002	5	15
2002	6	1
2002	7	13
2002	8	3
2002	9	15
2002	10	2
2002	11	0
2002	12	160
2003	1	159
2003	2	0
2003	3	26
2003	4	0
2003	5	68
2003	6	0
2003	7	3
2003	8	0
2003	9	0
2003	10	0
2003	11	0
2003	12	30
2004	1	31
2004	2	150
2004	3	103
2004	4	0
2004	5	15
2004	6	0
2004	7	11
2004	8	44
2004	9	0
2004	10	0
2004	11	0
2004	12	0
2005	1	2863
2005	2	2579
2005	3	2160
2005	4	540
2005	5	154
2005	6	15
2005	7	30
2005	8	8
2005	9	0
2005	10	0
2005	11	22
2005	12	39
2006	1	773
2006	2	119
2006	3	734
2006	4	3726
2006	5	441
2006	6	83
2006	7	1
2006	8	12
2006	9	0
2006	10	0
2006	11	15
2006	12	10
2007	1	83
2007	2	11
2007	3	8
2007	4	4
2007	5	8
2007	6	5
2007	7	0
2007	8	2
2007	9	0
2007	10	0
2007	11	0
2007	12	18
2008	1	373
2008	2	572
2008	3	311
2008	4	25
2008	5	0
2008	6	0
2008	7	0
2008	8	0
2008	9	0
2008	10	0
2008	11	0
2008	12	0
2009	1	0
2009	2	21
2009	3	137
2009	4	0
2009	5	0
2009	6	0
2009	7	0
2009	8	0
2009	9	0
2009	10	3
2009	11	0
2009	12	59
2010	1	881
2010	2	975
2010	3	912
2010	4	347
2010	5	85
2010	6	28
2010	7	40
2010	8	29
2010	9	16
2010	10	12
2010	11	0
2010	12	190
2011	1	808
2011	2	677
2011	3	3059
2011	4	1419
2011	5	253
2011	6	128
2011	7	82
2011	8	52
2011	9	2
2011	10	37
2011	11	11
2011	12	0
2012	1	12
2012	2	0
2012	3	2
2012	4	95
2012	5	48
2012	6	22
2012	7	28
2012	8	20
2012	9	29
2012	10	32
2012	11	0
2012	12	121
2013	1	42
2013	2	0
2013	3	4
2013	4	27
2013	5	34
2013	6	38
2013	7	33
2013	8	31
2013	9	32
2013	10	9
2013	11	0
2013	12	0
2014	1	0
2014	2	0
2014	3	0
2014	4	0
2014	5	0
2014	6	0
2014	7	0
2014	8	0
2014	9	0
2014	10	0
2014	11	0
2014	12	0
2015	1	0
2015	2	0
2015	3	0
2015	4	0
2015	5	0
2015	6	0
2015	7	0
2015	8	0
2015	9	0
