1940	1	92
1940	2	112
1940	3	290
1940	4	683
1940	5	1730
1940	6	1283
1940	7	267
1940	8	49
1940	9	10
1940	10	5
1940	11	12
1940	12	49
1941	1	71
1941	2	103
1941	3	209
1941	4	330
1941	5	1814
1941	6	1910
1941	7	1024
1941	8	210
1941	9	31
1941	10	14
1941	11	75
1941	12	177
1942	1	137
1942	2	118
1942	3	172
1942	4	567
1942	5	1135
1942	6	1929
1942	7	891
1942	8	176
1942	9	29
1942	10	12
1942	11	56
1942	12	71
1943	1	114
1943	2	134
1943	3	265
1943	4	846
1943	5	1533
1943	6	1148
1943	7	557
1943	8	111
1943	9	28
1943	10	16
1943	11	16
1943	12	19
1944	1	29
1944	2	43
1944	3	129
1944	4	277
1944	5	1262
1944	6	942
1944	7	425
1944	8	73
1944	9	18
1944	10	7
1944	11	70
1944	12	82
1945	1	68
1945	2	193
1945	3	127
1945	4	601
1945	5	1262
1945	6	1490
1945	7	601
1945	8	144
1945	9	29
1945	10	146
1945	11	178
1945	12	165
1946	1	148
1946	2	103
1946	3	227
1946	4	861
1946	5	1636
1946	6	1130
1946	7	363
1946	8	79
1946	9	37
1946	10	88
1946	11	78
1946	12	117
1947	1	82
1947	2	105
1947	3	193
1947	4	516
1947	5	1278
1947	6	460
1947	7	106
1947	8	28
1947	9	9
1947	10	66
1947	11	49
1947	12	20
1948	1	44
1948	2	30
1948	3	55
1948	4	276
1948	5	1329
1948	6	1547
1948	7	334
1948	8	40
1948	9	8
1948	10	7
1948	11	10
1948	12	12
1949	1	17
1949	2	25
1949	3	55
1949	4	653
1949	5	1279
1949	6	895
1949	7	160
1949	8	32
1949	9	5
1949	10	4
1949	11	18
1949	12	16
1950	1	39
1950	2	95
1950	3	142
1950	4	762
1950	5	1282
1950	6	952
1950	7	216
1950	8	32
1950	9	14
1950	10	15
1950	11	817
1950	12	649
1951	1	207
1951	2	200
1951	3	225
1951	4	637
1951	5	1141
1951	6	1107
1951	7	343
1951	8	52
1951	9	8
1951	10	5
1951	11	20
1951	12	65
1952	1	73
1952	2	87
1952	3	139
1952	4	778
1952	5	2074
1952	6	1764
1952	7	992
1952	8	234
1952	9	56
1952	10	19
1952	11	13
1952	12	34
1953	1	95
1953	2	87
1953	3	129
1953	4	527
1953	5	549
1953	6	1092
1953	7	525
1953	8	64
1953	9	16
1953	10	7
1953	11	14
1953	12	20
1954	1	13
1954	2	70
1954	3	189
1954	4	692
1954	5	1309
1954	6	604
1954	7	173
1954	8	25
1954	9	4
1954	10	2
1954	11	13
1954	12	42
1955	1	44
1955	2	61
1955	3	99
1955	4	268
1955	5	1002
1955	6	1089
1955	7	215
1955	8	31
1955	9	5
1955	10	2
1955	11	8
1955	12	606
1956	1	321
1956	2	185
1956	3	313
1956	4	651
1956	5	1529
1956	6	2151
1956	7	1094
1956	8	225
1956	9	74
1956	10	48
1956	11	54
1956	12	32
1957	1	26
1957	2	93
1957	3	137
1957	4	363
1957	5	856
1957	6	1424
1957	7	257
1957	8	55
1957	9	13
1957	10	20
1957	11	34
1957	12	43
1958	1	36
1958	2	91
1958	3	100
1958	4	457
1958	5	2073
1958	6	1891
1958	7	893
1958	8	310
1958	9	107
1958	10	22
1958	11	14
1958	12	13
1959	1	38
1959	2	68
1959	3	172
1959	4	567
1959	5	656
1959	6	480
1959	7	80
1959	8	18
1959	9	110
1959	10	33
1959	11	10
1959	12	7
1960	1	11
1960	2	47
1960	3	164
1960	4	540
1960	5	828
1960	6	590
1960	7	103
1960	8	19
1960	9	4
1960	10	6
1960	11	24
1960	12	36
1961	1	19
1961	2	48
1961	3	88
1961	4	427
1961	5	608
1961	6	484
1961	7	79
1961	8	50
1961	9	16
1961	10	10
1961	11	12
1961	12	30
1962	1	31
1962	2	108
1962	3	104
1962	4	918
1962	5	988
1962	6	1536
1962	7	501
1962	8	90
1962	9	22
1962	10	36
1962	11	15
1962	12	17
1963	1	51
1963	2	385
1963	3	142
1963	4	235
1963	5	1225
1963	6	1602
1963	7	707
1963	8	149
1963	9	47
1963	10	27
1963	11	115
1963	12	77
1964	1	43
1964	2	48
1964	3	76
1964	4	336
1964	5	808
1964	6	635
1964	7	162
1964	8	44
1964	9	11
1964	10	4
1964	11	67
1964	12	735
1965	1	283
1965	2	188
1965	3	211
1965	4	516
1965	5	1208
1965	6	1542
1965	7	897
1965	8	364
1965	9	61
1965	10	19
1965	11	91
1965	12	80
1966	1	69
1966	2	65
1966	3	225
1966	4	818
1966	5	1198
1966	6	440
1966	7	118
1966	8	63
1966	9	7
1966	10	4
1966	11	49
1966	12	234
1967	1	94
1967	2	142
1967	3	273
1967	4	212
1967	5	1452
1967	6	2331
1967	7	1745
1967	8	395
1967	9	108
1967	10	27
1967	11	19
1967	12	40
1968	1	40
1968	2	110
1968	3	137
1968	4	432
1968	5	784
1968	6	452
1968	7	84
1968	8	26
1968	9	6
1968	10	11
1968	11	109
1968	12	61
1969	1	193
1969	2	126
1969	3	177
1969	4	780
1969	5	2675
1969	6	2270
1969	7	1096
1969	8	238
1969	9	54
1969	10	57
1969	11	62
1969	12	75
1970	1	216
1970	2	149
1970	3	220
1970	4	355
1970	5	1255
1970	6	1055
1970	7	322
1970	8	55
1970	9	10
1970	10	3
1970	11	43
1970	12	104
1971	1	134
1971	2	144
1971	3	164
1971	4	382
1971	5	900
1971	6	1366
1971	7	442
1971	8	85
1971	9	24
1971	10	11
1971	11	40
1971	12	58
1972	1	67
1972	2	76
1972	3	350
1972	4	354
1972	5	1065
1972	6	895
1972	7	145
1972	8	27
1972	9	128
1972	10	51
1972	11	64
1972	12	105
1973	1	109
1973	2	114
1973	3	121
1973	4	524
1973	5	2086
1973	6	1512
1973	7	306
1973	8	146
1973	9	13
1973	10	24
1973	11	273
1973	12	150
1974	1	191
1974	2	115
1974	3	246
1974	4	452
1974	5	1774
1974	6	1620
1974	7	407
1974	8	153
1974	9	21
1974	10	11
1974	11	18
1974	12	29
1975	1	49
1975	2	70
1975	3	124
1975	4	173
1975	5	1515
1975	6	2052
1975	7	519
1975	8	82
1975	9	41
1975	10	117
1975	11	86
1975	12	41
1976	1	21
1976	2	32
1976	3	84
1976	4	209
1976	5	678
1976	6	169
1976	7	58
1976	8	38
1976	9	79
1976	10	29
1976	11	9
1976	12	4
1977	1	6
1977	2	13
1977	3	25
1977	4	217
1977	5	230
1977	6	419
1977	7	53
1977	8	7
1977	9	2
1977	10	2
1977	11	7
1977	12	62
1978	1	101
1978	2	106
1978	3	276
1978	4	427
1978	5	1677
1978	6	2406
1978	7	1135
1978	8	330
1978	9	359
1978	10	30
1978	11	25
1978	12	38
1979	1	139
1979	2	94
1979	3	197
1979	4	424
1979	5	1789
1979	6	1139
1979	7	277
1979	8	59
1979	9	13
1979	10	41
1979	11	56
1979	12	59
1980	1	366
1980	2	270
1980	3	204
1980	4	667
1980	5	1365
1980	6	1867
1980	7	1174
1980	8	217
1980	9	51
1980	10	23
1980	11	22
1980	12	26
1981	1	23
1981	2	81
1981	3	103
1981	4	600
1981	5	1050
1981	6	664
1981	7	111
1981	8	24
1981	9	11
1981	10	27
1981	11	163
1981	12	161
1982	1	153
1982	2	360
1982	3	253
1982	4	981
1982	5	1972
1982	6	1888
1982	7	1085
1982	8	347
1982	9	280
1982	10	232
1982	11	197
1982	12	175
1983	1	167
1983	2	191
1983	3	242
1983	4	252
1983	5	1693
1983	6	3316
1983	7	2100
1983	8	775
1983	9	243
1983	10	135
1983	11	271
1983	12	286
1984	1	217
1984	2	178
1984	3	308
1984	4	545
1984	5	1728
1984	6	1004
1984	7	485
1984	8	144
1984	9	68
1984	10	60
1984	11	107
1984	12	77
1985	1	68
1985	2	84
1985	3	125
1985	4	704
1985	5	973
1985	6	480
1985	7	125
1985	8	42
1985	9	46
1985	10	74
1985	11	56
1985	12	101
1986	1	135
1986	2	400
1986	3	575
1986	4	815
1986	5	1752
1986	6	1839
1986	7	525
1986	8	150
1986	9	46
1986	10	31
1986	11	13
1986	12	12
1987	1	14
1987	2	34
1987	3	76
1987	4	549
1987	5	734
1987	6	324
1987	7	72
1987	8	24
1987	9	11
1987	10	35
1987	11	108
1987	12	63
1988	1	87
1988	2	118
1988	3	231
1988	4	445
1988	5	732
1988	6	463
1988	7	142
1988	8	42
1988	9	20
1988	10	5
1988	11	15
1988	12	27
1989	1	43
1989	2	65
1989	3	290
1989	4	801
1989	5	896
1989	6	657
1989	7	136
1989	8	38
1989	9	53
1989	10	63
1989	11	51
1989	12	42
1990	1	31
1990	2	51
1990	3	183
1990	4	539
1990	5	517
1990	6	384
1990	7	187
1990	8	25
1990	9	6
1990	10	4
1990	11	4
1990	12	5
1991	1	6
1991	2	8
1991	3	98
1991	4	300
1991	5	883
1991	6	1104
1991	7	276
1991	8	31
1991	9	14
1991	10	14
1991	11	63
1991	12	30
1992	1	37
1992	2	78
1992	3	133
1992	4	661
1992	5	780
1992	6	304
1992	7	240
1992	8	42
1992	9	9
1992	10	11
1992	11	43
1992	12	38
1993	1	141
1993	2	130
1993	3	447
1993	4	662
1993	5	1932
1993	6	1835
1993	7	869
1993	8	188
1993	9	47
1993	10	16
1993	11	12
1993	12	18
1994	1	18
1994	2	30
1994	3	128
1994	4	440
1994	5	771
1994	6	420
1994	7	72
1994	8	15
1994	9	4
1994	10	62
1994	11	115
1994	12	97
1995	1	164
1995	2	206
1995	3	411
1995	4	627
1995	5	1428
1995	6	2678
1995	7	2392
1995	8	602
1995	9	150
1995	10	32
1995	11	17
1995	12	77
1996	1	111
1996	2	349
1996	3	358
1996	4	791
1996	5	1589
1996	6	1287
1996	7	492
1996	8	120
1996	9	31
1996	10	15
1996	11	176
1996	12	209
1997	1	1083
1997	2	239
1997	3	432
1997	4	789
1997	5	1679
1997	6	1023
1997	7	339
1997	8	108
1997	9	36
1997	10	15
1997	11	18
1997	12	36
1998	1	83
1998	2	123
1998	3	280
1998	4	501
1998	5	911
1998	6	2538
1998	7	2008
1998	8	399
1998	9	187
1998	10	41
1998	11	50
1998	12	73
1999	1	71
1999	2	131
1999	3	171
1999	4	434
1999	5	1493
1999	6	1099
1999	7	262
1999	8	65
1999	9	30
1999	10	14
1999	11	19
1999	12	13
2000	1	33
2000	2	94
2000	3	206
2000	4	663
2000	5	1511
2000	6	1120
2000	7	211
2000	8	62
2000	9	25
2000	10	11
2000	11	22
2000	12	17
2001	1	17
2001	2	44
2001	3	248
2001	4	500
2001	5	1441
2001	6	303
2001	7	93
2001	8	19
2001	9	7
2001	10	4
2001	11	47
2001	12	94
2002	1	108
2002	2	123
2002	3	188
2002	4	796
2002	5	1190
2002	6	861
2002	7	144
2002	8	19
2002	9	8
2002	10	4
2002	11	109
2002	12	49
2003	1	119
2003	2	126
2003	3	220
2003	4	386
2003	5	1495
2003	6	1457
2003	7	272
2003	8	77
2003	9	27
2003	10	5
2003	11	14
2003	12	68
2004	1	85
2004	2	93
2004	3	524
2004	4	691
2004	5	885
2004	6	523
2004	7	140
2004	8	27
2004	9	5
2004	10	39
2004	11	93
2004	12	71
2005	1	146
2005	2	162
2005	3	286
2005	4	560
2005	5	2306
2005	6	2059
2005	7	1098
2005	8	176
2005	9	34
2005	10	19
2005	11	28
2005	12	177
2006	1	225
2006	2	213
2006	3	220
2006	4	631
2006	5	2476
2006	6	2472
2006	7	972
2006	8	152
2006	9	43
2006	10	19
2006	11	22
2006	12	29
2007	1	37
2007	2	70
2007	3	268
2007	4	492
2007	5	761
2007	6	231
2007	7	59
2007	8	16
2007	9	14
2007	10	8
2007	11	7
2007	12	13
2008	1	40
2008	2	78
2008	3	219
2008	4	539
2008	5	1203
2008	6	845
2008	7	230
2008	8	24
2008	9	5
2008	10	6
2008	11	147
2008	12	48
2009	1	138
2009	2	138
2009	3	295
2009	4	768
2009	5	1738
2009	6	766
2009	7	286
2009	8	47
2009	9	13
2009	10	102
2009	11	30
2009	12	36
2010	1	73
2010	2	98
2010	3	199
2010	4	445
2010	5	946
2010	6	2036
2010	7	646
2010	8	76
2010	9	16
2010	10	226
2010	11	171
2010	12	271
2011	1	222
2011	2	196
2011	3	259
2011	4	785
2011	5	1561
2011	6	2457
2011	7	1509
2011	8	332
2011	9	101
2011	10	120
2011	11	37
2011	12	20
2012	1	29
2012	2	47
2012	3	118
2012	4	699
2012	5	885
2012	6	246
2012	7	62
2012	8	49
2012	9	10
2012	10	5
2012	11	28
2012	12	137
2013	1	102
2013	2	91
2013	3	226
2013	4	678
2013	5	783
2013	6	342
2013	7	81
2013	8	17
2013	9	9
2013	10	10
2013	11	11
2013	12	15
2014	1	10
2014	2	53
2014	3	149
2014	4	497
2014	5	685
2014	6	262
2014	7	73
2014	8	18
2014	9	3
2014	10	2
2014	11	10
2014	12	36
2015	1	29
2015	2	126
2015	3	123
2015	4	195
2015	5	349
2015	6	219
2015	7	106
2015	8	24
2015	9	4
