1940	1	76
1940	2	150
1940	3	58
1940	4	21
1940	5	0
1940	6	0
1940	7	0
1940	8	0
1940	9	0
1940	10	0
1940	11	0
1940	12	45
1941	1	113
1941	2	342
1941	3	247
1941	4	217
1941	5	30
1941	6	15
1941	7	5
1941	8	0
1941	9	0
1941	10	0
1941	11	0
1941	12	42
1942	1	75
1942	2	73
1942	3	42
1942	4	29
1942	5	9
1942	6	0
1942	7	0
1942	8	0
1942	9	0
1942	10	0
1942	11	0
1942	12	0
1943	1	132
1943	2	31
1943	3	100
1943	4	15
1943	5	2
1943	6	0
1943	7	0
1943	8	0
1943	9	0
1943	10	0
1943	11	0
1943	12	0
1944	1	0
1944	2	70
1944	3	47
1944	4	1
1944	5	0
1944	6	0
1944	7	0
1944	8	0
1944	9	0
1944	10	0
1944	11	0
1944	12	0
1945	1	0
1945	2	147
1945	3	11
1945	4	3
1945	5	0
1945	6	0
1945	7	0
1945	8	0
1945	9	0
1945	10	0
1945	11	0
1945	12	24
1946	1	5
1946	2	2
1946	3	0
1946	4	0
1946	5	0
1946	6	0
1946	7	0
1946	8	0
1946	9	0
1946	10	0
1946	11	0
1946	12	0
1947	1	0
1947	2	0
1947	3	0
1947	4	0
1947	5	0
1947	6	0
1947	7	0
1947	8	0
1947	9	0
1947	10	0
1947	11	0
1947	12	0
1948	1	0
1948	2	0
1948	3	0
1948	4	0
1948	5	0
1948	6	0
1948	7	0
1948	8	0
1948	9	0
1948	10	0
1948	11	0
1948	12	0
1949	1	0
1949	2	0
1949	3	11
1949	4	0
1949	5	0
1949	6	0
1949	7	0
1949	8	0
1949	9	0
1949	10	0
1949	11	0
1949	12	0
1950	1	0
1950	2	11
1950	3	0
1950	4	0
1950	5	0
1950	6	0
1950	7	0
1950	8	0
1950	9	0
1950	10	0
1950	11	30
1950	12	95
1951	1	10
1951	2	7
1951	3	13
1951	4	0
1951	5	0
1951	6	0
1951	7	0
1951	8	0
1951	9	0
1951	10	0
1951	11	0
1951	12	25
1952	1	233
1952	2	27
1952	3	117
1952	4	22
1952	5	2
1952	6	0
1952	7	0
1952	8	0
1952	9	0
1952	10	0
1952	11	0
1952	12	3
1953	1	13
1953	2	6
1953	3	0
1953	4	0
1953	5	0
1953	6	0
1953	7	0
1953	8	0
1953	9	0
1953	10	0
1953	11	0
1953	12	0
1954	1	0
1954	2	0
1954	3	0
1954	4	0
1954	5	0
1954	6	0
1954	7	0
1954	8	0
1954	9	0
1954	10	0
1954	11	0
1954	12	0
1955	1	0
1955	2	0
1955	3	0
1955	4	0
1955	5	0
1955	6	0
1955	7	0
1955	8	0
1955	9	0
1955	10	0
1955	11	0
1955	12	181
1956	1	128
1956	2	39
1956	3	13
1956	4	3
1956	5	0
1956	6	0
1956	7	0
1956	8	0
1956	9	0
1956	10	0
1956	11	0
1956	12	0
1957	1	0
1957	2	28
1957	3	4
1957	4	0
1957	5	0
1957	6	0
1957	7	0
1957	8	0
1957	9	0
1957	10	0
1957	11	0
1957	12	0
1958	1	13
1958	2	163
1958	3	144
1958	4	361
1958	5	13
1958	6	4
1958	7	0
1958	8	0
1958	9	0
1958	10	0
1958	11	0
1958	12	0
1959	1	1
1959	2	162
1959	3	12
1959	4	1
1959	5	0
1959	6	0
1959	7	0
1959	8	0
1959	9	0
1959	10	0
1959	11	0
1959	12	0
1960	1	0
1960	2	29
1960	3	0
1960	4	0
1960	5	0
1960	6	0
1960	7	0
1960	8	0
1960	9	0
1960	10	0
1960	11	0
1960	12	0
1961	1	0
1961	2	0
1961	3	0
1961	4	0
1961	5	0
1961	6	0
1961	7	0
1961	8	0
1961	9	0
1961	10	0
1961	11	0
1961	12	0
1962	1	0
1962	2	144
1962	3	41
1962	4	1
1962	5	0
1962	6	0
1962	7	0
1962	8	0
1962	9	0
1962	10	0
1962	11	0
1962	12	0
1963	1	42
1963	2	146
1963	3	22
1963	4	53
1963	5	4
1963	6	0
1963	7	0
1963	8	0
1963	9	0
1963	10	0
1963	11	0
1963	12	0
1964	1	4
1964	2	0
1964	3	0
1964	4	0
1964	5	0
1964	6	0
1964	7	0
1964	8	0
1964	9	0
1964	10	0
1964	11	0
1964	12	7
1965	1	59
1965	2	8
1965	3	1
1965	4	25
1965	5	0
1965	6	0
1965	7	0
1965	8	0
1965	9	0
1965	10	0
1965	11	0
1965	12	6
1966	1	6
1966	2	7
1966	3	0
1966	4	0
1966	5	0
1966	6	0
1966	7	0
1966	8	0
1966	9	0
1966	10	0
1966	11	0
1966	12	18
1967	1	140
1967	2	30
1967	3	57
1967	4	79
1967	5	16
1967	6	2
1967	7	0
1967	8	0
1967	9	0
1967	10	0
1967	11	0
1967	12	0
1968	1	0
1968	2	0
1968	3	0
1968	4	0
1968	5	0
1968	6	0
1968	7	0
1968	8	0
1968	9	0
1968	10	0
1968	11	0
1968	12	0
1969	1	262
1969	2	350
1969	3	98
1969	4	17
1969	5	1
1969	6	0
1969	7	0
1969	8	0
1969	9	0
1969	10	0
1969	11	0
1969	12	0
1970	1	76
1970	2	10
1970	3	61
1970	4	1
1970	5	0
1970	6	0
1970	7	0
1970	8	0
1970	9	0
1970	10	0
1970	11	0
1970	12	30
1971	1	20
1971	2	2
1971	3	1
1971	4	0
1971	5	0
1971	6	0
1971	7	0
1971	8	0
1971	9	0
1971	10	0
1971	11	0
1971	12	0
1972	1	0
1972	2	0
1972	3	0
1972	4	0
1972	5	0
1972	6	0
1972	7	0
1972	8	0
1972	9	0
1972	10	0
1972	11	11
1972	12	0
1973	1	75
1973	2	223
1973	3	58
1973	4	11
1973	5	0
1973	6	0
1973	7	0
1973	8	0
1973	9	0
1973	10	0
1973	11	0
1973	12	15
1974	1	58
1974	2	3
1974	3	57
1974	4	26
1974	5	2
1974	6	0
1974	7	0
1974	8	0
1974	9	0
1974	10	0
1974	11	0
1974	12	0
1975	1	0
1975	2	38
1975	3	74
1975	4	9
1975	5	0
1975	6	0
1975	7	0
1975	8	0
1975	9	0
1975	10	0
1975	11	0
1975	12	0
1976	1	0
1976	2	0
1976	3	0
1976	4	0
1976	5	0
1976	6	0
1976	7	0
1976	8	0
1976	9	0
1976	10	0
1976	11	0
1976	12	0
1977	1	0
1977	2	0
1977	3	0
1977	4	0
1977	5	0
1977	6	0
1977	7	0
1977	8	0
1977	9	0
1977	10	0
1977	11	0
1977	12	0
1978	1	152
1978	2	169
1978	3	167
1978	4	24
1978	5	11
1978	6	0
1978	7	0
1978	8	0
1978	9	0
1978	10	0
1978	11	0
1978	12	0
1979	1	0
1979	2	56
1979	3	11
1979	4	5
1979	5	0
1979	6	0
1979	7	0
1979	8	0
1979	9	0
1979	10	0
1979	11	0
1979	12	0
1980	1	112
1980	2	482
1980	3	72
1980	4	15
1980	5	1
1980	6	0
1980	7	0
1980	8	0
1980	9	0
1980	10	0
1980	11	0
1980	12	0
1981	1	1
1981	2	0
1981	3	11
1981	4	2
1981	5	0
1981	6	0
1981	7	0
1981	8	0
1981	9	0
1981	10	0
1981	11	0
1981	12	0
1982	1	117
1982	2	47
1982	3	92
1982	4	215
1982	5	14
1982	6	1
1982	7	0
1982	8	0
1982	9	0
1982	10	0
1982	11	10
1982	12	79
1983	1	264
1983	2	247
1983	3	335
1983	4	84
1983	5	46
1983	6	10
1983	7	0
1983	8	0
1983	9	0
1983	10	0
1983	11	9
1983	12	65
1984	1	21
1984	2	7
1984	3	4
1984	4	2
1984	5	0
1984	6	0
1984	7	0
1984	8	0
1984	9	0
1984	10	0
1984	11	0
1984	12	0
1985	1	0
1985	2	2
1985	3	4
1985	4	0
1985	5	0
1985	6	0
1985	7	0
1985	8	0
1985	9	0
1985	10	0
1985	11	0
1985	12	0
1986	1	5
1986	2	442
1986	3	212
1986	4	25
1986	5	8
1986	6	0
1986	7	0
1986	8	0
1986	9	0
1986	10	0
1986	11	0
1986	12	0
1987	1	0
1987	2	1
1987	3	4
1987	4	0
1987	5	0
1987	6	0
1987	7	0
1987	8	0
1987	9	0
1987	10	0
1987	11	0
1987	12	0
1988	1	0
1988	2	0
1988	3	0
1988	4	0
1988	5	0
1988	6	0
1988	7	0
1988	8	0
1988	9	0
1988	10	0
1988	11	0
1988	12	0
1989	1	0
1989	2	0
1989	3	0
1989	4	0
1989	5	0
1989	6	0
1989	7	0
1989	8	0
1989	9	0
1989	10	0
1989	11	0
1989	12	0
1990	1	0
1990	2	0
1990	3	0
1990	4	0
1990	5	0
1990	6	0
1990	7	0
1990	8	0
1990	9	0
1990	10	0
1990	11	0
1990	12	0
1991	1	0
1991	2	0
1991	3	57
1991	4	0
1991	5	0
1991	6	0
1991	7	0
1991	8	0
1991	9	0
1991	10	0
1991	11	0
1991	12	0
1992	1	0
1992	2	33
1992	3	6
1992	4	0
1992	5	0
1992	6	0
1992	7	0
1992	8	0
1992	9	0
1992	10	0
1992	11	0
1992	12	0
1993	1	210
1993	2	240
1993	3	81
1993	4	22
1993	5	3
1993	6	0
1993	7	0
1993	8	0
1993	9	0
1993	10	0
1993	11	0
1993	12	0
1994	1	0
1994	2	0
1994	3	0
1994	4	0
1994	5	0
1994	6	0
1994	7	0
1994	8	0
1994	9	0
1994	10	0
1994	11	0
1994	12	0
1995	1	122
1995	2	18
1995	3	345
1995	4	34
1995	5	11
1995	6	0
1995	7	0
1995	8	0
1995	9	0
1995	10	0
1995	11	0
1995	12	0
1996	1	36
1996	2	263
1996	3	84
1996	4	23
1996	5	5
1996	6	0
1996	7	0
1996	8	0
1996	9	0
1996	10	0
1996	11	0
1996	12	87
1997	1	431
1997	2	41
1997	3	19
1997	4	7
1997	5	0
1997	6	0
1997	7	0
1997	8	0
1997	9	0
1997	10	0
1997	11	0
1997	12	2
1998	1	67
1998	2	818
1998	3	92
1998	4	48
1998	5	23
1998	6	6
1998	7	1
1998	8	0
1998	9	0
1998	10	0
1998	11	0
1998	12	0
1999	1	4
1999	2	29
1999	3	11
1999	4	10
1999	5	0
1999	6	0
1999	7	0
1999	8	0
1999	9	0
1999	10	0
1999	11	0
1999	12	0
2000	1	0
2000	2	115
2000	3	23
2000	4	3
2000	5	0
2000	6	0
2000	7	0
2000	8	0
2000	9	0
2000	10	0
2000	11	0
2000	12	0
2001	1	0
2001	2	18
2001	3	35
2001	4	0
2001	5	0
2001	6	0
2001	7	0
2001	8	0
2001	9	0
2001	10	0
2001	11	0
2001	12	12
2002	1	21
2002	2	0
2002	3	0
2002	4	0
2002	5	0
2002	6	0
2002	7	0
2002	8	0
2002	9	0
2002	10	0
2002	11	0
2002	12	79
2003	1	18
2003	2	3
2003	3	3
2003	4	0
2003	5	0
2003	6	0
2003	7	0
2003	8	0
2003	9	0
2003	10	0
2003	11	0
2003	12	0
2004	1	4
2004	2	51
2004	3	4
2004	4	0
2004	5	0
2004	6	0
2004	7	0
2004	8	0
2004	9	0
2004	10	0
2004	11	0
2004	12	14
2005	1	103
2005	2	140
2005	3	53
2005	4	9
2005	5	3
2005	6	0
2005	7	0
2005	8	0
2005	9	0
2005	10	0
2005	11	0
2005	12	10
2006	1	43
2006	2	2
2006	3	33
2006	4	81
2006	5	2
2006	6	0
2006	7	0
2006	8	0
2006	9	0
2006	10	0
2006	11	0
2006	12	0
2007	1	0
2007	2	0
2007	3	0
2007	4	0
2007	5	0
2007	6	0
2007	7	0
2007	8	0
2007	9	0
2007	10	0
2007	11	0
2007	12	0
2008	1	108
2008	2	55
2008	3	10
2008	4	1
2008	5	0
2008	6	0
2008	7	0
2008	8	0
2008	9	0
2008	10	0
2008	11	0
2008	12	0
2009	1	0
2009	2	18
2009	3	17
2009	4	0
2009	5	0
2009	6	0
2009	7	0
2009	8	0
2009	9	0
2009	10	4
2009	11	0
2009	12	0
2010	1	161
2010	2	53
2010	3	44
2010	4	15
2010	5	3
2010	6	0
2010	7	0
2010	8	0
2010	9	0
2010	10	0
2010	11	0
2010	12	9
2011	1	25
2011	2	116
2011	3	215
2011	4	23
2011	5	3
2011	6	1
2011	7	0
2011	8	0
2011	9	0
2011	10	0
2011	11	0
2011	12	0
2012	1	0
2012	2	0
2012	3	0
2012	4	0
2012	5	0
2012	6	0
2012	7	0
2012	8	0
2012	9	0
2012	10	0
2012	11	0
2012	12	66
2013	1	3
2013	2	0
2013	3	0
2013	4	0
2013	5	0
2013	6	0
2013	7	0
2013	8	0
2013	9	0
2013	10	0
2013	11	0
2013	12	0
2014	1	0
2014	2	0
2014	3	0
2014	4	0
2014	5	0
2014	6	0
2014	7	0
2014	8	0
2014	9	0
2014	10	0
2014	11	0
2014	12	33
2015	1	0
2015	2	12
2015	3	0
2015	4	0
2015	5	0
2015	6	0
2015	7	0
2015	8	0
2015	9	0
