1940	1	55
1940	2	53
1940	3	54
1940	4	54
1940	5	43
1940	6	37
1940	7	50
1940	8	50
1940	9	56
1940	10	56
1940	11	54
1940	12	30
1941	1	46
1941	2	31
1941	3	49
1941	4	36
1941	5	20
1941	6	0
1941	7	43
1941	8	53
1941	9	51
1941	10	49
1941	11	52
1941	12	51
1942	1	51
1942	2	52
1942	3	54
1942	4	54
1942	5	53
1942	6	21
1942	7	29
1942	8	52
1942	9	56
1942	10	48
1942	11	11
1942	12	47
1943	1	51
1943	2	52
1943	3	51
1943	4	54
1943	5	54
1943	6	54
1943	7	45
1943	8	49
1943	9	56
1943	10	48
1943	11	43
1943	12	43
1944	1	27
1944	2	42
1944	3	51
1944	4	53
1944	5	53
1944	6	54
1944	7	50
1944	8	54
1944	9	10
1944	10	0
1944	11	37
1944	12	55
1945	1	57
1945	2	54
1945	3	56
1945	4	57
1945	5	52
1945	6	52
1945	7	55
1945	8	58
1945	9	58
1945	10	58
1945	11	58
1945	12	56
1946	1	58
1946	2	56
1946	3	57
1946	4	57
1946	5	58
1946	6	58
1946	7	58
1946	8	59
1946	9	26
1946	10	37
1946	11	9
1946	12	25
1947	1	20
1947	2	23
1947	3	35
1947	4	53
1947	5	58
1947	6	50
1947	7	42
1947	8	51
1947	9	52
1947	10	20
1947	11	16
1947	12	29
1948	1	34
1948	2	39
1948	3	8
1948	4	33
1948	5	48
1948	6	56
1948	7	42
1948	8	58
1948	9	58
1948	10	34
1948	11	28
1948	12	25
1949	1	6
1949	2	0
1949	3	0
1949	4	44
1949	5	47
1949	6	53
1949	7	11
1949	8	29
1949	9	41
1949	10	49
1949	11	54
1949	12	36
1950	1	27
1950	2	36
1950	3	53
1950	4	48
1950	5	38
1950	6	30
1950	7	32
1950	8	57
1950	9	57
1950	10	50
1950	11	43
1950	12	43
1951	1	51
1951	2	53
1951	3	50
1951	4	53
1951	5	54
1951	6	20
1951	7	33
1951	8	54
1951	9	54
1951	10	51
1951	11	21
1951	12	27
1952	1	39
1952	2	38
1952	3	41
1952	4	47
1952	5	38
1952	6	39
1952	7	26
1952	8	55
1952	9	56
1952	10	56
1952	11	51
1952	12	51
1953	1	33
1953	2	51
1953	3	53
1953	4	54
1953	5	47
1953	6	5
1953	7	47
1953	8	57
1953	9	57
1953	10	57
1953	11	48
1953	12	17
1954	1	16
1954	2	18
1954	3	38
1954	4	54
1954	5	51
1954	6	56
1954	7	45
1954	8	54
1954	9	32
1954	10	20
1954	11	15
1954	12	17
1955	1	29
1955	2	29
1955	3	48
1955	4	55
1955	5	53
1955	6	56
1955	7	50
1955	8	50
1955	9	26
1955	10	28
1955	11	18
1955	12	21
1956	1	43
1956	2	50
1956	3	57
1956	4	57
1956	5	57
1956	6	57
1956	7	57
1956	8	58
1956	9	58
1956	10	57
1956	11	44
1956	12	22
1957	1	27
1957	2	27
1957	3	47
1957	4	48
1957	5	51
1957	6	56
1957	7	42
1957	8	30
1957	9	53
1957	10	42
1957	11	36
1957	12	25
1958	1	30
1958	2	36
1958	3	42
1958	4	47
1958	5	32
1958	6	56
1958	7	56
1958	8	56
1958	9	43
1958	10	20
1958	11	10
1958	12	28
1959	1	36
1959	2	47
1959	3	52
1959	4	49
1959	5	56
1959	6	48
1959	7	10
1959	8	27
1959	9	50
1959	10	51
1959	11	34
1959	12	7
1960	1	16
1960	2	22
1960	3	31
1960	4	48
1960	5	59
1960	6	53
1960	7	28
1960	8	50
1960	9	37
1960	10	7
1960	11	15
1960	12	19
1961	1	15
1961	2	15
1961	3	19
1961	4	44
1961	5	58
1961	6	48
1961	7	30
1961	8	45
1961	9	22
1961	10	39
1961	11	15
1961	12	19
1962	1	13
1962	2	28
1962	3	42
1962	4	59
1962	5	38
1962	6	53
1962	7	44
1962	8	52
1962	9	54
1962	10	21
1962	11	33
1962	12	22
1963	1	16
1963	2	53
1963	3	37
1963	4	55
1963	5	44
1963	6	59
1963	7	46
1963	8	58
1963	9	56
1963	10	31
1963	11	24
1963	12	49
1964	1	48
1964	2	25
1964	3	35
1964	4	58
1964	5	54
1964	6	59
1964	7	31
1964	8	56
1964	9	48
1964	10	16
1964	11	23
1964	12	33
1965	1	47
1965	2	57
1965	3	60
1965	4	59
1965	5	48
1965	6	59
1965	7	53
1965	8	52
1965	9	60
1965	10	27
1965	11	58
1965	12	56
1966	1	55
1966	2	55
1966	3	57
1966	4	59
1966	5	59
1966	6	20
1966	7	30
1966	8	40
1966	9	36
1966	10	16
1966	11	24
1966	12	53
1967	1	55
1967	2	55
1967	3	54
1967	4	51
1967	5	38
1967	6	45
1967	7	59
1967	8	59
1967	9	60
1967	10	60
1967	11	45
1967	12	23
1968	1	15
1968	2	32
1968	3	55
1968	4	50
1968	5	59
1968	6	50
1968	7	28
1968	8	14
1968	9	36
1968	10	35
1968	11	48
1968	12	1
1969	1	34
1969	2	47
1969	3	52
1969	4	58
1969	5	58
1969	6	59
1969	7	60
1969	8	59
1969	9	60
1969	10	39
1969	11	56
1969	12	48
1970	1	54
1970	2	55
1970	3	57
1970	4	57
1970	5	57
1970	6	58
1970	7	52
1970	8	34
1970	9	46
1970	10	52
1970	11	26
1970	12	49
1971	1	43
1971	2	50
1971	3	55
1971	4	58
1971	5	58
1971	6	60
1971	7	60
1971	8	40
1971	9	49
1971	10	46
1971	11	20
1971	12	22
1972	1	32
1972	2	36
1972	3	55
1972	4	53
1972	5	59
1972	6	59
1972	7	18
1972	8	10
1972	9	39
1972	10	44
1972	11	23
1972	12	32
1973	1	49
1973	2	37
1973	3	51
1973	4	53
1973	5	59
1973	6	59
1973	7	46
1973	8	7
1973	9	49
1973	10	44
1973	11	44
1973	12	58
1974	1	57
1974	2	59
1974	3	60
1974	4	60
1974	5	59
1974	6	59
1974	7	47
1974	8	28
1974	9	49
1974	10	60
1974	11	20
1974	12	3
1975	1	17
1975	2	39
1975	3	58
1975	4	59
1975	5	59
1975	6	59
1975	7	59
1975	8	35
1975	9	59
1975	10	59
1975	11	60
1975	12	54
1976	1	4
1976	2	1
1976	3	8
1976	4	3
1976	5	54
1976	6	30
1976	7	16
1976	8	2
1976	9	1
1976	10	22
1976	11	1
1976	12	0
1977	1	0
1977	2	0
1977	3	0
1977	4	0
1977	5	0
1977	6	0
1977	7	0
1977	8	0
1977	9	26
1977	10	32
1977	11	0
1977	12	6
1978	1	55
1978	2	55
1978	3	54
1978	4	54
1978	5	55
1978	6	59
1978	7	59
1978	8	38
1978	9	48
1978	10	58
1978	11	19
1978	12	23
1979	1	49
1979	2	53
1979	3	56
1979	4	55
1979	5	59
1979	6	59
1979	7	42
1979	8	26
1979	9	51
1979	10	59
1979	11	47
1979	12	27
1980	1	42
1980	2	55
1980	3	56
1980	4	59
1980	5	59
1980	6	60
1980	7	59
1980	8	37
1980	9	59
1980	10	49
1980	11	35
1980	12	23
1981	1	0
1981	2	17
1981	3	45
1981	4	59
1981	5	59
1981	6	58
1981	7	25
1981	8	10
1981	9	0
1981	10	34
1981	11	47
1981	12	59
1982	1	58
1982	2	58
1982	3	60
1982	4	54
1982	5	60
1982	6	61
1982	7	61
1982	8	52
1982	9	60
1982	10	59
1982	11	59
1982	12	58
1983	1	57
1983	2	58
1983	3	43
1983	4	59
1983	5	61
1983	6	61
1983	7	61
1983	8	48
1983	9	60
1983	10	60
1983	11	59
1983	12	60
1984	1	53
1984	2	60
1984	3	60
1984	4	60
1984	5	62
1984	6	61
1984	7	60
1984	8	38
1984	9	0
1984	10	54
1984	11	45
1984	12	55
1985	1	15
1985	2	19
1985	3	39
1985	4	59
1985	5	59
1985	6	59
1985	7	28
1985	8	14
1985	9	36
1985	10	55
1985	11	18
1985	12	29
1986	1	52
1986	2	54
1986	3	57
1986	4	58
1986	5	58
1986	6	58
1986	7	57
1986	8	32
1986	9	57
1986	10	60
1986	11	27
1986	12	0
1987	1	4
1987	2	0
1987	3	21
1987	4	61
1987	5	62
1987	6	45
1987	7	5
1987	8	6
1987	9	28
1987	10	26
1987	11	0
1987	12	32
1988	1	40
1988	2	31
1988	3	23
1988	4	25
1988	5	57
1988	6	57
1988	7	27
1988	8	3
1988	9	54
1988	10	43
1988	11	10
1988	12	34
1989	1	20
1989	2	20
1989	3	56
1989	4	59
1989	5	59
1989	6	57
1989	7	34
1989	8	6
1989	9	29
1989	10	57
1989	11	25
1989	12	59
1990	1	41
1990	2	38
1990	3	55
1990	4	59
1990	5	33
1990	6	51
1990	7	9
1990	8	11
1990	9	49
1990	10	17
1990	11	0
1990	12	1
1991	1	2
1991	2	4
1991	3	12
1991	4	56
1991	5	56
1991	6	57
1991	7	33
1991	8	7
1991	9	46
1991	10	45
1991	11	8
1991	12	31
1992	1	26
1992	2	23
1992	3	55
1992	4	57
1992	5	58
1992	6	31
1992	7	35
1992	8	4
1992	9	40
1992	10	54
1992	11	7
1992	12	28
1993	1	23
1993	2	58
1993	3	10
1993	4	48
1993	5	57
1993	6	57
1993	7	53
1993	8	18
1993	9	37
1993	10	45
1993	11	40
1993	12	41
1994	1	14
1994	2	15
1994	3	51
1994	4	50
1994	5	57
1994	6	46
1994	7	10
1994	8	0
1994	9	0
1994	10	0
1994	11	42
1994	12	56
1995	1	54
1995	2	54
1995	3	51
1995	4	55
1995	5	54
1995	6	54
1995	7	58
1995	8	34
1995	9	57
1995	10	43
1995	11	44
1995	12	52
1996	1	56
1996	2	52
1996	3	56
1996	4	57
1996	5	56
1996	6	56
1996	7	31
1996	8	11
1996	9	42
1996	10	56
1996	11	36
1996	12	54
1997	1	17
1997	2	14
1997	3	41
1997	4	56
1997	5	56
1997	6	54
1997	7	5
1997	8	11
1997	9	43
1997	10	57
1997	11	36
1997	12	28
1998	1	38
1998	2	39
1998	3	49
1998	4	51
1998	5	54
1998	6	55
1998	7	58
1998	8	57
1998	9	27
1998	10	57
1998	11	57
1998	12	51
1999	1	50
1999	2	50
1999	3	56
1999	4	57
1999	5	56
1999	6	56
1999	7	43
1999	8	6
1999	9	32
1999	10	59
1999	11	14
1999	12	27
2000	1	22
2000	2	46
2000	3	51
2000	4	59
2000	5	58
2000	6	58
2000	7	28
2000	8	5
2000	9	28
2000	10	56
2000	11	21
2000	12	24
2001	1	22
2001	2	31
2001	3	52
2001	4	56
2001	5	57
2001	6	45
2001	7	11
2001	8	2
2001	9	19
2001	10	22
2001	11	33
2001	12	52
2002	1	49
2002	2	18
2002	3	47
2002	4	54
2002	5	54
2002	6	56
2002	7	18
2002	8	8
2002	9	23
2002	10	25
2002	11	32
2002	12	41
2003	1	46
2003	2	54
2003	3	54
2003	4	54
2003	5	56
2003	6	57
2003	7	25
2003	8	17
2003	9	48
2003	10	48
2003	11	33
2003	12	23
2004	1	27
2004	2	42
2004	3	58
2004	4	60
2004	5	59
2004	6	55
2004	7	14
2004	8	2
2004	9	17
2004	10	38
2004	11	41
2004	12	44
2005	1	46
2005	2	50
2005	3	50
2005	4	51
2005	5	44
2005	6	52
2005	7	53
2005	8	7
2005	9	44
2005	10	46
2005	11	43
2005	12	34
2006	1	46
2006	2	50
2006	3	50
2006	4	51
2006	5	52
2006	6	55
2006	7	53
2006	8	2
2006	9	44
2006	10	50
2006	11	47
2006	12	20
2007	1	10
2007	2	20
2007	3	48
2007	4	55
2007	5	56
2007	6	32
2007	7	4
2007	8	0
2007	9	10
2007	10	19
2007	11	20
2007	12	22
2008	1	24
2008	2	31
2008	3	51
2008	4	54
2008	5	58
2008	6	58
2008	7	19
2008	8	0
2008	9	11
2008	10	19
2008	11	39
2008	12	46
2009	1	50
2009	2	52
2009	3	57
2009	4	62
2009	5	59
2009	6	62
2009	7	8
2009	8	1
2009	9	19
2009	10	28
2009	11	34
2009	12	38
2010	1	38
2010	2	46
2010	3	46
2010	4	50
2010	5	55
2010	6	58
2010	7	38
2010	8	1
2010	9	26
2010	10	47
2010	11	49
2010	12	49
2011	1	49
2011	2	49
2011	3	49
2011	4	49
2011	5	52
2011	6	58
2011	7	45
2011	8	0
2011	9	11
2011	10	31
2011	11	37
2011	12	43
2012	1	13
2012	2	0
2012	3	3
2012	4	47
2012	5	57
2012	6	20
2012	7	0
2012	8	0
2012	9	23
2012	10	19
2012	11	19
2012	12	43
2013	1	44
2013	2	46
2013	3	47
2013	4	55
2013	5	59
2013	6	14
2013	7	0
2013	8	0
2013	9	38
2013	10	39
2013	11	22
2013	12	0
2014	1	0
2014	2	0
2014	3	0
2014	4	20
2014	5	54
2014	6	7
2014	7	0
2014	8	0
