1940	1	4130
1940	2	8582
1940	3	14948
1940	4	16906
1940	5	14300
1940	6	10849
1940	7	1994
1940	8	1186
1940	9	1688
1940	10	1603
1940	11	1714
1940	12	3011
1941	1	7133
1941	2	13106
1941	3	21167
1941	4	17086
1941	5	21283
1941	6	22303
1941	7	9142
1941	8	2094
1941	9	1686
1941	10	2198
1941	11	2329
1941	12	4776
1942	1	8431
1942	2	12729
1942	3	8675
1942	4	13413
1942	5	16532
1942	6	22240
1942	7	7776
1942	8	1684
1942	9	1916
1942	10	2236
1942	11	2333
1942	12	4365
1943	1	5647
1943	2	13068
1943	3	23122
1943	4	18060
1943	5	14972
1943	6	11652
1943	7	2208
1943	8	1541
1943	9	1689
1943	10	2108
1943	11	1952
1943	12	2387
1944	1	2689
1944	2	2861
1944	3	4793
1944	4	2300
1944	5	3826
1944	6	3384
1944	7	1245
1944	8	1090
1944	9	1199
1944	10	1648
1944	11	2473
1944	12	3788
1945	1	3864
1945	2	10881
1945	3	9215
1945	4	8987
1945	5	13915
1945	6	11323
1945	7	3880
1945	8	1779
1945	9	2031
1945	10	2758
1945	11	3483
1945	12	5732
1946	1	9510
1946	2	5955
1946	3	3733
1946	4	6014
1946	5	13058
1946	6	5783
1946	7	1465
1946	8	1223
1946	9	1483
1946	10	1814
1946	11	2616
1946	12	3617
1947	1	2782
1947	2	2407
1947	3	2259
1947	4	1487
1947	5	2045
1947	6	942
1947	7	526
1947	8	569
1947	9	1073
1947	10	1313
1947	11	1772
1947	12	1694
1948	1	1383
1948	2	826
1948	3	598
1948	4	1392
1948	5	5000
1948	6	8605
1948	7	1328
1948	8	725
1948	9	1087
1948	10	1548
1948	11	1492
1948	12	1486
1949	1	1740
1949	2	1415
1949	3	3469
1949	4	2057
1949	5	3529
1949	6	2002
1949	7	562
1949	8	602
1949	9	714
1949	10	1267
1949	11	1581
1949	12	1570
1950	1	1998
1950	2	3542
1950	3	2205
1950	4	5366
1950	5	5012
1950	6	5013
1950	7	687
1950	8	620
1950	9	945
1950	10	1324
1950	11	8102
1950	12	25128
1951	1	10280
1951	2	10812
1951	3	7769
1951	4	2652
1951	5	6524
1951	6	3338
1951	7	870
1951	8	759
1951	9	1034
1951	10	1784
1951	11	1763
1951	12	3135
1952	1	8851
1952	2	11506
1952	3	13747
1952	4	20196
1952	5	27638
1952	6	23340
1952	7	3498
1952	8	1355
1952	9	1620
1952	10	1865
1952	11	2176
1952	12	3663
1953	1	5947
1953	2	3673
1953	3	1162
1953	4	1519
1953	5	3059
1953	6	4914
1953	7	1604
1953	8	747
1953	9	1092
1953	10	1629
1953	11	1662
1953	12	1761
1954	1	1656
1954	2	2358
1954	3	4459
1954	4	5059
1954	5	6715
1954	6	1285
1954	7	542
1954	8	546
1954	9	753
1954	10	1042
1954	11	1385
1954	12	1813
1955	1	2965
1955	2	2451
1955	3	1561
1955	4	916
1955	5	1150
1955	6	1495
1955	7	416
1955	8	430
1955	9	609
1955	10	799
1955	11	1070
1955	12	10905
1956	1	27045
1956	2	17279
1956	3	7486
1956	4	6261
1956	5	13975
1956	6	12250
1956	7	3482
1956	8	1901
1956	9	1885
1956	10	1998
1956	11	2211
1956	12	2505
1957	1	1921
1957	2	1763
1957	3	3054
1957	4	1326
1957	5	2581
1957	6	3759
1957	7	874
1957	8	752
1957	9	1148
1957	10	2055
1957	11	2248
1957	12	2493
1958	1	2420
1958	2	5433
1958	3	12094
1958	4	27920
1958	5	22419
1958	6	15616
1958	7	4091
1958	8	1535
1958	9	2242
1958	10	2835
1958	11	3632
1958	12	2954
1959	1	2331
1959	2	3268
1959	3	2068
1959	4	811
1959	5	790
1959	6	532
1959	7	312
1959	8	402
1959	9	785
1959	10	876
1959	11	1051
1959	12	1183
1960	1	1394
1960	2	1722
1960	3	595
1960	4	517
1960	5	617
1960	6	292
1960	7	222
1960	8	267
1960	9	384
1960	10	712
1960	11	1012
1960	12	1287
1961	1	1338
1961	2	1118
1961	3	443
1961	4	199
1961	5	379
1961	6	207
1961	7	103
1961	8	150
1961	9	321
1961	10	409
1961	11	593
1961	12	711
1962	1	804
1962	2	5777
1962	3	5932
1962	4	2085
1962	5	2620
1962	6	3497
1962	7	856
1962	8	693
1962	9	993
1962	10	1453
1962	11	1643
1962	12	2434
1963	1	1753
1963	2	8185
1963	3	2607
1963	4	8615
1963	5	9338
1963	6	6663
1963	7	1821
1963	8	1095
1963	9	1515
1963	10	2677
1963	11	3021
1963	12	3532
1964	1	2871
1964	2	1697
1964	3	928
1964	4	764
1964	5	703
1964	6	650
1964	7	383
1964	8	440
1964	9	899
1964	10	1411
1964	11	2355
1964	12	6036
1965	1	14383
1965	2	7927
1965	3	5326
1965	4	9859
1965	5	5295
1965	6	5650
1965	7	1972
1965	8	1220
1965	9	1678
1965	10	2944
1965	11	3643
1965	12	6233
1966	1	5268
1966	2	4091
1966	3	1914
1966	4	981
1966	5	863
1966	6	569
1966	7	439
1966	8	499
1966	9	725
1966	10	1101
1966	11	1329
1966	12	4375
1967	1	3208
1967	2	6363
1967	3	6536
1967	4	14494
1967	5	20364
1967	6	20000
1967	7	10449
1967	8	2020
1967	9	2028
1967	10	2725
1967	11	3473
1967	12	3634
1968	1	2940
1968	2	2616
1968	3	3093
1968	4	1435
1968	5	891
1968	6	591
1968	7	502
1968	8	768
1968	9	938
1968	10	1384
1968	11	1604
1968	12	2532
1969	1	13814
1969	2	32553
1969	3	30874
1969	4	22116
1969	5	24612
1969	6	27886
1969	7	5802
1969	8	2324
1969	9	3255
1969	10	4461
1969	11	4627
1969	12	4011
1970	1	11115
1970	2	9191
1970	3	7179
1970	4	1672
1970	5	2393
1970	6	2703
1970	7	1330
1970	8	1044
1970	9	1319
1970	10	1466
1970	11	1655
1970	12	5043
1971	1	5203
1971	2	4391
1971	3	2589
1971	4	1961
1971	5	1832
1971	6	2322
1971	7	1065
1971	8	891
1971	9	1097
1971	10	2252
1971	11	1646
1971	12	2398
1972	1	3116
1972	2	2701
1972	3	1379
1972	4	1036
1972	5	744
1972	6	586
1972	7	481
1972	8	543
1972	9	1563
1972	10	1991
1972	11	2216
1972	12	2501
1973	1	4059
1973	2	7988
1973	3	7610
1973	4	4203
1973	5	2936
1973	6	2576
1973	7	1082
1973	8	1067
1973	9	1470
1973	10	2546
1973	11	2281
1973	12	3586
1974	1	7781
1974	2	5093
1974	3	4817
1974	4	5850
1974	5	4106
1974	6	3860
1974	7	1636
1974	8	1614
1974	9	2845
1974	10	3497
1974	11	3890
1974	12	4161
1975	1	3766
1975	2	6212
1975	3	5684
1975	4	3957
1975	5	3971
1975	6	5707
1975	7	1718
1975	8	1680
1975	9	2652
1975	10	4543
1975	11	3906
1975	12	3744
1976	1	3326
1976	2	2114
1976	3	1822
1976	4	1292
1976	5	939
1976	6	797
1976	7	671
1976	8	1054
1976	9	1066
1976	10	1273
1976	11	1136
1976	12	964
1977	1	1090
1977	2	788
1977	3	523
1977	4	212
1977	5	399
1977	6	118
1977	7	92
1977	8	124
1977	9	178
1977	10	246
1977	11	429
1977	12	505
1978	1	2275
1978	2	7318
1978	3	11474
1978	4	20030
1978	5	19119
1978	6	7069
1978	7	1907
1978	8	1418
1978	9	2730
1978	10	3327
1978	11	3497
1978	12	2812
1979	1	5233
1979	2	7137
1979	3	8651
1979	4	3506
1979	5	2523
1979	6	2253
1979	7	1333
1979	8	1450
1979	9	1841
1979	10	2790
1979	11	2311
1979	12	2486
1980	1	13069
1980	2	18775
1980	3	25296
1980	4	10249
1980	5	9912
1980	6	5305
1980	7	3383
1980	8	1969
1980	9	3801
1980	10	4072
1980	11	3277
1980	12	2949
1981	1	3250
1981	2	2878
1981	3	3121
1981	4	2532
1981	5	1966
1981	6	1498
1981	7	1265
1981	8	1269
1981	9	1181
1981	10	1386
1981	11	1564
1981	12	1851
1982	1	3889
1982	2	6645
1982	3	10061
1982	4	22963
1982	5	18653
1982	6	7584
1982	7	6162
1982	8	4016
1982	9	6129
1982	10	8179
1982	11	6974
1982	12	16493
1983	1	19067
1983	2	31603
1983	3	40035
1983	4	36446
1983	5	31770
1983	6	26083
1983	7	19227
1983	8	9034
1983	9	11310
1983	10	13316
1983	11	10675
1983	12	19125
1984	1	25632
1984	2	10833
1984	3	7501
1984	4	4285
1984	5	3239
1984	6	2296
1984	7	1903
1984	8	2179
1984	9	2917
1984	10	3814
1984	11	2822
1984	12	4771
1985	1	4064
1985	2	3241
1985	3	2736
1985	4	2466
1985	5	2132
1985	6	1747
1985	7	2557
1985	8	2600
1985	9	1925
1985	10	2071
1985	11	1929
1985	12	2205
1986	1	2059
1986	2	8743
1986	3	25035
1986	4	19590
1986	5	8763
1986	6	6233
1986	7	2893
1986	8	3183
1986	9	4180
1986	10	3741
1986	11	2808
1986	12	3706
1987	1	2305
1987	2	2136
1987	3	3414
1987	4	2867
1987	5	2177
1987	6	1990
1987	7	1631
1987	8	1626
1987	9	1596
1987	10	1369
1987	11	1548
1987	12	1278
1988	1	1482
1988	2	1388
1988	3	2240
1988	4	2145
1988	5	1781
1988	6	1711
1988	7	1356
1988	8	1557
1988	9	1452
1988	10	1126
1988	11	1274
1988	12	1371
1989	1	1255
1989	2	1233
1989	3	2023
1989	4	1915
1989	5	1949
1989	6	1583
1989	7	1283
1989	8	1169
1989	9	1352
1989	10	1400
1989	11	1404
1989	12	1381
1990	1	1241
1990	2	1365
1990	3	1760
1990	4	1309
1990	5	1279
1990	6	1116
1990	7	1009
1990	8	1032
1990	9	875
1990	10	993
1990	11	1115
1990	12	918
1991	1	816
1991	2	757
1991	3	1778
1991	4	1168
1991	5	1048
1991	6	568
1991	7	594
1991	8	537
1991	9	574
1991	10	788
1991	11	1084
1991	12	894
1992	1	959
1992	2	2090
1992	3	1469
1992	4	1418
1992	5	891
1992	6	480
1992	7	446
1992	8	482
1992	9	634
1992	10	848
1992	11	955
1992	12	981
1993	1	4120
1993	2	3035
1993	3	2702
1993	4	3420
1993	5	3610
1993	6	2341
1993	7	1509
1993	8	1998
1993	9	2771
1993	10	3040
1993	11	1759
1993	12	1628
1994	1	1772
1994	2	1987
1994	3	2205
1994	4	1862
1994	5	1972
1994	6	1108
1994	7	1135
1994	8	867
1994	9	869
1994	10	1369
1994	11	1287
1994	12	1294
1995	1	4599
1995	2	6559
1995	3	14611
1995	4	19933
1995	5	22187
1995	6	14011
1995	7	9881
1995	8	3924
1995	9	4734
1995	10	5691
1995	11	2428
1995	12	2250
1996	1	2430
1996	2	11472
1996	3	15070
1996	4	7500
1996	5	8421
1996	6	3738
1996	7	2209
1996	8	2033
1996	9	2163
1996	10	2690
1996	11	2715
1996	12	12191
1997	1	30377
1997	2	35057
1997	3	13034
1997	4	4728
1997	5	4784
1997	6	2647
1997	7	1755
1997	8	1874
1997	9	2069
1997	10	2705
1997	11	1980
1997	12	2116
1998	1	6025
1998	2	28121
1998	3	19351
1998	4	21936
1998	5	17948
1998	6	17760
1998	7	13192
1998	8	5441
1998	9	5758
1998	10	6153
1998	11	3289
1998	12	4330
1999	1	4730
1999	2	11696
1999	3	8331
1999	4	6437
1999	5	5551
1999	6	3015
1999	7	2093
1999	8	1969
1999	9	2037
1999	10	2531
1999	11	2158
1999	12	1688
2000	1	2136
2000	2	7558
2000	3	12097
2000	4	5012
2000	5	4813
2000	6	2772
2000	7	1898
2000	8	2170
2000	9	2330
2000	10	2826
2000	11	2525
2000	12	2238
2001	1	2441
2001	2	3092
2001	3	3430
2001	4	3008
2001	5	3527
2001	6	1549
2001	7	1400
2001	8	1329
2001	9	1376
2001	10	2002
2001	11	2096
2001	12	2063
2002	1	2661
2002	2	1897
2002	3	2133
2002	4	2598
2002	5	2738
2002	6	1407
2002	7	1227
2002	8	1116
2002	9	1175
2002	10	1704
2002	11	1714
2002	12	1988
2003	1	1912
2003	2	1878
2003	3	2193
2003	4	2667
2003	5	2625
2003	6	2033
2003	7	1320
2003	8	1280
2003	9	1308
2003	10	1999
2003	11	1647
2003	12	1502
2004	1	1791
2004	2	2201
2004	3	3360
2004	4	2750
2004	5	2646
2004	6	1403
2004	7	1146
2004	8	1125
2004	9	1120
2004	10	1752
2004	11	1631
2004	12	1578
2005	1	4918
2005	2	5303
2005	3	8064
2005	4	10060
2005	5	10411
2005	6	9979
2005	7	4155
2005	8	2615
2005	9	2412
2005	10	2618
2005	11	2038
2005	12	3521
2006	1	13171
2006	2	6457
2006	3	11704
2006	4	27936
2006	5	26054
2006	6	15690
2006	7	5546
2006	8	3697
2006	9	3316
2006	10	3850
2006	11	2538
2006	12	2354
2007	1	2587
2007	2	2533
2007	3	2554
2007	4	2225
2007	5	2898
2007	6	1745
2007	7	1137
2007	8	1007
2007	9	1014
2007	10	1569
2007	11	1710
2007	12	1502
2008	1	2319
2008	2	2369
2008	3	2115
2008	4	2408
2008	5	2755
2008	6	1032
2008	7	863
2008	8	868
2008	9	901
2008	10	1234
2008	11	1140
2008	12	1128
2009	1	1104
2009	2	1427
2009	3	1422
2009	4	1516
2009	5	2129
2009	6	1098
2009	7	606
2009	8	608
2009	9	947
2009	10	1844
2009	11	1393
2009	12	1318
2010	1	1955
2010	2	2425
2010	3	2934
2010	4	4277
2010	5	5065
2010	6	4000
2010	7	1932
2010	8	1288
2010	9	1842
2010	10	2390
2010	11	1901
2010	12	6942
2011	1	11793
2011	2	8698
2011	3	13637
2011	4	26383
2011	5	12648
2011	6	10658
2011	7	8586
2011	8	5390
2011	9	4272
2011	10	5027
2011	11	2755
2011	12	1816
2012	1	1821
2012	2	1584
2012	3	1615
2012	4	2499
2012	5	2992
2012	6	1592
2012	7	951
2012	8	777
2012	9	956
2012	10	1789
2012	11	1294
2012	12	1960
2013	1	1838
2013	2	2230
2013	3	1509
2013	4	2162
2013	5	2318
2013	6	737
2013	7	576
2013	8	525
2013	9	849
2013	10	1439
2013	11	1087
2013	12	935
2014	1	789
2014	2	821
2014	3	847
2014	4	1778
2014	5	1534
2014	6	325
2014	7	281
2014	8	279
2014	9	324
2014	10	537
2014	11	956
2014	12	1212
2015	1	884
2015	2	912
2015	3	638
2015	4	874
2015	5	338
2015	6	191
2015	7	121
2015	8	149
2015	9	212
