1940	1	3
1940	2	3
1940	3	71
1940	4	75
1940	5	38
1940	6	25
1940	7	22
1940	8	11
1940	9	0
1940	10	1
1940	11	2
1940	12	5
1941	1	7
1941	2	7
1941	3	16
1941	4	17
1941	5	50
1941	6	26
1941	7	26
1941	8	9
1941	9	2
1941	10	13
1941	11	2
1941	12	2
1942	1	2
1942	2	2
1942	3	2
1942	4	41
1942	5	41
1942	6	58
1942	7	33
1942	8	16
1942	9	1
1942	10	0
1943	3	15
1943	4	108
1943	5	46
1943	6	73
1943	7	45
1943	8	17
1943	9	2
1943	10	2
1944	4	10
1944	5	15
1944	6	8
1944	7	24
1944	8	18
1944	9	3
1944	10	3
1945	3	11
1945	4	24
1945	5	95
1945	6	51
1945	7	37
1945	8	15
1945	9	1
1945	10	1
1946	3	34
1946	4	47
1946	5	62
1946	6	38
1946	7	22
1946	8	10
1946	9	1
1946	10	1
1946	11	4
1946	12	6
1947	1	3
1947	2	0
1947	3	1
1947	4	14
1947	5	32
1947	6	4
1947	7	35
1947	8	7
1947	9	17
1947	10	2
1947	11	2
1947	12	2
1948	1	15
1948	2	7
1948	3	1
1948	4	2
1948	5	76
1948	6	51
1948	7	34
1948	8	23
1948	9	6
1948	10	2
1948	11	5
1948	12	3
1949	1	2
1949	2	3
1949	3	17
1949	4	29
1949	5	42
1949	6	46
1949	7	26
1949	8	11
1949	9	1
1949	10	1
1949	11	1
1949	12	1
1950	1	2
1950	2	3
1950	3	5
1950	4	45
1950	5	56
1950	6	29
1950	7	37
1950	8	19
1950	9	8
1950	10	4
1950	11	10
1950	12	30
1951	1	8
1951	2	18
1951	3	14
1951	4	78
1951	5	75
1951	6	56
1951	7	25
1951	8	10
1951	9	1
1951	10	4
1951	11	2
1951	12	4
1952	1	2
1952	2	4
1952	3	5
1952	4	137
1952	5	110
1952	6	55
1952	7	41
1952	8	36
1952	9	6
1952	10	2
1952	11	2
1952	12	3
1953	1	19
1953	2	27
1953	3	10
1953	4	68
1953	5	93
1953	6	87
1953	7	59
1953	8	30
1953	9	3
1953	10	3
1953	11	6
1953	12	4
1954	1	6
1954	2	9
1954	3	47
1954	4	57
1954	5	70
1954	6	35
1954	7	40
1954	8	3
1954	9	2
1954	10	2
1954	11	1
1954	12	0
1955	1	0
1955	2	0
1955	3	0
1955	4	0
1955	5	18
1955	6	32
1955	7	9
1955	8	27
1955	9	5
1955	10	1
1955	11	3
1955	12	45
1956	1	56
1956	2	100
1956	3	34
1956	4	139
1956	5	153
1956	6	76
1956	7	31
1956	8	22
1956	9	13
1956	10	10
1956	11	7
1956	12	10
1957	1	2
1957	2	13
1957	3	49
1957	4	57
1957	5	71
1957	6	59
1957	7	33
1957	8	17
1957	9	1
1957	10	5
1957	11	4
1957	12	5
1958	1	6
1958	2	24
1958	3	62
1958	4	96
1958	5	130
1958	6	62
1958	7	45
1958	8	9
1958	9	2
1958	10	1
1958	11	4
1958	12	3
1959	1	4
1959	2	4
1959	3	0
1959	4	6
1959	5	8
1959	6	35
1959	7	18
1959	8	5
1959	9	1
1959	10	1
1959	11	1
1959	12	0
1960	1	0
1960	2	0
1960	3	0
1960	4	28
1960	5	40
1960	6	58
1960	7	34
1960	8	15
1960	9	2
1960	10	1
1960	11	0
1960	12	0
1961	1	1
1961	2	2
1961	3	1
1961	4	9
1961	5	23
1961	6	32
1961	7	23
1961	8	9
1961	9	0
1961	10	0
1961	11	0
1961	12	0
1962	1	0
1962	2	0
1962	3	0
1962	4	39
1962	5	39
1962	6	47
1962	7	34
1962	8	16
1962	9	0
1962	10	15
1962	11	7
1962	12	27
1963	1	0
1963	2	5
1963	3	1
1963	4	45
1963	5	88
1963	6	61
1963	7	42
1963	8	55
1963	9	24
1963	10	4
1963	11	0
1963	12	1
1964	1	1
1964	2	1
1964	3	1
1964	4	0
1964	5	39
1964	6	22
1964	7	45
1964	8	35
1964	9	7
1964	10	1
1964	11	0
1964	12	30
1965	1	61
1965	2	16
1965	3	3
1965	4	66
1965	5	85
1965	6	61
1965	7	74
1965	8	61
1965	9	20
1965	10	3
1965	11	3
1965	12	3
1966	1	4
1966	2	2
1966	3	2
1966	4	20
1966	5	43
1966	6	26
1966	7	29
1966	8	33
1966	9	1
1966	10	2
1966	11	3
1966	12	4
1967	1	0
1967	2	0
1967	3	1
1967	4	16
1967	5	31
1967	6	75
1967	7	66
1967	8	48
1967	9	7
1967	10	1
1967	11	1
1967	12	1
1968	1	1
1968	2	0
1968	3	0
1968	4	15
1968	5	18
1968	6	23
1968	7	11
1968	8	7
1968	9	14
1968	10	0
1968	11	0
1968	12	0
1969	1	1
1969	2	1
1969	3	3
1969	4	21
1969	5	90
1969	6	34
1969	7	49
1969	8	50
1969	9	23
1969	10	1
1969	11	0
1969	12	0
1970	1	5
1970	2	39
1970	3	36
1970	4	37
1970	5	64
1970	6	53
1970	7	40
1970	8	56
1970	9	26
1970	10	0
1970	11	0
1970	12	0
1971	1	0
1971	2	1
1971	3	30
1971	4	96
1971	5	109
1971	6	76
1971	7	58
1971	8	49
1971	9	39
1971	10	1
1971	11	1
1971	12	0
1972	1	0
1972	2	6
1972	3	77
1972	4	29
1972	5	68
1972	6	69
1972	7	67
1972	8	38
1972	9	10
1972	10	0
1972	11	0
1972	12	0
1973	1	1
1973	2	1
1973	3	1
1973	4	1
1973	5	27
1973	6	49
1973	7	50
1973	8	38
1973	9	9
1973	10	0
1973	11	0
1973	12	0
1974	1	1
1974	2	1
1974	3	15
1974	4	73
1974	5	106
1974	6	99
1974	7	36
1974	8	38
1974	9	24
1974	10	0
1974	11	0
1974	12	0
1975	1	0
1975	2	0
1975	3	1
1975	4	3
1975	5	40
1975	6	66
1975	7	46
1975	8	56
1975	9	30
1975	10	1
1975	11	1
1975	12	1
1976	1	1
1976	2	1
1976	3	2
1976	4	8
1976	5	37
1976	6	35
1976	7	17
1976	8	4
1976	9	22
1976	10	1
1976	11	0
1976	12	1
1977	1	0
1977	2	0
1977	3	0
1977	4	1
1977	5	0
1977	6	29
1977	7	6
1977	8	0
1977	9	0
1977	10	0
1977	11	0
1977	12	1
1978	1	3
1978	2	3
1978	3	4
1978	4	26
1978	5	49
1978	6	58
1978	7	28
1978	8	37
1978	9	4
1978	10	0
1978	11	0
1978	12	0
1979	1	0
1979	2	0
1979	3	1
1979	4	0
1979	5	41
1979	6	49
1979	7	40
1979	8	10
1979	9	25
1979	10	1
1979	11	0
1979	12	0
1980	1	1
1980	2	6
1980	3	3
1980	4	30
1980	5	63
1980	6	27
1980	7	32
1980	8	43
1980	9	33
1980	10	2
1980	11	1
1980	12	1
1981	1	1
1981	2	2
1981	3	2
1981	4	2
1981	5	13
1981	6	37
1981	7	24
1981	8	22
