1944	10	150
1944	11	600
1944	12	1200
1945	1	812
1945	2	2646
1945	3	1023
1945	4	1496
1945	5	1423
1945	6	598
1945	7	264
1945	8	181
1945	9	162
1945	10	503
1945	11	1235
1945	12	3356
1946	1	1814
1946	2	927
1946	3	1329
1946	4	1991
1946	5	1514
1946	6	542
1946	7	273
1946	8	193
1946	9	180
1946	10	203
1946	11	528
1946	12	520
1947	1	295
1947	2	1080
1947	3	1635
1947	4	1172
1947	5	558
1947	6	1037
1947	7	279
1947	8	190
1947	9	164
1947	10	537
1947	11	394
1947	12	333
1948	1	2537
1948	2	524
1948	3	886
1948	4	2955
1948	5	2251
1948	6	1381
1948	7	422
1948	8	260
1948	9	237
1948	10	256
1948	11	324
1948	12	340
1949	1	278
1949	2	959
1949	3	3390
1949	4	2526
1949	5	1476
1949	6	498
1949	7	236
1949	8	184
1949	9	168
1949	10	185
1949	11	234
1949	12	225
1950	1	801
1950	2	1369
1950	3	1416
1950	4	1979
1950	5	1180
1950	6	463
1950	7	211
1950	8	162
1950	9	170
1950	10	1836
1950	11	1583
1950	12	2579
1951	1	1423
1951	2	2730
1951	3	1319
1951	4	1446
1951	5	1476
1951	6	459
1951	7	260
1951	8	201
1951	9	184
1951	10	260
1951	11	948
1951	12	2552
1952	1	1250
1952	2	2827
1952	3	2199
1952	4	3351
1952	5	2690
1952	6	1035
1952	7	457
1952	8	267
1952	9	232
1952	10	219
1952	11	270
1952	12	1092
1953	1	4260
1953	2	1332
1953	3	1805
1953	4	2152
1953	5	1931
1953	6	1347
1953	7	502
1953	8	289
1953	9	241
1953	10	268
1953	11	1162
1953	12	751
1954	1	2046
1954	2	3468
1954	3	2330
1954	4	3313
1954	5	1566
1954	6	556
1954	7	305
1954	8	283
1954	9	247
1954	10	255
1954	11	824
1954	12	1331
1955	1	553
1955	2	676
1955	3	708
1955	4	1274
1955	5	1555
1955	6	471
1955	7	246
1955	8	172
1955	9	177
1955	10	186
1955	11	431
1955	12	4310
1956	1	4234
1956	2	2743
1956	3	1907
1956	4	2222
1956	5	2284
1956	6	1003
1956	7	383
1956	8	259
1956	9	233
1956	10	281
1956	11	288
1956	12	260
1957	1	430
1957	2	2978
1957	3	2247
1957	4	1663
1957	5	2741
1957	6	704
1957	7	312
1957	8	218
1957	9	513
1957	10	1371
1957	11	894
1957	12	1637
1958	1	2296
1958	2	9557
1958	3	3622
1958	4	4117
1958	5	3441
1958	6	1701
1958	7	591
1958	8	353
1958	9	302
1958	10	270
1958	11	283
1958	12	297
1959	1	2897
1959	2	2165
1959	3	1631
1959	4	1693
1959	5	1002
1959	6	431
1959	7	235
1959	8	195
1959	9	230
1959	10	217
1959	11	215
1959	12	242
1960	1	652
1960	2	2273
1960	3	2307
1960	4	1453
1960	5	1453
1960	6	777
1960	7	286
1960	8	197
1960	9	175
1960	10	232
1960	11	622
1960	12	1988
1961	1	884
1961	2	3102
1961	3	1968
1961	4	1700
1961	5	1759
1961	6	878
1961	7	292
1961	8	225
1961	9	210
1961	10	221
1961	11	597
1961	12	1086
1962	1	527
1962	2	3817
1962	3	1599
1962	4	2389
1962	5	1457
1962	6	711
1962	7	268
1962	8	232
1962	9	194
1962	10	1334
1962	11	706
1962	12	1704
1963	1	765
1963	2	3197
1963	3	1380
1963	4	4264
1963	5	2280
1963	6	679
1963	7	373
1963	8	265
1963	9	242
1963	10	341
1963	11	1357
1963	12	557
1964	1	1181
1964	2	776
1964	3	646
1964	4	814
1964	5	585
1964	6	433
1964	7	222
1964	8	168
1964	9	171
1964	10	195
1964	11	585
1964	12	4265
1965	1	2545
1965	2	1032
1965	3	743
1965	4	2990
1965	5	1256
1965	6	531
1965	7	277
1965	8	242
1965	9	204
1965	10	200
1965	11	1915
1965	12	790
1966	1	1779
1966	2	1665
1966	3	2911
1966	4	2650
1966	5	1389
1966	6	459
1966	7	258
1966	8	188
1966	9	189
1966	10	196
1966	11	1766
1966	12	2548
1967	1	1635
1967	2	1954
1967	3	2517
1967	4	2433
1967	5	3202
1967	6	1477
1967	7	461
1967	8	290
1967	9	240
1967	10	261
1967	11	270
1967	12	441
1968	1	803
1968	2	2678
1968	3	1554
1968	4	1132
1968	5	858
1968	6	425
1968	7	222
1968	8	211
1968	9	187
1968	10	251
1968	11	355
1968	12	1041
1969	1	2533
1969	2	2742
1969	3	2076
1969	4	3434
1969	5	2961
1969	6	1071
1969	7	340
1969	8	229
1969	9	505
1969	10	246
1969	11	272
1969	12	2489
1970	1	6310
1970	2	2072
1970	3	1828
1970	4	947
1970	5	966
1970	6	482
1970	7	247
1970	8	187
1970	9	200
1970	10	280
1970	11	1486
1970	12	2138
1971	1	2458
1971	2	1524
1971	3	2055
1971	4	1819
1971	5	1912
1971	6	788
1971	7	342
1971	8	229
1971	9	214
1971	10	250
1971	11	388
1971	12	517
1972	1	1131
1972	2	1336
1972	3	2406
1972	4	1625
1972	5	1041
1972	6	494
1972	7	239
1972	8	203
1972	9	207
1972	10	348
1972	11	1065
1972	12	1101
1973	1	2301
1973	2	3393
1973	3	2236
1973	4	1910
1973	5	2061
1973	6	600
1973	7	271
1973	8	205
1973	9	224
1973	10	720
1973	11	6074
1973	12	3264
1974	1	6078
1974	2	1691
1974	3	4214
1974	4	2899
1974	5	2330
1974	6	1254
1974	7	513
1974	8	333
1974	9	265
1974	10	284
1974	11	408
1974	12	614
1975	1	535
1975	2	2145
1975	3	3969
1975	4	1928
1975	5	2797
1975	6	1557
1975	7	439
1975	8	287
1975	9	252
1975	10	347
1975	11	404
1975	12	399
1976	1	309
1976	2	619
1976	3	684
1976	4	1374
1976	5	998
1976	6	316
1976	7	199
1976	8	211
1976	9	182
1976	10	216
1976	11	213
1976	12	197
1977	1	219
1977	2	226
1977	3	242
1977	4	264
1977	5	409
1977	6	228
1977	7	144
1977	8	122
1977	9	248
1977	10	243
1977	11	341
1977	12	1677
1978	1	6168
1978	2	3443
1978	3	3976
1978	4	2696
1978	5	2128
1978	6	1285
1978	7	467
1978	8	280
1978	9	386
1978	10	282
1978	11	351
1978	12	222
1979	1	525
1979	2	1198
1979	3	1955
1979	4	1519
1979	5	1852
1979	6	458
1979	7	268
1979	8	197
1979	9	197
1979	10	407
1979	11	642
1979	12	661
1980	1	2387
1980	2	3943
1980	3	1947
1980	4	1661
1980	5	1157
1980	6	574
1980	7	320
1980	8	232
1980	9	219
1980	10	267
1980	11	252
1980	12	605
1981	1	1467
1981	2	1820
1981	3	2147
1981	4	1318
1981	5	842
1981	6	382
1981	7	234
1981	8	183
1981	9	186
1981	10	344
1981	11	3118
1981	12	3661
1982	1	1432
1982	2	2778
1982	3	2620
1982	4	3938
1982	5	2086
1982	6	843
1982	7	486
1982	8	301
1982	9	261
1982	10	601
1982	11	725
1982	12	2352
1983	1	3429
1983	2	4993
1983	3	7957
1983	4	3326
1983	5	4216
1983	6	3090
1983	7	1141
1983	8	461
1983	9	395
1983	10	440
1983	11	1840
1983	12	3786
1984	1	1586
1984	2	1291
1984	3	1658
1984	4	1315
1984	5	1257
1984	6	569
1984	7	314
1984	8	247
1984	9	231
1984	10	308
1984	11	1624
1984	12	902
1985	1	558
1985	2	626
1985	3	758
1985	4	1339
1985	5	675
1985	6	335
1985	7	201
1985	8	204
1985	9	205
1985	10	248
1985	11	243
1985	12	456
1986	1	1844
1986	2	6795
1986	3	3163
1986	4	1319
1986	5	1070
1986	6	493
1986	7	287
1986	8	228
1986	9	288
1986	10	275
1986	11	299
1986	12	314
1987	1	529
1987	2	1319
1987	3	2693
1987	4	1254
1987	5	800
1987	6	314
1987	7	227
1987	8	196
1987	9	189
1987	10	188
1987	11	221
1987	12	2030
1988	1	1204
1988	2	911
1988	3	763
1988	4	969
1988	5	981
1988	6	554
1988	7	272
1988	8	223
1988	9	202
1988	10	201
1988	11	614
1988	12	392
1989	1	482
1989	2	497
1989	3	4702
1989	4	1730
1989	5	850
1989	6	383
1989	7	249
1989	8	205
1989	9	216
1989	10	721
1989	11	336
1989	12	260
1990	1	1118
1990	2	606
1990	3	1079
1990	4	662
1990	5	2285
1990	6	1006
1990	7	319
1990	8	229
1990	9	197
1990	10	195
1990	11	210
1990	12	206
1991	1	213
1991	2	287
1991	3	1250
1991	4	1048
1991	5	803
1991	6	354
1991	7	204
1991	8	171
1991	9	154
1991	10	158
1991	11	187
1991	12	219
1992	1	383
1992	2	2746
1992	3	2158
1992	4	2292
1992	5	1163
1992	6	378
1992	7	272
1992	8	188
1992	9	176
1992	10	212
1992	11	223
1992	12	834
1993	1	1600
1993	2	2670
1993	3	4465
1993	4	2390
1993	5	2791
1993	6	1714
1993	7	403
1993	8	267
1993	9	219
1993	10	227
1993	11	225
1993	12	600
1994	1	823
1994	2	940
1994	3	994
1994	4	799
1994	5	662
1994	6	273
1994	7	190
1994	8	173
1994	9	177
1994	10	193
1994	11	222
1994	12	271
1995	1	7161
1995	2	2906
1995	3	6560
1995	4	3255
1995	5	2557
1995	6	1388
1995	7	540
1995	8	319
1995	9	274
1995	10	258
1995	11	260
1995	12	1087
1996	1	972
1996	2	3937
1996	3	2621
1996	4	1715
1996	5	1794
1996	6	673
1996	7	360
1996	8	271
1996	9	254
1996	10	261
1996	11	762
1996	12	5769
1997	1	5033
1997	2	1382
1997	3	841
1997	4	928
1997	5	556
1997	6	377
1997	7	257
1997	8	240
1997	9	249
1997	10	250
1997	11	910
1997	12	851
1998	1	4661
1998	2	7281
1998	3	4571
1998	4	3007
1998	5	3732
1998	6	3741
1998	7	1197
1998	8	437
1998	9	333
1998	10	312
1998	11	1137
1998	12	1279
1999	1	1219
1999	2	2339
1999	3	2435
1999	4	2360
1999	5	2074
1999	6	863
1999	7	356
1999	8	268
1999	9	226
1999	10	234
1999	11	569
1999	12	493
2000	1	2811
2000	2	5317
2000	3	2830
2000	4	3234
2000	5	1946
2000	6	877
2000	7	380
2000	8	284
2000	9	283
2000	10	295
2000	11	285
2000	12	307
2001	1	430
2001	2	1430
2001	3	2456
2001	4	1602
2001	5	1304
2001	6	413
2001	7	264
2001	8	207
2001	9	205
2001	10	209
2001	11	639
2001	12	1794
2002	1	2807
2002	2	1504
2002	3	1247
2002	4	1747
2002	5	1039
2002	6	496
2002	7	255
2002	8	219
2002	9	200
2002	10	208
2002	11	298
2002	12	3490
2003	1	3670
2003	2	1544
2003	3	2054
2003	4	2958
2003	5	2905
2003	6	1275
2003	7	402
2003	8	310
2003	9	262
2003	10	247
2003	11	476
2003	12	1885
2004	1	1704
2004	2	4382
2004	3	2446
2004	4	1758
2004	5	1318
2004	6	528
2004	7	281
2004	8	239
2004	9	215
2004	10	370
2004	11	319
2004	12	1181
2005	1	1936
2005	2	1863
2005	3	2704
2005	4	1910
2005	5	3694
2005	6	1694
2005	7	597
2005	8	333
2005	9	283
2005	10	286
2005	11	513
2005	12	3498
2006	1	3593
2006	2	2381
2006	3	3630
2006	4	5605
2006	5	4617
2006	6	1738
2006	7	489
2006	8	331
2006	9	283
2006	10	268
2006	11	409
2006	12	1064
2007	1	575
2007	2	2021
2007	3	1382
2007	4	818
2007	5	536
2007	6	275
2007	7	225
2007	8	201
2007	9	198
2007	10	259
2007	11	225
2007	12	491
2008	1	1114
2008	2	1458
2008	3	1205
2008	4	1180
2008	5	1587
2008	6	475
2008	7	236
2008	8	204
2008	9	192
2008	10	222
2008	11	500
2008	12	272
2009	1	385
2009	2	1781
2009	3	3898
2009	4	1581
2009	5	2045
2009	6	562
2009	7	277
2009	8	216
2009	9	194
2009	10	331
2009	11	305
2009	12	560
2010	1	2990
2010	2	3217
2010	3	2151
2010	4	2724
2010	5	2494
2010	6	2758
2010	7	671
2010	8	299
2010	9	258
2010	10	367
2010	11	559
2010	12	2568
2011	1	1292
2011	2	1471
2011	3	3870
2011	4	3160
2011	5	2283
2011	6	2296
2011	7	816
2011	8	355
2011	9	264
2011	10	300
2011	11	403
2011	12	277
2012	1	459
2012	2	648
2012	3	2371
2012	4	3061
2012	5	1506
2012	6	558
2012	7	288
2012	8	220
2012	9	198
2012	10	205
2012	11	831
2012	12	2301
2013	1	894
2013	2	776
2013	3	1083
2013	4	1168
2013	5	472
2013	6	297
2013	7	227
2013	8	194
2013	9	207
2013	10	209
2013	11	208
2013	12	206
2014	1	200
2014	2	490
2014	3	1443
2014	4	812
2014	5	302
2014	6	215
2014	7	174
2014	8	156
2014	9	159
2014	10	229
2014	11	281
2014	12	3586
2015	1	773
2015	2	3082
2015	3	580
2015	4	487
2015	5	315
2015	6	227
2015	7	190
2015	8	175
2015	9	180
