1944	10	2400
1944	11	3100
1944	12	3300
1945	1	2977
1945	2	6084
1945	3	3820
1945	4	3799
1945	5	3973
1945	6	3601
1945	7	2335
1945	8	2202
1945	9	2175
1945	10	2337
1945	11	3236
1945	12	6279
1946	1	5828
1946	2	3799
1946	3	5247
1946	4	4707
1946	5	3524
1946	6	2479
1946	7	2253
1946	8	2127
1946	9	2072
1946	10	2195
1946	11	2528
1946	12	2684
1947	1	2336
1947	2	3562
1947	3	4365
1947	4	3403
1947	5	2298
1947	6	2513
1947	7	2090
1947	8	1971
1947	9	2024
1947	10	2292
1947	11	2307
1947	12	2338
1948	1	4055
1948	2	2500
1948	3	3624
1948	4	7592
1948	5	6132
1948	6	4874
1948	7	2419
1948	8	2158
1948	9	2258
1948	10	2147
1948	11	2429
1948	12	2529
1949	1	2137
1949	2	2708
1949	3	6120
1949	4	4646
1949	5	3744
1949	6	2361
1949	7	1934
1949	8	1983
1949	9	1898
1949	10	2111
1949	11	2232
1949	12	2219
1950	1	3370
1950	2	4586
1950	3	5361
1950	4	5035
1950	5	3520
1950	6	2353
1950	7	2045
1950	8	1987
1950	9	2030
1950	10	2618
1950	11	3709
1950	12	5282
1951	1	4774
1951	2	7010
1951	3	5328
1951	4	4520
1951	5	4086
1951	6	2493
1951	7	2031
1951	8	2085
1951	9	1990
1951	10	2467
1951	11	2830
1951	12	5454
1952	1	4568
1952	2	8565
1952	3	7540
1952	4	13352
1952	5	7380
1952	6	3813
1952	7	3032
1952	8	2301
1952	9	2453
1952	10	2539
1952	11	2475
1952	12	3604
1953	1	9375
1953	2	4795
1953	3	4517
1953	4	4863
1953	5	5612
1953	6	5044
1953	7	2749
1953	8	2301
1953	9	2477
1953	10	2532
1953	11	3012
1953	12	2938
1954	1	4732
1954	2	6399
1954	3	6510
1954	4	6558
1954	5	3450
1954	6	2973
1954	7	2403
1954	8	2391
1954	9	2425
1954	10	2402
1954	11	2826
1954	12	3086
1955	1	2696
1955	2	3041
1955	3	3342
1955	4	3997
1955	5	3636
1955	6	2524
1955	7	2146
1955	8	2159
1955	9	2362
1955	10	2181
1955	11	2637
1955	12	9540
1956	1	11239
1956	2	7797
1956	3	8212
1956	4	7073
1956	5	6300
1956	6	3543
1956	7	2743
1956	8	2514
1956	9	2502
1956	10	2945
1956	11	2906
1956	12	2899
1957	1	2842
1957	2	5222
1957	3	7758
1957	4	4908
1957	5	4454
1957	6	2953
1957	7	2455
1957	8	2354
1957	9	2348
1957	10	3043
1957	11	3369
1957	12	4161
1958	1	5322
1958	2	12974
1958	3	8080
1958	4	8913
1958	5	5702
1958	6	4062
1958	7	3037
1958	8	2651
1958	9	2656
1958	10	2913
1958	11	2764
1958	12	2809
1959	1	4392
1959	2	4875
1959	3	4197
1959	4	3613
1959	5	2927
1959	6	2499
1959	7	2328
1959	8	2104
1959	9	2744
1959	10	2541
1959	11	2631
1959	12	2678
1960	1	3113
1960	2	5842
1960	3	5781
1960	4	3749
1960	5	3252
1960	6	2770
1960	7	2228
1960	8	2304
1960	9	2326
1960	10	2552
1960	11	2873
1960	12	3643
1961	1	3016
1961	2	5442
1961	3	4510
1961	4	3909
1961	5	3477
1961	6	2666
1961	7	2250
1961	8	2255
1961	9	2217
1961	10	2462
1961	11	2695
1961	12	3469
1962	1	2714
1962	2	6467
1962	3	4699
1962	4	4571
1962	5	3456
1962	6	2660
1962	7	2121
1962	8	2261
1962	9	2087
1962	10	5999
1962	11	2990
1962	12	4841
1963	1	3245
1963	2	6940
1963	3	4375
1963	4	11451
1963	5	6242
1963	6	3215
1963	7	2635
1963	8	2430
1963	9	2311
1963	10	2546
1963	11	3128
1963	12	2664
1964	1	3661
1964	2	3220
1964	3	3224
1964	4	3550
1964	5	2774
1964	6	3583
1964	7	2172
1964	8	2069
1964	9	2131
1964	10	2281
1964	11	2696
1965	6	2682
1965	7	2485
1965	8	2224
1965	9	2474
1965	10	2623
1965	11	2908
1965	12	3269
1966	1	4641
1966	2	4413
1966	3	7070
1966	4	6980
1966	5	4111
1966	6	3258
1966	7	2817
1966	8	2744
1966	9	1427
1966	10	2897
1966	11	4075
1966	12	6005
1967	1	5227
1967	2	8118
1967	3	7767
1967	4	7644
1967	5	9098
1967	6	6075
1967	7	3724
1967	8	3335
1967	9	3124
1967	10	3600
1967	11	3354
1967	12	3855
1968	1	4090
1968	2	8904
1968	3	7235
1968	4	5375
1968	5	4279
1968	6	3391
1968	7	3123
1968	8	3343
1968	9	3435
1968	10	3427
1968	11	3644
1968	12	4488
1969	1	9289
1969	2	9575
1969	3	7803
1969	4	10708
1969	5	8073
1969	6	5027
1969	7	3934
1969	8	3355
1969	9	3421
1969	10	3852
1969	11	3867
1969	12	6562
1970	1	20894
1970	2	9405
1970	3	8222
1970	4	5788
1970	5	5254
1970	6	4299
1970	7	3652
1970	8	3646
1970	9	3533
1970	10	3870
1970	11	5198
1970	12	7313
1971	1	8248
1971	2	6205
1971	3	9435
1971	4	9377
1971	5	8419
1971	6	6236
1971	7	4168
1971	8	3384
1971	9	3565
1971	10	4106
1971	11	3652
1971	12	4478
1972	1	5610
1972	2	6040
1972	3	9996
1972	4	7011
1972	5	4851
1972	6	3857
1972	7	3288
1972	8	3297
1972	9	3419
1972	10	3688
1972	11	4082
1972	12	4859
1973	1	6923
1973	2	7331
1973	3	7399
1973	4	5996
1973	5	5116
1973	6	3526
1973	7	3471
1973	8	3465
1973	9	3212
1973	10	3570
1973	11	8173
1973	12	8360
1974	1	15094
1974	2	7297
1974	3	12891
1974	4	12333
1974	5	6991
1974	6	5167
1974	7	4296
1974	8	4097
1974	9	3965
1974	10	3743
1974	11	4211
1974	12	4141
1975	1	4205
1975	2	6973
1975	3	9181
1975	4	8318
1975	5	8061
1975	6	5525
1975	7	3528
1975	8	3422
1975	9	3770
1975	10	4318
1975	11	4129
1975	12	3840
1976	1	3811
1976	2	3911
1976	3	5088
1976	4	3781
1976	5	3552
1976	6	3289
1976	7	3109
1976	8	3330
1976	9	3104
1976	10	3244
1976	11	3293
1976	12	3239
1977	1	3140
1977	2	3370
1977	3	3240
1977	4	2625
1977	5	2673
1977	6	2758
1977	7	2478
1977	8	2680
1977	9	2885
1977	10	2948
1977	11	3074
1977	12	5011
1978	1	9410
1978	2	7270
1978	3	7653
1978	4	7643
1978	5	5479
1978	6	3113
1978	7	3229
1978	8	3084
1978	9	2978
1978	10	2958
1978	11	3092
1978	12	3005
1979	1	3548
1979	2	4339
1979	3	6030
1979	4	4599
1979	5	4824
1979	6	2682
1979	7	2778
1979	8	2608
1979	9	2482
1979	10	2962
1979	11	3648
1979	12	3065
1980	1	12215
1980	2	10267
1980	3	8222
1980	4	5851
1980	5	4325
1980	6	3177
1980	7	3011
1980	8	2828
1980	9	3054
1980	10	2787
1980	11	3023
1980	12	3512
1981	1	3428
1981	2	4861
1981	3	5247
1981	4	4357
1981	5	3281
1981	6	2874
1981	7	2736
1981	8	2532
1981	9	2687
1981	10	2974
1981	11	8162
1981	12	9813
1982	1	6465
1982	2	11363
1982	3	9524
1982	4	12917
1982	5	7090
1982	6	4353
1982	7	3522
1982	8	3493
1982	9	3276
1982	10	3406
1982	11	3774
1982	12	5958
1983	1	7591
1983	2	12236
1983	3	16029
1983	4	10067
1983	5	8388
1983	6	6074
1983	7	4262
1983	8	4187
1983	9	3916
1983	10	3874
1983	11	5723
1983	12	9297
1984	1	7050
1984	2	6101
1984	3	7361
1984	4	6493
1984	5	5670
1984	6	4492
1984	7	3344
1984	8	3192
1984	9	3466
1984	10	4804
1984	11	6101
1984	12	5515
1985	1	4455
1985	2	5686
1985	3	5925
1985	4	5966
1985	5	3814
1985	6	3886
1985	7	3870
1985	8	3454
1985	9	3643
1985	10	3420
1985	11	3347
1985	12	3988
1986	1	5965
1986	2	18674
1986	3	13096
1986	4	7100
1986	5	5480
1986	6	3405
1986	7	3668
1986	8	3478
1986	9	3685
1986	10	3728
1986	11	3311
1986	12	3484
1987	1	3772
1987	2	5179
1987	3	6936
1987	4	3863
1987	5	3270
1987	6	2980
1987	7	3467
1987	8	2778
1987	9	3136
1987	10	2842
1987	11	3017
1987	12	4510
1988	1	4349
1988	2	3912
1988	3	4180
1988	4	3363
1988	5	3626
1988	6	3376
1988	7	2789
1988	8	2877
1988	9	2783
1988	10	2569
1988	11	3562
1988	12	3210
1989	1	3122
1989	2	3847
1989	3	10863
1989	4	6885
1989	5	3728
1989	6	2859
1989	7	2600
1989	8	2751
1989	9	2779
1989	10	3324
1989	11	3116
1989	12	2927
1990	1	3708
1990	2	3077
1990	3	4802
1990	4	2835
1990	5	3321
1990	6	3296
1990	7	2549
1990	8	2421
1990	9	2422
1990	10	2488
1990	11	2604
1990	12	2408
1991	1	2631
1991	2	2784
1991	3	4353
1991	4	3355
1991	5	3986
1991	6	2556
1991	7	2457
1991	8	2301
1991	9	2262
1991	10	2537
1991	11	3194
1991	12	3223
1992	1	2922
1992	2	3981
1992	3	3341
1992	4	3131
1992	5	2404
1992	6	2267
1992	7	2347
1992	8	2049
1992	9	2364
1992	10	2286
1992	11	2533
1992	12	3290
1993	1	4669
1993	2	6626
1993	3	13148
1993	4	9187
1993	5	5997
1993	6	5275
1993	7	3062
1993	8	2749
1993	9	2873
1993	10	2854
1993	11	3315
1993	12	3278
1994	1	3256
1994	2	3692
1994	3	3978
1994	4	2872
1994	5	3140
1994	6	2556
1994	7	2291
1994	8	2325
1994	9	2371
1994	10	3282
1994	11	4297
1994	12	3304
1995	1	10357
1995	2	8003
1995	3	15808
1995	4	10883
1995	5	11898
1995	6	5623
1995	7	3832
1995	8	2994
1995	9	3015
1995	10	3337
1995	11	3154
1995	12	4568
1996	1	5355
1996	2	13285
1996	3	9442
1996	4	7314
1996	5	7184
1996	6	4376
1996	7	3252
1996	8	3343
1996	9	3120
1996	10	5864
1996	11	8683
1996	12	8076
1997	1	14554
1997	2	8853
1997	3	5998
1997	4	5480
1997	5	4333
1997	6	3673
1997	7	3266
1997	8	3229
1997	9	3182
1997	10	3576
1997	11	4181
1997	12	4235
1998	1	10384
1998	2	11678
1998	3	10069
1998	4	9127
1998	5	10630
1998	6	8911
1998	7	4633
1998	8	3783
1998	9	4256
1998	10	4411
1998	11	5611
1998	12	7137
1999	1	6589
1999	2	10440
1999	3	10140
1999	4	7757
1999	5	6337
1999	6	4805
1999	7	4040
1999	8	3464
1999	9	3681
1999	10	3675
1999	11	3493
1999	12	3754
2000	1	5795
2000	2	8570
2000	3	8415
2000	4	5775
2000	5	4478
2000	6	3687
2000	7	3192
2000	8	3123
2000	9	3359
2000	10	3546
2000	11	3525
2000	12	3746
2001	1	3622
2001	2	4139
2001	3	4440
2001	4	4013
2001	5	3479
2001	6	2937
2001	7	2847
2001	8	2885
2001	9	2751
2001	10	2886
2001	11	3725
2001	12	5274
2002	1	6131
2002	2	4617
2002	3	4751
2002	4	4876
2002	5	3975
2002	6	2868
2002	7	2820
2002	8	2804
2002	9	2724
2002	10	2635
2002	11	2972
2002	12	5124
2003	1	7043
2003	2	5111
2003	3	4646
2003	4	6298
2003	5	6941
2003	6	3655
2003	7	3103
2003	8	2573
2003	9	2997
2003	10	2856
2003	11	2951
2003	12	4997
2004	1	5253
2004	2	8193
2004	3	6984
2004	4	5169
2004	5	3793
2004	6	3242
2004	7	2977
2004	8	2882
2004	9	2799
2004	10	2918
2004	11	2980
2004	12	3780
2005	1	3863
2005	2	4356
2005	3	5691
2005	4	5430
2005	5	8623
2005	6	4416
2005	7	3108
2005	8	2793
2005	9	2604
2005	10	2833
2005	11	3472
2005	12	7545
2006	1	10988
2006	2	7671
2006	3	9604
2006	4	12180
2006	5	9056
2006	6	4324
2006	7	3715
2006	8	3341
2006	9	3122
2006	10	3306
2006	11	4098
2006	12	4452
2007	1	3673
2007	2	4749
2007	3	4951
2007	4	3669
2007	5	3199
2007	6	2802
2007	7	2933
2007	8	2811
2007	9	2972
2007	10	3151
2007	11	2994
2007	12	3315
2008	1	4127
2008	2	4267
2008	3	5553
2008	4	3730
2008	5	3976
2008	6	2829
2008	7	2570
2008	8	2572
2008	9	1941
2008	10	1995
2008	11	2742
2008	12	2988
2009	1	3095
2009	2	5112
2009	3	8094
2009	4	3389
2009	5	3151
2009	6	2984
2009	7	2510
2009	8	2477
2009	9	2349
2009	10	2602
2009	11	2798
2009	12	2959
2010	1	4547
2010	2	4936
2010	3	4388
2010	4	4740
2010	5	4715
2010	6	3967
2010	7	2884
2010	8	2742
2010	9	3091
2010	10	2586
2010	11	3105
2010	12	5701
2011	1	4585
2011	2	4418
2011	3	9455
2011	4	8088
2011	5	7108
2011	6	5727
2011	7	3514
2011	8	2998
2011	9	2936
2011	10	3139
2011	11	3367
2011	12	3096
2012	1	3266
2012	2	3157
2012	3	5400
2012	4	5532
2012	5	3853
2012	6	2913
2012	7	2638
2012	8	2582
2012	9	2564
2012	10	2533
2012	11	3548
2012	12	5588
2013	1	3743
2013	2	4443
2013	3	4459
2013	4	4396
2013	5	3110
2013	6	2831
2013	7	2707
2013	8	2650
2013	9	2618
2013	10	2564
2013	11	2730
2013	12	2635
2014	1	2332
2014	2	3303
2014	3	4232
2014	4	3715
2014	5	2603
2014	6	2310
2014	7	2208
2014	8	2220
