1940	1	550
1940	2	1899
1940	3	2762
1940	4	2126
1940	5	797
1940	6	138
1940	7	25
1940	8	5
1940	9	21
1940	10	44
1940	11	138
1940	12	801
1941	1	700
1941	2	1535
1941	3	1458
1941	4	992
1941	5	1106
1941	6	304
1941	7	74
1941	8	25
1941	9	30
1941	10	51
1941	11	94
1941	12	782
1942	1	1183
1942	2	1537
1942	3	930
1942	4	2539
1942	5	1430
1942	6	770
1942	7	119
1942	8	24
1942	9	24
1942	10	41
1942	11	219
1942	12	470
1943	1	1419
1943	2	1091
1943	3	2758
1943	4	2009
1943	5	783
1943	6	331
1943	7	67
1943	8	19
1943	9	18
1943	10	46
1943	11	88
1943	12	98
1944	1	147
1944	2	232
1944	3	601
1944	4	1284
1944	5	940
1944	6	182
1944	7	32
1944	8	10
1944	9	9
1944	10	27
1944	11	177
1944	12	246
1945	1	193
1945	2	1136
1945	3	485
1945	4	1018
1945	5	775
1945	6	227
1945	7	35
1945	8	9
1945	9	10
1945	10	58
1945	11	266
1945	12	1113
1946	1	657
1946	2	310
1946	3	1095
1946	4	1613
1946	5	709
1946	6	122
1946	7	24
1946	8	10
1946	9	13
1946	10	44
1946	11	245
1946	12	271
1947	1	111
1947	2	635
1947	3	692
1947	4	542
1947	5	147
1947	6	86
1947	7	11
1947	8	6
1947	9	5
1947	10	42
1947	11	71
1947	12	63
1948	1	212
1948	2	114
1948	3	222
1948	4	1389
1948	5	893
1948	6	487
1948	7	48
1948	8	9
1948	9	10
1948	10	26
1948	11	78
1948	12	95
1949	1	69
1949	2	129
1949	3	568
1949	4	1064
1949	5	477
1949	6	62
1949	7	8
1949	8	3
1949	9	6
1949	10	15
1949	11	59
1949	12	56
1950	1	315
1950	2	725
1950	3	889
1950	4	1564
1950	5	942
1950	6	239
1950	7	24
1950	8	8
1950	9	13
1950	10	103
1950	11	917
1950	12	1705
1951	1	832
1951	2	1396
1951	3	815
1951	4	964
1951	5	793
1951	6	148
1951	7	23
1951	8	11
1951	9	12
1951	10	70
1951	11	155
1951	12	765
1952	1	420
1952	2	1408
1952	3	1281
1952	4	5776
1952	5	3674
1952	6	1090
1952	7	270
1952	8	100
1952	9	58
1952	10	71
1952	11	124
1952	12	301
1953	1	1912
1953	2	646
1953	3	812
1953	4	1434
1953	5	1316
1953	6	762
1953	7	141
1953	8	29
1953	9	30
1953	10	75
1953	11	161
1953	12	139
1954	1	319
1954	2	674
1954	3	1243
1954	4	1534
1954	5	502
1954	6	138
1954	7	22
1954	8	14
1954	9	14
1954	10	32
1954	11	99
1954	12	154
1955	1	123
1955	2	147
1955	3	394
1955	4	495
1955	5	583
1955	6	100
1955	7	17
1955	8	6
1955	9	5
1955	10	21
1955	11	67
1955	12	2988
1956	1	2066
1956	2	1099
1956	3	1931
1956	4	3053
1956	5	2439
1956	6	692
1956	7	131
1956	8	39
1956	9	49
1956	10	112
1956	11	143
1956	12	131
1957	1	160
1957	2	1242
1957	3	1289
1957	4	839
1957	5	967
1957	6	298
1957	7	32
1957	8	14
1957	9	22
1957	10	99
1957	11	127
1957	12	322
1958	1	366
1958	2	2584
1958	3	1404
1958	4	2947
1958	5	2428
1958	6	751
1958	7	161
1958	8	58
1958	9	45
1958	10	72
1958	11	107
1958	12	123
1959	1	419
1959	2	618
1959	3	768
1959	4	528
1959	5	223
1959	6	51
1959	7	13
1959	8	10
1959	9	23
1959	10	41
1959	11	56
1959	12	64
1960	1	116
1960	2	755
1960	3	1052
1960	4	666
1960	5	252
1960	6	52
1960	7	13
1960	8	7
1960	9	8
1960	10	17
1960	11	99
1960	12	154
1961	1	101
1961	2	372
1961	3	413
1961	4	424
1961	5	328
1961	6	130
1961	7	8
1961	8	8
1961	9	10
1961	10	19
1961	11	56
1961	12	94
1962	1	83
1962	2	808
1962	3	555
1962	4	2266
1962	5	684
1962	6	181
1962	7	19
1962	8	10
1962	9	11
1962	10	1473
1962	11	272
1962	12	594
1963	1	312
1963	2	2849
1963	3	592
1963	4	2672
1963	5	1610
1963	6	417
1963	7	91
1963	8	25
1963	9	43
1963	10	75
1963	11	263
1963	12	151
1964	1	230
1964	2	234
1964	3	371
1964	4	910
1964	5	569
1964	6	191
1964	7	26
1964	8	10
1964	9	12
1964	10	112
1964	11	132
1964	12	2600
1965	1	1878
1965	2	1141
1965	3	1306
1965	4	2722
1965	5	1606
1965	6	520
1965	7	103
1965	8	80
1965	9	154
1965	10	76
1965	11	212
1965	12	145
1966	1	290
1966	2	217
1966	3	767
1966	4	933
1966	5	307
1966	6	62
1966	7	16
1966	8	12
1966	9	15
1966	10	34
1966	11	208
1966	12	565
1967	1	1090
1967	2	1066
1967	3	1975
1967	4	1104
1967	5	3376
1967	6	1764
1967	7	234
1967	8	50
1967	9	44
1967	10	85
1967	11	105
1967	12	165
1968	1	282
1968	2	1412
1968	3	1018
1968	4	757
1968	5	337
1968	6	98
1968	7	21
1968	8	19
1968	9	22
1968	10	61
1968	11	128
1968	12	260
1969	1	2453
1969	2	966
1969	3	1135
1969	4	3700
1969	5	2503
1969	6	642
1969	7	116
1969	8	33
1969	9	37
1969	10	88
1969	11	119
1969	12	483
1970	1	3743
1970	2	1117
1970	3	1134
1970	4	642
1970	5	754
1970	6	277
1970	7	62
1970	8	21
1970	9	27
1970	10	64
1970	11	264
1970	12	602
1971	1	774
1971	2	726
1971	3	1989
1971	4	2223
1971	5	2474
1971	6	1442
1971	7	336
1971	8	171
1971	9	157
1971	10	128
1971	11	129
1971	12	184
1972	1	258
1972	2	497
1972	3	1308
1972	4	749
1972	5	515
1972	6	146
1972	7	25
1972	8	14
1972	9	27
1972	10	92
1972	11	166
1972	12	273
1973	1	702
1973	2	744
1973	3	847
1973	4	1408
1973	5	830
1973	6	143
1973	7	36
1973	8	23
1973	9	29
1973	10	70
1973	11	815
1973	12	1006
1974	1	2237
1974	2	588
1974	3	2747
1974	4	2295
1974	5	1485
1974	6	493
1974	7	105
1974	8	43
1974	9	31
1974	10	62
1974	11	120
1974	12	133
1975	1	260
1975	2	605
1975	3	1177
1975	4	1378
1975	5	3117
1975	6	927
1975	7	109
1975	8	59
1975	9	58
1975	10	141
1975	11	158
1975	12	133
1976	1	121
1976	2	150
1976	3	252
1976	4	163
1976	5	94
1976	6	32
1976	7	64
1976	8	102
1976	9	110
1976	10	52
1976	11	53
1976	12	32
1977	1	62
1977	2	84
1977	3	81
1977	4	43
1977	5	61
1977	6	24
1977	7	3
1977	8	1
1977	9	3
1977	10	13
1977	11	39
1977	12	178
1978	1	1181
1978	2	795
1978	3	2031
1978	4	1137
1978	5	933
1978	6	360
1978	7	64
1978	8	27
1978	9	53
1978	10	48
1978	11	85
1978	12	90
1979	1	162
1979	2	288
1979	3	604
1979	4	511
1979	5	556
1979	6	78
1979	7	19
1979	8	11
1979	9	16
1979	10	60
1979	11	85
1979	12	112
1980	1	1941
1980	2	2113
1980	3	1124
1980	4	1168
1980	5	873
1980	6	361
1980	7	69
1980	8	30
1980	9	36
1980	10	66
1980	11	90
1980	12	217
1981	1	239
1981	2	552
1981	3	446
1981	4	402
1981	5	170
1981	6	41
1981	7	10
1981	8	7
1981	9	11
1981	10	92
1981	11	2290
1981	12	2083
1982	1	928
1982	2	2521
1982	3	1407
1982	4	3511
1982	5	1711
1982	6	464
1982	7	148
1982	8	47
1982	9	75
1982	10	209
1982	11	396
1982	12	889
1983	1	977
1983	2	2051
1983	3	3909
1983	4	2636
1983	5	3623
1983	6	2034
1983	7	367
1983	8	122
1983	9	106
1983	10	153
1983	11	1174
1983	12	2161
1984	1	1063
1984	2	788
1984	3	1566
1984	4	1078
1984	5	803
1984	6	286
1984	7	110
1984	8	46
1984	9	56
1984	10	122
1984	11	331
1984	12	240
1985	1	170
1985	2	338
1985	3	553
1985	4	1318
1985	5	311
1985	6	67
1985	7	35
1985	8	30
1985	9	42
1985	10	64
1985	11	110
1985	12	160
1986	1	493
1986	2	5250
1986	3	2919
1986	4	1042
1986	5	587
1986	6	169
1986	7	51
1986	8	35
1986	9	73
1986	10	95
1986	11	105
1986	12	105
1987	1	129
1987	2	338
1987	3	490
1987	4	237
1987	5	109
1987	6	30
1987	7	19
1987	8	12
1987	9	13
1987	10	26
1987	11	57
1987	12	112
1988	1	139
1988	2	128
1988	3	153
1988	4	86
1988	5	52
1988	6	24
1988	7	7
1988	8	4
1988	9	7
1988	10	11
1988	11	130
1988	12	74
1989	1	94
1989	2	354
1989	3	2263
1989	4	1003
1989	5	294
1989	6	120
1989	7	34
1989	8	26
1989	9	33
1989	10	96
1989	11	113
1989	12	103
1990	1	199
1990	2	161
1990	3	738
1990	4	365
1990	5	123
1990	6	134
1990	7	19
1990	8	14
1990	9	15
1990	10	29
1990	11	57
1990	12	60
1991	1	68
1991	2	75
1991	3	537
1991	4	567
1991	5	285
1991	6	86
1991	7	23
1991	8	13
1991	9	11
1991	10	27
1991	11	55
1991	12	64
1992	1	70
1992	2	217
1992	3	178
1992	4	122
1992	5	40
1992	6	10
1992	7	8
1992	8	4
1992	9	5
1992	10	21
1992	11	43
1992	12	103
1993	1	502
1993	2	729
1993	3	3146
1993	4	2173
1993	5	1449
1993	6	638
1993	7	87
1993	8	35
