1941	10	340
1941	11	41
1941	12	4403
1942	1	6833
1942	2	8185
1942	3	3215
1942	4	7412
1942	5	7651
1942	6	6017
1942	7	1368
1942	8	549
1942	9	422
1942	10	392
1942	11	1478
1942	12	3444
1943	1	8066
1943	2	4554
1943	3	8668
1943	4	7077
1943	5	4535
1943	6	2546
1943	7	734
1943	8	470
1943	9	506
1943	10	633
1943	11	469
1943	12	444
1944	1	534
1944	2	1349
1944	3	2577
1944	4	2512
1944	5	4111
1944	6	1781
1944	7	626
1944	8	326
1944	9	308
1944	10	464
1944	11	694
1944	12	1682
1945	1	1171
1945	2	6574
1945	3	2548
1945	4	3704
1945	5	5422
1945	6	2538
1945	7	699
1945	8	587
1945	9	530
1945	10	412
1945	11	639
1945	12	6721
1946	1	3490
1946	2	2005
1946	3	3203
1946	4	5248
1946	5	5607
1946	6	1861
1946	7	739
1946	8	578
1946	9	479
1946	10	382
1946	11	410
1946	12	1166
1947	1	728
1947	2	2161
1947	3	3748
1947	4	3001
1947	5	1530
1947	6	969
1947	7	456
1947	8	442
1947	9	394
1947	10	451
1947	11	375
1947	12	421
1948	1	2287
1948	2	850
1948	3	1413
1948	4	6639
1948	5	6421
1948	6	4336
1948	7	783
1948	8	414
1948	9	477
1948	10	265
1948	11	465
1948	12	648
1949	1	625
1949	2	918
1949	3	3119
1949	4	4894
1949	5	4277
1949	6	1254
1949	7	467
1949	8	375
1949	9	283
1949	10	239
1949	11	374
1949	12	270
1950	1	2612
1950	2	4748
1950	3	3792
1950	4	5972
1950	5	6284
1950	6	3044
1950	7	756
1950	8	449
1950	9	467
1950	10	424
1950	11	8963
1950	12	11589
1951	1	5624
1951	2	5705
1951	3	3910
1951	4	4574
1951	5	4967
1951	6	1440
1951	7	595
1951	8	528
1951	9	525
1951	10	560
1951	11	657
1951	12	4290
1952	1	4259
1952	2	7270
1952	3	4753
1952	4	9459
1952	5	13329
1952	6	8674
1952	7	2981
1952	8	798
1952	9	699
1952	10	657
1952	11	588
1952	12	813
1953	1	7709
1953	2	2141
1953	3	2761
1953	4	4820
1953	5	5368
1953	6	5993
1953	7	1616
1953	8	699
1953	9	666
1953	10	604
1953	11	565
1953	12	625
1954	1	1576
1954	2	3516
1954	3	4939
1954	4	6109
1954	5	3704
1954	6	1227
1954	7	714
1954	8	653
1954	9	370
1954	10	230
1954	11	448
1954	12	653
1955	1	1094
1955	2	1031
1955	3	1456
1955	4	2190
1955	5	4055
1955	6	1692
1955	7	702
1955	8	631
1955	9	258
1955	10	218
1955	11	387
1955	12	15181
1956	1	10562
1956	2	4421
1956	3	3575
1956	4	3913
1956	5	8329
1956	6	4536
1956	7	947
1956	8	702
1956	9	582
1956	10	546
1956	11	601
1956	12	611
1957	1	573
1957	2	3726
1957	3	5063
1957	4	2724
1957	5	6186
1957	6	2803
1957	7	721
1957	8	605
1957	9	484
1957	10	477
1957	11	489
1957	12	1143
1958	1	2347
1958	2	10374
1958	3	5723
1958	4	8157
1958	5	10824
1958	6	6144
1958	7	1107
1958	8	684
1958	9	648
1958	10	461
1958	11	369
1958	12	487
1959	1	1546
1959	2	3074
1959	3	2291
1959	4	2331
1959	5	1523
1959	6	673
1959	7	438
1959	8	441
1959	9	369
1959	10	207
1959	11	205
1959	12	174
1960	1	430
1960	2	5307
1960	3	5180
1960	4	3645
1960	5	2740
1960	6	1538
1960	7	503
1960	8	506
1960	9	458
1960	10	217
1960	11	317
1960	12	607
1961	1	639
1961	2	1773
1961	3	2127
1961	4	2350
1961	5	2402
1961	6	1111
1961	7	493
1961	8	467
1961	9	289
1961	10	263
1961	11	364
1961	12	611
1962	1	625
1962	2	5665
1962	3	2885
1962	4	5320
1962	5	4020
1962	6	2530
1962	7	570
1962	8	505
1962	9	453
1962	10	5206
1962	11	1131
1962	12	3013
1963	1	2896
1963	2	9199
1963	3	2446
1963	4	7749
1963	5	8730
1963	6	2596
1963	7	795
1963	8	710
1963	9	472
1963	10	426
1963	11	1653
1963	12	1007
1964	1	1671
1964	2	1453
1964	3	1440
1964	4	2465
1964	5	2861
1964	6	1774
1964	7	582
1964	8	518
1964	9	502
1964	10	413
1964	11	602
1964	12	18098
1965	1	9937
1965	2	3907
1965	3	2381
1965	4	6306
1965	5	5898
1965	6	3411
1965	7	930
1965	8	714
1965	9	628
1965	10	600
1965	11	681
1965	12	919
1966	1	1520
1966	2	1402
1966	3	2498
1966	4	3919
1966	5	2361
1966	6	752
1966	7	500
1966	8	466
1966	9	304
1966	10	342
1966	11	703
1966	12	3279
1967	1	4957
1967	2	3541
1967	3	5169
1967	4	3898
1967	5	7612
1967	6	8474
1967	7	2248
1967	8	1008
1967	9	612
1967	10	495
1967	11	388
1967	12	536
1968	1	1058
1968	2	5580
1968	3	3024
1968	4	2242
1968	5	1799
1968	6	823
1968	7	537
1968	8	502
1968	9	238
1968	10	362
1968	11	615
1968	12	1235
1969	1	8875
1969	2	8314
1969	3	3197
1969	4	5385
1969	5	7293
1969	6	2064
1969	7	503
1969	8	476
1969	9	296
1969	10	342
1969	11	372
1969	12	1097
1970	1	14749
1970	2	4029
1970	3	3568
1970	4	981
1970	5	2524
1970	6	1259
1970	7	1035
1970	8	1740
1970	9	2056
1970	10	2371
1970	11	3201
1970	12	4130
1971	1	3809
1971	2	3293
1971	3	1795
1971	4	2038
1971	5	2223
1971	6	4547
1971	7	2944
1971	8	2850
1971	9	2422
1971	10	1699
1971	11	1911
1971	12	2519
1972	1	2280
1972	2	1440
1972	3	682
1972	4	696
1972	5	875
1972	6	861
1972	7	1377
1972	8	2144
1972	9	2453
1972	10	2751
1972	11	2908
1972	12	3040
1973	1	4362
1973	2	4222
1973	3	4210
1973	4	2427
1973	5	1139
1973	6	997
1973	7	1346
1973	8	1791
1973	9	1875
1973	10	2083
1973	11	4145
1973	12	4870
1974	1	7538
1974	2	3950
1974	3	6505
1974	4	7738
1974	5	3998
1974	6	4069
1974	7	2471
1974	8	2646
1974	9	416
1974	10	559
1974	11	1652
1974	12	3663
1975	1	2587
1975	2	1968
1975	3	2779
1975	4	3695
1975	5	1943
1975	6	3900
1975	7	2141
1975	8	2782
1975	9	2806
1975	10	2730
1975	11	2723
1975	12	2313
1976	1	973
1976	2	523
1976	3	583
1976	4	437
1976	5	635
1976	6	609
1976	7	593
1976	8	497
1976	9	526
1976	10	702
1976	11	695
1976	12	558
1977	1	283
1977	2	210
1977	3	199
1977	4	442
1977	5	367
1977	6	500
1977	7	430
1977	8	363
1977	9	201
1977	10	422
1977	11	396
1977	12	603
1978	1	3384
1978	2	2071
1978	3	4638
1978	4	4609
1978	5	3694
1978	6	1278
1978	7	1806
1978	8	2843
1978	9	2839
1978	10	1285
1978	11	1039
1978	12	1056
1979	1	1762
1979	2	2071
1979	3	1181
1979	4	633
1979	5	1921
1979	6	1303
1979	7	1719
1979	8	2219
1979	9	2006
1979	10	2004
1979	11	1799
1979	12	2255
1980	1	6859
1980	2	7850
1980	3	4764
1980	4	4099
1980	5	2965
1980	6	2787
1980	7	3034
1980	8	3140
1980	9	3143
1980	10	1682
1980	11	1133
1980	12	1371
1981	1	858
1981	2	788
1981	3	1091
1981	4	683
1981	5	857
1981	6	880
1981	7	858
1981	8	690
1981	9	589
1981	10	635
1981	11	2621
1981	12	7363
1982	1	6172
1982	2	9154
1982	3	5445
1982	4	11951
1982	5	7749
1982	6	3849
1982	7	2967
1982	8	2856
1982	9	2621
1982	10	1899
1982	11	2718
1982	12	3834
1983	1	3185
1983	2	5788
1983	3	11677
1983	4	5135
1983	5	7159
1983	6	9017
1983	7	4033
1983	8	2679
1983	9	2198
1983	10	2520
1983	11	3877
1983	12	9787
1984	1	5282
1984	2	3382
1984	3	2934
1984	4	2006
1984	5	1961
1984	6	2467
1984	7	2519
1984	8	3103
1984	9	2869
1984	10	1359
1984	11	1561
1984	12	2127
1985	1	1209
1985	2	822
1985	3	696
1985	4	914
1985	5	981
1985	6	1152
1985	7	1273
1985	8	826
1985	9	514
1985	10	702
1985	11	672
1985	12	875
1986	1	1479
1986	2	17326
1986	3	11410
1986	4	3216
1986	5	1663
1986	6	1800
1986	7	1977
1986	8	1399
1986	9	1904
1986	10	1130
1986	11	822
1986	12	672
1987	1	827
1987	2	856
1987	3	805
1987	4	678
1987	5	933
1987	6	968
1987	7	795
1987	8	1517
1987	9	692
1987	10	693
1987	11	663
1987	12	666
1988	1	1259
1988	2	1209
1988	3	631
1988	4	627
1988	5	716
1988	6	871
1988	7	1400
1988	8	1373
1988	9	811
1988	10	689
1988	11	929
1988	12	676
1989	1	835
1989	2	915
1989	3	7435
1989	4	4600
1989	5	1832
1989	6	1241
1989	7	1776
1989	8	2363
1989	9	1913
1989	10	818
1989	11	898
1989	12	904
1990	1	997
1990	2	719
1990	3	688
1990	4	693
1990	5	1373
1990	6	1823
1990	7	1115
1990	8	1049
1990	9	611
1990	10	1208
1990	11	1090
1990	12	1062
1991	1	894
1991	2	681
1991	3	1521
1991	4	716
1991	5	791
1991	6	762
1991	7	1147
1991	8	1981
1991	9	2081
1991	10	1411
1991	11	898
1991	12	925
1992	1	962
1992	2	1369
1992	3	633
1992	4	675
1992	5	1285
1992	6	1209
1992	7	832
1992	8	790
1992	9	391
1992	10	728
1992	11	645
1992	12	826
1993	1	3080
1993	2	3614
1993	3	4820
1993	4	4228
1993	5	4288
1993	6	4086
1993	7	2129
1993	8	2033
1993	9	1139
1993	10	1402
1993	11	1488
1993	12	1298
1994	1	1168
1994	2	923
1994	3	937
1994	4	838
1994	5	1000
1994	6	1053
1994	7	868
1994	8	1023
1994	9	603
1994	10	699
1994	11	696
1994	12	803
1995	1	6254
1995	2	4541
1995	3	13062
1995	4	5611
1995	5	10354
1995	6	7652
1995	7	3564
1995	8	2056
1995	9	1117
1995	10	1244
1995	11	1190
1995	12	2008
1996	1	2528
1996	2	10110
1996	3	4437
1996	4	3905
1996	5	9024
1996	6	2844
1996	7	2165
1996	8	2400
1996	9	1153
1996	10	1503
1996	11	1321
1996	12	7652
1997	1	22351
1997	2	5423
1997	3	3420
1997	4	1892
1997	5	1472
1997	6	1078
1997	7	1888
1997	8	2236
1997	9	773
1997	10	1140
1997	11	1187
1997	12	1301
1998	1	3915
1998	2	7175
1998	3	5184
1998	4	4632
1998	5	5025
1998	6	7360
1998	7	2986
1998	8	2883
1998	9	1711
1998	10	1238
1998	11	1707
1998	12	2680
1999	1	3449
1999	2	5600
1999	3	5324
1999	4	3336
1999	5	2575
1999	6	2466
1999	7	2341
1999	8	2693
1999	9	1282
1999	10	1168
1999	11	1041
1999	12	1020
2000	1	1513
2000	2	4226
2000	3	4845
2000	4	2882
2000	5	2221
2000	6	1709
2000	7	1630
2000	8	1639
2000	9	1081
2000	10	1079
2000	11	1043
2000	12	1019
2001	1	921
2001	2	788
2001	3	726
2001	4	956
2001	5	975
2001	6	965
2001	7	1984
2001	8	1699
2001	9	667
2001	10	742
2001	11	761
2001	12	899
2002	1	1755
2002	2	1673
2002	3	2240
2002	4	2147
2002	5	2131
2002	6	2030
2002	7	2059
2002	8	1636
2002	9	640
2002	10	817
2002	11	870
2002	12	1565
2003	1	2000
2003	2	2173
2003	3	2255
2003	4	2268
2003	5	5043
2003	6	3774
2003	7	2633
2003	8	2494
2003	9	796
2003	10	862
2003	11	894
2003	12	1519
2004	1	2228
2004	2	2672
2004	3	2505
2004	4	2135
2004	5	2348
2004	6	1891
2004	7	1972
2004	8	1590
2004	9	763
2004	10	956
2004	11	831
2004	12	965
2005	1	1257
2005	2	1071
2005	3	1756
2005	4	2120
2005	5	7603
2005	6	3805
2005	7	2481
2005	8	1614
2005	9	830
2005	10	967
2005	11	1170
2005	12	6889
2006	1	8850
2006	2	4684
2006	3	6251
2006	4	10697
2006	5	9639
2006	6	3656
2006	7	2511
2006	8	1501
2006	9	780
2007	10	978
2007	11	1049
2007	12	920
2008	1	1249
2008	2	1374
2008	3	898
2008	4	1256
2008	5	1589
2008	6	1314
2008	7	1598
2008	8	1445
2008	9	867
2008	10	886
2008	11	806
2008	12	783
2009	1	703
2009	2	1225
2009	3	1287
2009	4	1558
2009	5	3953
2009	6	2065
2009	7	2027
2009	8	1901
2009	9	847
2009	10	848
2009	11	880
2009	12	780
2010	1	1080
2010	2	1175
2010	3	1226
2010	4	1649
2010	5	2577
2010	6	4607
2010	7	3170
2010	8	2298
2010	9	918
2010	10	927
2010	11	931
2010	12	5185
2011	1	3333
2011	2	2632
2011	3	6626
2011	4	6184
2011	5	6687
2011	6	8397
2011	7	4620
2011	8	2930
2011	9	910
2011	10	943
2011	11	1018
2011	12	931
2012	1	877
2012	2	717
2012	3	2451
2012	4	3929
2012	5	2924
2012	6	1804
2012	7	2214
2012	8	2112
2012	9	1041
2012	10	1000
2012	11	1240
2012	12	4379
2013	1	1936
2013	2	1384
2013	3	1306
2013	4	1231
2013	5	1636
2013	6	1324
2013	7	1680
2013	8	1471
2013	9	761
2013	10	997
2013	11	991
2013	12	812
2014	1	721
2014	2	917
2014	3	742
2014	4	803
2014	5	1267
2014	6	1200
2014	7	1503
2014	8	1326
