1940	1	27210
1940	2	44301
1940	3	24728
1940	4	10743
1940	5	2444
1940	6	758
1940	7	256
1940	8	123
1940	9	117
1940	10	252
1940	11	1300
1940	12	27138
1941	1	35471
1941	2	25417
1941	3	18068
1941	4	18379
1941	5	5870
1941	6	1924
1941	7	576
1941	8	267
1941	9	192
1941	10	194
1941	11	1120
1941	12	34904
1942	1	22389
1942	2	36291
1942	3	4304
1942	4	10587
1942	5	7778
1942	6	3422
1942	7	713
1942	8	274
1942	9	152
1942	10	139
1942	11	5300
1942	12	17684
1943	1	34578
1943	2	11823
1943	3	9469
1943	4	7469
1943	5	3020
1943	6	1861
1943	7	422
1943	8	184
1943	9	121
1943	10	599
1943	11	891
1943	12	1217
1944	1	6956
1944	2	7884
1944	3	9861
1944	4	3839
1944	5	2501
1944	6	1158
1944	7	368
1944	8	155
1944	9	73
1944	10	123
1944	11	8626
1944	12	13214
1945	1	6856
1945	2	24533
1945	3	12330
1945	4	6498
1945	5	3813
1945	6	1417
1945	7	377
1945	8	146
1945	9	90
1945	10	430
1945	11	13015
1945	12	43976
1946	1	16616
1946	2	8650
1946	3	7724
1946	4	4154
1946	5	1569
1946	6	573
1946	7	222
1946	8	111
1946	9	78
1946	10	103
1946	11	3385
1946	12	4090
1947	1	1226
1947	2	9699
1947	3	14930
1947	4	5762
1947	5	1021
1947	6	1036
1947	7	254
1947	8	149
1947	9	73
1947	10	2550
1947	11	2031
1947	12	1514
1948	1	18219
1948	2	5820
1948	3	10616
1948	4	22900
1948	5	8165
1948	6	3154
1948	7	676
1948	8	290
1948	9	286
1948	10	421
1948	11	1616
1948	12	8839
1949	1	4903
1949	2	14831
1949	3	27364
1949	4	5697
1949	5	2276
1949	6	657
1949	7	257
1949	8	126
1949	9	65
1949	10	99
1949	11	536
1949	12	997
1950	1	19533
1950	2	16410
1950	3	16183
1950	4	8416
1950	5	3299
1950	6	945
1950	7	301
1950	8	129
1950	9	87
1950	10	9531
1950	11	7889
1950	12	25641
1951	1	33661
1951	2	25478
1951	3	8116
1951	4	2313
1951	5	2612
1951	6	570
1951	7	235
1951	8	108
1951	9	140
1951	10	449
1951	11	5855
1951	12	35840
1952	1	28248
1952	2	31189
1952	3	13648
1952	4	7675
1952	5	4681
1952	6	1311
1952	7	541
1952	8	164
1952	9	97
1952	10	95
1952	11	470
1952	12	23115
1953	1	49585
1953	2	6082
1953	3	13630
1953	4	7672
1953	5	8032
1953	6	4358
1953	7	823
1953	8	313
1953	9	219
1953	10	338
1953	11	6633
1953	12	7520
1954	1	41335
1954	2	22942
1954	3	14984
1954	4	15163
1954	5	2045
1954	6	943
1954	7	388
1954	8	194
1954	9	238
1954	10	273
1954	11	4354
1954	12	10668
1955	1	11024
1955	2	4505
1955	3	4144
1955	4	8326
1955	5	5200
1955	6	885
1955	7	325
1955	8	137
1955	9	121
1955	10	166
1955	11	3844
1955	12	59440
1956	1	48261
1956	2	31783
1956	3	11899
1956	4	4261
1956	5	3693
1956	6	1326
1956	7	359
1956	8	137
1956	9	91
1956	10	1173
1956	11	1186
1956	12	1031
1957	1	7173
1957	2	18457
1957	3	21791
1957	4	6507
1957	5	9753
1957	6	1932
1957	7	508
1957	8	236
1957	9	365
1957	10	5977
1957	11	8700
1957	12	18938
1958	1	28438
1958	2	77678
1958	3	21049
1958	4	27417
1958	5	4652
1958	6	1694
1958	7	464
1958	8	193
1958	9	145
1958	10	144
1958	11	731
1958	12	1611
1959	1	25679
1959	2	26224
1959	3	6888
1959	4	4292
1959	5	1119
1959	6	439
1959	7	170
1959	8	88
1959	9	237
1959	10	185
1959	11	159
1959	12	381
1960	1	4699
1960	2	35722
1960	3	20261
1960	4	5757
1960	5	6160
1960	6	2129
1960	7	490
1960	8	200
1960	9	120
1960	10	149
1960	11	3767
1960	12	15307
1961	1	4913
1961	2	27841
1961	3	20062
1961	4	6865
1961	5	5920
1961	6	1683
1961	7	452
1961	8	201
1961	9	144
1961	10	183
1961	11	2033
1961	12	7324
1962	1	4797
1962	2	26211
1962	3	14700
1962	4	5570
1962	5	1940
1962	6	707
1962	7	230
1962	8	199
1962	9	121
1962	10	10910
1962	11	5658
1962	12	14323
1963	1	4021
1963	2	25548
1963	3	13434
1963	4	33552
1963	5	6061
1963	6	1377
1963	7	494
1963	8	201
1963	9	144
1963	10	779
1963	11	14259
1963	12	3557
1964	1	21014
1964	2	5250
1964	3	5142
1964	4	2750
1964	5	1285
1964	6	586
1964	7	230
1964	8	118
1964	9	76
1964	10	113
1964	11	6136
1964	12	84423
1965	1	35070
1965	2	6174
1965	3	3043
1965	4	12151
1965	5	2940
1965	6	876
1965	7	303
1965	8	169
1965	9	133
1965	10	137
1965	11	4796
1965	12	6577
1966	1	33891
1966	2	12320
1966	3	15084
1966	4	6456
1966	5	1973
1966	6	557
1966	7	249
1966	8	127
1966	9	122
1966	10	113
1966	11	7759
1966	12	19550
1967	1	27706
1967	2	10114
1967	3	15978
1967	4	14631
1967	5	7299
1967	6	1967
1967	7	504
1967	8	192
1967	9	152
1967	10	342
1967	11	605
1967	12	7095
1968	1	18725
1968	2	25298
1968	3	10799
1968	4	2680
1968	5	1178
1968	6	536
1968	7	191
1968	8	241
1968	9	190
1968	10	259
1968	11	2113
1968	12	29326
1969	1	51793
1969	2	30253
1969	3	12956
1969	4	7666
1969	5	4490
1969	6	1233
1969	7	356
1969	8	154
1969	9	133
1969	10	321
1969	11	668
1969	12	21696
1970	1	69948
1970	2	15119
1970	3	8943
1970	4	1985
1970	5	1199
1970	6	476
1970	7	205
1970	8	98
1970	9	80
1970	10	241
1970	11	15029
1970	12	38398
1971	1	32256
1971	2	4438
1971	3	23997
1971	4	7800
1971	5	3212
1971	6	1133
1971	7	378
1971	8	203
1971	9	168
1971	10	216
1971	11	2152
1971	12	10411
1972	1	14011
1972	2	19180
1972	3	17733
1972	4	7925
1972	5	2025
1972	6	740
1972	7	260
1972	8	132
1972	9	221
1972	10	574
1972	11	5254
1972	12	15103
1973	1	33800
1973	2	20615
1973	3	13194
1973	4	6136
1973	5	2194
1973	6	618
1973	7	227
1973	8	132
1973	9	304
1973	10	1939
1973	11	38685
1973	12	35006
1974	1	45402
1974	2	13810
1974	3	36296
1974	4	19640
1974	5	2829
1974	6	1004
1974	7	464
1974	8	193
1974	9	126
1974	10	139
1974	11	607
1974	12	4689
1975	1	8405
1975	2	39813
1975	3	45329
1975	4	9689
1975	5	5809
1975	6	1542
1975	7	438
1975	8	205
1975	9	152
1975	10	1224
1975	11	3557
1975	12	5767
1976	1	2784
1976	2	13588
1976	3	9287
1976	4	6233
1976	5	1576
1976	6	581
1976	7	199
1976	8	218
1976	9	126
1976	10	111
1976	11	261
1976	12	167
1977	1	658
1977	2	958
1977	3	2599
1977	4	848
1977	5	622
1977	6	254
1977	7	65
1977	8	30
1977	9	187
1977	10	383
1977	11	4660
1977	12	19906
1978	1	44950
1978	2	24706
1978	3	16598
1978	4	12131
1978	5	3822
1978	6	1125
1978	7	390
1978	8	159
1978	9	366
1978	10	156
1978	11	231
1978	12	421
1979	1	6700
1979	2	17145
1979	3	13121
1979	4	5123
1979	5	6423
1979	6	891
1979	7	334
1979	8	141
1979	9	135
1979	10	2442
1979	11	11969
1979	12	8204
1980	1	34584
1980	2	28931
1980	3	16582
1980	4	7125
1980	5	2305
1980	6	934
1980	7	383
1980	8	198
1980	9	112
1980	10	191
1980	11	285
1980	12	6597
1981	1	13114
1981	2	14394
1981	3	11168
1981	4	4214
1981	5	1547
1981	6	569
1981	7	218
1981	8	100
1981	9	119
1981	10	1309
1981	11	26159
1981	12	41434
1982	1	19142
1982	2	26593
1982	3	15760
1982	4	39191
1982	5	4205
1982	6	1069
1982	7	467
1982	8	180
1982	9	153
1982	10	1010
1982	11	10517
1982	12	37815
1983	1	29443
1983	2	47035
1983	3	51145
1983	4	18571
1983	5	9450
1983	6	2550
1983	7	787
1983	8	422
1983	9	508
1983	10	263
1983	11	22380
1983	12	45380
1984	1	7994
1984	2	12723
1984	3	11731
1984	4	6597
1984	5	2762
1984	6	967
1984	7	330
1984	8	166
1984	9	124
1984	10	453
1984	11	26698
1984	12	9593
1985	1	2347
1985	2	9736
1985	3	6356
1985	4	5183
1985	5	1100
1985	6	450
1985	7	146
1985	8	70
1985	9	115
1985	10	427
1985	11	1497
1985	12	6693
1986	1	15005
1986	2	70781
1986	3	24346
1986	4	3356
1986	5	2250
1986	6	630
1986	7	223
1986	8	105
1986	9	735
1986	10	589
1986	11	733
1986	12	2921
1987	1	10698
1987	2	14235
1987	3	19045
1987	4	3134
1987	5	1177
1987	6	370
1987	7	159
1987	8	92
1987	9	79
1987	10	77
1987	11	389
1987	12	20970
1988	1	18964
1988	2	3714
1988	3	1711
1988	4	1242
1988	5	1301
1988	6	1136
1988	7	230
1988	8	87
1988	9	60
1988	10	83
1988	11	9750
1988	12	6031
1989	1	10407
1989	2	4278
1989	3	32294
1989	4	7772
1989	5	1800
1989	6	712
1989	7	287
1989	8	134
1989	9	137
1989	10	1407
1989	11	966
1989	12	677
1990	1	9620
1990	2	8260
1990	3	6603
1990	4	1717
1990	5	6476
1990	6	5129
1990	7	598
1990	8	205
1990	9	146
1990	10	117
1990	11	286
1990	12	450
1991	1	881
1991	2	2453
1991	3	17033
1991	4	4829
1991	5	2003
1991	6	626
1991	7	232
1991	8	91
1991	9	95
1991	10	127
1991	11	509
1991	12	1057
1992	1	3130
1992	2	15899
1992	3	8781
1992	4	4665
1992	5	1356
1992	6	432
1992	7	304
1992	8	81
1992	9	51
1992	10	151
1992	11	1020
1992	12	13290
1993	1	40338
1993	2	18000
1993	3	17002
1993	4	11922
1993	5	6532
1993	6	7510
1993	7	920
1993	8	335
1993	9	178
1993	10	195
1993	11	214
1993	12	4622
1994	1	8233
1994	2	12835
1994	3	4739
1994	4	2289
1994	5	1960
1994	6	604
1994	7	180
1994	8	73
1994	9	64
1994	10	69
1994	11	1739
1994	12	5438
1995	1	64836
1995	2	16137
1995	3	46411
1995	4	16414
1995	5	10193
1995	6	2256
1995	7	638
1995	8	222
1995	9	151
1995	10	129
1995	11	190
1995	12	16771
1996	1	32010
1996	2	29686
1996	3	18121
1996	4	9912
1996	5	6885
1996	6	1699
1996	7	464
1996	8	172
1996	9	137
1996	10	178
1996	11	2988
1996	12	45206
1997	1	50989
1997	2	10604
1997	3	6293
1997	4	4044
1997	5	1606
1997	6	716
1997	7	258
1997	8	140
1997	9	135
1997	10	413
1997	11	4827
1997	12	9418
1998	1	48466
1998	2	52507
1998	3	24705
1998	4	11227
1998	5	5823
1998	6	4377
1998	7	798
1998	8	247
1998	9	146
1998	10	186
1998	11	7168
1998	12	10485
1999	1	11409
1999	2	38980
1999	3	22367
1999	4	12279
1999	5	3724
1999	6	1108
1999	7	348
1999	8	176
1999	9	105
1999	10	194
1999	11	2653
1999	12	4406
2000	1	16960
2000	2	32189
2000	3	13794
2000	4	4167
2000	5	2260
2000	6	752
2000	7	246
2000	8	105
2000	9	81
2000	10	232
2000	11	542
2000	12	1652
2001	1	3478
2001	2	11541
2001	3	9197
2001	4	3115
2001	5	1305
2001	6	326
2001	7	172
2001	8	53
2001	9	55
2001	10	59
2001	11	6219
2001	12	26049
2002	1	24010
2002	2	10966
2002	3	7690
2002	4	3280
2002	5	1395
2002	6	504
2002	7	166
2002	8	72
2002	9	43
2002	10	58
2002	11	1440
2002	12	45894
2003	1	27416
2003	2	9585
2003	3	12426
2003	4	23402
2003	5	12128
2003	6	1619
2003	7	420
2003	8	178
2003	9	133
2003	10	107
2003	11	812
2003	12	23029
2004	1	18607
2004	2	34648
2004	3	9197
2004	4	3798
2004	5	1654
2004	6	588
2004	7	184
2004	8	137
2004	9	67
2004	10	628
2004	11	431
2004	12	8760
2005	1	14880
2005	2	9091
2005	3	18188
2005	4	12628
2005	5	14002
2005	6	4823
2005	7	1182
2005	8	335
2005	9	182
2005	10	193
2005	11	2411
2005	12	48960
2006	1	35864
2006	2	20081
2006	3	31629
2006	4	25820
2006	5	5951
2006	6	1293
2006	7	366
2006	8	167
2006	9	138
2006	10	122
2006	11	1523
2006	12	11180
2007	1	5081
2007	2	17424
2007	3	9578
2007	4	3425
2007	5	2012
2007	6	504
2007	7	208
2007	8	108
2007	9	79
2007	10	709
2007	11	422
2007	12	6454
2008	1	21060
2008	2	19535
2008	3	6009
2008	4	3461
2008	5	2266
2008	6	586
2008	7	162
2008	8	69
2008	9	56
2008	10	143
2008	11	1142
2008	12	3953
2009	1	4087
2009	2	12794
2009	3	14022
2009	4	2642
2009	5	5933
2009	6	801
2009	7	225
2009	8	92
2009	9	52
2009	10	416
2009	11	741
2009	12	3477
2010	1	23220
2010	2	13921
2010	3	12324
2010	4	18832
2010	5	7785
2010	6	3960
2010	7	678
2010	8	234
2010	9	159
2010	10	2465
2010	11	4713
2010	12	26372
2011	1	8993
2011	2	11320
2011	3	39094
2011	4	12657
2011	5	4230
2011	6	2909
2011	7	758
2011	8	247
2011	9	124
2011	10	563
2011	11	1009
2011	12	508
2012	1	8309
2012	2	3375
2012	3	21528
2012	4	17179
2012	5	2864
2012	6	842
2012	7	303
2012	8	105
2012	9	68
2012	10	116
2012	11	4136
2012	12	33732
2013	1	5864
2013	2	2665
2013	3	4494
2013	4	3983
2013	5	982
2013	6	413
2013	7	198
2013	8	69
2013	9	82
2013	10	224
2013	11	257
2013	12	241
2014	1	194
2014	2	4935
2014	3	13948
2014	4	5739
2014	5	892
2014	6	240
2014	7	81
2014	8	31
2014	9	66
2014	10	521
2014	11	2093
2014	12	23105
2015	1	3459
2015	2	17697
2015	3	1936
2015	4	1725
2015	5	711
2015	6	244
2015	7	83
2015	8	43
2015	9	52
