1940	1	3250
1940	2	5983
1940	3	5259
1940	4	4603
1940	5	3822
1940	6	1500
1940	7	359
1940	8	161
1940	9	198
1940	10	261
1940	11	487
1940	12	2573
1941	1	3898
1941	2	4835
1941	3	6116
1941	4	6171
1941	5	8679
1941	6	5727
1941	7	2579
1941	8	627
1941	9	349
1941	10	265
1941	11	597
1941	12	4486
1942	1	3490
1942	2	4225
1942	3	1714
1942	4	4016
1942	5	5811
1942	6	3916
1942	7	1022
1942	8	298
1942	9	184
1942	10	173
1942	11	734
1942	12	1366
1943	1	1970
1943	2	2531
1943	3	3133
1943	4	3943
1943	5	2549
1943	6	1299
1943	7	450
1943	8	180
1943	9	122
1943	10	240
1943	11	484
1943	12	364
1944	1	480
1944	2	1158
1944	3	1540
1944	4	1748
1944	5	2769
1944	6	1358
1944	7	410
1944	8	164
1944	9	111
1944	10	145
1944	11	865
1944	12	1606
1945	1	1293
1945	2	3289
1945	3	1294
1945	4	3134
1945	5	3721
1945	6	1475
1945	7	434
1945	8	170
1945	9	113
1945	10	466
1945	11	1235
1945	12	3415
1946	1	2428
1946	2	1398
1946	3	2419
1946	4	4394
1946	5	4756
1946	6	1843
1946	7	647
1946	8	229
1946	9	154
1946	10	179
1946	11	705
1946	12	745
1947	1	426
1947	2	1494
1947	3	2375
1947	4	2443
1947	5	1806
1947	6	1424
1947	7	320
1947	8	160
1947	9	123
1947	10	872
1947	11	594
1947	12	415
1948	1	3538
1948	2	800
1948	3	979
1948	4	3690
1948	5	4200
1948	6	3603
1948	7	721
1948	8	277
1948	9	224
1948	10	295
1948	11	429
1948	12	440
1949	1	318
1949	2	983
1949	3	3845
1949	4	5049
1949	5	4333
1949	6	1615
1949	7	423
1949	8	188
1949	9	136
1949	10	155
1949	11	260
1949	12	247
1950	1	849
1950	2	1426
1950	3	2391
1950	4	3462
1950	5	3355
1950	6	1367
1950	7	378
1950	8	150
1950	9	145
1950	10	2173
1950	11	2261
1950	12	4498
1951	1	1770
1951	2	4237
1951	3	2173
1951	4	3919
1951	5	3744
1951	6	1340
1951	7	395
1951	8	188
1951	9	137
1951	10	304
1951	11	902
1951	12	2703
1952	1	1272
1952	2	3619
1952	3	3027
1952	4	6377
1952	5	6663
1952	6	3413
1952	7	1287
1952	8	362
1952	9	208
1952	10	174
1952	11	237
1952	12	972
1953	1	5391
1953	2	2556
1953	3	2416
1953	4	4159
1953	5	4183
1953	6	4272
1953	7	1711
1953	8	429
1953	9	253
1953	10	294
1953	11	1707
1953	12	1186
1954	1	1688
1954	2	4163
1954	3	4218
1954	4	6226
1954	5	4392
1954	6	1610
1954	7	583
1954	8	328
1954	9	264
1954	10	246
1954	11	1165
1954	12	1223
1955	1	702
1955	2	933
1955	3	1014
1955	4	1527
1955	5	3277
1955	6	1441
1955	7	357
1955	8	150
1955	9	137
1955	10	153
1955	11	541
1955	12	5318
1956	1	5733
1956	2	2692
1956	3	2802
1956	4	4985
1956	5	6382
1956	6	3446
1956	7	895
1956	8	297
1956	9	188
1956	10	265
1956	11	409
1956	12	436
1957	1	395
1957	2	3219
1957	3	3233
1957	4	2695
1957	5	4585
1957	6	1961
1957	7	461
1957	8	198
1957	9	234
1957	10	1907
1957	11	1642
1957	12	1948
1958	1	2882
1958	2	11674
1958	3	3751
1958	4	5176
1958	5	9062
1958	6	4985
1958	7	1517
1958	8	527
1958	9	251
1958	10	211
1958	11	320
1958	12	323
1959	1	3263
1959	2	2191
1959	3	2511
1959	4	3745
1959	5	2686
1959	6	1370
1959	7	347
1959	8	160
1959	9	207
1959	10	170
1959	11	161
1959	12	204
1960	1	534
1960	2	2889
1960	3	3502
1960	4	2812
1960	5	3414
1960	6	2584
1960	7	458
1960	8	183
1960	9	125
1960	10	176
1960	11	264
1960	12	1015
1961	1	611
1961	2	263
1961	3	235
1961	4	172
1961	5	183
1961	6	184
1961	7	204
1961	8	181
1961	9	183
1961	10	221
1961	11	258
1961	12	236
1962	1	185
1962	2	295
1962	3	274
1962	4	191
1962	5	187
1962	6	188
1962	7	190
1962	8	186
1962	9	195
1962	10	222
1962	11	233
1962	12	228
1963	1	167
1963	2	1603
1963	3	515
1963	4	5028
1963	5	3937
1963	6	1987
1963	7	163
1963	8	162
1963	9	169
1963	10	243
1963	11	292
1963	12	281
1964	1	277
1964	2	280
1964	3	272
1964	4	200
1964	5	158
1964	6	152
1964	7	155
1964	8	153
1964	9	159
1964	10	205
1964	11	254
1964	12	213
1965	1	168
1965	2	157
1965	3	162
1965	4	169
1965	5	175
1965	6	159
1965	7	159
1965	8	157
1965	9	154
1965	10	203
1965	11	248
1965	12	210
1966	1	169
1966	2	162
1966	3	160
1966	4	160
1966	5	558
1966	6	154
1966	7	164
1966	8	151
1966	9	150
1966	10	220
1966	11	261
1966	12	216
1967	1	171
1967	2	162
1967	3	163
1967	4	166
1967	5	625
1967	6	1502
1967	7	159
1967	8	150
1967	9	161
1967	10	203
1967	11	260
1967	12	209
1968	1	162
1968	2	159
1968	3	158
1968	4	159
1968	5	155
1968	6	155
1968	7	156
1968	8	156
1968	9	201
1968	10	231
1968	11	228
1968	12	164
1969	1	163
1969	2	165
1969	3	164
1969	4	167
1969	5	174
1969	6	544
1969	7	201
1969	8	162
1969	9	220
1969	10	239
1969	11	226
1969	12	158
1970	1	1066
1970	2	756
1970	3	154
1970	4	155
1970	5	155
1970	6	151
1970	7	156
1970	8	153
1970	9	197
1970	10	222
1970	11	220
1970	12	156
1971	1	157
1971	2	153
1971	3	153
1971	4	369
1971	5	742
1971	6	294
1971	7	153
1971	8	148
1971	9	203
1971	10	228
1971	11	224
1971	12	156
1972	1	155
1972	2	151
1972	3	150
1972	4	152
1972	5	151
1972	6	150
1972	7	157
1972	8	155
1972	9	198
1972	10	232
1972	11	227
1972	12	157
1973	1	156
1973	2	155
1973	3	243
1973	4	155
1973	5	154
1973	6	153
1973	7	190
1973	8	161
1973	9	209
1973	10	226
1973	11	225
1973	12	167
1974	1	4037
1974	2	533
1974	3	564
1974	4	3512
1974	5	1251
1974	6	590
1974	7	187
1974	8	165
1974	9	210
1974	10	237
1974	11	237
1974	12	170
1975	1	169
1975	2	171
1975	3	259
1975	4	161
1975	5	1448
1975	6	1133
1975	7	184
1975	8	168
1975	9	211
1975	10	235
1975	11	233
1975	12	160
1976	1	241
1976	2	161
1976	3	163
1976	4	130
1976	5	149
1976	6	145
1976	7	142
1976	8	138
1976	9	189
1976	10	224
1976	11	221
1976	12	144
1977	1	144
1977	2	144
1977	3	149
1977	4	147
1977	5	152
1977	6	153
1977	7	153
1977	8	155
1977	9	188
1977	10	221
1977	11	228
1977	12	163
1978	1	166
1978	2	164
1978	3	165
1978	4	169
1978	5	324
1978	6	316
1978	7	433
1978	8	290
1978	9	301
1978	10	305
1978	11	303
1978	12	302
1979	1	299
1979	2	312
1979	3	332
1979	4	304
1979	5	308
1979	6	310
1979	7	303
1979	8	304
1979	9	344
1979	10	297
1979	11	307
1979	12	312
1980	1	313
1980	2	810
1980	3	1275
1980	4	295
1980	5	291
1980	6	312
1980	7	378
1980	8	395
1980	9	350
1980	10	317
1980	11	318
1980	12	467
1981	1	376
1981	2	373
1981	3	385
1981	4	328
1981	5	374
1981	6	449
1981	7	436
1981	8	451
1981	9	397
1981	10	313
1981	11	308
1981	12	1677
1982	1	751
1982	2	818
1982	3	1016
1982	4	483
1982	5	290
1982	6	455
1982	7	575
1982	8	576
1982	9	481
1982	10	299
1982	11	396
1982	12	471
1983	1	637
1983	2	1782
1983	3	5488
1983	4	2850
1983	5	2961
1983	6	4667
1983	7	1096
1983	8	447
1983	9	342
1983	10	322
1983	11	849
1983	12	2284
1984	1	2770
1984	2	367
1984	3	371
1984	4	325
1984	5	298
1984	6	331
1984	7	550
1984	8	528
1984	9	348
1984	10	307
1984	11	293
1984	12	312
1985	1	304
1985	2	373
1985	3	306
1985	4	307
1985	5	304
1985	6	389
1985	7	455
1985	8	452
1985	9	351
1985	10	326
1985	11	308
1985	12	315
1986	1	309
1986	2	899
1986	3	3231
1986	4	346
1986	5	375
1986	6	458
1986	7	781
1986	8	527
1986	9	308
1986	10	319
1986	11	307
1986	12	298
1987	1	302
1987	2	301
1987	3	306
1987	4	563
1987	5	731
1987	6	713
1987	7	619
1987	8	351
1987	9	303
1987	10	302
1987	11	300
1987	12	298
1988	1	295
1988	2	292
1988	3	414
1988	4	495
1988	5	540
1988	6	372
1988	7	308
1988	8	303
1988	9	301
1988	10	296
1988	11	297
1988	12	294
1989	1	303
1989	2	301
1989	3	160
1989	4	509
1989	5	1571
1989	6	422
1989	7	501
1989	8	394
1989	9	393
1989	10	319
1989	11	313
1989	12	318
1990	1	318
1990	2	312
1990	3	300
1990	4	315
1990	5	471
1990	6	264
1990	7	334
1990	8	300
1990	9	290
1990	10	293
1990	11	292
1990	12	294
1991	1	290
1991	2	285
1991	3	291
1991	4	291
1991	5	558
1991	6	582
1991	7	472
1991	8	407
1991	9	420
1991	10	385
1991	11	364
1991	12	300
1992	1	310
1992	2	347
1992	3	345
1992	4	331
1992	5	326
1992	6	1774
1992	7	386
1992	8	487
1992	9	531
1992	10	424
1992	11	327
1992	12	315
1993	1	294
1993	2	310
1993	3	327
1993	4	1912
1993	5	480
1993	6	325
1993	7	453
1993	8	463
1993	9	469
1993	10	308
1993	11	322
1993	12	297
1994	1	302
1994	2	309
1994	3	305
1994	4	1204
1994	5	1104
1994	6	348
1994	7	471
1994	8	466
1994	9	441
1994	10	327
1994	11	323
1994	12	312
1995	1	344
1995	2	314
1995	3	2919
1995	4	1700
1995	5	3466
1995	6	551
1995	7	506
1995	8	550
1995	9	518
1995	10	370
1995	11	327
1995	12	326
1996	1	343
1996	2	2845
1996	3	609
1996	4	324
1996	5	1597
1996	6	521
1996	7	488
1996	8	487
1996	9	450
1996	10	402
1996	11	350
1996	12	641
1997	1	6525
1997	2	2427
1997	3	318
1997	4	328
1997	5	1561
1997	6	731
1997	7	489
1997	8	488
1997	9	491
1997	10	385
1997	11	323
1997	12	335
1998	1	315
1998	2	3368
1998	3	2736
1998	4	3900
1998	5	2862
1998	6	5466
1998	7	992
1998	8	554
1998	9	555
1998	10	421
1998	11	455
1998	12	1055
1999	1	548
1999	2	538
1999	3	530
1999	4	515
1999	5	1161
1999	6	855
1999	7	568
1999	8	473
1999	9	526
1999	10	379
1999	11	302
1999	12	297
2000	1	308
2000	2	951
2000	3	2976
2000	4	332
2000	5	1229
2000	6	901
2000	7	585
2000	8	487
2000	9	498
2000	10	398
2000	11	321
2000	12	300
2001	1	292
2001	2	292
2001	3	291
2001	4	590
2001	5	1557
2001	6	820
2001	7	470
2001	8	540
2001	9	474
2001	10	409
2001	11	342
2001	12	345
2002	1	345
2002	2	350
2002	3	318
2002	4	374
2002	5	3319
2002	6	761
2002	7	467
2002	8	471
2002	9	453
2002	10	359
2002	11	297
2002	12	290
2003	1	308
2003	2	307
2003	3	310
2003	4	335
2003	5	2355
2003	6	1985
2003	7	1098
2003	8	720
2003	9	832
2003	10	374
2003	11	300
2003	12	311
2004	1	309
2004	2	978
2004	3	1052
2004	4	312
2004	5	3924
2004	6	2485
2004	7	1114
2004	8	803
2004	9	737
2004	10	361
2004	11	283
2004	12	297
2005	1	311
2005	2	302
2005	3	305
2005	4	484
2005	5	4230
2005	6	2078
2005	7	1107
2005	8	512
2005	9	472
2005	10	380
2005	11	280
2005	12	440
2006	1	3591
2006	2	969
2006	3	303
2006	4	1436
2006	5	5764
2006	6	4939
2006	7	1138
2006	8	441
2006	9	452
2006	10	370
2006	11	296
2006	12	296
2007	1	291
2007	2	292
2007	3	301
2007	4	550
2007	5	2946
2007	6	772
2007	7	448
2007	8	521
2007	9	467
2007	10	377
2007	11	315
2007	12	306
2008	1	309
2008	2	308
2008	3	301
2008	4	530
2008	5	4100
2008	6	2180
2008	7	1119
2008	8	432
2008	9	416
2008	10	379
2008	11	299
2008	12	301
2009	1	310
2009	2	293
2009	3	286
2009	4	547
2009	5	2671
2009	6	911
2009	7	418
2009	8	619
2009	9	452
2009	10	375
2009	11	307
2009	12	313
2010	1	305
2010	2	293
2010	3	305
2010	4	574
2010	5	4296
2010	6	2121
2010	7	1003
2010	8	474
2010	9	467
2010	10	376
2010	11	294
2010	12	289
2011	1	289
2011	2	294
2011	3	309
2011	4	504
2011	5	5349
2011	6	2200
2011	7	1088
2011	8	614
2011	9	472
2011	10	377
2011	11	304
2011	12	298
2012	1	292
2012	2	302
2012	3	307
2012	4	540
2012	5	4032
2012	6	2337
2012	7	988
2012	8	803
2012	9	738
2012	10	373
2012	11	309
2012	12	305
2013	1	294
2013	2	296
2013	3	304
2013	4	794
2013	5	2670
2013	6	742
2013	7	443
2013	8	660
2013	9	727
2013	10	387
2013	11	276
2013	12	313
2014	1	318
2014	2	310
2014	3	305
2014	4	596
2014	5	1453
2014	6	788
2014	7	469
2014	8	704
2014	9	1281
2014	10	378
2014	11	301
2014	12	294
2015	1	299
2015	2	307
2015	3	301
2015	4	394
2015	5	2976
2015	6	792
2015	7	457
2015	8	840
2015	9	1003
