1940	1	1028
1940	2	2071
1940	3	2077
1940	4	1450
1940	5	1398
1940	6	407
1940	7	223
1940	8	154
1940	9	147
1940	10	284
1940	11	824
1940	12	1377
1941	1	1030
1941	2	731
1941	3	681
1941	4	827
1941	5	675
1941	6	606
1941	7	289
1941	8	182
1941	9	436
1941	10	1055
1941	11	1156
1941	12	2358
1942	1	981
1942	2	1350
1942	3	1137
1942	4	1457
1942	5	1265
1942	6	1849
1942	7	638
1942	8	298
1942	9	196
1942	10	222
1942	11	1923
1942	12	2367
1943	1	1435
1943	2	1630
1943	3	1438
1943	4	2623
1943	5	1684
1943	6	1331
1943	7	569
1943	8	238
1943	9	173
1943	10	304
1943	11	521
1943	12	1630
1944	1	905
1944	2	1180
1944	3	1041
1944	4	1302
1944	5	1491
1944	6	767
1944	7	303
1944	8	195
1944	9	285
1944	10	275
1944	11	562
1944	12	1074
1945	1	2761
1945	2	2099
1945	3	1582
1945	4	2172
1945	5	2797
1945	6	1075
1945	7	362
1945	8	200
1945	9	509
1945	10	734
1945	11	1945
1945	12	2039
1946	1	2432
1946	2	1776
1946	3	2441
1946	4	2453
1946	5	2665
1946	6	1710
1946	7	774
1946	8	296
1946	9	239
1946	10	732
1946	11	1341
1946	12	4182
1947	1	2452
1947	2	2211
1947	3	1756
1947	4	1977
1947	5	1117
1947	6	750
1947	7	452
1947	8	203
1947	9	255
1947	10	1606
1947	11	3061
1947	12	1973
1948	1	1979
1948	2	1811
1948	3	1530
1948	4	1959
1948	5	2853
1948	6	2205
1948	7	706
1948	8	403
1948	9	374
1948	10	642
1948	11	1567
1948	12	1945
1949	1	1000
1949	2	1875
1949	3	2041
1949	4	2409
1949	5	3018
1949	6	1318
1949	7	536
1949	8	249
1949	9	186
1949	10	774
1949	11	1741
1949	12	2225
1950	1	1715
1950	2	2187
1950	3	3111
1950	4	2614
1950	5	2829
1950	6	2648
1950	7	954
1950	8	339
1950	9	243
1950	10	971
1950	11	2532
1950	12	2912
1951	1	2368
1951	2	4061
1951	3	1620
1951	4	2033
1951	5	1870
1951	6	846
1951	7	291
1951	8	151
1951	9	131
1951	10	727
1951	11	1136
1951	12	1253
1952	1	745
1952	2	1732
1952	3	1165
1952	4	1954
1952	5	1694
1952	6	734
1952	7	413
1952	8	172
1952	9	108
1952	10	109
1952	11	111
1952	12	223
1953	1	3499
1953	2	2823
1953	3	1172
1953	4	1584
1953	5	1587
1953	6	1299
1953	7	625
1953	8	278
1953	9	186
1953	10	355
1953	11	1260
1953	12	4183
1954	1	2342
1954	2	2300
1954	3	1451
1954	4	2002
1954	5	1986
1954	6	1961
1954	7	916
1954	8	379
1954	9	356
1954	10	399
1954	11	1085
1954	12	1117
1955	1	1563
1955	2	2271
1955	3	1019
1955	4	1889
1955	5	2307
1955	6	2759
1955	7	1274
1955	8	500
1955	9	272
1955	10	1447
1955	11	2844
1955	12	3491
1956	1	2074
1956	2	1032
1956	3	1655
1956	4	2905
1956	5	3041
1956	6	1748
1956	7	679
1956	8	250
1956	9	186
1956	10	824
1956	11	1301
1956	12	3586
1957	1	872
1957	2	1127
1957	3	1970
1957	4	2238
1957	5	1695
1957	6	655
1957	7	345
1957	8	220
1957	9	147
1957	10	216
1957	11	653
1957	12	1692
1958	1	2097
1958	2	2352
1958	3	1102
1958	4	1841
1958	5	1303
1958	6	466
1958	7	217
1958	8	139
1958	9	193
1958	10	790
1958	11	3470
1958	12	3016
1959	1	3391
1959	2	1577
1959	3	1650
1959	4	2133
1959	5	1864
1959	6	1176
1959	7	558
1959	8	262
1959	9	1528
1959	10	2125
1959	11	3679
1959	12	2806
1960	1	1157
1960	2	1950
1960	3	1541
1960	4	2043
1960	5	2154
1960	6	1226
1960	7	446
1960	8	288
1960	9	273
1960	10	449
1960	11	2689
1960	12	1560
1961	1	2380
1961	2	4161
1961	3	2518
1961	4	2112
1961	5	2118
1961	6	1005
1961	7	359
1961	8	191
1961	9	198
1961	10	510
1961	11	958
1961	12	1397
1962	1	2843
1962	2	1253
1962	3	1069
1962	4	2022
1962	5	1284
1962	6	858
1962	7	480
1962	8	317
1962	9	324
1962	10	669
1962	11	1907
1962	12	2524
1963	1	1758
1963	2	2088
1963	3	891
1963	4	1919
1963	5	1142
1963	6	623
1963	7	544
1963	8	340
1963	9	276
1963	10	509
1963	11	1704
1963	12	1645
1964	1	2768
1964	2	1831
1964	3	1640
1964	4	2093
1964	5	2444
1964	6	2609
1964	7	977
1964	8	455
1964	9	696
1964	10	996
1964	11	1349
1964	12	2897
1965	1	2723
1965	2	4242
1965	3	1532
1965	4	1890
1965	5	1508
1965	6	603
1965	7	282
1965	8	260
1965	9	239
1965	10	578
1965	11	567
1965	12	886
1966	1	1490
1966	2	1019
1966	3	1643
1966	4	2288
1966	5	1445
1966	6	796
1966	7	726
1966	8	287
1966	9	262
1966	10	773
1966	11	1117
1966	12	2568
1967	1	3789
1967	2	2483
1967	3	1434
1967	4	1171
1967	5	1814
1967	6	821
1967	7	323
1967	8	296
1967	9	236
1967	10	965
1967	11	1081
1967	12	2210
1968	1	2340
1968	2	2894
1968	3	1575
1968	4	1548
1968	5	1234
1968	6	1151
1968	7	370
1968	8	432
1968	9	954
1968	10	1061
1968	11	1915
1968	12	2090
1969	1	2378
1969	2	1045
1969	3	1416
1969	4	2464
1969	5	2559
1969	6	1290
1969	7	618
1969	8	261
1969	9	297
1969	10	571
1969	11	640
1969	12	1210
1970	1	2570
1970	2	2050
1970	3	1378
1970	4	1731
1970	5	1632
1970	6	830
1970	7	356
1970	8	247
1970	9	332
1970	10	587
1970	11	1169
1970	12	1266
1971	1	3586
1971	2	2986
1971	3	1712
1971	4	1882
1971	5	2792
1971	6	1311
1971	7	941
1971	8	342
1971	9	376
1971	10	703
1971	11	1772
1971	12	2247
1972	1	3046
1972	2	3552
1972	3	4994
1972	4	2123
1972	5	2896
1972	6	1438
1972	7	1069
1972	8	408
1972	9	625
1972	10	469
1972	11	875
1972	12	3234
1973	1	2225
1973	2	881
1973	3	1017
1973	4	1012
1973	5	958
1973	6	382
1973	7	425
1973	8	257
1973	9	306
1973	10	430
1973	11	1245
1973	12	2634
1974	1	3815
1974	2	2542
1974	3	2323
1974	4	2669
1974	5	2698
1974	6	2849
1974	7	985
1974	8	514
1974	9	386
1974	10	272
1974	11	750
1974	12	2212
1975	1	3908
1975	2	1910
1975	3	1970
1975	4	1347
1975	5	2749
1975	6	1287
1975	7	626
1975	8	437
1975	9	469
1975	10	875
1975	11	2650
1975	12	5653
1976	1	3902
1976	2	1896
1976	3	1315
1976	4	1986
1976	5	1913
1976	6	939
1976	7	523
1976	8	437
1976	9	565
1976	10	404
1976	11	725
1976	12	1001
1977	1	1160
1977	2	720
1977	3	1208
1977	4	1626
1977	5	676
1977	6	828
1977	7	271
1977	8	256
1977	9	554
1977	10	703
1977	11	2745
1977	12	4977
1978	1	1205
1978	2	1126
1978	3	1108
1978	4	1240
1978	5	939
1978	6	672
1978	7	400
1978	8	306
1978	9	599
1978	10	448
1978	11	1227
1978	12	1924
1979	1	793
1979	2	2264
1979	3	2243
1979	4	1697
1979	5	1477
1979	6	331
1979	7	297
1979	8	261
1979	9	256
1979	10	276
1979	11	349
1979	12	2890
1980	1	1295
1980	2	1720
1980	3	1838
1980	4	2189
1980	5	949
1980	6	443
1980	7	396
1980	8	257
1980	9	417
1980	10	445
1980	11	1625
1980	12	3276
1981	1	1241
1981	2	2797
1981	3	903
1981	4	1531
1981	5	1434
1981	6	1614
1981	7	658
1981	8	327
1981	9	283
1981	10	740
1981	11	696
1981	12	1765
1982	1	2784
1982	2	4861
1982	3	2164
1982	4	1304
1982	5	1809
1982	6	580
1982	7	419
1982	8	267
1982	9	324
1982	10	600
1982	11	1097
1982	12	1587
1983	1	2890
1983	2	1494
1983	3	1703
1983	4	1308
1983	5	659
1983	6	571
1983	7	784
1983	8	364
1983	9	520
1983	10	402
1983	11	2286
1983	12	1429
1984	1	3905
1984	2	1853
1984	3	2007
1984	4	1766
1984	5	2261
1984	6	1084
1984	7	610
1984	8	378
1984	9	428
1984	10	456
1984	11	1232
1984	12	1311
1985	1	851
1985	2	943
1985	3	1049
1985	4	2476
1985	5	1738
1985	6	677
1985	7	318
1985	8	282
1985	9	281
1985	10	1245
1985	11	1941
1985	12	764
1986	1	1418
1986	2	2321
1986	3	1967
1986	4	1281
1986	5	1276
1986	6	550
1986	7	323
1986	8	258
1986	9	359
1986	10	324
1986	11	2785
1986	12	1333
1987	1	1016
1987	2	1648
1987	3	2108
1987	4	1787
1987	5	1160
1987	6	330
1987	7	261
1987	8	232
1987	9	216
1987	10	173
1987	11	194
1987	12	904
1988	1	703
1988	2	1741
1988	3	1879
1988	4	2657
1988	5	1407
1988	6	893
1988	7	386
1988	8	279
1988	9	300
1988	10	989
1988	11	2374
1988	12	1850
1989	1	2604
1989	2	1308
1989	3	1788
1989	4	3022
1989	5	1008
1989	6	678
1989	7	286
1989	8	226
1989	9	209
1989	10	229
1989	11	1886
1989	12	1917
1990	1	2941
1990	2	2908
1990	3	2201
1990	4	2018
1990	5	1393
1990	6	1860
1990	7	501
1990	8	306
1990	9	342
1990	10	1358
1990	11	5044
1990	12	2340
1991	1	2438
1991	2	3751
1991	3	1704
1991	4	2665
1991	5	1349
1991	6	699
1991	7	512
1991	8	254
1991	9	238
1991	10	229
1991	11	1194
1991	12	2287
1992	1	1729
1992	2	1783
1992	3	1111
1992	4	600
1992	5	669
1992	6	352
1992	7	269
1992	8	245
1992	9	403
1992	10	602
1992	11	1529
1992	12	1397
1993	1	1393
1993	2	1054
1993	3	1840
1993	4	1668
1993	5	1750
1993	6	1237
1993	7	828
1993	8	464
1993	9	355
1993	10	378
1993	11	426
1993	12	1194
1994	1	1814
1994	2	922
1994	3	1950
1994	4	1516
1994	5	603
1994	6	666
1994	7	314
1994	8	234
1994	9	281
1994	10	440
1994	11	1599
1994	12	2762
1995	1	1362
1995	2	3323
1995	3	1601
1995	4	1025
1995	5	809
1995	6	449
1995	7	289
1995	8	256
1995	9	248
1995	10	1364
1995	11	3439
1995	12	3681
1996	1	3485
1996	2	4968
1996	3	1358
1996	4	1338
1996	5	1361
1996	6	717
1996	7	357
1996	8	263
1996	9	271
1996	10	697
1996	11	2093
1996	12	2202
1997	1	3513
1997	2	2938
1997	3	3088
1997	4	2687
1997	5	2642
1997	6	1392
1997	7	895
1997	8	353
1997	9	387
1997	10	1017
1997	11	1823
1997	12	1429
1998	1	2117
1998	2	1352
1998	3	1389
1998	4	1044
1998	5	1346
1998	6	776
1998	7	516
1998	8	259
1998	9	223
1998	10	244
1998	11	2124
1998	12	3063
1999	1	3428
1999	2	1850
1999	3	1795
1999	4	1262
1999	5	1768
1999	6	1370
1999	7	774
1999	8	356
1999	9	313
1999	10	365
1999	11	2545
1999	12	3642
2000	1	1336
2000	2	1466
2000	3	1450
2000	4	1963
2000	5	1706
2000	6	1261
2000	7	504
2000	8	243
2000	9	328
2000	10	816
2000	11	613
2000	12	596
2001	1	946
2001	2	767
2001	3	947
2001	4	1582
2001	5	1791
2001	6	1044
2001	7	479
2001	8	290
2001	9	328
2001	10	911
2001	11	1999
2001	12	2213
2002	1	2330
2002	2	1855
2002	3	1433
2002	4	2663
2002	5	2220
2002	6	1569
2002	7	904
2002	8	258
2002	9	268
2002	10	303
2002	11	297
2002	12	402
2003	1	1813
2003	2	2620
2003	3	2314
2003	4	1799
2003	5	1163
2003	6	583
2003	7	252
2003	8	232
2003	9	242
2003	10	728
2003	11	1582
2003	12	1604
2004	1	2053
2004	2	1785
2004	3	1493
2004	4	1122
2004	5	1143
2004	6	1107
2004	7	384
2004	8	334
2004	9	904
2004	10	861
2004	11	1205
2004	12	1810
2005	1	2010
2005	2	772
2005	3	496
2005	4	1260
2005	5	998
2005	6	746
2005	7	434
2005	8	294
2005	9	388
2005	10	855
2005	11	1736
2005	12	1690
2006	1	4461
2006	2	2075
2006	3	1101
2006	4	1728
2006	5	1337
2006	6	1061
2006	7	398
2006	8	259
2006	9	281
2006	10	307
2006	11	4306
2006	12	2200
2007	1	2548
2007	2	2066
2007	3	3262
2007	4	1515
2007	5	1115
2007	6	758
2007	7	390
2007	8	289
2007	9	430
2007	10	992
2007	11	810
2007	12	1612
2008	1	1179
2008	2	1725
2008	3	1580
2008	4	1430
2008	5	3527
2008	6	2204
2008	7	851
2008	8	334
2008	9	389
2008	10	590
2008	11	2732
2008	12	1440
2009	1	5059
2009	2	1017
2009	3	1071
2009	4	2443
2009	5	2621
2009	6	1297
2009	7	413
2009	8	266
2009	9	313
2009	10	650
2009	11	1751
2009	12	1126
2010	1	1923
2010	2	1108
2010	3	827
2010	4	1002
2010	5	1735
2010	6	2076
2010	7	657
2010	8	335
2010	9	670
2010	10	1004
2010	11	1842
2010	12	2552
2011	1	4797
2011	2	2327
2011	3	1826
2011	4	2998
2011	5	2753
2011	6	1978
2011	7	916
2011	8	352
2011	9	412
2011	10	878
2011	11	1366
2011	12	1415
2012	1	2005
2012	2	3097
2012	3	2048
2012	4	2388
2012	5	2289
2012	6	1805
2012	7	907
2012	8	376
2012	9	401
2012	10	877
2012	11	1754
2012	12	1820
2013	1	1409
2013	2	1743
2013	3	1864
2013	4	2944
2013	5	1748
2013	6	987
2013	7	442
2013	8	309
2013	9	534
2013	10	1264
2013	11	1532
2013	12	2113
2014	1	2121
2014	2	1981
2014	3	3971
2014	4	2337
2014	5	1906
2014	6	835
2014	7	447
2014	8	381
2014	9	464
2014	10	1110
2014	11	2521
2014	12	2192
2015	1	3024
2015	2	1882
2015	3	985
2015	4	861
2015	5	577
2015	6	339
2015	7	216
2015	8	262
2015	9	352
