1945	9	250
1945	10	338
1945	11	1094
1945	12	957
1946	1	1507
1946	2	1002
1946	3	1176
1946	4	905
1946	5	716
1946	6	1038
1946	7	628
1946	8	407
1946	9	186
1946	10	194
1946	11	515
1946	12	1635
1947	1	884
1947	2	1211
1947	3	976
1947	4	984
1947	5	801
1947	6	528
1947	7	295
1947	8	176
1947	9	212
1947	10	510
1947	11	1356
1947	12	1069
1948	1	1224
1948	2	1101
1948	3	1075
1948	4	940
1948	5	960
1948	6	1328
1948	7	618
1948	8	382
1948	9	291
1948	10	281
1948	11	747
1948	12	1176
1949	1	636
1949	2	1006
1949	3	1066
1949	4	770
1949	5	1005
1949	6	789
1949	7	486
1949	8	316
1949	9	233
1949	10	307
1949	11	520
1949	12	800
1950	1	1154
1950	2	1065
1950	3	1650
1950	4	1031
1950	5	967
1950	6	1319
1950	7	617
1950	8	255
1950	9	238
1950	10	385
1950	11	952
1950	12	1438
1951	1	1146
1951	2	2029
1951	3	1022
1951	4	603
1951	5	547
1951	6	438
1951	7	367
1951	8	150
1951	9	118
1951	10	259
1951	11	462
1951	12	595
1952	1	443
1952	2	855
1952	3	579
1952	4	849
1952	5	878
1952	6	576
1952	7	238
1952	8	135
1952	9	109
1952	10	76
1952	11	61
1952	12	91
1953	1	1058
1953	2	1590
1953	3	769
1953	4	679
1953	5	802
1953	6	705
1953	7	288
1953	8	183
1953	9	173
1953	10	353
1953	11	673
1953	12	1362
1954	1	1197
1954	2	962
1954	3	879
1954	4	747
1954	5	659
1954	6	1013
1954	7	639
1954	8	581
1954	9	401
1954	10	332
1954	11	335
1954	12	509
1955	1	565
1955	2	981
1955	3	658
1955	4	939
1955	5	917
1955	6	915
1955	7	785
1955	8	404
1955	9	270
1955	10	711
1955	11	1103
1955	12	1768
1956	1	1336
1956	2	778
1956	3	876
1956	4	907
1956	5	1007
1956	6	1042
1956	7	372
1956	8	166
1956	9	432
1956	10	516
1956	11	700
1956	12	1595
1957	1	785
1957	2	739
1957	3	1150
1957	4	991
1957	5	831
1957	6	467
1957	7	200
1957	8	123
1957	9	66
1957	10	151
1957	11	228
1957	12	715
1958	1	991
1958	2	1109
1958	3	584
1958	4	641
1958	5	609
1958	6	167
1958	7	44
1958	8	41
1958	9	52
1958	10	104
1958	11	1386
1958	12	1379
1959	1	1740
1959	2	952
1959	3	803
1959	4	873
1959	5	931
1959	6	647
1959	7	181
1959	8	137
1959	9	587
1959	10	863
1959	11	1761
1959	12	1555
1960	1	778
1960	2	1007
1960	3	713
1960	4	1202
1960	5	935
1960	6	676
1960	7	270
1960	8	129
1960	9	209
1960	10	277
1960	11	1202
1960	12	991
1961	1	1061
1961	2	1742
1961	3	1369
1961	4	1123
1961	5	762
1961	6	503
1961	7	170
1961	8	100
1961	9	132
1961	10	249
1961	11	586
1961	12	774
1962	1	1041
1962	2	714
1962	3	549
1962	4	712
1962	5	577
1962	6	267
1962	7	100
1962	8	144
1962	9	147
1962	10	330
1962	11	584
1962	12	1032
1963	1	1016
1963	2	1037
1963	3	775
1963	4	842
1963	5	478
1963	6	185
1963	7	142
1963	8	71
1963	9	83
1963	10	177
1963	11	730
1963	12	915
1964	1	1232
1964	2	877
1964	3	930
1964	4	812
1964	5	925
1964	6	1757
1964	7	570
1964	8	461
1964	9	600
1964	10	539
1964	11	660
1964	12	1403
1965	1	1314
1965	2	1818
1965	3	964
1965	4	732
1965	5	820
1965	6	332
1965	7	118
1965	8	167
1965	9	222
1965	10	205
1965	11	385
1965	12	479
1966	1	776
1966	2	526
1966	3	741
1966	4	907
1966	5	822
1966	6	674
1966	7	402
1966	8	107
1966	9	197
1966	10	254
1966	11	452
1966	12	1159
1967	1	1720
1967	2	1369
1967	3	848
1967	4	551
1967	5	635
1967	6	431
1967	7	139
1967	8	93
1967	9	112
1967	10	208
1967	11	293
1967	12	983
1968	1	1349
1968	2	1435
1968	3	956
1968	4	884
1968	5	685
1968	6	422
1968	7	285
1968	8	182
1968	9	375
1968	10	531
1968	11	941
1968	12	1160
1969	1	1331
1969	2	612
1969	3	497
1969	4	1071
1969	5	984
1969	6	757
1969	7	376
1969	8	237
1969	9	218
1969	10	337
1969	11	409
1969	12	677
1970	1	1102
1970	2	1084
1970	3	715
1970	4	1030
1970	5	731
1970	6	544
1970	7	185
1970	8	103
1970	9	199
1970	10	325
1970	11	469
1970	12	892
1971	1	1355
1971	2	1534
1971	3	1164
1971	4	854
1971	5	971
1971	6	1012
1971	7	525
1971	8	235
1971	9	322
1971	10	401
1971	11	895
1971	12	1185
1972	1	1356
1972	2	1590
1972	3	2576
1972	4	1157
1972	5	974
1972	6	894
1972	7	545
1972	8	286
1972	9	338
1972	10	408
1972	11	396
1972	12	1113
1973	1	1182
1973	2	638
1973	3	444
1973	4	335
1973	5	325
1973	6	287
1973	7	148
1973	8	157
1973	9	195
1973	10	368
1973	11	549
1973	12	1174
1974	1	1722
1974	2	1478
1974	3	1103
1974	4	1011
1974	5	853
1974	6	1491
1974	7	594
1974	8	336
1974	9	217
1974	10	309
1974	11	364
1974	12	823
1975	1	1821
1975	2	1269
1975	3	1066
1975	4	550
1975	5	739
1975	6	837
1975	7	303
1975	8	561
1975	9	245
1975	10	412
1975	11	909
1975	12	2844
1976	1	1665
1976	2	1187
1976	3	747
1976	4	591
1976	5	649
1976	6	641
1976	7	419
1976	8	191
1976	9	392
1976	10	341
1976	11	418
1976	12	452
1977	1	572
1977	2	386
1977	3	443
1977	4	519
1977	5	536
1977	6	491
1977	7	158
1977	8	112
1977	9	213
1977	10	343
1977	11	857
1977	12	2588
1978	1	874
1978	2	661
1978	3	471
1978	4	481
1978	5	603
1978	6	567
1978	7	167
1978	8	109
1978	9	284
1978	10	372
1978	11	497
1978	12	837
1979	1	497
1979	2	1015
1979	3	873
1979	4	579
1979	5	667
1979	6	448
1979	7	162
1979	8	105
1979	9	178
1979	10	186
1979	11	250
1979	12	1057
1980	1	739
1980	2	720
1980	3	861
1980	4	705
1980	5	484
1980	6	346
1980	7	218
1980	8	131
1980	9	218
1980	10	305
1980	11	631
1980	12	1332
1981	1	942
1981	2	1075
1981	3	532
1981	4	666
1981	5	659
1981	6	778
1981	7	352
1981	8	202
1981	9	249
1981	10	371
1981	11	405
1981	12	836
1982	1	1089
1982	2	2374
1982	3	1217
1982	4	514
1982	5	607
1982	6	540
1982	7	176
1982	8	125
1982	9	196
1982	10	373
1982	11	498
1982	12	839
1983	1	1535
1983	2	814
1983	3	792
1983	4	444
1983	5	389
1983	6	343
1983	7	282
1983	8	198
1983	9	384
1983	10	364
1983	11	849
1983	12	739
1984	1	1715
1984	2	995
1984	3	950
1984	4	592
1984	5	1003
1984	6	734
1984	7	218
1984	8	133
1984	9	187
1984	10	269
1984	11	563
1984	12	694
1985	1	525
1985	2	447
1985	3	421
1985	4	951
1985	5	783
1985	6	706
1985	7	162
1985	8	129
1985	9	172
1985	10	430
1985	11	1286
1985	12	451
1986	1	762
1986	2	775
1986	3	988
1986	4	505
1986	5	669
1986	6	410
1986	7	179
1986	8	124
1986	9	177
1986	10	364
1986	11	1069
1986	12	781
1987	1	530
1987	2	654
1987	3	978
1987	4	562
1987	5	526
1987	6	340
1987	7	164
1987	8	114
1987	9	113
1987	10	175
1987	11	171
1987	12	341
1988	1	282
1988	2	299
1988	3	433
1988	4	1015
1988	5	792
1988	6	455
1988	7	174
1988	8	144
1988	9	206
1988	10	425
1988	11	957
1988	12	994
1989	1	1242
1989	2	655
1989	3	629
1989	4	1116
1989	5	526
1989	6	361
1989	7	170
1989	8	142
1989	9	167
1989	10	258
1989	11	603
1989	12	948
1990	1	1473
1990	2	1349
1990	3	983
1990	4	696
1990	5	479
1990	6	921
1990	7	196
1990	8	173
1990	9	219
1990	10	479
1990	11	2672
1990	12	1267
1991	1	1301
1991	2	1828
1991	3	1097
1991	4	1112
1991	5	464
1991	6	459
1991	7	151
1991	8	155
1991	9	193
1991	10	337
1991	11	497
1991	12	1205
1992	1	740
1992	2	1064
1992	3	388
1992	4	388
1992	5	274
1992	6	228
1992	7	148
1992	8	131
1992	9	163
1992	10	326
1992	11	529
1992	12	457
1993	1	596
1993	2	427
1993	3	447
1993	4	698
1993	5	834
1993	6	544
1993	7	356
1993	8	226
1993	9	187
1993	10	344
1993	11	434
1993	12	458
1994	1	512
1994	2	401
1994	3	625
1994	4	752
1994	5	345
1994	6	332
1994	7	211
1994	8	130
1994	9	180
1994	10	277
1994	11	451
1994	12	1309
1995	1	584
1995	2	1440
1995	3	756
1995	4	373
1995	5	367
1995	6	275
1995	7	148
1995	8	142
1995	9	161
1995	10	494
1995	11	1681
1995	12	2121
1996	1	1788
1996	2	2285
1996	3	522
1996	4	780
1996	5	731
1996	6	392
1996	7	242
1996	8	140
1996	9	189
1996	10	498
1996	11	1120
1996	12	1207
1997	1	1905
1997	2	1565
1997	3	1605
1997	4	1255
1997	5	1226
1997	6	680
1997	7	610
1997	8	222
1997	9	256
1997	10	447
1997	11	882
1997	12	546
1998	1	1243
1998	2	566
1998	3	808
1998	4	527
1998	5	446
1998	6	383
1998	7	215
1998	8	148
1998	9	174
1998	10	332
1998	11	719
1998	12	1595
1999	1	1924
1999	2	952
1999	3	926
1999	4	679
1999	5	660
1999	6	544
1999	7	516
1999	8	213
1999	9	219
1999	10	401
1999	11	984
1999	12	1947
2000	1	893
2000	2	666
2000	3	747
2000	4	815
2000	5	583
2000	6	659
2000	7	257
2000	8	143
2000	9	252
2000	10	433
2000	11	434
2000	12	424
2001	1	390
2001	2	361
2001	3	402
2001	4	428
2001	5	547
2001	6	408
2001	7	255
2001	8	176
2001	9	210
2001	10	457
2001	11	1075
2001	12	1347
2002	1	1203
2002	2	961
2002	3	1068
2002	4	1289
2002	5	769
2002	6	960
2002	7	278
2002	8	182
2002	9	209
2002	10	360
2002	11	351
2002	12	393
2003	1	586
2003	2	784
2003	3	1191
2003	4	998
2003	5	407
2003	6	333
2003	7	202
2003	8	127
2003	9	167
2003	10	507
2003	11	806
2003	12	993
2004	1	821
2004	2	923
2004	3	692
2004	4	436
2004	5	365
2004	6	313
2004	7	170
2004	8	224
2004	9	458
2004	10	483
2004	11	609
2004	12	1060
2005	1	882
2005	2	469
2005	3	373
2005	4	421
2005	5	398
2005	6	306
2005	7	245
2005	8	143
2005	9	213
2005	10	430
2005	11	990
2005	12	655
2006	1	2385
2006	2	1230
2006	3	640
2006	4	473
2006	5	707
2006	6	617
2006	7	239
2006	8	140
2006	9	179
2006	10	354
2006	11	2176
2006	12	1115
2007	1	1307
2007	2	868
2007	3	1667
2007	4	963
2007	5	410
2007	6	338
2007	7	260
2007	8	149
2007	9	182
2007	10	430
2007	11	428
2007	12	909
2008	1	601
2008	2	899
2008	3	892
2008	4	517
2008	5	1369
2008	6	1344
2008	7	494
2008	8	284
2008	9	236
2008	10	378
2008	11	1156
2008	12	740
2009	1	2265
2009	2	533
2009	3	541
2009	4	962
2009	5	1062
2009	6	537
2009	7	232
2009	8	145
2009	9	180
2009	10	360
2009	11	1011
2009	12	602
2010	1	931
2010	2	466
2010	3	517
2010	4	519
2010	5	734
2010	6	1163
2010	7	277
2010	8	191
2010	9	283
2010	10	428
2010	11	985
2010	12	1356
2011	1	2443
2011	2	1315
2011	3	1037
2011	4	1960
2011	5	1115
2011	6	948
2011	7	419
2011	8	185
2011	9	220
2011	10	518
2011	11	829
2011	12	674
2012	1	1147
2012	2	1532
2012	3	1514
2012	4	1386
2012	5	1209
2012	6	951
2012	7	395
2012	8	210
2012	9	187
2012	10	407
2012	11	1070
2012	12	1141
2013	1	773
2013	2	896
2013	3	1093
2013	4	1594
2013	5	1141
2013	6	440
2013	7	262
2013	8	163
2013	9	253
2013	10	620
2013	11	891
2013	12	880
2014	1	1094
2014	2	1053
2014	3	2215
2014	4	1263
2014	5	1003
2014	6	431
2014	7	281
2014	8	183
2014	9	231
2014	10	476
2014	11	1188
2014	12	1271
2015	1	1463
2015	2	1130
2015	3	563
2015	4	393
2015	5	316
2015	6	294
2015	7	194
2015	8	116
2015	9	167
