1940	1	147
1940	2	192
1940	3	271
1940	4	871
1940	5	2223
1940	6	982
1940	7	210
1940	8	140
1940	9	208
1940	10	399
1940	11	217
1940	12	195
1941	1	157
1941	2	124
1941	3	163
1941	4	383
1941	5	1426
1941	6	1427
1941	7	514
1941	8	229
1941	9	634
1941	10	553
1941	11	546
1941	12	444
1942	1	234
1942	2	237
1942	3	277
1942	4	1094
1942	5	2509
1942	6	3156
1942	7	979
1942	8	282
1942	9	225
1942	10	610
1942	11	402
1942	12	240
1943	1	258
1943	2	280
1943	3	463
1943	4	2529
1943	5	2878
1943	6	4385
1943	7	1869
1943	8	492
1943	9	313
1943	10	434
1943	11	485
1943	12	191
1944	1	157
1944	2	128
1944	3	138
1944	4	336
1944	5	1598
1944	6	2024
1944	7	710
1944	8	316
1944	9	201
1944	10	364
1944	11	408
1944	12	147
1945	1	209
1945	2	197
1945	3	186
1945	4	399
1945	5	2028
1945	6	2811
1945	7	868
1945	8	243
1945	9	302
1945	10	438
1945	11	293
1945	12	232
1946	1	263
1946	2	223
1946	3	350
1946	4	1208
1946	5	2717
1946	6	1982
1946	7	758
1946	8	284
1946	9	501
1946	10	1019
1946	11	788
1946	12	765
1947	1	420
1947	2	352
1947	3	634
1947	4	1521
1947	5	5995
1947	6	2909
1947	7	1034
1947	8	356
1947	9	319
1947	10	490
1947	11	497
1947	12	486
1948	1	269
1948	2	271
1948	3	247
1948	4	947
1948	5	5129
1948	6	4564
1948	7	1251
1948	8	443
1948	9	293
1948	10	366
1948	11	376
1948	12	240
1949	1	221
1949	2	204
1949	3	294
1949	4	1703
1949	5	4408
1949	6	2635
1949	7	637
1949	8	294
1949	9	313
1949	10	566
1949	11	365
1949	12	271
1950	1	233
1950	2	278
1950	3	309
1950	4	696
1950	5	2412
1950	6	4882
1950	7	1685
1950	8	441
1950	9	320
1950	10	577
1950	11	515
1950	12	346
1951	1	274
1951	2	397
1951	3	302
1951	4	1442
1951	5	4329
1951	6	3141
1951	7	1279
1951	8	428
1951	9	315
1951	10	600
1951	11	272
1951	12	220
1952	1	213
1952	2	248
1952	3	456
1952	4	1531
1952	5	4159
1952	6	2858
1952	7	820
1952	8	299
1952	9	375
1952	10	445
1952	11	240
1952	12	183
1953	1	239
1953	2	256
1953	3	274
1953	4	684
1953	5	1797
1953	6	4682
1953	7	1496
1953	8	358
1953	9	214
1953	10	200
1953	11	249
1953	12	364
1954	1	328
1954	2	345
1954	3	383
1954	4	1018
1954	5	3021
1954	6	2544
1954	7	1343
1954	8	384
1954	9	316
1954	10	269
1954	11	246
1954	12	207
1955	1	208
1955	2	204
1955	3	209
1955	4	399
1955	5	2182
1955	6	3974
1955	7	1717
1955	8	391
1955	9	270
1955	10	325
1955	11	336
1955	12	376
1956	1	303
1956	2	249
1956	3	418
1956	4	2210
1956	5	5241
1956	6	3277
1956	7	848
1956	8	375
1956	9	268
1956	10	362
1956	11	266
1956	12	292
1957	1	369
1957	2	402
1957	3	344
1957	4	510
1957	5	3897
1957	6	2882
1957	7	676
1957	8	291
1957	9	229
1957	10	345
1957	11	281
1957	12	175
1958	1	255
1958	2	296
1958	3	280
1958	4	578
1958	5	4457
1958	6	2311
1958	7	736
1958	8	387
1958	9	258
1958	10	282
1958	11	418
1958	12	454
1959	1	334
1959	2	292
1959	3	317
1959	4	1139
1959	5	2638
1959	6	4195
1959	7	1058
1959	8	384
1959	9	419
1959	10	742
1959	11	610
1959	12	527
1960	1	353
1960	2	224
1960	3	426
1960	4	1132
1960	5	2673
1960	6	3406
1960	7	733
1960	8	399
1960	9	278
1960	10	226
1960	11	259
1960	12	195
1961	1	195
1961	2	289
1961	3	335
1961	4	553
1961	5	2313
1961	6	2693
1961	7	448
1961	8	289
1961	9	296
1961	10	312
1961	11	252
1961	12	215
1962	1	203
1962	2	242
1962	3	244
1962	4	1613
1962	5	2903
1962	6	3039
1962	7	836
1962	8	317
1962	9	310
1962	10	423
1962	11	337
1962	12	310
1963	1	235
1963	2	423
1963	3	320
1963	4	621
1963	5	3077
1963	6	3324
1963	7	1113
1963	8	367
1963	9	319
1963	10	280
1963	11	265
1963	12	237
1964	1	236
1964	2	230
1964	3	239
1964	4	609
1964	5	3518
1964	6	6234
1964	7	1758
1964	8	480
1964	9	368
1964	10	315
1964	11	317
1964	12	406
1965	1	364
1965	2	392
1965	3	390
1965	4	1556
1965	5	3614
1965	6	4682
1965	7	1346
1965	8	491
1965	9	559
1965	10	402
1965	11	301
1965	12	257
1966	1	256
1966	2	245
1966	3	299
1966	4	693
1966	5	1663
1966	6	1217
1966	7	396
1966	8	313
1966	9	231
1966	10	230
1966	11	226
1966	12	186
1967	1	206
1967	2	211
1967	3	252
1967	4	404
1967	5	2878
1967	6	4617
1967	7	1046
1967	8	313
1967	9	263
1967	10	380
1967	11	476
1967	12	319
1968	1	297
1968	2	433
1968	3	582
1968	4	783
1968	5	2767
1968	6	3707
1968	7	989
1968	8	371
1968	9	461
1968	10	384
1968	11	384
1968	12	300
1969	1	376
1969	2	303
1969	3	451
1969	4	1782
1969	5	4091
1969	6	2238
1969	7	796
1969	8	273
1969	9	241
1969	10	292
1969	11	252
1969	12	237
1970	1	271
1970	2	265
1970	3	280
1970	4	360
1970	5	3200
1970	6	4615
1970	7	1443
1970	8	386
1970	9	392
1970	10	341
1970	11	334
1970	12	299
1971	1	340
1971	2	634
1971	3	394
1971	4	1158
1971	5	5289
1971	6	4348
1971	7	1218
1971	8	389
1971	9	288
1971	10	272
1971	11	270
1971	12	244
1972	1	257
1972	2	297
1972	3	1010
1972	4	1056
1972	5	3815
1972	6	5588
1972	7	1257
1972	8	407
1972	9	304
1972	10	296
1972	11	253
1972	12	259
1973	1	301
1973	2	233
1973	3	260
1973	4	594
1973	5	1486
1973	6	1310
1973	7	442
1973	8	350
1973	9	537
1973	10	214
1973	11	301
1973	12	241
1974	1	282
1974	2	260
1974	3	362
1974	4	1143
1974	5	2853
1974	6	5909
1974	7	1301
1974	8	495
1974	9	503
1974	10	396
1974	11	212
1974	12	184
1975	1	213
1975	2	194
1975	3	243
1975	4	390
1975	5	2214
1975	6	5751
1975	7	2607
1975	8	751
1975	9	461
1975	10	691
1975	11	509
1975	12	663
1976	1	382
1976	2	327
1976	3	410
1976	4	1724
1976	5	5682
1976	6	3790
1976	7	1525
1976	8	714
1976	9	611
1976	10	441
1976	11	265
1976	12	214
1977	1	176
1977	2	185
1977	3	167
1977	4	491
1977	5	1109
1977	6	1439
1977	7	469
1977	8	344
1977	9	309
1977	10	351
1977	11	365
1977	12	519
1978	1	328
1978	2	311
1978	3	720
1978	4	1637
1978	5	3327
1978	6	4152
1978	7	1673
1978	8	483
1978	9	468
1978	10	312
1978	11	270
1978	12	254
1979	1	222
1979	2	239
1979	3	347
1979	4	648
1979	5	2902
1979	6	2342
1979	7	647
1979	8	416
1979	9	320
1979	10	409
1979	11	201
1979	12	191
1980	1	177
1980	2	202
1980	3	228
1980	4	1006
1980	5	2554
1980	6	2674
1980	7	1003
1980	8	355
1980	9	389
1980	10	311
1980	11	430
1980	12	478
1981	1	406
1981	2	341
1981	3	371
1981	4	812
1981	5	2935
1981	6	3351
1981	7	995
1981	8	415
1981	9	274
1981	10	292
1981	11	273
1981	12	430
1982	1	259
1982	2	370
1982	3	442
1982	4	954
1982	5	3619
1982	6	5252
1982	7	1851
1982	8	500
1982	9	406
1982	10	368
1982	11	280
1982	12	230
1983	1	305
1983	2	282
1983	3	390
1983	4	549
1983	5	1923
1983	6	2358
1983	7	1020
1983	8	486
1983	9	425
1983	10	438
1983	11	354
1983	12	235
1984	1	359
1984	2	316
1984	3	387
1984	4	802
1984	5	3054
1984	6	4522
1984	7	1492
1984	8	524
1984	9	504
1984	10	348
1984	11	295
1984	12	244
1985	1	236
1985	2	220
1985	3	260
1985	4	927
1985	5	2244
1985	6	1461
1985	7	397
1985	8	409
1985	9	457
1985	10	335
1985	11	307
1985	12	219
1986	1	208
1986	2	320
1986	3	634
1986	4	1094
1986	5	2588
1986	6	2629
1986	7	617
1986	8	442
1986	9	436
1986	10	324
1986	11	256
1986	12	235
1987	1	187
1987	2	210
1987	3	275
1987	4	903
1987	5	1393
1987	6	677
1987	7	374
1987	8	305
1987	9	287
1987	10	194
1987	11	144
1987	12	138
1988	1	124
1988	2	154
1988	3	289
1988	4	937
1988	5	1978
1988	6	1710
1988	7	436
1988	8	366
1988	9	304
1988	10	218
1988	11	215
1988	12	193
1989	1	173
1989	2	144
1989	3	310
1989	4	976
1989	5	2032
1989	6	2199
1989	7	640
1989	8	517
1989	9	416
1989	10	242
1989	11	268
1989	12	248
1990	1	211
1990	2	189
1990	3	286
1990	4	1305
1990	5	1467
1990	6	2232
1990	7	797
1990	8	503
1990	9	374
1990	10	355
1990	11	299
1990	12	178
1991	1	194
1991	2	235
1991	3	231
1991	4	460
1991	5	1627
1991	6	2906
1991	7	944
1991	8	469
1991	9	363
1991	10	218
1991	11	234
1991	12	225
1992	1	174
1992	2	198
1992	3	402
1992	4	749
1992	5	1508
1992	6	842
1992	7	429
1992	8	441
1992	9	294
1992	10	194
1992	11	192
1992	12	170
1993	1	165
1993	2	165
1993	3	311
1993	4	516
1993	5	2209
1993	6	1889
1993	7	812
1993	8	634
1993	9	458
1993	10	286
1993	11	206
1993	12	175
1994	1	171
1994	2	159
1994	3	240
1994	4	874
1994	5	1766
1994	6	1088
1994	7	480
1994	8	410
1994	9	250
1994	10	211
1994	11	229
1994	12	189
1995	1	176
1995	2	426
1995	3	381
1995	4	498
1995	5	1936
1995	6	2931
1995	7	1232
1995	8	668
1995	9	350
1995	10	321
1995	11	539
1995	12	667
1996	1	342
1996	2	790
1996	3	566
1996	4	1877
1996	5	3473
1996	6	5081
1996	7	1443
1996	8	553
1996	9	529
1996	10	313
1996	11	277
1996	12	242
1997	1	350
1997	2	296
1997	3	532
1997	4	1279
1997	5	5112
1997	6	4756
1997	7	1300
1997	8	606
1997	9	442
1997	10	329
1997	11	332
1997	12	249
1998	1	233
1998	2	225
1998	3	340
1998	4	782
1998	5	2744
1998	6	2325
1998	7	1278
1998	8	610
1998	9	382
1998	10	213
1998	11	236
1998	12	216
1999	1	241
1999	2	209
1999	3	437
1999	4	899
1999	5	2476
1999	6	3735
1999	7	983
1999	8	572
1999	9	319
1999	10	190
1999	11	221
1999	12	202
2000	1	203
2000	2	228
2000	3	298
2000	4	1037
2000	5	1974
2000	6	1581
2000	7	506
2000	8	369
2000	9	304
2000	10	368
2000	11	231
2000	12	177
2001	1	166
2001	2	164
2001	3	262
2001	4	548
2001	5	2099
2001	6	1365
2001	7	526
2001	8	474
2001	9	320
2001	10	226
2001	11	266
2001	12	208
2002	1	237
2002	2	220
2002	3	242
2002	4	857
2002	5	2432
2002	6	3269
2002	7	899
2002	8	503
2002	9	404
2002	10	221
2002	11	208
2002	12	195
2003	1	246
2003	2	298
2003	3	504
2003	4	1486
2003	5	3491
2003	6	3052
2003	7	669
2003	8	471
2003	9	303
2003	10	212
2003	11	227
2003	12	219
2004	1	186
2004	2	191
2004	3	420
2004	4	1071
2004	5	1984
2004	6	1705
2004	7	617
2004	8	504
2004	9	540
2004	10	281
2004	11	244
2004	12	235
2005	1	249
2005	2	229
2005	3	275
2005	4	506
2005	5	1885
2005	6	1522
2005	7	595
2005	8	459
2005	9	264
2005	10	211
2005	11	234
2005	12	227
2006	1	258
2006	2	211
2006	3	284
2006	4	1241
2006	5	3708
2006	6	2130
2006	7	584
2006	8	467
2006	9	242
2006	10	193
2006	11	543
2006	12	256
2007	1	211
2007	2	263
2007	3	596
2007	4	983
2007	5	2754
2007	6	1572
2007	7	453
2007	8	378
2007	9	385
2007	10	302
2007	11	303
2007	12	291
2008	1	218
2008	2	238
2008	3	294
2008	4	676
2008	5	3790
2008	6	4089
2008	7	1312
2008	8	550
2008	9	452
2008	10	272
2008	11	473
2008	12	263
2009	1	298
2009	2	282
2009	3	379
2009	4	1164
2009	5	4477
2009	6	3427
2009	7	1025
2009	8	623
2009	9	506
2009	10	289
2009	11	275
2009	12	182
2010	1	205
2010	2	210
2010	3	248
2010	4	617
2010	5	1144
2010	6	3529
2010	7	975
2010	8	502
2010	9	475
2010	10	257
2010	11	255
2010	12	231
2011	1	315
2011	2	260
2011	3	280
2011	4	780
2011	5	3620
2011	6	5695
2011	7	2316
2011	8	613
2011	9	426
2011	10	323
2011	11	273
2011	12	221
2012	1	212
2012	2	258
2012	3	442
2012	4	2158
2012	5	3222
2012	6	2648
2012	7	824
2012	8	441
2012	9	352
2012	10	225
2012	11	269
2012	12	253
2013	1	190
2013	2	193
2013	3	275
2013	4	711
2013	5	2505
2013	6	1570
2013	7	514
2013	8	396
2013	9	324
2013	10	279
2013	11	252
2013	12	247
2014	1	233
2014	2	270
2014	3	713
2014	4	1548
2014	5	5109
2014	6	3782
2014	7	1233
2014	8	617
2014	9	394
2014	10	317
2014	11	190
2014	12	350
2015	1	362
2015	2	611
2015	3	872
2015	4	1225
2015	5	2787
2015	6	1524
2015	7	473
2015	8	432
2015	9	315
