1940	1	911
1940	2	1120
1940	3	1675
1940	4	2898
1940	5	4760
1940	6	2919
1940	7	1094
1940	8	714
1940	9	778
1940	10	1178
1940	11	1087
1940	12	1090
1941	1	978
1941	2	924
1941	3	1184
1941	4	1191
1941	5	2005
1941	6	3018
1941	7	1432
1941	8	888
1941	9	1145
1941	10	1335
1941	11	1363
1941	12	1370
1942	1	1041
1942	2	1117
1942	3	1558
1942	4	4029
1942	5	6680
1942	6	8416
1942	7	2761
1942	8	1232
1942	9	1054
1942	10	1191
1942	11	1499
1942	12	1432
1943	1	1208
1943	2	1450
1943	3	1797
1943	4	8771
1943	5	8960
1943	6	13852
1943	7	5983
1943	8	2041
1943	9	1410
1943	10	1548
1943	11	1616
1943	12	1195
1944	1	1070
1944	2	1101
1944	3	1439
1944	4	1716
1944	5	3740
1944	6	5485
1944	7	2778
1944	8	1540
1944	9	1154
1944	10	1192
1944	11	1219
1944	12	874
1945	1	1192
1945	2	1251
1945	3	1365
1945	4	1584
1945	5	5460
1945	6	7533
1945	7	2534
1945	8	1206
1945	9	1103
1945	10	1323
1945	11	1473
1945	12	1272
1946	1	1286
1946	2	1246
1946	3	1780
1946	4	3720
1946	5	6302
1946	6	5155
1946	7	2313
1946	8	1260
1946	9	1460
1946	10	2088
1946	11	2030
1946	12	2252
1947	1	1611
1947	2	1984
1947	3	2950
1947	4	4897
1947	5	12985
1947	6	9229
1947	7	3207
1947	8	1698
1947	9	1595
1947	10	2012
1947	11	1984
1947	12	1758
1948	1	1979
1948	2	1769
1948	3	1810
1948	4	4943
1948	5	15977
1948	6	15424
1948	7	4822
1948	8	2516
1948	9	1589
1948	10	1696
1948	11	1711
1948	12	1237
1949	1	1095
1949	2	1332
1949	3	1799
1949	4	4489
1949	5	10104
1949	6	6841
1949	7	2137
1949	8	1269
1949	9	1428
1949	10	1436
1949	11	1439
1949	12	1210
1950	1	1093
1950	2	1464
1950	3	1891
1950	4	3205
1950	5	7179
1950	6	13344
1950	7	5568
1950	8	2562
1950	9	1747
1950	10	1956
1950	11	2111
1950	12	1928
1951	1	1615
1951	2	2238
1951	3	2072
1951	4	5249
1951	5	14064
1951	6	10428
1951	7	5068
1951	8	2204
1951	9	2078
1951	10	2218
1951	11	1928
1951	12	1579
1952	1	1346
1952	2	1461
1952	3	1644
1952	4	6192
1952	5	12214
1952	6	5849
1952	7	2460
1952	8	1377
1952	9	1311
1952	10	1318
1952	11	1331
1952	12	1256
1953	1	1568
1953	2	1436
1953	3	1470
1953	4	1947
1953	5	5692
1953	6	16290
1953	7	4224
1953	8	1717
1953	9	1447
1953	10	1392
1953	11	1447
1953	12	1386
1954	1	1190
1954	2	1524
1954	3	1581
1954	4	2871
1954	5	8969
1954	6	8841
1954	7	4668
1954	8	1810
1954	9	1515
1954	10	1556
1954	11	1478
1954	12	1183
1955	1	1162
1955	2	1118
1955	3	1132
1955	4	1987
1955	5	5550
1955	6	8989
1955	7	6373
1955	8	2011
1955	9	1342
1955	10	1551
1955	11	1519
1955	12	2060
1956	1	1458
1956	2	1174
1956	3	2691
1956	4	5685
1956	5	12045
1956	6	9126
1956	7	3176
1956	8	1764
1956	9	1444
1956	10	1535
1956	11	1575
1956	12	1562
1957	1	1046
1957	2	1401
1957	3	1801
1957	4	2501
1957	5	11160
1957	6	7676
1957	7	2158
1957	8	1233
1957	9	1284
1957	10	1563
1957	11	1468
1957	12	1339
1958	1	1162
1958	2	1315
1958	3	1527
1958	4	2859
1958	5	10601
1958	6	8450
1958	7	3246
1958	8	1438
1958	9	1445
1958	10	1620
1958	11	1873
1958	12	1979
1959	1	1745
1959	2	1553
1959	3	2277
1959	4	5154
1959	5	8221
1959	6	13089
1959	7	3861
1959	8	1704
1959	9	1855
1959	10	2986
1959	11	2851
1959	12	2298
1960	1	1572
1960	2	1579
1960	3	2811
1960	4	5278
1960	5	6619
1960	6	7082
1960	7	2140
1960	8	1499
1960	9	1443
1960	10	1344
1960	11	1499
1960	12	1190
1961	1	1158
1961	2	1551
1961	3	1416
1961	4	2131
1961	5	6992
1961	6	7378
1961	7	1925
1961	8	977
1961	9	1271
1961	10	1472
1961	11	1381
1961	12	1127
1962	1	1014
1962	2	1423
1962	3	1593
1962	4	5394
1962	5	9287
1962	6	9050
1962	7	3093
1962	8	1627
1962	9	1522
1962	10	1770
1962	11	1686
1962	12	1566
1963	1	1119
1963	2	2508
1963	3	2028
1963	4	3153
1963	5	6830
1963	6	7461
1963	7	3256
1963	8	1362
1963	9	1530
1963	10	1473
1963	11	1398
1963	12	1096
1964	1	1190
1964	2	1213
1964	3	1239
1964	4	2864
1964	5	9084
1964	6	15298
1964	7	4336
1964	8	1838
1964	9	1865
1964	10	1723
1964	11	1663
1964	12	2054
1965	1	2032
1965	2	2015
1965	3	1890
1965	4	6169
1965	5	11390
1965	6	13964
1965	7	5072
1965	8	2205
1965	9	2874
1965	10	2525
1965	11	2086
1965	12	1712
1966	1	1614
1966	2	1462
1966	3	1997
1966	4	4052
1966	5	6232
1966	6	5145
1966	7	2173
1966	8	1146
1966	9	1140
1966	10	1333
1966	11	1365
1966	12	1241
1967	1	1250
1967	2	1364
1967	3	1495
1967	4	2312
1967	5	8774
1967	6	16347
1967	7	4425
1967	8	1705
1967	9	1382
1967	10	1929
1967	11	1920
1967	12	1532
1968	1	1511
1968	2	2405
1968	3	2764
1968	4	2642
1968	5	5626
1968	6	8744
1968	7	2815
1968	8	1753
1968	9	2181
1968	10	2184
1968	11	1972
1968	12	1529
1969	1	1888
1969	2	1818
1969	3	2130
1969	4	7438
1969	5	9859
1969	6	6789
1969	7	5490
1969	8	1685
1969	9	1645
1969	10	1823
1969	11	1624
1969	12	1404
1970	1	1325
1970	2	1401
1970	3	1461
1970	4	2019
1970	5	9387
1970	6	10856
1970	7	4009
1970	8	1668
1970	9	1580
1970	10	1822
1970	11	1688
1970	12	1348
1971	1	1642
1971	2	3255
1971	3	1874
1971	4	3661
1971	5	12753
1971	6	10594
1971	7	3581
1971	8	1570
1971	9	1551
1971	10	1585
1971	11	1588
1971	12	1507
1972	1	1579
1972	2	1495
1972	3	4108
1972	4	4636
1972	5	11750
1972	6	16023
1972	7	4350
1972	8	2129
1972	9	1784
1972	10	1903
1972	11	1704
1972	12	1469
1973	1	1384
1973	2	1248
1973	3	1515
1973	4	1570
1973	5	3815
1973	6	3651
1973	7	1350
1973	8	805
1973	9	1007
1973	10	1084
1973	11	1414
1973	12	1243
1974	1	1938
1974	2	1427
1974	3	1929
1974	4	5281
1974	5	8277
1974	6	13133
1974	7	3860
1974	8	1761
1974	9	1428
1974	10	1465
1974	11	1463
1974	12	1264
1975	1	1225
1975	2	1172
1975	3	1420
1975	4	2202
1975	5	9331
1975	6	19266
1975	7	8759
1975	8	3447
1975	9	2521
1975	10	2882
1975	11	2737
1975	12	3322
1976	1	2545
1976	2	2081
1976	3	2616
1976	4	7187
1976	5	17237
1976	6	10785
1976	7	4703
1976	8	2542
1976	9	2103
1976	10	1956
1976	11	1693
1976	12	1446
1977	1	1185
1977	2	1392
1977	3	1322
1977	4	1956
1977	5	2607
1977	6	2149
1977	7	1100
1977	8	774
1977	9	965
1977	10	1314
1977	11	1234
1977	12	1503
1978	1	1217
1978	2	1249
1978	3	2695
1978	4	5047
1978	5	8519
1978	6	9100
1978	7	5081
1978	8	1917
1978	9	2226
1978	10	1803
1978	11	1542
1978	12	1435
1979	1	1254
1979	2	1573
1979	3	2156
1979	4	2995
1979	5	9564
1979	6	6716
1979	7	2122
1979	8	1257
1979	9	1283
1979	10	1271
1979	11	1217
1979	12	1233
1980	1	1019
1980	2	1241
1980	3	1338
1980	4	2963
1980	5	10732
1980	6	11467
1980	7	4075
1980	8	1540
1980	9	1715
1980	10	1856
1980	11	1961
1980	12	1982
1981	1	1809
1981	2	1894
1981	3	1859
1981	4	3083
1981	5	11416
1981	6	9897
1981	7	3367
1981	8	1436
1981	9	1317
1981	10	1755
1981	11	1672
1981	12	1544
1982	1	1434
1982	2	2434
1982	3	2379
1982	4	3830
1982	5	10502
1982	6	13560
1982	7	6391
1982	8	2007
1982	9	1791
1982	10	2218
1982	11	1804
1982	12	1602
1983	1	1751
1983	2	1785
1983	3	2183
1983	4	2356
1983	5	5905
1983	6	6234
1983	7	4068
1983	8	2027
1983	9	1884
1983	10	1981
1983	11	1926
1983	12	1153
1984	1	2043
1984	2	1560
1984	3	1856
1984	4	3458
1984	5	7065
1984	6	9277
1984	7	3360
1984	8	1741
1984	9	1802
1984	10	1831
1984	11	1726
1984	12	1387
1985	1	1367
1985	2	1192
1985	3	1508
1985	4	3369
1985	5	6569
1985	6	3997
1985	7	1203
1985	8	1207
1985	9	1772
1985	10	1905
1985	11	1713
1985	12	1333
1986	1	1392
1986	2	2255
1986	3	4123
1986	4	4903
1986	5	6409
1986	6	6173
1986	7	2169
1986	8	1123
1986	9	1648
1986	10	1611
1986	11	1566
1986	12	1321
1987	1	1096
1987	2	1170
1987	3	1484
1987	4	2468
1987	5	4002
1987	6	2288
1987	7	1433
1987	8	963
1987	9	857
1987	10	990
1987	11	1030
1987	12	981
1988	1	895
1988	2	980
1988	3	1148
1988	4	2267
1988	5	4480
1988	6	3229
1988	7	1196
1988	8	626
1988	9	693
1988	10	1028
1988	11	1206
1988	12	1017
1989	1	932
1989	2	850
1989	3	1899
1989	4	5696
1989	5	8099
1989	6	6015
1989	7	2239
1989	8	1600
1989	9	1622
1989	10	1388
1989	11	1558
1989	12	1603
1990	1	1491
1990	2	1347
1990	3	1638
1990	4	5738
1990	5	6310
1990	6	7827
1990	7	2794
1990	8	1509
1990	9	1235
1990	10	1368
1990	11	1563
1990	12	1130
1991	1	1175
1991	2	1410
1991	3	1487
1991	4	2613
1991	5	7259
1991	6	8452
1991	7	3080
1991	8	1235
1991	9	1192
1991	10	1181
1991	11	1320
1991	12	1118
1992	1	1067
1992	2	1253
1992	3	1707
1992	4	2627
1992	5	3812
1992	6	2122
1992	7	1503
1992	8	788
1992	9	857
1992	10	1089
1992	11	1111
1992	12	878
1993	1	903
1993	2	876
1993	3	1600
1993	4	2451
1993	5	7030
1993	6	4929
1993	7	3410
1993	8	2369
1993	9	2236
1993	10	1805
1993	11	1465
1993	12	1368
1994	1	1333
1994	2	1062
1994	3	1513
1994	4	3988
1994	5	5808
1994	6	3387
1994	7	1489
1994	8	860
1994	9	792
1994	10	1134
1994	11	1250
1994	12	1100
1995	1	967
1995	2	1825
1995	3	1779
1995	4	2204
1995	5	5840
1995	6	8226
1995	7	3599
1995	8	1524
1995	9	1488
1995	10	1608
1995	11	1847
1995	12	2829
1996	1	1704
1996	2	3431
1996	3	2596
1996	4	7731
1996	5	10835
1996	6	12855
1996	7	4034
1996	8	1732
1996	9	1513
1996	10	1570
1996	11	1521
1996	12	1427
1997	1	2004
1997	2	1648
1997	3	2819
1997	4	5463
1997	5	16134
1997	6	14427
1997	7	4919
1997	8	2393
1997	9	1919
1997	10	2036
1997	11	1947
1997	12	1663
1998	1	1540
1998	2	1438
1998	3	2013
1998	4	3082
1998	5	6718
1998	6	7890
1998	7	5298
1998	8	1879
1998	9	1414
1998	10	1603
1998	11	1683
1998	12	1371
1999	1	1552
1999	2	1353
1999	3	2231
1999	4	3533
1999	5	6997
1999	6	9529
1999	7	3367
1999	8	1584
1999	9	1336
1999	10	1423
1999	11	1488
1999	12	1313
2000	1	1239
2000	2	1338
2000	3	1564
2000	4	3862
2000	5	4895
2000	6	3739
2000	7	1436
2000	8	766
2000	9	902
2000	10	1339
2000	11	1138
2000	12	956
2001	1	950
2001	2	915
2001	3	1341
2001	4	1857
2001	5	4749
2001	6	4322
2001	7	1846
2001	8	1110
2001	9	844
2001	10	1106
2001	11	1209
2001	12	971
2002	1	1048
2002	2	992
2002	3	1215
2002	4	3057
2002	5	5472
2002	6	8466
2002	7	2983
2002	8	1423
2002	9	1141
2002	10	1153
2002	11	1167
2002	12	1033
2003	1	1087
2003	2	1344
2003	3	2240
2003	4	4838
2003	5	7280
2003	6	6538
2003	7	1874
2003	8	1039
2003	9	1011
2003	10	1117
2003	11	1235
2003	12	1145
2004	1	1002
2004	2	1092
2004	3	1887
2004	4	3488
2004	5	4744
2004	6	4365
2004	7	1915
2004	8	1100
2004	9	1389
2004	10	1417
2004	11	1315
2004	12	1216
2005	1	1173
2005	2	1208
2005	3	1303
2005	4	2361
2005	5	6172
2005	6	6503
2005	7	2338
2005	8	1027
2005	9	1112
2005	10	1345
2005	11	1333
2005	12	1106
2006	1	1316
2006	2	1055
2006	3	1378
2006	4	5175
2006	5	8103
2006	6	5271
2006	7	1783
2006	8	937
2006	9	962
2006	10	1246
2006	11	1940
2006	12	1400
2007	1	1134
2007	2	1330
2007	3	2639
2007	4	3208
2007	5	7281
2007	6	5415
2007	7	1687
2007	8	978
2007	9	1005
2007	10	1340
2007	11	1242
2007	12	1214
2008	1	1031
2008	2	1085
2008	3	1204
2008	4	1889
2008	5	9427
2008	6	10804
2008	7	4000
2008	8	1530
2008	9	1757
2008	10	1659
2008	11	2281
2008	12	1612
2009	1	1905
2009	2	1562
2009	3	2031
2009	4	5738
2009	5	10697
2009	6	8677
2009	7	3220
2009	8	1982
2009	9	1281
2009	10	1588
2009	11	1568
2009	12	1063
2010	1	1199
2010	2	1153
2010	3	1415
2010	4	2404
2010	5	4007
2010	6	8164
2010	7	3199
2010	8	1701
2010	9	1690
2010	10	1523
2010	11	1412
2010	12	1483
2011	1	1955
2011	2	1727
2011	3	1951
2011	4	4431
2011	5	13049
2011	6	20153
2011	7	8996
2011	8	2600
2011	9	1814
2011	10	1980
2011	11	1881
2011	12	1602
2012	1	1563
2012	2	1596
2012	3	2499
2012	4	7655
2012	5	8734
2012	6	7669
2012	7	2685
2012	8	1393
2012	9	1158
2012	10	1419
2012	11	1653
2012	12	1670
2013	1	1317
2013	2	1394
2013	3	1640
2013	4	2991
2013	5	7119
2013	6	5053
2013	7	1816
2013	8	1007
2013	9	985
2013	10	1346
2013	11	1272
2013	12	1022
2014	1	1089
2014	2	1055
2014	3	2494
2014	4	4649
2014	5	11968
2014	6	9088
2014	7	3489
2014	8	1767
2014	9	1498
2014	10	1541
2014	11	1074
2014	12	1534
2015	1	934
2015	2	2764
2015	3	3732
2015	4	4399
2015	5	5059
2015	6	3740
2015	7	1458
2015	8	950
2015	9	1025
