1940	1	86
1940	2	127
1940	3	540
1940	4	3230
1940	5	6180
1940	6	2962
1940	7	409
1940	8	173
1940	9	98
1940	10	173
1940	11	186
1940	12	150
1941	1	156
1941	2	140
1941	3	969
1941	4	3746
1941	5	5033
1941	6	3537
1941	7	1766
1941	8	479
1941	9	1940
1941	10	2084
1941	11	1280
1941	12	1160
1942	1	640
1942	2	522
1942	3	431
1942	4	3462
1942	5	7061
1942	6	5978
1942	7	2188
1942	8	803
1942	9	314
1942	10	219
1942	11	192
1942	12	154
1943	1	157
1943	2	160
1943	3	169
1943	4	2194
1943	5	3766
1943	6	4644
1943	7	1414
1943	8	306
1943	9	136
1943	10	172
1943	11	184
1943	12	97
1944	1	81
1944	2	90
1944	3	149
1944	4	1119
1944	5	4862
1944	6	4093
1944	7	799
1944	8	443
1944	9	429
1944	10	724
1944	11	791
1944	12	297
1945	1	324
1945	2	288
1945	3	340
1945	4	1295
1945	5	8958
1945	6	6188
1945	7	961
1945	8	220
1945	9	145
1945	10	167
1945	11	264
1945	12	198
1946	1	174
1946	2	177
1946	3	316
1946	4	3501
1946	5	9459
1946	6	5165
1946	7	1388
1946	8	269
1946	9	179
1946	10	171
1946	11	157
1946	12	162
1947	1	148
1947	2	147
1947	3	283
1947	4	1972
1947	5	4991
1947	6	2663
1947	7	785
1947	8	307
1947	9	201
1947	10	529
1947	11	588
1947	12	372
1948	1	251
1948	2	196
1948	3	212
1948	4	1477
1948	5	10060
1948	6	8219
1948	7	1523
1948	8	1987
1948	9	746
1948	10	609
1948	11	392
1948	12	243
1949	1	205
1949	2	189
1949	3	302
1949	4	3045
1949	5	7856
1949	6	2330
1949	7	596
1949	8	352
1949	9	208
1949	10	208
1949	11	276
1949	12	228
1950	1	154
1950	2	179
1950	3	220
1950	4	801
1950	5	5270
1950	6	7793
1950	7	1492
1950	8	377
1950	9	159
1950	10	382
1950	11	387
1950	12	435
1951	1	333
1951	2	375
1951	3	451
1951	4	3623
1951	5	9093
1951	6	4049
1951	7	1295
1951	8	285
1951	9	290
1951	10	854
1951	11	493
1951	12	329
1952	1	275
1952	2	263
1952	3	310
1952	4	5107
1952	5	9675
1952	6	4451
1952	7	1489
1952	8	310
1952	9	159
1952	10	116
1952	11	109
1952	12	101
1953	1	118
1953	2	124
1953	3	159
1953	4	703
1953	5	5674
1953	6	6244
1953	7	2214
1953	8	591
1953	9	421
1953	10	440
1953	11	517
1953	12	301
1954	1	222
1954	2	266
1954	3	270
1954	4	781
1954	5	7789
1954	6	6168
1954	7	3364
1954	8	938
1954	9	1181
1954	10	767
1954	11	971
1954	12	784
1955	1	480
1955	2	367
1955	3	290
1955	4	763
1955	5	4435
1955	6	8273
1955	7	2809
1955	8	635
1955	9	248
1955	10	506
1955	11	449
1955	12	298
1956	1	253
1956	2	178
1956	3	282
1956	4	4032
1956	5	9455
1956	6	5909
1956	7	1407
1956	8	323
1956	9	220
1956	10	329
1956	11	271
1956	12	207
1957	1	154
1957	2	173
1957	3	237
1957	4	1008
1957	5	10435
1957	6	3150
1957	7	825
1957	8	627
1957	9	246
1957	10	251
1957	11	282
1957	12	201
1958	1	186
1958	2	322
1958	3	661
1958	4	2411
1958	5	8739
1958	6	3613
1958	7	973
1958	8	213
1958	9	202
1958	10	490
1958	11	344
1958	12	285
1959	1	269
1959	2	244
1959	3	309
1959	4	2663
1959	5	8280
1959	6	7790
1959	7	1943
1959	8	342
1959	9	967
1959	10	1352
1959	11	896
1959	12	438
1960	1	306
1960	2	272
1960	3	502
1960	4	2633
1960	5	5463
1960	6	5618
1960	7	1091
1960	8	252
1960	9	237
1960	10	202
1960	11	199
1960	12	135
1961	1	132
1961	2	195
1961	3	314
1961	4	2061
1961	5	8924
1961	6	5867
1961	7	730
1961	8	234
1961	9	149
1961	10	223
1961	11	161
1961	12	142
1962	1	133
1962	2	178
1962	3	181
1962	4	2658
1962	5	5250
1962	6	5004
1962	7	1194
1962	8	478
1962	9	291
1962	10	480
1962	11	432
1962	12	323
1963	1	208
1963	2	247
1963	3	269
1963	4	1585
1963	5	5565
1963	6	3439
1963	7	1383
1963	8	392
1963	9	217
1963	10	200
1963	11	209
1963	12	192
1964	1	165
1964	2	165
1964	3	184
1964	4	973
1964	5	5366
1964	6	8327
1964	7	1973
1964	8	1015
1964	9	1485
1964	10	878
1964	11	480
1964	12	324
1965	1	311
1965	2	276
1965	3	394
1965	4	3499
1965	5	6824
1965	6	5246
1965	7	887
1965	8	486
1965	9	500
1965	10	357
1965	11	297
1965	12	186
1966	1	176
1966	2	176
1966	3	192
1966	4	1204
1966	5	4467
1966	6	4016
1966	7	1406
1966	8	327
1966	9	146
1966	10	183
1966	11	209
1966	12	225
1967	1	202
1967	2	225
1967	3	302
1967	4	1226
1967	5	6738
1967	6	8012
1967	7	1062
1967	8	172
1967	9	87
1967	10	156
1967	11	229
1967	12	154
1968	1	174
1968	2	253
1968	3	709
1968	4	1174
1968	5	6630
1968	6	6709
1968	7	1393
1968	8	484
1968	9	614
1968	10	518
1968	11	493
1968	12	282
1969	1	236
1969	2	201
1969	3	283
1969	4	3824
1969	5	9757
1969	6	3757
1969	7	1182
1969	8	222
1969	9	169
1969	10	370
1969	11	473
1969	12	286
1970	1	199
1970	2	222
1970	3	252
1970	4	583
1970	5	4500
1970	6	3691
1970	7	479
1970	8	133
1970	9	96
1970	10	127
1970	11	117
1970	12	109
1971	1	96
1971	2	220
1971	3	192
1971	4	1567
1971	5	8939
1971	6	7018
1971	7	2280
1971	8	323
1971	9	191
1971	10	182
1971	11	173
1971	12	130
1972	1	121
1972	2	133
1972	3	465
1972	4	1700
1972	5	9191
1972	6	7542
1972	7	2218
1972	8	446
1972	9	263
1972	10	308
1972	11	254
1972	12	120
1973	1	134
1973	2	143
1973	3	233
1973	4	696
1973	5	4779
1973	6	2913
1973	7	555
1973	8	104
1973	9	101
1973	10	333
1973	11	402
1973	12	363
1974	1	329
1974	2	402
1974	3	497
1974	4	4214
1974	5	8276
1974	6	9923
1974	7	2263
1974	8	416
1974	9	168
1974	10	135
1974	11	143
1974	12	129
1975	1	119
1975	2	118
1975	3	176
1975	4	726
1975	5	6482
1975	6	7108
1975	7	1541
1975	8	363
1975	9	310
1975	10	203
1975	11	253
1975	12	248
1976	1	214
1976	2	196
1976	3	224
1976	4	1570
1976	5	8697
1976	6	6275
1976	7	2401
1976	8	1740
1976	9	1252
1976	10	552
1976	11	331
1976	12	221
1977	1	154
1977	2	187
1977	3	219
1977	4	1672
1977	5	4903
1977	6	3486
1977	7	555
1977	8	160
1977	9	165
1977	10	166
1977	11	147
1977	12	138
1978	1	123
1978	2	147
1978	3	374
1978	4	3149
1978	5	6531
1978	6	5582
1978	7	1571
1978	8	406
1978	9	1248
1978	10	735
1978	11	429
1978	12	247
1979	1	176
1979	2	203
1979	3	313
1979	4	1010
1979	5	6699
1979	6	2933
1979	7	720
1979	8	166
1979	9	179
1979	10	147
1979	11	147
1979	12	133
1980	1	103
1980	2	134
1980	3	291
1980	4	3428
1980	5	7025
1980	6	3540
1980	7	1281
1980	8	392
1980	9	367
1980	10	284
1980	11	306
1980	12	278
1981	1	411
1981	2	401
1981	3	656
1981	4	1842
1981	5	7636
1981	6	6167
1981	7	3298
1981	8	1071
1981	9	482
1981	10	896
1981	11	1010
1981	12	492
1982	1	357
1982	2	401
1982	3	592
1982	4	1576
1982	5	7798
1982	6	6730
1982	7	4380
1982	8	908
1982	9	610
1982	10	660
1982	11	457
1982	12	365
1983	1	354
1983	2	438
1983	3	1811
1983	4	4810
1983	5	9676
1983	6	6037
1983	7	2402
1983	8	882
1983	9	733
1983	10	444
1983	11	882
1983	12	431
1984	1	452
1984	2	417
1984	3	945
1984	4	3550
1984	5	5974
1984	6	8702
1984	7	2688
1984	8	562
1984	9	437
1984	10	366
1984	11	345
1984	12	214
1985	1	194
1985	2	164
1985	3	200
1985	4	1717
1985	5	6419
1985	6	3472
1985	7	392
1985	8	150
1985	9	460
1985	10	593
1985	11	578
1985	12	349
1986	1	273
1986	2	243
1986	3	871
1986	4	3347
1986	5	6897
1986	6	4702
1986	7	1628
1986	8	355
1986	9	250
1986	10	474
1986	11	385
1986	12	253
1987	1	202
1987	2	196
1987	3	773
1987	4	2445
1987	5	4910
1987	6	1338
1987	7	426
1987	8	189
1987	9	87
1987	10	90
1987	11	116
1987	12	112
1988	1	94
1988	2	106
1988	3	168
1988	4	2517
1988	5	4916
1988	6	2933
1988	7	878
1988	8	183
1988	9	121
1988	10	404
1988	11	442
1988	12	236
1989	1	204
1989	2	128
1989	3	267
1989	4	2100
1989	5	5221
1989	6	3483
1989	7	741
1989	8	277
1989	9	273
1989	10	197
1989	11	501
1989	12	346
1990	1	246
1990	2	207
1990	3	328
1990	4	3484
1990	5	5782
1990	6	9425
1990	7	2415
1990	8	521
1990	9	297
1990	10	254
1990	11	556
1990	12	326
1991	1	269
1991	2	401
1991	3	433
1991	4	3073
1991	5	7329
1991	6	5556
1991	7	1939
1991	8	433
1991	9	195
1991	10	130
1991	11	156
1991	12	137
1992	1	134
1992	2	210
1992	3	954
1992	4	2746
1992	5	4292
1992	6	1720
1992	7	1486
1992	8	438
1992	9	218
1992	10	243
1992	11	264
1992	12	157
1993	1	175
1993	2	167
1993	3	275
1993	4	2769
1993	5	8030
1993	6	3125
1993	7	2680
1993	8	1103
1993	9	446
1993	10	457
1993	11	315
1993	12	293
1994	1	283
1994	2	236
1994	3	630
1994	4	5488
1994	5	5838
1994	6	3436
1994	7	835
1994	8	209
1994	9	185
1994	10	158
1994	11	170
1994	12	179
1995	1	156
1995	2	292
1995	3	1044
1995	4	3227
1995	5	7135
1995	6	4412
1995	7	809
1995	8	418
1995	9	181
1995	10	412
1995	11	593
1995	12	743
1996	1	428
1996	2	419
1996	3	1050
1996	4	4952
1996	5	6908
1996	6	7332
1996	7	2078
1996	8	470
1996	9	442
1996	10	451
1996	11	496
1996	12	363
1997	1	397
1997	2	359
1997	3	696
1997	4	4169
1997	5	10136
1997	6	8115
1997	7	3715
1997	8	798
1997	9	715
1997	10	1114
1997	11	823
1997	12	424
1998	1	339
1998	2	408
1998	3	1090
1998	4	4363
1998	5	7837
1998	6	3132
1998	7	1235
1998	8	287
1998	9	144
1998	10	210
1998	11	292
1998	12	274
1999	1	269
1999	2	259
1999	3	817
1999	4	3672
1999	5	7015
1999	6	7167
1999	7	3034
1999	8	894
1999	9	439
1999	10	361
1999	11	930
1999	12	607
2000	1	371
2000	2	372
2000	3	503
2000	4	4501
2000	5	6401
2000	6	5781
2000	7	1651
2000	8	279
2000	9	274
2000	10	259
2000	11	214
2000	12	134
2001	1	138
2001	2	116
2001	3	178
2001	4	819
2001	5	4470
2001	6	3062
2001	7	864
2001	8	313
2001	9	118
2001	10	160
2001	11	379
2001	12	251
2002	1	315
2002	2	273
2002	3	262
2002	4	2394
2002	5	5883
2002	6	5613
2002	7	1022
2002	8	181
2002	9	108
2002	10	110
2002	11	117
2002	12	157
2003	1	140
2003	2	153
2003	3	365
2003	4	2789
2003	5	5414
2003	6	4566
2003	7	553
2003	8	97
2003	9	79
2003	10	211
2003	11	224
2003	12	154
2004	1	131
2004	2	139
2004	3	307
2004	4	3813
2004	5	6025
2004	6	4185
2004	7	1073
2004	8	331
2004	9	934
2004	10	663
2004	11	771
2004	12	712
2005	1	681
2005	2	994
2005	3	1445
2005	4	4092
2005	5	6984
2005	6	3732
2005	7	1255
2005	8	253
2005	9	141
2005	10	311
2005	11	287
2005	12	175
2006	1	284
2006	2	217
2006	3	305
2006	4	3931
2006	5	9201
2006	6	5934
2006	7	932
2006	8	183
2006	9	115
2006	10	143
2006	11	208
2006	12	154
2007	1	135
2007	2	160
2007	3	618
2007	4	2941
2007	5	5418
2007	6	3165
2007	7	987
2007	8	148
2007	9	84
2007	10	243
2007	11	218
2007	12	178
2008	1	141
2008	2	145
2008	3	196
2008	4	465
2008	5	7050
2008	6	4924
2008	7	856
2008	8	196
2008	9	138
2008	10	154
2008	11	283
2008	12	183
2009	1	157
2009	2	137
2009	3	185
2009	4	1027
2009	5	5098
2009	6	4323
2009	7	743
2009	8	196
2009	9	99
2009	10	139
2009	11	172
2009	12	91
2010	1	130
2010	2	163
2010	3	296
2010	4	2058
2010	5	4931
2010	6	6029
2010	7	1283
2010	8	218
2010	9	211
2010	10	239
2010	11	354
2010	12	250
2011	1	200
2011	2	184
2011	3	278
2011	4	885
2011	5	9307
2011	6	9010
2011	7	2500
2011	8	537
2011	9	155
2011	10	189
2011	11	143
2011	12	111
2012	1	115
2012	2	119
2012	3	184
2012	4	2793
2012	5	7252
2012	6	8347
2012	7	3728
2012	8	475
2012	9	175
2012	10	169
2012	11	505
2012	12	416
2013	1	301
2013	2	332
2013	3	663
2013	4	4517
2013	5	8797
2013	6	5622
2013	7	1438
2013	8	290
2013	9	232
2013	10	432
2013	11	289
2013	12	185
2014	1	195
2014	2	155
2014	3	315
2014	4	2040
2014	5	8070
2014	6	4963
2014	7	1114
2014	8	285
2014	9	240
2014	10	321
2014	11	680
2014	12	608
2015	1	482
2015	2	1488
2015	3	2736
2015	4	3581
2015	5	4715
2015	6	2435
2015	7	344
2015	8	117
2015	9	105
