1940	1	139
1940	2	127
1940	3	224
1940	4	416
1940	5	725
1940	6	366
1940	7	107
1940	8	53
1940	9	41
1940	10	61
1940	11	58
1940	12	112
1941	1	75
1941	2	70
1941	3	180
1941	4	348
1941	5	429
1941	6	262
1941	7	71
1941	8	41
1941	9	49
1941	10	62
1941	11	118
1941	12	266
1942	1	83
1942	2	55
1942	3	69
1942	4	341
1942	5	424
1942	6	425
1942	7	163
1942	8	57
1942	9	37
1942	10	31
1942	11	132
1942	12	127
1943	1	72
1943	2	79
1943	3	134
1943	4	594
1943	5	563
1943	6	697
1943	7	428
1943	8	97
1943	9	50
1943	10	53
1943	11	65
1943	12	107
1944	1	54
1944	2	67
1944	3	110
1944	4	195
1944	5	378
1944	6	319
1944	7	86
1944	8	42
1944	9	35
1944	10	31
1944	11	46
1944	12	52
1945	1	133
1945	2	173
1945	3	88
1945	4	162
1945	5	674
1945	6	497
1945	7	171
1945	8	59
1945	9	53
1945	10	43
1945	11	78
1945	12	79
1946	1	98
1946	2	66
1946	3	91
1946	4	345
1946	5	984
1946	6	755
1946	7	442
1946	8	109
1946	9	60
1946	10	72
1946	11	119
1946	12	285
1947	1	120
1947	2	202
1947	3	246
1947	4	403
1947	5	692
1947	6	405
1947	7	166
1947	8	69
1947	9	56
1947	10	247
1947	11	246
1947	12	161
1948	1	126
1948	2	104
1948	3	94
1948	4	196
1948	5	803
1948	6	1013
1948	7	274
1948	8	90
1948	9	59
1948	10	75
1948	11	74
1948	12	72
1949	1	53
1949	2	57
1949	3	100
1949	4	409
1949	5	1028
1949	6	723
1949	7	353
1949	8	105
1949	9	63
1949	10	67
1949	11	270
1949	12	177
1950	1	80
1950	2	98
1950	3	185
1950	4	211
1950	5	687
1950	6	1060
1950	7	599
1950	8	145
1950	9	70
1950	10	141
1950	11	271
1950	12	381
1951	1	162
1951	2	295
1951	3	138
1951	4	428
1951	5	821
1951	6	724
1951	7	278
1951	8	81
1951	9	55
1951	10	106
1951	11	102
1951	12	119
1952	1	68
1952	2	97
1952	3	92
1952	4	409
1952	5	638
1952	6	480
1952	7	239
1952	8	74
1952	9	47
1952	10	33
1952	11	32
1952	12	33
1953	1	196
1953	2	206
1953	3	116
1953	4	227
1953	5	607
1953	6	587
1953	7	460
1953	8	111
1953	9	52
1953	10	70
1953	11	96
1953	12	223
1954	1	132
1954	2	100
1954	3	129
1954	4	298
1954	5	838
1954	6	719
1954	7	648
1954	8	214
1954	9	96
1954	10	98
1954	11	194
1954	12	113
1955	1	80
1955	2	75
1955	3	62
1955	4	103
1955	5	406
1955	6	885
1955	7	374
1955	8	113
1955	9	66
1955	10	166
1955	11	325
1955	12	229
1956	1	115
1956	2	72
1956	3	84
1956	4	450
1956	5	1172
1956	6	1016
1956	7	624
1956	8	150
1956	9	75
1956	10	84
1956	11	104
1956	12	205
1957	1	73
1957	2	87
1957	3	131
1957	4	270
1957	5	861
1957	6	497
1957	7	145
1957	8	64
1957	9	40
1957	10	53
1957	11	69
1957	12	75
1958	1	99
1958	2	153
1958	3	156
1958	4	243
1958	5	1021
1958	6	589
1958	7	146
1958	8	57
1958	9	42
1958	10	59
1958	11	228
1958	12	363
1959	1	276
1959	2	142
1959	3	99
1959	4	324
1959	5	560
1959	6	764
1959	7	341
1959	8	84
1959	9	86
1959	10	140
1959	11	228
1959	12	235
1960	1	106
1960	2	163
1960	3	170
1960	4	347
1960	5	487
1960	6	622
1960	7	226
1960	8	73
1960	9	52
1960	10	53
1960	11	137
1960	12	90
1961	1	150
1961	2	235
1961	3	177
1961	4	341
1961	5	702
1961	6	1029
1961	7	302
1961	8	83
1961	9	58
1961	10	58
1961	11	63
1961	12	86
1962	1	204
1962	2	138
1962	3	84
1962	4	387
1962	5	367
1962	6	575
1962	7	267
1962	8	83
1962	9	51
1962	10	107
1962	11	238
1962	12	274
1963	1	147
1963	2	353
1963	3	162
1963	4	204
1963	5	481
1963	6	425
1963	7	157
1963	8	68
1963	9	43
1963	10	49
1963	11	87
1963	12	99
1964	1	142
1964	2	89
1964	3	69
1964	4	145
1964	5	459
1964	6	900
1964	7	474
1964	8	134
1964	9	58
1964	10	56
1964	11	82
1964	12	229
1965	1	163
1965	2	232
1965	3	184
1965	4	438
1965	5	597
1965	6	621
1965	7	215
1965	8	72
1965	9	54
1965	10	49
1965	11	82
1965	12	78
1966	1	57
1966	2	44
1966	3	74
1966	4	311
1966	5	683
1966	6	496
1966	7	252
1966	8	72
1966	9	45
1966	10	48
1966	11	72
1966	12	256
1967	1	129
1967	2	135
1967	3	102
1967	4	129
1967	5	610
1967	6	915
1967	7	321
1967	8	88
1967	9	49
1967	10	110
1967	11	150
1967	12	177
1968	1	294
1968	2	364
1968	3	313
1968	4	174
1968	5	482
1968	6	629
1968	7	169
1968	8	91
1968	9	81
1968	10	92
1968	11	264
1968	12	128
1969	1	136
1969	2	69
1969	3	85
1969	4	283
1969	5	946
1969	6	762
1969	7	161
1969	8	64
1969	9	59
1969	10	69
1969	11	98
1969	12	70
1970	1	82
1970	2	84
1970	3	124
1970	4	159
1970	5	686
1970	6	916
1970	7	228
1970	8	72
1970	9	54
1970	10	51
1970	11	84
1970	12	125
1971	1	162
1971	2	274
1971	3	113
1971	4	155
1971	5	841
1971	6	871
1971	7	665
1971	8	199
1971	9	95
1971	10	71
1971	11	89
1971	12	73
1972	1	85
1972	2	157
1972	3	500
1972	4	297
1972	5	916
1972	6	1052
1972	7	527
1972	8	177
1972	9	98
1972	10	67
1972	11	81
1972	12	348
1973	1	165
1973	2	86
1973	3	84
1973	4	187
1973	5	438
1973	6	330
1973	7	114
1973	8	46
1973	9	46
1973	10	64
1973	11	171
1973	12	177
1974	1	463
1974	2	146
1974	3	158
1974	4	305
1974	5	658
1974	6	1312
1974	7	716
1974	8	265
1974	9	94
1974	10	59
1974	11	92
1974	12	136
1975	1	162
1975	2	111
1975	3	129
1975	4	135
1975	5	624
1975	6	970
1975	7	538
1975	8	127
1975	9	68
1975	10	83
1975	11	201
1975	12	532
1976	1	285
1976	2	164
1976	3	102
1976	4	212
1976	5	677
1976	6	530
1976	7	482
1976	8	193
1976	9	81
1976	10	54
1976	11	61
1976	12	46
1977	1	50
1977	2	48
1977	3	46
1977	4	171
1977	5	202
1977	6	281
1977	7	67
1977	8	44
1977	9	56
1977	10	52
1977	11	174
1977	12	477
1978	1	106
1978	2	90
1978	3	218
1978	4	310
1978	5	478
1978	6	604
1978	7	257
1978	8	86
1978	9	99
1978	10	63
1978	11	65
1978	12	55
1979	1	31
1979	2	105
1979	3	153
1979	4	163
1979	5	587
1979	6	341
1979	7	122
1979	8	58
1979	9	59
1979	10	60
1979	11	67
1979	12	253
1980	1	90
1980	2	137
1980	3	202
1980	4	441
1980	5	760
1980	6	534
1980	7	151
1980	8	62
1980	9	48
1980	10	37
1980	11	174
1980	12	501
1981	1	259
1981	2	287
1981	3	169
1981	4	197
1981	5	359
1981	6	290
1981	7	106
1981	8	46
1981	9	37
1981	10	78
1981	11	94
1981	12	119
1982	1	91
1982	2	387
1982	3	182
1982	4	195
1982	5	685
1982	6	935
1982	7	336
1982	8	97
1982	9	63
1982	10	85
1982	11	95
1982	12	167
1983	1	201
1983	2	131
1983	3	283
1983	4	282
1983	5	857
1983	6	856
1983	7	395
1983	8	130
1983	9	74
1983	10	52
1983	11	182
1983	12	71
1984	1	282
1984	2	172
1984	3	193
1984	4	196
1984	5	422
1984	6	724
1984	7	382
1984	8	98
1984	9	57
1984	10	58
1984	11	65
1984	12	48
1985	1	36
1985	2	37
1985	3	64
1985	4	281
1985	5	528
1985	6	536
1985	7	117
1985	8	51
1985	9	40
1985	10	78
1985	11	92
1985	12	45
1986	1	102
1986	2	174
1986	3	347
1986	4	317
1986	5	490
1986	6	461
1986	7	107
1986	8	49
1986	9	42
1986	10	44
1986	11	183
1986	12	105
1987	1	74
1987	2	106
1987	3	272
1987	4	399
1987	5	773
1987	6	371
1987	7	110
1987	8	50
1987	9	34
1987	10	28
1987	11	32
1987	12	83
1988	1	69
1988	2	79
1988	3	150
1988	4	427
1988	5	509
1988	6	423
1988	7	176
1988	8	60
1988	9	41
1988	10	42
1988	11	120
1988	12	112
1989	1	81
1989	2	62
1989	3	98
1989	4	390
1989	5	496
1989	6	507
1989	7	151
1989	8	59
1989	9	39
1989	10	37
1989	11	73
1989	12	169
1990	1	217
1990	2	99
1990	3	136
1990	4	571
1990	5	392
1990	6	525
1990	7	222
1990	8	79
1990	9	49
1990	10	73
1990	11	263
1990	12	159
1991	1	141
1991	2	418
1991	3	166
1991	4	298
1991	5	424
1991	6	441
1991	7	286
1991	8	90
1991	9	54
1991	10	37
1991	11	89
1991	12	113
1992	1	108
1992	2	203
1992	3	265
1992	4	342
1992	5	447
1992	6	188
1992	7	73
1992	8	41
1992	9	36
1992	10	34
1992	11	55
1992	12	39
1993	1	40
1993	2	44
1993	3	117
1993	4	204
1993	5	680
1993	6	349
1993	7	121
1993	8	56
1993	9	36
1993	10	34
1993	11	30
1993	12	45
1994	1	59
1994	2	45
1994	3	139
1994	4	389
1994	5	519
1994	6	281
1994	7	107
1994	8	43
1994	9	34
1994	10	54
1994	11	78
1994	12	246
1995	1	155
1995	2	552
1995	3	322
1995	4	262
1995	5	745
1995	6	590
1995	7	256
1995	8	96
1995	9	48
1995	10	93
1995	11	406
1995	12	407
1996	1	290
1996	2	717
1996	3	238
1996	4	486
1996	5	459
1996	6	490
1996	7	208
1996	8	76
1996	9	54
1996	10	60
1996	11	92
1996	12	102
1997	1	218
1997	2	154
1997	3	244
1997	4	428
1997	5	1067
1997	6	1026
1997	7	486
1997	8	132
1997	9	103
1997	10	217
1997	11	188
1997	12	119
1998	1	119
1998	2	98
1998	3	162
1998	4	270
1998	5	829
1998	6	623
1998	7	212
1998	8	72
1998	9	44
1998	10	44
1998	11	133
1998	12	189
1999	1	223
1999	2	113
1999	3	130
1999	4	244
1999	5	601
1999	6	1152
1999	7	852
1999	8	342
1999	9	99
1999	10	75
1999	11	328
1999	12	258
2000	1	117
2000	2	95
2000	3	97
2000	4	405
2000	5	491
2000	6	582
2000	7	216
2000	8	76
2000	9	60
2000	10	70
2000	11	50
2000	12	39
2001	1	41
2001	2	38
2001	3	78
2001	4	145
2001	5	406
2001	6	239
2001	7	97
2001	8	51
2001	9	35
2001	10	37
2001	11	191
2001	12	147
2002	1	321
2002	2	134
2002	3	142
2002	4	388
2002	5	607
2002	6	860
2002	7	311
2002	8	96
2002	9	62
2002	10	43
2002	11	54
2002	12	65
2003	1	184
2003	2	257
2003	3	246
2003	4	320
2003	5	510
2003	6	617
2003	7	156
2003	8	56
2003	9	40
2003	10	88
2003	11	117
2003	12	115
2004	1	83
2004	2	111
2004	3	181
2004	4	392
2004	5	564
2004	6	397
2004	7	122
2004	8	68
2004	9	67
2004	10	72
2004	11	84
2004	12	154
2005	1	262
2005	2	119
2005	3	94
2005	4	248
2005	5	374
2005	6	159
2005	7	76
2005	8	39
2005	9	32
2005	10	41
2005	11	71
2005	12	180
2006	1	277
2006	2	155
2006	3	104
2006	4	261
2006	5	910
2006	6	816
2006	7	255
2006	8	83
2006	9	52
2006	10	43
2006	11	425
2006	12	149
2007	1	141
2007	2	145
2007	3	471
2007	4	338
2007	5	589
2007	6	469
2007	7	146
2007	8	59
2007	9	36
2007	10	61
2007	11	86
2007	12	305
2008	1	77
2008	2	67
2008	3	99
2008	4	145
2008	5	835
2008	6	613
2008	7	308
2008	8	81
2008	9	49
2008	10	53
2008	11	162
2008	12	72
2009	1	232
2009	2	100
2009	3	80
2009	4	231
2009	5	627
2009	6	607
2009	7	162
2009	8	67
2009	9	48
2009	10	49
2009	11	142
2009	12	119
2010	1	141
2010	2	109
2010	3	130
2010	4	239
2010	5	459
2010	6	749
2010	7	351
2010	8	97
2010	9	70
2010	10	68
2010	11	176
2010	12	158
2011	1	318
2011	2	205
2011	3	136
2011	4	244
2011	5	621
2011	6	952
2011	7	630
2011	8	209
2011	9	87
2011	10	97
2011	11	112
2011	12	83
2012	1	58
2012	2	144
2012	3	144
2012	4	454
2012	5	733
2012	6	705
2012	7	467
2012	8	105
2012	9	52
2012	10	79
2012	11	198
2012	12	180
2013	1	85
2013	2	79
2013	3	124
2013	4	363
2013	5	618
2013	6	444
2013	7	168
2013	8	63
2013	9	81
2013	10	143
2013	11	146
2013	12	87
2014	1	92
2014	2	77
2014	3	341
2014	4	347
2014	5	670
2014	6	465
2014	7	189
2014	8	73
2014	9	46
2014	10	125
2014	11	270
2014	12	377
2015	1	364
2015	2	506
2015	3	281
2015	4	183
2015	5	209
2015	6	93
2015	7	45
2015	8	34
2015	9	34
