1940	1	8
1940	2	8
1940	3	8
1940	4	8
1940	5	5
1940	6	7
1940	7	205
1940	8	280
1940	9	15
1940	10	2
1940	11	4
1940	12	4
1941	1	4
1941	2	5
1941	3	5
1941	4	5
1941	5	6
1941	6	11
1941	7	170
1941	8	106
1941	9	19
1941	10	4
1941	11	4
1941	12	5
1942	1	5
1942	2	6
1942	3	7
1942	4	11
1942	5	10
1942	6	11
1942	7	99
1942	8	280
1942	9	46
1942	10	4
1942	11	6
1942	12	6
1943	1	7
1943	2	7
1943	3	8
1943	4	11
1943	5	10
1943	6	10
1943	7	56
1943	8	99
1943	9	31
1943	10	25
1943	11	32
1943	12	34
1944	1	34
1944	2	35
1944	3	59
1944	4	90
1944	5	53
1944	6	91
1944	7	264
1944	8	203
1944	9	11
1944	10	2
1944	11	2
1944	12	2
1945	1	3
1945	2	3
1945	3	4
1945	4	5
1945	5	5
1945	6	23
1945	7	110
1945	8	232
1945	9	56
1945	10	30
1945	11	10
1945	12	12
1946	1	14
1946	2	15
1946	3	18
1946	4	23
1946	5	55
1946	6	87
1946	7	143
1946	8	184
1946	9	48
1946	10	7
1946	11	3
1946	12	4
1947	1	5
1947	2	6
1947	3	9
1947	4	40
1947	5	100
1947	6	266
1947	7	121
1947	8	283
1947	9	33
1947	10	3
1947	11	3
1947	12	4
1948	1	5
1948	2	7
1948	3	8
1948	4	15
1948	5	41
1948	6	143
1948	7	176
1948	8	220
1948	9	154
1948	10	9
1948	11	5
1948	12	6
1949	1	8
1949	2	10
1949	3	11
1949	4	13
1949	5	16
1949	6	58
1949	7	141
1949	8	229
1949	9	129
1949	10	33
1949	11	5
1949	12	6
1950	1	7
1950	2	8
1950	3	10
1950	4	12
1950	5	12
1950	6	19
1950	7	109
1950	8	140
1950	9	63
1950	10	14
1950	11	15
1950	12	18
1951	1	20
1951	2	30
1951	3	32
1951	4	38
1951	5	59
1951	6	98
1951	7	91
1951	8	106
1951	9	68
1951	10	67
1951	11	68
1951	12	65
1952	1	65
1952	2	65
1952	3	65
1952	4	66
1952	5	67
1952	6	128
1952	7	149
1952	8	194
1952	9	109
1952	10	19
1952	11	18
1952	12	17
1953	1	18
1953	2	20
1953	3	24
1953	4	26
1953	5	22
1953	6	75
1953	7	177
1953	8	107
1953	9	56
1953	10	12
1953	11	13
1953	12	13
1954	1	16
1954	2	19
1954	3	21
1954	4	21
1954	5	17
1954	6	75
1954	7	110
1954	8	85
1954	9	56
1954	10	16
1954	11	8
1954	12	8
1955	1	10
1955	2	12
1955	3	14
1955	4	19
1955	5	31
1955	6	112
1955	7	171
1955	8	265
1955	9	95
1955	10	12
1955	11	9
1955	12	9
1956	1	11
1956	2	13
1956	3	14
1956	4	15
1956	5	14
1956	6	21
1956	7	55
1956	8	114
1956	9	45
1956	10	11
1956	11	13
1956	12	16
1957	1	20
1957	2	24
1957	3	29
1957	4	35
1957	5	79
1957	6	190
1957	7	136
1957	8	125
1957	9	61
1957	10	9
1957	11	10
1957	12	14
1958	1	19
1958	2	20
1958	3	24
1958	4	33
1958	5	80
1958	6	152
1958	7	237
1958	8	270
1958	9	32
1958	10	12
1958	11	13
1958	12	15
1959	1	17
1959	2	19
1959	3	21
1959	4	22
1959	5	20
1959	6	27
1959	7	108
1959	8	174
1959	9	9
1959	10	4
1959	11	4
1959	12	3
1960	1	15
1960	2	70
1960	3	67
1960	4	56
1960	5	55
1960	6	65
1960	7	216
1960	8	243
1960	9	42
1960	10	6
1960	11	12
1960	12	15
1961	1	16
1961	2	17
1961	3	18
1961	4	19
1961	5	13
1961	6	19
1961	7	131
1961	8	192
1961	9	64
1961	10	1
1961	11	1
1961	12	1
1962	1	1
1962	2	1
1962	3	1
1962	4	1
1962	5	2
1962	6	11
1962	7	87
1962	8	119
1962	9	29
1962	10	6
1962	11	2
1962	12	2
1963	1	3
1963	2	5
1963	3	8
1963	4	31
1963	5	41
1963	6	155
1963	7	128
1963	8	159
1963	9	107
1963	10	24
1963	11	3
1963	12	2
1964	1	2
1964	2	2
1964	3	3
1964	4	10
1964	5	56
1964	6	201
1964	7	170
1964	8	181
1964	9	139
1964	10	46
1964	11	1
1964	12	1
1965	1	2
1965	2	3
1965	3	7
1965	4	69
1965	5	150
1965	6	120
1965	7	179
1965	8	166
1965	9	63
1965	10	19
1965	11	29
1965	12	25
1966	1	23
1966	2	27
1966	3	33
1966	4	52
1966	5	66
1966	6	199
1966	7	153
1966	8	71
1966	9	3
1966	10	1
1966	11	1
1966	12	1
1967	1	2
1967	2	2
1967	3	2
1967	4	3
1967	5	15
1967	6	190
1967	7	175
1967	8	89
1967	9	117
1967	10	64
1967	11	22
1967	12	23
1968	1	25
1968	2	31
1968	3	32
1968	4	33
1968	5	85
1968	6	148
1968	7	99
1968	8	165
1968	9	62
1968	10	51
1968	11	35
1968	12	22
1969	1	29
1969	2	37
1969	3	82
1969	4	170
1969	5	136
1969	6	108
1969	7	209
1969	8	192
1969	9	69
1969	10	16
1969	11	17
1969	12	17
1970	1	22
1970	2	24
1970	3	27
1970	4	73
1970	5	103
1970	6	196
1970	7	142
1970	8	182
1970	9	85
1970	10	18
1970	11	12
1970	12	17
1971	1	52
1971	2	80
1971	3	51
1971	4	53
1971	5	100
1971	6	190
1971	7	148
1971	8	101
1971	9	102
1971	10	97
1971	11	65
1971	12	65
1972	1	67
1972	2	67
1972	3	75
1972	4	58
1972	5	57
1972	6	183
1972	7	52
1972	8	83
1972	9	89
1972	10	64
1972	11	80
1972	12	74
1973	1	44
1973	2	47
1973	3	40
1973	4	27
1973	5	58
1973	6	114
1973	7	102
1973	8	180
1973	9	52
1973	10	11
1973	11	10
1973	12	11
1974	1	23
1974	2	38
1974	3	69
1974	4	113
1974	5	38
1974	6	148
1974	7	117
1974	8	67
1974	9	41
1974	10	18
1974	11	27
1974	12	47
1975	1	45
1975	2	50
1975	3	96
1975	4	91
1975	5	166
1975	6	58
1975	7	131
1975	8	126
1975	9	87
1975	10	21
1975	11	20
1975	12	34
1976	1	37
1976	2	39
1976	3	38
1976	4	60
1976	5	114
1976	6	95
1976	7	84
1976	8	85
1976	9	63
1976	10	49
1976	11	43
1976	12	25
1977	1	12
1977	2	12
1977	3	8
1977	4	12
1977	5	42
1977	6	99
1977	7	261
1977	8	172
1977	9	15
1977	10	0
1977	11	0
1977	12	1
1978	1	0
1978	2	0
1978	3	6
1978	4	11
1978	5	10
1978	6	33
1978	7	93
1978	8	56
1978	9	42
1978	10	46
1978	11	47
1978	12	46
1979	1	39
1979	2	44
1979	3	59
1979	4	86
1979	5	47
1979	6	19
1979	7	19
1979	8	58
1979	9	14
1979	10	8
1979	11	11
1979	12	12
1980	1	15
1980	2	19
1980	3	24
1980	4	43
1980	5	111
1980	6	129
1980	7	107
1980	8	92
1980	9	53
1980	10	17
1980	11	15
1980	12	19
1981	1	24
1981	2	29
1981	3	24
1981	4	35
1981	5	87
1981	6	144
1981	7	152
1981	8	78
1981	9	23
1981	10	14
1981	11	14
1981	12	11
1982	1	10
1982	2	13
1982	3	25
1982	4	59
1982	5	81
1982	6	119
1982	7	151
1982	8	63
1982	9	50
1982	10	50
1982	11	61
1982	12	60
1983	1	57
1983	2	54
1983	3	68
1983	4	86
1983	5	63
1983	6	199
1983	7	232
1983	8	101
1983	9	72
1983	10	78
1983	11	88
1983	12	101
1984	1	83
1984	2	62
1984	3	58
1984	4	59
1984	5	128
1984	6	238
1984	7	168
1984	8	135
1984	9	146
1984	10	51
1984	11	53
1984	12	63
1985	1	63
1985	2	62
1985	3	53
1985	4	56
1985	5	84
1985	6	92
1985	7	140
1985	8	44
1985	9	25
1985	10	19
1985	11	13
1985	12	15
1986	1	26
1986	2	38
1986	3	44
1986	4	74
1986	5	123
1986	6	207
1986	7	283
1986	8	138
1986	9	14
1986	10	5
1986	11	11
1986	12	16
1987	1	17
1987	2	15
1987	3	12
1987	4	11
1987	5	29
1987	6	57
1987	7	135
1987	8	44
1987	9	12
1987	10	12
1987	11	11
1987	12	11
1988	1	11
1988	2	4
1988	3	1
1988	4	1
1988	5	5
1988	6	60
1988	7	190
1988	8	93
1988	9	9
1988	10	0
1988	11	0
1988	12	0
1989	1	0
1989	2	0
1989	3	0
1989	4	1
1989	5	0
1989	6	4
1989	7	19
1989	8	14
1989	9	4
1989	10	2
1989	11	1
1989	12	1
1990	1	1
1990	2	2
1990	3	17
1990	4	60
1990	5	48
1990	6	65
1990	7	173
1990	8	30
1990	9	17
1990	10	4
1990	11	2
1990	12	1
1991	1	3
1991	2	4
1991	3	4
1991	4	4
1991	5	117
1991	6	101
1991	7	99
1991	8	50
1991	9	32
1991	10	12
1991	11	7
1991	12	8
1992	1	8
1992	2	10
1992	3	11
1992	4	10
1992	5	53
1992	6	235
1992	7	230
1992	8	226
1992	9	5
1992	10	2
1992	11	1
1992	12	2
1993	1	2
1993	2	2
1993	3	3
1993	4	4
1993	5	5
1993	6	13
1993	7	96
1993	8	100
1993	9	73
1993	10	41
1993	11	32
1993	12	35
1994	1	35
1994	2	21
1994	3	18
1994	4	45
1994	5	82
1994	6	85
1994	7	120
1994	8	102
1994	9	14
1994	10	5
1994	11	6
1994	12	4
1995	1	3
1995	2	3
1995	3	4
1995	4	74
1995	5	181
1995	6	112
1995	7	172
1995	8	69
1995	9	49
1995	10	61
1995	11	77
1995	12	66
1996	1	65
1996	2	64
1996	3	69
1996	4	80
1996	5	121
1996	6	166
1996	7	65
1996	8	74
1996	9	48
1996	10	41
1996	11	35
1996	12	35
1997	1	63
1997	2	120
1997	3	139
1997	4	131
1997	5	77
1997	6	125
1997	7	81
1997	8	62
1997	9	62
1997	10	49
1997	11	43
1997	12	39
1998	1	54
1998	2	63
1998	3	50
1998	4	49
1998	5	167
1998	6	159
1998	7	139
1998	8	86
1998	9	75
1998	10	39
1998	11	40
1998	12	39
1999	1	46
1999	2	82
1999	3	92
1999	4	100
1999	5	121
1999	6	205
1999	7	99
1999	8	66
1999	9	71
1999	10	33
1999	11	21
1999	12	23
2000	1	50
2000	2	52
2000	3	51
2000	4	56
2000	5	59
2000	6	95
2000	7	53
2000	8	30
2000	9	16
2000	10	10
2000	11	9
2000	12	11
2001	1	11
2001	2	10
2001	3	10
2001	4	16
2001	5	47
2001	6	204
2001	7	241
2001	8	177
2001	9	10
2001	10	0
2001	11	0
2001	12	0
2002	1	0
2002	2	0
2002	3	0
2002	4	0
2002	5	0
2002	6	7
2002	7	11
2002	8	23
2002	9	9
2002	10	4
2002	11	0
2002	12	0
2003	1	0
2003	2	0
2003	3	1
2003	4	1
2003	5	1
2003	6	10
2003	7	78
2003	8	133
2003	9	43
2003	10	0
2003	11	0
2003	12	0
2004	1	0
2004	2	0
2004	3	0
2004	4	0
2004	5	0
2004	6	94
2004	7	198
2004	8	128
2004	9	21
2004	10	7
2004	11	1
2004	12	0
2005	1	0
2005	2	0
2005	3	0
2005	4	0
2005	5	0
2005	6	5
2005	7	47
2005	8	58
2005	9	28
2005	10	23
2005	11	23
2005	12	23
2006	1	30
2006	2	48
2006	3	53
2006	4	100
2006	5	154
2006	6	158
2006	7	92
2006	8	28
2006	9	21
2006	10	19
2006	11	42
2006	12	55
2007	1	59
2007	2	60
2007	3	33
2007	4	12
2007	5	15
2007	6	11
2007	7	89
2007	8	56
2007	9	40
2007	10	25
2007	11	1
2007	12	0
2008	1	1
2008	2	1
2008	3	1
2008	4	1
2008	5	1
2008	6	103
2008	7	120
2008	8	40
2008	9	48
2008	10	23
2008	11	16
2008	12	14
2009	1	15
2009	2	22
2009	3	22
2009	4	29
2009	5	91
2009	6	126
2009	7	90
2009	8	49
2009	9	34
2009	10	9
2009	11	18
2009	12	19
2010	1	20
2010	2	20
2010	3	19
2010	4	22
2010	5	54
2010	6	134
2010	7	95
2010	8	39
2010	9	27
2010	10	14
2010	11	15
2010	12	13
2011	1	15
2011	2	18
2011	3	17
2011	4	48
2011	5	201
2011	6	212
2011	7	207
2011	8	92
2011	9	51
2011	10	39
2011	11	35
2011	12	33
2012	1	37
2012	2	42
2012	3	46
2012	4	105
2012	5	117
2012	6	123
2012	7	102
2012	8	35
2012	9	13
2012	10	8
2012	11	5
2012	12	6
2013	1	9
2013	2	27
2013	3	35
2013	4	64
2013	5	70
2013	6	103
2013	7	153
2013	8	134
2013	9	46
2013	10	3
2013	11	2
2013	12	2
2014	1	2
2014	2	2
2014	3	1
2014	4	3
2014	5	5
2014	6	51
2014	7	75
2014	8	54
2014	9	27
2014	10	22
2014	11	20
2014	12	19
2015	1	19
2015	2	19
2015	3	22
2015	4	50
2015	5	50
2015	6	71
2015	7	71
2015	8	65
2015	9	58
