1940	1	2156
1940	2	2579
1940	3	2708
1940	4	4295
1940	5	2606
1940	6	2736
1940	7	943
1940	8	1616
1940	9	1158
1940	10	1958
1940	11	2514
1940	12	2180
1941	1	1942
1941	2	2137
1941	3	2546
1941	4	3409
1941	5	4147
1941	6	2694
1941	7	754
1941	8	1313
1941	9	733
1941	10	1873
1941	11	2741
1941	12	3032
1942	1	1783
1942	2	1985
1942	3	2382
1942	4	7260
1942	5	7061
1942	6	5488
1942	7	1745
1942	8	571
1942	9	865
1942	10	1272
1942	11	3034
1942	12	2905
1943	1	2825
1943	2	3097
1943	3	3785
1943	4	14655
1943	5	12206
1943	6	19513
1943	7	10767
1943	8	802
1943	9	875
1943	10	3387
1943	11	5046
1943	12	3621
1944	1	2383
1944	2	3101
1944	3	3294
1944	4	4015
1944	5	4447
1944	6	12362
1944	7	2097
1944	8	592
1944	9	770
1944	10	1066
1944	11	2935
1944	12	2422
1945	1	2364
1945	2	2743
1945	3	2763
1945	4	3225
1945	5	8249
1945	6	11691
1945	7	5490
1945	8	1317
1945	9	2517
1945	10	3694
1945	11	4293
1945	12	3194
1946	1	3223
1946	2	3934
1946	3	5083
1946	4	13413
1946	5	10745
1946	6	12019
1946	7	1552
1946	8	957
1946	9	1543
1946	10	3569
1946	11	4160
1946	12	3754
1947	1	2037
1947	2	2877
1947	3	3326
1947	4	5000
1947	5	10583
1947	6	14010
1947	7	1985
1947	8	1446
1947	9	2260
1947	10	2861
1947	11	3882
1947	12	3398
1948	1	2809
1948	2	3021
1948	3	3167
1948	4	5657
1948	5	13584
1948	6	16637
1948	7	2502
1948	8	1086
1948	9	1319
1948	10	2626
1948	11	3181
1948	12	2576
1949	1	1813
1949	2	2102
1949	3	4054
1949	4	7236
1949	5	12777
1949	6	11357
1949	7	1521
1949	8	968
1949	9	956
1949	10	3567
1949	11	3886
1949	12	3030
1950	1	2264
1950	2	2996
1950	3	3878
1950	4	8730
1950	5	10741
1950	6	19263
1950	7	10166
1950	8	1750
1950	9	2946
1950	10	4479
1950	11	4977
1950	12	4649
1951	1	4005
1951	2	5597
1951	3	6641
1951	4	10668
1951	5	15758
1951	6	12372
1951	7	4485
1951	8	5280
1951	9	2598
1951	10	4544
1951	11	5291
1951	12	4189
1952	1	4139
1952	2	5202
1952	3	5979
1952	4	11818
1952	5	18370
1952	6	13921
1952	7	2919
1952	8	1479
1952	9	1179
1952	10	1521
1952	11	3292
1952	12	3544
1953	1	4320
1953	2	3697
1953	3	3391
1953	4	3880
1953	5	4622
1953	6	14041
1953	7	2561
1953	8	1152
1953	9	1090
1953	10	1907
1953	11	3488
1953	12	3255
1954	1	3132
1954	2	3158
1954	3	3126
1954	4	4787
1954	5	10826
1954	6	7048
1954	7	4773
1954	8	1316
1954	9	1445
1954	10	2630
1954	11	3561
1954	12	2854
1955	1	2470
1955	2	2382
1955	3	2934
1955	4	4037
1955	5	5520
1955	6	6714
1955	7	2149
1955	8	1217
1955	9	963
1955	10	1702
1955	11	3393
1955	12	4436
1956	1	4179
1956	2	2652
1956	3	4968
1956	4	12589
1956	5	16983
1956	6	18990
1956	7	3378
1956	8	1507
1956	9	1401
1956	10	2792
1956	11	3704
1956	12	3178
1957	1	2246
1957	2	3313
1957	3	5176
1957	4	6308
1957	5	16234
1957	6	6718
1957	7	1453
1957	8	1399
1957	9	1494
1957	10	2327
1957	11	3676
1957	12	3747
1958	1	3294
1958	2	3666
1958	3	3376
1958	4	4378
1958	5	9216
1958	6	4248
1958	7	1107
1958	8	1309
1958	9	1578
1958	10	1115
1958	11	3215
1958	12	3224
1959	1	2989
1959	2	3215
1959	3	3159
1959	4	2762
1959	5	1757
1959	6	2339
1959	7	2417
1959	8	2672
1959	9	4003
1959	10	2920
1959	11	3419
1959	12	3108
1960	1	2268
1960	2	2232
1960	3	2929
1960	4	3282
1960	5	1918
1960	6	2310
1960	7	1864
1960	8	4258
1960	9	2835
1960	10	1456
1960	11	2237
1960	12	2057
1961	1	2090
1961	2	2467
1961	3	2310
1961	4	2551
1961	5	1768
1961	6	1480
1961	7	1624
1961	8	1701
1961	9	2141
1961	10	1990
1961	11	2332
1961	12	2304
1962	1	1948
1962	2	3801
1962	3	2605
1962	4	6056
1962	5	10475
1962	6	5405
1962	7	1915
1962	8	1635
1962	9	1495
1962	10	1862
1962	11	2706
1962	12	3394
1963	1	1999
1963	2	3199
1963	3	2387
1963	4	2031
1963	5	8933
1963	6	15662
1963	7	797
1963	8	981
1963	9	1153
1963	10	746
1963	11	2574
1963	12	2502
1964	1	2038
1964	2	2131
1964	3	2684
1964	4	6714
1964	5	13915
1964	6	14815
1964	7	5199
1964	8	1545
1964	9	1252
1964	10	2025
1964	11	3365
1964	12	3951
1965	1	4494
1965	2	8162
1965	3	11767
1965	4	13183
1965	5	12142
1965	6	8855
1965	7	6844
1965	8	3194
1965	9	3278
1965	10	4096
1965	11	4874
1965	12	5775
1966	1	4414
1966	2	4562
1966	3	4105
1966	4	4838
1966	5	6156
1966	6	2260
1966	7	1461
1966	8	4803
1966	9	2786
1966	10	2037
1966	11	2501
1966	12	2718
1967	1	2543
1967	2	2508
1967	3	2443
1967	4	2330
1967	5	8100
1967	6	12186
1967	7	6531
1967	8	2080
1967	9	974
1967	10	2948
1967	11	3819
1967	12	3991
1968	1	3758
1968	2	2978
1968	3	3006
1968	4	4736
1968	5	7753
1968	6	10639
1968	7	1378
1968	8	4680
1968	9	1827
1968	10	2643
1968	11	3840
1968	12	4795
1969	1	5405
1969	2	5178
1969	3	6531
1969	4	15010
1969	5	8611
1969	6	5446
1969	7	2112
1969	8	1899
1969	9	1602
1969	10	2705
1969	11	2879
1969	12	2570
1970	1	2860
1970	2	3020
1970	3	2835
1970	4	5565
1970	5	15090
1970	6	13493
1970	7	5588
1970	8	1773
1970	9	3099
1970	10	3190
1970	11	4347
1970	12	4574
1971	1	4899
1971	2	6272
1971	3	9126
1971	4	19203
1971	5	21648
1971	6	16916
1971	7	11660
1971	8	3520
1971	9	6792
1971	10	9681
1971	11	6876
1971	12	5548
1972	1	5254
1972	2	6305
1972	3	11399
1972	4	18240
1972	5	14538
1972	6	15477
1972	7	3158
1972	8	3541
1972	9	5480
1972	10	6550
1972	11	5752
1972	12	5850
1973	1	4629
1973	2	5319
1973	3	4717
1973	4	5786
1973	5	7043
1973	6	5293
1973	7	4350
1973	8	2268
1973	9	2092
1973	10	2511
1973	11	3370
1973	12	3283
1974	1	3682
1974	2	4446
1974	3	7340
1974	4	18506
1974	5	17029
1974	6	16060
1974	7	6602
1974	8	2307
1974	9	1728
1974	10	4134
1974	11	5335
1974	12	4932
1975	1	4731
1975	2	4537
1975	3	7179
1975	4	12190
1975	5	15119
1975	6	11051
1975	7	7997
1975	8	3210
1975	9	2022
1975	10	4065
1975	11	5029
1975	12	5353
1976	1	5409
1976	2	5433
1976	3	9347
1976	4	16560
1976	5	22612
1976	6	11793
1976	7	3080
1976	8	3653
1976	9	2432
1976	10	3226
1976	11	3753
1976	12	5549
1977	1	4433
1977	2	2741
1977	3	1827
1977	4	1965
1977	5	3374
1977	6	2219
1977	7	1727
1977	8	2620
1977	9	869
1977	10	694
1977	11	1725
1977	12	2056
1978	1	2067
1978	2	2156
1978	3	3320
1978	4	8405
1978	5	11550
1978	6	8410
1978	7	4004
1978	8	2061
1978	9	1938
1978	10	1211
1978	11	3227
1978	12	4573
1979	1	5104
1979	2	5242
1979	3	7057
1979	4	7869
1979	5	5539
1979	6	5169
1979	7	2577
1979	8	1971
1979	9	573
1979	10	1320
1979	11	2001
1979	12	2360
1980	1	2394
1980	2	2663
1980	3	2211
1980	4	5465
1980	5	12373
1980	6	13428
1980	7	2860
1980	8	1854
1980	9	1121
1980	10	1504
1980	11	2421
1980	12	2357
1981	1	2215
1981	2	2361
1981	3	1960
1981	4	3736
1981	5	8578
1981	6	11868
1981	7	1930
1981	8	1088
1981	9	734
1981	10	1299
1981	11	1904
1981	12	2080
1982	1	1813
1982	2	2449
1982	3	7815
1982	4	12523
1982	5	18316
1982	6	10428
1982	7	11484
1982	8	3247
1982	9	3781
1982	10	5918
1982	11	6025
1982	12	5943
1983	1	6700
1983	2	5272
1983	3	5936
1983	4	9058
1983	5	18441
1983	6	19150
1983	7	12832
1983	8	4641
1983	9	2728
1983	10	6273
1983	11	7851
1983	12	8227
1984	1	8025
1984	2	5260
1984	3	5779
1984	4	13876
1984	5	20487
1984	6	22440
1984	7	12832
1984	8	7020
1984	9	6032
1984	10	5437
1984	11	6128
1984	12	7128
1985	1	7519
1985	2	6114
1985	3	5710
1985	4	10859
1985	5	14619
1985	6	6455
1985	7	1857
1985	8	1591
1985	9	2533
1985	10	2772
1985	11	3468
1985	12	3470
1986	1	4543
1986	2	4878
1986	3	12926
1986	4	18433
1986	5	20638
1986	6	18930
1986	7	7484
1986	8	2482
1986	9	4833
1986	10	5134
1986	11	5600
1986	12	6415
1987	1	5644
1987	2	3927
1987	3	3247
1987	4	3514
1987	5	3957
1987	6	3328
1987	7	2530
1987	8	1673
1987	9	1323
1987	10	1654
1987	11	2281
1987	12	1942
1988	1	1982
1988	2	1816
1988	3	1776
1988	4	2314
1988	5	1472
1988	6	2041
1988	7	2807
1988	8	2922
1988	9	2022
1988	10	1271
1988	11	2233
1988	12	1687
1989	1	1495
1989	2	1648
1989	3	2160
1989	4	3223
1989	5	7490
1989	6	3012
1989	7	1722
1989	8	1766
1989	9	1852
1989	10	2493
1989	11	2673
1989	12	2431
1990	1	2488
1990	2	2415
1990	3	2207
1990	4	2493
1990	5	2356
1990	6	2674
1990	7	2595
1990	8	4161
1990	9	4009
1990	10	2409
1990	11	2568
1990	12	1794
1991	1	1852
1991	2	2348
1991	3	2418
1991	4	1738
1991	5	4332
1991	6	5785
1991	7	2052
1991	8	1564
1991	9	1330
1991	10	1762
1991	11	3186
1991	12	2202
1992	1	1825
1992	2	2106
1992	3	1663
1992	4	1699
1992	5	2525
1992	6	3663
1992	7	2453
1992	8	2269
1992	9	1699
1992	10	1732
1992	11	1947
1992	12	1784
1993	1	1589
1993	2	1648
1993	3	2192
1993	4	2340
1993	5	6424
1993	6	11897
1993	7	3194
1993	8	2680
1993	9	1934
1993	10	1974
1993	11	2851
1993	12	2844
1994	1	2934
1994	2	2751
1994	3	2497
1994	4	4510
1994	5	3050
1994	6	2438
1994	7	3080
1994	8	4906
1994	9	1690
1994	10	2513
1994	11	2293
1994	12	2336
1995	1	2061
1995	2	2160
1995	3	2495
1995	4	2571
1995	5	10308
1995	6	12497
1995	7	7661
1995	8	1673
1995	9	1460
1995	10	2176
1995	11	3583
1995	12	4109
1996	1	4512
1996	2	7325
1996	3	12379
1996	4	14063
1996	5	15214
1996	6	15360
1996	7	6432
1996	8	2263
1996	9	3034
1996	10	2411
1996	11	4139
1996	12	4638
1997	1	7289
1997	2	11813
1997	3	15406
1997	4	15023
1997	5	21780
1997	6	31130
1997	7	10806
1997	8	7639
1997	9	4439
1997	10	5499
1997	11	6403
1997	12	5952
1998	1	5773
1998	2	6027
1998	3	8642
1998	4	8658
1998	5	16232
1998	6	15430
1998	7	7111
1998	8	2819
1998	9	3651
1998	10	3996
1998	11	5253
1998	12	4561
1999	1	4639
1999	2	7078
1999	3	10050
1999	4	11062
1999	5	14838
1999	6	19906
1999	7	3796
1999	8	3165
1999	9	2962
1999	10	2753
1999	11	4749
1999	12	4155
2000	1	3798
2000	2	3818
2000	3	4874
2000	4	7045
2000	5	5734
2000	6	4628
2000	7	2919
2000	8	1848
2000	9	1817
2000	10	2476
2000	11	2873
2000	12	2239
2001	1	2004
2001	2	2242
2001	3	2331
2001	4	1854
2001	5	1593
2001	6	1866
2001	7	1828
2001	8	1553
2001	9	2472
2001	10	2137
2001	11	1895
2001	12	1621
2002	1	1557
2002	2	1397
2002	3	1717
2002	4	1732
2002	5	1640
2002	6	2027
2002	7	2486
2002	8	3101
2002	9	3685
2002	10	1766
2002	11	2050
2002	12	1822
2003	1	1772
2003	2	1792
2003	3	1785
2003	4	1090
2003	5	1567
2003	6	2933
2003	7	4293
2003	8	4268
2003	9	3187
2003	10	1549
2003	11	1873
2003	12	1629
2004	1	1398
2004	2	1678
2004	3	1797
2004	4	1768
2004	5	4588
2004	6	2883
2004	7	2033
2004	8	2320
2004	9	2075
2004	10	1906
2004	11	2266
2004	12	1940
2005	1	1818
2005	2	1669
2005	3	1677
2005	4	2013
2005	5	3846
2005	6	4053
2005	7	1851
2005	8	1876
2005	9	1816
2005	10	1981
2005	11	2498
2005	12	2083
2006	1	2571
2006	2	3105
2006	3	3460
2006	4	11297
2006	5	10635
2006	6	6171
2006	7	2302
2006	8	2025
2006	9	1983
2006	10	2600
2006	11	3495
2006	12	3196
2007	1	2613
2007	2	2817
2007	3	3005
2007	4	2120
2007	5	2714
2007	6	2847
2007	7	2784
2007	8	3092
2007	9	3395
2007	10	2364
2007	11	2144
2007	12	1666
2008	1	1401
2008	2	1593
2008	3	1756
2008	4	1398
2008	5	6667
2008	6	8243
2008	7	3462
2008	8	5061
2008	9	4038
2008	10	3114
2008	11	2758
2008	12	1787
2009	1	1941
2009	2	1922
2009	3	2118
2009	4	10013
2009	5	11142
2009	6	13321
2009	7	6696
2009	8	2448
2009	9	1930
2009	10	3162
2009	11	3434
2009	12	2702
2010	1	2937
2010	2	2502
2010	3	1803
2010	4	1493
2010	5	4111
2010	6	9480
2010	7	2757
2010	8	2303
2010	9	1738
2010	10	2602
2010	11	2396
2010	12	2473
2011	1	2512
2011	2	3003
2011	3	3761
2011	4	13808
2011	5	21129
2011	6	20343
2011	7	14706
2011	8	5497
2011	9	3899
2011	10	5376
2011	11	6031
2011	12	4849
2012	1	4730
2012	2	4632
2012	3	6670
2012	4	9081
2012	5	3456
2012	6	2774
2012	7	4572
2012	8	4800
2012	9	2960
2012	10	2433
2012	11	2721
2012	12	2395
2013	1	1708
2013	2	2376
2013	3	2299
2013	4	2203
2013	5	4651
2013	6	2723
2013	7	3723
2013	8	3140
2013	9	2642
2013	10	1853
2013	11	2293
2013	12	2101
2014	1	2073
2014	2	2122
2014	3	2228
2014	4	6468
2014	5	5052
2014	6	5528
2014	7	3333
2014	8	5807
2014	9	2221
2014	10	2644
2014	11	2758
2014	12	2387
2015	1	2297
2015	2	3002
2015	3	3245
2015	4	2552
2015	5	7627
2015	6	3908
2015	7	3469
2015	8	1768
2015	9	2769
