1940	4	135
1940	5	29
1940	6	46
1940	7	2
1940	8	0
1940	9	66
1940	10	174
1940	11	199
1940	12	166
1941	1	150
1941	2	150
1941	3	188
1941	4	173
1941	5	63
1941	6	58
1941	7	4
1941	8	39
1941	9	50
1941	10	206
1941	11	230
1941	12	203
1942	1	97
1942	2	84
1942	3	99
1942	4	336
1942	5	250
1942	6	43
1942	7	12
1942	8	6
1942	9	36
1942	10	133
1942	11	284
1942	12	262
1943	1	241
1943	2	165
1943	3	222
1943	4	497
1943	5	97
1943	6	215
1943	7	21
1943	8	19
1943	9	63
1943	10	242
1943	11	289
1943	12	217
1944	1	121
1944	2	83
1944	3	121
1944	4	261
1944	5	93
1944	6	166
1944	7	12
1944	8	8
1944	9	39
1944	10	121
1944	11	297
1944	12	228
1945	1	170
1945	2	202
1945	3	206
1945	4	158
1945	5	221
1945	6	176
1945	7	37
1945	8	101
1945	9	191
1945	10	407
1945	11	404
1945	12	214
1946	1	201
1946	2	126
1946	3	223
1946	4	538
1946	5	389
1946	6	256
1946	7	70
1946	8	60
1946	9	114
1946	10	210
1946	11	315
1946	12	291
1947	1	147
1947	2	138
1947	3	211
1947	4	249
1947	5	51
1947	6	114
1947	7	27
1947	8	68
1947	9	72
1947	10	179
1947	11	320
1947	12	274
1948	1	135
1948	2	94
1948	3	180
1948	4	271
1948	5	413
1948	6	182
1948	7	59
1948	8	49
1948	9	54
1948	10	174
1948	11	321
1948	12	200
1949	1	92
1949	2	29
1949	3	92
1949	4	263
1949	5	207
1949	6	108
1949	7	24
1949	8	45
1949	9	40
1949	10	157
1949	11	228
1949	12	171
1950	1	85
1950	2	134
1950	3	197
1950	4	459
1950	5	578
1950	6	406
1950	7	77
1950	8	107
1950	9	237
1950	10	468
1950	11	340
1950	12	331
1951	1	184
1951	2	299
1951	3	273
1951	4	548
1951	5	600
1951	6	124
1951	7	53
1951	8	197
1951	9	102
1951	10	360
1951	11	516
1951	12	306
1952	1	240
1952	2	250
1952	3	270
1952	4	547
1952	5	502
1952	6	190
1952	7	79
1952	8	75
1952	9	85
1952	10	148
1952	11	296
1952	12	172
1953	1	193
1953	2	199
1953	3	128
1953	4	183
1953	5	262
1953	6	281
1953	7	39
1953	8	45
1953	9	19
1953	10	190
1953	11	317
1953	12	167
1954	1	122
1954	2	151
1954	3	121
1954	4	174
1954	5	70
1954	6	66
1954	7	25
1954	8	32
1954	9	41
1954	10	231
1954	11	345
1954	12	190
1955	1	117
1955	2	83
1955	3	78
1955	4	134
1955	5	72
1955	6	73
1955	7	38
1955	8	27
1955	9	33
1955	10	103
1955	11	333
1955	12	232
1956	1	173
1956	2	99
1956	3	194
1956	4	385
1956	5	106
1956	6	74
1956	7	22
1956	8	40
1956	9	75
1956	10	184
1956	11	319
1956	12	157
1957	1	74
1957	2	167
1957	3	184
1957	4	379
1957	5	901
1957	6	152
1957	7	25
1957	8	46
1957	9	72
1957	10	157
1957	11	268
1957	12	157
1958	1	76
1958	2	144
1958	3	121
1958	4	424
1958	5	304
1958	6	66
1958	7	25
1958	8	19
1958	9	49
1958	10	86
1958	11	274
1958	12	116
1959	1	67
1959	2	77
1959	3	115
1959	4	268
1959	5	50
1959	6	30
1959	7	15
1959	8	19
1959	9	56
1959	10	291
1959	11	223
1959	12	64
1960	1	40
1960	2	43
1960	3	200
1960	4	320
1960	5	74
1960	6	18
1960	7	4
1960	8	10
1960	9	10
1960	10	80
1960	11	207
1960	12	59
1961	1	32
1961	2	63
1961	3	116
1961	4	139
1961	5	28
1961	6	12
1961	7	0
1961	8	0
1961	9	85
1961	10	253
1961	11	208
1961	12	52
1962	1	33
1962	2	374
1962	3	191
1962	4	479
1962	5	100
1962	6	60
1962	7	30
1962	8	30
1962	9	62
1962	10	112
1962	11	202
1962	12	60
1963	1	51
1963	2	262
1963	3	101
1963	4	90
1963	5	281
1963	6	328
1963	7	18
1963	8	91
1963	9	59
1963	10	114
1963	11	228
1963	12	76
1964	1	40
1964	2	27
1964	3	71
1964	4	175
1964	5	221
1964	6	211
1964	7	85
1964	8	154
1964	9	120
1964	10	265
1964	11	246
1964	12	142
1965	1	126
1965	2	286
1965	3	614
1965	4	637
1965	5	771
1965	6	318
1965	7	201
1965	8	287
1965	9	332
1965	10	561
1965	11	237
1965	12	98
1966	1	80
1966	2	53
1966	3	151
1966	4	369
1966	5	207
1966	6	119
1966	7	49
1966	8	51
1966	9	95
1966	10	224
1966	11	133
1966	12	50
1967	1	45
1967	2	50
1967	3	57
1967	4	178
1967	5	268
1967	6	212
1967	7	64
1967	8	87
1967	9	72
1967	10	276
1967	11	382
1967	12	76
1968	1	43
1968	2	63
1968	3	62
1968	4	173
1968	5	222
1968	6	195
1968	7	53
1968	8	325
1968	9	179
1968	10	319
1968	11	235
1968	12	94
1969	1	139
1969	2	119
1969	3	474
1969	4	969
1969	5	269
1969	6	340
1969	7	66
1969	8	100
1969	9	72
1969	10	237
1969	11	186
1969	12	83
1970	1	92
1970	2	80
1970	3	69
1970	4	139
1970	5	815
1970	6	324
1970	7	151
1970	8	127
1970	9	288
1970	10	357
1970	11	311
1970	12	118
1971	1	175
1971	2	320
1971	3	435
1971	4	784
1971	5	1293
1971	6	715
1971	7	272
1971	8	441
1971	9	443
1971	10	512
1971	11	313
1971	12	199
1972	1	376
1972	2	608
1972	3	812
1972	4	909
1972	5	714
1972	6	578
1972	7	464
1972	8	518
1972	9	337
1972	10	443
1972	11	370
1972	12	174
1973	1	157
1973	2	121
1973	3	201
1973	4	538
1973	5	418
1973	6	177
1973	7	248
1973	8	122
1973	9	249
1973	10	374
1973	11	433
1973	12	189
1974	1	326
1974	2	184
1974	3	276
1974	4	723
1974	5	1214
1974	6	287
1974	7	91
1974	8	280
1974	9	185
1974	10	434
1974	11	397
1974	12	162
1975	1	149
1975	2	155
1975	3	181
1975	4	193
1975	5	1061
1975	6	863
1975	7	316
1975	8	326
1975	9	206
1975	10	483
1975	11	495
1975	12	267
1976	1	244
1976	2	230
1976	3	286
1976	4	773
1976	5	1395
1976	6	454
1976	7	193
1976	8	389
1976	9	222
1976	10	666
1976	11	682
1976	12	198
1977	1	136
1977	2	114
1977	3	83
1977	4	136
1977	5	120
1977	6	51
1977	7	61
1977	8	86
1977	9	67
1977	10	202
1977	11	76
1977	12	69
1978	1	54
1978	2	53
1978	3	73
1978	4	171
1978	5	80
1978	6	184
1978	7	186
1978	8	371
1978	9	368
1978	10	327
1978	11	269
1978	12	106
1979	1	102
1979	2	150
1979	3	119
1979	4	121
1979	5	185
1979	6	194
1979	7	138
1979	8	312
1979	9	66
1979	10	359
1979	11	168
1979	12	94
1980	1	103
1980	2	141
1980	3	85
1980	4	106
1980	5	349
1980	6	294
1980	7	133
1980	8	337
1980	9	308
1980	10	135
1980	11	143
1980	12	102
1981	1	90
1981	2	116
1981	3	93
1981	4	127
1981	5	250
1981	6	138
1981	7	100
1981	8	123
1981	9	105
1981	10	351
1981	11	152
1981	12	116
1982	1	74
1982	2	117
1982	3	124
1982	4	166
1982	5	654
1982	6	371
1982	7	329
1982	8	292
1982	9	371
1982	10	633
1982	11	706
1982	12	518
1983	1	292
1983	2	254
1983	3	219
1983	4	361
1983	5	1579
1983	6	1016
1983	7	355
1983	8	468
1983	9	259
1983	10	674
1983	11	788
1983	12	824
1984	1	792
1984	2	311
1984	3	412
1984	4	558
1984	5	1448
1984	6	1410
1984	7	634
1984	8	834
1984	9	296
1984	10	619
1984	11	766
1984	12	335
1985	1	530
1985	2	465
1985	3	681
1985	4	1059
1985	5	277
1985	6	176
1985	7	189
1985	8	195
1985	9	385
1985	10	358
1985	11	227
1985	12	122
1986	1	260
1986	2	422
1986	3	956
1986	4	1084
1986	5	1537
1986	6	762
1986	7	408
1986	8	236
1986	9	349
1986	10	519
1986	11	500
1986	12	255
1987	1	132
1987	2	170
1987	3	435
1987	4	159
1987	5	330
1987	6	248
1987	7	264
1987	8	96
1987	9	128
1987	10	182
1987	11	188
1987	12	86
1988	1	65
1988	2	80
1988	3	101
1988	4	147
1988	5	104
1988	6	171
1988	7	99
1988	8	31
1988	9	58
1988	10	72
1988	11	74
1988	12	68
1989	1	42
1989	2	39
1989	3	114
1989	4	184
1989	5	146
1989	6	143
1989	7	130
1989	8	124
1989	9	132
1989	10	297
1989	11	150
1989	12	81
1990	1	79
1990	2	75
1990	3	84
1990	4	127
1990	5	139
1990	6	167
1990	7	74
1990	8	32
1990	9	57
1990	10	289
1990	11	80
1990	12	59
1991	1	47
1991	2	64
1991	3	84
1991	4	87
1991	5	138
1991	6	125
1991	7	116
1991	8	98
1991	9	130
1991	10	239
1991	11	92
1991	12	59
1992	1	55
1992	2	61
1992	3	61
1992	4	101
1992	5	94
1992	6	69
1992	7	25
1992	8	0
1992	9	1
1992	10	41
1992	11	45
1992	12	22
1993	1	20
1993	2	21
1993	3	76
1993	4	58
1993	5	380
1993	6	229
1993	7	221
1993	8	205
1993	9	149
1993	10	413
1993	11	159
1993	12	96
1994	1	80
1994	2	86
1994	3	94
1994	4	202
1994	5	109
1994	6	133
1994	7	76
1994	8	25
1994	9	31
1994	10	253
1994	11	80
1994	12	73
1995	1	84
1995	2	90
1995	3	129
1995	4	103
1995	5	204
1995	6	322
1995	7	108
1995	8	96
1995	9	150
1995	10	332
1995	11	174
1995	12	97
1996	1	78
1996	2	93
1996	3	102
1996	4	282
1996	5	551
1996	6	329
1996	7	196
1996	8	170
1996	9	263
1996	10	380
1996	11	162
1996	12	135
1997	1	264
1997	2	936
1997	3	828
1997	4	677
1997	5	720
1997	6	630
1997	7	412
1997	8	436
1997	9	343
1997	10	582
1997	11	644
1997	12	174
1998	1	178
1998	2	216
1998	3	388
1998	4	510
1998	5	608
1998	6	536
1998	7	313
1998	8	223
1998	9	346
1998	10	418
1998	11	252
1998	12	123
1999	1	100
1999	2	156
1999	3	423
1999	4	530
1999	5	555
1999	6	644
1999	7	185
1999	8	212
1999	9	256
1999	10	338
1999	11	242
1999	12	124
2000	1	131
2000	2	257
2000	3	281
2000	4	242
2000	5	197
2000	6	144
2000	7	130
2000	8	103
2000	9	188
2000	10	343
2000	11	131
2000	12	93
2001	1	83
2001	2	80
2001	3	104
2001	4	94
2001	5	54
2001	6	102
2001	7	44
2001	8	3
2001	9	6
2001	10	86
2001	11	79
2001	12	58
2002	1	60
2002	2	54
2002	3	65
2002	4	108
2002	5	75
2002	6	66
2002	7	18
2002	8	19
2002	9	32
2002	10	143
2002	11	75
2002	12	66
2003	1	68
2003	2	77
2003	3	94
2003	4	47
2003	5	43
2003	6	33
2003	7	1
2003	8	11
2003	9	19
2003	10	143
2003	11	78
2003	12	66
2004	1	59
2004	2	56
2004	3	77
2004	4	101
2004	5	90
2004	6	101
2004	7	65
2004	8	15
2004	9	30
2004	10	145
2004	11	72
2004	12	66
2005	1	64
2005	2	74
2005	3	87
2005	4	134
2005	5	135
2005	6	57
2005	7	51
2005	8	32
2005	9	50
2005	10	213
2005	11	107
2005	12	87
2006	1	94
2006	2	85
2006	3	102
2006	4	362
2006	5	206
2006	6	121
2006	7	66
2006	8	69
2006	9	149
2006	10	360
2006	11	120
2006	12	91
2007	1	71
2007	2	140
2007	3	167
2007	4	154
2007	5	56
2007	6	128
2007	7	30
2007	8	16
2007	9	109
2007	10	273
2007	11	131
2007	12	85
2008	1	60
2008	2	67
2008	3	76
2008	4	84
2008	5	198
2008	6	71
2008	7	43
2008	8	32
2008	9	102
2008	10	306
2008	11	129
2008	12	86
2009	1	69
2009	2	79
2009	3	97
2009	4	191
2009	5	219
2009	6	252
2009	7	67
2009	8	94
2009	9	134
2009	10	336
2009	11	122
2009	12	95
2010	1	91
2010	2	85
2010	3	88
2010	4	122
2010	5	133
2010	6	116
2010	7	67
2010	8	61
2010	9	86
2010	10	222
2010	11	100
2010	12	96
2011	1	106
2011	2	84
2011	3	101
2011	4	203
2011	5	869
2011	6	964
2011	7	337
2011	8	247
2011	9	279
2011	10	375
2011	11	204
2011	12	167
2012	1	172
2012	2	189
2012	3	380
2012	4	350
2012	5	138
2012	6	108
2012	7	89
2012	8	92
2012	9	79
2012	10	226
2012	11	121
2012	12	104
2013	1	81
2013	2	86
2013	3	113
2013	4	216
2013	5	126
2013	6	63
2013	7	38
2013	8	14
