1940	1	25
1940	2	25
1940	3	37
1940	4	63
1940	5	32
1940	6	8
1940	7	0
1940	8	0
1940	9	0
1940	10	6
1940	11	12
1940	12	14
1941	1	18
1941	2	28
1941	3	36
1941	4	61
1941	5	68
1941	6	31
1941	7	12
1941	8	13
1941	9	9
1941	10	16
1941	11	24
1941	12	26
1942	1	23
1942	2	24
1942	3	79
1942	4	194
1942	5	246
1942	6	121
1942	7	22
1942	8	6
1942	9	5
1942	10	11
1942	11	23
1942	12	32
1943	1	79
1943	2	111
1943	3	69
1943	4	177
1943	5	114
1943	6	94
1943	7	19
1943	8	7
1943	9	4
1943	10	12
1943	11	21
1943	12	21
1944	1	18
1944	2	22
1944	3	46
1944	4	85
1944	5	140
1944	6	94
1944	7	21
1944	8	8
1944	9	4
1944	10	10
1944	11	18
1944	12	13
1945	1	21
1945	2	65
1945	3	49
1945	4	73
1945	5	179
1945	6	90
1945	7	21
1945	8	11
1945	9	10
1945	10	17
1945	11	27
1945	12	33
1946	1	32
1946	2	39
1946	3	80
1946	4	180
1946	5	172
1946	6	51
1946	7	15
1946	8	8
1946	9	11
1946	10	21
1946	11	27
1946	12	27
1947	1	18
1947	2	48
1947	3	53
1947	4	67
1947	5	55
1947	6	25
1947	7	5
1947	8	3
1947	9	2
1947	10	11
1947	11	19
1947	12	23
1948	1	20
1948	2	39
1948	3	39
1948	4	71
1948	5	115
1948	6	36
1948	7	9
1948	8	4
1948	9	3
1948	10	8
1948	11	17
1948	12	18
1949	1	16
1949	2	15
1949	3	64
1949	4	163
1949	5	216
1949	6	62
1949	7	10
1949	8	5
1949	9	5
1949	10	18
1949	11	22
1949	12	15
1950	1	18
1950	2	28
1950	3	45
1950	4	100
1950	5	153
1950	6	70
1950	7	16
1950	8	12
1950	9	7
1950	10	16
1950	11	24
1950	12	31
1951	1	24
1951	2	143
1951	3	86
1951	4	165
1951	5	216
1951	6	61
1951	7	13
1951	8	17
1951	9	8
1951	10	17
1951	11	20
1951	12	18
1952	1	18
1952	2	21
1952	3	43
1952	4	183
1952	5	297
1952	6	86
1952	7	28
1952	8	22
1952	9	13
1952	10	18
1952	11	21
1952	12	22
1953	1	37
1953	2	33
1953	3	43
1953	4	83
1953	5	129
1953	6	106
1953	7	21
1953	8	20
1953	9	10
1953	10	16
1953	11	22
1953	12	20
1954	1	22
1954	2	33
1954	3	41
1954	4	53
1954	5	27
1954	6	10
1954	7	3
1954	8	2
1954	9	5
1954	10	14
1954	11	19
1954	12	15
1955	1	16
1955	2	19
1955	3	33
1955	4	39
1955	5	63
1955	6	26
1955	7	13
1955	8	8
1955	9	5
1955	10	13
1955	11	20
1955	12	32
1956	1	44
1956	2	26
1956	3	108
1956	4	123
1956	5	130
1956	6	30
1956	7	6
1956	8	4
1956	9	3
1956	10	13
1956	11	19
1956	12	26
1957	1	18
1957	2	63
1957	3	57
1957	4	76
1957	5	213
1957	6	77
1957	7	12
1957	8	7
1957	9	6
1957	10	15
1957	11	22
1957	12	24
1958	1	23
1958	2	115
1958	3	57
1958	4	110
1958	5	229
1958	6	62
1958	7	15
1958	8	12
1958	9	8
1958	10	15
1958	11	22
1958	12	26
1959	1	27
1959	2	32
1959	3	36
1959	4	58
1959	5	34
1959	6	16
1959	7	7
1959	8	3
1959	9	9
1959	10	20
1959	11	18
1959	12	15
1960	1	16
1960	2	20
1960	3	57
1960	4	74
1960	5	49
1960	6	11
1960	7	5
1960	8	3
1960	9	5
1960	10	13
1960	11	21
1960	12	17
1961	1	19
1961	2	35
1961	3	40
1961	4	47
1961	5	22
1961	6	14
1961	7	4
1961	8	11
1961	9	15
1961	10	16
1961	11	20
1961	12	22
1962	1	68
1962	2	241
1962	3	122
1962	4	128
1962	5	95
1962	6	59
1962	7	12
1962	8	11
1962	9	7
1962	10	13
1962	11	19
1962	12	18
1963	1	11
1963	2	38
1963	3	35
1963	4	42
1963	5	80
1963	6	76
1963	7	15
1963	8	6
1963	9	11
1963	10	12
1963	11	22
1963	12	14
1964	1	14
1964	2	19
1964	3	44
1964	4	82
1964	5	151
1964	6	127
1964	7	28
1964	8	11
1964	9	10
1964	10	14
1964	11	22
1964	12	45
1965	1	78
1965	2	72
1965	3	44
1965	4	129
1965	5	183
1965	6	76
1965	7	22
1965	8	19
1965	9	16
1965	10	20
1965	11	24
1965	12	20
1966	1	22
1966	2	26
1966	3	56
1966	4	69
1966	5	26
1966	6	8
1966	7	1
1966	8	0
1966	9	0
1966	10	10
1966	11	17
1966	12	13
1967	1	21
1967	2	27
1967	3	33
1967	4	39
1967	5	75
1967	6	74
1967	7	24
1967	8	9
1967	9	7
1967	10	13
1967	11	15
1967	12	11
1968	1	15
1968	2	52
1968	3	48
1968	4	48
1968	5	33
1968	6	14
1968	7	4
1968	8	15
1968	9	13
1968	10	16
1968	11	24
1968	12	24
1969	1	32
1969	2	32
1969	3	67
1969	4	162
1969	5	100
1969	6	27
1969	7	14
1969	8	6
1969	9	6
1969	10	14
1969	11	17
1969	12	19
1970	1	80
1970	2	44
1970	3	36
1970	4	55
1970	5	223
1970	6	116
1970	7	30
1970	8	14
1970	9	14
1970	10	19
1970	11	27
1970	12	30
1971	1	162
1971	2	70
1971	3	78
1971	4	160
1971	5	302
1971	6	120
1971	7	27
1971	8	17
1971	9	13
1971	10	23
1971	11	31
1971	12	32
1972	1	45
1972	2	59
1972	3	133
1972	4	158
1972	5	256
1972	6	119
1972	7	17
1972	8	14
1972	9	18
1972	10	31
1972	11	38
1972	12	37
1973	1	34
1973	2	46
1973	3	68
1973	4	138
1973	5	225
1973	6	52
1973	7	18
1973	8	16
1973	9	19
1973	10	26
1973	11	36
1973	12	28
1974	1	25
1974	2	48
1974	3	94
1974	4	179
1974	5	228
1974	6	64
1974	7	17
1974	8	14
1974	9	11
1974	10	21
1974	11	28
1974	12	22
1975	1	29
1975	2	52
1975	3	99
1975	4	69
1975	5	304
1975	6	331
1975	7	67
1975	8	31
1975	9	21
1975	10	33
1975	11	37
1975	12	42
1976	1	29
1976	2	65
1976	3	95
1976	4	141
1976	5	234
1976	6	50
1976	7	15
1976	8	22
1976	9	22
1976	10	28
1976	11	31
1976	12	27
1977	1	27
1977	2	32
1977	3	41
1977	4	44
1977	5	41
1977	6	25
1977	7	8
1977	8	10
1977	9	12
1977	10	18
1977	11	23
1977	12	30
1978	1	33
1978	2	36
1978	3	63
1978	4	135
1978	5	162
1978	6	50
1978	7	11
1978	8	10
1978	9	20
1978	10	20
1978	11	23
1978	12	23
1979	1	22
1979	2	71
1979	3	128
1979	4	90
1979	5	162
1979	6	48
1979	7	11
1979	8	15
1979	9	13
1979	10	17
1979	11	23
1979	12	24
1980	1	89
1980	2	74
1980	3	44
1980	4	108
1980	5	184
1980	6	130
1980	7	31
1980	8	17
1980	9	18
1980	10	22
1980	11	28
1980	12	31
1981	1	27
1981	2	32
1981	3	40
1981	4	55
1981	5	36
1981	6	9
1981	7	1
1981	8	1
1981	9	1
1981	10	13
1981	11	22
1981	12	29
1982	1	25
1982	2	97
1982	3	73
1982	4	113
1982	5	224
1982	6	78
1982	7	30
1982	8	12
1982	9	18
1982	10	27
1982	11	31
1982	12	29
1983	1	28
1983	2	46
1983	3	75
1983	4	111
1983	5	264
1983	6	161
1983	7	39
1983	8	32
1983	9	22
1983	10	29
1983	11	33
1983	12	37
1984	1	40
1984	2	41
1984	3	94
1984	4	184
1984	5	625
1984	6	315
1984	7	84
1984	8	52
1984	9	39
1984	10	45
1984	11	50
1984	12	34
1985	1	32
1985	2	37
1985	3	78
1985	4	154
1985	5	117
1985	6	32
1985	7	22
1985	8	17
1985	9	21
1985	10	31
1985	11	35
1985	12	30
1986	1	40
1986	2	112
1986	3	141
1986	4	241
1986	5	181
1986	6	72
1986	7	30
1986	8	25
1986	9	30
1986	10	34
1986	11	37
1986	12	30
1987	1	24
1987	2	38
1987	3	52
1987	4	37
1987	5	25
1987	6	14
1987	7	16
1987	8	8
1987	9	10
1987	10	16
1987	11	26
1987	12	25
1988	1	19
1988	2	41
1988	3	49
1988	4	68
1988	5	41
1988	6	15
1988	7	4
1988	8	2
1988	9	2
1988	10	10
1988	11	23
1988	12	21
1989	1	21
1989	2	51
1989	3	75
1989	4	139
1989	5	83
1989	6	23
1989	7	9
1989	8	9
1989	9	7
1989	10	19
1989	11	23
1989	12	23
1990	1	26
1990	2	39
1990	3	47
1990	4	46
1990	5	27
1990	6	15
1990	7	6
1990	8	4
1990	9	3
1990	10	10
1990	11	20
1990	12	13
1991	1	14
1991	2	27
1991	3	28
1991	4	36
1991	5	65
1991	6	24
1991	7	9
1991	8	3
1991	9	6
1991	10	12
1991	11	22
1991	12	18
1992	1	17
1992	2	29
1992	3	35
1992	4	18
1992	5	2
1992	6	0
1992	7	0
1992	8	0
1992	9	0
1992	10	1
1992	11	7
1992	12	22
1993	1	18
1993	2	35
1993	3	88
1993	4	94
1993	5	160
1993	6	69
1993	7	20
1993	8	14
1993	9	6
1993	10	13
1993	11	19
1993	12	18
1994	1	21
1994	2	23
1994	3	38
1994	4	40
1994	5	44
1994	6	10
1994	7	2
1994	8	3
1994	9	0
1994	10	7
1994	11	15
1994	12	19
1995	1	28
1995	2	90
1995	3	60
1995	4	67
1995	5	180
1995	6	136
1995	7	35
1995	8	13
1995	9	11
1995	10	16
1995	11	23
1995	12	28
1996	1	37
1996	2	67
1996	3	85
1996	4	126
1996	5	167
1996	6	46
1996	7	15
1996	8	9
1996	9	8
1996	10	15
1996	11	25
1996	12	35
1997	1	50
1997	2	48
1997	3	77
1997	4	136
1997	5	241
1997	6	75
1997	7	25
1997	8	16
1997	9	20
1997	10	25
1997	11	29
1997	12	24
1998	1	38
1998	2	37
1998	3	55
1998	4	95
1998	5	270
1998	6	116
1998	7	38
1998	8	17
1998	9	20
1998	10	28
1998	11	34
1998	12	30
1999	1	42
1999	2	50
1999	3	57
1999	4	92
1999	5	189
1999	6	97
1999	7	24
1999	8	15
1999	9	13
1999	10	19
1999	11	26
1999	12	27
2000	1	35
2000	2	40
2000	3	41
2000	4	89
2000	5	47
2000	6	10
2000	7	2
2000	8	1
2000	9	2
2000	10	13
2000	11	32
2000	12	35
2001	1	34
2001	2	38
2001	3	40
2001	4	45
2001	5	24
2001	6	7
2001	7	4
2001	8	0
2001	9	1
2001	10	11
2001	11	22
2001	12	28
2002	1	30
2002	2	38
2002	3	41
2002	4	99
2002	5	101
2002	6	25
2002	7	5
2002	8	1
2002	9	5
2002	10	14
2002	11	21
2002	12	21
2003	1	24
2003	2	24
2003	3	27
2003	4	23
2003	5	30
2003	6	4
2003	7	0
2003	8	0
2003	9	1
2003	10	7
2003	11	16
2003	12	18
2004	1	18
2004	2	23
2004	3	63
2004	4	100
2004	5	74
2004	6	32
2004	7	12
2004	8	5
2004	9	6
2004	10	17
2004	11	23
2004	12	30
2005	1	29
2005	2	30
2005	3	58
2005	4	85
2005	5	278
2005	6	98
2005	7	22
2005	8	10
2005	9	7
2005	10	18
2005	11	25
2005	12	45
2006	1	49
2006	2	68
2006	3	96
2006	4	219
2006	5	288
2006	6	71
2006	7	27
2006	8	9
2006	9	15
2006	10	26
2006	11	32
2006	12	32
2007	1	28
2007	2	48
2007	3	67
2007	4	77
2007	5	39
2007	6	10
2007	7	3
2007	8	2
2007	9	6
2007	10	17
2007	11	18
2007	12	21
2008	1	19
2008	2	33
2008	3	45
2008	4	50
2008	5	111
2008	6	45
2008	7	9
2008	8	4
2008	9	5
2008	10	15
2008	11	23
2008	12	21
2009	1	35
2009	2	38
2009	3	40
2009	4	87
2009	5	120
2009	6	97
2009	7	42
2009	8	12
2009	9	8
2009	10	20
2009	11	22
2009	12	16
2010	1	19
2010	2	23
2010	3	43
2010	4	64
2010	5	80
2010	6	47
2010	7	10
2010	8	6
2010	9	3
2010	10	17
2010	11	26
2010	12	34
2011	1	63
2011	2	39
2011	3	59
2011	4	132
2011	5	301
2011	6	147
2011	7	41
2011	8	16
2011	9	5
2011	10	23
2011	11	29
2011	12	22
2012	1	35
2012	2	45
2012	3	60
2012	4	80
2012	5	28
2012	6	9
2012	7	3
2012	8	1
2012	9	1
2012	10	16
2012	11	24
2012	12	28
2013	1	27
2013	2	29
2013	3	55
2013	4	78
2013	5	52
2013	6	11
2013	7	6
2013	8	1
2013	9	19
2013	10	19
2013	11	25
2013	12	23
2014	1	25
2014	2	59
2014	3	47
2014	4	56
2014	5	68
2014	6	13
2014	7	5
2014	8	20
2014	9	11
2014	10	16
2014	11	19
2014	12	24
2015	1	26
2015	2	51
2015	3	42
2015	4	29
2015	5	50
2015	6	30
2015	7	13
2015	8	11
2015	9	4
