1940	1	10
1940	2	11
1940	3	11
1940	4	15
1940	5	15
1940	6	10
1940	7	7
1940	8	6
1940	9	8
1940	10	8
1940	11	8
1940	12	8
1941	1	8
1941	2	9
1941	3	10
1941	4	11
1941	5	14
1941	6	11
1941	7	8
1941	8	8
1941	9	8
1941	10	9
1941	11	10
1941	12	10
1942	1	9
1942	2	10
1942	3	12
1942	4	22
1942	5	27
1942	6	24
1942	7	11
1942	8	8
1942	9	7
1942	10	8
1942	11	10
1942	12	11
1943	1	20
1943	2	30
1943	3	17
1943	4	41
1943	5	36
1943	6	31
1943	7	15
1943	8	9
1943	9	8
1943	10	10
1943	11	11
1943	12	11
1944	1	10
1944	2	11
1944	3	11
1944	4	15
1944	5	22
1944	6	20
1944	7	11
1944	8	8
1944	9	8
1944	10	8
1944	11	10
1944	12	9
1945	1	12
1945	2	16
1945	3	12
1945	4	15
1945	5	29
1945	6	20
1945	7	11
1945	8	8
1945	9	9
1945	10	9
1945	11	11
1945	12	11
1946	1	11
1946	2	11
1946	3	16
1946	4	37
1946	5	40
1946	6	23
1946	7	13
1946	8	10
1946	9	10
1946	10	10
1946	11	11
1946	12	11
1947	1	9
1947	2	12
1947	3	13
1947	4	16
1947	5	18
1947	6	13
1947	7	8
1947	8	8
1947	9	8
1947	10	9
1947	11	11
1947	12	11
1948	1	11
1948	2	12
1948	3	12
1948	4	17
1948	5	25
1948	6	16
1948	7	10
1948	8	7
1948	9	8
1948	10	9
1948	11	9
1948	12	9
1949	1	8
1949	2	10
1949	3	13
1949	4	29
1949	5	48
1949	6	26
1949	7	12
1949	8	9
1949	9	9
1949	10	11
1949	11	11
1949	12	11
1950	1	12
1950	2	12
1950	3	15
1950	4	23
1950	5	34
1950	6	27
1950	7	14
1950	8	10
1950	9	10
1950	10	10
1950	11	10
1950	12	12
1951	1	11
1951	2	16
1951	3	15
1951	4	33
1951	5	44
1951	6	25
1951	7	13
1951	8	11
1951	9	10
1951	10	11
1951	11	11
1951	12	12
1952	1	11
1952	2	12
1952	3	13
1952	4	31
1952	5	60
1952	6	31
1952	7	15
1952	8	11
1952	9	11
1952	10	11
1952	11	11
1952	12	12
1953	1	13
1953	2	13
1953	3	14
1953	4	20
1953	5	30
1953	6	32
1953	7	16
1953	8	11
1953	9	11
1953	10	11
1953	11	11
1953	12	11
1954	1	11
1954	2	12
1954	3	13
1954	4	15
1954	5	16
1954	6	12
1954	7	8
1954	8	8
1954	9	8
1954	10	9
1954	11	10
1954	12	10
1955	1	9
1955	2	10
1955	3	10
1955	4	12
1955	5	19
1955	6	16
1955	7	11
1955	8	9
1955	9	9
1955	10	9
1955	11	9
1955	12	10
1956	1	11
1956	2	10
1956	3	14
1956	4	20
1956	5	28
1956	6	19
1956	7	10
1956	8	8
1956	9	8
1956	10	9
1956	11	10
1956	12	11
1957	1	9
1957	2	14
1957	3	13
1957	4	17
1957	5	33
1957	6	20
1957	7	11
1957	8	8
1957	9	8
1957	10	10
1957	11	10
1957	12	11
1958	1	11
1958	2	14
1958	3	13
1958	4	19
1958	5	34
1958	6	19
1958	7	11
1958	8	9
1958	9	9
1958	10	10
1958	11	11
1958	12	11
1959	1	11
1959	2	11
1959	3	11
1959	4	14
1959	5	16
1959	6	11
1959	7	8
1959	8	8
1959	9	9
1959	10	10
1959	11	9
1959	12	10
1960	1	11
1960	2	11
1960	3	16
1960	4	21
1960	5	18
1960	6	13
1960	7	9
1960	8	7
1960	9	7
1960	10	9
1960	11	10
1960	12	9
1961	1	8
1961	2	10
1961	3	12
1961	4	12
1961	5	11
1961	6	8
1961	7	7
1961	8	8
1961	9	8
1961	10	9
1961	11	9
1961	12	10
1962	1	10
1962	2	16
1962	3	14
1962	4	19
1962	5	24
1962	6	19
1962	7	10
1962	8	8
1962	9	8
1962	10	9
1962	11	10
1962	12	9
1963	1	9
1963	2	12
1963	3	11
1963	4	13
1963	5	19
1963	6	18
1963	7	10
1963	8	8
1963	9	9
1963	10	8
1963	11	11
1963	12	11
1964	1	10
1964	2	10
1964	3	11
1964	4	15
1964	5	27
1964	6	32
1964	7	14
1964	8	9
1964	9	8
1964	10	9
1964	11	10
1964	12	13
1965	1	14
1965	2	15
1965	3	14
1965	4	25
1965	5	40
1965	6	26
1965	7	14
1965	8	12
1965	9	11
1965	10	11
1965	11	11
1965	12	10
1966	1	10
1966	2	10
1966	3	9
1966	4	12
1966	5	12
1966	6	10
1966	7	7
1966	8	8
1966	9	10
1966	10	10
1966	11	8
1966	12	7
1967	1	9
1967	2	8
1967	3	10
1967	4	12
1967	5	17
1967	6	18
1967	7	10
1967	8	8
1967	9	8
1967	10	8
1967	11	8
1967	12	8
1968	1	10
1968	2	10
1968	3	12
1968	4	12
1968	5	12
1968	6	10
1968	7	7
1968	8	8
1968	9	8
1968	10	8
1968	11	8
1968	12	9
1969	1	10
1969	2	9
1969	3	12
1969	4	23
1969	5	25
1969	6	14
1969	7	8
1969	8	7
1969	9	8
1969	10	9
1969	11	9
1969	12	9
1970	1	10
1970	2	11
1970	3	11
1970	4	15
1970	5	40
1970	6	29
1970	7	13
1970	8	10
1970	9	10
1970	10	10
1970	11	10
1970	12	11
1971	1	18
1971	2	15
1971	3	16
1971	4	30
1971	5	62
1971	6	35
1971	7	15
1971	8	11
1971	9	11
1971	10	11
1971	11	11
1971	12	11
1972	1	13
1972	2	14
1972	3	31
1972	4	30
1972	5	54
1972	6	39
1972	7	17
1972	8	13
1972	9	12
1972	10	14
1972	11	14
1972	12	14
1973	1	16
1973	2	14
1973	3	15
1973	4	25
1973	5	42
1973	6	23
1973	7	14
1973	8	12
1973	9	11
1973	10	12
1973	11	13
1973	12	13
1974	1	14
1974	2	14
1974	3	22
1974	4	50
1974	5	60
1974	6	34
1974	7	17
1974	8	12
1974	9	12
1974	10	14
1974	11	14
1974	12	13
1975	1	14
1975	2	15
1975	3	16
1975	4	19
1975	5	48
1975	6	65
1975	7	27
1975	8	16
1975	9	14
1975	10	14
1975	11	14
1975	12	15
1976	1	14
1976	2	14
1976	3	17
1976	4	27
1976	5	44
1976	6	24
1976	7	15
1976	8	14
1976	9	13
1976	10	13
1976	11	13
1976	12	13
1977	1	13
1977	2	13
1977	3	15
1977	4	17
1977	5	16
1977	6	15
1977	7	10
1977	8	9
1977	9	9
1977	10	11
1977	11	12
1977	12	13
1978	1	13
1978	2	13
1978	3	19
1978	4	31
1978	5	37
1978	6	22
1978	7	14
1978	8	11
1978	9	13
1978	10	13
1978	11	14
1978	12	12
1979	1	15
1979	2	14
1979	3	18
1979	4	20
1979	5	35
1979	6	22
1979	7	13
1979	8	13
1979	9	10
1979	10	10
1979	11	11
1979	12	12
1980	1	18
1980	2	16
1980	3	13
1980	4	23
1980	5	39
1980	6	28
1980	7	14
1980	8	11
1980	9	11
1980	10	12
1980	11	14
1980	12	16
1981	1	13
1981	2	12
1981	3	13
1981	4	15
1981	5	16
1981	6	11
1981	7	8
1981	8	7
1981	9	9
1981	10	10
1981	11	11
1981	12	13
1982	1	12
1982	2	13
1982	3	14
1982	4	21
1982	5	46
1982	6	29
1982	7	18
1982	8	11
1982	9	12
1982	10	13
1982	11	13
1982	12	12
1983	1	13
1983	2	12
1983	3	18
1983	4	26
1983	5	49
1983	6	37
1983	7	17
1983	8	13
1983	9	12
1983	10	12
1983	11	12
1983	12	12
1984	1	12
1984	2	13
1984	3	16
1984	4	27
1984	5	100
1984	6	73
1984	7	36
1984	8	21
1984	9	12
1984	10	14
1984	11	16
1984	12	15
1985	1	14
1985	2	15
1985	3	17
1985	4	30
1985	5	30
1985	6	16
1985	7	12
1985	8	11
1985	9	12
1985	10	13
1985	11	13
1985	12	12
1986	1	13
1986	2	25
1986	3	33
1986	4	42
1986	5	42
1986	6	23
1986	7	12
1986	8	12
1986	9	14
1986	10	12
1986	11	13
1986	12	12
1987	1	13
1987	2	12
1987	3	13
1987	4	14
1987	5	13
1987	6	8
1987	7	8
1987	8	8
1987	9	8
1987	10	10
1987	11	9
1987	12	11
1988	1	12
1988	2	13
1988	3	14
1988	4	17
1988	5	17
1988	6	10
1988	7	7
1988	8	9
1988	9	10
1988	10	11
1988	11	12
1988	12	11
1989	1	11
1989	2	12
1989	3	15
1989	4	23
1989	5	21
1989	6	10
1989	7	8
1989	8	10
1989	9	10
1989	10	11
1989	11	11
1989	12	11
1990	1	11
1990	2	11
1990	3	12
1990	4	15
1990	5	15
1990	6	9
1990	7	7
1990	8	7
1990	9	8
1990	10	10
1990	11	11
1990	12	10
1991	1	10
1991	2	10
1991	3	14
1991	4	12
1991	5	16
1991	6	6
1991	7	5
1991	8	6
1991	9	8
1991	10	9
1991	11	11
1991	12	10
1992	1	8
1992	2	12
1992	3	10
1992	4	10
1992	5	11
1992	6	6
1992	7	3
1992	8	7
1992	9	9
1992	10	11
1992	11	10
1992	12	12
1993	1	11
1993	2	10
1993	3	19
1993	4	22
1993	5	38
1993	6	17
1993	7	10
1993	8	9
1993	9	10
1993	10	10
1993	11	10
1993	12	10
1994	1	10
1994	2	11
1994	3	11
1994	4	12
1994	5	16
1994	6	5
1994	7	7
1994	8	7
1994	9	8
1994	10	8
1994	11	8
1994	12	7
1995	1	6
1995	2	10
1995	3	12
1995	4	13
1995	5	28
1995	6	27
1995	7	14
1995	8	8
1995	9	8
1995	10	11
1995	11	11
1995	12	13
1996	1	12
1996	2	16
1996	3	20
1996	4	27
1996	5	40
1996	6	21
1996	7	13
1996	8	8
1996	9	8
1996	10	10
1996	11	9
1996	12	12
1997	1	12
1997	2	12
1997	3	21
1997	4	32
1997	5	48
1997	6	19
1997	7	12
1997	8	12
1997	9	12
1997	10	13
1997	11	13
1997	12	12
1998	1	13
1998	2	13
1998	3	14
1998	4	20
1998	5	49
1998	6	27
1998	7	15
1998	8	12
1998	9	11
1998	10	11
1998	11	11
1998	12	12
1999	1	13
1999	2	13
1999	3	16
1999	4	21
1999	5	41
1999	6	30
1999	7	15
1999	8	12
1999	9	12
1999	10	13
1999	11	13
1999	12	13
2000	1	14
2000	2	15
2000	3	16
2000	4	20
2000	5	19
2000	6	14
2000	7	9
2000	8	7
2000	9	8
2000	10	9
2000	11	10
2000	12	11
2001	1	11
2001	2	11
2001	3	12
2001	4	14
2001	5	18
2001	6	11
2001	7	8
2001	8	7
2001	9	7
2001	10	7
2001	11	9
2001	12	10
2002	1	10
2002	2	10
2002	3	13
2002	4	23
2002	5	27
2002	6	19
2002	7	11
2002	8	8
2002	9	8
2002	10	9
2002	11	10
2002	12	10
2003	1	10
2003	2	10
2003	3	11
2003	4	12
2003	5	13
2003	6	8
2003	7	7
2003	8	8
2003	9	9
2003	10	10
2003	11	11
2003	12	11
2004	1	10
2004	2	10
2004	3	14
2004	4	19
2004	5	19
2004	6	15
2004	7	11
2004	8	8
2004	9	7
2004	10	8
2004	11	8
2004	12	8
2005	1	8
2005	2	9
2005	3	10
2005	4	14
2005	5	30
2005	6	17
2005	7	9
2005	8	7
2005	9	7
2005	10	8
2005	11	9
2005	12	11
2006	1	10
2006	2	10
2006	3	15
2006	4	39
2006	5	55
2006	6	21
2006	7	10
2006	8	8
2006	9	8
2006	10	9
2006	11	10
2006	12	12
2007	1	9
2007	2	12
2007	3	18
2007	4	20
2007	5	17
2007	6	11
2007	7	8
2007	8	7
2007	9	7
2007	10	9
2007	11	8
2007	12	8
2008	1	8
2008	2	8
2008	3	10
2008	4	13
2008	5	29
2008	6	17
2008	7	7
2008	8	6
2008	9	7
2008	10	8
2008	11	8
2008	12	8
2009	1	9
2009	2	9
2009	3	10
2009	4	17
2009	5	26
2009	6	22
2009	7	12
2009	8	8
2009	9	7
2009	10	10
2009	11	7
2009	12	7
2010	1	9
2010	2	9
2010	3	11
2010	4	13
2010	5	18
2010	6	17
2010	7	8
2010	8	7
2010	9	6
2010	10	7
2010	11	9
2010	12	10
2011	1	12
2011	2	12
2011	3	14
2011	4	24
2011	5	47
2011	6	30
2011	7	14
2011	8	10
2011	9	10
2011	10	11
2011	11	11
2011	12	10
2012	1	12
2012	2	12
2012	3	16
2012	4	22
2012	5	17
2012	6	12
2012	7	9
2012	8	6
2012	9	8
2012	10	9
2012	11	10
2012	12	11
2013	1	10
2013	2	11
2013	3	12
2013	4	19
2013	5	20
2013	6	11
2013	7	9
2013	8	7
2013	9	9
2013	10	9
2013	11	9
2013	12	11
2014	1	11
2014	2	13
2014	3	13
2014	4	15
2014	5	19
2014	6	12
2014	7	8
2014	8	10
2014	9	8
2014	10	8
2014	11	10
2014	12	11
2015	1	11
2015	2	12
2015	3	12
2015	4	12
2015	5	14
2015	6	12
2015	7	8
2015	8	7
2015	9	8
