1940	1	832
1940	2	922
1940	3	544
1940	4	1711
1940	5	504
1940	6	366
1940	7	397
1940	8	501
1940	9	693
1940	10	888
1940	11	1031
1940	12	873
1941	1	933
1941	2	885
1941	3	471
1941	4	404
1941	5	334
1941	6	362
1941	7	391
1941	8	549
1941	9	809
1941	10	1058
1941	11	1380
1941	12	844
1942	1	955
1942	2	1621
1942	3	1246
1942	4	4136
1942	5	2365
1942	6	580
1942	7	375
1942	8	542
1942	9	794
1942	10	1799
1942	11	1833
1942	12	2590
1943	1	2473
1943	2	4766
1943	3	5872
1943	4	9388
1943	5	2578
1943	6	12656
1943	7	4763
1943	8	557
1943	9	885
1943	10	3807
1943	11	4223
1943	12	3716
1944	1	3221
1944	2	1060
1944	3	3649
1944	4	5271
1944	5	1381
1944	6	6486
1944	7	601
1944	8	505
1944	9	603
1944	10	904
1944	11	1175
1944	12	1027
1945	1	2333
1945	2	2347
1945	3	2271
1945	4	2590
1945	5	2642
1945	6	5731
1945	7	1067
1945	8	554
1945	9	611
1945	10	2465
1945	11	5323
1945	12	5779
1946	1	6580
1946	2	5761
1946	3	5729
1946	4	10014
1946	5	1802
1946	6	3989
1946	7	425
1946	8	504
1946	9	687
1946	10	2538
1946	11	3670
1946	12	3985
1947	1	4369
1947	2	4340
1947	3	1528
1947	4	2169
1947	5	2443
1947	6	8477
1947	7	456
1947	8	677
1947	9	819
1947	10	1993
1947	11	2768
1947	12	4068
1948	1	4059
1948	2	2811
1948	3	2058
1948	4	5284
1948	5	5885
1948	6	8957
1948	7	723
1948	8	673
1948	9	733
1948	10	1215
1948	11	1655
1948	12	4599
1949	1	5793
1949	2	7049
1949	3	6377
1949	4	2779
1949	5	533
1949	6	2462
1949	7	561
1949	8	769
1949	9	1010
1949	10	2678
1949	11	2442
1949	12	2245
1950	1	3252
1950	2	4193
1950	3	5446
1950	4	8448
1950	5	5123
1950	6	8674
1950	7	5299
1950	8	870
1950	9	1040
1950	10	3166
1950	11	3514
1950	12	4388
1951	1	7561
1951	2	10600
1951	3	9976
1951	4	4940
1951	5	9334
1951	6	3277
1951	7	892
1951	8	1151
1951	9	1144
1951	10	4443
1951	11	4645
1951	12	4598
1952	1	5838
1952	2	9461
1952	3	10228
1952	4	11003
1952	5	7751
1952	6	5619
1952	7	1525
1952	8	800
1952	9	734
1952	10	1734
1952	11	736
1952	12	1416
1953	1	2466
1953	2	4246
1953	3	5415
1953	4	2446
1953	5	589
1953	6	5585
1953	7	734
1953	8	794
1953	9	695
1953	10	815
1953	11	1034
1953	12	2173
1954	1	2423
1954	2	2481
1954	3	2914
1954	4	3203
1954	5	2210
1954	6	903
1954	7	821
1954	8	792
1954	9	659
1954	10	2155
1954	11	2558
1954	12	2191
1955	1	2420
1955	2	1314
1955	3	2746
1955	4	4995
1955	5	1158
1955	6	813
1955	7	609
1955	8	448
1955	9	471
1955	10	1061
1955	11	824
1955	12	1182
1956	1	3208
1956	2	4435
1956	3	6402
1956	4	7825
1956	5	7006
1956	6	11569
1956	7	674
1956	8	718
1956	9	804
1956	10	2539
1956	11	2247
1956	12	2543
1957	1	3337
1957	2	2777
1957	3	4810
1957	4	6087
1957	5	9825
1957	6	1515
1957	7	556
1957	8	745
1957	9	772
1957	10	1445
1957	11	1037
1957	12	1840
1958	1	2600
1958	2	2922
1958	3	3425
1958	4	3487
1958	5	1316
1958	6	701
1958	7	618
1958	8	663
1958	9	713
1958	10	1352
1958	11	1109
1958	12	1110
1959	1	1140
1959	2	1338
1959	3	1418
1959	4	675
1959	5	476
1959	6	365
1959	7	383
1959	8	464
1959	9	692
1959	10	2020
1959	11	1259
1959	12	1036
1960	1	1150
1960	2	986
1960	3	872
1960	4	1642
1960	5	342
1960	6	354
1960	7	592
1960	8	606
1960	9	664
1960	10	603
1960	11	670
1960	12	771
1961	1	814
1961	2	870
1961	3	584
1961	4	561
1961	5	453
1961	6	310
1961	7	347
1961	8	384
1961	9	408
1961	10	695
1961	11	752
1961	12	768
1962	1	841
1962	2	1186
1962	3	4323
1962	4	3927
1962	5	3965
1962	6	915
1962	7	490
1962	8	783
1962	9	875
1962	10	1896
1962	11	1407
1962	12	1912
1963	1	1652
1963	2	1398
1963	3	1378
1963	4	1202
1963	5	2664
1963	6	9582
1963	7	607
1963	8	709
1963	9	718
1963	10	656
1963	11	1399
1963	12	1969
1964	1	1916
1964	2	1733
1964	3	1712
1964	4	5054
1964	5	7369
1964	6	8482
1964	7	676
1964	8	751
1964	9	764
1964	10	1337
1964	11	3248
1964	12	3634
1965	1	5036
1965	2	10915
1965	3	10422
1965	4	8259
1965	5	5398
1965	6	842
1965	7	999
1965	8	859
1965	9	758
1965	10	2293
1965	11	3894
1965	12	9105
1966	1	8558
1966	2	7843
1966	3	4453
1966	4	491
1966	5	399
1966	6	391
1966	7	555
1966	8	716
1966	9	740
1966	10	656
1966	11	727
1966	12	896
1967	1	930
1967	2	796
1967	3	725
1967	4	584
1967	5	881
1967	6	3564
1967	7	1361
1967	8	694
1967	9	759
1967	10	1237
1967	11	2701
1967	12	4593
1968	1	4286
1968	2	4927
1968	3	1409
1968	4	455
1968	5	386
1968	6	1612
1968	7	631
1968	8	669
1968	9	832
1968	10	1648
1968	11	2981
1968	12	4555
1969	1	9080
1969	2	9089
1969	3	9481
1969	4	5256
1969	5	2707
1969	6	412
1969	7	495
1969	8	633
1969	9	744
1969	10	888
1969	11	711
1969	12	1798
1970	1	3592
1970	2	3134
1970	3	1112
1970	4	4207
1970	5	8455
1970	6	5517
1970	7	1681
1970	8	481
1970	9	781
1970	10	2690
1970	11	3554
1970	12	6464
1971	1	8570
1971	2	8958
1971	3	5840
1971	4	18830
1971	5	15455
1971	6	8912
1971	7	3330
1971	8	553
1971	9	1087
1971	10	9539
1971	11	10976
1971	12	9631
1972	1	9556
1972	2	10259
1972	3	10051
1972	4	15668
1972	5	7140
1972	6	7898
1972	7	618
1972	8	748
1972	9	977
1972	10	6946
1972	11	8642
1972	12	9342
1973	1	9000
1973	2	9077
1973	3	7898
1973	4	6142
1973	5	541
1973	6	381
1973	7	400
1973	8	423
1973	9	452
1973	10	757
1973	11	1944
1973	12	3664
1974	1	3952
1974	2	7453
1974	3	12276
1974	4	15333
1974	5	11105
1974	6	6691
1974	7	2570
1974	8	605
1974	9	650
1974	10	1797
1974	11	3270
1974	12	5771
1975	1	7148
1975	2	7570
1975	3	9701
1975	4	14173
1975	5	12932
1975	6	5213
1975	7	408
1975	8	501
1975	9	998
1975	10	3149
1975	11	4980
1975	12	7779
1976	1	8239
1976	2	8895
1976	3	10805
1976	4	17280
1976	5	16070
1976	6	7414
1976	7	398
1976	8	619
1976	9	1224
1976	10	3354
1976	11	4004
1976	12	5613
1977	1	4378
1977	2	3551
1977	3	2838
1977	4	483
1977	5	343
1977	6	357
1977	7	384
1977	8	405
1977	9	408
1977	10	386
1977	11	609
1977	12	954
1978	1	1398
1978	2	1797
1978	3	2732
1978	4	5713
1978	5	4817
1978	6	496
1978	7	617
1978	8	797
1978	9	1356
1978	10	2159
1978	11	4224
1978	12	4680
1979	1	6602
1979	2	6317
1979	3	8375
1979	4	6410
1979	5	549
1979	6	428
1979	7	534
1979	8	1958
1979	9	955
1979	10	484
1979	11	751
1979	12	870
1980	1	1017
1980	2	849
1980	3	1180
1980	4	2614
1980	5	6984
1980	6	8552
1980	7	512
1980	8	651
1980	9	624
1980	10	696
1980	11	2528
1980	12	3043
1981	1	2997
1981	2	1638
1981	3	1315
1981	4	3762
1981	5	1807
1981	6	6117
1981	7	609
1981	8	654
1981	9	1290
1981	10	1923
1981	11	1701
1981	12	1634
1982	1	1872
1982	2	2706
1982	3	5400
1982	4	14510
1982	5	13285
1982	6	4400
1982	7	2527
1982	8	1815
1982	9	2464
1982	10	5283
1982	11	10459
1982	12	11070
1983	1	10657
1983	2	8244
1983	3	4499
1983	4	8995
1983	5	16283
1983	6	12635
1983	7	6179
1983	8	1874
1983	9	2273
1983	10	8686
1983	11	12115
1983	12	12034
1984	1	14845
1984	2	7482
1984	3	5025
1984	4	14373
1984	5	18229
1984	6	19887
1984	7	4585
1984	8	2938
1984	9	2384
1984	10	10446
1984	11	13240
1984	12	9075
1985	1	11513
1985	2	9780
1985	3	7700
1985	4	9699
1985	5	5778
1985	6	1759
1985	7	1430
1985	8	1819
1985	9	1872
1985	10	1514
1985	11	3458
1985	12	4901
1986	1	5724
1986	2	6735
1986	3	14300
1986	4	16836
1986	5	17096
1986	6	12576
1986	7	1421
1986	8	1449
1986	9	2254
1986	10	9642
1986	11	8050
1986	12	10867
1987	1	7958
1987	2	2721
1987	3	1566
1987	4	936
1987	5	446
1987	6	541
1987	7	1079
1987	8	1103
1987	9	1554
1987	10	1942
1987	11	1248
1987	12	1123
1988	1	1114
1988	2	1066
1988	3	437
1988	4	259
1988	5	309
1988	6	662
1988	7	912
1988	8	955
1988	9	549
1988	10	622
1988	11	1088
1988	12	991
1989	1	967
1989	2	1058
1989	3	830
1989	4	369
1989	5	306
1989	6	607
1989	7	1103
1989	8	1129
1989	9	914
1989	10	774
1989	11	1770
1989	12	1778
1990	1	1224
1990	2	1035
1990	3	353
1990	4	270
1990	5	318
1990	6	359
1990	7	712
1990	8	681
1990	9	714
1990	10	420
1990	11	1050
1990	12	935
1991	1	1757
1991	2	950
1991	3	331
1991	4	249
1991	5	293
1991	6	318
1991	7	780
1991	8	902
1991	9	600
1991	10	755
1991	11	942
1991	12	1300
1992	1	1458
1992	2	960
1992	3	482
1992	4	275
1992	5	260
1992	6	276
1992	7	314
1992	8	335
1992	9	394
1992	10	669
1992	11	877
1992	12	1130
1993	1	1224
1993	2	768
1993	3	1026
1993	4	701
1993	5	1130
1993	6	5474
1993	7	1568
1993	8	1478
1993	9	596
1993	10	793
1993	11	1875
1993	12	2873
1994	1	2848
1994	2	2323
1994	3	2445
1994	4	2048
1994	5	1908
1994	6	1872
1994	7	1911
1994	8	901
1994	9	600
1994	10	580
1994	11	757
1994	12	864
1995	1	1028
1995	2	802
1995	3	505
1995	4	447
1995	5	6629
1995	6	8408
1995	7	2029
1995	8	1990
1995	9	1666
1995	10	648
1995	11	2643
1995	12	3408
1996	1	4724
1996	2	7805
1996	3	17400
1996	4	14360
1996	5	5968
1996	6	7818
1996	7	2534
1996	8	2055
1996	9	985
1996	10	729
1996	11	2563
1996	12	3811
1997	1	9206
1997	2	18328
1997	3	19429
1997	4	13243
1997	5	8738
1997	6	24146
1997	7	3669
1997	8	4260
1997	9	7039
1997	10	7027
1997	11	5965
1997	12	8168
1998	1	6980
1998	2	7328
1998	3	7388
1998	4	9314
1998	5	10849
1998	6	9575
1998	7	2810
1998	8	2056
1998	9	2112
1998	10	2322
1998	11	4818
1998	12	8334
1999	1	8603
1999	2	8116
1999	3	7856
1999	4	10083
1999	5	10409
1999	6	11796
1999	7	1999
1999	8	2086
1999	9	1783
1999	10	2468
1999	11	4090
1999	12	4824
2000	1	7032
2000	2	3153
2000	3	3340
2000	4	4907
2000	5	774
2000	6	878
2000	7	1971
2000	8	2043
2000	9	1218
2000	10	1263
2000	11	1159
2000	12	1024
2001	1	906
2001	2	905
2001	3	819
2001	4	489
2001	5	1055
2001	6	378
2001	7	349
2001	8	379
2001	9	397
2001	10	511
2001	11	943
2001	12	978
2002	1	891
2002	2	830
2002	3	828
2002	4	234
2002	5	232
2002	6	267
2002	7	452
2002	8	605
2002	9	632
2002	10	730
2002	11	806
2002	12	883
2003	1	800
2003	2	876
2003	3	825
2003	4	457
2003	5	467
2003	6	475
2003	7	326
2003	8	342
2003	9	374
2003	10	371
2003	11	724
2003	12	819
2004	1	764
2004	2	795
2004	3	797
2004	4	512
2004	5	482
2004	6	396
2004	7	310
2004	8	322
2004	9	333
2004	10	448
2004	11	803
2004	12	898
2005	1	857
2005	2	841
2005	3	740
2005	4	453
2005	5	429
2005	6	872
2005	7	1881
2005	8	676
2005	9	336
2005	10	766
2005	11	935
2005	12	544
2006	1	980
2006	2	2699
2006	3	2621
2006	4	9872
2006	5	5942
2006	6	660
2006	7	2903
2006	8	1351
2006	9	622
2006	10	776
2006	11	757
2006	12	2204
2007	1	3158
2007	2	2142
2007	3	1273
2007	4	751
2007	5	468
2007	6	896
2007	7	1934
2007	8	997
2007	9	512
2007	10	511
2007	11	520
2007	12	837
2008	1	855
2008	2	879
2008	3	740
2008	4	454
2008	5	496
2008	6	513
2008	7	2430
2008	8	2405
2008	9	597
2008	10	587
2008	11	920
2008	12	1010
2009	1	1055
2009	2	957
2009	3	922
2009	4	8475
2009	5	5466
2009	6	6725
2009	7	5094
2009	8	1233
2009	9	725
2009	10	1571
2009	11	1550
2009	12	2535
2010	1	3007
2010	2	2664
2010	3	1646
2010	4	811
2010	5	2831
2010	6	510
2010	7	1090
2010	8	1059
2010	9	797
2010	10	989
2010	11	1115
2010	12	852
2011	1	4171
2011	2	4644
2011	3	3798
2011	4	10502
2011	5	15711
2011	6	13637
2011	7	4489
2011	8	4362
2011	9	5429
2011	10	6260
2011	11	6152
2011	12	6194
2012	1	4520
2012	2	4525
2012	3	4774
2012	4	4434
2012	5	713
2012	6	2720
2012	7	1888
2012	8	1147
2012	9	380
2012	10	338
2012	11	449
2012	12	824
2013	1	758
2013	2	837
2013	3	573
2013	4	230
2013	5	2615
2013	6	521
2013	7	772
2013	8	784
2013	9	291
2013	10	379
2013	11	765
2013	12	744
2014	1	768
2014	2	713
2014	3	454
2014	4	226
2014	5	262
2014	6	2665
2014	7	2133
2014	8	655
