1947	1	6002
1947	2	5953
1947	3	3040
1947	4	3712
1947	5	4063
1947	6	10451
1947	7	2200
1947	8	2551
1947	9	2858
1947	10	3939
1947	11	4537
1947	12	5734
1948	1	5628
1948	2	4400
1948	3	3567
1948	4	6802
1948	5	7552
1948	6	10723
1948	7	2542
1948	8	2535
1948	9	2835
1948	10	3160
1948	11	3443
1948	12	6186
1949	1	7345
1949	2	8695
1949	3	7960
1949	4	4389
1949	5	2288
1949	6	4283
1949	7	2385
1949	8	2655
1949	9	3103
1949	10	4602
1949	11	4255
1949	12	3927
1950	1	4796
1950	2	5609
1950	3	6791
1950	4	10080
1950	5	6851
1950	6	10425
1950	7	7280
1950	8	2776
1950	9	3111
1950	10	5134
1950	11	5341
1950	12	6056
1951	1	8885
1951	2	11821
1951	3	11245
1951	4	6629
1951	5	11093
1951	6	5240
1951	7	2670
1951	8	3092
1951	9	3234
1951	10	6521
1951	11	6313
1951	12	6179
1952	1	7312
1952	2	11011
1952	3	11645
1952	4	12566
1952	5	9476
1952	6	7545
1952	7	3491
1952	8	2770
1952	9	2946
1952	10	3916
1952	11	2658
1952	12	3172
1953	1	4177
1953	2	5795
1953	3	6940
1953	4	4217
1953	5	2519
1953	6	7626
1953	7	2499
1953	8	2672
1953	9	2846
1953	10	2890
1953	11	2907
1953	12	3889
1954	1	4034
1954	2	4011
1954	3	4396
1954	4	4871
1954	5	3880
1954	6	3079
1954	7	2677
1954	8	2714
1954	9	2802
1954	10	4212
1954	11	4465
1954	12	3954
1955	1	4047
1955	2	2910
1955	3	4173
1955	4	6488
1955	5	2908
1955	6	2623
1955	7	2464
1955	8	2397
1955	9	2625
1955	10	3042
1955	11	2692
1955	12	2870
1956	1	4804
1956	2	5879
1956	3	7667
1956	4	9362
1956	5	8676
1956	6	13246
1956	7	2506
1956	8	2703
1956	9	3003
1956	10	4537
1956	11	4039
1956	12	4204
1957	1	4872
1957	2	4301
1957	3	6198
1957	4	7696
1957	5	11702
1957	6	3528
1957	7	2367
1957	8	2677
1957	9	2982
1957	10	3517
1957	11	2895
1957	12	3618
1958	1	4438
1958	2	4730
1958	3	5188
1958	4	5387
1958	5	3089
1958	6	2694
1958	7	2488
1958	8	2659
1958	9	2910
1958	10	3442
1958	11	2946
1958	12	2816
1959	1	2850
1959	2	2962
1959	3	2982
1959	4	2398
1959	5	2369
1959	6	2257
1959	7	2266
1959	8	2455
1959	9	2940
1959	10	3984
1959	11	2968
1959	12	2656
1960	1	2656
1960	2	2435
1960	3	2202
1960	4	3175
1960	5	1970
1960	6	2153
1960	7	2374
1960	8	2544
1960	9	2721
1960	10	2630
1960	11	2431
1960	12	2357
1961	1	2250
1961	2	2238
1961	3	1926
1961	4	2038
1961	5	1968
1961	6	1904
1961	7	1982
1961	8	2081
1961	9	2269
1961	10	2445
1961	11	2304
1961	12	2197
1962	1	2154
1962	2	2455
1962	3	5464
1962	4	5266
1962	5	5727
1962	6	2746
1962	7	2170
1962	8	2630
1962	9	2923
1962	10	3916
1962	11	3150
1962	12	3411
1963	1	3014
1963	2	2745
1963	3	2653
1963	4	2700
1963	5	4250
1963	6	11623
1963	7	2312
1963	8	2540
1963	9	2734
1963	10	2694
1963	11	3163
1963	12	3529
1964	1	3328
1964	2	3049
1964	3	2973
1964	4	6753
1964	5	9549
1964	6	10840
1964	7	2313
1964	8	2535
1964	9	2804
1964	10	3402
1964	11	5384
1964	12	5591
1965	1	6375
1965	2	12224
1965	3	11750
1965	4	9772
1965	5	7281
1965	6	2833
1965	7	2982
1965	8	2953
1965	9	3046
1965	10	4471
1965	11	5962
1965	12	10928
1966	1	10018
1966	2	9204
1966	3	5839
1966	4	2121
1966	5	1985
1966	6	2109
1966	7	2303
1966	8	2544
1966	9	2686
1966	10	2627
1966	11	2408
1966	12	2396
1967	1	2293
1967	2	2064
1967	3	1957
1967	4	2063
1967	5	2449
1967	6	5366
1967	7	3088
1967	8	2491
1967	9	2854
1967	10	3444
1967	11	4718
1967	12	6299
1968	1	5786
1968	2	6437
1968	3	2884
1968	4	2029
1968	5	2022
1968	6	3540
1968	7	2417
1968	8	2825
1968	9	2956
1968	10	3702
1968	11	4856
1968	12	6137
1969	1	10676
1969	2	10621
1969	3	10888
1969	4	6933
1969	5	4500
1969	6	2312
1969	7	2361
1969	8	2447
1969	9	2819
1969	10	2893
1969	11	2472
1969	12	3381
1970	1	5186
1970	2	4663
1970	3	2552
1970	4	5826
1970	5	10282
1970	6	7428
1970	7	3534
1970	8	2318
1970	9	2918
1970	10	4636
1970	11	5228
1970	12	7944
1971	1	10167
1971	2	10382
1971	3	6966
1971	4	20566
1971	5	17605
1971	6	11000
1971	7	5285
1971	8	2413
1971	9	3205
1971	10	11734
1971	11	12987
1971	12	11461
1972	1	11291
1972	2	11796
1972	3	11817
1972	4	18230
1972	5	9168
1972	6	9952
1972	7	2591
1972	8	2713
1972	9	3251
1972	10	9022
1972	11	10578
1972	12	11157
1973	1	10627
1973	2	10561
1973	3	9358
1973	4	7656
1973	5	2285
1973	6	2201
1973	7	2173
1973	8	2319
1973	9	2756
1973	10	2796
1973	11	3703
1973	12	5430
1974	1	5566
1974	2	8933
1974	3	13657
1974	4	16776
1974	5	12967
1974	6	8583
1974	7	4429
1974	8	2424
1974	9	2706
1974	10	3835
1974	11	5205
1974	12	7509
1975	1	8705
1975	2	9092
1975	3	11109
1975	4	15643
1975	5	14916
1975	6	7350
1975	7	2161
1975	8	2399
1975	9	3158
1975	10	5287
1975	11	6922
1975	12	9542
1976	1	9877
1976	2	10451
1976	3	12124
1976	4	18516
1976	5	17612
1976	6	9658
1976	7	2177
1976	8	2688
1976	9	3450
1976	10	5478
1976	11	5883
1976	12	7401
1977	1	5977
1977	2	5038
1977	3	4333
1977	4	2065
1977	5	1965
1977	6	1957
1977	7	2051
1977	8	2126
1977	9	2187
1977	10	2124
1977	11	2133
1977	12	2371
1978	1	2696
1978	2	3040
1978	3	4082
1978	4	7292
1978	5	6565
1978	6	2232
1978	7	2254
1978	8	2510
1978	9	3334
1978	10	3815
1978	11	5738
1978	12	5999
1979	1	7929
1979	2	7456
1979	3	9455
1979	4	7605
1979	5	2101
1979	6	2051
1979	7	2123
1979	8	3571
1979	9	2842
1979	10	2349
1979	11	2298
1979	12	2263
1980	1	2319
1980	2	2126
1980	3	2433
1980	4	4117
1980	5	9014
1980	6	10552
1980	7	2222
1980	8	2479
1980	9	2740
1980	10	2603
1980	11	4206
1980	12	4637
1981	1	4490
1981	2	2972
1981	3	2524
1981	4	5256
1981	5	3361
1981	6	8054
1981	7	2235
1981	8	2426
1981	9	3361
1981	10	3727
1981	11	3138
1981	12	2960
1982	1	3061
1982	2	3934
1982	3	6515
1982	4	15226
1982	5	14370
1982	6	6115
1982	7	4321
1982	8	3482
1982	9	4461
1982	10	7167
1982	11	11910
1982	12	12354
1983	1	11860
1983	2	9455
1983	3	5690
1983	4	10232
1983	5	17212
1983	6	14013
1983	7	7917
1983	8	3701
1983	9	4207
1983	10	10348
1983	11	13473
1983	12	13346
1984	1	15954
1984	2	8781
1984	3	6264
1984	4	15343
1984	5	19590
1984	6	20883
1984	7	6330
1984	8	4634
1984	9	4515
1984	10	12261
1984	11	14763
1984	12	10461
1985	1	12980
1985	2	11438
1985	3	8921
1985	4	11255
1985	5	7353
1985	6	3578
1985	7	3058
1985	8	3610
1985	9	4067
1985	10	3710
1985	11	5317
1985	12	6738
1986	1	7580
1986	2	8437
1986	3	15342
1986	4	18033
1986	5	18303
1986	6	14242
1986	7	3321
1986	8	3296
1986	9	4591
1986	10	12036
1986	11	9842
1986	12	12522
1987	1	9577
1987	2	4031
1987	3	2896
1987	4	2374
1987	5	1990
1987	6	2223
1987	7	2865
1987	8	2943
1987	9	3619
1987	10	3891
1987	11	2852
1987	12	2610
1988	1	2497
1988	2	2372
1988	3	1687
1988	4	1639
1988	5	1905
1988	6	2332
1988	7	2648
1988	8	2825
1988	9	2658
1988	10	2500
1988	11	2676
1988	12	2389
1989	1	2236
1989	2	2231
1989	3	2115
1989	4	1795
1989	5	1884
1989	6	2150
1989	7	2698
1989	8	3046
1989	9	3116
1989	10	2898
1989	11	3226
1989	12	3024
1990	1	2458
1990	2	2221
1990	3	1598
1990	4	1550
1990	5	1855
1990	6	2221
1990	7	2379
1990	8	2414
1990	9	2706
1990	10	2532
1990	11	2672
1990	12	2346
1991	1	3030
1991	2	2256
1991	3	1545
1991	4	1618
1991	5	2023
1991	6	2079
1991	7	2395
1991	8	2742
1991	9	2831
1991	10	2750
1991	11	2566
1991	12	2740
1992	1	2822
1992	2	2253
1992	3	1703
1992	4	1670
1992	5	1633
1992	6	1736
1992	7	1816
1992	8	1807
1992	9	1876
1992	10	2191
1992	11	2243
1992	12	2339
1993	1	2293
1993	2	1883
1993	3	2140
1993	4	1892
1993	5	2597
1993	6	6892
1993	7	2990
1993	8	3153
1993	9	2405
1993	10	2622
1993	11	3245
1993	12	4154
1994	1	4052
1994	2	3402
1994	3	3455
1994	4	3268
1994	5	3181
1994	6	3164
1994	7	3258
1994	8	2545
1994	9	2424
1994	10	2586
1994	11	2278
1994	12	2202
1995	1	2268
1995	2	2005
1995	3	1703
1995	4	1703
1995	5	7762
1995	6	9777
1995	7	3487
1995	8	3535
1995	9	3580
1995	10	2630
1995	11	4056
1995	12	4709
1996	1	5899
1996	2	8575
1996	3	17922
1996	4	15237
1996	5	7342
1996	6	8887
1996	7	4022
1996	8	3586
1996	9	2935
1996	10	2605
1996	11	4014
1996	12	5156
1997	1	10261
1997	2	19571
1997	3	21106
1997	4	14693
1997	5	10089
1997	6	26480
1997	7	5293
1997	8	5811
1997	9	8770
1997	10	8773
1997	11	7598
1997	12	9260
1998	1	7960
1998	2	8376
1998	3	8695
1998	4	10634
1998	5	12469
1998	6	11019
1998	7	4283
1998	8	3541
1998	9	3891
1998	10	4056
1998	11	6192
1998	12	9639
1999	1	9645
1999	2	9250
1999	3	9101
1999	4	11242
1999	5	11755
1999	6	13186
1999	7	3434
1999	8	3666
1999	9	3583
1999	10	4371
1999	11	5755
1999	12	6366
2000	1	8674
2000	2	4493
2000	3	4560
2000	4	6750
2000	5	2330
2000	6	2328
2000	7	3448
2000	8	3710
2000	9	3160
2000	10	3119
2000	11	2630
2000	12	2363
2001	1	2138
2001	2	2047
2001	3	1884
2001	4	1757
2001	5	2330
2001	6	1721
2001	7	1785
2001	8	1889
2001	9	2089
2001	10	2175
2001	11	2329
2001	12	2308
2002	1	2158
2002	2	2019
2002	3	1999
2002	4	1550
2002	5	1709
2002	6	1623
2002	7	1814
2002	8	2150
2002	9	2353
2002	10	2358
2002	11	2105
2002	12	2120
2003	1	1974
2003	2	2003
2003	3	1925
2003	4	1695
2003	5	1824
2003	6	1761
2003	7	1698
2003	8	1909
2003	9	2056
2003	10	1959
2003	11	2043
2003	12	2064
2004	1	1920
2004	2	1924
2004	3	1865
2004	4	1714
2004	5	1822
2004	6	1715
2004	7	1662
2004	8	1739
2004	9	1894
2004	10	2103
2004	11	2137
2004	12	2114
2005	1	1961
2005	2	1879
2005	3	1756
2005	4	1575
2005	5	1929
2005	6	2147
2005	7	3043
2005	8	2087
2005	9	1863
2005	10	2258
2005	11	2118
2005	12	1651
2006	1	2043
2006	2	3963
2006	3	3959
2006	4	11500
2006	5	7888
2006	6	2124
2006	7	4450
2006	8	3033
2006	9	2455
2006	10	2526
2006	11	2119
2006	12	3494
2007	1	4494
2007	2	3276
2007	3	2440
2007	4	2045
2007	5	1786
2007	6	2232
2007	7	3380
2007	8	2649
2007	9	2251
2007	10	2222
2007	11	1921
2007	12	2148
2008	1	2078
2008	2	2052
2008	3	1882
2008	4	1674
2008	5	1853
2008	6	1943
2008	7	3787
2008	8	3844
2008	9	2229
2008	10	2195
2008	11	2312
2008	12	2301
2009	1	2279
2009	2	2164
2009	3	2054
2009	4	10128
2009	5	7366
2009	6	8569
2009	7	7010
2009	8	2819
2009	9	2496
2009	10	3246
2009	11	2819
2009	12	3723
2010	1	4224
2010	2	3796
2010	3	2850
2010	4	2083
2010	5	4324
2010	6	2088
2010	7	2428
2010	8	2600
2010	9	2577
2010	10	2841
2010	11	2491
2010	12	2106
2011	1	5495
2011	2	5979
2011	3	5058
2011	4	12219
2011	5	18819
2011	6	16199
2011	7	5912
2011	8	5902
2011	9	7305
2011	10	8353
2011	11	7738
2011	12	7600
2012	1	5857
2012	2	5710
2012	3	5949
2012	4	5986
2012	5	2189
2012	6	4035
2012	7	3345
2012	8	2634
2012	9	2076
2012	10	2084
2012	11	1766
2012	12	2097
2013	1	1914
2013	2	1958
2013	3	1666
2013	4	1535
2013	5	3968
2013	6	1887
2013	7	2103
2013	8	2359
2013	9	2091
2013	10	1977
2013	11	2054
2013	12	1938
2014	1	1860
2014	2	1780
2014	3	1502
2014	4	1492
2014	5	1703
2014	6	3819
2014	7	3304
2014	8	2401
2014	9	2147
2014	10	2282
2014	11	1820
2014	12	2072
2015	1	2686
2015	2	3458
2015	3	1819
2015	4	1549
2015	5	3079
2015	6	3341
2015	7	2436
2015	8	1984
2015	9	2078
