1947	8	438
1947	9	355
1947	10	577
1947	11	335
1947	12	89
1948	1	921
1948	2	935
1948	3	587
1948	4	1936
1948	5	3698
1948	6	4807
1948	7	1690
1948	8	1881
1948	9	327
1948	10	271
1948	11	108
1948	12	141
1949	1	718
1949	2	872
1949	3	594
1949	4	2232
1949	5	3027
1949	6	1661
1949	7	1927
1949	8	2220
1949	9	1202
1949	10	337
1949	11	233
1949	12	369
1950	1	309
1950	2	512
1950	3	689
1950	4	2509
1950	5	2617
1950	6	1780
1950	7	1864
1950	8	2194
1950	9	1752
1950	10	506
1950	11	1256
1950	12	695
1951	1	478
1951	2	641
1951	3	1697
1951	4	2831
1951	5	3214
1951	6	2998
1951	7	1809
1951	8	615
1951	9	692
1951	10	495
1951	11	816
1951	12	629
1952	1	284
1952	2	289
1952	3	299
1952	4	3294
1952	5	4302
1952	6	4516
1952	7	2796
1952	8	2226
1952	9	884
1952	10	337
1952	11	223
1952	12	282
1953	1	383
1953	2	462
1953	3	385
1953	4	1008
1953	5	1248
1953	6	5285
1953	7	1562
1953	8	1953
1953	9	1391
1953	10	1302
1953	11	841
1953	12	726
1954	1	542
1954	2	379
1954	3	546
1954	4	2960
1954	5	2768
1954	6	2225
1954	7	1892
1954	8	1475
1954	9	1309
1954	10	1435
1954	11	420
1954	12	493
1955	1	621
1955	2	405
1955	3	323
1955	4	566
1955	5	1027
1955	6	1530
1955	7	1294
1955	8	1656
1955	9	1816
1955	10	1025
1955	11	392
1955	12	825
1956	1	596
1956	2	564
1956	3	1848
1956	4	3372
1956	5	3002
1956	6	2477
1956	7	1409
1956	8	2009
1956	9	980
1956	10	1244
1956	11	421
1956	12	353
1957	1	329
1957	2	542
1957	3	697
1957	4	1090
1957	5	3817
1957	6	3604
1957	7	1194
1957	8	2559
1957	9	1554
1957	10	860
1957	11	989
1957	12	966
1958	1	759
1958	2	545
1958	3	724
1958	4	2189
1958	5	2419
1958	6	2706
1958	7	1679
1958	8	2028
1958	9	1935
1958	10	482
1958	11	286
1958	12	338
1959	1	432
1959	2	551
1959	3	1171
1959	4	1329
1959	5	1370
1959	6	2166
1959	7	1031
1959	8	2016
1959	9	1972
1959	10	574
1959	11	566
1959	12	1105
1960	1	455
1960	2	406
1960	3	715
1960	4	1085
1960	5	2571
1960	6	2864
1960	7	2056
1960	8	2235
1960	9	1588
1960	10	1162
1960	11	568
1960	12	1101
1961	1	1180
1961	2	616
1961	3	483
1961	4	749
1961	5	753
1961	6	821
1961	7	1610
1961	8	1807
1961	9	1986
1961	10	1046
1961	11	993
1961	12	969
1962	1	1008
1962	2	497
1962	3	438
1962	4	1100
1962	5	851
1962	6	666
1962	7	1035
1962	8	2049
1962	9	1401
1962	10	669
1962	11	510
1962	12	788
1963	1	933
1963	2	671
1963	3	623
1963	4	1752
1963	5	2912
1963	6	3817
1963	7	1145
1963	8	1763
1963	9	1831
1963	10	1155
1963	11	716
1963	12	726
1964	1	720
1964	2	834
1964	3	646
1964	4	708
1964	5	1029
1964	6	2803
1964	7	1506
1964	8	1810
1964	9	2017
1964	10	1336
1964	11	694
1964	12	893
1965	1	1294
1965	2	3371
1965	3	2740
1965	4	2231
1965	5	2579
1965	6	3131
1965	7	1101
1965	8	1460
1965	9	1675
1965	10	1079
1965	11	259
1965	12	292
1966	1	918
1966	2	1187
1966	3	769
1966	4	1258
1966	5	1030
1966	6	1077
1966	7	2126
1966	8	2420
1966	9	2106
1966	10	1214
1966	11	1120
1966	12	1073
1967	1	877
1967	2	666
1967	3	363
1967	4	625
1967	5	1048
1967	6	1029
1967	7	1326
1967	8	1857
1967	9	2187
1967	10	1170
1967	11	767
1967	12	745
1968	1	979
1968	2	924
1968	3	549
1968	4	797
1968	5	732
1968	6	558
1968	7	1491
1968	8	1578
1968	9	2325
1968	10	1017
1968	11	326
1968	12	705
1969	1	718
1969	2	1668
1969	3	2253
1969	4	1823
1969	5	1488
1969	6	1804
1969	7	1255
1969	8	2009
1969	9	2521
1969	10	1147
1969	11	789
1969	12	1024
1970	1	716
1970	2	395
1970	3	1141
1970	4	1304
1970	5	1372
1970	6	3328
1970	7	1773
1970	8	1844
1970	9	1656
1970	10	1243
1970	11	785
1970	12	713
1971	1	1057
1971	2	2178
1971	3	2625
1971	4	3759
1971	5	2618
1971	6	4075
1971	7	2095
1971	8	1633
1971	9	1585
1971	10	1009
1971	11	486
1971	12	1430
1972	1	1658
1972	2	1583
1972	3	3352
1972	4	2272
1972	5	1449
1972	6	2075
1972	7	1591
1972	8	1971
1972	9	1690
1972	10	1112
1972	11	475
1972	12	644
1973	1	890
1973	2	873
1973	3	378
1973	4	610
1973	5	726
1973	6	695
1973	7	1398
1973	8	1831
1973	9	2508
1973	10	801
1973	11	518
1973	12	543
1974	1	1058
1974	2	2465
1974	3	3544
1974	4	3662
1974	5	2130
1974	6	3736
1974	7	2716
1974	8	1737
1974	9	1633
1974	10	1038
1974	11	652
1974	12	1021
1975	1	1016
1975	2	791
1975	3	1227
1975	4	1950
1975	5	2561
1975	6	1513
1975	7	1051
1975	8	1717
1975	9	1818
1975	10	1034
1975	11	371
1975	12	1041
1976	1	1449
1976	2	1714
1976	3	1769
1976	4	2017
1976	5	1961
1976	6	1597
1976	7	1221
1976	8	1775
1976	9	1853
1976	10	1065
1976	11	359
1976	12	760
1977	1	844
1977	2	432
1977	3	223
1977	4	808
1977	5	879
1977	6	644
1977	7	1293
1977	8	1353
1977	9	797
1977	10	194
1977	11	215
1977	12	505
1978	1	343
1978	2	574
1978	3	952
1978	4	1603
1978	5	2069
1978	6	3090
1978	7	1917
1978	8	1698
1978	9	1364
1978	10	1047
1978	11	800
1978	12	1053
1979	1	947
1979	2	856
1979	3	975
1979	4	789
1979	5	843
1979	6	1132
1979	7	1845
1979	8	2196
1979	9	1988
1979	10	1326
1979	11	178
1979	12	200
1980	1	295
1980	2	367
1980	3	419
1980	4	1167
1980	5	2098
1980	6	3089
1980	7	1355
1980	8	1960
1980	9	1962
1980	10	1169
1980	11	732
1980	12	767
1981	1	489
1981	2	578
1981	3	502
1981	4	776
1981	5	2784
1981	6	3550
1981	7	1231
1981	8	2282
1981	9	2499
1981	10	270
1981	11	397
1981	12	491
1982	1	521
1982	2	2301
1982	3	3002
1982	4	3533
1982	5	3085
1982	6	3191
1982	7	2947
1982	8	872
1982	9	2167
1982	10	1095
1982	11	787
1982	12	1710
1983	1	1860
1983	2	726
1983	3	2002
1983	4	2949
1983	5	2919
1983	6	3269
1983	7	1763
1983	8	1631
1983	9	1441
1983	10	1353
1983	11	1055
1983	12	1269
1984	1	1288
1984	2	441
1984	3	674
1984	4	3211
1984	5	3066
1984	6	3874
1984	7	2255
1984	8	2215
1984	9	2075
1984	10	1196
1984	11	378
1984	12	380
1985	1	546
1985	2	390
1985	3	339
1985	4	1210
1985	5	1615
1985	6	1267
1985	7	1416
1985	8	2050
1985	9	2040
1985	10	856
1985	11	301
1985	12	341
1986	1	365
1986	2	858
1986	3	3214
1986	4	3379
1986	5	1960
1986	6	2240
1986	7	701
1986	8	2201
1986	9	2256
1986	10	612
1986	11	329
1986	12	297
1987	1	310
1987	2	344
1987	3	577
1987	4	591
1987	5	584
1987	6	749
1987	7	1125
1987	8	1859
1987	9	1434
1987	10	585
1987	11	289
1987	12	339
1988	1	303
1988	2	329
1988	3	443
1988	4	684
1988	5	563
1988	6	406
1988	7	919
1988	8	1465
1988	9	1390
1988	10	267
1988	11	282
1988	12	228
1989	1	236
1989	2	249
1989	3	683
1989	4	1347
1989	5	1653
1989	6	1761
1989	7	1369
1989	8	1817
1989	9	1459
1989	10	549
1989	11	314
1989	12	269
1990	1	303
1990	2	253
1990	3	429
1990	4	776
1990	5	590
1990	6	1825
1990	7	744
1990	8	1131
1990	9	1728
1990	10	705
1990	11	319
1990	12	510
1991	1	952
1991	2	488
1991	3	352
1991	4	442
1991	5	606
1991	6	558
1991	7	1570
1991	8	1389
1991	9	1543
1991	10	480
1991	11	320
1991	12	337
1992	1	954
1992	2	549
1992	3	444
1992	4	598
1992	5	469
1992	6	973
1992	7	996
1992	8	1520
1992	9	740
1992	10	249
1992	11	249
1992	12	669
1993	1	732
1993	2	559
1993	3	656
1993	4	1149
1993	5	1715
1993	6	3828
1993	7	1678
1993	8	1997
1993	9	1649
1993	10	693
1993	11	280
1993	12	288
1994	1	287
1994	2	267
1994	3	383
1994	4	683
1994	5	581
1994	6	739
1994	7	1860
1994	8	1643
1994	9	1109
1994	10	278
1994	11	278
1994	12	291
1995	1	346
1995	2	597
1995	3	999
1995	4	2343
1995	5	3667
1995	6	3671
1995	7	1006
1995	8	764
1995	9	1338
1995	10	555
1995	11	329
1995	12	1982
1996	1	2005
1996	2	2562
1996	3	2653
1996	4	3059
1996	5	4088
1996	6	3816
1996	7	1422
1996	8	1379
1996	9	971
1996	10	545
1996	11	473
1996	12	1694
1997	1	3631
1997	2	3763
1997	3	3358
1997	4	2733
1997	5	2985
1997	6	3193
1997	7	1514
1997	8	1566
1997	9	874
1997	10	507
1997	11	362
1997	12	974
1998	1	324
1998	2	483
1998	3	1221
1998	4	2430
1998	5	4017
1998	6	3800
1998	7	1812
1998	8	1558
1998	9	1219
1998	10	375
1998	11	335
1998	12	861
1999	1	868
1999	2	959
1999	3	3098
1999	4	2997
1999	5	2329
1999	6	3709
1999	7	1750
1999	8	1608
1999	9	1189
1999	10	507
1999	11	806
1999	12	845
2000	1	337
2000	2	400
2000	3	1187
2000	4	1965
2000	5	1653
2000	6	2143
2000	7	1640
2000	8	1709
2000	9	1780
2000	10	460
2000	11	284
2000	12	303
2001	1	286
2001	2	317
2001	3	393
2001	4	461
2001	5	639
2001	6	1195
2001	7	1127
2001	8	1207
2001	9	952
2001	10	292
2001	11	305
2001	12	337
2002	1	334
2002	2	306
2002	3	401
2002	4	1091
2002	5	930
2002	6	1240
2002	7	1648
2002	8	1863
2002	9	1158
2002	10	507
2002	11	299
2002	12	292
2003	1	507
2003	2	528
2003	3	717
2003	4	1433
2003	5	2541
2003	6	3132
2003	7	1960
2003	8	1928
2003	9	1241
2003	10	560
2003	11	322
2003	12	345
2004	1	290
2004	2	325
2004	3	614
2004	4	776
2004	5	881
2004	6	2436
2004	7	1870
2004	8	1850
2004	9	979
2004	10	477
2004	11	342
2004	12	324
2005	1	299
2005	2	287
2005	3	474
2005	4	618
2005	5	1476
2005	6	2065
2005	7	1829
2005	8	1762
2005	9	1151
2005	10	435
2005	11	293
2005	12	434
2006	1	479
2006	2	701
2006	3	2204
2006	4	4546
2006	5	3317
2006	6	2763
2006	7	1972
2006	8	1725
2006	9	1075
2006	10	400
2006	11	297
2006	12	293
2007	1	256
2007	2	307
2007	3	637
2007	4	1161
2007	5	1472
2007	6	1559
2007	7	1804
2007	8	1659
2007	9	1073
2007	10	300
2007	11	344
2007	12	276
2008	1	264
2008	2	281
2008	3	848
2008	4	2021
2008	5	2554
2008	6	3126
2008	7	2193
2008	8	1842
2008	9	1094
2008	10	384
2008	11	332
2008	12	260
2009	1	459
2009	2	289
2009	3	495
2009	4	1569
2009	5	2052
2009	6	2879
2009	7	2262
2009	8	1716
2009	9	1210
2009	10	519
2009	11	314
2009	12	287
2010	1	298
2010	2	258
2010	3	365
2010	4	821
2010	5	859
2010	6	4652
2010	7	2225
2010	8	1687
2010	9	1232
2010	10	510
2010	11	335
2010	12	398
2011	1	439
2011	2	343
2011	3	531
2011	4	2859
2011	5	3366
2011	6	3408
2011	7	2974
2011	8	2003
2011	9	1220
2011	10	439
2011	11	285
2011	12	319
2012	1	318
2012	2	522
2012	3	1213
2012	4	3105
2012	5	3727
2012	6	2327
2012	7	2102
2012	8	1954
2012	9	1130
2012	10	368
2012	11	295
2012	12	541
2013	1	303
2013	2	299
2013	3	455
2013	4	799
2013	5	1530
2013	6	2146
2013	7	2210
2013	8	1785
2013	9	1026
2013	10	300
2013	11	296
2013	12	261
2014	1	264
2014	2	372
2014	3	869
2014	4	1500
2014	5	2392
2014	6	2365
2014	7	2064
2014	8	1662
2014	9	1217
2014	10	324
2014	11	293
2014	12	366
2015	1	321
2015	2	643
2015	3	482
2015	4	486
2015	5	627
2015	6	1798
2015	7	1961
2015	8	1791
2015	9	929
