1940	1	45
1940	2	63
1940	3	111
1940	4	187
1940	5	380
1940	6	194
1940	7	22
1940	8	7
1940	9	9
1940	10	38
1940	11	43
1940	12	52
1941	1	31
1941	2	28
1941	3	61
1941	4	112
1941	5	319
1941	6	329
1941	7	92
1941	8	15
1941	9	44
1941	10	59
1941	11	87
1941	12	103
1942	1	46
1942	2	34
1942	3	47
1942	4	268
1942	5	299
1942	6	312
1942	7	131
1942	8	16
1942	9	9
1942	10	8
1942	11	47
1942	12	58
1943	1	62
1943	2	70
1943	3	85
1943	4	314
1943	5	341
1943	6	514
1943	7	388
1943	8	37
1943	9	13
1943	10	12
1943	11	25
1943	12	16
1944	1	16
1944	2	16
1944	3	32
1944	4	128
1944	5	321
1944	6	385
1944	7	58
1944	8	12
1944	9	9
1944	10	9
1944	11	13
1944	12	12
1945	1	45
1945	2	38
1945	3	38
1945	4	111
1945	5	388
1945	6	433
1945	7	121
1945	8	16
1945	9	11
1945	10	13
1945	11	31
1945	12	41
1946	1	34
1946	2	21
1946	3	59
1946	4	262
1946	5	506
1946	6	386
1946	7	177
1946	8	21
1946	9	24
1946	10	51
1946	11	61
1946	12	136
1947	1	45
1947	2	59
1947	3	89
1947	4	184
1947	5	489
1947	6	350
1947	7	95
1947	8	15
1947	9	14
1947	10	39
1947	11	60
1947	12	67
1948	1	79
1948	2	41
1948	3	43
1948	4	161
1948	5	469
1948	6	747
1948	7	133
1948	8	27
1948	9	11
1948	10	14
1948	11	19
1948	12	25
1949	1	13
1949	2	24
1949	3	66
1949	4	224
1949	5	545
1949	6	344
1949	7	75
1949	8	15
1949	9	9
1949	10	15
1949	11	42
1949	12	40
1950	1	27
1950	2	51
1950	3	95
1950	4	162
1950	5	283
1950	6	493
1950	7	262
1950	8	31
1950	9	14
1950	10	37
1950	11	59
1950	12	73
1951	1	47
1951	2	89
1951	3	64
1951	4	213
1951	5	342
1951	6	269
1951	7	82
1951	8	16
1951	9	11
1951	10	36
1951	11	40
1951	12	41
1952	1	24
1952	2	27
1952	3	33
1952	4	254
1952	5	430
1952	6	435
1952	7	162
1952	8	22
1952	9	12
1952	10	8
1952	11	8
1952	12	7
1953	1	40
1953	2	65
1953	3	55
1953	4	173
1953	5	314
1953	6	435
1953	7	247
1953	8	34
1953	9	14
1953	10	10
1953	11	19
1953	12	36
1954	1	27
1954	2	51
1954	3	63
1954	4	167
1954	5	372
1954	6	328
1954	7	144
1954	8	25
1954	9	16
1954	10	15
1954	11	18
1954	12	17
1955	1	14
1955	2	13
1955	3	16
1955	4	64
1955	5	269
1955	6	512
1955	7	147
1955	8	23
1955	9	14
1955	10	28
1955	11	65
1955	12	87
1956	1	72
1956	2	56
1956	3	88
1956	4	282
1956	5	530
1956	6	452
1956	7	132
1956	8	23
1956	9	13
1956	10	13
1956	11	28
1956	12	70
1957	1	26
1957	2	35
1957	3	84
1957	4	151
1957	5	583
1957	6	459
1957	7	95
1957	8	20
1957	9	12
1957	10	16
1957	11	16
1957	12	23
1958	1	24
1958	2	82
1958	3	49
1958	4	156
1958	5	580
1958	6	489
1958	7	66
1958	8	18
1958	9	13
1958	10	25
1958	11	132
1958	12	193
1959	1	101
1959	2	71
1959	3	55
1959	4	198
1959	5	286
1959	6	502
1959	7	101
1959	8	17
1959	9	37
1959	10	157
1959	11	83
1959	12	46
1960	1	27
1960	2	29
1960	3	86
1960	4	170
1960	5	273
1960	6	351
1960	7	71
1960	8	17
1960	9	15
1960	10	11
1960	11	33
1960	12	38
1961	1	34
1961	2	74
1961	3	72
1961	4	160
1961	5	381
1961	6	476
1961	7	38
1961	8	11
1961	9	16
1961	10	23
1961	11	27
1961	12	23
1962	1	63
1962	2	45
1962	3	31
1962	4	239
1962	5	273
1962	6	369
1962	7	92
1962	8	18
1962	9	11
1962	10	54
1962	11	63
1962	12	84
1963	1	30
1963	2	97
1963	3	49
1963	4	73
1963	5	305
1963	6	286
1963	7	53
1963	8	14
1963	9	10
1963	10	10
1963	11	21
1963	12	20
1964	1	19
1964	2	19
1964	3	24
1964	4	98
1964	5	301
1964	6	559
1964	7	161
1964	8	24
1964	9	19
1964	10	16
1964	11	22
1964	12	104
1965	1	112
1965	2	116
1965	3	57
1965	4	206
1965	5	329
1965	6	559
1965	7	175
1965	8	35
1965	9	22
1965	10	18
1965	11	19
1965	12	17
1966	1	15
1966	2	13
1966	3	41
1966	4	134
1966	5	286
1966	6	159
1966	7	31
1966	8	9
1966	9	9
1966	10	11
1966	11	28
1966	12	50
1967	1	45
1967	2	42
1967	3	38
1967	4	53
1967	5	367
1967	6	506
1967	7	146
1967	8	16
1967	9	10
1967	10	22
1967	11	52
1967	12	55
1968	1	63
1968	2	101
1968	3	82
1968	4	80
1968	5	278
1968	6	344
1968	7	54
1968	8	16
1968	9	29
1968	10	43
1968	11	100
1968	12	49
1969	1	108
1969	2	31
1969	3	46
1969	4	189
1969	5	439
1969	6	318
1969	7	67
1969	8	14
1969	9	9
1969	10	17
1969	11	17
1969	12	21
1970	1	85
1970	2	64
1970	3	54
1970	4	66
1970	5	440
1970	6	631
1970	7	148
1970	8	19
1970	9	29
1970	10	31
1970	11	50
1970	12	44
1971	1	83
1971	2	124
1971	3	58
1971	4	115
1971	5	529
1971	6	511
1971	7	175
1971	8	23
1971	9	16
1971	10	14
1971	11	17
1971	12	16
1972	1	20
1972	2	49
1972	3	185
1972	4	106
1972	5	456
1972	6	631
1972	7	198
1972	8	26
1972	9	17
1972	10	16
1972	11	22
1972	12	47
1973	1	52
1973	2	22
1973	3	35
1973	4	80
1973	5	346
1973	6	224
1973	7	35
1973	8	10
1973	9	10
1973	10	13
1973	11	126
1973	12	100
1974	1	136
1974	2	50
1974	3	78
1974	4	141
1974	5	329
1974	6	869
1974	7	243
1974	8	31
1974	9	13
1974	10	9
1974	11	9
1974	12	13
1975	1	30
1975	2	27
1975	3	45
1975	4	49
1975	5	272
1975	6	638
1975	7	333
1975	8	37
1975	9	18
1975	10	36
1975	11	48
1975	12	119
1976	1	75
1976	2	50
1976	3	44
1976	4	147
1976	5	414
1976	6	366
1976	7	199
1976	8	37
1976	9	16
1976	10	13
1976	11	15
1976	12	11
1977	1	10
1977	2	9
1977	3	11
1977	4	107
1977	5	137
1977	6	186
1977	7	18
1977	8	11
1977	9	21
1977	10	36
1977	11	75
1977	12	169
1978	1	47
1978	2	40
1978	3	123
1978	4	222
1978	5	296
1978	6	452
1978	7	204
1978	8	30
1978	9	35
1978	10	16
1978	11	12
1978	12	13
1979	1	11
1979	2	24
1979	3	70
1979	4	109
1979	5	430
1979	6	362
1979	7	101
1979	8	18
1979	9	11
1979	10	13
1979	11	22
1979	12	36
1980	1	34
1980	2	41
1980	3	59
1980	4	215
1980	5	361
1980	6	318
1980	7	105
1980	8	19
1980	9	20
1980	10	14
1980	11	32
1980	12	106
1981	1	66
1981	2	99
1981	3	50
1981	4	163
1981	5	332
1981	6	379
1981	7	78
1981	8	16
1981	9	11
1981	10	21
1981	11	38
1981	12	78
1982	1	59
1982	2	146
1982	3	81
1982	4	119
1982	5	348
1982	6	600
1982	7	271
1982	8	32
1982	9	21
1982	10	47
1982	11	35
1982	12	32
1983	1	58
1983	2	61
1983	3	114
1983	4	100
1983	5	371
1983	6	392
1983	7	181
1983	8	27
1983	9	14
1983	10	11
1983	11	19
1983	12	18
1984	1	140
1984	2	46
1984	3	80
1984	4	119
1984	5	348
1984	6	543
1984	7	247
1984	8	31
1984	9	24
1984	10	26
1984	11	45
1984	12	23
1985	1	22
1985	2	22
1985	3	37
1985	4	237
1985	5	390
1985	6	379
1985	7	54
1985	8	20
1985	9	25
1995	5	353
1995	6	338
1995	7	145
1995	8	28
1995	9	16
1995	10	36
1995	11	149
1995	12	194
1996	1	61
1996	2	191
1996	3	93
1996	4	207
1996	5	326
1996	6	389
1996	7	158
1996	8	27
1996	9	17
1996	10	15
1996	11	41
1996	12	66
1997	1	109
1997	2	72
1997	3	105
1997	4	189
1997	5	485
1997	6	492
1997	7	228
1997	8	34
1997	9	23
1997	10	27
1997	11	50
1997	12	25
1998	1	26
1998	2	34
1998	3	80
1998	4	130
1998	5	392
1998	6	260
1998	7	93
1998	8	17
1998	9	12
1998	10	12
1998	11	19
1998	12	51
1999	1	51
1999	2	35
1999	3	89
1999	4	126
1999	5	288
1999	6	481
1999	7	200
1999	8	37
1999	9	15
1999	10	13
1999	11	53
1999	12	66
2000	1	36
2000	2	54
2000	3	70
2000	4	237
2000	5	323
2000	6	282
2000	7	54
2000	8	14
2000	9	17
2000	10	32
2000	11	25
2000	12	17
2001	1	15
2001	2	13
2001	3	40
2001	4	117
2001	5	393
2001	6	137
2001	7	29
2001	8	12
2001	9	8
2001	10	14
2001	11	28
2001	12	21
2002	1	48
2002	2	33
2002	3	50
2002	4	196
2002	5	319
2002	6	452
2002	7	102
2002	8	17
2002	9	10
2002	10	10
2002	11	11
2002	12	13
2003	1	43
2003	2	72
2003	3	106
2003	4	183
2003	5	361
2003	6	384
2003	7	67
2003	8	15
2003	9	12
2003	10	11
2003	11	13
2003	12	21
2004	1	19
2004	2	32
2004	3	92
2004	4	175
2004	5	365
2004	6	365
2004	7	93
2004	8	28
2004	9	41
2004	10	25
2004	11	32
2004	12	49
2005	1	47
2005	2	33
2005	3	45
2005	4	157
2005	5	428
2005	6	207
2005	7	49
2005	8	12
2005	9	8
2005	10	9
2005	11	15
2005	12	34
2006	1	70
2006	2	35
2006	3	52
2006	4	163
2006	5	496
2006	6	323
2006	7	54
2006	8	12
2006	9	8
2006	10	12
2006	11	69
2006	12	36
2007	1	20
2007	2	37
2007	3	105
2007	4	113
2007	5	269
2007	6	181
2007	7	23
2007	8	8
2007	9	7
2007	10	17
2007	11	34
2007	12	39
2008	1	23
2008	2	28
2008	3	43
2008	4	79
2008	5	466
2008	6	470
2008	7	187
2008	8	22
2008	9	12
2008	10	13
2008	11	53
2008	12	32
2009	1	37
2009	2	28
2009	3	51
2009	4	187
2009	5	476
2009	6	487
2009	7	87
2009	8	22
2009	9	10
2009	10	14
2009	11	23
2009	12	16
2010	1	22
2010	2	19
2010	3	30
2010	4	137
2010	5	256
2010	6	578
2010	7	119
2010	8	18
2010	9	15
2010	10	15
2010	11	52
2010	12	32
2011	1	127
2011	2	53
2011	3	63
2011	4	187
2011	5	337
2011	6	677
2011	7	308
2011	8	31
2011	9	13
2011	10	17
2011	11	18
2011	12	24
2012	1	49
2012	2	44
2012	3	87
2012	4	322
2012	5	356
2012	6	400
2012	7	144
2012	8	21
