1940	1	131
1940	2	465
1940	3	546
1940	4	505
1940	5	216
1940	6	68
1940	7	41
1940	8	37
1940	9	42
1940	10	47
1940	11	145
1940	12	194
1941	1	173
1941	2	122
1941	3	200
1941	4	161
1941	5	228
1941	6	225
1941	7	79
1941	8	45
1941	9	56
1941	10	99
1941	11	223
1941	12	320
1942	1	131
1942	2	216
1942	3	253
1942	4	498
1942	5	411
1942	6	279
1942	7	106
1942	8	45
1942	9	39
1942	10	42
1942	11	202
1942	12	396
1943	1	294
1943	2	408
1943	3	341
1943	4	831
1943	5	532
1943	6	382
1943	7	98
1943	8	50
1943	9	46
1943	10	53
1943	11	62
1943	12	80
1944	1	56
1944	2	146
1944	3	344
1944	4	525
1944	5	285
1944	6	112
1944	7	48
1944	8	41
1944	9	42
1944	10	45
1944	11	49
1944	12	52
1945	1	199
1945	2	384
1945	3	394
1945	4	550
1945	5	634
1945	6	221
1945	7	61
1945	8	45
1945	9	45
1945	10	43
1945	11	197
1945	12	348
1946	1	263
1946	2	260
1946	3	483
1946	4	691
1946	5	602
1946	6	251
1946	7	76
1946	8	46
1946	9	48
1946	10	80
1946	11	221
1946	12	687
1947	1	324
1947	2	296
1947	3	328
1947	4	422
1947	5	230
1947	6	96
1947	7	51
1947	8	46
1947	9	47
1947	10	79
1947	11	404
1947	12	327
1948	1	346
1948	2	383
1948	3	272
1948	4	645
1948	5	1134
1948	6	463
1948	7	110
1948	8	53
1948	9	48
1948	10	52
1948	11	109
1948	12	176
1949	1	81
1949	2	258
1949	3	593
1949	4	823
1949	5	661
1949	6	188
1949	7	62
1949	8	47
1949	9	41
1949	10	44
1949	11	78
1949	12	125
1950	1	201
1950	2	435
1950	3	516
1950	4	522
1950	5	567
1950	6	476
1950	7	99
1950	8	54
1950	9	47
1950	10	63
1950	11	197
1950	12	357
1951	1	381
1951	2	486
1951	3	315
1951	4	512
1951	5	368
1951	6	244
1951	7	64
1951	8	47
1951	9	44
1951	10	169
1951	11	145
1951	12	174
1952	1	138
1952	2	283
1952	3	354
1952	4	849
1952	5	514
1952	6	161
1952	7	89
1952	8	51
1952	9	42
1952	10	46
1952	11	48
1952	12	53
1953	1	431
1953	2	485
1953	3	404
1953	4	543
1953	5	502
1953	6	329
1953	7	78
1953	8	56
1953	9	47
1953	10	53
1953	11	76
1953	12	288
1954	1	207
1954	2	280
1954	3	226
1954	4	488
1954	5	255
1954	6	298
1954	7	66
1954	8	50
1954	9	48
1954	10	49
1954	11	55
1954	12	55
1955	1	89
1955	2	146
1955	3	188
1955	4	467
1955	5	731
1955	6	365
1955	7	99
1955	8	50
1955	9	48
1955	10	54
1955	11	158
1955	12	480
1956	1	368
1956	2	125
1956	3	404
1956	4	667
1956	5	590
1956	6	168
1956	7	64
1956	8	50
1956	9	45
1956	10	53
1956	11	69
1956	12	299
1957	1	80
1957	2	311
1957	3	502
1957	4	633
1957	5	573
1957	6	119
1957	7	53
1957	8	44
1957	9	42
1957	10	55
1957	11	80
1957	12	249
1958	1	249
1958	2	563
1958	3	196
1958	4	868
1958	5	606
1958	6	137
1958	7	56
1958	8	45
1958	9	48
1958	10	50
1958	11	164
1958	12	427
1959	1	495
1959	2	297
1959	3	312
1959	4	462
1959	5	336
1959	6	151
1959	7	57
1959	8	46
1959	9	81
1959	10	154
1959	11	224
1959	12	112
1960	1	109
1960	2	276
1960	3	470
1960	4	509
1960	5	466
1960	6	151
1960	7	55
1960	8	49
1960	9	47
1960	10	54
1960	11	225
1960	12	123
1961	1	132
1961	2	646
1961	3	506
1961	4	434
1961	5	365
1961	6	148
1961	7	53
1961	8	44
1961	9	49
1961	10	54
1961	11	72
1961	12	182
1962	1	240
1962	2	173
1962	3	321
1962	4	630
1962	5	399
1962	6	154
1962	7	55
1962	8	45
1962	9	44
1962	10	81
1962	11	153
1962	12	238
1963	1	109
1963	2	425
1963	3	216
1963	4	433
1963	5	251
1963	6	75
1963	7	49
1963	8	44
1963	9	44
1963	10	44
1963	11	99
1963	12	115
1964	1	164
1964	2	184
1964	3	235
1964	4	535
1964	5	503
1964	6	274
1964	7	84
1964	8	52
1964	9	48
1964	10	47
1964	11	80
1964	12	579
1965	1	655
1965	2	518
1965	3	237
1965	4	580
1965	5	316
1965	6	170
1965	7	63
1965	8	53
1965	9	54
1965	10	51
1965	11	51
1965	12	44
1966	1	107
1966	2	121
1966	3	326
1966	4	366
1966	5	203
1966	6	91
1966	7	55
1966	8	47
1966	9	43
1966	10	47
1966	11	93
1966	12	228
1967	1	360
1967	2	234
1967	3	233
1967	4	281
1967	5	528
1967	6	174
1967	7	56
1967	8	48
1967	9	67
1967	10	58
1967	11	78
1967	12	312
1968	1	194
1968	2	528
1968	3	212
1968	4	195
1968	5	152
1968	6	83
1968	7	49
1968	8	56
1968	9	68
1968	10	81
1968	11	257
1968	12	259
1969	1	491
1969	2	181
1969	3	360
1969	4	849
1969	5	493
1969	6	144
1969	7	69
1969	8	37
1969	9	38
1969	10	46
1969	11	51
1969	12	74
1970	1	605
1970	2	359
1970	3	364
1970	4	424
1970	5	618
1970	6	228
1970	7	59
1970	8	45
1970	9	51
1970	10	70
1970	11	144
1970	12	153
1971	1	540
1971	2	447
1971	3	295
1971	4	425
1971	5	435
1971	6	268
1971	7	82
1971	8	55
1971	9	49
1971	10	49
1971	11	122
1971	12	223
1972	1	311
1972	2	488
1972	3	988
1972	4	512
1972	5	631
1972	6	213
1972	7	67
1972	8	56
1972	9	52
1972	10	55
1972	11	67
1972	12	230
1973	1	231
1973	2	134
1973	3	188
1973	4	224
1973	5	177
1973	6	66
1973	7	43
1973	8	43
1973	9	47
1973	10	53
1973	11	351
1973	12	661
1974	1	563
1974	2	356
1974	3	494
1974	4	884
1974	5	808
1974	6	591
1974	7	108
1974	8	56
1974	9	49
1974	10	52
1974	11	59
1974	12	158
1975	1	585
1975	2	289
1975	3	417
1975	4	378
1975	5	799
1975	6	295
1975	7	99
1975	8	63
1975	9	51
1975	10	73
1975	11	177
1975	12	716
1976	1	457
1976	2	297
1976	3	306
1976	4	709
1976	5	628
1976	6	172
1976	7	56
1976	8	59
1976	9	48
1976	10	53
1976	11	58
1976	12	55
1977	1	67
1977	2	71
1977	3	197
1977	4	443
1977	5	182
1977	6	76
1977	7	49
1977	8	52
1977	9	57
1977	10	63
1977	11	194
1977	12	589
1978	1	343
1978	2	319
1978	3	389
1978	4	434
1978	5	280
1978	6	98
1978	7	63
1978	8	51
1978	9	52
1978	10	46
1978	11	53
1978	12	150
1979	1	63
1979	2	323
1979	3	484
1979	4	626
1979	5	616
1979	6	129
1979	7	57
1979	8	49
1979	9	48
1979	10	57
1979	11	68
1979	12	134
1980	1	247
1980	2	300
1980	3	336
1980	4	451
1980	5	275
1980	6	157
1980	7	58
1980	8	46
1980	9	47
1980	10	58
1980	11	85
1980	12	310
1981	1	144
1981	2	609
1981	3	344
1981	4	509
1981	5	291
1981	6	191
1981	7	60
1981	8	45
1981	9	41
1981	10	52
1981	11	84
1981	12	258
1982	1	375
1982	2	909
1982	3	497
1982	4	582
1982	5	604
1982	6	217
1982	7	86
1982	8	50
1982	9	52
1982	10	83
1982	11	148
1982	12	318
1983	1	416
1983	2	427
1983	3	582
1983	4	398
1983	5	447
1983	6	112
1983	7	64
1983	8	47
1983	9	45
1983	10	46
1983	11	83
1983	12	155
1984	1	432
1984	2	298
1984	3	667
1984	4	511
1984	5	518
1984	6	367
1984	7	77
1984	8	54
1984	9	51
1984	10	59
1984	11	192
1984	12	167
1985	1	93
1985	2	138
1985	3	285
1985	4	782
1985	5	451
1985	6	159
1985	7	57
1985	8	50
1985	9	53
1985	10	69
1985	11	127
1985	12	89
1986	1	219
1986	2	728
1986	3	533
1986	4	306
1986	5	219
1986	6	78
1986	7	51
1986	8	42
1986	9	46
1986	10	46
1986	11	235
1986	12	118
1987	1	101
1987	2	300
1987	3	420
1987	4	356
1987	5	172
1987	6	65
1987	7	49
1987	8	41
1987	9	40
1987	10	41
1987	11	46
1987	12	61
1988	1	131
1988	2	227
1988	3	296
1988	4	561
1988	5	229
1988	6	123
1988	7	51
1988	8	40
1988	9	39
1988	10	41
1988	11	147
1988	12	179
1989	1	219
1989	2	162
1989	3	680
1989	4	861
1989	5	501
1989	6	155
1989	7	54
1989	8	48
1989	9	44
1989	10	44
1989	11	57
1989	12	70
1990	1	157
1990	2	238
1990	3	328
1990	4	410
1990	5	400
1990	6	244
1990	7	57
1990	8	37
1990	9	37
1990	10	58
1990	11	104
1990	12	117
1991	1	244
1991	2	366
1991	3	319
1991	4	469
1991	5	646
1991	6	226
1991	7	74
1991	8	49
1991	9	41
1991	10	44
1991	11	247
1991	12	289
1992	1	149
1992	2	354
1992	3	204
1992	4	267
1992	5	85
1992	6	49
1992	7	45
1992	8	45
1992	9	42
1992	10	42
1992	11	107
1992	12	129
1993	1	105
1993	2	138
1993	3	619
1993	4	747
1993	5	848
1993	6	169
1993	7	65
1993	8	49
1993	9	42
1993	10	44
1993	11	44
1993	12	60
1994	1	286
1994	2	92
1994	3	436
1994	4	468
1994	5	252
1994	6	86
1994	7	49
1994	8	39
1994	9	40
1994	10	46
1994	11	154
1994	12	341
1995	1	380
1995	2	763
1995	3	408
1995	4	457
1995	5	645
1995	6	166
1995	7	66
1995	8	44
1995	9	40
1995	10	50
1995	11	373
1995	12	426
1996	1	354
1996	2	1074
1996	3	420
1996	4	645
1996	5	354
1996	6	100
1996	7	56
1996	8	44
1996	9	43
1996	10	56
1996	11	178
1996	12	447
1997	1	547
1997	2	562
1997	3	750
1997	4	868
1997	5	563
1997	6	137
1997	7	60
1997	8	44
1997	9	46
1997	10	60
1997	11	101
1997	12	136
1998	1	289
1998	2	226
1998	3	388
1998	4	358
1998	5	506
1998	6	157
1998	7	63
1998	8	45
1998	9	47
1998	10	47
1998	11	164
1998	12	389
1999	1	412
1999	2	249
1999	3	447
1999	4	431
1999	5	508
1999	6	164
1999	7	58
1999	8	45
1999	9	40
1999	10	42
1999	11	110
1999	12	266
2000	1	187
2000	2	359
2000	3	410
2000	4	595
2000	5	307
2000	6	240
2000	7	61
2000	8	42
2000	9	53
2000	10	81
2000	11	94
2000	12	111
2001	1	104
2001	2	147
2001	3	329
2001	4	490
2001	5	322
2001	6	80
2001	7	48
2001	8	41
2001	9	42
2001	10	51
2001	11	91
2001	12	154
2002	1	226
2002	2	266
2002	3	364
2002	4	763
2002	5	438
2002	6	155
2002	7	57
2002	8	42
2002	9	40
2002	10	44
2002	11	53
2002	12	64
2003	1	311
2003	2	368
2003	3	688
2003	4	494
2003	5	306
2003	6	80
2003	7	43
2003	8	37
2003	9	42
2003	10	45
2003	11	71
2003	12	206
2004	1	322
2004	2	296
2004	3	532
2004	4	554
2004	5	750
2004	6	300
2004	7	65
2004	8	52
2004	9	51
2004	10	52
2004	11	79
2004	12	188
2005	1	161
2005	2	84
2005	3	204
2005	4	331
2005	5	271
2005	6	80
2005	7	45
2005	8	35
2005	9	36
2005	10	42
2005	11	61
2005	12	178
2006	1	369
2006	2	246
2006	3	318
2006	4	792
2006	5	412
2006	6	263
2006	7	56
2006	8	41
2006	9	44
2006	10	46
2006	11	184
2006	12	321
2007	1	204
2007	2	397
2007	3	474
2007	4	353
2007	5	175
2007	6	67
2007	7	45
2007	8	41
2007	9	41
2007	10	49
2007	11	61
2007	12	210
2008	1	137
2008	2	221
2008	3	367
2008	4	426
2008	5	1062
2008	6	504
2008	7	81
2008	8	48
2008	9	41
2008	10	43
2008	11	69
2008	12	126
2009	1	535
2009	2	184
2009	3	447
2009	4	940
2009	5	911
2009	6	150
2009	7	55
2009	8	46
2009	9	41
2009	10	51
2009	11	63
2009	12	104
2010	1	194
2010	2	161
2010	3	165
2010	4	400
2010	5	497
2010	6	442
2010	7	72
2010	8	48
2010	9	51
2010	10	52
2010	11	87
2010	12	302
2011	1	558
2011	2	224
2011	3	409
2011	4	796
2011	5	910
2011	6	492
2011	7	72
2011	8	40
2011	9	34
2011	10	47
2011	11	59
2011	12	121
2012	1	305
2012	2	349
2012	3	456
2012	4	762
2012	5	368
2012	6	206
2012	7	69
2012	8	43
2012	9	40
2012	10	77
2012	11	162
2012	12	252
2013	1	155
2013	2	231
2013	3	481
2013	4	850
2013	5	278
2013	6	120
2013	7	64
2013	8	42
2013	9	48
2013	10	57
2013	11	115
2013	12	268
2014	1	192
2014	2	434
2014	3	944
2014	4	603
2014	5	335
2014	6	109
2014	7	61
2014	8	46
2014	9	41
2014	10	45
2014	11	123
2014	12	376
2015	1	481
2015	2	513
2015	3	250
2015	4	199
2015	5	98
2015	6	57
2015	7	43
2015	8	40
2015	9	45
