1940	1	502
1940	2	1813
1940	3	1214
1940	4	755
1940	5	442
1940	6	139
1940	7	121
1940	8	117
1940	9	101
1940	10	146
1940	11	1065
1940	12	714
1941	1	931
1941	2	388
1941	3	296
1941	4	278
1941	5	633
1941	6	350
1941	7	155
1941	8	128
1941	9	397
1941	10	533
1941	11	781
1941	12	1543
1942	1	498
1942	2	1025
1942	3	585
1942	4	595
1942	5	803
1942	6	626
1942	7	251
1942	8	132
1942	9	117
1942	10	140
1942	11	2558
1942	12	2109
1943	1	1031
1943	2	1511
1943	3	995
1943	4	1480
1943	5	827
1943	6	617
1943	7	200
1943	8	146
1943	9	138
1943	10	439
1943	11	576
1943	12	639
1944	1	530
1944	2	672
1944	3	622
1944	4	910
1944	5	533
1944	6	426
1944	7	166
1944	8	146
1944	9	142
1944	10	132
1944	11	459
1944	12	498
1945	1	1374
1945	2	1212
1945	3	848
1945	4	1192
1945	5	1478
1945	6	307
1945	7	168
1945	8	153
1945	9	144
1945	10	130
1945	11	1511
1945	12	1702
1946	1	1495
1946	2	1073
1946	3	1236
1946	4	826
1946	5	777
1946	6	496
1946	7	359
1946	8	174
1946	9	140
1946	10	743
1946	11	1559
1946	12	2155
1947	1	1216
1947	2	890
1947	3	780
1947	4	834
1947	5	278
1947	6	609
1947	7	252
1947	8	170
1947	9	160
1947	10	1364
1947	11	1758
1947	12	858
1948	1	1303
1948	2	1355
1948	3	660
1948	4	927
1948	5	1021
1948	6	455
1948	7	208
1948	8	164
1948	9	191
1948	10	501
1948	11	1376
1948	12	1504
1949	1	290
1949	2	1087
1949	3	864
1949	4	1175
1949	5	1502
1949	6	435
1949	7	231
1949	8	191
1949	9	208
1949	10	574
1949	11	956
1949	12	1146
1950	1	909
1950	2	1624
1950	3	1457
1950	4	1220
1950	5	1169
1950	6	1130
1950	7	330
1950	8	210
1950	9	199
1950	10	954
1950	11	1629
1950	12	1560
1951	1	1828
1951	2	1293
1951	3	728
1951	4	929
1951	5	845
1951	6	272
1951	7	195
1951	8	184
1951	9	163
1951	10	1259
1951	11	837
1951	12	1229
1952	1	513
1952	2	1258
1952	3	811
1952	4	959
1952	5	858
1952	6	463
1952	7	315
1952	8	189
1952	9	158
1952	10	137
1952	11	123
1952	12	367
1953	1	3107
1953	2	1524
1953	3	825
1953	4	743
1953	5	939
1953	6	625
1953	7	223
1953	8	186
1953	9	166
1953	10	148
1953	11	1147
1953	12	2256
1954	1	1171
1954	2	1466
1954	3	656
1954	4	1049
1954	5	609
1954	6	912
1954	7	434
1954	8	191
1954	9	257
1954	10	490
1954	11	673
1954	12	988
1955	1	762
1955	2	858
1955	3	520
1955	4	1074
1955	5	1163
1955	6	1247
1955	7	521
1955	8	237
1955	9	201
1955	10	1140
1955	11	2294
1955	12	1951
1956	1	1645
1956	2	550
1956	3	1307
1956	4	1207
1956	5	1137
1956	6	817
1956	7	234
1956	8	212
1956	9	184
1956	10	746
1956	11	774
1956	12	1674
1957	1	371
1957	2	839
1957	3	1576
1957	4	1257
1957	5	694
1957	6	350
1957	7	220
1957	8	196
1957	9	183
1957	10	149
1957	11	665
1957	12	2040
1958	1	1426
1958	2	1481
1958	3	542
1958	4	1508
1958	5	260
1958	6	301
1958	7	256
1958	8	206
1958	9	166
1958	10	466
1958	11	2004
1958	12	1616
1959	1	1488
1959	2	1082
1959	3	951
1959	4	1040
1959	5	1013
1959	6	477
1959	7	199
1959	8	199
1959	9	740
1959	10	1369
1959	11	646
1959	12	634
1960	1	193
1960	2	1121
1960	3	718
1960	4	1320
1960	5	1344
1960	6	242
1960	7	18
1960	8	33
1960	9	12
1960	10	42
1960	11	1895
1960	12	626
1961	1	690
1961	2	2468
1961	3	1629
1961	4	946
1961	5	816
1961	6	73
1961	7	6
1961	8	4
1961	9	8
1961	10	354
1961	11	544
1961	12	1076
1962	1	1325
1962	2	168
1962	3	214
1962	4	1443
1962	5	1007
1962	6	245
1962	7	332
1962	8	47
1962	9	15
1962	10	324
1962	11	896
1962	12	834
1963	1	178
1963	2	940
1963	3	402
1963	4	993
1963	5	831
1963	6	120
1963	7	144
1963	8	39
1963	9	18
1963	10	21
1963	11	1222
1963	12	458
1964	1	1601
1964	2	459
1964	3	519
1964	4	609
1964	5	711
1964	6	894
1964	7	106
1964	8	57
1964	9	14
1964	10	137
1964	11	631
1964	12	3185
1965	1	2068
1965	2	1101
1965	3	325
1965	4	633
1965	5	422
1965	6	67
1965	7	13
1965	8	5
1965	9	3
1965	10	4
1965	11	188
1965	12	148
1966	1	963
1966	2	401
1966	3	399
1966	4	1036
1966	5	639
1966	6	150
1966	7	146
1966	8	7
1966	9	4
1966	10	7
1966	11	234
1966	12	869
1967	1	1730
1967	2	763
1967	3	556
1967	4	108
1967	5	386
1967	6	124
1967	7	6
1967	8	3
1967	9	4
1967	10	362
1967	11	357
1967	12	988
1968	1	594
1968	2	1661
1968	3	552
1968	4	367
1968	5	419
1968	6	285
1968	7	28
1968	8	170
1968	9	218
1968	10	676
1968	11	1575
1968	12	1124
1969	1	1259
1969	2	192
1969	3	542
1969	4	1019
1969	5	1237
1969	6	572
1969	7	137
1969	8	4
1969	9	13
1969	10	87
1969	11	319
1969	12	841
1970	1	2162
1970	2	892
1970	3	512
1970	4	558
1970	5	469
1970	6	44
1970	7	5
1970	8	2
1970	9	6
1970	10	37
1970	11	1030
1970	12	738
1971	1	1603
1971	2	1264
1971	3	647
1971	4	849
1971	5	859
1971	6	523
1971	7	103
1971	8	8
1971	9	62
1971	10	182
1971	11	1202
1971	12	1407
1972	1	2003
1972	2	1848
1972	3	1907
1972	4	1074
1972	5	1052
1972	6	248
1972	7	17
1972	8	7
1972	9	18
1972	10	6
1972	11	391
1972	12	1429
1973	1	864
1973	2	126
1973	3	418
1973	4	314
1973	5	147
1973	6	254
1973	7	29
1973	8	2
1973	9	27
1973	10	170
1973	11	1795
1973	12	2323
1974	1	1982
1974	2	1117
1974	3	1119
1974	4	1160
1974	5	1012
1974	6	671
1974	7	198
1974	8	3
1974	9	1
1974	10	1
1974	11	375
1974	12	1822
1975	1	2550
1975	2	711
1975	3	828
1975	4	342
1975	5	644
1975	6	173
1975	7	58
1975	8	4
1975	9	57
1975	10	466
1975	11	1103
1975	12	2309
1976	1	1690
1976	2	752
1976	3	528
1976	4	756
1976	5	673
1976	6	228
1976	7	7
1976	8	142
1976	9	2
1976	10	2
1976	11	3
1976	12	12
1977	1	255
1977	2	195
1977	3	921
1977	4	737
1977	5	710
1977	6	207
1977	7	7
1977	8	6
1977	9	239
1977	10	154
1977	11	1806
1977	12	2871
1978	1	617
1978	2	550
1978	3	108
1978	4	397
1978	5	412
1978	6	162
1978	7	6
1978	8	7
1978	9	134
1978	10	7
1978	11	280
1978	12	1172
1979	1	72
1979	2	1459
1979	3	1013
1979	4	810
1979	5	372
1979	6	16
1979	7	53
1979	8	2
1979	9	17
1979	10	8
1979	11	279
1979	12	1117
1980	1	1101
1980	2	1027
1980	3	622
1980	4	822
1980	5	256
1980	6	275
1980	7	17
1980	8	12
1980	9	20
1980	10	12
1980	11	606
1980	12	1801
1981	1	218
1981	2	1150
1981	3	108
1981	4	867
1981	5	380
1981	6	954
1981	7	94
1981	8	4
1981	9	3
1981	10	6
1981	11	246
1981	12	1626
1982	1	1443
1982	2	2120
1982	3	570
1982	4	544
1982	5	399
1982	6	98
1982	7	8
1982	8	6
1982	9	8
1982	10	482
1982	11	649
1982	12	1329
1983	1	1741
1983	2	1227
1983	3	1118
1983	4	516
1983	5	407
1983	6	332
1983	7	457
1983	8	12
1983	9	105
1983	10	22
1983	11	1318
1983	12	819
1984	1	1502
1984	2	779
1984	3	1237
1984	4	751
1984	5	871
1984	6	693
1984	7	61
1984	8	6
1984	9	11
1984	10	392
1984	11	1498
1984	12	797
1985	1	100
1985	2	372
1985	3	387
1985	4	1146
1985	5	296
1985	6	535
1985	7	5
1985	8	4
1985	9	173
1985	10	394
1985	11	1196
1985	12	364
1986	1	1070
1986	2	1837
1986	3	712
1986	4	516
1986	5	520
1986	6	15
1986	7	4
1986	8	2
1986	9	2
1986	10	3
1986	11	1350
1986	12	401
1987	1	742
1987	2	1044
1987	3	1029
1987	4	523
1987	5	99
1987	6	30
1987	7	3
1987	8	2
1987	9	1
1987	10	1
1987	11	2
1987	12	958
1988	1	706
1988	2	830
1988	3	889
1988	4	964
1988	5	459
1988	6	307
1988	7	28
1988	8	3
1988	9	2
1988	10	1
1988	11	1163
1988	12	669
1989	1	1508
1989	2	565
1989	3	1128
1989	4	889
1989	5	303
1989	6	44
1989	7	5
1989	8	5
1989	9	4
1989	10	3
1989	11	698
1989	12	670
1990	1	1169
1990	2	1114
1990	3	797
1990	4	1034
1990	5	363
1990	6	549
1990	7	15
1990	8	3
1990	9	2
1990	10	331
1990	11	1347
1990	12	678
1991	1	1166
1991	2	1103
1991	3	392
1991	4	959
1991	5	518
1991	6	152
1991	7	13
1991	8	13
1991	9	5
1991	10	4
1991	11	1012
1991	12	1290
1992	1	612
1992	2	874
1992	3	78
1992	4	438
1992	5	84
1992	6	7
1992	7	3
1992	8	2
1992	9	2
1992	10	3
1992	11	953
1992	12	706
1993	1	324
1993	2	113
1993	3	1335
1993	4	1163
1993	5	592
1993	6	345
1993	7	162
1993	8	12
1993	9	4
1993	10	3
1993	11	6
1993	12	526
1994	1	1122
1994	2	582
1994	3	646
1994	4	552
1994	5	9
1994	6	246
1994	7	8
1994	8	4
1994	9	3
1994	10	192
1994	11	1103
1994	12	1429
1995	1	989
1995	2	1500
1995	3	391
1995	4	421
1995	5	330
1995	6	154
1995	7	5
1995	8	3
1995	9	3
1995	10	520
1995	11	2484
1995	12	1696
1996	1	1320
1996	2	2385
1996	3	505
1996	4	878
1996	5	534
1996	6	50
1996	7	5
1996	8	5
1996	9	2
1996	10	447
1996	11	1536
1996	12	2316
1997	1	1488
1997	2	958
1997	3	1601
1997	4	1083
1997	5	348
1997	6	158
1997	7	120
1997	8	4
1997	9	24
1997	10	674
1997	11	664
1997	12	632
1998	1	1427
1998	2	572
1998	3	745
1998	4	224
1998	5	608
1998	6	260
1998	7	46
1998	8	13
1998	9	10
1998	10	3
1998	11	986
1998	12	2318
1999	1	1188
1999	2	1163
1999	3	607
1999	4	377
1999	5	720
1999	6	366
1999	7	94
1999	8	36
1999	9	35
1999	10	26
1999	11	1226
1999	12	1804
2000	1	831
2000	2	1276
2000	3	741
2000	4	606
2000	5	580
2000	6	330
2000	7	32
2000	8	39
2000	9	40
2000	10	43
2000	11	313
2000	12	466
2001	1	167
2001	2	274
2001	3	525
2001	4	490
2001	5	424
2001	6	172
2001	7	34
2001	8	32
2001	9	30
2001	10	32
2001	11	806
2001	12	1379
2002	1	1017
2002	2	831
2002	3	752
2002	4	1078
2002	5	446
2002	6	367
2002	7	62
2002	8	31
2002	9	29
2002	10	25
2002	11	25
2002	12	264
2003	1	1182
2003	2	1045
2003	3	1514
2003	4	707
2003	5	320
2003	6	80
2003	7	35
2003	8	31
2003	9	27
2003	10	74
2003	11	329
2003	12	1075
2004	1	1499
2004	2	729
2004	3	558
2004	4	200
2004	5	477
2004	6	341
2004	7	38
2004	8	44
2004	9	208
2004	10	250
2004	11	424
2004	12	687
2005	1	393
2005	2	234
2005	3	400
2005	4	802
2005	5	423
2005	6	274
2005	7	43
2005	8	44
2005	9	29
2005	10	102
2005	11	948
2005	12	1068
2006	1	2044
2006	2	681
2006	3	363
2006	4	582
2006	5	300
2006	6	269
2006	7	48
2006	8	43
2006	9	35
2006	10	83
2006	11	1933
2006	12	1377
2007	1	921
2007	2	1002
2007	3	927
2007	4	413
2007	5	139
2007	6	64
2007	7	40
2007	8	33
2007	9	32
2007	10	225
2007	11	535
2007	12	1220
2008	1	764
2008	2	516
2008	3	879
2008	4	573
2008	5	1509
2008	6	1197
2008	7	180
2008	8	137
2008	9	57
2008	10	157
2008	11	1011
2008	12	775
2009	1	1820
2009	2	462
2009	3	884
2009	4	1122
2009	5	1113
2009	6	154
2009	7	38
2009	8	31
2009	9	36
2009	10	81
2009	11	820
2009	12	687
2010	1	1069
2010	2	553
2010	3	672
2010	4	760
2010	5	906
2010	6	1117
2010	7	42
2010	8	28
2010	9	34
2010	10	180
2010	11	1248
2010	12	1872
2011	1	2001
2011	2	599
2011	3	1273
2011	4	1621
2011	5	947
2011	6	475
2011	7	55
2011	8	33
2011	9	56
2011	10	130
2011	11	987
2011	12	852
2012	1	1826
2012	2	1284
2012	3	1511
2012	4	1363
2012	5	812
2012	6	644
2012	7	92
2012	8	27
2012	9	32
2012	10	414
2012	11	1403
2012	12	1276
2013	1	1027
2013	2	885
2013	3	1029
2013	4	1314
2013	5	682
2013	6	233
2013	7	28
2013	8	24
2013	9	133
2013	10	591
2013	11	783
2013	12	1101
2014	1	895
2014	2	1695
2014	3	1817
2014	4	999
2014	5	584
2014	6	188
2014	7	77
2014	8	41
2014	9	39
2014	10	79
2014	11	1198
2014	12	1366
2015	1	1066
2015	2	764
2015	3	605
2015	4	580
2015	5	141
2015	6	49
2015	7	32
2015	8	32
2015	9	38
