1940	1	98
1940	2	324
1940	3	226
1940	4	156
1940	5	79
1940	6	20
1940	7	13
1940	8	10
1940	9	14
1940	10	54
1940	11	203
1940	12	125
1941	1	166
1941	2	70
1941	3	49
1941	4	54
1941	5	133
1941	6	78
1941	7	22
1941	8	14
1941	9	85
1941	10	106
1941	11	149
1941	12	270
1942	1	106
1942	2	200
1942	3	114
1942	4	122
1942	5	175
1942	6	124
1942	7	53
1942	8	20
1942	9	13
1942	10	37
1942	11	416
1942	12	368
1943	1	195
1943	2	292
1943	3	164
1943	4	264
1943	5	164
1943	6	120
1943	7	35
1943	8	21
1943	9	15
1943	10	90
1943	11	103
1943	12	97
1944	1	80
1944	2	123
1944	3	124
1944	4	174
1944	5	113
1944	6	71
1944	7	24
1944	8	13
1944	9	36
1944	10	41
1944	11	88
1944	12	85
1945	1	221
1945	2	221
1945	3	166
1945	4	274
1945	5	328
1945	6	62
1945	7	21
1945	8	15
1945	9	43
1945	10	31
1945	11	306
1945	12	306
1946	1	251
1946	2	201
1946	3	229
1946	4	163
1946	5	162
1946	6	92
1946	7	56
1946	8	18
1946	9	20
1946	10	173
1946	11	298
1946	12	396
1947	1	248
1947	2	176
1947	3	163
1947	4	178
1947	5	55
1947	6	149
1947	7	51
1947	8	24
1947	9	26
1947	10	251
1947	11	436
1947	12	181
1948	1	260
1948	2	271
1948	3	159
1948	4	213
1948	5	153
1948	6	106
1948	7	49
1948	8	34
1948	9	50
1948	10	104
1948	11	262
1948	12	307
1949	1	71
1949	2	235
1949	3	187
1949	4	227
1949	5	299
1949	6	78
1949	7	37
1949	8	23
1949	9	39
1949	10	111
1949	11	153
1949	12	228
1950	1	191
1950	2	324
1950	3	259
1950	4	224
1950	5	237
1950	6	250
1950	7	46
1950	8	25
1950	9	23
1950	10	167
1950	11	320
1950	12	279
1951	1	399
1951	2	251
1951	3	165
1951	4	186
1951	5	180
1951	6	40
1951	7	24
1951	8	17
1951	9	20
1951	10	235
1951	11	141
1951	12	225
1952	1	107
1952	2	244
1952	3	195
1952	4	196
1952	5	177
1952	6	110
1952	7	60
1952	8	18
1952	9	14
1952	10	13
1952	11	17
1952	12	97
1953	1	589
1953	2	306
1953	3	178
1953	4	155
1953	5	206
1953	6	132
1953	7	33
1953	8	24
1953	9	20
1953	10	41
1953	11	232
1953	12	458
1954	1	250
1954	2	258
1954	3	121
1954	4	200
1954	5	131
1954	6	205
1954	7	87
1954	8	39
1954	9	45
1954	10	96
1954	11	147
1954	12	205
1955	1	157
1955	2	158
1955	3	113
1955	4	221
1955	5	229
1955	6	258
1955	7	93
1955	8	26
1955	9	38
1955	10	270
1955	11	587
1955	12	387
1956	1	343
1956	2	117
1956	3	245
1956	4	217
1956	5	206
1956	6	150
1956	7	38
1956	8	45
1956	9	27
1956	10	151
1956	11	133
1956	12	310
1957	1	83
1957	2	156
1957	3	324
1957	4	261
1957	5	135
1957	6	77
1957	7	29
1957	8	19
1957	9	16
1957	10	56
1957	11	119
1957	12	358
1958	1	235
1958	2	250
1958	3	97
1958	4	281
1958	5	67
1958	6	78
1958	7	38
1958	8	19
1958	9	35
1958	10	74
1958	11	355
1958	12	266
1959	1	308
1959	2	173
1959	3	225
1959	4	199
1959	5	182
1959	6	90
1959	7	34
1959	8	19
1959	9	159
1959	10	271
1959	11	138
1959	12	123
1960	1	97
1960	2	260
1960	3	230
1960	4	248
1960	5	270
1960	6	115
1960	7	32
1960	8	30
1960	9	29
1960	10	81
1960	11	389
1960	12	156
1961	1	164
1961	2	452
1961	3	264
1961	4	168
1961	5	201
1961	6	57
1961	7	24
1961	8	17
1961	9	40
1961	10	117
1961	11	170
1961	12	290
1962	1	218
1962	2	120
1962	3	196
1962	4	289
1962	5	223
1962	6	82
1962	7	31
1962	8	28
1962	9	27
1962	10	104
1962	11	261
1962	12	161
1963	1	99
1963	2	237
1963	3	140
1963	4	230
1963	5	193
1963	6	69
1963	7	58
1963	8	26
1963	9	46
1963	10	56
1963	11	258
1963	12	151
1964	1	313
1964	2	156
1964	3	172
1964	4	210
1964	5	193
1964	6	216
1964	7	52
1964	8	50
1964	9	61
1964	10	67
1964	11	182
1964	12	585
1965	1	515
1965	2	259
1965	3	97
1965	4	149
1965	5	100
1965	6	36
1965	7	21
1965	8	16
1965	9	15
1965	10	24
1965	11	102
1965	12	100
1966	1	271
1966	2	116
1966	3	211
1966	4	216
1966	5	162
1966	6	66
1966	7	67
1966	8	18
1966	9	19
1966	10	86
1966	11	201
1966	12	206
1967	1	385
1967	2	207
1967	3	127
1967	4	98
1967	5	132
1967	6	71
1967	7	24
1967	8	14
1967	9	13
1967	10	148
1967	11	86
1967	12	244
1968	1	166
1968	2	316
1968	3	118
1968	4	143
1968	5	116
1968	6	78
1968	7	36
1968	8	96
1968	9	80
1968	10	174
1968	11	369
1968	12	265
1969	1	313
1969	2	97
1969	3	160
1969	4	185
1969	5	235
1969	6	144
1969	7	58
1969	8	17
1969	9	24
1969	10	88
1969	11	98
1969	12	174
1970	1	422
1970	2	227
1970	3	159
1970	4	180
1970	5	157
1970	6	54
1970	7	23
1970	8	15
1970	9	57
1970	10	81
1970	11	240
1970	12	179
1971	1	421
1971	2	222
1971	3	226
1971	4	199
1971	5	204
1971	6	148
1971	7	46
1971	8	24
1971	9	63
1971	10	93
1971	11	276
1971	12	313
1972	1	353
1972	2	325
1972	3	374
1972	4	238
1972	5	231
1972	6	76
1972	7	30
1972	8	18
1972	9	51
1972	10	23
1972	11	156
1972	12	305
1973	1	202
1973	2	85
1973	3	128
1973	4	128
1973	5	79
1973	6	78
1973	7	32
1973	8	20
1973	9	91
1973	10	100
1973	11	378
1973	12	502
1974	1	442
1974	2	237
1974	3	250
1974	4	255
1974	5	234
1974	6	158
1974	7	59
1974	8	29
1974	9	20
1974	10	18
1974	11	133
1974	12	383
1975	1	550
1975	2	226
1975	3	227
1975	4	163
1975	5	223
1975	6	105
1975	7	44
1975	8	44
1975	9	39
1975	10	162
1975	11	227
1975	12	430
1976	1	382
1976	2	215
1976	3	170
1976	4	222
1976	5	183
1976	6	99
1976	7	33
1976	8	39
1976	9	23
1976	10	29
1976	11	50
1976	12	57
1977	1	72
1977	2	59
1977	3	176
1977	4	210
1977	5	217
1977	6	79
1977	7	22
1977	8	24
1977	9	79
1977	10	80
1977	11	340
1977	12	487
1978	1	175
1978	2	142
1978	3	81
1978	4	123
1978	5	125
1978	6	64
1978	7	37
1978	8	60
1978	9	76
1978	10	30
1978	11	118
1978	12	261
1979	1	88
1979	2	306
1979	3	234
1979	4	222
1979	5	133
1979	6	39
1979	7	36
1979	8	17
1979	9	18
1979	10	86
1979	11	92
1979	12	224
1980	1	275
1980	2	213
1980	3	179
1980	4	210
1980	5	130
1980	6	126
1980	7	36
1980	8	20
1980	9	39
1980	10	25
1980	11	148
1980	12	322
1981	1	84
1981	2	213
1981	3	89
1981	4	202
1981	5	129
1981	6	263
1981	7	46
1981	8	19
1981	9	22
1981	10	63
1981	11	76
1981	12	310
1982	1	304
1982	2	426
1982	3	157
1982	4	140
1982	5	108
1982	6	53
1982	7	30
1982	8	22
1982	9	61
1982	10	122
1982	11	156
1982	12	272
1983	1	331
1983	2	251
1983	3	204
1983	4	125
1983	5	107
1983	6	95
1983	7	121
1983	8	32
1983	9	40
1983	10	40
1983	11	246
1983	12	188
1984	1	317
1984	2	165
1984	3	221
1984	4	175
1984	5	190
1984	6	166
1984	7	49
1984	8	18
1984	9	41
1984	10	113
1984	11	267
1984	12	188
1985	1	75
1985	2	132
1985	3	117
1985	4	207
1985	5	130
1985	6	124
1985	7	22
1985	8	22
1985	9	81
1985	10	95
1985	11	237
1985	12	105
1986	1	179
1986	2	349
1986	3	157
1986	4	134
1986	5	125
1986	6	37
1986	7	40
1986	8	17
1986	9	57
1986	10	42
1986	11	245
1986	12	92
1987	1	141
1987	2	185
1987	3	196
1987	4	133
1987	5	69
1987	6	39
1987	7	21
1987	8	14
1987	9	13
1987	10	10
1987	11	51
1987	12	228
1988	1	219
1988	2	239
1988	3	222
1988	4	239
1988	5	154
1988	6	95
1988	7	41
1988	8	19
1988	9	20
1988	10	21
1988	11	266
1988	12	167
1989	1	305
1989	2	157
1989	3	263
1989	4	218
1989	5	109
1989	6	47
1989	7	31
1989	8	24
1989	9	16
1989	10	32
1989	11	172
1989	12	169
1990	1	246
1990	2	266
1990	3	195
1990	4	259
1990	5	145
1990	6	160
1990	7	36
1990	8	25
1990	9	15
1990	10	147
1990	11	280
1990	12	182
1991	1	245
1991	2	274
1991	3	134
1991	4	216
1991	5	196
1991	6	95
1991	7	42
1991	8	20
1991	9	14
1991	10	21
1991	11	289
1991	12	253
1992	1	133
1992	2	194
1992	3	63
1992	4	136
1992	5	59
1992	6	19
1992	7	18
1992	8	13
1992	9	33
1992	10	44
1992	11	230
1992	12	214
1993	1	106
1993	2	77
1993	3	272
1993	4	245
1993	5	166
1993	6	148
1993	7	85
1993	8	37
1993	9	18
1993	10	19
1993	11	33
1993	12	163
1994	1	256
1994	2	167
1994	3	160
1994	4	163
1994	5	67
1994	6	98
1994	7	27
1994	8	13
1994	9	12
1994	10	125
1994	11	246
1994	12	268
1995	1	243
1995	2	278
1995	3	116
1995	4	142
1995	5	132
1995	6	94
1995	7	30
1995	8	24
1995	9	38
1995	10	169
1995	11	470
1995	12	322
1996	1	282
1996	2	436
1996	3	162
1996	4	209
1996	5	163
1996	6	53
1996	7	25
1996	8	17
1996	9	21
1996	10	164
1996	11	319
1996	12	444
1997	1	317
1997	2	213
1997	3	319
1997	4	208
1997	5	122
1997	6	66
1997	7	56
1997	8	22
1997	9	40
1997	10	131
1997	11	113
1997	12	141
1998	1	265
1998	2	134
1998	3	183
1998	4	108
1998	5	175
1998	6	94
1998	7	36
1998	8	16
1998	9	19
1998	10	48
1998	11	194
1998	12	406
1999	1	286
1999	2	252
1999	3	160
1999	4	135
1999	5	227
1999	6	116
1999	7	56
1999	8	23
1999	9	16
1999	10	21
1999	11	290
1999	12	347
2000	1	199
2000	2	256
2000	3	164
2000	4	140
2000	5	145
2000	6	93
2000	7	21
2000	8	14
2000	9	18
2000	10	85
2000	11	82
2000	12	111
2001	1	73
2001	2	88
2001	3	160
2001	4	167
2001	5	130
2001	6	105
2001	7	32
2001	8	18
2001	9	13
2001	10	88
2001	11	212
2001	12	284
2002	1	216
2002	2	167
2002	3	165
2002	4	236
2002	5	144
2002	6	93
2002	7	33
2002	8	16
2002	9	14
2002	10	16
2002	11	36
2002	12	103
2003	1	234
2003	2	212
2003	3	323
2003	4	205
2003	5	97
2003	6	32
2003	7	17
2003	8	12
2003	9	18
2003	10	34
2003	11	117
2003	12	242
2004	1	309
2004	2	201
2004	3	166
2004	4	93
2004	5	136
2004	6	112
2004	7	21
2004	8	47
2004	9	90
2004	10	88
2004	11	128
2004	12	157
2005	1	103
2005	2	71
2005	3	102
2005	4	167
2005	5	137
2005	6	98
2005	7	34
2005	8	16
2005	9	15
2005	10	62
2005	11	219
2005	12	237
2006	1	400
2006	2	172
2006	3	113
2006	4	167
2006	5	102
2006	6	78
2006	7	20
2006	8	12
2006	9	13
2006	10	25
2006	11	376
2006	12	274
2007	1	240
2007	2	236
2007	3	244
2007	4	133
2007	5	60
2007	6	41
2007	7	20
2007	8	16
2007	9	16
2007	10	115
2007	11	127
2007	12	280
2008	1	219
2008	2	181
2008	3	228
2008	4	161
2008	5	349
2008	6	292
2008	7	61
2008	8	38
2008	9	23
2008	10	46
2008	11	224
2008	12	177
2009	1	401
2009	2	112
2009	3	194
2009	4	263
2009	5	260
2009	6	62
2009	7	24
2009	8	15
2009	9	15
2009	10	49
2009	11	179
2009	12	145
2010	1	196
2010	2	115
2010	3	130
2010	4	157
2010	5	184
2010	6	242
2010	7	37
2010	8	16
2010	9	41
2010	10	64
2010	11	238
2010	12	329
2011	1	346
2011	2	170
2011	3	240
2011	4	300
2011	5	213
2011	6	132
2011	7	46
2011	8	22
2011	9	17
2011	10	55
2011	11	177
2011	12	156
2012	1	307
2012	2	251
2012	3	288
2012	4	279
2012	5	181
2012	6	139
2012	7	46
2012	8	19
2012	9	15
2012	10	133
2012	11	246
2012	12	231
2013	1	227
2013	2	186
2013	3	178
2013	4	269
2013	5	188
2013	6	75
2013	7	26
2013	8	16
2013	9	73
2013	10	103
2013	11	161
2013	12	245
2014	1	182
2014	2	325
2014	3	332
2014	4	196
2014	5	121
2014	6	69
2014	7	33
2014	8	16
2014	9	13
2014	10	64
2014	11	212
2014	12	254
2015	1	196
2015	2	121
2015	3	115
2015	4	118
2015	5	57
2015	6	28
2015	7	14
2015	9	12
