1940	1	327
1940	2	1287
1940	3	836
1940	4	399
1940	5	196
1940	6	67
1940	7	38
1940	8	22
1940	9	41
1940	10	92
1940	11	653
1940	12	641
1941	1	749
1941	2	254
1941	3	148
1941	4	213
1941	5	391
1941	6	316
1941	7	96
1941	8	58
1941	9	113
1941	10	146
1941	11	837
1941	12	1325
1942	1	616
1942	2	805
1942	3	511
1942	4	280
1942	5	772
1942	6	493
1942	7	160
1942	8	57
1942	9	37
1942	10	51
1942	11	1588
1942	12	2686
1943	1	1731
1943	2	1437
1943	3	599
1943	4	868
1943	5	370
1943	6	640
1943	7	142
1943	8	72
1943	9	44
1943	10	254
1943	11	480
1943	12	263
1944	1	323
1944	2	691
1944	3	638
1944	4	837
1944	5	265
1944	6	154
1944	7	65
1944	8	41
1944	9	47
1944	10	34
1944	11	146
1944	12	139
1945	1	846
1945	2	1420
1945	3	992
1945	4	1228
1945	5	789
1945	6	203
1945	7	69
1945	8	44
1945	9	45
1945	10	40
1945	11	1186
1945	12	1495
1946	1	1563
1946	2	978
1946	3	1275
1946	4	439
1946	5	221
1946	6	154
1946	7	71
1946	8	44
1946	9	42
1946	10	222
1946	11	1113
1946	12	1594
1947	1	759
1947	2	822
1947	3	805
1947	4	958
1947	5	167
1947	6	371
1947	7	158
1947	8	79
1947	9	64
1947	10	697
1947	11	1471
1947	12	724
1948	1	1436
1948	2	1477
1948	3	1017
1948	4	833
1948	5	659
1948	6	272
1948	7	108
1948	8	65
1948	9	91
1948	10	145
1948	11	766
1948	12	1904
1949	1	328
1949	2	1466
1949	3	1093
1949	4	549
1949	5	666
1949	6	131
1949	7	62
1949	8	37
1949	9	50
1949	10	137
1949	11	243
1949	12	671
1950	1	1193
1950	2	1617
1950	3	1648
1950	4	938
1950	5	623
1950	6	384
1950	7	108
1950	8	57
1950	9	56
1950	10	1001
1950	11	1427
1950	12	1227
1951	1	2019
1951	2	1277
1951	3	1027
1951	4	417
1951	5	446
1951	6	103
1951	7	50
1951	8	37
1951	9	33
1951	10	689
1951	11	786
1951	12	1603
1952	1	771
1952	2	1340
1952	3	1122
1952	4	591
1952	5	328
1952	6	255
1952	7	166
1952	8	47
1952	9	43
1952	10	27
1952	11	39
1952	12	405
1953	1	1885
1953	2	1894
1953	3	982
1953	4	583
1953	5	956
1953	6	521
1953	7	107
1953	8	70
1953	9	50
1953	10	119
1953	11	1219
1953	12	2041
1954	1	1412
1954	2	1109
1954	3	472
1954	4	669
1954	5	169
1954	6	382
1954	7	129
1954	8	67
1954	9	90
1954	10	137
1954	11	160
1954	12	619
1955	1	781
1955	2	681
1955	3	1208
1955	4	1446
1955	5	725
1955	6	288
1955	7	131
1955	8	50
1955	9	59
1955	10	311
1955	11	1441
1955	12	2804
1956	1	1945
1956	2	942
1956	3	1427
1956	4	919
1956	5	592
1956	6	464
1956	7	122
1956	8	56
1956	9	37
1956	10	460
1956	11	490
1956	12	1655
1957	1	392
1957	2	1281
1957	3	1805
1957	4	790
1957	5	406
1957	6	237
1957	7	86
1957	8	51
1957	9	38
1957	10	121
1957	11	234
1957	12	1657
1958	1	1191
1958	2	1678
1958	3	508
1958	4	858
1958	5	224
1958	6	319
1958	7	98
1958	8	39
1958	9	44
1958	10	63
1958	11	1153
1958	12	648
1959	1	1253
1959	2	957
1959	3	805
1959	4	461
1959	5	580
1959	6	203
1959	7	72
1959	8	38
1959	9	121
1959	10	280
1959	11	325
1959	12	282
1960	1	620
1960	2	1089
1960	3	1528
1960	4	1052
1960	5	1148
1960	6	224
1960	7	77
1960	8	61
1960	9	45
1960	10	93
1960	11	1233
1960	12	651
1961	1	333
1961	2	2330
1961	3	1531
1961	4	475
1961	5	534
1961	6	160
1961	7	68
1961	8	36
1961	9	55
1961	10	210
1961	11	1109
1961	12	1494
1962	1	634
1962	2	426
1962	3	1348
1962	4	947
1962	5	729
1962	6	232
1962	7	72
1962	8	54
1962	9	47
1962	10	279
1962	11	669
1962	12	891
1963	1	214
1963	2	1330
1963	3	624
1963	4	1198
1963	5	1084
1963	6	234
1963	7	168
1963	8	64
1963	9	87
1963	10	100
1963	11	1069
1963	12	603
1964	1	1914
1964	2	785
1964	3	1109
1964	4	783
1964	5	457
1964	6	555
1964	7	118
1964	8	66
1964	9	55
1964	10	55
1964	11	726
1964	12	3179
1965	1	2264
1965	2	740
1965	3	292
1965	4	435
1965	5	353
1965	6	119
1965	7	62
1965	8	48
1965	9	30
1965	10	48
1965	11	278
1965	12	315
1966	1	1447
1966	2	52
1966	3	443
1966	4	99
1966	5	47
1966	6	60
1966	7	498
1966	8	991
1966	9	84
1966	10	127
1966	11	1086
1966	12	929
1967	1	1214
1967	2	365
1967	3	192
1967	4	112
1967	5	283
1967	6	174
1967	7	970
1967	8	652
1967	9	115
1967	10	287
1967	11	411
1967	12	673
1968	1	775
1968	2	127
1968	3	50
1968	4	133
1968	5	49
1968	6	108
1968	7	755
1968	8	933
1968	9	188
1968	10	524
1968	11	1473
1968	12	1545
1969	1	1012
1969	2	347
1969	3	389
1969	4	274
1969	5	240
1969	6	512
1969	7	465
1969	8	735
1969	9	602
1969	10	523
1969	11	312
1969	12	895
1970	1	986
1970	2	1390
1970	3	43
1970	4	164
1970	5	556
1970	6	425
1970	7	688
1970	8	517
1970	9	351
1970	10	180
1970	11	944
1970	12	924
1971	1	1799
1971	2	830
1971	3	1063
1971	4	385
1971	5	268
1971	6	313
1971	7	528
1971	8	800
1971	9	339
1971	10	450
1971	11	904
1971	12	2305
1972	1	2092
1972	2	864
1972	3	1618
1972	4	610
1972	5	321
1972	6	214
1972	7	260
1972	8	620
1972	9	499
1972	10	362
1972	11	486
1972	12	674
1973	1	599
1973	2	36
1973	3	41
1973	4	43
1973	5	79
1973	6	148
1973	7	102
1973	8	104
1973	9	356
1973	10	1396
1973	11	1838
1973	12	2311
1974	1	1154
1974	2	832
1974	3	1189
1974	4	766
1974	5	261
1974	6	295
1974	7	82
1974	8	292
1974	9	802
1974	10	847
1974	11	456
1974	12	1287
1975	1	1766
1975	2	609
1975	3	747
1975	4	296
1975	5	466
1975	6	162
1975	7	276
1975	8	417
1975	9	859
1975	10	627
1975	11	1158
1975	12	1487
1976	1	2043
1976	2	136
1976	3	390
1976	4	647
1976	5	209
1976	6	144
1976	7	179
1976	8	415
1976	9	532
1976	10	560
1976	11	357
1976	12	183
1977	1	153
1977	2	23
1977	3	10
1977	4	47
1977	5	351
1977	6	169
1977	7	61
1977	8	141
1977	9	761
1977	10	986
1977	11	1257
1977	12	2206
1978	1	776
1978	2	227
1978	3	44
1978	4	43
1978	5	86
1978	6	91
1978	7	64
1978	8	146
1978	9	912
1978	10	826
1978	11	525
1978	12	1169
1979	1	546
1979	2	655
1979	3	479
1979	4	1009
1979	5	413
1979	6	157
1979	7	47
1979	8	78
1979	9	608
1979	10	960
1979	11	976
1979	12	487
1980	1	1315
1980	2	71
1980	3	110
1980	4	280
1980	5	169
1980	6	339
1980	7	108
1980	8	83
1980	9	842
1980	10	793
1980	11	613
1980	12	1168
1981	1	227
1981	2	94
1981	3	76
1981	4	434
1981	5	402
1981	6	485
1981	7	144
1981	8	144
1981	9	659
1981	10	965
1981	11	1016
1981	12	2110
1982	1	1510
1982	2	901
1982	3	328
1982	4	549
1982	5	109
1982	6	94
1982	7	73
1982	8	105
1982	9	609
1982	10	1092
1982	11	899
1982	12	1569
1983	1	1038
1983	2	576
1983	3	397
1983	4	536
1983	5	451
1983	6	217
1983	7	248
1983	8	171
1983	9	744
1983	10	699
1983	11	1162
1983	12	1408
1984	1	724
1984	2	696
1984	3	766
1984	4	768
1984	5	720
1984	6	960
1984	7	128
1984	8	136
1984	9	861
1984	10	951
1984	11	1996
1984	12	1028
1985	1	407
1985	2	101
1985	3	69
1985	4	440
1985	5	130
1985	6	338
1985	7	31
1985	8	36
1985	9	769
1985	10	1192
1985	11	1001
1985	12	815
1986	1	717
1986	2	1137
1986	3	616
1986	4	80
1986	5	449
1986	6	144
1986	7	48
1986	8	32
1986	9	886
1986	10	901
1986	11	1686
1986	12	572
1987	1	564
1987	2	344
1987	3	43
1987	4	99
1987	5	40
1987	6	63
1987	7	28
1987	8	33
1987	9	643
1987	10	743
1987	11	629
1987	12	681
1988	1	911
1988	2	161
1988	3	43
1988	4	552
1988	5	687
1988	6	562
1988	7	74
1988	8	55
1988	9	687
1988	10	834
1988	11	1438
1988	12	478
1989	1	1396
1989	2	87
1989	3	1090
1989	4	324
1989	5	278
1989	6	180
1989	7	52
1989	8	117
1989	9	849
1989	10	790
1989	11	771
1989	12	250
1990	1	730
1990	2	429
1990	3	360
1990	4	395
1990	5	373
1990	6	483
1990	7	102
1990	8	92
1990	9	750
1990	10	894
1990	11	1456
1990	12	833
1991	1	615
1991	2	66
1991	3	297
1991	4	413
1991	5	928
1991	6	215
1991	7	101
1991	8	72
1991	9	1338
1991	10	697
1991	11	1137
1991	12	1018
1992	1	358
1992	2	48
1992	3	66
1992	4	91
1992	5	88
1992	6	142
1992	7	169
1992	8	373
1992	9	497
1992	10	433
1992	11	677
1992	12	1002
1993	1	781
1993	2	176
1993	3	563
1993	4	916
1993	5	740
1993	6	822
1993	7	251
1993	8	376
1993	9	1018
1993	10	591
1993	11	90
1993	12	208
1994	1	481
1994	2	51
1994	3	83
1994	4	87
1994	5	79
1994	6	167
1994	7	177
1994	8	244
1994	9	918
1994	10	578
1994	11	649
1994	12	897
1995	1	1251
1995	2	545
1995	3	69
1995	4	173
1995	5	605
1995	6	341
1995	7	208
1995	8	327
1995	9	1110
1995	10	610
1995	11	1112
1995	12	1426
1996	1	1912
1996	2	1222
1996	3	163
1996	4	491
1996	5	845
1996	6	179
1996	7	181
1996	8	346
1996	9	1087
1996	10	893
1996	11	1539
1996	12	2558
1997	1	2012
1997	2	432
1997	3	817
1997	4	346
1997	5	239
1997	6	184
1997	7	192
1997	8	367
1997	9	1182
1997	10	744
1997	11	270
1997	12	323
1998	1	1444
1998	2	71
1998	3	338
1998	4	256
1998	5	732
1998	6	365
1998	7	536
1998	8	256
1998	9	208
1998	10	691
1998	11	1191
1998	12	1668
1999	1	1727
1999	2	646
1999	3	471
1999	4	352
1999	5	781
1999	6	249
1999	7	143
1999	8	138
1999	9	623
1999	10	688
1999	11	919
1999	12	1307
2000	1	1798
2000	2	207
2000	3	475
2000	4	191
2000	5	614
2000	6	331
2000	7	110
2000	8	63
2000	9	647
2000	10	821
2000	11	523
2000	12	444
2001	1	93
2001	2	37
2001	3	38
2001	4	392
2001	5	78
2001	6	99
2001	7	53
2001	8	412
2001	9	655
2001	10	722
2001	11	600
2001	12	1498
2002	1	984
2002	2	191
2002	3	458
2002	4	531
2002	5	169
2002	6	129
2002	7	91
2002	8	113
2002	9	478
2002	10	721
2002	11	481
2002	12	556
2003	1	770
2003	2	304
2003	3	812
2003	4	770
2003	5	259
2003	6	220
2003	7	194
2003	8	465
2003	9	653
2003	10	368
2003	11	417
2003	12	1630
2004	1	1462
2004	2	738
2004	3	206
2004	4	45
2004	5	287
2004	6	530
2004	7	234
2004	8	396
2004	9	389
2004	10	750
2004	11	659
2004	12	988
2005	1	151
2005	2	52
2005	3	56
2005	4	50
2005	5	792
2005	6	359
2005	7	196
2005	8	476
2005	9	561
2005	10	541
2005	11	838
2005	12	814
2006	1	2389
2006	2	669
2006	3	196
2006	4	338
2006	5	255
2006	6	403
2006	7	119
2006	8	365
2006	9	354
2006	10	725
2006	11	1388
2006	12	1206
2007	1	1357
2007	2	186
2007	3	578
2007	4	346
2007	5	589
2007	6	173
2007	7	81
2007	8	358
2007	9	452
2007	10	423
2007	11	940
2007	12	1188
2008	1	1224
2008	2	540
2008	3	737
2008	4	364
2008	5	547
2008	6	541
2008	7	115
2008	8	102
2008	9	688
2008	10	869
2008	11	914
2008	12	571
2009	1	1944
2009	2	47
2009	3	117
2009	4	641
2009	5	349
2009	6	146
2009	7	130
2009	8	146
2009	9	509
2009	10	838
2009	11	1051
2009	12	397
2010	1	779
2010	2	65
2010	3	65
2010	4	205
2010	5	748
2010	6	1038
2010	7	1079
2010	8	335
2010	9	253
2010	10	445
2010	11	731
2010	12	1637
2011	1	1449
2011	2	60
2011	3	508
2011	4	1167
2011	5	725
2011	6	478
2011	7	191
2011	8	119
2011	9	681
2011	10	792
2011	11	783
2011	12	134
2012	1	1703
2012	2	377
2012	3	1274
2012	4	966
2012	5	676
2012	6	691
2012	7	164
2012	8	151
2012	9	611
2012	10	1000
2012	11	1606
2012	12	1454
2013	1	784
2013	2	335
2013	3	66
2013	4	162
2013	5	242
2013	6	239
2013	7	216
2013	8	219
2013	9	407
2013	10	1169
2013	11	911
2013	12	341
2014	1	637
2014	2	1348
2014	3	947
2014	4	428
2014	5	462
2014	6	267
2014	7	204
2014	8	201
2014	9	559
2014	10	772
2014	11	989
2014	12	1632
2015	1	606
2015	2	136
2015	3	55
2015	4	60
2015	5	160
2015	6	195
2015	7	206
2015	8	188
2015	9	214
