1940	1	255
1940	2	809
1940	3	458
1940	4	221
1940	5	141
1940	6	52
1940	7	26
1940	8	16
1940	9	20
1940	10	32
1940	11	130
1940	12	291
1941	1	471
1941	2	222
1941	3	137
1941	4	129
1941	5	116
1941	6	49
1941	7	25
1941	8	15
1941	9	24
1941	10	22
1941	11	196
1941	12	690
1942	1	402
1942	2	494
1942	3	172
1942	4	103
1942	5	92
1942	6	57
1942	7	31
1942	8	19
1942	9	13
1942	10	19
1942	11	552
1942	12	1044
1943	1	904
1943	2	655
1943	3	256
1943	4	421
1943	5	117
1943	6	72
1943	7	39
1943	8	26
1943	9	19
1943	10	88
1943	11	137
1943	12	231
1944	1	244
1944	2	267
1944	3	172
1944	4	206
1944	5	95
1944	6	56
1944	7	27
1944	8	16
1944	9	13
1944	10	15
1944	11	65
1944	12	102
1945	1	287
1945	2	563
1945	3	539
1945	4	321
1945	5	173
1945	6	79
1945	7	37
1945	8	20
1945	9	19
1945	10	19
1945	11	356
1945	12	698
1946	1	719
1946	2	553
1946	3	450
1946	4	187
1946	5	85
1946	6	49
1946	7	29
1946	8	16
1946	9	17
1946	10	42
1946	11	407
1946	12	501
1947	1	270
1947	2	487
1947	3	377
1947	4	287
1947	5	86
1947	6	64
1947	7	36
1947	8	25
1947	9	21
1947	10	299
1947	11	318
1947	12	264
1948	1	824
1948	2	626
1948	3	457
1948	4	370
1948	5	245
1948	6	94
1948	7	49
1948	8	28
1948	9	27
1948	10	33
1948	11	214
1948	12	695
1949	1	247
1949	2	1092
1949	3	348
1949	4	152
1949	5	184
1949	6	58
1949	7	31
1949	8	18
1949	9	16
1949	10	22
1949	11	111
1949	12	285
1950	1	903
1950	2	1000
1950	3	696
1950	4	265
1950	5	116
1950	6	56
1950	7	26
1950	8	17
1950	9	14
1950	10	196
1950	11	676
1950	12	563
1951	1	1038
1951	2	581
1951	3	530
1951	4	155
1951	5	123
1951	6	56
1951	7	26
1951	8	16
1951	9	14
1951	10	93
1951	11	302
1951	12	732
1952	1	697
1952	2	685
1952	3	354
1952	4	186
1952	5	122
1952	6	78
1952	7	37
1952	8	19
1952	9	16
1952	10	14
1952	11	27
1952	12	221
1953	1	1037
1953	2	691
1953	3	440
1953	4	229
1953	5	227
1953	6	113
1953	7	47
1953	8	33
1953	9	25
1953	10	40
1953	11	298
1953	12	813
1954	1	1110
1954	2	901
1954	3	398
1954	4	336
1954	5	103
1954	6	69
1954	7	34
1954	8	23
1954	9	24
1954	10	41
1954	11	125
1954	12	278
1955	1	387
1955	2	252
1955	3	401
1955	4	457
1955	5	149
1955	6	57
1955	7	36
1955	8	19
1955	9	19
1955	10	72
1955	11	388
1955	12	1424
1956	1	1259
1956	2	610
1956	3	649
1956	4	222
1956	5	95
1956	6	59
1956	7	29
1956	8	17
1956	9	17
1956	10	48
1956	11	65
1956	12	230
1957	1	188
1957	2	477
1957	3	735
1957	4	251
1957	5	125
1957	6	67
1957	7	33
1957	8	20
1957	9	15
1957	10	29
1957	11	60
1957	12	584
1958	1	625
1958	2	953
1958	3	344
1958	4	288
1958	5	118
1958	6	78
1958	7	31
1958	8	14
1958	9	16
1958	10	20
1958	11	216
1958	12	201
1959	1	867
1959	2	610
1959	3	281
1959	4	211
1959	5	100
1959	6	55
1959	7	24
1959	8	12
1959	9	22
1959	10	29
1959	11	41
1959	12	67
1960	1	147
1960	2	575
1960	3	506
1960	4	348
1960	5	224
1960	6	101
1960	7	35
1960	8	21
1960	9	16
1960	10	21
1960	11	393
1960	12	233
1961	1	295
1961	2	1061
1961	3	800
1961	4	210
1961	5	148
1961	6	63
1961	7	27
1961	8	14
1961	9	16
1961	10	38
1961	11	174
1961	12	479
1962	1	184
1962	2	331
1962	3	653
1962	4	243
1962	5	142
1962	6	60
1962	7	25
1962	8	16
1962	9	15
1962	10	68
1962	11	193
1962	12	219
1963	1	94
1963	2	520
1963	3	381
1963	4	658
1963	5	339
1963	6	89
1963	7	44
1963	8	19
1963	9	22
1963	10	30
1963	11	269
1963	12	199
1964	1	930
1964	2	307
1964	3	391
1964	4	139
1964	5	83
1964	6	49
1964	7	22
1964	8	13
1964	9	11
1964	10	15
1964	11	144
1964	12	1280
1965	1	1048
1965	2	371
1965	3	164
1965	4	127
1965	5	77
1965	6	40
1965	7	16
1965	8	10
1965	9	8
1965	10	18
1965	11	109
1965	12	319
1966	1	975
1966	2	281
1966	3	609
1966	4	165
1966	5	72
1966	6	34
1966	7	17
1966	8	6
1966	9	9
1966	10	17
1966	11	115
1966	12	404
1967	1	634
1967	2	339
1967	3	292
1967	4	221
1967	5	107
1967	6	52
1967	7	14
1967	8	5
1967	9	7
1967	10	42
1967	11	66
1967	12	286
1968	1	346
1968	2	645
1968	3	283
1968	4	132
1968	5	82
1968	6	52
1968	7	20
1968	8	23
1968	9	23
1968	10	67
1968	11	253
1968	12	878
1969	1	770
1969	2	739
1969	3	338
1969	4	141
1969	5	88
1969	6	50
1969	7	22
1969	8	7
1969	9	13
1969	10	35
1969	11	55
1969	12	385
1970	1	1110
1970	2	527
1970	3	250
1970	4	157
1970	5	111
1970	6	50
1970	7	16
1970	8	6
1970	9	10
1970	10	24
1970	11	140
1970	12	533
1971	1	1044
1971	2	353
1971	3	736
1971	4	464
1971	5	132
1971	6	78
1971	7	32
1971	8	13
1971	9	31
1971	10	34
1971	11	274
1971	12	724
1972	1	967
1972	2	513
1972	3	684
1972	4	386
1972	5	141
1972	6	69
1972	7	24
1972	8	13
1972	9	19
1972	10	21
1972	11	60
1972	12	370
1973	1	398
1973	2	172
1973	3	237
1973	4	162
1973	5	70
1973	6	36
1973	7	10
1973	8	4
1973	9	13
1973	10	18
1973	11	707
1973	12	1084
1974	1	1104
1974	2	745
1974	3	816
1974	4	403
1974	5	116
1974	6	56
1974	7	29
1974	8	10
1974	9	9
1974	10	11
1974	11	63
1974	12	309
1975	1	496
1975	2	593
1975	3	569
1975	4	240
1975	5	169
1975	6	58
1975	7	29
1975	8	18
1975	9	17
1975	10	44
1975	11	157
1975	12	458
1976	1	687
1976	2	440
1976	3	386
1976	4	195
1976	5	85
1976	6	47
1976	7	21
1976	8	16
1976	9	12
1976	10	15
1976	11	28
1976	12	23
1977	1	25
1977	2	62
1977	3	232
1977	4	57
1977	5	54
1977	6	24
1977	7	5
1977	8	3
1977	9	10
1977	10	17
1977	11	219
1977	12	817
1978	1	623
1978	2	366
1978	3	151
1978	4	198
1978	5	125
1978	6	56
1978	7	27
1978	8	16
1978	9	31
1978	10	16
1978	11	29
1978	12	109
1979	1	109
1979	2	488
1979	3	278
1979	4	189
1979	5	175
1979	6	52
1979	7	22
1979	8	15
1979	9	22
1979	10	61
1979	11	183
1979	12	361
1980	1	580
1980	2	292
1980	3	342
1980	4	274
1980	5	107
1980	6	65
1980	7	33
1980	8	14
1980	9	12
1980	10	15
1980	11	77
1980	12	745
1981	1	204
1981	2	356
1981	3	188
1981	4	220
1981	5	100
1981	6	100
1981	7	34
1981	8	15
1981	9	18
1981	10	67
1981	11	288
1981	12	1079
1982	1	792
1982	2	685
1982	3	382
1982	4	520
1982	5	128
1982	6	65
1982	7	34
1982	8	13
1982	9	17
1982	10	40
1982	11	123
1982	12	767
1983	1	471
1983	2	908
1983	3	725
1983	4	405
1983	5	146
1983	6	67
1983	7	53
1983	8	26
1983	9	26
1983	10	23
1983	11	311
1983	12	436
1984	1	290
1984	2	612
1984	3	415
1984	4	281
1984	5	193
1984	6	119
1984	7	45
1984	8	21
1984	9	22
1984	10	66
1984	11	682
1984	12	407
1985	1	191
1985	2	302
1985	3	260
1985	4	186
1985	5	77
1985	6	83
1985	7	21
1985	8	16
1985	9	17
1985	10	33
1985	11	104
1985	12	199
1986	1	358
1986	2	1047
1986	3	363
1986	4	137
1986	5	120
1986	6	42
1986	7	24
1986	8	10
1986	9	24
1986	10	26
1986	11	294
1986	12	205
1987	1	486
1987	2	606
1987	3	265
1987	4	113
1987	5	60
1987	6	33
1987	7	23
1987	8	12
1987	9	9
1987	10	7
1987	11	28
1987	12	464
1988	1	689
1988	2	191
1988	3	199
1988	4	187
1988	5	183
1988	6	84
1988	7	33
1988	8	13
1988	9	11
1988	10	15
1988	11	284
1988	12	240
1989	1	481
1989	2	233
1989	3	563
1989	4	225
1989	5	92
1989	6	45
1989	7	27
1989	8	19
1989	9	10
1989	10	21
1989	11	52
1989	12	73
1990	1	479
1990	2	706
1990	3	252
1990	4	109
1990	5	73
1990	6	70
1990	7	28
1990	8	19
1990	9	14
1990	10	35
1990	11	147
1990	12	190
1991	1	259
1991	2	274
1991	3	441
1991	4	245
1991	5	165
1991	6	74
1991	7	36
1991	8	17
1991	9	9
1991	10	15
1991	11	99
1991	12	199
1992	1	215
1992	2	362
1992	3	130
1992	4	223
1992	5	75
1992	6	33
1992	7	21
1992	8	6
1992	9	8
1992	10	18
1992	11	81
1992	12	329
1993	1	420
1993	2	191
1993	3	422
1993	4	485
1993	5	213
1993	6	158
1993	7	59
1993	8	35
1993	9	20
1993	10	23
1993	11	32
1993	12	218
1994	1	243
1994	2	262
1994	3	219
1994	4	204
1994	5	78
1994	6	49
1994	7	20
1994	8	7
1994	9	11
1994	10	31
1994	11	297
1994	12	554
1995	1	1024
1995	2	643
1995	3	472
1995	4	311
1995	5	167
1995	6	71
1995	7	32
1995	8	15
1995	9	18
1995	10	35
1995	11	165
1995	12	705
1996	1	870
1996	2	1283
1996	3	290
1996	4	304
1996	5	204
1996	6	88
1996	7	43
1996	8	19
1996	9	21
1996	10	50
1996	11	503
1996	12	1417
1997	1	849
1997	2	447
1997	3	611
1997	4	252
1997	5	141
1997	6	88
1997	7	43
1997	8	23
1997	9	34
1997	10	89
1997	11	222
1997	12	261
1998	1	672
1998	2	679
1998	3	454
1998	4	205
1998	5	148
1998	6	92
1998	7	40
1998	8	19
1998	9	16
1998	10	25
1998	11	365
1998	12	978
1999	1	1028
1999	2	1272
1999	3	620
1999	4	243
1999	5	136
1999	6	62
1999	7	35
1999	8	23
1999	9	14
1999	10	24
1999	11	244
1999	12	491
2000	1	779
2000	2	538
2000	3	323
2000	4	135
2000	5	140
2000	6	63
2000	7	30
2000	8	10
2000	9	20
2000	10	27
2000	11	30
2000	12	160
2001	1	74
2001	2	101
2001	3	89
2001	4	74
2001	5	51
2001	6	27
2001	7	15
2001	8	10
2001	9	7
2001	10	16
2001	11	163
2001	12	619
2002	1	759
2002	2	455
2002	3	432
2002	4	189
2002	5	88
2002	6	51
2002	7	27
2002	8	13
2002	9	14
2002	10	16
2002	11	47
2002	12	534
2003	1	565
2003	2	411
2003	3	527
2003	4	351
2003	5	163
2003	6	65
2003	7	27
2003	8	14
2003	9	14
2003	10	19
2003	11	67
2003	12	507
2004	1	665
2004	2	552
2004	3	272
2004	4	201
2004	5	92
2004	6	61
2004	7	27
2004	8	19
2004	9	23
2004	10	35
2004	11	44
2004	12	182
2005	1	163
2005	2	96
2005	3	182
2005	4	185
2005	5	103
2005	6	78
2005	7	33
2005	8	16
2005	9	11
2005	10	22
2005	11	140
2005	12	730
2006	1	1590
2006	2	610
2006	3	368
2006	4	228
2006	5	97
2006	6	63
2006	7	29
2006	8	16
2006	9	14
2006	10	16
2006	11	484
2006	12	735
2007	1	525
2007	2	457
2007	3	379
2007	4	165
2007	5	117
2007	6	59
2007	7	28
2007	8	17
2007	9	13
2007	10	47
2007	11	114
2007	12	601
2008	1	727
2008	2	597
2008	3	318
2008	4	211
2008	5	101
2008	6	60
2008	7	27
2008	8	18
2008	9	12
2008	10	22
2008	11	76
2008	12	264
2009	1	355
2009	2	248
2009	3	350
2009	4	145
2009	5	169
2009	6	70
2009	7	35
2009	8	16
2009	9	14
2009	10	26
2009	11	109
2009	12	195
2010	1	468
2010	2	328
2010	3	404
2010	4	459
2010	5	178
2010	6	182
2010	7	54
2010	8	27
2010	9	26
2010	10	47
2010	11	177
2010	12	690
2011	1	423
2011	2	295
2011	3	729
2011	4	355
2011	5	170
2011	6	93
2011	7	46
2011	8	22
2011	9	13
2011	10	25
2011	11	83
2011	12	231
2012	1	984
2012	2	326
2012	3	1018
2012	4	590
2012	5	169
2012	6	85
2012	7	45
2012	8	20
2012	9	11
2012	10	37
2012	11	309
2012	12	808
2013	1	219
2013	2	182
2013	3	184
2013	4	148
2013	5	78
2013	6	52
2013	7	24
2013	8	13
2013	9	42
2013	10	47
2013	11	61
2013	12	62
2014	1	120
2014	2	753
2014	3	531
2014	4	293
2014	5	160
2014	6	62
2014	7	34
2014	8	16
2014	9	14
2014	10	32
2014	11	152
2014	12	547
2015	1	283
2015	2	490
2015	3	189
2015	4	112
2015	5	63
2015	6	34
2015	7	15
2015	8	7
2015	9	11
