1940	1	438
1940	2	1205
1940	3	863
1940	4	582
1940	5	437
1940	6	207
1940	7	129
1940	8	98
1940	9	112
1940	10	159
1940	11	532
1940	12	500
1941	1	626
1941	2	361
1941	3	288
1941	4	294
1941	5	526
1941	6	287
1941	7	151
1941	8	120
1941	9	184
1941	10	208
1941	11	507
1941	12	1170
1942	1	425
1942	2	610
1942	3	422
1942	4	443
1942	5	502
1942	6	460
1942	7	232
1942	8	138
1942	9	111
1942	10	119
1942	11	1504
1942	12	1391
1943	1	794
1943	2	940
1943	3	696
1943	4	1264
1943	5	702
1943	6	702
1943	7	446
1943	8	236
1943	9	161
1943	10	301
1943	11	463
1943	12	465
1944	1	364
1944	2	401
1944	3	396
1944	4	504
1944	5	459
1944	6	319
1944	7	170
1944	8	115
1944	9	112
1944	10	104
1944	11	244
1944	12	225
1945	1	667
1945	2	1004
1945	3	522
1945	4	713
1945	5	1006
1945	6	378
1945	7	196
1945	8	123
1945	9	119
1945	10	103
1945	11	674
1945	12	1229
1946	1	1024
1946	2	553
1946	3	708
1946	4	770
1946	5	895
1946	6	622
1946	7	352
1946	8	174
1946	9	148
1946	10	299
1946	11	959
1946	12	1509
1947	1	624
1947	2	756
1947	3	692
1947	4	680
1947	5	462
1947	6	438
1947	7	239
1947	8	161
1947	9	155
1947	10	826
1947	11	933
1947	12	532
1948	1	1154
1948	2	823
1948	3	512
1948	4	775
1948	5	985
1948	6	790
1948	7	292
1948	8	173
1948	9	164
1948	10	277
1948	11	549
1948	12	749
1949	1	231
1949	2	763
1949	3	822
1949	4	1279
1949	5	1627
1949	6	692
1949	7	356
1949	8	208
1949	9	186
1949	10	278
1949	11	605
1949	12	523
1950	1	770
1950	2	1082
1950	3	1087
1950	4	960
1950	5	1087
1950	6	1082
1950	7	491
1950	8	243
1950	9	183
1950	10	732
1950	11	1341
1950	12	1266
1951	1	1110
1951	2	1278
1951	3	565
1951	4	907
1951	5	767
1951	6	422
1951	7	252
1951	8	165
1951	9	142
1951	10	594
1951	11	595
1951	12	790
1952	1	345
1952	2	825
1952	3	526
1952	4	1058
1952	5	919
1952	6	589
1952	7	341
1952	8	177
1952	9	148
1952	10	129
1952	11	128
1952	12	328
1953	1	2134
1953	2	1210
1953	3	597
1953	4	657
1953	5	793
1953	6	640
1953	7	403
1953	8	216
1953	9	149
1953	10	169
1953	11	724
1953	12	1392
1954	1	806
1954	2	1139
1954	3	675
1954	4	1003
1954	5	758
1954	6	736
1954	7	410
1954	8	232
1954	9	195
1954	10	299
1954	11	389
1954	12	481
1955	1	419
1955	2	500
1955	3	392
1955	4	690
1955	5	1130
1955	6	1209
1955	7	472
1955	8	214
1955	9	170
1955	10	535
1955	11	1261
1955	12	1781
1956	1	1338
1956	2	383
1956	3	598
1956	4	1167
1956	5	1212
1956	6	749
1956	7	389
1956	8	210
1956	9	160
1956	10	251
1956	11	472
1956	12	1050
1957	1	276
1957	2	755
1957	3	1170
1957	4	816
1957	5	701
1957	6	414
1957	7	205
1957	8	143
1957	9	121
1957	10	167
1957	11	311
1957	12	1112
1958	1	1077
1958	2	1336
1958	3	442
1958	4	900
1958	5	721
1958	6	465
1958	7	224
1958	8	143
1958	9	131
1958	10	161
1958	11	1133
1958	12	896
1959	1	1127
1959	2	530
1959	3	627
1959	4	724
1959	5	620
1959	6	469
1959	7	220
1959	8	140
1959	9	258
1959	10	481
1959	11	452
1959	12	389
1960	1	282
1960	2	844
1960	3	911
1960	4	965
1960	5	929
1960	6	624
1960	7	241
1960	8	164
1960	9	137
1960	10	179
1960	11	1135
1960	12	633
1961	1	761
1961	2	1825
1961	3	1046
1961	4	725
1961	5	811
1961	6	520
1961	7	243
1961	8	161
1961	9	166
1961	10	258
1961	11	524
1961	12	995
1962	1	664
1962	2	553
1962	3	528
1962	4	1180
1962	5	716
1962	6	483
1962	7	279
1962	8	187
1962	9	160
1962	10	417
1962	11	1127
1962	12	835
1963	1	322
1963	2	1066
1963	3	430
1963	4	747
1963	5	766
1963	6	332
1963	7	220
1963	8	139
1963	9	133
1963	10	162
1963	11	831
1963	12	526
1964	1	733
1964	2	533
1964	3	486
1964	4	714
1964	5	877
1964	6	854
1964	7	375
1964	8	200
1964	9	148
1964	10	139
1964	11	528
1964	12	2385
1965	1	1432
1965	2	773
1965	3	483
1965	4	785
1965	5	546
1965	6	395
1965	7	217
1965	8	162
1965	9	141
1965	10	154
1965	11	366
1965	12	345
1966	1	712
1966	2	321
1966	3	875
1966	4	1093
1966	5	794
1966	6	431
1966	7	252
1966	8	153
1966	9	136
1966	10	190
1966	11	634
1966	12	861
1967	1	1093
1967	2	598
1967	3	466
1967	4	342
1967	5	713
1967	6	537
1967	7	232
1967	8	136
1967	9	125
1967	10	544
1967	11	444
1967	12	660
1968	1	760
1968	2	1652
1968	3	563
1968	4	382
1968	5	454
1968	6	345
1968	7	176
1968	8	212
1968	9	204
1968	10	529
1968	11	1186
1968	12	926
1969	1	907
1969	2	327
1969	3	601
1969	4	1036
1969	5	1291
1969	6	713
1969	7	308
1969	8	193
1969	9	178
1969	10	259
1969	11	293
1969	12	732
1970	1	1868
1970	2	914
1970	3	638
1970	4	429
1970	5	605
1970	6	423
1970	7	223
1970	8	153
1970	9	153
1970	10	187
1970	11	810
1970	12	624
1971	1	1417
1971	2	951
1971	3	710
1971	4	861
1971	5	1313
1971	6	828
1971	7	460
1971	8	240
1971	9	267
1971	10	241
1971	11	820
1971	12	802
1972	1	1143
1972	2	1365
1972	3	1874
1972	4	813
1972	5	1190
1972	6	783
1972	7	427
1972	8	259
1972	9	217
1972	10	185
1972	11	321
1972	12	1015
1973	1	807
1973	2	368
1973	3	436
1973	4	414
1973	5	399
1973	6	264
1973	7	149
1973	8	112
1973	9	166
1973	10	222
1973	11	1205
1973	12	1764
1974	1	1567
1974	2	775
1974	3	935
1974	4	952
1974	5	1035
1974	6	1282
1974	7	522
1974	8	263
1974	9	172
1974	10	142
1974	11	299
1974	12	1093
1975	1	1553
1975	2	849
1975	3	782
1975	4	485
1975	5	873
1975	6	665
1975	7	377
1975	8	200
1975	9	148
1975	10	340
1975	11	727
1975	12	1524
1976	1	1215
1976	2	625
1976	3	528
1976	4	816
1976	5	1028
1976	6	556
1976	7	370
1976	8	222
1976	9	149
1976	10	120
1976	11	167
1976	12	163
1977	1	170
1977	2	175
1977	3	448
1977	4	605
1977	5	540
1977	6	420
1977	7	163
1977	8	149
1977	9	183
1977	10	247
1977	11	1434
1977	12	2078
1978	1	885
1978	2	696
1978	3	382
1978	4	447
1978	5	536
1978	6	376
1978	7	225
1978	8	171
1978	9	201
1978	10	134
1978	11	221
1978	12	722
1979	1	303
1979	2	892
1979	3	887
1979	4	704
1979	5	706
1979	6	307
1979	7	180
1979	8	134
1979	9	134
1979	10	202
1979	11	363
1979	12	704
1980	1	1225
1980	2	688
1980	3	544
1980	4	755
1980	5	394
1980	6	325
1980	7	200
1980	8	126
1980	9	125
1980	10	117
1980	11	489
1980	12	1672
1981	1	460
1981	2	1112
1981	3	405
1981	4	677
1981	5	465
1981	6	621
1981	7	202
1981	8	140
1981	9	148
1981	10	305
1981	11	548
1981	12	1822
1982	1	758
1982	2	1867
1982	3	730
1982	4	747
1982	5	786
1982	6	622
1982	7	324
1982	8	182
1982	9	171
1982	10	392
1982	11	573
1982	12	1209
1983	1	1186
1983	2	1190
1983	3	1014
1983	4	633
1983	5	647
1983	6	454
1983	7	421
1983	8	214
1983	9	166
1983	10	145
1983	11	901
1983	12	884
1984	1	1034
1984	2	803
1984	3	929
1984	4	588
1984	5	792
1984	6	721
1984	7	336
1984	8	185
1984	9	160
1984	10	291
1984	11	1213
1984	12	535
1985	1	322
1985	2	416
1985	3	560
1985	4	1125
1985	5	742
1985	6	669
1985	7	243
1985	8	154
1985	9	165
1985	10	328
1985	11	557
1985	12	445
1986	1	988
1986	2	1715
1986	3	853
1986	4	441
1986	5	529
1986	6	344
1986	7	191
1986	8	131
1986	9	184
1986	10	176
1986	11	996
1986	12	478
1987	1	582
1987	2	870
1987	3	667
1987	4	518
1987	5	454
1987	6	256
1987	7	169
1987	8	124
1987	9	107
1998	10	178
1998	11	722
1998	12	1376
1999	1	1064
1999	2	969
1999	3	690
1999	4	570
1999	5	966
1999	6	881
1999	7	493
1999	8	287
1999	9	183
1999	10	175
1999	11	873
1999	12	1028
2000	1	540
2000	2	1011
2000	3	729
2000	4	840
2000	5	770
2000	6	590
2000	7	265
2000	8	160
2000	9	137
2000	10	184
2000	11	204
2000	12	366
2001	1	322
2001	2	299
2001	3	435
2001	4	451
2001	5	606
2001	6	268
2001	7	151
2001	8	115
2001	9	97
2001	10	171
2001	11	561
2001	12	988
2002	1	851
2002	2	551
2002	3	659
2002	4	1241
2002	5	807
2002	6	699
2002	7	298
2002	8	164
2002	9	134
2002	10	124
2002	11	204
2002	12	446
2003	1	1164
2003	2	740
2003	3	1227
2003	4	786
2003	5	612
2003	6	376
2003	7	184
2003	8	132
2003	9	129
2003	10	163
2003	11	298
2003	12	838
2004	1	1015
2004	2	779
2004	3	696
2004	4	562
2004	5	554
2004	6	479
2004	7	203
2004	8	187
2004	9	231
2004	10	244
2004	11	300
2004	12	677
2005	1	541
2005	2	321
2005	3	503
2005	4	615
2005	5	600
2005	6	334
2005	7	175
2005	8	119
2005	9	106
2005	10	135
2005	11	560
2005	12	1145
2006	1	1743
2006	2	788
2006	3	436
2006	4	757
2006	5	728
2006	6	557
2006	7	226
2006	8	147
2006	9	131
2006	10	127
2006	11	1112
2006	12	1375
2007	1	775
2007	2	728
2007	3	905
2007	4	546
2007	5	440
2007	6	295
2007	7	169
2007	8	120
2007	9	102
2007	10	329
2007	11	518
2007	12	1038
2008	1	579
2008	2	426
2008	3	745
2008	4	682
2008	5	1574
2008	6	1069
2008	7	477
2008	8	240
2008	9	157
2008	10	169
2008	11	526
2008	12	420
2009	1	1276
2009	2	477
2009	3	658
2009	4	910
2009	5	1205
2009	6	536
2009	7	241
2009	8	145
2009	9	123
2009	10	174
2009	11	439
2009	12	587
2010	1	956
2010	2	492
2010	3	540
2010	4	770
2010	5	677
2010	6	974
2010	7	323
2010	8	171
2010	9	174
2010	10	220
2010	11	582
2010	12	1321
2011	1	1242
2011	2	408
2011	3	750
2011	4	999
2011	5	765
2011	6	761
2011	7	397
2011	8	213
2011	9	148
2011	10	170
2011	11	362
2011	12	668
2012	1	1297
2012	2	825
2012	3	1070
2012	4	1315
2012	5	942
2012	6	672
2012	7	397
2012	8	224
2012	9	161
2012	10	338
2012	11	794
2012	12	1031
2013	1	512
2013	2	486
2013	3	752
2013	4	927
2013	5	602
2013	6	396
2013	7	202
2013	8	141
2013	9	304
2013	10	380
2013	11	471
2013	12	555
2014	1	557
2014	2	1422
2014	3	1554
2014	4	825
2014	5	808
2014	6	396
2014	7	256
2014	8	153
2014	9	125
2014	10	240
2014	11	802
2014	12	1201
2015	1	750
2015	2	678
2015	3	411
2015	4	373
2015	5	229
2015	6	145
2015	7	107
2015	8	97
2015	9	101
