1940	1	12202
1940	2	32504
1940	3	24938
1940	4	13464
1940	5	7580
1940	6	3716
1940	7	2540
1940	8	2034
1940	9	2351
1940	10	2785
1940	11	9953
1940	12	16329
1941	1	19206
1941	2	9894
1941	3	6855
1941	4	7418
1941	5	8949
1941	6	6516
1941	7	3825
1941	8	2589
1941	9	3698
1941	10	3925
1941	11	17299
1941	12	35558
1942	1	20274
1942	2	21589
1942	3	10890
1942	4	7904
1942	5	13276
1942	6	10505
1942	7	5051
1942	8	3147
1942	9	2819
1942	10	2628
1942	11	25034
1942	12	52070
1943	1	50412
1943	2	32150
1943	3	14303
1943	4	24513
1943	5	12377
1943	6	14682
1943	7	6705
1943	8	4115
1943	9	3421
1943	10	6274
1943	11	12349
1943	12	9343
1944	1	11391
1944	2	15620
1944	3	11308
1944	4	15299
1944	5	8892
1944	6	5520
1944	7	3280
1944	8	2484
1944	9	2622
1944	10	2839
1944	11	4578
1944	12	4932
1945	1	16507
1945	2	32171
1945	3	24293
1945	4	23326
1945	5	20874
1945	6	8597
1945	7	3889
1945	8	2823
1945	9	3189
1945	10	3567
1945	11	19913
1945	12	34948
1946	1	41012
1946	2	22246
1946	3	29019
1946	4	13370
1946	5	11774
1946	6	8788
1946	7	4996
1946	8	3148
1946	9	3460
1946	10	5933
1946	11	22374
1946	12	34096
1947	1	16687
1947	2	23260
1947	3	18999
1947	4	22306
1947	5	7811
1947	6	8745
1947	7	4865
1947	8	3569
1947	9	3085
1947	10	17068
1947	11	29220
1947	12	19074
1948	1	40956
1948	2	28426
1948	3	22951
1948	4	20626
1948	5	19406
1948	6	13157
1948	7	5879
1948	8	3969
1948	9	4113
1948	10	6232
1948	11	14080
1948	12	37712
1949	1	11618
1949	2	38425
1949	3	23490
1949	4	16836
1949	5	22406
1949	6	8594
1949	7	4611
1949	8	3338
1949	9	3765
1949	10	4652
1949	11	6221
1949	12	14527
1950	1	36370
1950	2	39953
1950	3	33861
1950	4	19833
1950	5	16838
1950	6	16123
1950	7	7000
1950	8	4093
1950	9	4082
1950	10	17047
1950	11	46183
1950	12	35009
1951	1	46464
1951	2	37525
1951	3	24719
1951	4	15266
1951	5	13914
1951	6	6652
1951	7	4090
1951	8	3621
1951	9	3644
1951	10	12198
1951	11	16900
1951	12	39451
1952	1	23651
1952	2	33755
1952	3	20700
1952	4	19023
1952	5	13641
1952	6	9470
1952	7	6952
1952	8	4300
1952	9	4187
1952	10	3715
1952	11	3195
1952	12	9492
1953	1	52106
1953	2	42464
1953	3	20558
1953	4	13470
1953	5	20451
1953	6	15292
1953	7	6156
1953	8	4588
1953	9	4453
1953	10	5125
1953	11	22034
1953	12	45812
1954	1	37848
1954	2	36071
1954	3	15024
1954	4	17248
1954	5	7838
1954	6	9063
1954	7	5731
1954	8	5043
1954	9	5175
1954	10	5716
1954	11	7470
1954	12	11742
1955	1	22177
1955	2	12894
1955	3	18668
1955	4	29610
1955	5	16238
1955	6	14401
1955	7	6720
1955	8	4989
1955	9	5326
1955	10	9484
1955	11	28730
1955	12	69632
1956	1	61229
1956	2	21558
1956	3	27761
1956	4	20273
1956	5	18277
1956	6	13676
1956	7	6470
1956	8	4987
1956	9	5787
1956	10	8090
1956	11	14689
1956	12	28140
1957	1	13793
1957	2	21703
1957	3	43893
1957	4	17981
1957	5	11635
1957	6	6988
1957	7	4552
1957	8	4550
1957	9	5073
1957	10	5963
1957	11	8306
1957	12	31781
1958	1	35929
1958	2	46403
1958	3	16858
1958	4	17610
1958	5	11467
1958	6	10700
1958	7	5398
1958	8	4561
1958	9	5922
1958	10	6183
1958	11	21321
1958	12	16427
1959	1	36364
1959	2	28525
1959	3	14893
1959	4	13768
1959	5	12273
1959	6	6904
1959	7	4310
1959	8	4376
1959	9	5396
1959	10	9778
1959	11	8278
1959	12	7053
1960	1	11294
1960	2	26051
1960	3	28557
1960	4	24756
1960	5	22600
1960	6	10321
1960	7	4763
1960	8	4445
1960	9	4508
1960	10	6501
1960	11	23580
1960	12	20027
1961	1	13236
1961	2	51957
1961	3	35119
1961	4	12922
1961	5	13861
1961	6	7649
1961	7	5070
1961	8	5007
1961	9	5046
1961	10	6802
1961	11	16194
1961	12	32090
1962	1	16680
1962	2	13596
1962	3	22670
1962	4	17596
1962	5	16812
1962	6	9413
1962	7	4653
1962	8	4855
1962	9	4832
1962	10	11852
1962	11	16963
1962	12	24679
1963	1	7290
1963	2	24928
1963	3	13764
1963	4	27223
1963	5	24826
1963	6	7299
1963	7	6044
1963	8	4971
1963	9	5297
1963	10	7934
1963	11	23082
1963	12	14522
1964	1	42448
1964	2	18386
1964	3	17675
1964	4	11974
1964	5	11900
1964	6	13228
1964	7	6413
1964	8	5854
1964	9	6594
1964	10	7050
1964	11	13574
1964	12	69058
1965	1	60109
1965	2	26164
1965	3	8823
1965	4	9583
1965	5	8022
1965	6	5577
1965	7	4239
1965	8	4704
1965	9	5239
1965	10	8799
1965	11	10734
1965	12	11699
1966	1	41741
1966	2	10887
1966	3	22509
1966	4	11040
1966	5	7113
1966	6	4715
1966	7	4273
1966	8	4546
1966	9	6108
1966	10	7573
1966	11	19120
1966	12	26251
1967	1	27399
1967	2	19016
1967	3	11512
1967	4	9051
1967	5	8762
1967	6	5936
1967	7	4875
1967	8	4673
1967	9	5703
1967	10	8952
1967	11	11785
1967	12	16437
1968	1	20948
1968	2	24712
1968	3	11341
1968	4	7390
1968	5	6261
1968	6	5067
1968	7	4194
1968	8	5682
1968	9	4957
1968	10	11428
1968	11	28916
1968	12	41974
1969	1	35641
1969	2	22646
1969	3	13149
1969	4	10603
1969	5	11793
1969	6	10509
1969	7	7332
1969	8	6052
1969	9	6821
1969	10	9013
1969	11	9813
1969	12	25002
1970	1	43429
1970	2	33482
1970	3	10801
1970	4	7710
1970	5	11641
1970	6	6136
1970	7	5443
1970	8	5511
1970	9	5779
1970	10	8270
1970	11	17259
1970	12	26512
1971	1	45070
1971	2	24217
1971	3	28658
1971	4	19900
1971	5	13587
1971	6	11665
1971	7	6608
1971	8	7312
1971	9	8202
1971	10	10188
1971	11	18923
1971	12	44003
1972	1	42145
1972	2	31789
1972	3	43274
1972	4	21090
1972	5	14813
1972	6	10652
1972	7	5578
1972	8	6657
1972	9	8984
1972	10	7864
1972	11	9591
1972	12	20153
1973	1	20477
1973	2	7945
1973	3	9835
1973	4	8074
1973	5	4732
1973	6	4280
1973	7	4288
1973	8	4794
1973	9	5245
1973	10	8810
1973	11	39540
1973	12	50290
1974	1	44812
1974	2	28050
1974	3	31241
1974	4	23516
1974	5	11748
1974	6	13357
1974	7	6366
1974	8	5831
1974	9	7411
1974	10	9364
1974	11	9868
1974	12	24923
1975	1	34570
1975	2	22939
1975	3	25196
1975	4	13323
1975	5	14090
1975	6	9898
1975	7	6187
1975	8	6291
1975	9	8267
1975	10	11118
1975	11	19523
1975	12	35622
1976	1	41916
1976	2	16008
1976	3	16117
1976	4	15526
1976	5	11037
1976	6	7846
1976	7	5379
1976	8	5877
1976	9	8331
1976	10	8478
1976	11	7504
1976	12	4150
1977	1	3900
1977	2	3207
1977	3	8335
1977	4	5630
1977	5	8246
1977	6	5127
1977	7	4303
1977	8	4825
1977	9	6046
1977	10	7454
1977	11	20539
1977	12	53051
1978	1	28941
1978	2	16233
1978	3	6808
1978	4	8227
1978	5	7756
1978	6	4938
1978	7	4084
1978	8	5219
1978	9	8468
1978	10	8136
1978	11	7131
1978	12	19662
1979	1	11982
1979	2	24994
1979	3	17362
1979	4	17790
1979	5	14658
1979	6	5423
1979	7	5008
1979	8	5041
1979	9	6589
1979	10	9555
1979	11	14575
1979	12	20412
1980	1	33806
1980	2	11070
1980	3	14566
1980	4	12380
1980	5	6610
1980	6	6669
1980	7	4517
1980	8	4778
1980	9	7039
1980	10	8395
1980	11	10840
1980	12	35203
1981	1	13699
1981	2	14611
1981	3	9671
1981	4	12259
1981	5	7956
1981	6	10332
1981	7	5006
1981	8	5401
1981	9	7303
1981	10	9931
1981	11	18413
1981	12	55387
1982	1	38016
1982	2	34185
1982	3	18361
1982	4	19476
1982	5	9834
1982	6	7520
1982	7	5291
1982	8	5812
1982	9	7328
1982	10	11488
1982	11	14760
1982	12	41441
1983	1	26748
1983	2	34008
1983	3	24651
1983	4	19503
1983	5	12236
1983	6	8346
1983	7	7135
1983	8	6529
1983	9	8498
1983	10	8995
1983	11	22440
1983	12	33525
1984	1	21858
1984	2	26571
1984	3	21170
1984	4	19376
1984	5	17448
1984	6	18310
1984	7	6385
1984	8	5473
1984	9	8969
1984	10	11784
1984	11	40853
1984	12	25732
1985	1	11078
1985	2	13324
1985	3	9614
1985	4	11570
1985	5	8013
1985	6	8979
1985	7	4414
1985	8	5114
1985	9	7623
1985	10	10259
1985	11	14750
1985	12	15827
1986	1	22000
1986	2	38625
1986	3	23849
1986	4	7516
1986	5	10880
1986	6	5516
1986	7	4301
1986	8	4924
1986	9	8277
1986	10	9128
1986	11	22056
1986	12	17508
1987	1	20334
1987	2	21498
1987	3	11257
1987	4	6627
1987	5	4805
1987	6	4091
1987	7	4333
1987	8	4515
1987	9	5149
1987	10	5342
1987	11	5424
1987	12	20245
1988	1	26498
1988	2	9894
1988	3	9779
1988	4	12988
1988	5	14560
1988	6	11152
1988	7	4740
1988	8	5036
1988	9	5925
1988	10	7606
1988	11	21819
1988	12	14769
1989	1	26790
1989	2	12918
1989	3	24995
1989	4	16166
1989	5	8840
1989	6	6832
1989	7	4908
1989	8	5836
1989	9	7400
1989	10	8157
1989	11	9423
1989	12	8032
1990	1	20995
1990	2	21632
1990	3	12141
1990	4	9748
1990	5	10453
1990	6	9268
1990	7	4716
1990	8	5438
1990	9	5787
1990	10	7877
1990	11	18423
1990	12	16278
1991	1	17138
1991	2	11798
1991	3	16226
1991	4	12205
1991	5	17293
1991	6	7643
1991	7	4836
1991	8	5526
1991	9	7072
1991	10	8457
1991	11	18933
1991	12	22025
1992	1	10473
1992	2	12969
1992	3	6990
1992	4	10939
1992	5	5339
1992	6	4147
1992	7	4876
1992	8	4375
1992	9	4346
1992	10	4915
1992	11	9963
1992	12	22548
1993	1	19538
1993	2	10670
1993	3	24331
1993	4	26863
1993	5	18925
1993	6	18459
1993	7	6212
1993	8	6554
1993	9	6963
1993	10	7700
1993	11	6007
1993	12	8777
1994	1	13210
1994	2	8889
1994	3	10031
1994	4	9192
1994	5	4905
1994	6	4938
1994	7	4879
1994	8	5480
1994	9	5623
1994	10	6108
1994	11	13195
1994	12	22432
1995	1	32554
1995	2	26956
1995	3	12735
1995	4	12902
1995	5	14716
1995	6	7928
1995	7	5336
1995	8	5712
1995	9	6841
1995	10	8769
1995	11	18745
1995	12	43932
1996	1	43974
1996	2	50468
1996	3	13776
1996	4	17383
1996	5	19952
1996	6	7802
1996	7	5471
1996	8	5827
1996	9	7389
1996	10	10424
1996	11	34640
1996	12	64058
1997	1	47270
1997	2	22660
1997	3	26045
1997	4	13553
1997	5	11638
1997	6	7627
1997	7	6167
1997	8	6060
1997	9	8046
1997	10	11076
1997	11	14861
1997	12	13132
1998	1	33723
1998	2	18382
1998	3	16831
1998	4	10134
1998	5	14846
1998	6	10531
1998	7	6132
1998	8	5660
1998	9	5884
1998	10	7693
1998	11	21933
1998	12	40806
1999	1	43064
1999	2	31135
1999	3	22041
1999	4	12807
1999	5	16699
1999	6	11513
1999	7	7017
1999	8	6435
1999	9	6982
1999	10	7720
1999	11	14867
1999	12	27719
2000	1	34080
2000	2	19358
2000	3	16190
2000	4	12122
2000	5	12479
2000	6	8123
2000	7	5236
2000	8	5458
2000	9	6330
2000	10	7864
2000	11	8069
2000	12	9500
2001	1	6212
2001	2	6079
2001	3	6571
2001	4	9644
2001	5	9296
2001	6	5323
2001	7	3947
2001	8	3966
2001	9	4453
2001	10	5417
2001	11	10286
2001	12	32800
2002	1	27558
2002	2	16260
2002	3	15653
2002	4	15995
2002	5	9360
2002	6	6487
2002	7	4613
2002	8	5151
2002	9	5428
2002	10	6066
2002	11	6027
2002	12	13457
2003	1	25229
2003	2	19158
2003	3	21554
2003	4	20216
2003	5	10262
2003	6	6392
2003	7	4548
2003	8	4645
2003	9	4695
2003	10	4718
2003	11	5737
2003	12	27938
2004	1	30712
2004	2	21996
2004	3	10839
2004	4	10127
2004	5	10334
2004	6	8075
2004	7	4713
2004	8	5319
2004	9	5613
2004	10	7776
2004	11	8482
2004	12	16024
2005	1	7720
2005	2	5795
2005	3	7378
2005	4	11577
2005	5	12900
2005	6	7703
2005	7	5080
2005	8	5208
2005	9	5375
2005	10	6185
2005	11	12259
2005	12	22721
2006	1	61925
2006	2	24221
2006	3	12606
2006	4	12796
2006	5	9837
2006	6	8863
2006	7	4728
2006	8	5020
2006	9	5360
2006	10	6966
2006	11	26427
2006	12	32309
2007	1	27465
2007	2	15527
2007	3	17132
2007	4	11192
2007	5	10054
2007	6	7288
2007	7	4487
2007	8	4701
2007	9	4908
2007	10	7237
2007	11	13067
2007	12	23993
2008	1	29729
2008	2	19254
2008	3	15962
2008	4	12257
2008	5	16745
2008	6	13759
2008	7	5990
2008	8	5292
2008	9	5877
2008	10	8792
2008	11	13720
2008	12	11910
2009	1	31158
2009	2	9738
2009	3	14402
2009	4	12233
2009	5	14058
2009	6	7706
2009	7	4864
2009	8	5505
2009	9	6146
2009	10	7615
2009	11	13456
2009	12	11990
2010	1	23819
2010	2	11186
2010	3	11609
2010	4	17829
2010	5	13506
2010	6	21792
2010	7	7481
2010	8	5606
2010	9	5479
2010	10	8000
2010	11	14893
2010	12	35522
2011	1	29196
2011	2	11923
2011	3	23419
2011	4	24006
2011	5	16777
2011	6	14743
2011	7	7384
2011	8	5716
2011	9	6939
2011	10	8818
2011	11	10586
2011	12	8479
2012	1	38141
2012	2	18420
2012	3	33083
2012	4	31720
2012	5	16051
2012	6	12190
2012	7	6127
2012	8	5497
2012	9	6410
2012	10	9508
2012	11	23060
2012	12	39361
2013	1	14900
2013	2	12092
2013	3	9738
2013	4	11556
2013	5	9531
2013	6	6879
2013	7	4912
2013	8	5362
2013	9	6881
2013	10	9962
2013	11	12619
2013	12	9526
2014	1	10170
2014	2	37362
2014	3	29977
2014	4	16310
2014	5	12880
2014	6	7849
2014	7	5206
2014	8	5593
2014	9	5573
2014	10	7785
2014	11	16964
2014	12	34174
2015	1	20874
2015	2	16871
2015	3	8149
2015	4	7511
2015	5	5656
2015	6	4689
2015	7	3817
2015	8	3916
2015	9	3992
