1940	1	1717
1940	2	4282
1940	3	3252
1940	4	2083
1940	5	1393
1940	6	721
1940	7	546
1940	8	460
1940	9	501
1940	10	642
1940	11	1926
1940	12	1984
1941	1	2428
1941	2	1454
1941	3	1224
1941	4	1180
1941	5	2010
1941	6	1149
1941	7	689
1941	8	547
1941	9	794
1941	10	874
1941	11	2129
1941	12	4384
1942	1	1912
1942	2	2563
1942	3	1720
1942	4	1754
1942	5	1887
1942	6	1704
1942	7	929
1942	8	620
1942	9	513
1942	10	511
1942	11	5224
1942	12	5720
1943	1	3564
1943	2	3730
1943	3	2793
1943	4	4754
1943	5	2701
1943	6	2676
1943	7	1517
1943	8	911
1943	9	717
1943	10	1322
1943	11	1842
1943	12	1754
1944	1	1535
1944	2	1694
1944	3	1643
1944	4	2099
1944	5	1814
1944	6	1235
1944	7	719
1944	8	551
1944	9	548
1944	10	509
1944	11	1025
1944	12	954
1945	1	2462
1945	2	4286
1945	3	2319
1945	4	3041
1945	5	3948
1945	6	1380
1945	7	734
1945	8	553
1945	9	548
1945	10	491
1945	11	2539
1945	12	4545
1946	1	4173
1946	2	2155
1946	3	2821
1946	4	2846
1946	5	3332
1946	6	2315
1946	7	1245
1946	8	727
1946	9	646
1946	10	1293
1946	11	3920
1946	12	5649
1947	1	2592
1947	2	2933
1947	3	2650
1947	4	2605
1947	5	1550
1947	6	1605
1947	7	946
1947	8	675
1947	9	632
1947	10	2919
1947	11	3288
1947	12	1939
1948	1	4549
1948	2	3268
1948	3	2130
1948	4	3013
1948	5	3913
1948	6	2884
1948	7	1182
1948	8	827
1948	9	812
1948	10	1208
1948	11	2417
1948	12	3227
1949	1	1057
1949	2	3096
1949	3	3148
1949	4	4295
1949	5	5694
1949	6	2424
1949	7	1179
1949	8	800
1949	9	717
1949	10	1054
1949	11	2041
1949	12	2096
1950	1	2582
1950	2	4140
1950	3	4201
1950	4	3590
1950	5	3958
1950	6	4208
1950	7	1714
1950	8	921
1950	9	787
1950	10	2675
1950	11	5016
1950	12	4350
1951	1	3828
1951	2	4390
1951	3	2054
1951	4	3223
1951	5	2818
1951	6	1514
1951	7	933
1951	8	721
1951	9	652
1951	10	2228
1951	11	2414
1951	12	3231
1952	1	1541
1952	2	3564
1952	3	2295
1952	4	4117
1952	5	3632
1952	6	2190
1952	7	1360
1952	8	804
1952	9	690
1952	10	579
1952	11	586
1952	12	1461
1953	1	6699
1953	2	6057
1953	3	1051
1953	4	1364
1953	5	1887
1953	6	2597
1953	7	1418
1953	8	848
1953	9	978
1953	10	2077
1953	11	2871
1953	12	7377
1954	1	3461
1954	2	2621
1954	3	1777
1954	4	2157
1954	5	2485
1954	6	2650
1954	7	1364
1954	8	1073
1954	9	2182
1954	10	2738
1954	11	3473
1954	12	1716
1955	1	2230
1955	2	1127
1955	3	1476
1955	4	2580
1955	5	1525
1955	6	4263
1955	7	1868
1955	8	1031
1955	9	1671
1955	10	3733
1955	11	5160
1955	12	6702
1956	1	7888
1956	2	1155
1956	3	1209
1956	4	2596
1956	5	3856
1956	6	2656
1956	7	1392
1956	8	1127
1956	9	1965
1956	10	2771
1956	11	3841
1956	12	4141
1957	1	1615
1957	2	1035
1957	3	3047
1957	4	2303
1957	5	2498
1957	6	1260
1957	7	990
1957	8	837
1957	9	1762
1957	10	2670
1957	11	2527
1957	12	3503
1958	1	4886
1958	2	4075
1958	3	1125
1958	4	2554
1958	5	1856
1958	6	1669
1958	7	1314
1958	8	1037
1958	9	1618
1958	10	2266
1958	11	5889
1958	12	3614
1959	1	3507
1959	2	2064
1959	3	957
1959	4	1764
1959	5	2557
1959	6	1669
1959	7	1039
1959	8	956
1959	9	2243
1959	10	3828
1959	11	3421
1959	12	1807
1960	1	1091
1960	2	1524
1960	3	1956
1960	4	3691
1960	5	3795
1960	6	1957
1960	7	1184
1960	8	1186
1960	9	1744
1960	10	2186
1960	11	3889
1960	12	5133
1961	1	2544
1961	2	5098
1961	3	3251
1961	4	1559
1961	5	2670
1961	6	1981
1961	7	1195
1961	8	1209
1961	9	1442
1961	10	2561
1961	11	3501
1961	12	4593
1962	1	3269
1962	2	1043
1962	3	1085
1962	4	2842
1962	5	3211
1962	6	1657
1962	7	1143
1962	8	1175
1962	9	1513
1962	10	3316
1962	11	3900
1962	12	4759
1963	1	1265
1963	2	1540
1963	3	1097
1963	4	2385
1963	5	2638
1963	6	1200
1963	7	1185
1963	8	1238
1963	9	1508
1963	10	2386
1963	11	4811
1963	12	2374
1964	1	2927
1964	2	1810
1964	3	1023
1964	4	1084
1964	5	2928
1964	6	2961
1964	7	1394
1964	8	1211
1964	9	1653
1964	10	2179
1964	11	2827
1964	12	7928
1965	1	6395
1965	2	4569
1965	3	970
1965	4	995
1965	5	1931
1965	6	1291
1965	7	937
1965	8	1052
1965	9	1783
1965	10	2202
1965	11	3466
1965	12	1487
1966	1	3209
1966	2	1043
1966	3	1360
1966	4	2919
1966	5	2924
1966	6	1051
1966	7	936
1966	8	969
1966	9	1448
1966	10	2123
1966	11	4713
1966	12	3545
1967	1	2895
1967	2	2111
1967	3	1089
1967	4	984
1967	5	1436
1967	6	1435
1967	7	1123
1967	8	1163
1967	9	1437
1967	10	2297
1967	11	4417
1967	12	2378
1968	1	3234
1968	2	2865
1968	3	2089
1968	4	1220
1968	5	1058
1968	6	1190
1968	7	1018
1968	8	1317
1968	9	1776
1968	10	3763
1968	11	6075
1968	12	4410
1969	1	4180
1969	2	1309
1969	3	1056
1969	4	1062
1969	5	4032
1969	6	2671
1969	7	1266
1969	8	1718
1969	9	2226
1969	10	2112
1969	11	2642
1969	12	3030
1970	1	3495
1970	2	5843
1970	3	1215
1970	4	1270
1970	5	1931
1970	6	1388
1970	7	1215
1970	8	1486
1970	9	1826
1970	10	2068
1970	11	3356
1970	12	3734
1971	1	4277
1971	2	2957
1971	3	2311
1971	4	2452
1971	5	3959
1971	6	3163
1971	7	1361
1971	8	1582
1971	9	1924
1971	10	2858
1971	11	3592
1971	12	5228
1972	1	3653
1972	2	3503
1972	3	6989
1972	4	2388
1972	5	3809
1972	6	2603
1972	7	1456
1972	8	1636
1972	9	2394
1972	10	2043
1972	11	2834
1972	12	3924
1973	1	3648
1973	2	987
1973	3	997
1973	4	755
1973	5	651
1973	6	680
1973	7	985
1973	8	1088
1973	9	1488
1973	10	2044
1973	11	5932
1973	12	5782
1974	1	7209
1974	2	2478
1974	3	2420
1974	4	3052
1974	5	3371
1974	6	4085
1974	7	1680
1974	8	1523
1974	9	2241
1974	10	2575
1974	11	2296
1974	12	3547
1975	1	5523
1975	2	2264
1975	3	2096
1975	4	1549
1975	5	2881
1975	6	1858
1975	7	1516
1975	8	1484
1975	9	1756
1975	10	2779
1975	11	4323
1975	12	5810
1976	1	4785
1976	2	1369
1976	3	1442
1976	4	1698
1976	5	3046
1976	6	1570
1976	7	1562
1976	8	1553
1976	9	1871
1976	10	2104
1976	11	2237
1976	12	932
1977	1	879
1977	2	665
1977	3	508
1977	4	464
1977	5	918
1977	6	1391
1977	7	1073
1977	8	1369
1977	9	1910
1977	10	2398
1977	11	3994
1977	12	9207
1978	1	4092
1978	2	1332
1978	3	1009
1978	4	808
1978	5	931
1978	6	1039
1978	7	848
1978	8	898
1978	9	2102
1978	10	2112
1978	11	2200
1978	12	3402
1979	1	1501
1979	2	1474
1979	3	2545
1979	4	1827
1979	5	2838
1979	6	1134
1979	7	1050
1979	8	1031
1979	9	1908
1979	10	2409
1979	11	2438
1979	12	2809
1980	1	4408
1980	2	1006
1980	3	942
1980	4	1520
1980	5	1319
1980	6	1290
1980	7	995
1980	8	1219
1980	9	2157
1980	10	1836
1980	11	2609
1980	12	4434
1981	1	2860
1981	2	1429
1981	3	948
1981	4	1153
1981	5	1652
1981	6	2574
1981	7	1000
1981	8	1192
1981	9	2221
1981	10	2561
1981	11	3047
1981	12	5835
1982	1	2851
1982	2	5005
1982	3	2383
1982	4	1603
1982	5	2619
1982	6	2028
1982	7	1214
1982	8	1144
1982	9	2100
1982	10	2598
1982	11	3795
1982	12	5053
1983	1	4560
1983	2	2908
1983	3	2397
1983	4	2081
1983	5	2299
1983	6	1605
1983	7	1608
1983	8	1086
1983	9	2447
1983	10	2402
1983	11	3699
1983	12	4096
1984	1	3550
1984	2	1903
1984	3	2533
1984	4	1618
1984	5	3100
1984	6	3080
1984	7	1251
1984	8	1064
1984	9	2500
1984	10	2607
1984	11	6110
1984	12	2670
1985	1	1247
1985	2	1006
1985	3	1019
1985	4	1634
1985	5	2677
1985	6	2402
1985	7	1066
1985	8	1040
1985	9	2149
1985	10	2878
1985	11	3907
1985	12	1867
1986	1	3582
1986	2	3459
1986	3	3738
1986	4	1050
1986	5	1714
1986	6	1285
1986	7	1032
1986	8	980
1986	9	1769
1986	10	2389
1986	11	4095
1986	12	3392
1987	1	1910
1987	2	2217
1987	3	1443
1987	4	993
1987	5	1022
1987	6	933
1987	7	918
1987	8	984
1987	9	1662
1987	10	1862
1987	11	1782
1987	12	3776
1988	1	2430
1988	2	1556
1988	3	1109
1988	4	2688
1988	5	2707
1988	6	2091
1988	7	1027
1988	8	988
1988	9	1692
1988	10	2407
1988	11	4406
1988	12	3001
1989	1	2708
1989	2	2222
1989	3	1193
1989	4	2565
1989	5	2035
1989	6	1515
1989	7	969
1989	8	965
1989	9	2016
1989	10	2340
1989	11	2862
1989	12	1901
1990	1	3743
1990	2	1099
1990	3	1269
1990	4	2555
1990	5	2290
1990	6	2224
1990	7	1033
1990	8	914
1990	9	1695
1990	10	2860
1990	11	3670
1990	12	2807
1991	1	2702
1991	2	1400
1991	3	1607
1991	4	1292
1991	5	2276
1991	6	1432
1991	7	998
1991	8	894
1991	9	1743
1991	10	2563
1991	11	3820
1991	12	3794
1992	1	1531
1992	2	1284
1992	3	1048
1992	4	938
1992	5	1168
1992	6	806
1992	7	674
1992	8	668
1992	9	952
1992	10	2451
1992	11	3601
1992	12	2911
1993	1	1283
1993	2	1128
1993	3	3229
1993	4	3658
1993	5	3333
1993	6	2380
1993	7	1160
1993	8	973
1993	9	1909
1993	10	2889
1993	11	1444
1993	12	1890
1994	1	2804
1994	2	986
1994	3	920
1994	4	1158
1994	5	1345
1994	6	1356
1994	7	894
1994	8	869
1994	9	1262
1994	10	2432
1994	11	4000
1994	12	4231
1995	1	3263
1995	2	5457
1995	3	1883
1995	4	1374
1995	5	2415
1995	6	1512
1995	7	1047
1995	8	919
1995	9	1834
1995	10	3186
1995	11	4630
1995	12	7550
1996	1	4769
1996	2	7104
1996	3	1503
1996	4	2852
1996	5	3183
1996	6	1419
1996	7	1021
1996	8	994
1996	9	1645
1996	10	3484
1996	11	5245
1996	12	6506
1997	1	8148
1997	2	4395
1997	3	1950
1997	4	2791
1997	5	2820
1997	6	1708
1997	7	1229
1997	8	1028
1997	9	1928
1997	10	3572
1997	11	4120
1997	12	2262
1998	1	5030
1998	2	1069
1998	3	1436
1998	4	1126
1998	5	2504
1998	6	1736
1998	7	1022
1998	8	929
1998	9	1731
1998	10	2617
1998	11	3906
1998	12	5084
1999	1	6696
1999	2	1355
1999	3	2301
1999	4	1827
1999	5	3829
1999	6	3466
1999	7	1653
1999	8	1201
1999	9	2202
1999	10	2363
1999	11	3567
1999	12	6027
2000	1	2436
2000	2	2115
2000	3	1645
2000	4	2325
2000	5	2688
2000	6	2044
2000	7	1011
2000	8	963
2000	9	1814
2000	10	2425
2000	11	2570
2000	12	1548
2001	1	1109
2001	2	949
2001	3	849
2001	4	1795
2001	5	2683
2001	6	1304
2001	7	969
2001	8	863
2001	9	861
2001	10	860
2001	11	1901
2001	12	5240
2002	1	3517
2002	2	959
2002	3	952
2002	4	3682
2002	5	3039
2002	6	2532
2002	7	1258
2002	8	1026
2002	9	1625
2002	10	2200
2002	11	2438
2002	12	1858
2003	1	3561
2003	2	2407
2003	3	3956
2003	4	2006
2003	5	2097
2003	6	1286
2003	7	1010
2003	8	884
2003	9	1742
2003	10	2009
2003	11	2546
2003	12	3952
2004	1	2706
2004	2	2676
2004	3	1383
2004	4	1692
2004	5	1705
2004	6	1852
2004	7	1089
2004	8	941
2004	9	1786
2004	10	3168
2004	11	2945
2004	12	2799
2005	1	1356
2005	2	917
2005	3	806
2005	4	972
2005	5	1808
2005	6	1550
2005	7	1146
2005	8	1003
2005	9	1789
2005	10	1941
2005	11	3795
2005	12	2366
2006	1	8779
2006	2	2326
2006	3	1115
2006	4	1605
2006	5	1812
2006	6	1942
2006	7	1185
2006	8	1010
2006	9	1640
2006	10	2213
2006	11	6017
2006	12	5086
2007	1	3724
2007	2	1165
2007	3	2367
2007	4	1458
2007	5	1473
2007	6	1218
2007	7	1120
2007	8	1012
2007	9	1350
2007	10	2670
2007	11	4146
2007	12	4469
2008	1	2493
2008	2	1144
2008	3	1375
2008	4	1607
2008	5	5851
2008	6	4354
2008	7	1680
2008	8	1062
2008	9	2169
2008	10	2555
2008	11	3759
2008	12	1717
2009	1	5214
2009	2	1157
2009	3	1425
2009	4	1603
2009	5	4681
2009	6	1761
2009	7	1162
2009	8	974
2009	9	1481
2009	10	2397
2009	11	3772
2009	12	2305
2010	1	3632
2010	2	1313
2010	3	1198
2010	4	1492
2010	5	2409
2010	6	3744
2010	7	1278
2010	8	1233
2010	9	1514
2010	10	2331
2010	11	4209
2010	12	5303
2011	1	4959
2011	2	1400
2011	3	1570
2011	4	2348
2011	5	3210
2011	6	3279
2011	7	1417
2011	8	1140
2011	9	1795
2011	10	2900
2011	11	2769
2011	12	1566
2012	1	5020
2012	2	3181
2012	3	2535
2012	4	4987
2012	5	3466
2012	6	2436
2012	7	1409
2012	8	1142
2012	9	1969
2012	10	2733
2012	11	5419
2012	12	4652
2013	1	2251
2013	2	1473
2013	3	1422
2013	4	1460
2013	5	2438
2013	6	1525
2013	7	1254
2013	8	1183
2013	9	2024
2013	10	3712
2013	11	3217
2013	12	2433
2014	1	1390
2014	2	4101
2014	3	5183
2014	4	2517
2014	5	3118
2014	6	1374
2014	7	1188
2014	8	1052
2014	9	1370
2014	10	3154
2014	11	3867
2014	12	5550
2015	1	2613
2015	2	2061
2015	3	1154
2015	4	1136
2015	5	1042
2015	6	1049
2015	7	1028
2015	8	971
2015	9	1158
