1940	7	59
1940	8	30
1940	9	34
1940	10	70
1940	11	431
1940	12	1071
1941	1	1771
1941	2	663
1941	3	390
1941	4	353
1941	5	393
1941	6	135
1941	7	56
1941	8	38
1941	9	165
1941	10	148
1941	11	720
1941	12	2579
1942	1	1324
1942	2	1914
1942	3	574
1942	4	329
1942	5	358
1942	6	239
1942	7	111
1942	8	56
1942	9	36
1942	10	46
1942	11	2403
1942	12	3357
1943	1	2163
1943	2	2673
1943	3	870
1943	4	1654
1943	5	373
1943	6	234
1943	7	101
1943	8	63
1943	9	43
1943	10	285
1943	11	445
1943	12	1172
1944	1	1153
1944	2	1052
1944	3	789
1944	4	823
1944	5	325
1944	6	204
1944	7	69
1944	8	41
1944	9	34
1944	10	40
1944	11	270
1944	12	453
1945	1	1637
1945	2	2267
1945	3	1793
1945	4	1149
1945	5	689
1945	6	218
1945	7	76
1945	8	46
1945	9	80
1945	10	43
1945	11	1569
1945	12	2637
1946	1	2725
1946	2	2128
1946	3	1780
1946	4	654
1946	5	227
1946	6	133
1946	7	105
1946	8	43
1946	9	47
1946	10	262
1946	11	1793
1946	12	2970
1947	1	1275
1947	2	1894
1947	3	1227
1947	4	744
1947	5	206
1947	6	274
1947	7	89
1947	8	65
1947	9	65
1947	10	1241
1947	11	1386
1947	12	917
1948	1	2380
1948	2	2127
1948	3	1573
1948	4	1134
1948	5	900
1948	6	213
1948	7	95
1948	8	58
1948	9	48
1948	10	145
1948	11	884
1948	12	3290
1949	1	870
1949	2	4769
1949	3	1152
1949	4	470
1949	5	647
1949	6	150
1949	7	73
1949	8	42
1949	9	45
1949	10	92
1949	11	785
1949	12	1742
1950	1	3389
1950	2	3374
1950	3	2580
1950	4	969
1950	5	353
1950	6	134
1950	7	56
1950	8	39
1950	9	33
1950	10	561
1950	11	2661
1950	12	2709
1951	1	3785
1951	2	2100
1951	3	1718
1951	4	556
1951	5	448
1951	6	154
1951	7	66
1951	8	33
1951	9	32
1951	10	767
1951	11	1243
1951	12	2579
1952	1	1805
1952	2	2514
1952	3	1196
1952	4	600
1952	5	246
1952	6	122
1952	7	55
1952	8	27
1952	9	21
1952	10	20
1952	11	56
1952	12	761
1953	1	4627
1953	2	2390
1953	3	1438
1953	4	674
1953	5	703
1953	6	346
1953	7	108
1953	8	59
1953	9	49
1953	10	153
1953	11	1282
1953	12	3037
1954	1	2957
1954	2	3180
1954	3	1234
1954	4	1244
1954	5	270
1954	6	256
1954	7	116
1954	8	57
1954	9	68
1954	10	155
1954	11	676
1954	12	1241
1955	1	1519
1955	2	1201
1955	3	1689
1955	4	1847
1955	5	562
1955	6	178
1955	7	103
1955	8	42
1955	9	63
1955	10	476
1955	11	2365
1955	12	3850
1956	1	4726
1956	2	1570
1956	3	2520
1956	4	898
1956	5	257
1956	6	124
1956	7	49
1956	8	28
1956	9	34
1956	10	162
1956	11	309
1956	12	1359
1957	1	686
1957	2	1530
1957	3	2178
1957	4	809
1957	5	365
1957	6	178
1957	7	71
1957	8	40
1957	9	28
1957	10	65
1957	11	277
1957	12	2629
1958	1	2196
1958	2	3393
1958	3	934
1958	4	1170
1958	5	358
1958	6	151
1958	7	51
1958	8	25
1958	9	34
1958	10	58
1958	11	1315
1958	12	1227
1959	1	2933
1959	2	1958
1959	3	1085
1959	4	898
1959	5	523
1959	6	204
1959	7	76
1959	8	33
1959	9	190
1959	10	400
1959	11	529
1959	12	910
1960	1	1013
1960	2	2587
1960	3	1647
1960	4	1495
1960	5	779
1960	6	290
1960	7	84
1960	8	47
1960	9	40
1960	10	100
1960	11	2285
1960	12	1026
1961	1	1616
1961	2	3961
1961	3	3001
1961	4	658
1961	5	505
1961	6	157
1961	7	61
1961	8	30
1961	9	37
1961	10	136
1961	11	552
1961	12	2082
1962	1	879
1962	2	1199
1962	3	1634
1962	4	894
1962	5	647
1962	6	182
1962	7	67
1962	8	38
1962	9	40
1962	10	264
1962	11	1652
1962	12	1221
1963	1	530
1963	2	1676
1963	3	1070
1963	4	1751
1963	5	1025
1963	6	188
1963	7	96
1963	8	43
1963	9	47
1963	10	121
1963	11	1242
1963	12	990
1964	1	3824
1964	2	998
1964	3	1497
1964	4	471
1964	5	259
1964	6	133
1964	7	64
1964	8	48
1964	9	39
1964	10	53
1964	11	759
1964	12	5111
1965	1	3820
1965	2	1323
1965	3	525
1965	4	354
1965	5	250
1965	6	106
1965	7	38
1965	8	22
1965	9	18
1965	10	38
1965	11	557
1965	12	1285
1966	1	3413
1966	2	1144
1966	3	2760
1966	4	537
1966	5	189
1966	6	79
1966	7	36
1966	8	13
1966	9	30
1966	10	80
1966	11	433
1966	12	2148
1967	1	2511
1967	2	1381
1967	3	1218
1967	4	739
1967	5	305
1967	6	110
1967	7	30
1967	8	9
1967	9	16
1967	10	292
1967	11	396
1967	12	1633
1968	1	1334
1968	2	3326
1968	3	1216
1968	4	562
1968	5	266
1968	6	256
1968	7	61
1968	8	78
1968	9	103
1968	10	414
1968	11	1955
1968	12	3356
1969	1	2666
1969	2	2135
1969	3	963
1969	4	583
1969	5	307
1969	6	140
1969	7	65
1969	8	24
1969	9	50
1969	10	167
1969	11	342
1969	12	1679
1970	1	4155
1970	2	2027
1970	3	808
1970	4	532
1970	5	376
1970	6	122
1970	7	34
1970	8	17
1970	9	34
1970	10	116
1970	11	887
1970	12	2534
1971	1	3978
1971	2	1664
1971	3	2581
1971	4	1438
1971	5	383
1971	6	200
1971	7	84
1971	8	29
1971	9	89
1971	10	111
1971	11	1126
1971	12	3154
1972	1	3533
1972	2	1732
1972	3	2610
1972	4	1210
1972	5	425
1972	6	167
1972	7	45
1972	8	21
1972	9	50
1972	10	44
1972	11	243
1972	12	2170
1973	1	1854
1973	2	582
1973	3	843
1973	4	487
1973	5	210
1973	6	104
1973	7	38
1973	8	15
1973	9	67
1973	10	100
1973	11	2413
1973	12	4005
1974	1	3545
1974	2	2608
1974	3	2669
1974	4	1491
1974	5	385
1974	6	220
1974	7	115
1974	8	37
1974	9	27
1974	10	32
1974	11	383
1974	12	1942
1975	1	3008
1975	2	2034
1975	3	1787
1975	4	693
1975	5	574
1975	6	143
1975	7	75
1975	8	46
1975	9	45
1975	10	256
1975	11	1013
1975	12	3240
1976	1	2770
1976	2	2170
1976	3	1567
1976	4	733
1976	5	294
1976	6	146
1976	7	61
1976	8	42
1976	9	35
1976	10	39
1976	11	91
1976	12	105
1977	1	151
1977	2	253
1977	3	1254
1977	4	312
1977	5	239
1977	6	163
1977	7	38
1977	8	28
1977	9	79
1977	10	109
1977	11	1578
1977	12	3730
1978	1	1843
1978	2	1109
1978	3	439
1978	4	647
1978	5	572
1978	6	208
1978	7	74
1978	8	51
1978	9	120
1978	10	76
1978	11	181
1978	12	641
1979	1	575
1979	2	2444
1979	3	1442
1979	4	504
1979	5	556
1979	6	118
1979	7	45
1979	8	28
1979	9	51
1979	10	139
1979	11	508
1979	12	1512
1980	1	2493
1980	2	1205
1980	3	1125
1980	4	920
1980	5	272
1980	6	133
1980	7	57
1980	8	26
1980	9	30
1980	10	39
1980	11	362
1980	12	3024
1981	1	709
1981	2	1392
1981	3	611
1981	4	1019
1981	5	356
1981	6	467
1981	7	116
1981	8	49
1981	9	54
1981	10	226
1981	11	986
1981	12	3739
1982	1	2546
1982	2	2879
1982	3	1276
1982	4	1591
1982	5	317
1982	6	112
1982	7	49
1982	8	30
1982	9	32
1982	10	118
1982	11	555
1982	12	2916
1983	1	2606
1983	2	3113
1983	3	2433
1983	4	1181
1983	5	420
1983	6	189
1983	7	173
1983	8	68
1983	9	66
1983	10	56
1983	11	1911
1983	12	2110
1984	1	1672
1984	2	1945
1984	3	1324
1984	4	1028
1984	5	790
1984	6	512
1984	7	149
1984	8	56
1984	9	52
1984	10	170
1984	11	2518
1984	12	1648
1985	1	719
1985	2	896
1985	3	861
1985	4	755
1985	5	245
1985	6	425
1985	7	79
1985	8	51
1985	9	59
1985	10	189
1985	11	709
1985	12	908
1986	1	1459
1986	2	3065
1986	3	1135
1986	4	462
1986	5	398
1986	6	127
1986	7	73
1986	8	32
1986	9	65
1986	10	81
1986	11	1371
1986	12	1026
1987	1	1882
1987	2	2480
1987	3	1550
1987	4	386
1987	5	216
1987	6	107
1987	7	57
1987	8	31
1987	9	23
1987	10	21
1987	11	71
1987	12	1435
1988	1	2351
1988	2	776
1988	3	876
1988	4	729
1988	5	560
1988	6	282
1988	7	102
1988	8	42
1988	9	33
1988	10	39
1988	11	1247
1988	12	1007
1989	1	2092
1989	2	1232
1989	3	2007
1989	4	774
1989	5	220
1989	6	114
1989	7	66
1989	8	55
1989	9	30
1989	10	62
1989	11	230
1989	12	749
1990	1	2415
1990	2	2971
1990	3	1065
1990	4	423
1990	5	305
1990	6	234
1990	7	79
1990	8	41
1990	9	39
1990	10	129
1990	11	836
1990	12	964
1991	1	1365
1991	2	1335
1991	3	1263
1991	4	1414
1991	5	497
1991	6	218
1991	7	90
1991	8	46
1991	9	34
1991	10	44
1991	11	457
1991	12	1103
1992	1	1128
1992	2	1594
1992	3	434
1992	4	614
1992	5	240
1992	6	74
1992	7	34
1992	8	17
1992	9	31
1992	10	57
1992	11	467
1992	12	1498
1993	1	1371
1993	2	576
1993	3	1573
1993	4	1518
1993	5	700
1993	6	487
1993	7	145
1993	8	68
1993	9	36
1993	10	44
1993	11	49
1993	12	914
1994	1	1455
1994	2	1609
1994	3	1149
1994	4	834
1994	5	255
1994	6	194
1994	7	66
1994	8	29
1994	9	32
1994	10	191
1994	11	1436
1994	12	2963
1995	1	2636
1995	2	2734
1995	3	1476
1995	4	875
1995	5	456
1995	6	181
1995	7	77
1995	8	42
1995	9	48
1995	10	221
1995	11	1874
1995	12	3436
1996	1	3130
1996	2	4744
1996	3	997
1996	4	1532
1996	5	724
1996	6	263
1996	7	110
1996	8	49
1996	9	66
1996	10	273
1996	11	1614
1996	12	4684
1997	1	2672
1997	2	1657
1997	3	1970
1997	4	895
1997	5	451
1997	6	265
1997	7	110
1997	8	55
1997	9	144
1997	10	695
1997	11	1344
1997	12	1394
1998	1	2855
1998	2	2023
1998	3	1596
1998	4	593
1998	5	418
1998	6	231
1998	7	88
1998	8	39
1998	9	31
1998	10	102
1998	11	1630
1998	12	4037
1999	1	2985
1999	2	3852
1999	3	1825
1999	4	786
1999	5	521
1999	6	188
1999	7	79
1999	8	43
1999	9	26
1999	10	56
1999	11	1426
1999	12	2878
2000	1	2042
2000	2	1903
2000	3	1175
2000	4	398
2000	5	441
2000	6	367
2000	7	113
2000	8	47
2000	9	45
2000	10	85
2000	11	145
2000	12	672
2001	1	421
2001	2	489
2001	3	490
2001	4	421
2001	5	376
2001	6	148
2001	7	67
2001	8	40
2001	9	25
2001	10	56
2001	11	937
2001	12	2658
2002	1	2518
2002	2	1432
2002	3	1487
2002	4	716
2002	5	264
2002	6	135
2002	7	74
2002	8	32
2002	9	23
2002	10	29
2002	11	140
2002	12	1157
2003	1	1776
2003	2	1514
2003	3	1892
2003	4	1165
2003	5	534
2003	6	149
2003	7	65
2003	8	28
2003	9	33
2003	10	64
2003	11	315
2003	12	1533
2004	1	2362
2004	2	1620
2004	3	756
2004	4	488
2004	5	269
2004	6	191
2004	7	67
2004	8	66
2004	9	113
2004	10	213
2004	11	279
2004	12	900
2005	1	887
2005	2	422
2005	3	705
2005	4	837
2005	5	489
2005	6	296
2005	7	99
2005	8	33
2005	9	25
2005	10	82
2005	11	833
2005	12	2428
2006	1	4666
2006	2	1707
2006	3	877
2006	4	639
2006	5	229
2006	6	154
2006	7	56
2006	8	22
2006	9	23
2006	10	33
2006	11	2349
2006	12	2509
2007	1	1745
2007	2	1616
2007	3	1412
2007	4	573
2007	5	273
2007	6	118
2007	7	61
2007	8	36
2007	9	23
2007	10	179
2007	11	463
2007	12	2377
2008	1	2349
2008	2	1902
2008	3	1071
2008	4	790
2008	5	356
2008	6	184
2008	7	71
2008	8	53
2008	9	32
2008	10	74
2008	11	613
2008	12	1179
2009	1	2415
2009	2	573
2009	3	1093
2009	4	585
2009	5	730
2009	6	200
2009	7	80
2009	8	40
2009	9	33
2009	10	68
2009	11	769
2009	12	949
2010	1	2172
2010	2	1053
2010	3	1126
2010	4	1305
2010	5	459
2010	6	563
2010	7	132
2010	8	61
2010	9	70
2010	10	164
2010	11	882
2010	12	2932
2011	1	2058
2011	2	732
2011	3	2251
2011	4	1405
2011	5	597
2011	6	281
2011	7	113
2011	8	54
2011	9	35
2011	10	68
2011	11	596
2011	12	873
2012	1	3880
2012	2	1217
2012	3	2681
2012	4	1568
2012	5	642
2012	6	267
2012	7	118
2012	8	55
2012	9	35
2012	10	255
2012	11	1771
2012	12	2942
2013	1	938
2013	2	782
2013	3	769
2013	4	599
2013	5	286
2013	6	212
2013	7	71
2013	8	41
2013	9	192
2013	10	372
2013	11	465
2013	12	453
2014	1	624
2014	2	2627
2014	3	2071
2014	4	1013
2014	5	661
2014	6	178
2014	7	80
2014	8	34
2014	9	35
2014	10	215
2014	11	914
2014	12	2564
2015	1	1438
2015	2	1844
2015	3	760
2015	4	486
2015	5	194
2015	6	84
2015	7	35
2015	8	18
2015	9	31
