1940	1	674
1940	2	2160
1940	3	1308
1940	4	819
1940	5	586
1940	6	117
1940	7	72
1940	8	47
1940	9	60
1940	10	257
1940	11	851
1940	12	911
1941	1	1009
1941	2	470
1941	3	404
1941	4	312
1941	5	520
1941	6	276
1941	7	111
1941	8	102
1941	9	554
1941	10	578
1941	11	833
1941	12	2066
1942	1	600
1942	2	1130
1942	3	614
1942	4	467
1942	5	769
1942	6	659
1942	7	236
1942	8	100
1942	9	60
1942	10	144
1942	11	2252
1942	12	1918
1943	1	949
1943	2	1724
1943	3	1078
1943	4	1243
1943	5	527
1943	6	366
1943	7	149
1943	8	84
1943	9	53
1943	10	337
1943	11	420
1943	12	768
1944	1	608
1944	2	811
1944	3	694
1944	4	829
1944	5	407
1944	6	421
1944	7	118
1944	8	66
1944	9	83
1944	10	95
1944	11	382
1944	12	555
1945	1	1445
1945	2	1412
1945	3	1289
1945	4	1104
1945	5	1068
1945	6	258
1945	7	94
1945	8	58
1945	9	162
1945	10	127
1945	11	1523
1945	12	1311
1946	1	1486
1946	2	1324
1946	3	1334
1946	4	717
1946	5	407
1946	6	311
1946	7	247
1946	8	85
1946	9	68
1946	10	511
1946	11	1708
1946	12	2293
1947	1	1241
1947	2	1262
1947	3	732
1947	4	975
1947	5	218
1947	6	378
1947	7	170
1947	8	83
1947	9	105
1947	10	1104
1947	11	1616
1947	12	1013
1948	1	1440
1948	2	1331
1948	3	947
1948	4	1032
1948	5	995
1948	6	267
1948	7	125
1948	8	86
1948	9	143
1948	10	355
1948	11	1406
1948	12	1812
1949	1	365
1949	2	1684
1949	3	1273
1949	4	838
1949	5	777
1949	6	169
1949	7	95
1949	8	60
1949	9	75
1949	10	315
1949	11	1004
1949	12	1348
1950	1	1592
1950	2	2168
1950	3	1817
1950	4	1298
1950	5	707
1950	6	330
1950	7	118
1950	8	64
1950	9	63
1950	10	801
1950	11	1884
1950	12	1808
1951	1	2101
1951	2	1531
1951	3	999
1951	4	728
1951	5	452
1951	6	178
1951	7	81
1951	8	51
1951	9	78
1951	10	1317
1951	11	1027
1951	12	1663
1952	1	749
1952	2	1398
1952	3	972
1952	4	899
1952	5	523
1952	6	224
1952	7	144
1952	8	63
1952	9	47
1952	10	40
1952	11	55
1952	12	663
1953	1	3460
1953	2	1532
1953	3	1035
1953	4	696
1953	5	777
1953	6	502
1953	7	137
1953	8	120
1953	9	81
1953	10	254
1953	11	1155
1953	12	2389
1954	1	1605
1954	2	1836
1954	3	817
1954	4	952
1954	5	324
1954	6	606
1954	7	266
1954	8	112
1954	9	101
1954	10	299
1954	11	934
1954	12	1149
1955	1	952
1955	2	1115
1955	3	760
1955	4	1489
1955	5	949
1955	6	523
1955	7	292
1955	8	116
1955	9	120
1955	10	1118
1955	11	2189
1955	12	2249
1956	1	1952
1956	2	801
1956	3	1921
1956	4	1195
1956	5	600
1956	6	374
1956	7	135
1956	8	127
1956	9	87
1956	10	632
1956	11	812
1956	12	1551
1957	1	449
1957	2	1229
1957	3	1612
1957	4	1036
1957	5	370
1957	6	246
1957	7	103
1957	8	75
1957	9	49
1957	10	142
1957	11	564
1957	12	1888
1958	1	1495
1958	2	1692
1958	3	643
1958	4	1285
1958	5	279
1958	6	180
1958	7	110
1958	8	54
1958	9	72
1958	10	202
1958	11	1765
1958	12	1439
1959	1	1890
1959	2	939
1959	3	1071
1959	4	937
1959	5	750
1959	6	571
1959	7	169
1959	8	75
1959	9	425
1959	10	1044
1959	11	1016
1959	12	899
1960	1	594
1960	2	1458
1960	3	1047
1960	4	1284
1960	5	1098
1960	6	360
1960	7	114
1960	8	90
1960	9	94
1960	10	297
1960	11	2018
1960	12	742
1961	1	1212
1961	2	2635
1961	3	1787
1961	4	914
1961	5	840
1961	6	186
1961	7	79
1961	8	50
1961	9	73
1961	10	376
1961	11	850
1961	12	1716
1962	1	1070
1962	2	826
1962	3	1063
1962	4	1087
1962	5	770
1962	6	313
1962	7	101
1962	8	123
1962	9	97
1962	10	377
1962	11	1681
1962	12	936
1963	1	614
1963	2	1187
1963	3	879
1963	4	1341
1963	5	812
1963	6	191
1963	7	191
1963	8	91
1963	9	83
1963	10	224
1963	11	1482
1963	12	946
1964	1	2424
1964	2	904
1964	3	1142
1964	4	816
1964	5	694
1964	6	527
1964	7	166
1964	8	138
1964	9	147
1964	10	198
1964	11	962
1964	12	2501
1965	1	2356
1965	2	1258
1965	3	492
1965	4	609
1965	5	384
1965	6	145
1965	7	69
1965	8	61
1965	9	47
1965	10	77
1965	11	506
1965	12	759
1966	1	1803
1966	2	806
1966	3	1492
1966	4	853
1966	5	393
1966	6	170
1966	7	204
1966	8	65
1966	9	59
1966	10	241
1966	11	839
1966	12	1752
1967	1	2246
1967	2	1142
1967	3	1061
1967	4	726
1967	5	522
1967	6	217
1967	7	75
1967	8	43
1967	9	42
1967	10	671
1967	11	574
1967	12	1553
1968	1	1189
1968	2	2107
1968	3	858
1968	4	616
1968	5	356
1968	6	563
1968	7	124
1968	8	277
1968	9	383
1968	10	961
1968	11	1448
1968	12	1667
1969	1	1683
1969	2	832
1969	3	982
1969	4	973
1969	5	816
1969	6	500
1969	7	270
1969	8	87
1969	9	190
1969	10	505
1969	11	718
1969	12	1290
1970	1	2596
1970	2	1417
1970	3	701
1970	4	719
1970	5	605
1970	6	165
1970	7	76
1970	8	49
1970	9	98
1970	10	350
1970	11	982
1970	12	1614
1971	1	2887
1971	2	1393
1971	3	1485
1971	4	1011
1971	5	694
1971	6	415
1971	7	185
1971	8	73
1971	9	208
1971	10	371
1971	11	1258
1971	12	1989
1972	1	2570
1972	2	2303
1972	3	2128
1972	4	1062
1972	5	686
1972	6	240
1972	7	106
1972	8	58
1972	9	140
1972	10	81
1972	11	616
1972	12	1805
1973	1	1100
1973	2	443
1973	3	794
1973	4	498
1973	5	369
1973	6	325
1973	7	156
1973	8	69
1973	9	131
1973	10	336
1973	11	2112
1973	12	2400
1974	1	2344
1974	2	1602
1974	3	1666
1974	4	1284
1974	5	804
1974	6	499
1974	7	240
1974	8	88
1974	9	54
1974	10	50
1974	11	636
1974	12	1744
1975	1	2389
1975	2	1194
1975	3	1075
1975	4	622
1975	5	752
1975	6	233
1975	7	124
1975	8	139
1975	9	120
1975	10	564
1975	11	1298
1975	12	2538
1976	1	1900
1976	2	1121
1976	3	965
1976	4	925
1976	5	533
1976	6	289
1976	7	150
1976	8	136
1976	9	85
1976	10	84
1976	11	160
1976	12	288
1977	1	309
1977	2	393
1977	3	1297
1977	4	761
1977	5	698
1977	6	512
1977	7	108
1977	8	95
1977	9	288
1977	10	376
1977	11	1777
1977	12	2782
1978	1	1061
1978	2	1019
1978	3	520
1978	4	872
1978	5	839
1978	6	337
1978	7	139
1978	8	112
1978	9	200
1978	10	103
1978	11	546
1978	12	1084
1979	1	303
1979	2	1771
1979	3	1168
1979	4	720
1979	5	587
1979	6	147
1979	7	122
1979	8	69
1979	9	129
1979	10	260
1979	11	365
1979	12	1445
1980	1	1369
1980	2	1031
1980	3	846
1980	4	904
1980	5	306
1980	6	304
1980	7	144
1980	8	79
1980	9	97
1980	10	78
1980	11	763
1980	12	1909
1981	1	470
1981	2	1276
1981	3	507
1981	4	1149
1981	5	516
1981	6	857
1981	7	200
1981	8	81
1981	9	70
1981	10	360
1981	11	867
1981	12	1946
1982	1	2038
1982	2	2144
1982	3	1041
1982	4	930
1982	5	376
1982	6	156
1982	7	82
1982	8	55
1982	9	98
1982	10	350
1982	11	792
1982	12	1813
1983	1	1957
1983	2	1603
1983	3	1419
1983	4	736
1983	5	430
1983	6	309
1983	7	560
1983	8	153
1983	9	159
1983	10	146
1983	11	1886
1983	12	1050
1984	1	1413
1984	2	1058
1984	3	1302
1984	4	876
1984	5	948
1984	6	603
1984	7	204
1984	8	87
1984	9	111
1984	10	371
1984	11	1670
1984	12	1102
1985	1	436
1985	2	639
1985	3	764
1985	4	1036
1985	5	434
1985	6	564
1985	7	101
1985	8	72
1985	9	173
1985	10	376
1985	11	1107
1985	12	602
1986	1	1135
1986	2	1724
1986	3	826
1986	4	560
1986	5	632
1986	6	165
1986	7	107
1986	8	54
1986	9	122
1986	10	118
1986	11	1412
1986	12	694
1987	1	1117
1987	2	1395
1987	3	1332
1987	4	486
1987	5	246
1987	6	174
1987	7	80
1987	8	53
1987	9	44
1987	10	36
1987	11	109
1987	12	907
1988	1	842
1988	2	944
1988	3	994
1988	4	1101
1988	5	687
1988	6	435
1988	7	145
1988	8	67
1988	9	62
1988	10	68
1988	11	1365
1988	12	869
1989	1	1781
1989	2	783
1989	3	1478
1989	4	936
1989	5	386
1989	6	208
1989	7	106
1989	8	109
1989	9	57
1989	10	116
1989	11	650
1989	12	895
1990	1	1743
1990	2	1926
1990	3	1222
1990	4	797
1990	5	526
1990	6	560
1990	7	132
1990	8	74
1990	9	53
1990	10	378
1990	11	1414
1990	12	1089
1991	1	1259
1991	2	1304
1991	3	933
1991	4	1408
1991	5	699
1991	6	367
1991	7	147
1991	8	76
1991	9	52
1991	10	69
1991	11	1011
1991	12	1427
1992	1	894
1992	2	1161
1992	3	352
1992	4	526
1992	5	265
1992	6	88
1992	7	59
1992	8	42
1992	9	67
1992	10	114
1992	11	760
1992	12	952
1993	1	734
1993	2	441
1993	3	1179
1993	4	1721
1993	5	807
1993	6	393
1993	7	197
1993	8	112
1993	9	57
1993	10	59
1993	11	79
1993	12	826
1994	1	1260
1994	2	768
1994	3	1119
1994	4	787
1994	5	231
1994	6	257
1994	7	90
1994	8	49
1994	9	59
1994	10	451
1994	11	1370
1994	12	2095
1995	1	1278
1995	2	1711
1995	3	812
1995	4	779
1995	5	542
1995	6	202
1995	7	107
1995	8	69
1995	9	105
1995	10	597
1995	11	2501
1995	12	1748
1996	1	1787
1996	2	2555
1996	3	609
1996	4	1135
1996	5	780
1996	6	288
1996	7	144
1996	8	69
1996	9	99
1996	10	654
1996	11	1744
1996	12	2408
1997	1	1894
1997	2	1088
1997	3	1518
1997	4	942
1997	5	419
1997	6	320
1997	7	183
1997	8	89
1997	9	208
1997	10	938
1997	11	1214
1997	12	1049
1998	1	1780
1998	2	1082
1998	3	1035
1998	4	419
1998	5	532
1998	6	350
1998	7	165
1998	8	72
1998	9	67
1998	10	182
1998	11	1421
1998	12	2588
1999	1	1856
1999	2	2064
1999	3	1158
1999	4	655
1999	5	879
1999	6	420
1999	7	204
1999	8	89
1999	9	55
1999	10	111
1999	11	1425
1999	12	2170
2000	1	1176
2000	2	1294
2000	3	876
2000	4	733
2000	5	775
2000	6	445
2000	7	123
2000	8	64
2000	9	77
2000	10	220
2000	11	339
2000	12	611
2001	1	443
2001	2	542
2001	3	697
2001	4	828
2001	5	696
2001	6	298
2001	7	116
2001	8	83
2001	9	58
2001	10	205
2001	11	1138
2001	12	1776
2002	1	1540
2002	2	1355
2002	3	1205
2002	4	1138
2002	5	477
2002	6	289
2002	7	135
2002	8	67
2002	9	58
2002	10	58
2002	11	185
2002	12	786
2003	1	1404
2003	2	1289
2003	3	1744
2003	4	990
2003	5	517
2003	6	150
2003	7	67
2003	8	43
2003	9	47
2003	10	99
2003	11	596
2003	12	1287
2004	1	1745
2004	2	1120
2004	3	876
2004	4	468
2004	5	480
2004	6	560
2004	7	109
2004	8	202
2004	9	331
2004	10	533
2004	11	655
2004	12	1053
2005	1	807
2005	2	416
2005	3	711
2005	4	1056
2005	5	682
2005	6	376
2005	7	166
2005	8	77
2005	9	59
2005	10	211
2005	11	1013
2005	12	1029
2006	1	2605
2006	2	982
2006	3	848
2006	4	825
2006	5	411
2006	6	340
2006	7	102
2006	8	60
2006	9	51
2006	10	69
2006	11	2162
2006	12	1331
2007	1	1098
2007	2	1138
2007	3	1433
2007	4	572
2007	5	263
2007	6	140
2007	7	77
2007	8	55
2007	9	48
2007	10	335
2007	11	558
2007	12	1590
2008	1	1170
2008	2	1103
2008	3	1194
2008	4	902
2008	5	1028
2008	6	714
2008	7	159
2008	8	93
2008	9	58
2008	10	131
2008	11	904
2008	12	660
2009	1	2047
2009	2	427
2009	3	831
2009	4	996
2009	5	759
2009	6	189
2009	7	82
2009	8	58
2009	9	54
2009	10	181
2009	11	972
2009	12	781
2010	1	1390
2010	2	684
2010	3	795
2010	4	1000
2010	5	780
2010	6	1134
2010	7	189
2010	8	79
2010	9	160
2010	10	380
2010	11	1327
2010	12	1807
2011	1	1832
2011	2	708
2011	3	1797
2011	4	1665
2011	5	896
2011	6	425
2011	7	164
2011	8	78
2011	9	69
2011	10	179
2011	11	1298
2011	12	793
2012	1	1663
2012	2	1317
2012	3	1961
2012	4	1416
2012	5	850
2012	6	582
2012	7	222
2012	8	80
2012	9	50
2012	10	446
2012	11	1585
2012	12	1887
2013	1	1176
2013	2	1014
2013	3	969
2013	4	1062
2013	5	795
2013	6	421
2013	7	128
2013	8	74
2013	9	375
2013	10	436
2013	11	767
2013	12	976
2014	1	1120
2014	2	1754
2014	3	1799
2014	4	1155
2014	5	726
2014	6	312
2014	7	191
2014	8	80
2014	9	57
2014	10	403
2014	11	1297
2014	12	1341
2015	1	1110
2015	2	1112
2015	3	887
2015	4	531
2015	5	258
2015	6	136
2015	7	65
2015	8	48
2015	9	50
