1940	1	2007
1940	2	4550
1940	3	2808
1940	4	1154
1940	5	911
1940	6	254
1940	7	131
1940	8	81
1940	9	90
1940	10	201
1940	11	1027
1940	12	1973
1941	1	3068
1941	2	1035
1941	3	603
1941	4	695
1941	5	920
1941	6	309
1941	7	154
1941	8	115
1941	9	451
1941	10	273
1941	11	1404
1941	12	4270
1942	1	2003
1942	2	3062
1942	3	1019
1942	4	635
1942	5	709
1942	6	469
1942	7	249
1942	8	138
1942	9	96
1942	10	112
1942	11	3578
1942	12	5260
1943	1	3885
1943	2	3635
1943	3	1775
1943	4	2313
1943	5	614
1943	6	429
1943	7	195
1943	8	143
1943	9	98
1943	10	737
1943	11	968
1943	12	1694
1944	1	1647
1944	2	1704
1944	3	1557
1944	4	1507
1944	5	594
1944	6	379
1944	7	171
1944	8	108
1944	9	95
1944	10	101
1944	11	701
1944	12	802
1945	1	2393
1945	2	3808
1945	3	3406
1945	4	2001
1945	5	1536
1945	6	494
1945	7	197
1945	8	118
1945	9	155
1945	10	101
1945	11	2772
1945	12	3814
1946	1	3879
1946	2	3376
1946	3	2574
1946	4	994
1946	5	411
1946	6	287
1946	7	205
1946	8	109
1946	9	130
1946	10	494
1946	11	3477
1946	12	4136
1947	1	1778
1947	2	2911
1947	3	2039
1947	4	1494
1947	5	403
1947	6	666
1947	7	245
1947	8	165
1947	9	141
1947	10	2521
1947	11	2624
1947	12	1814
1948	1	4221
1948	2	3307
1948	3	2352
1948	4	2238
1948	5	1464
1948	6	485
1948	7	231
1948	8	146
1948	9	137
1948	10	235
1948	11	1313
1948	12	4566
1949	1	1380
1949	2	6586
1949	3	1669
1949	4	741
1949	5	1096
1949	6	293
1949	7	161
1949	8	107
1949	9	101
1949	10	152
1949	11	1173
1949	12	2244
1950	1	5533
1950	2	5568
1950	3	3742
1950	4	1394
1950	5	710
1950	6	301
1950	7	159
1950	8	104
1950	9	96
1950	10	1419
1950	11	4134
1950	12	3975
1951	1	6119
1951	2	3940
1951	3	3140
1951	4	994
1951	5	829
1951	6	319
1951	7	170
1951	8	91
1951	9	83
1951	10	1600
1951	11	2494
1951	12	4936
1952	1	4092
1952	2	4142
1952	3	2707
1952	4	1037
1952	5	472
1952	6	285
1952	7	182
1952	8	109
1952	9	85
1952	10	76
1952	11	150
1952	12	1613
1953	1	7874
1953	2	3879
1953	3	2896
1953	4	1287
1953	5	1548
1953	6	724
1953	7	269
1953	8	188
1953	9	134
1953	10	387
1953	11	2781
1953	12	5290
1954	1	5654
1954	2	4875
1954	3	2061
1954	4	2129
1954	5	460
1954	6	322
1954	7	191
1954	8	137
1954	9	158
1954	10	360
1954	11	1451
1954	12	2691
1955	1	2700
1955	2	2001
1955	3	3131
1955	4	3172
1955	5	898
1955	6	319
1955	7	219
1955	8	108
1955	9	139
1955	10	1001
1955	11	3928
1955	12	6764
1956	1	6733
1956	2	3234
1956	3	4374
1956	4	1487
1956	5	440
1956	6	247
1956	7	138
1956	8	90
1956	9	93
1956	10	391
1956	11	652
1956	12	2204
1957	1	1488
1957	2	3066
1957	3	3976
1957	4	1550
1957	5	697
1957	6	366
1957	7	191
1957	8	134
1957	9	94
1957	10	190
1957	11	533
1957	12	3998
1958	1	3723
1958	2	4894
1958	3	1773
1958	4	2273
1958	5	692
1958	6	322
1958	7	150
1958	8	83
1958	9	94
1958	10	137
1958	11	2318
1958	12	1863
1959	1	5461
1959	2	3558
1959	3	1775
1959	4	1236
1959	5	711
1959	6	378
1959	7	188
1959	8	103
1959	9	349
1959	10	520
1959	11	683
1959	12	1137
1960	1	1616
1960	2	4584
1960	3	2884
1960	4	2391
1960	5	1677
1960	6	612
1960	7	226
1960	8	137
1960	9	103
1960	10	190
1960	11	3350
1960	12	1651
1961	1	2396
1961	2	6338
1961	3	5143
1961	4	1372
1961	5	1184
1961	6	394
1961	7	183
1961	8	108
1961	9	107
1961	10	293
1961	11	1152
1961	12	3232
1962	1	1462
1962	2	2576
1962	3	3439
1962	4	1426
1962	5	1006
1962	6	373
1962	7	187
1962	8	131
1962	9	126
1962	10	640
1962	11	2253
1962	12	1900
1963	1	849
1963	2	3403
1963	3	2309
1963	4	3203
1963	5	1847
1963	6	411
1963	7	234
1963	8	129
1963	9	142
1963	10	293
1963	11	2461
1963	12	1523
1964	1	6167
1964	2	1752
1964	3	2639
1964	4	818
1964	5	505
1964	6	290
1964	7	178
1964	8	128
1964	9	94
1964	10	103
1964	11	1257
1964	12	7418
1965	1	5998
1965	2	2187
1965	3	958
1965	4	779
1965	5	536
1965	6	259
1965	7	133
1965	8	92
1965	9	60
1965	10	117
1965	11	1224
1965	12	2618
1966	1	5530
1966	2	1947
1966	3	4245
1966	4	886
1966	5	330
1966	6	178
1966	7	116
1966	8	65
1966	9	69
1966	10	144
1966	11	1086
1966	12	3507
1967	1	4554
1967	2	2284
1967	3	2429
1967	4	1450
1967	5	559
1967	6	252
1967	7	125
1967	8	72
1967	9	62
1967	10	551
1967	11	699
1967	12	2950
1968	1	2406
1968	2	4684
1968	3	2036
1968	4	880
1968	5	575
1968	6	665
1968	7	206
1968	8	234
1968	9	222
1968	10	788
1968	11	2827
1968	12	5759
1969	1	3970
1969	2	4058
1969	3	2048
1969	4	954
1969	5	588
1969	6	340
1969	7	206
1969	8	108
1969	9	153
1969	10	374
1969	11	791
1969	12	3053
1970	1	6867
1970	2	3374
1970	3	1306
1970	4	1017
1970	5	733
1970	6	281
1970	7	143
1970	8	84
1970	9	91
1970	10	235
1970	11	1704
1970	12	4490
1971	1	5733
1971	2	1886
1971	3	4244
1971	4	2640
1971	5	651
1971	6	417
1971	7	227
1971	8	124
1971	9	267
1971	10	314
1971	11	2650
1971	12	5554
1972	1	5753
1972	2	2941
1972	3	3917
1972	4	2273
1972	5	777
1972	6	374
1972	7	161
1972	8	94
1972	9	102
1972	10	88
1972	11	479
1972	12	2908
1973	1	3096
1973	2	986
1973	3	1510
1973	4	910
1973	5	453
1973	6	233
1973	7	117
1973	8	73
1973	9	184
1973	10	205
1973	11	6057
1973	12	6230
1974	1	5973
1974	2	4206
1974	3	4361
1974	4	2154
1974	5	610
1974	6	373
1974	7	228
1974	8	118
1974	9	81
1974	10	74
1974	11	546
1974	12	3022
1975	1	3814
1975	2	3850
1975	3	3134
1975	4	1268
1975	5	1094
1975	6	320
1975	7	174
1975	8	129
1975	9	91
1975	10	394
1975	11	1606
1975	12	3767
1976	1	4035
1976	2	2880
1976	3	2416
1976	4	1201
1976	5	511
1976	6	263
1976	7	155
1976	8	132
1976	9	93
1976	10	107
1976	11	161
1976	12	181
1977	1	211
1977	2	606
1977	3	2234
1977	4	550
1977	5	416
1977	6	290
1977	7	128
1977	8	92
1977	9	195
1977	10	290
1977	11	2565
1977	12	5536
1978	1	3446
1978	2	2269
1978	3	829
1978	4	1597
1978	5	1204
1978	6	416
1978	7	200
1978	8	145
1978	9	245
1978	10	132
1978	11	305
1978	12	1163
1979	1	853
1979	2	4371
1979	3	1982
1979	4	1117
1979	5	1199
1979	6	305
1979	7	160
1979	8	103
1979	9	161
1979	10	563
1979	11	1346
1979	12	2976
1980	1	4110
1980	2	1813
1980	3	2030
1980	4	1761
1980	5	595
1980	6	349
1980	7	172
1980	8	94
1980	9	91
1980	10	106
1980	11	796
1980	12	4912
1981	1	1123
1981	2	2106
1981	3	1047
1981	4	1703
1981	5	662
1981	6	718
1981	7	262
1981	8	133
1981	9	136
1981	10	723
1981	11	2558
1981	12	6516
1982	1	4385
1982	2	4682
1982	3	2339
1982	4	3059
1982	5	583
1982	6	265
1982	7	152
1982	8	92
1982	9	102
1982	10	331
1982	11	1178
1982	12	5291
1983	1	3387
1983	2	4977
1983	3	4597
1983	4	1910
1983	5	910
1983	6	408
1983	7	362
1983	8	176
1983	9	137
1983	10	118
1983	11	3056
1983	12	3335
1984	1	2179
1984	2	3291
1984	3	2309
1984	4	1683
1984	5	1465
1984	6	938
1984	7	314
1984	8	157
1984	9	132
1984	10	419
1984	11	4726
1984	12	2528
1985	1	1079
1985	2	1636
1985	3	1493
1985	4	1094
1985	5	428
1985	6	907
1985	7	211
1985	8	125
1985	9	140
1985	10	383
1985	11	1188
1985	12	1582
1986	1	2378
1986	2	5183
1986	3	1983
1986	4	905
1986	5	801
1986	6	301
1986	7	173
1986	8	92
1986	9	174
1986	10	205
1986	11	2313
1986	12	1509
1987	1	3366
1987	2	3323
1987	3	2620
1987	4	679
1987	5	412
1987	6	233
1987	7	169
1987	8	94
1987	9	72
1987	10	62
1987	11	200
1987	12	3178
1988	1	3935
1988	2	1127
1988	3	1368
1988	4	1230
1988	5	1063
1988	6	671
1988	7	228
1988	8	107
1988	9	80
1988	10	72
1988	11	2289
1988	12	1747
1989	1	3477
1989	2	1722
1989	3	3713
1989	4	1266
1989	5	460
1989	6	250
1989	7	153
1989	8	129
1989	9	78
1989	10	171
1989	11	424
1989	12	1053
1990	1	3823
1990	2	4347
1990	3	1698
1990	4	820
1990	5	658
1990	6	642
1990	7	221
1990	8	129
1990	9	101
1990	10	256
1990	11	1553
1990	12	1553
1991	1	1905
1991	2	1967
1991	3	2467
1991	4	1888
1991	5	888
1991	6	413
1991	7	199
1991	8	119
1991	9	82
1991	10	92
1991	11	720
1991	12	1463
1992	1	1759
1992	2	2525
1992	3	774
1992	4	1302
1992	5	502
1992	6	208
1992	7	116
1992	8	71
1992	9	82
1992	10	123
1992	11	877
1992	12	2477
1993	1	2371
1993	2	920
1993	3	2456
1993	4	2858
1993	5	1341
1993	6	1052
1993	7	345
1993	8	173
1993	9	104
1993	10	100
1993	11	107
1993	12	1389
1994	1	1532
1994	2	1968
1994	3	1486
1994	4	1207
1994	5	410
1994	6	331
1994	7	150
1994	8	89
1994	9	80
1994	10	313
1994	11	2253
1994	12	3924
1995	1	4822
1995	2	3646
1995	3	3029
1995	4	1784
1995	5	879
1995	6	402
1995	7	188
1995	8	108
1995	9	122
1995	10	327
1995	11	2411
1995	12	5250
1996	1	4744
1996	2	6909
1996	3	1386
1996	4	2012
1996	5	1262
1996	6	492
1996	7	224
1996	8	119
1996	9	122
1996	10	322
1996	11	2307
1996	12	6977
1997	1	4114
1997	2	2126
1997	3	3034
1997	4	1314
1997	5	745
1997	6	442
1997	7	202
1997	8	128
1997	9	261
1997	10	1290
1997	11	2040
1997	12	2085
1998	1	4232
1998	2	3675
1998	3	2532
1998	4	1054
1998	5	737
1998	6	446
1998	7	211
1998	8	118
1998	9	102
1998	10	169
1998	11	2782
1998	12	5506
1999	1	4848
1999	2	6750
1999	3	2854
1999	4	1440
1999	5	961
1999	6	383
1999	7	190
1999	8	127
1999	9	80
1999	10	133
1999	11	2188
1999	12	3878
2000	1	3534
2000	2	2903
2000	3	1619
2000	4	649
2000	5	961
2000	6	602
2000	7	229
2000	8	124
2000	9	112
2000	10	162
2000	11	220
2000	12	1258
2001	1	726
2001	2	804
2001	3	764
2001	4	787
2001	5	602
2001	6	284
2001	7	152
2001	8	104
2001	9	71
2001	10	135
2001	11	1689
2001	12	4915
2002	1	4447
2002	2	2460
2002	3	2728
2002	4	1247
2002	5	502
2002	6	275
2002	7	156
2002	8	91
2002	9	76
2002	10	76
2002	11	315
2002	12	2630
2003	1	2950
2003	2	2362
2003	3	3325
2003	4	2086
2003	5	827
2003	6	296
2003	7	144
2003	8	79
2003	9	81
2003	10	116
2003	11	616
2003	12	3161
2004	1	3415
2004	2	2872
2004	3	1561
2004	4	1121
2004	5	529
2004	6	403
2004	7	167
2004	8	141
2004	9	223
2004	10	451
2004	11	565
2004	12	1848
2005	1	1637
2005	2	855
2005	3	1258
2005	4	1631
2005	5	1018
2005	6	987
2005	7	299
2005	8	132
2005	9	86
2005	10	197
2005	11	1384
2005	12	4195
2006	1	6931
2006	2	2548
2006	3	2129
2006	4	1271
2006	5	498
2006	6	372
2006	7	160
2006	8	89
2006	9	74
2006	10	76
2006	11	3933
2006	12	4066
2007	1	2720
2007	2	2758
2007	3	2411
2007	4	1050
2007	5	570
2007	6	265
2007	7	144
2007	8	91
2007	9	73
2007	10	337
2007	11	834
2007	12	4236
2008	1	3920
2008	2	3103
2008	3	1835
2008	4	1615
2008	5	719
2008	6	425
2008	7	190
2008	8	133
2008	9	85
2008	10	157
2008	11	957
2008	12	1977
2009	1	3089
2009	2	1039
2009	3	1998
2009	4	1169
2009	5	1099
2009	6	351
2009	7	174
2009	8	99
2009	9	86
2009	10	163
2009	11	1185
2009	12	1864
2010	1	3014
2010	2	1838
2010	3	2596
2010	4	2553
2010	5	1117
2010	6	1286
2010	7	355
2010	8	165
2010	9	152
2010	10	320
2010	11	1524
2010	12	4551
2011	1	2894
2011	2	1426
2011	3	4308
2011	4	2373
2011	5	1027
2011	6	540
2011	7	240
2011	8	130
2011	9	86
2011	10	148
2011	11	1017
2011	12	1503
2012	1	5242
2012	2	1960
2012	3	5434
2012	4	2624
2012	5	1241
2012	6	504
2012	7	262
2012	8	140
2012	9	93
2012	10	377
2012	11	2758
2012	12	5393
2013	1	1683
2013	2	1444
2013	3	1413
2013	4	1408
2013	5	651
2013	6	471
2013	7	191
2013	8	114
2013	9	561
2013	10	731
2013	11	797
2013	12	842
2014	1	1192
2014	2	4108
2014	3	3803
2014	4	1892
2014	5	1382
2014	6	478
2014	7	233
2014	8	121
2014	9	96
2014	10	505
2014	11	1797
2014	12	4351
2015	1	1979
2015	2	3153
2015	3	1243
2015	4	890
2015	5	393
2015	6	192
2015	7	101
2015	8	70
2015	9	78
