1940	1	4267
1940	2	8919
1940	3	4558
1940	4	2307
1940	5	2414
1940	6	356
1940	7	166
1940	8	107
1940	9	130
1940	10	385
1940	11	1822
1940	12	3752
1941	1	5105
1941	2	1998
1941	3	1518
1941	4	1149
1941	5	1516
1941	6	577
1941	7	221
1941	8	163
1941	9	751
1941	10	1218
1941	11	3170
1941	12	8572
1942	1	2739
1942	2	5233
1942	3	2164
1942	4	1250
1942	5	1324
1942	6	1099
1942	7	433
1942	8	193
1942	9	121
1942	10	236
1942	11	6718
1942	12	7208
1943	1	4293
1943	2	7658
1943	3	2649
1943	4	4300
1943	5	1032
1943	6	595
1943	7	278
1943	8	179
1943	9	132
1943	10	874
1943	11	1438
1943	12	3301
1944	1	3872
1944	2	3079
1944	3	2510
1944	4	2486
1944	5	906
1944	6	555
1944	7	214
1944	8	124
1944	9	131
1944	10	193
1944	11	1609
1944	12	1430
1945	1	4563
1945	2	5870
1945	3	6940
1945	4	3583
1945	5	1684
1945	6	586
1945	7	197
1945	8	112
1945	9	321
1945	10	197
1945	11	5620
1945	12	7060
1946	1	7714
1946	2	7490
1946	3	4554
1946	4	2398
1946	5	749
1946	6	455
1946	7	402
1946	8	150
1946	9	132
1946	10	886
1946	11	6339
1946	12	9361
1947	1	4454
1947	2	5854
1947	3	2500
1947	4	1507
1947	5	534
1947	6	551
1947	7	299
1947	8	154
1947	9	181
1947	10	2947
1947	11	5336
1947	12	3857
1948	1	6375
1948	2	6752
1948	3	3859
1948	4	3147
1948	5	3028
1948	6	655
1948	7	280
1948	8	182
1948	9	226
1948	10	676
1948	11	4204
1948	12	9134
1949	1	1964
1949	2	12492
1949	3	3691
1949	4	1313
1949	5	1458
1949	6	354
1949	7	202
1949	8	124
1949	9	108
1949	10	354
1949	11	3530
1949	12	5838
1950	1	8028
1950	2	11112
1950	3	7738
1950	4	3707
1950	5	1158
1950	6	426
1950	7	206
1950	8	134
1950	9	107
1950	10	1584
1950	11	5621
1950	12	7377
1951	1	9407
1951	2	7242
1951	3	4705
1951	4	1844
1951	5	779
1951	6	325
1951	7	143
1951	8	80
1951	9	92
1951	10	2320
1951	11	3601
1951	12	7172
1952	1	4402
1952	2	6120
1952	3	3773
1952	4	1764
1952	5	856
1952	6	380
1952	7	183
1952	8	97
1952	9	78
1952	10	69
1952	11	197
1952	12	3045
1953	1	11724
1953	2	5180
1953	3	3604
1953	4	2108
1953	5	1735
1953	6	826
1953	7	343
1953	8	182
1953	9	159
1953	10	834
1953	11	3129
1953	12	8166
1954	1	9361
1954	2	10028
1954	3	2924
1954	4	3566
1954	5	624
1954	6	697
1954	7	402
1954	8	189
1954	9	245
1954	10	701
1954	11	3430
1954	12	4405
1955	1	5127
1955	2	4125
1955	3	4717
1955	4	4847
1955	5	1439
1955	6	533
1955	7	382
1955	8	177
1955	9	199
1955	10	2511
1955	11	8898
1955	12	11385
1956	1	9694
1956	2	3863
1956	3	8696
1956	4	2768
1956	5	594
1956	6	453
1956	7	199
1956	8	159
1956	9	152
1956	10	1065
1956	11	2048
1956	12	4708
1957	1	2176
1957	2	5920
1957	3	5503
1957	4	2965
1957	5	880
1957	6	464
1957	7	233
1957	8	172
1957	9	104
1957	10	242
1957	11	1423
1957	12	7817
1958	1	6605
1958	2	7323
1958	3	2452
1958	4	4406
1958	5	948
1958	6	541
1958	7	191
1958	8	85
1958	9	99
1958	10	357
1958	11	5573
1958	12	5046
1959	1	9152
1959	2	4703
1959	3	3631
1959	4	2950
1959	5	1850
1959	6	890
1959	7	378
1959	8	155
1959	9	877
1959	10	1861
1959	11	3732
1959	12	3939
1960	1	3250
1960	2	7591
1960	3	4517
1960	4	4740
1960	5	2485
1960	6	778
1960	7	223
1960	8	153
1960	9	119
1960	10	637
1960	11	7338
1960	12	3182
1961	1	5358
1961	2	11715
1961	3	8570
1961	4	2124
1961	5	1571
1961	6	369
1961	7	165
1961	8	90
1961	9	128
1961	10	655
1961	11	2429
1961	12	6886
1962	1	3201
1962	2	2814
1962	3	4070
1962	4	2900
1962	5	1904
1962	6	652
1962	7	226
1962	8	170
1962	9	178
1962	10	1410
1962	11	6215
1962	12	4094
1963	1	2074
1963	2	6292
1963	3	2962
1963	4	4385
1963	5	1878
1963	6	444
1963	7	276
1963	8	207
1963	9	209
1963	10	992
1963	11	6129
1963	12	3209
1964	1	11950
1964	2	3415
1964	3	5271
1964	4	1580
1964	5	987
1964	6	514
1964	7	257
1964	8	216
1964	9	180
1964	10	256
1964	11	2310
1964	12	9440
1965	1	9675
1965	2	4689
1965	3	1742
1965	4	1174
1965	5	1049
1965	6	350
1965	7	153
1965	8	93
1965	9	79
1965	10	167
1965	11	2370
1965	12	3539
1966	1	9341
1966	2	4193
1966	3	7056
1966	4	1470
1966	5	592
1966	6	304
1966	7	181
1966	8	80
1966	9	100
1966	10	394
1966	11	1598
1966	12	9524
1967	1	8958
1967	2	4262
1967	3	4241
1967	4	1974
1967	5	753
1967	6	303
1967	7	137
1967	8	62
1967	9	63
1967	10	1595
1967	11	1734
1967	12	5097
1968	1	5616
1968	2	8385
1968	3	4265
1968	4	2188
1968	5	994
1968	6	1591
1968	7	301
1968	8	313
1968	9	528
1968	10	1751
1968	11	5582
1968	12	8476
1969	1	5551
1969	2	5735
1969	3	4175
1969	4	2349
1969	5	950
1969	6	500
1969	7	343
1969	8	126
1969	9	227
1969	10	640
1969	11	1997
1969	12	5648
1970	1	9777
1970	2	5449
1970	3	2346
1970	4	2442
1970	5	1225
1970	6	341
1970	7	151
1970	8	79
1970	9	152
1970	10	778
1970	11	3473
1970	12	9874
1971	1	12453
1971	2	4975
1971	3	8389
1971	4	3766
1971	5	1131
1971	6	607
1971	7	340
1971	8	156
1971	9	355
1971	10	1217
1971	11	4615
1971	12	9063
1972	1	11764
1972	2	5668
1972	3	7520
1972	4	3877
1972	5	1056
1972	6	384
1972	7	182
1972	8	88
1972	9	256
1972	10	164
1972	11	1437
1972	12	7141
1973	1	5104
1973	2	1493
1973	3	2547
1973	4	1398
1973	5	720
1973	6	468
1973	7	236
1973	8	116
1973	9	305
1973	10	659
1973	11	9256
1973	12	9810
1974	1	10661
1974	2	6855
1974	3	6884
1974	4	4397
1974	5	1139
1974	6	733
1974	7	344
1974	8	153
1974	9	97
1974	10	92
1974	11	1752
1974	12	5846
1975	1	9726
1975	2	6268
1975	3	4811
1975	4	1592
1975	5	1698
1975	6	403
1975	7	198
1975	8	160
1975	9	140
1975	10	1403
1975	11	4988
1975	12	8594
1976	1	7079
1976	2	4605
1976	3	5156
1976	4	2478
1976	5	891
1976	6	481
1976	7	253
1976	8	181
1976	9	115
1976	10	130
1976	11	308
1976	12	598
1977	1	596
1977	2	1066
1977	3	5449
1977	4	1407
1977	5	1119
1977	6	953
1977	7	231
1977	8	183
1977	9	686
1977	10	873
1977	11	5477
1977	12	10797
1978	1	4640
1978	2	4261
1978	3	2195
1978	4	2457
1978	5	1959
1978	6	617
1978	7	268
1978	8	181
1978	9	677
1978	10	299
1978	11	1203
1978	12	3164
1979	1	1331
1979	2	6983
1979	3	3697
1979	4	2041
1979	5	1484
1979	6	334
1979	7	219
1979	8	135
1979	9	183
1979	10	813
1979	11	1519
1979	12	6590
1980	1	7340
1980	2	4679
1980	3	4028
1980	4	2701
1980	5	661
1980	6	405
1980	7	213
1980	8	108
1980	9	137
1980	10	120
1980	11	3141
1980	12	7796
1981	1	2215
1981	2	5448
1981	3	1739
1981	4	3798
1981	5	991
1981	6	1115
1981	7	436
1981	8	165
1981	9	183
1981	10	2101
1981	11	4269
1981	12	9417
1982	1	8042
1982	2	8420
1982	3	4887
1982	4	4888
1982	5	978
1982	6	401
1982	7	183
1982	8	117
1982	9	175
1982	10	1202
1982	11	3167
1982	12	9877
1983	1	6631
1983	2	6785
1983	3	5209
1983	4	2712
1983	5	897
1983	6	630
1983	7	747
1983	8	261
1983	9	269
1983	10	177
1983	11	8234
1983	12	3719
1984	1	4822
1984	2	4809
1984	3	3298
1984	4	2777
1984	5	2393
1984	6	1151
1984	7	530
1984	8	180
1984	9	184
1984	10	774
1984	11	7275
1984	12	4548
1985	1	1809
1985	2	2629
1985	3	2523
1985	4	2408
1985	5	1003
1985	6	1238
1985	7	245
1985	8	146
1985	9	285
1985	10	1228
1985	11	2850
1985	12	2774
1986	1	5481
1986	2	6662
1986	3	3104
1986	4	1559
1986	5	1576
1986	6	417
1986	7	218
1986	8	94
1986	9	176
1986	10	473
1986	11	4067
1986	12	3085
1987	1	4816
1987	2	5420
1987	3	6902
1987	4	1291
1987	5	664
1987	6	508
1987	7	228
1987	8	118
1987	9	87
1987	10	74
1987	11	436
1987	12	5082
1988	1	4971
1988	2	2991
1988	3	3440
1988	4	3051
1988	5	1420
1988	6	1028
1988	7	381
1988	8	171
1988	9	131
1988	10	179
1988	11	4443
1988	12	2965
1989	1	6701
1989	2	3078
1989	3	5551
1989	4	2580
1989	5	520
1989	6	284
1989	7	188
1989	8	141
1989	9	71
1989	10	290
1989	11	1385
1989	12	2989
1990	1	9658
1990	2	9841
1990	3	3767
1990	4	1306
1990	5	1103
1990	6	1093
1990	7	311
1990	8	136
1990	9	107
1990	10	626
1990	11	3952
1990	12	3917
1991	1	4410
1991	2	4678
1991	3	3513
1991	4	6124
1991	5	1155
1991	6	731
1991	7	356
1991	8	171
1991	9	116
1991	10	121
1991	11	2403
1991	12	4022
1992	1	5199
1992	2	4965
1992	3	1171
1992	4	2707
1992	5	846
1992	6	249
1992	7	139
1992	8	65
1992	9	134
1992	10	177
1992	11	1987
1992	12	4048
1993	1	3090
1993	2	1380
1993	3	2787
1993	4	3909
1993	5	1798
1993	6	1085
1993	7	457
1993	8	235
1993	9	114
1993	10	118
1993	11	154
1993	12	3406
1994	1	3867
1994	2	4416
1994	3	3691
1994	4	1896
1994	5	555
1994	6	523
1994	7	217
1994	8	116
1994	9	110
1994	10	909
1994	11	5113
1994	12	11195
1995	1	5088
1995	2	5916
1995	3	4881
1995	4	2496
1995	5	1047
1995	6	438
1995	7	209
1995	8	139
1995	9	130
1995	10	937
1995	11	7242
1995	12	8415
1996	1	6909
1996	2	12507
1996	3	1906
1996	4	6388
1996	5	2856
1996	6	831
1996	7	302
1996	8	150
1996	9	203
1996	10	1654
1996	11	4866
1996	12	11369
1997	1	7924
1997	2	4379
1997	3	7144
1997	4	2515
1997	5	1374
1997	6	809
1997	7	376
1997	8	147
1997	9	911
1997	10	3698
1997	11	5134
1997	12	4646
1998	1	8296
1998	2	4810
1998	3	3899
1998	4	1649
1998	5	1323
1998	6	724
1998	7	293
1998	8	136
1998	9	114
1998	10	446
1998	11	6433
1998	12	10844
1999	1	8878
1999	2	13004
1999	3	6149
1999	4	2734
1999	5	2278
1999	6	727
1999	7	345
1999	8	166
1999	9	106
1999	10	275
1999	11	6620
1999	12	7954
2000	1	5408
2000	2	3834
2000	3	3309
2000	4	1282
2000	5	1983
2000	6	1347
2000	7	342
2000	8	117
2000	9	95
2000	10	337
2000	11	636
2000	12	2204
2001	1	1401
2001	2	1926
2001	3	1496
2001	4	1724
2001	5	1505
2001	6	646
2001	7	314
2001	8	247
2001	9	138
2001	10	316
2001	11	5205
2001	12	10286
2002	1	8156
2002	2	5190
2002	3	4723
2002	4	2673
2002	5	725
2002	6	360
2002	7	206
2002	8	105
2002	9	77
2002	10	91
2002	11	600
2002	12	3367
2003	1	5396
2003	2	4735
2003	3	7009
2003	4	2724
2003	5	1115
2003	6	352
2003	7	159
2003	8	84
2003	9	98
2003	10	698
2003	11	2104
2003	12	4598
2004	1	6041
2004	2	4225
2004	3	2517
2004	4	1637
2004	5	717
2004	6	787
2004	7	238
2004	8	304
2004	9	678
2004	10	943
2004	11	1480
2004	12	3388
2005	1	3058
2005	2	1148
2005	3	2535
2005	4	3099
2005	5	1540
2005	6	650
2005	7	347
2005	8	159
2005	9	125
2005	10	380
2005	11	3281
2005	12	5764
2006	1	11336
2006	2	4904
2006	3	3397
2006	4	1775
2006	5	619
2006	6	524
2006	7	193
2006	8	102
2006	9	82
2006	10	108
2006	11	11510
2006	12	7775
2007	1	5305
2007	2	4461
2007	3	4887
2007	4	1763
2007	5	778
2007	6	334
2007	7	198
2007	8	121
2007	9	91
2007	10	647
2007	11	1344
2007	12	9783
2008	1	6655
2008	2	5121
2008	3	3062
2008	4	2975
2008	5	1121
2008	6	989
2008	7	285
2008	8	183
2008	9	119
2008	10	291
2008	11	3005
2008	12	2915
2009	1	8324
2009	2	1441
2009	3	4209
2009	4	3137
2009	5	2687
2009	6	486
2009	7	195
2009	8	116
2009	9	115
2009	10	466
2009	11	6765
2009	12	3100
2010	1	6655
2010	2	2615
2010	3	3445
2010	4	4492
2010	5	2072
2010	6	2021
2010	7	468
2010	8	208
2010	9	230
2010	10	954
2010	11	3411
2010	12	8021
2011	1	6831
2011	2	2976
2011	3	7979
2011	4	4847
2011	5	1985
2011	6	740
2011	7	327
2011	8	180
2011	9	166
2011	10	287
2011	11	3673
2011	12	2765
2012	1	7217
2012	2	4595
2012	3	9641
2012	4	4307
2012	5	2236
2012	6	1047
2012	7	412
2012	8	179
2012	9	110
2012	10	1069
2012	11	6578
2012	12	10515
2013	1	3515
2013	2	3142
2013	3	3211
2013	4	3075
2013	5	1158
2013	6	786
2013	7	250
2013	8	165
2013	9	1048
2013	10	1965
2013	11	2624
2013	12	2867
2014	1	2860
2014	2	6262
2014	3	7121
2014	4	3568
2014	5	2275
2014	6	434
2014	7	213
2014	8	129
2014	9	119
2014	10	1315
2014	11	2716
2014	12	6426
2015	1	4153
2015	2	5359
2015	3	2451
2015	4	1734
2015	5	561
2015	6	253
2015	7	119
2015	8	76
2015	9	95
