1940	1	1541
1940	2	2973
1940	3	1522
1940	4	639
1940	5	420
1940	6	84
1940	7	38
1940	8	21
1940	9	43
1940	10	188
1940	11	728
1940	12	2343
1941	1	1952
1941	2	860
1941	3	437
1941	4	700
1941	5	508
1941	6	154
1941	7	72
1941	8	36
1941	9	65
1941	10	51
1941	11	1003
1941	12	3186
1942	1	1576
1942	2	1905
1942	3	615
1942	4	394
1942	5	743
1942	6	308
1942	7	103
1942	8	45
1942	9	29
1942	10	32
1942	11	2000
1942	12	3540
1943	1	2413
1943	2	1101
1943	3	721
1943	4	1030
1943	5	289
1943	6	324
1943	7	100
1943	8	46
1943	9	27
1943	10	410
1943	11	830
1943	12	478
1944	1	881
1944	2	1111
1944	3	933
1944	4	711
1944	5	278
1944	6	272
1944	7	71
1944	8	36
1944	9	25
1944	10	35
1944	11	758
1944	12	559
1945	1	1064
1945	2	2380
1945	3	2053
1945	4	1352
1945	5	572
1945	6	180
1945	7	57
1945	8	32
1945	9	30
1945	10	38
1945	11	2213
1945	12	3053
1946	1	1975
1946	2	1560
1946	3	1451
1946	4	461
1946	5	165
1946	6	90
1946	7	46
1946	8	24
1946	9	21
1946	10	126
1946	11	1926
1946	12	816
1947	1	640
1947	2	1298
1947	3	1184
1947	4	779
1947	5	106
1947	6	406
1947	7	185
1947	8	100
1947	9	48
1947	10	1129
1947	11	1097
1947	12	899
1948	1	2337
1948	2	1612
1948	3	1179
1948	4	1746
1948	5	829
1948	6	198
1948	7	87
1948	8	50
1948	9	45
1948	10	77
1948	11	715
1948	12	1928
1949	1	481
1949	2	2118
1949	3	1366
1949	4	387
1949	5	654
1949	6	92
1949	7	43
1949	8	24
1949	9	23
1949	10	70
1949	11	409
1949	12	1093
1950	1	2818
1950	2	2098
1950	3	2020
1950	4	719
1950	5	443
1950	6	128
1950	7	53
1950	8	26
1950	9	21
1950	10	1945
1950	11	1926
1950	12	1820
1951	1	3046
1951	2	1742
1951	3	1287
1951	4	461
1951	5	429
1951	6	107
1951	7	43
1951	8	24
1951	9	21
1951	10	740
1951	11	1416
1951	12	2611
1952	1	1877
1952	2	2004
1952	3	1331
1952	4	881
1952	5	312
1952	6	135
1952	7	92
1952	8	32
1952	9	21
1952	10	18
1952	11	51
1952	12	1776
1953	1	4159
1953	2	1628
1953	3	1237
1953	4	755
1953	5	1567
1953	6	412
1953	7	105
1953	8	67
1953	9	42
1953	10	212
1953	11	2106
1953	12	2234
1954	1	3536
1954	2	2053
1954	3	960
1954	4	945
1954	5	134
1954	6	153
1954	7	67
1954	8	48
1954	9	57
1954	10	134
1954	11	676
1954	12	1384
1955	1	1258
1955	2	820
1955	3	1372
1955	4	1382
1955	5	603
1955	6	138
1955	7	61
1955	8	30
1955	9	34
1955	10	251
1955	11	1562
1955	12	4599
1956	1	4199
1956	2	1576
1956	3	1627
1956	4	980
1956	5	386
1956	6	121
1956	7	52
1956	8	26
1956	9	28
1956	10	570
1956	11	533
1956	12	1037
1957	1	799
1957	2	2209
1957	3	1834
1957	4	809
1957	5	446
1957	6	146
1957	7	57
1957	8	34
1957	9	46
1957	10	327
1957	11	664
1957	12	2462
1958	1	2443
1958	2	4150
1958	3	1078
1958	4	1243
1958	5	206
1958	6	105
1958	7	56
1958	8	29
1958	9	27
1958	10	44
1958	11	812
1958	12	717
1959	1	3124
1959	2	2218
1959	3	1147
1959	4	455
1959	5	175
1959	6	75
1959	7	35
1959	8	21
1959	9	59
1959	10	82
1959	11	77
1959	12	287
1960	1	1055
1960	2	2382
1960	3	1806
1960	4	977
1960	5	1196
1960	6	225
1960	7	61
1960	8	31
1960	9	20
1960	10	43
1960	11	1738
1960	12	1023
1961	1	717
1961	2	3245
1961	3	2746
1961	4	594
1961	5	757
1961	6	121
1961	7	50
1961	8	26
1961	9	21
1961	10	180
1961	11	1533
1961	12	1613
1962	1	409
1962	2	1876
1962	3	1927
1962	4	606
1962	5	377
1962	6	136
1962	7	55
1962	8	40
1962	9	30
1962	10	803
1962	11	977
1962	12	1098
1963	1	295
1963	2	1700
1963	3	1228
1963	4	2451
1963	5	1548
1963	6	162
1963	7	85
1963	8	42
1963	9	37
1963	10	106
1963	11	1722
1963	12	620
1964	1	2826
1964	2	939
1964	3	1424
1964	4	626
1964	5	480
1964	6	159
1964	7	66
1964	8	37
1964	9	26
1964	10	24
1964	11	869
1964	12	5360
1965	1	2561
1965	2	847
1965	3	374
1965	4	863
1965	5	254
1965	6	84
1965	7	38
1965	8	26
1965	9	17
1965	10	37
1965	11	715
1965	12	1263
1966	1	3702
1966	2	1152
1966	3	2560
1966	4	565
1966	5	119
1966	6	52
1966	7	38
1966	8	23
1966	9	33
1966	10	52
1966	11	1302
1966	12	2375
1967	1	2476
1967	2	1058
1967	3	1569
1967	4	1087
1967	5	596
1967	6	132
1967	7	46
1967	8	25
1967	9	19
1967	10	194
1967	11	256
1967	12	1380
1968	1	1814
1968	2	2214
1968	3	990
1968	4	300
1968	5	152
1968	6	112
1968	7	41
1968	8	55
1968	9	55
1968	10	323
1968	11	1265
1968	12	3481
1969	1	1797
1969	2	1970
1969	3	1176
1969	4	832
1969	5	285
1969	6	107
1969	7	62
1969	8	29
1969	9	37
1969	10	163
1969	11	345
1969	12	2629
1970	1	4244
1970	2	1093
1970	3	703
1970	4	447
1970	5	421
1970	6	101
1970	7	42
1970	8	22
1970	9	22
1970	10	131
1970	11	1388
1970	12	2397
1971	1	3363
1971	2	785
1971	3	2444
1971	4	1723
1971	5	433
1971	6	228
1971	7	86
1971	8	42
1971	9	104
1971	10	198
1971	11	1693
1971	12	2328
1972	1	2872
1972	2	1582
1972	3	1807
1972	4	1057
1972	5	303
1972	6	103
1972	7	44
1972	8	28
1972	9	24
1972	10	33
1972	11	297
1972	12	1751
1973	1	1745
1973	2	742
1973	3	1073
1973	4	627
1973	5	145
1973	6	71
1973	7	35
1973	8	21
1973	9	82
1973	10	100
1973	11	4231
1973	12	3116
1974	1	3073
1974	2	2239
1974	3	2415
1974	4	980
1974	5	218
1974	6	96
1974	7	48
1974	8	24
1974	9	17
1974	10	16
1974	11	295
1974	12	1166
1975	1	1366
1975	2	2558
1975	3	2107
1975	4	937
1975	5	661
1975	6	106
1975	7	52
1975	8	32
1975	9	22
1975	10	375
1975	11	1238
1975	12	1344
1976	1	1510
1976	2	992
1976	3	877
1976	4	692
1976	5	166
1976	6	80
1976	7	40
1976	8	44
1976	9	24
1976	10	23
1976	11	59
1976	12	44
1977	1	97
1977	2	209
1977	3	1131
1977	4	373
1977	5	529
1977	6	142
1977	7	44
1977	8	38
1977	9	137
1977	10	154
1977	11	1681
1977	12	2522
1978	1	2084
1978	2	1555
1978	3	531
1978	4	1165
1978	5	500
1978	6	130
1978	7	55
1978	8	61
1978	9	384
1978	10	64
1978	11	172
1978	12	681
1979	1	783
1979	2	2340
1979	3	828
1979	4	929
1979	5	949
1979	6	99
1979	7	48
1979	8	30
1979	9	55
1979	10	273
1979	11	877
1979	12	1526
1980	1	2198
1980	2	822
1980	3	1268
1980	4	1278
1980	5	353
1980	6	213
1980	7	74
1980	8	37
1980	9	27
1980	10	54
1980	11	652
1980	12	2455
1981	1	673
1981	2	1078
1981	3	880
1981	4	752
1981	5	264
1981	6	210
1981	7	70
1981	8	33
1981	9	70
1981	10	580
1981	11	1935
1981	12	4310
1982	1	1845
1982	2	2505
1982	3	1501
1982	4	2442
1982	5	361
1982	6	96
1982	7	49
1982	8	28
1982	9	48
1982	10	473
1982	11	967
1982	12	3063
1983	1	1749
1983	2	3516
1983	3	2487
1983	4	895
1983	5	475
1983	6	121
1983	7	159
1983	8	90
1983	9	73
1983	10	43
1983	11	2374
1983	12	2585
1984	1	540
1984	2	1910
1984	3	1608
1984	4	1034
1984	5	590
1984	6	329
1984	7	75
1984	8	38
1984	9	30
1984	10	144
1984	11	3194
1984	12	1013
1985	1	341
1985	2	1146
1985	3	865
1985	4	743
1985	5	164
1985	6	376
1985	7	51
1985	8	31
1985	9	55
1985	10	257
1985	11	506
1985	12	1135
1986	1	1634
1986	2	3181
1986	3	1411
1986	4	595
1986	5	813
1986	6	117
1986	7	58
1986	8	29
1986	9	227
1986	10	151
1986	11	1147
1986	12	738
1987	1	1908
1987	2	1839
1987	3	1828
1987	4	246
1987	5	141
1987	6	61
1987	7	31
1987	8	17
1987	9	12
1987	10	11
1987	11	82
1987	12	2676
1988	1	2210
1988	2	463
1988	3	355
1988	4	350
1988	5	445
1988	6	486
1988	7	66
1988	8	42
1988	9	23
1988	10	15
1988	11	1618
1988	12	603
1989	1	1465
1989	2	779
1989	3	2428
1989	4	661
1989	5	311
1989	6	144
1989	7	55
1989	8	32
1989	9	23
1989	10	218
1989	11	228
1989	12	378
1990	1	1558
1990	2	1528
1990	3	912
1990	4	203
1990	5	267
1990	6	309
1990	7	56
1990	8	42
1990	9	24
1990	10	110
1990	11	558
1990	12	667
1991	1	963
1991	2	779
1991	3	1660
1991	4	884
1991	5	666
1991	6	140
1991	7	51
1991	8	27
1991	9	18
1991	10	34
1991	11	453
1991	12	708
1992	1	871
1992	2	1279
1992	3	371
1992	4	1002
1992	5	168
1992	6	62
1992	7	42
1992	8	20
1992	9	16
1992	10	34
1992	11	370
1992	12	1685
1993	1	1924
1993	2	1343
1993	3	1765
1993	4	1993
1993	5	760
1993	6	550
1993	7	102
1993	8	58
1993	9	33
1993	10	29
1993	11	41
1993	12	1147
1994	1	835
1994	2	826
1994	3	612
1994	4	500
1994	5	324
1994	6	130
1994	7	47
1994	8	32
1994	9	20
1994	10	45
1994	11	1240
1994	12	1691
1995	1	3617
1995	2	1394
1995	3	2205
1995	4	1576
1995	5	628
1995	6	266
1995	7	80
1995	8	50
1995	9	34
1995	10	42
1995	11	485
1995	12	2467
1996	1	2730
1996	2	2931
1996	3	1322
1996	4	1617
1996	5	754
1996	6	171
1996	7	60
1996	8	29
1996	9	29
1996	10	165
1996	11	2015
1996	12	4137
1997	1	2002
1997	2	926
1997	3	1171
1997	4	529
1997	5	224
1997	6	135
1997	7	51
1997	8	26
1997	9	116
1997	10	556
1997	11	954
1997	12	1141
1998	1	2783
1998	2	2513
1998	3	1170
1998	4	1011
1998	5	733
1998	6	265
1998	7	77
1998	8	38
1998	9	27
1998	10	44
1998	11	2296
1998	12	2385
1999	1	1971
1999	2	3816
1999	3	1415
1999	4	1128
1999	5	641
1999	6	134
1999	7	50
1999	8	32
1999	9	21
1999	10	104
1999	11	967
1999	12	1262
2000	1	2694
2000	2	2074
2000	3	872
2000	4	308
2000	5	501
2000	6	162
2000	7	54
2000	8	32
2000	9	23
2000	10	84
2000	11	220
2000	12	908
2001	1	361
2001	2	461
2001	3	408
2001	4	516
2001	5	255
2001	6	80
2001	7	43
2001	8	33
2001	9	25
2001	10	46
2001	11	1110
2001	12	2495
2002	1	1922
2002	2	1410
2002	3	1018
2002	4	598
2002	5	166
2002	6	65
2002	7	33
2002	8	20
2002	9	15
2002	10	15
2002	11	239
2002	12	2753
2003	1	1572
2003	2	929
2003	3	1225
2003	4	1333
2003	5	481
2003	6	83
2003	7	35
2003	8	26
2003	9	20
2003	10	16
2003	11	176
2003	12	1869
2004	1	1865
2004	2	1867
2004	3	820
2004	4	844
2004	5	213
2004	6	143
2004	7	58
2004	8	48
2004	9	37
2004	10	211
2004	11	175
2004	12	1264
2005	1	850
2005	2	357
2005	3	1108
2005	4	1131
2005	5	730
2005	6	400
2005	7	69
2005	8	30
2005	9	21
2005	10	98
2005	11	1071
2005	12	3617
2006	1	3460
2006	2	1205
2006	3	1794
2006	4	1080
2006	5	220
2006	6	135
2006	7	46
2006	8	25
2006	9	21
2006	10	18
2006	11	1612
2006	12	2807
2007	1	1140
2007	2	880
2007	3	1230
2007	4	698
2007	5	346
2007	6	82
2007	7	43
2007	8	26
2007	9	21
2007	10	287
2007	11	985
2007	12	2337
2008	1	2097
2008	2	1336
2008	3	1102
2008	4	756
2008	5	395
2008	6	153
2008	7	56
2008	8	40
2008	9	33
2008	10	70
2008	11	537
2008	12	1379
2009	1	1074
2009	2	1185
2009	3	1606
2009	4	557
2009	5	599
2009	6	95
2009	7	51
2009	8	35
2009	9	23
2009	10	83
2009	11	772
2009	12	983
2010	1	1874
2010	2	1214
2010	3	1376
2010	4	1826
2010	5	803
2010	6	732
2010	7	82
2010	8	42
2010	9	41
2010	10	170
2010	11	904
2010	12	2555
2011	1	1034
2011	2	754
2011	3	3191
2011	4	1293
2011	5	533
2011	6	257
2011	7	72
2011	8	39
2011	9	25
2011	10	72
2011	11	700
2011	12	485
2012	1	2225
2012	2	741
2012	3	3868
2012	4	1413
2012	5	439
2012	6	246
2012	7	77
2012	8	39
2012	9	24
2012	10	109
2012	11	1783
2012	12	2850
2013	1	1043
2013	2	694
2013	3	729
2013	4	736
2013	5	153
2013	6	91
2013	7	50
2013	8	26
2013	9	206
2013	10	155
2013	11	265
2013	12	142
2014	1	229
2014	2	1778
2014	3	1541
2014	4	548
2014	5	403
2014	6	73
2014	7	39
2014	8	20
2014	9	19
2014	10	363
2014	11	804
2014	12	2230
2015	1	721
2015	2	1752
2015	3	524
2015	4	554
2015	5	104
2015	6	57
2015	7	32
2015	8	17
2015	9	18
