1940	1	105
1940	2	518
1940	3	404
1940	4	210
1940	5	49
1940	6	18
1940	7	11
1940	8	7
1940	9	15
1940	10	21
1940	11	35
1940	12	67
1941	1	85
1941	2	205
1941	3	80
1941	4	145
1941	5	120
1941	6	77
1941	7	18
1941	8	10
1941	9	15
1941	10	25
1941	11	38
1941	12	306
1942	1	215
1942	2	298
1942	3	121
1942	4	95
1942	5	282
1942	6	171
1942	7	20
1942	8	12
1942	9	13
1942	10	16
1942	11	123
1942	12	319
1943	1	682
1943	2	523
1943	3	202
1943	4	234
1943	5	73
1943	6	89
1943	7	19
1943	8	18
1943	9	15
1943	10	23
1943	11	29
1943	12	26
1944	1	38
1944	2	58
1944	3	84
1944	4	103
1944	5	46
1944	6	45
1944	7	18
1944	8	14
1944	9	8
1944	10	18
1944	11	37
1944	12	29
1945	1	32
1945	2	139
1945	3	101
1945	4	138
1945	5	242
1945	6	146
1945	7	16
1945	8	17
1945	9	10
1945	10	15
1945	11	64
1945	12	127
1946	1	279
1946	2	205
1946	3	252
1946	4	168
1946	5	90
1946	6	44
1946	7	18
1946	8	14
1946	9	11
1946	10	19
1946	11	50
1946	12	50
1947	1	46
1947	2	85
1947	3	68
1947	4	69
1947	5	13
1947	6	48
1947	7	11
1947	8	6
1947	9	4
1947	10	20
1947	11	40
1947	12	42
1948	1	446
1948	2	126
1948	3	213
1948	4	281
1948	5	280
1948	6	178
1948	7	31
1948	8	25
1948	9	17
1948	10	21
1948	11	38
1948	12	126
1949	1	49
1949	2	221
1949	3	190
1949	4	177
1949	5	81
1949	6	34
1949	7	16
1949	8	16
1949	9	19
1949	10	27
1949	11	23
1949	12	24
1950	1	143
1950	2	156
1950	3	181
1950	4	192
1950	5	50
1950	6	43
1950	7	14
1950	8	11
1950	9	10
1950	10	145
1950	11	206
1950	12	461
1951	1	433
1951	2	526
1951	3	198
1951	4	104
1951	5	81
1951	6	25
1951	7	9
1951	8	11
1951	9	8
1951	10	24
1951	11	37
1951	12	260
1952	1	287
1952	2	435
1952	3	373
1952	4	345
1952	5	169
1952	6	104
1952	7	29
1952	8	23
1952	9	32
1952	10	23
1952	11	22
1952	12	65
1953	1	474
1953	2	390
1953	3	215
1953	4	177
1953	5	251
1953	6	232
1953	7	33
1953	8	30
1953	9	38
1953	10	42
1953	11	113
1953	12	192
1954	1	562
1954	2	604
1954	3	242
1954	4	219
1954	5	110
1954	6	94
1954	7	23
1954	8	26
1954	9	46
1954	10	36
1954	11	30
1954	12	35
1955	1	38
1955	2	42
1955	3	36
1955	4	41
1955	5	36
1955	6	17
1955	7	11
1955	8	8
1955	9	15
1955	10	22
1955	11	64
1955	12	710
1956	1	841
1956	2	590
1956	3	436
1956	4	312
1956	5	351
1956	6	151
1956	7	36
1956	8	27
1956	9	33
1956	10	67
1956	11	80
1956	12	189
1957	1	110
1957	2	331
1957	3	786
1957	4	325
1957	5	139
1957	6	41
1957	7	24
1957	8	18
1957	9	17
1957	10	48
1957	11	73
1957	12	149
1958	1	462
1958	2	873
1958	3	389
1958	4	272
1958	5	128
1958	6	202
1958	7	55
1958	8	32
1958	9	39
1958	10	30
1958	11	52
1958	12	61
1959	1	76
1959	2	109
1959	3	88
1959	4	67
1959	5	84
1959	6	23
1959	7	13
1959	8	15
1959	9	25
1959	10	23
1959	11	22
1959	12	18
1960	1	38
1960	2	201
1960	3	221
1960	4	145
1960	5	105
1960	6	25
1960	7	19
1960	8	14
1960	9	18
1960	10	24
1960	11	51
1960	12	57
1961	1	28
1961	2	108
1961	3	160
1961	4	101
1961	5	80
1961	6	53
1961	7	31
1961	8	32
1961	9	33
1961	10	35
1961	11	63
1961	12	115
1962	1	70
1962	2	95
1962	3	147
1962	4	156
1962	5	97
1962	6	49
1962	7	37
1962	8	55
1962	9	37
1962	10	215
1962	11	213
1962	12	746
1963	1	97
1963	2	242
1963	3	166
1963	4	365
1963	5	390
1963	6	86
1963	7	58
1963	8	46
1963	9	57
1963	10	73
1963	11	159
1963	12	75
1964	1	409
1964	2	117
1964	3	141
1964	4	218
1964	5	145
1964	6	133
1964	7	72
1964	8	65
1964	9	76
1964	10	36
1964	11	38
1964	12	1136
1965	1	1079
1965	2	372
1965	3	161
1965	4	345
1965	5	138
1965	6	105
1965	7	66
1965	8	99
1965	9	50
1965	10	37
1965	11	32
1965	12	49
1966	1	163
1966	2	52
1966	3	121
1966	4	167
1966	5	69
1966	6	64
1966	7	62
1966	8	63
1966	9	64
1966	10	32
1966	11	78
1966	12	152
1967	1	198
1967	2	211
1967	3	199
1967	4	262
1967	5	261
1967	6	99
1967	7	70
1967	8	66
1967	9	57
1967	10	41
1967	11	33
1967	12	54
1968	1	53
1968	2	110
1968	3	69
1968	4	50
1968	5	55
1968	6	50
1968	7	29
1968	8	33
1968	9	28
1968	10	24
1968	11	45
1968	12	83
1969	1	447
1969	2	262
1969	3	177
1969	4	314
1969	5	213
1969	6	172
1969	7	56
1969	8	68
1969	9	63
1969	10	43
1969	11	42
1969	12	262
1970	1	560
1970	2	255
1970	3	209
1970	4	178
1970	5	162
1970	6	107
1970	7	67
1970	8	43
1970	9	53
1970	10	33
1970	11	125
1970	12	307
1971	1	492
1971	2	301
1971	3	382
1971	4	470
1971	5	349
1971	6	171
1971	7	95
1971	8	100
1971	9	91
1971	10	54
1971	11	86
1971	12	171
1972	1	485
1972	2	259
1972	3	646
1972	4	268
1972	5	143
1972	6	125
1972	7	64
1972	8	65
1972	9	89
1972	10	47
1972	11	38
1972	12	56
1973	1	70
1973	2	53
1973	3	60
1973	4	82
1973	5	60
1973	6	37
1973	7	30
1973	8	44
1973	9	44
1973	10	37
1973	11	246
1973	12	271
1974	1	887
1974	2	313
1974	3	662
1974	4	686
1974	5	247
1974	6	140
1974	7	52
1974	8	42
1974	9	56
1974	10	37
1974	11	41
1974	12	63
1975	1	154
1975	2	194
1975	3	421
1975	4	319
1975	5	332
1975	6	131
1975	7	81
1975	8	76
1975	9	87
1975	10	79
1975	11	67
1975	12	134
1976	1	139
1976	2	81
1976	3	103
1976	4	175
1976	5	97
1976	6	62
1976	7	49
1976	8	114
1976	9	84
1976	10	18
1976	11	27
1976	12	22
1977	1	24
1977	2	20
1977	3	45
1977	4	20
1977	5	74
1977	6	34
1977	7	32
1977	8	35
1977	9	79
1977	10	32
1977	11	118
1977	12	301
1978	1	261
1978	2	184
1978	3	189
1978	4	225
1978	5	83
1978	6	43
1978	7	52
1978	8	61
1978	9	81
1978	10	31
1978	11	60
1978	12	112
1979	1	89
1979	2	73
1979	3	122
1979	4	261
1979	5	204
1979	6	51
1979	7	35
1979	8	39
1979	9	36
1979	10	31
1979	11	67
1979	12	72
1980	1	275
1980	2	154
1980	3	196
1980	4	264
1980	5	87
1980	6	85
1980	7	45
1980	8	56
1980	9	70
1980	10	38
1980	11	45
1980	12	83
1981	1	43
1981	2	74
1981	3	74
1981	4	47
1981	5	51
1981	6	27
1981	7	23
1981	8	33
1981	9	47
1983	12	920
1984	1	237
1984	2	204
1984	3	311
1984	4	486
1984	5	198
1984	6	109
1984	7	35
1984	8	68
1984	9	91
1984	10	53
1984	11	290
1984	12	274
1985	1	119
1985	2	150
1985	3	109
1985	4	213
1985	5	81
1985	6	82
1985	7	56
1985	8	78
1985	9	79
1985	10	35
1985	11	44
1985	12	53
1986	1	73
1986	2	333
1986	3	271
1986	4	95
1986	5	86
1986	6	57
1986	7	49
1986	8	57
1986	9	88
1986	10	36
1986	11	63
1986	12	45
1987	1	76
1987	2	95
1987	3	79
1987	4	45
1987	5	65
1987	6	48
1987	7	58
1987	8	40
1987	9	46
1987	10	18
1987	11	16
1987	12	41
1988	1	56
1988	2	47
1988	3	32
1988	4	31
1988	5	45
1988	6	61
1988	7	36
1988	8	26
1988	9	19
1988	10	6
1988	11	57
1988	12	41
1989	1	116
1989	2	73
1989	3	235
1989	4	225
1989	5	193
1989	6	44
1989	7	47
1989	8	55
1989	9	69
1989	10	21
1989	11	26
1989	12	26
1990	1	66
1990	2	61
1990	3	133
1990	4	68
1990	5	75
1990	6	58
1990	7	63
1990	8	62
1990	9	40
1990	10	18
1990	11	35
1990	12	32
1991	1	38
1991	2	43
1991	3	115
1991	4	70
1991	5	221
1991	6	55
1991	7	59
1991	8	52
1991	9	34
1991	10	22
1991	11	39
1991	12	47
1992	1	34
1992	2	28
1992	3	20
1992	4	22
1992	5	22
1992	6	25
1992	7	19
1992	8	20
1992	9	13
1992	10	12
1992	11	21
1992	12	42
1993	1	145
1993	2	84
1993	3	121
1993	4	142
1993	5	116
1993	6	151
1993	7	43
1993	8	48
1993	9	42
1993	10	27
1993	11	23
1993	12	38
1994	1	31
1994	2	31
1994	3	35
1994	4	29
1994	5	38
1994	6	33
1994	7	31
1994	8	27
1994	9	17
1994	10	14
1994	11	49
1994	12	49
1995	1	182
1995	2	109
1995	3	169
1995	4	289
1995	5	321
1995	6	116
1995	7	57
1995	8	54
1995	9	55
1995	10	30
1995	11	27
1995	12	444
1996	1	562
1996	2	767
1996	3	230
1996	4	202
1996	5	152
1996	6	57
1996	7	55
1996	8	53
1996	9	60
1996	10	45
1996	11	120
1996	12	959
1997	1	1364
1997	2	259
1997	3	231
1997	4	186
1997	5	114
1997	6	93
1997	7	60
1997	8	66
1997	9	62
1997	10	51
1997	11	61
1997	12	117
1998	1	272
1998	2	261
1998	3	426
1998	4	495
1998	5	651
1998	6	263
1998	7	69
1998	8	74
1998	9	89
1998	10	51
1998	11	366
1998	12	324
1999	1	336
1999	2	548
1999	3	360
1999	4	326
1999	5	200
1999	6	99
1999	7	53
1999	8	73
1999	9	51
1999	10	49
1999	11	44
1999	12	50
2000	1	203
2000	2	134
2000	3	323
2000	4	381
2000	5	150
2000	6	76
2000	7	64
2000	8	50
2000	9	53
2000	10	36
2000	11	33
2000	12	34
2001	1	28
2001	2	29
2001	3	56
2001	4	79
2001	5	36
2001	6	33
2001	7	26
2001	8	28
2001	9	19
2001	10	15
2001	11	42
2001	12	121
2002	1	115
2002	2	96
2002	3	99
2002	4	106
2002	5	62
2002	6	39
2002	7	33
2002	8	31
2002	9	33
2002	10	29
2002	11	41
2002	12	234
2003	1	178
2003	2	168
2003	3	178
2003	4	319
2003	5	198
2003	6	53
2003	7	38
2003	8	41
2003	9	39
2003	10	42
2003	11	38
2003	12	96
2004	1	143
2004	2	325
2004	3	192
2004	4	80
2004	5	79
2004	6	52
2004	7	34
2004	8	41
2004	9	32
2004	10	58
2004	11	46
2004	12	141
2005	1	76
2005	2	50
2005	3	46
2005	4	79
2005	5	277
2005	6	58
2005	7	33
2005	8	31
2005	9	30
2005	10	36
2005	11	113
2005	12	517
2006	1	851
2006	2	552
2006	3	243
2006	4	398
2006	5	226
2006	6	99
2006	7	42
2006	8	45
2006	9	51
2006	10	43
2006	11	70
2006	12	175
2007	1	159
2007	2	174
2007	3	307
2007	4	239
2007	5	82
2007	6	34
2007	7	45
2007	8	44
2007	9	35
2007	10	65
2007	11	57
2007	12	91
2008	1	217
2008	2	187
2008	3	175
2008	4	230
2008	5	266
2008	6	112
2008	7	38
2008	8	46
2008	9	43
2008	10	37
2008	11	40
2008	12	52
2009	1	82
2009	2	54
2009	3	92
2009	4	68
2009	5	113
2009	6	52
2009	7	33
2009	8	41
2009	9	35
2009	10	39
2009	11	34
2009	12	31
2010	1	52
2010	2	41
2010	3	54
2010	4	113
2010	5	112
2010	6	90
2010	7	41
2010	8	48
2010	9	47
2010	10	46
2010	11	46
2010	12	128
2011	1	161
2011	2	84
2011	3	377
2011	4	511
2011	5	346
2011	6	309
2011	7	75
2011	8	42
2011	9	50
2011	10	65
2011	11	50
2011	12	42
2012	1	68
2012	2	77
2012	3	197
2012	4	407
2012	5	152
2012	6	86
2012	7	52
2012	8	44
2012	9	46
2012	10	47
2012	11	84
2012	12	276
2013	1	117
2013	2	103
2013	3	96
2013	4	137
2013	5	67
2013	6	47
2013	7	40
2013	8	43
2013	9	58
2013	10	34
2013	11	30
2013	12	32
2014	1	29
2014	2	94
2014	3	122
2014	4	61
2014	5	40
2014	6	33
2014	7	37
2014	8	38
2014	9	43
2014	10	35
2014	11	43
2014	12	106
2015	1	85
2015	2	296
2015	3	75
2015	4	57
2015	5	47
2015	6	38
2015	7	40
2015	8	38
2015	9	40
