1943	8	81
1943	9	24
1943	10	29
1943	11	20
1943	12	47
1944	1	22
1944	2	70
1944	3	192
1944	4	18
1944	5	41
1944	6	35
1944	7	60
1944	8	14
1944	9	10
1944	10	14
1944	11	32
1944	12	54
1945	1	9
1945	2	24
1945	3	84
1945	4	169
1945	5	42
1945	6	17
1945	7	27
1945	8	42
1945	9	16
1945	10	57
1945	11	42
1945	12	120
1946	1	39
1946	2	71
1946	3	84
1946	4	100
1946	5	22
1946	6	34
1946	7	54
1946	8	34
1946	9	13
1946	10	24
1946	11	41
1946	12	228
1947	1	36
1947	2	22
1947	3	27
1947	4	25
1947	5	39
1947	6	38
1947	7	36
1947	8	83
1947	9	42
1947	10	35
1947	11	163
1947	12	93
1948	1	116
1948	2	28
1948	3	213
1948	4	89
1948	5	58
1948	6	33
1948	7	36
1948	8	59
1948	9	30
1948	10	36
1948	11	78
1948	12	224
1949	1	400
1949	2	344
1949	3	118
1949	4	41
1949	5	50
1949	6	36
1949	7	45
1949	8	43
1949	9	11
1949	10	18
1949	11	36
1949	12	108
1950	1	143
1950	2	97
1950	3	62
1950	4	125
1950	5	82
1950	6	31
1950	7	25
1950	8	328
1950	9	35
1950	10	18
1950	11	15
1950	12	19
1951	1	113
1951	2	144
1951	3	494
1951	4	56
1951	5	17
1951	6	9
1951	7	19
1951	8	41
1951	9	69
1951	10	105
1951	11	105
1951	12	258
1952	1	218
1952	2	35
1952	3	234
1952	4	55
1952	5	41
1952	6	68
1952	7	67
1952	8	21
1952	9	29
1952	10	47
1952	11	94
1952	12	53
1953	1	30
1953	2	31
1953	3	56
1953	4	20
1953	5	23
1953	6	19
1953	7	14
1953	8	14
1953	9	11
1953	10	12
1953	11	47
1953	12	55
1954	1	43
1954	2	88
1954	3	99
1954	4	67
1954	5	42
1954	6	54
1954	7	89
1954	8	55
1954	9	20
1954	10	26
1954	11	124
1954	12	226
1955	1	119
1955	2	104
1955	3	71
1955	4	74
1955	5	46
1955	6	37
1955	7	64
1955	8	76
1955	9	25
1955	10	40
1955	11	406
1955	12	216
1956	1	267
1956	2	773
1956	3	132
1956	4	39
1956	5	65
1956	6	63
1956	7	30
1956	8	27
1956	9	16
1956	10	119
1956	11	59
1956	12	124
1957	1	362
1957	2	299
1957	3	25
1957	4	63
1957	5	19
1957	6	17
1957	7	30
1957	8	77
1957	9	26
1957	10	12
1957	11	55
1957	12	443
1958	1	33
1958	2	30
1958	3	34
1958	4	29
1958	5	18
1958	6	21
1958	7	69
1958	8	118
1958	9	55
1958	10	96
1958	11	51
1958	12	54
1959	1	95
1959	2	45
1959	3	10
1959	4	40
1959	5	38
1959	6	15
1959	7	48
1959	8	154
1959	9	26
1959	10	11
1959	11	44
1959	12	54
1960	1	111
1960	2	74
1960	3	108
1960	4	70
1960	5	79
1960	6	45
1960	7	48
1960	8	32
1960	9	36
1960	10	73
1960	11	119
1960	12	94
1961	1	48
1961	2	65
1961	3	43
1961	4	75
1961	5	57
1961	6	23
1961	7	25
1961	8	42
1961	9	35
1961	10	108
1961	11	88
1961	12	292
1962	1	376
1962	2	70
1962	3	235
1962	4	184
1962	5	59
1962	6	39
1962	7	29
1962	8	28
1962	9	9
1962	10	28
1962	11	22
1962	12	19
1963	1	198
1963	2	60
1963	3	408
1963	4	418
1963	5	102
1963	6	79
1963	7	55
1963	8	34
1963	9	89
1963	10	81
1963	11	27
1963	12	37
1964	1	127
1964	2	86
1964	3	317
1964	4	74
1964	5	105
1964	6	38
1964	7	80
1964	8	46
1964	9	51
1964	10	90
1964	11	418
1964	12	311
1965	1	295
1965	2	46
1965	3	38
1965	4	204
1965	5	282
1965	6	62
1965	7	104
1965	8	26
1965	9	37
1965	10	58
1965	11	237
1965	12	87
1966	1	29
1966	2	73
1966	3	23
1966	4	16
1966	5	15
1966	6	32
1966	7	63
1966	8	46
1966	9	17
1966	10	130
1966	11	130
1966	12	180
1967	1	105
1967	2	194
1967	3	150
1967	4	137
1967	5	148
1967	6	30
1967	7	58
1967	8	73
1967	9	27
1967	10	37
1967	11	385
1967	12	392
1968	1	130
1968	2	151
1968	3	237
1968	4	96
1968	5	40
1968	6	42
1968	7	46
1968	8	27
1968	9	29
1968	10	130
1968	11	146
1968	12	306
1969	1	194
1969	2	360
1969	3	103
1969	4	59
1969	5	44
1969	6	40
1969	7	72
1969	8	49
1969	9	55
1969	10	41
1969	11	71
1969	12	63
1970	1	120
1970	2	43
1970	3	31
1970	4	72
1970	5	53
1970	6	46
1970	7	58
1970	8	30
1970	9	43
1970	10	32
1970	11	81
1970	12	189
1971	1	262
1971	2	95
1971	3	174
1971	4	394
1971	5	74
1971	6	31
1971	7	43
1971	8	14
1971	9	36
1971	10	29
1971	11	56
1971	12	229
1972	1	143
1972	2	241
1972	3	138
1972	4	222
1972	5	37
1972	6	26
1972	7	40
1972	8	25
1972	9	41
1972	10	63
1972	11	74
1972	12	57
1973	1	33
1973	2	28
1973	3	142
1973	4	46
1973	5	56
1973	6	43
1973	7	25
1973	8	16
1973	9	19
1973	10	27
1973	11	211
1973	12	203
1974	1	388
1974	2	123
1974	3	236
1974	4	416
1974	5	108
1974	6	41
1974	7	69
1974	8	22
1974	9	47
1974	10	21
1974	11	267
1974	12	96
1975	1	315
1975	2	103
1975	3	48
1975	4	112
1975	5	36
1975	6	16
1975	7	37
1975	8	21
1975	9	13
1975	10	36
1975	11	133
1975	12	29
1976	1	116
1976	2	149
1976	3	110
1976	4	157
1976	5	43
1976	6	32
1976	7	49
1976	8	32
1976	9	16
1976	10	19
1976	11	19
1976	12	18
1977	1	29
1977	2	44
1977	3	206
1977	4	59
1977	5	205
1977	6	38
1977	7	37
1977	8	21
1977	9	18
1977	10	24
1977	11	55
1977	12	86
1978	1	25
1978	2	12
1978	3	17
1978	4	45
1978	5	38
1978	6	87
1978	7	42
1978	8	54
1978	9	34
1978	10	38
1978	11	49
1978	12	90
1979	1	63
1979	2	275
1979	3	30
1979	4	31
1979	5	30
1979	6	63
1979	7	19
1979	8	29
1979	9	11
1979	10	40
1979	11	42
1979	12	35
1980	1	58
1980	2	26
1980	3	168
1980	4	83
1980	5	163
1980	6	100
1980	7	85
1980	8	23
1980	9	24
1980	10	50
1980	11	38
1980	12	66
1981	1	47
1981	2	86
1981	3	30
1981	4	50
1981	5	20
1981	6	14
1981	7	72
1981	8	89
1981	9	29
1981	10	76
1981	11	274
1981	12	230
1982	1	302
1982	2	219
1982	3	609
1982	4	263
1982	5	68
1982	6	35
1982	7	122
1982	8	163
1982	9	81
1982	10	265
1982	11	467
1982	12	150
1983	1	38
1983	2	21
1983	3	18
1983	4	25
1983	5	39
1983	6	29
1983	7	73
1983	8	56
1983	9	41
1983	10	59
1983	11	30
1983	12	21
1984	1	43
1984	2	45
1984	3	32
1984	4	46
1984	5	19
1984	6	35
1984	7	9
1984	8	15
1984	9	13
1984	10	16
1984	11	111
1984	12	141
1985	1	70
1985	2	143
1985	3	261
1985	4	53
1985	5	46
1985	6	16
1985	7	25
1985	8	30
1985	9	13
1985	10	24
1985	11	60
1985	12	23
1986	1	20
1986	2	28
1986	3	46
1986	4	179
1986	5	46
1986	6	29
1986	7	80
1986	8	72
1986	9	26
1986	10	31
1986	11	138
1986	12	30
1987	1	15
1987	2	26
1987	3	20
1987	4	34
1987	5	29
1987	6	26
1987	7	27
1987	8	15
1987	9	46
1987	10	62
1987	11	101
1987	12	260
1988	1	82
1988	2	23
1988	3	40
1988	4	49
1988	5	92
1988	6	21
1988	7	34
1988	8	45
1988	9	41
1988	10	17
1988	11	166
1988	12	183
1989	1	440
1989	2	349
1989	3	182
1989	4	80
1989	5	69
1989	6	23
1989	7	222
1989	8	80
1989	9	31
1989	10	44
1989	11	26
1989	12	28
1990	1	322
1990	2	93
1990	3	175
1990	4	24
1990	5	22
1990	6	23
1990	7	38
1990	8	15
1990	9	32
1990	10	34
1990	11	490
1990	12	294
1991	1	26
1991	2	88
1991	3	367
1991	4	125
1991	5	28
1991	6	61
1991	7	28
1991	8	129
1991	9	19
1991	10	150
1991	11	64
1991	12	153
1992	1	33
1992	2	121
1992	3	49
1992	4	11
1992	5	31
1992	6	22
1992	7	48
1992	8	33
1992	9	147
1992	10	103
1992	11	48
1992	12	576
1993	1	138
1993	2	26
1993	3	18
1993	4	13
1993	5	21
1993	6	16
1993	7	63
1993	8	17
1993	9	12
1993	10	53
1993	11	62
1993	12	65
1994	1	47
1994	2	149
1994	3	37
1994	4	33
1994	5	24
1994	6	54
1994	7	31
1994	8	25
1994	9	204
1994	10	311
1994	11	270
1994	12	87
1995	1	38
1995	2	137
1995	3	49
1995	4	61
1995	5	18
1995	6	18
1995	7	78
1995	8	49
1995	9	62
1995	10	84
1995	11	300
1995	12	85
1996	1	108
1996	2	154
1996	3	87
1996	4	32
1996	5	15
1996	6	105
1996	7	53
1996	8	17
1996	9	56
1996	10	60
1996	11	251
1996	12	149
1997	1	135
1997	2	42
1997	3	192
1997	4	147
1997	5	42
1997	6	55
1997	7	50
1997	8	21
1997	9	25
1997	10	46
1997	11	30
1997	12	29
1998	1	25
1998	2	13
1998	3	15
1998	4	55
1998	5	45
1998	6	53
1998	7	24
1998	8	39
1998	9	22
1998	10	28
1998	11	45
1998	12	122
1999	1	111
1999	2	117
1999	3	60
1999	4	83
1999	5	39
1999	6	26
1999	7	67
1999	8	26
1999	9	16
1999	10	44
1999	11	63
1999	12	228
2000	1	92
2000	2	15
2000	3	24
2000	4	111
2000	5	13
2000	6	16
2000	7	83
2000	8	29
2000	9	31
2000	10	40
2000	11	51
2000	12	19
2001	1	14
2001	2	251
2001	3	27
2001	4	211
2001	5	27
2001	6	54
2001	7	32
2001	8	36
2001	9	21
2001	10	36
2001	11	70
2001	12	111
2002	1	234
2002	2	59
2002	3	154
2002	4	38
2002	5	170
2002	6	41
2002	7	22
2002	8	30
2002	9	20
2002	10	26
2002	11	40
2002	12	17
2003	1	60
2003	2	31
2003	3	43
2003	4	202
2003	5	38
2003	6	35
2003	7	16
2003	8	17
2003	9	12
2003	10	79
2003	11	43
2003	12	72
2004	1	123
2004	2	104
2004	3	124
2004	4	51
2004	5	56
2004	6	105
2004	7	19
2004	8	56
2004	9	56
2004	10	83
2004	11	100
2004	12	198
2005	1	365
2005	2	112
2005	3	38
2005	4	50
2005	5	26
2005	6	55
2005	7	31
2005	8	9
2005	9	167
2005	10	145
2005	11	80
2005	12	15
2006	1	130
2006	2	89
2006	3	699
2006	4	151
2006	5	69
2006	6	30
2006	7	28
2006	8	109
2006	9	54
2006	10	87
2006	11	66
2006	12	23
2007	1	132
2007	2	83
2007	3	109
2007	4	46
2007	5	19
2007	6	53
2007	7	32
2007	8	18
2007	9	41
2007	10	34
2007	11	86
2007	12	428
2008	1	100
2008	2	437
2008	3	67
2008	4	44
2008	5	24
2008	6	22
2008	7	39
2008	8	47
2008	9	26
2008	10	21
2008	11	82
2008	12	495
2009	1	159
2009	2	62
2009	3	119
2009	4	79
2009	5	16
2009	6	31
2009	7	48
2009	8	84
2009	9	41
2009	10	39
2009	11	206
2009	12	38
2010	1	82
2010	2	39
2010	3	107
2010	4	133
2010	5	63
2010	6	41
2010	7	44
2010	8	51
2010	9	28
2010	10	25
2010	11	56
2010	12	321
2011	1	120
2011	2	214
2011	3	162
2011	4	104
2011	5	288
2011	6	152
2011	7	116
2011	8	62
2011	9	45
2011	10	51
2011	11	190
2011	12	106
2012	1	115
2012	2	239
2012	3	293
2012	4	90
2012	5	87
2012	6	54
2012	7	73
2012	8	51
2012	9	63
2012	10	22
2012	11	26
2012	12	157
2013	1	166
2013	2	160
2013	3	72
2013	4	64
2013	5	83
2013	6	47
2013	7	57
2013	8	31
2013	9	48
2013	10	62
2013	11	96
2013	12	131
2014	1	80
2014	2	232
2014	3	56
2014	4	67
2014	5	62
2014	6	64
2014	7	43
2014	8	75
2014	9	49
2014	10	120
2014	11	63
2014	12	46
2015	1	48
2015	2	101
2015	3	26
2015	4	57
2015	5	48
2015	6	16
2015	7	48
2015	8	174
2015	9	286
