1940	1	13
1940	2	7
1940	3	55
1940	4	30
1940	5	99
1940	6	8
1940	7	11
1940	8	51
1940	9	22
1940	10	26
1940	11	12
1940	12	12
1941	1	15
1941	2	13
1941	3	16
1941	4	10
1941	5	15
1941	6	6
1941	7	8
1941	8	9
1941	9	11
1941	10	26
1941	11	15
1941	12	10
1942	1	9
1942	2	25
1942	3	23
1942	4	36
1942	5	15
1942	6	15
1942	7	16
1942	8	16
1942	9	8
1942	10	7
1942	11	14
1942	12	61
1943	1	53
1943	2	13
1943	3	26
1943	4	14
1943	5	61
1943	6	29
1943	7	12
1943	8	11
1943	9	19
1943	10	6
1943	11	6
1943	12	15
1944	1	7
1944	2	37
1944	3	41
1944	4	12
1944	5	14
1944	6	9
1944	7	9
1944	8	4
1944	9	7
1944	10	5
1944	11	4
1944	12	13
1945	1	5
1945	2	3
1945	3	12
1945	4	67
1945	5	12
1945	6	5
1945	7	8
1945	8	5
1945	9	2
1945	10	5
1945	11	10
1945	12	34
1946	1	49
1946	2	52
1946	3	12
1946	4	38
1946	5	8
1946	6	7
1946	7	19
1946	8	8
1946	9	4
1946	10	3
1946	11	39
1946	12	56
1947	1	12
1947	2	5
1947	3	26
1947	4	24
1947	5	22
1947	6	7
1947	7	14
1947	8	13
1947	9	31
1947	10	13
1947	11	32
1947	12	26
1948	1	38
1948	2	15
1948	3	23
1948	4	58
1948	5	17
1948	6	8
1948	7	10
1948	8	44
1948	9	10
1948	10	6
1948	11	14
1948	12	15
1949	1	77
1949	2	82
1949	3	15
1949	4	8
1949	5	13
1949	6	6
1949	7	6
1949	8	4
1949	9	3
1949	10	4
1949	11	10
1949	12	14
1950	1	46
1950	2	21
1950	3	14
1950	4	45
1950	5	18
1950	6	7
1950	7	5
1950	8	23
1950	9	6
1950	10	3
1950	11	2
1950	12	14
1951	1	12
1951	2	18
1951	3	86
1951	4	26
1951	5	6
1951	6	3
1951	7	3
1951	8	7
1951	9	7
1951	10	22
1951	11	16
1951	12	40
1952	1	47
1952	2	20
1952	3	25
1952	4	14
1952	5	15
1952	6	9
1952	7	10
1952	8	5
1952	9	4
1952	10	18
1952	11	35
1952	12	12
1953	1	29
1953	2	23
1953	3	45
1953	4	10
1953	5	6
1953	6	4
1953	7	3
1953	8	3
1953	9	2
1953	10	2
1953	11	7
1953	12	7
1954	1	7
1954	2	31
1954	3	28
1954	4	14
1954	5	16
1954	6	17
1954	7	29
1954	8	22
1954	9	7
1954	10	12
1954	11	40
1954	12	37
1955	1	39
1955	2	55
1955	3	22
1955	4	13
1955	5	12
1955	6	6
1955	7	7
1955	8	11
1955	9	12
1955	10	30
1955	11	75
1955	12	31
1956	1	105
1956	2	87
1956	3	24
1956	4	20
1956	5	20
1956	6	10
1956	7	6
1956	8	26
1956	9	7
1956	10	38
1956	11	42
1956	12	44
1957	1	82
1957	2	50
1957	3	9
1957	4	21
1957	5	8
1957	6	2
1957	7	9
1957	8	20
1957	9	9
1957	10	5
1957	11	23
1957	12	67
1958	1	17
1958	2	8
1958	3	7
1958	4	9
1958	5	14
1958	6	5
1958	7	40
1958	8	50
1958	9	13
1958	10	40
1958	11	20
1958	12	25
1959	1	16
1959	2	14
1959	3	4
1959	4	21
1959	5	10
1959	6	3
1959	7	6
1959	8	48
1959	9	14
1959	10	7
1959	11	48
1959	12	23
1960	1	18
1960	2	27
1960	3	116
1960	4	20
1960	5	14
1960	6	8
1960	7	9
1960	8	6
1960	9	8
1960	10	62
1960	11	20
1960	12	24
1961	1	13
1961	2	23
1961	3	15
1961	4	34
1961	5	20
1961	6	17
1961	7	8
1961	8	11
1961	9	7
1961	10	25
1961	11	14
1961	12	54
1962	1	30
1962	2	20
1962	3	56
1962	4	59
1962	5	23
1962	6	9
1962	7	6
1962	8	8
1962	9	7
1962	10	4
1962	11	10
1962	12	15
1963	1	38
1963	2	6
1963	3	27
1963	4	87
1963	5	47
1963	6	19
1963	7	16
1963	8	11
1963	9	7
1963	10	9
1963	11	3
1963	12	3
1964	1	32
1964	2	11
1964	3	65
1964	4	39
1964	5	31
1964	6	9
1964	7	27
1964	8	9
1964	9	7
1964	10	36
1964	11	57
1964	12	77
1965	1	41
1965	2	23
1965	3	29
1965	4	89
1965	5	97
1965	6	12
1965	7	16
1965	8	9
1965	9	8
1965	10	29
1965	11	102
1965	12	32
1966	1	9
1966	2	34
1966	3	12
1966	4	10
1966	5	14
1966	6	6
1966	7	9
1966	8	16
1966	9	4
1966	10	26
1966	11	59
1966	12	17
1967	1	34
1967	2	47
1967	3	92
1967	4	41
1967	5	103
1967	6	18
1967	7	26
1967	8	37
1967	9	16
1967	10	5
1967	11	45
1967	12	96
1968	1	18
1968	2	10
1968	3	41
1968	4	56
1968	5	19
1968	6	7
1968	7	7
1968	8	6
1968	9	8
1968	10	52
1968	11	101
1968	12	126
1969	1	72
1969	2	59
1969	3	61
1969	4	47
1969	5	70
1969	6	25
1969	7	28
1969	8	8
1969	9	15
1969	10	10
1969	11	22
1969	12	32
1970	1	35
1970	2	4
1970	3	4
1970	4	10
1970	5	10
1970	6	6
1970	7	7
1970	8	4
1970	9	5
1970	10	7
1970	11	43
1970	12	13
1971	1	20
1971	2	12
1971	3	29
1971	4	83
1971	5	8
1971	6	5
1971	7	5
1971	8	5
1971	9	3
1971	10	7
1971	11	13
1971	12	40
1972	1	28
1972	2	35
1972	3	13
1972	4	48
1972	5	12
1972	6	20
1972	7	20
1972	8	7
1972	9	10
1972	10	14
1972	11	8
1972	12	6
1973	1	6
1973	2	20
1973	3	10
1973	4	9
1973	5	9
1973	6	5
1973	7	4
1973	8	3
1973	9	4
1973	10	6
1973	11	51
1973	12	42
1974	1	16
1974	2	15
1974	3	25
1974	4	55
1974	5	30
1974	6	13
1974	7	12
1974	8	6
1974	9	23
1974	10	6
1974	11	30
1974	12	11
1975	1	63
1975	2	23
1975	3	27
1975	4	18
1975	5	9
1975	6	3
1975	7	4
1975	8	2
1975	9	2
1975	10	2
1975	11	18
1975	12	14
1976	1	32
1976	2	25
1976	3	43
1976	4	40
1976	5	13
1976	6	7
1976	7	15
1976	8	13
1976	9	5
1976	10	11
1976	11	9
1976	12	8
1977	1	8
1977	2	17
1977	3	7
1977	4	36
1977	5	39
1977	6	17
1977	7	14
1977	8	13
1977	9	5
1977	10	7
1977	11	9
1977	12	10
1978	1	5
1978	2	4
1978	3	5
1978	4	20
1978	5	29
1978	6	52
1978	7	20
1978	8	26
1978	9	10
1978	10	32
1978	11	45
1978	12	11
1979	1	17
1979	2	77
1979	3	13
1979	4	9
1979	5	14
1979	6	7
1979	7	4
1979	8	5
1979	9	3
1979	10	4
1979	11	17
1979	12	19
1980	1	26
1980	2	7
1980	3	23
1980	4	49
1980	5	55
1980	6	33
1980	7	37
1980	8	12
1980	9	31
1980	10	25
1980	11	13
1980	12	13
1981	1	6
1981	2	18
1981	3	19
1981	4	46
1981	5	22
1981	6	6
1981	7	25
1981	8	23
1981	9	8
1981	10	16
1981	11	49
1981	12	56
1982	1	48
1982	2	35
1982	3	116
1982	4	62
1982	5	27
1982	6	18
1982	7	42
1982	8	34
1982	9	16
1982	10	62
1982	11	74
1982	12	30
1983	1	15
1983	2	5
1983	3	4
1983	4	5
1983	5	14
1983	6	6
1983	7	14
1983	8	30
1983	9	12
1983	10	15
1983	11	9
1983	12	4
1984	1	8
1984	2	13
1984	3	5
1984	4	20
1984	5	5
1984	6	4
1984	7	5
1984	8	2
1984	9	4
1984	10	4
1984	11	78
1984	12	34
1985	1	18
1985	2	25
1985	3	17
1985	4	12
1985	5	12
1985	6	4
1985	7	5
1985	8	8
