1940	1	1
1940	2	6
1940	3	1
1940	4	5
1940	5	3
1940	6	4
1940	7	9
1940	8	4
1940	9	7
1940	10	5
1940	11	8
1940	12	6
1941	1	3
1941	2	5
1941	3	5
1941	4	5
1941	5	9
1941	6	4
1941	7	7
1941	8	10
1941	9	9
1941	10	8
1941	11	2
1941	12	1
1942	1	3
1942	2	2
1942	3	1
1942	4	2
1942	5	5
1942	6	6
1942	7	5
1942	8	8
1942	9	7
1942	10	4
1942	11	4
1942	12	0
1943	1	0
1943	2	3
1943	3	2
1943	4	4
1943	5	4
1943	6	5
1943	7	5
1943	8	10
1943	9	5
1943	10	4
1943	11	5
1943	12	5
1944	1	3
1944	2	2
1944	3	0
1944	4	3
1944	5	3
1944	6	4
1944	7	8
1944	8	3
1944	9	2
1944	10	4
1944	11	5
1944	12	7
1945	1	3
1945	2	2
1945	3	9
1945	4	0
1945	5	1
1945	6	2
1945	7	4
1945	8	6
1945	9	2
1945	10	5
1945	11	5
1945	12	2
1946	1	2
1946	2	0
1946	3	7
1946	4	2
1946	5	1
1946	6	6
1946	7	8
1946	8	6
1946	9	3
1946	10	3
1946	11	1
1946	12	2
1947	1	2
1947	2	1
1947	3	8
1947	4	4
1947	5	8
1947	6	5
1947	7	10
1947	8	8
1947	9	4
1947	10	6
1947	11	4
1947	12	1
1948	1	1
1948	2	1
1948	3	5
1948	4	1
1948	5	6
1948	6	7
1948	7	9
1948	8	7
1948	9	5
1948	10	7
1948	11	6
1948	12	0
1949	1	0
1949	2	2
1949	3	3
1949	4	5
1949	5	7
1949	6	5
1949	7	5
1949	8	6
1949	9	2
1949	10	4
1949	11	9
1949	12	4
1950	1	1
1950	2	0
1950	3	6
1950	4	2
1950	5	6
1950	6	4
1950	7	5
1950	8	5
1950	9	5
1950	10	2
1950	11	5
1950	12	4
1951	1	2
1951	2	4
1951	3	0
1951	4	1
1951	5	2
1951	6	1
1951	7	3
1951	8	11
1951	9	4
1951	10	5
1951	11	0
1951	12	3
1952	1	0
1952	2	4
1952	3	0
1952	4	8
1952	5	9
1952	6	11
1952	7	9
1952	8	4
1952	9	5
1952	10	5
1952	11	0
1952	12	4
1953	1	4
1953	2	5
1953	3	3
1953	4	5
1953	5	4
1953	6	3
1953	7	3
1953	8	5
1953	9	1
1953	10	2
1953	11	7
1953	12	4
1954	1	2
1954	2	4
1954	3	2
1954	4	8
1954	5	6
1954	6	6
1954	7	7
1954	8	4
1954	9	6
1954	10	8
1954	11	3
1954	12	0
1955	1	0
1955	2	4
1955	3	0
1955	4	2
1955	5	4
1955	6	4
1955	7	7
1955	8	8
1955	9	5
1955	10	6
1955	11	0
1955	12	0
1956	1	0
1956	2	0
1956	3	0
1956	4	5
1956	5	5
1956	6	5
1956	7	5
1956	8	7
1956	9	4
1956	10	3
1956	11	1
1956	12	0
1957	1	0
1957	2	0
1957	3	3
1957	4	8
1957	5	4
1957	6	1
1957	7	6
1957	8	4
1957	9	3
1957	10	3
1957	11	5
1957	12	0
1958	1	4
1958	2	0
1958	3	0
1958	4	0
1958	5	0
1958	6	4
1958	7	7
1958	8	0
1958	9	3
1958	10	4
1958	11	0
1958	12	1
1959	1	0
1959	2	1
1959	3	2
1959	4	4
1959	5	4
1959	6	1
1959	7	5
1959	8	1
1959	9	4
1959	10	3
1959	11	0
1959	12	0
1960	1	0
1960	2	4
1960	3	2
1960	4	6
1960	5	6
1960	6	4
1960	7	6
1960	8	6
1960	9	6
1960	10	0
1960	11	0
1960	12	0
1961	1	0
1961	2	1
1961	3	3
1961	4	3
1961	5	3
1961	6	6
1961	7	5
1961	8	7
1961	9	5
1961	10	4
1961	11	0
1961	12	0
1962	1	0
1962	2	2
1962	3	1
1962	4	3
1962	5	3
1962	6	3
1962	7	4
1962	8	6
1962	9	3
1962	10	2
1962	11	5
1962	12	1
1963	1	1
1963	2	1
1963	3	3
1963	4	0
1963	5	0
1963	6	8
1963	7	6
1963	8	4
1963	9	3
1963	10	5
1963	11	2
1963	12	2
1964	1	1
1964	2	2
1964	3	0
1964	4	0
1964	5	1
1964	6	3
1964	7	6
1964	8	5
1964	9	4
1964	10	4
1964	11	0
1964	12	0
1965	1	0
1965	2	0
1965	3	3
1965	4	0
1965	5	1
1965	6	3
1965	7	5
1965	8	3
1965	9	3
1965	10	2
1965	11	0
1965	12	0
1966	1	1
1966	2	2
1966	3	0
1966	4	2
1966	5	5
1966	6	3
1966	7	4
1966	8	6
1966	9	2
1966	10	1
1966	11	0
1966	12	0
1967	1	0
1967	2	0
1967	3	0
1967	4	1
1967	5	5
1967	6	2
1967	7	7
1967	8	6
1967	9	5
1967	10	4
1967	11	4
1967	12	0
1968	1	0
1968	2	0
1968	3	3
1968	4	2
1968	5	1
1968	6	3
1968	7	3
1968	8	3
1968	9	4
1968	10	0
1968	11	0
1968	12	0
1969	1	0
1969	2	0
1969	3	2
1969	4	5
1969	5	5
1969	6	5
1969	7	11
1969	8	6
1969	9	6
1969	10	5
1969	11	1
1969	12	0
1970	1	0
1970	2	1
1970	3	1
1970	4	9
1970	5	3
1970	6	4
1970	7	7
1970	8	4
1970	9	4
1970	10	3
1970	11	3
1970	12	0
1971	1	0
1971	2	1
1971	3	5
1971	4	0
1971	5	1
1971	6	1
1971	7	1
1971	8	2
1971	9	2
1971	10	3
1971	11	4
1971	12	0
1972	1	0
1972	2	0
1972	3	1
1972	4	1
1972	5	1
1972	6	1
1972	7	4
1972	8	4
1972	9	3
1972	10	3
1972	11	0
1972	12	1
1973	1	3
1973	2	6
1973	3	6
1973	4	7
1973	5	8
1973	6	3
1973	7	4
1973	8	1
1973	9	3
1973	10	5
1973	11	5
1973	12	0
1974	1	0
1974	2	1
1974	3	2
1974	4	0
1974	5	9
1974	6	7
1974	7	7
1974	8	3
1974	9	5
1974	10	3
1974	11	5
1974	12	3
1975	1	10
1975	2	6
1975	3	6
1975	4	6
1975	5	4
1975	6	1
1975	7	2
1975	8	1
1975	9	0
1975	10	1
1975	11	4
1975	12	1
1976	1	2
1976	2	2
1976	3	3
1976	4	1
1976	5	3
1976	6	3
1976	7	5
1976	8	3
1976	9	2
1976	10	4
1976	11	2
1976	12	2
1977	1	3
1977	2	6
1977	3	7
1977	4	6
1977	5	4
1977	6	6
1977	7	4
1977	8	3
1977	9	2
1977	10	3
1977	11	4
1977	12	3
1978	1	2
1978	2	1
1978	3	4
1978	4	8
1978	5	8
1978	6	7
1978	7	7
1978	8	6
1978	9	6
1978	10	4
1978	11	0
1978	12	2
1979	1	1
1979	2	0
1979	3	2
1979	4	2
1979	5	5
1979	6	4
1979	7	3
1979	8	3
1979	9	2
1979	10	2
1979	11	6
1979	12	2
1980	1	1
1980	2	1
1980	3	4
1980	4	4
1980	5	7
1980	6	3
1980	7	4
1980	8	5
1980	9	5
1980	10	4
1980	11	6
1980	12	3
1981	1	1
1981	2	5
1981	3	5
1981	4	3
1981	5	2
1981	6	3
1981	7	8
1981	8	6
1981	9	4
1981	10	6
1981	11	7
1981	12	5
1982	1	2
1982	2	3
1982	3	0
1982	4	3
1982	5	5
1982	6	4
1982	7	2
1982	8	3
1982	9	3
1982	10	8
1982	11	2
1982	12	2
1983	1	4
1983	2	1
1983	3	0
1983	4	5
1983	5	6
1983	6	5
1983	7	8
1983	8	2
1983	9	8
1983	10	9
1983	11	5
1983	12	1
1984	1	4
1984	2	5
1984	3	2
1984	4	7
1984	5	3
1984	6	3
1984	7	2
1984	8	1
1984	9	1
1984	10	1
1984	11	7
1984	12	1
1985	1	4
1985	2	5
1985	3	6
1985	4	7
1985	5	7
1985	6	2
1985	7	3
1985	8	5
1985	9	3
1985	10	6
1985	11	4
1985	12	1
1986	1	0
1986	2	0
1986	3	10
1986	4	12
1986	5	10
1986	6	7
1986	7	8
1986	8	9
1986	9	8
1986	10	11
1986	11	4
1986	12	7
1987	1	3
1987	2	7
1987	3	4
1987	4	11
1987	5	10
1987	6	9
1987	7	9
1987	8	5
1987	9	5
1987	10	2
1987	11	4
1987	12	3
1988	1	2
1988	2	6
1988	3	7
1988	4	7
1988	5	9
1988	6	3
1988	7	6
1988	8	7
1988	9	3
1988	10	1
1988	11	4
1988	12	3
1989	1	2
1989	2	15
1989	3	6
1989	4	11
1989	5	5
1989	6	4
1989	7	9
1989	8	5
1989	9	4
1989	10	5
1989	11	4
1989	12	2
1990	1	8
1990	2	6
1990	3	7
1990	4	7
1990	5	7
1990	6	4
1990	7	7
1990	8	6
1990	9	9
1990	10	4
1990	11	7
1990	12	5
1991	1	2
1991	2	3
1991	3	7
1991	4	7
1991	5	3
1991	6	9
1991	7	5
1991	8	1
1991	9	0
1991	10	0
1991	11	0
1991	12	1
1992	1	0
1992	2	0
1992	3	0
1992	4	0
1992	5	0
1992	6	0
1992	7	0
1992	8	0
1992	9	0
1992	10	0
1992	11	0
1992	12	0
1993	1	0
1993	2	0
1993	3	0
1993	4	0
1993	5	0
1993	6	0
1993	7	0
1993	8	0
1993	9	0
1993	10	0
1993	11	0
1993	12	0
1994	1	0
1994	2	0
1994	3	0
1994	4	0
1994	5	0
1994	6	0
1994	7	0
1994	8	0
1994	9	0
1994	10	0
1994	11	0
1994	12	0
1995	1	0
1995	2	0
1995	3	1
1995	4	2
1995	5	0
1995	6	0
1995	7	0
1995	8	3
1995	9	1
1995	10	1
1995	11	3
1995	12	0
1996	1	0
1996	2	0
1996	3	0
1996	4	0
1996	5	0
1996	6	0
1996	7	0
1996	8	0
1996	9	0
1996	10	0
1996	11	1
1996	12	0
1997	1	1
1997	2	0
1997	3	0
1997	4	0
1997	5	0
1997	6	0
1997	7	0
1997	8	0
1997	9	1
1997	10	2
1997	11	1
1997	12	1
1998	1	1
1998	2	1
1998	3	1
1998	4	1
1998	5	1
1998	6	1
1998	7	1
1998	8	1
1998	9	2
1998	10	0
1998	11	2
1998	12	2
1999	1	2
1999	2	2
1999	3	2
1999	4	1
1999	5	2
1999	6	1
1999	7	4
1999	8	2
1999	9	1
1999	10	1
1999	11	1
1999	12	3
2000	1	3
2000	2	0
2000	3	2
2000	4	8
2000	5	1
2000	6	2
2000	7	8
2000	8	3
2000	9	4
2000	10	3
2000	11	6
2000	12	5
2001	1	1
2001	2	4
2001	3	1
2001	4	6
2001	5	4
2001	6	5
2001	7	3
2001	8	4
2001	9	2
2001	10	1
2001	11	0
2001	12	1
2002	1	0
2002	2	0
2002	3	0
2002	4	0
2002	5	0
2002	6	0
2002	7	0
2002	8	0
