1940	1	13
1940	2	20
1940	3	15
1940	4	13
1940	5	26
1940	6	14
1940	7	28
1940	8	53
1940	9	56
1940	10	32
1940	11	38
1940	12	25
1941	1	29
1941	2	12
1941	3	36
1941	4	37
1941	5	49
1941	6	37
1941	7	48
1941	8	46
1941	9	52
1941	10	71
1941	11	44
1941	12	57
1942	1	22
1942	2	29
1942	3	69
1942	4	69
1942	5	43
1942	6	27
1942	7	29
1942	8	35
1942	9	36
1942	10	28
1942	11	18
1942	12	20
1943	1	24
1943	2	27
1943	3	36
1943	4	58
1943	5	40
1943	6	29
1943	7	51
1943	8	36
1943	9	18
1943	10	10
1943	11	11
1943	12	28
1944	1	17
1944	2	16
1944	3	23
1944	4	38
1944	5	36
1944	6	28
1944	7	36
1944	8	25
1944	9	24
1944	10	26
1944	11	50
1944	12	41
1945	1	15
1945	2	15
1945	3	58
1945	4	34
1945	5	10
1945	6	17
1945	7	17
1945	8	50
1945	9	29
1945	10	21
1945	11	36
1945	12	28
1946	1	27
1946	2	27
1946	3	57
1946	4	73
1946	5	25
1946	6	14
1946	7	48
1946	8	20
1946	9	17
1946	10	21
1946	11	31
1946	12	61
1947	1	39
1947	2	14
1947	3	41
1947	4	35
1947	5	48
1947	6	24
1947	7	37
1947	8	43
1947	9	33
1947	10	25
1947	11	31
1947	12	50
1948	1	34
1948	2	28
1948	3	48
1948	4	65
1948	5	44
1948	6	23
1948	7	48
1948	8	34
1948	9	25
1948	10	42
1948	11	45
1948	12	70
1949	1	43
1949	2	23
1949	3	32
1949	4	42
1949	5	19
1949	6	17
1949	7	31
1949	8	34
1949	9	12
1949	10	14
1949	11	39
1949	12	44
1950	1	27
1950	2	25
1950	3	33
1950	4	26
1950	5	29
1950	6	30
1950	7	41
1950	8	29
1950	9	24
1950	10	18
1950	11	30
1950	12	12
1951	1	34
1951	2	35
1951	3	53
1951	4	27
1951	5	14
1951	6	19
1951	7	23
1951	8	36
1951	9	18
1951	10	15
1951	11	40
1951	12	31
1952	1	40
1952	2	36
1952	3	43
1952	4	41
1952	5	48
1952	6	52
1952	7	40
1952	8	23
1952	9	28
1952	10	41
1952	11	61
1952	12	51
1953	1	12
1953	2	17
1953	3	35
1953	4	12
1953	5	34
1953	6	25
1953	7	21
1953	8	27
1953	9	8
1953	10	10
1953	11	24
1953	12	31
1954	1	16
1954	2	15
1954	3	42
1954	4	23
1954	5	62
1954	6	42
1954	7	66
1954	8	69
1954	9	42
1954	10	19
1954	11	15
1954	12	44
1955	1	50
1955	2	68
1955	3	52
1955	4	57
1955	5	62
1955	6	26
1955	7	37
1955	8	52
1955	9	28
1955	10	23
1955	11	26
1955	12	20
1956	1	34
1956	2	57
1956	3	49
1956	4	57
1956	5	56
1956	6	62
1956	7	36
1956	8	49
1956	9	20
1956	10	36
1956	11	21
1956	12	23
1957	1	31
1957	2	17
1957	3	26
1957	4	49
1957	5	34
1957	6	12
1957	7	38
1957	8	60
1957	9	32
1957	10	27
1957	11	26
1957	12	27
1958	1	38
1958	2	16
1958	3	13
1958	4	22
1958	5	49
1958	6	37
1958	7	56
1958	8	58
1958	9	36
1958	10	44
1958	11	41
1958	12	31
1959	1	25
1959	2	50
1959	3	42
1959	4	49
1959	5	39
1959	6	20
1959	7	26
1959	8	45
1959	9	25
1959	10	13
1959	11	22
1959	12	58
1960	1	48
1960	2	39
1960	3	41
1960	4	63
1960	5	41
1960	6	31
1960	7	23
1960	8	32
1960	9	30
1960	10	21
1960	11	49
1960	12	38
1961	1	22
1961	2	46
1961	3	30
1961	4	27
1961	5	27
1961	6	31
1961	7	20
1961	8	27
1961	9	16
1961	10	34
1961	11	53
1961	12	43
1962	1	16
1962	2	14
1962	3	62
1962	4	26
1962	5	32
1962	6	10
1962	7	20
1962	8	25
1962	9	16
1962	10	12
1962	11	13
1962	12	23
1963	1	13
1963	2	9
1963	3	33
1963	4	53
1963	5	72
1963	6	46
1963	7	52
1963	8	30
1963	9	27
1963	10	44
1963	11	36
1963	12	17
1964	1	39
1964	2	52
1964	3	51
1964	4	42
1964	5	64
1964	6	28
1964	7	34
1964	8	31
1964	9	34
1964	10	51
1964	11	70
1964	12	33
1965	1	20
1965	2	33
1965	3	41
1965	4	35
1965	5	34
1965	6	35
1965	7	40
1965	8	28
1965	9	11
1965	10	14
1965	11	53
1965	12	73
1966	1	53
1966	2	48
1966	3	29
1966	4	29
1966	5	15
1966	6	16
1966	7	34
1966	8	34
1966	9	21
1966	10	42
1966	11	41
1966	12	36
1967	1	45
1967	2	44
1967	3	45
1967	4	55
1967	5	32
1967	6	21
1967	7	47
1967	8	42
1967	9	16
1967	10	18
1967	11	68
1967	12	54
1968	1	30
1968	2	11
1968	3	52
1968	4	65
1968	5	37
1968	6	26
1968	7	20
1968	8	26
1968	9	20
1968	10	16
1968	11	13
1968	12	38
1969	1	34
1969	2	68
1969	3	74
1969	4	72
1969	5	45
1969	6	23
1969	7	49
1969	8	61
1969	9	50
1969	10	19
1969	11	21
1969	12	36
1970	1	35
1970	2	13
1970	3	20
1970	4	70
1970	5	48
1970	6	25
1970	7	55
1970	8	46
1970	9	38
1970	10	32
1970	11	50
1970	12	60
1971	1	44
1971	2	18
1971	3	42
1971	4	50
1971	5	38
1971	6	19
1971	7	16
1971	8	10
1971	9	13
1971	10	15
1971	11	41
1971	12	48
1972	1	32
1972	2	36
1972	3	13
1972	4	45
1972	5	24
1972	6	13
1972	7	28
1972	8	30
1972	9	17
1972	10	24
1972	11	42
1972	12	17
1973	1	26
1973	2	37
1973	3	78
1973	4	45
1973	5	42
1973	6	28
1973	7	22
1973	8	9
1973	9	11
1973	10	20
1973	11	38
1973	12	29
1974	1	18
1974	2	30
1974	3	37
1974	4	47
1974	5	48
1974	6	24
1974	7	20
1974	8	15
1974	9	7
1974	10	13
1974	11	38
1974	12	36
1975	1	59
1975	2	54
1975	3	50
1975	4	49
1975	5	29
1975	6	15
1975	7	19
1975	8	30
1975	9	14
1975	10	36
1975	11	31
1975	12	16
1976	1	36
1976	2	39
1976	3	63
1976	4	67
1976	5	36
1976	6	16
1976	7	24
1976	8	18
1976	9	14
1976	10	21
1976	11	33
1976	12	15
1977	1	6
1977	2	15
1977	3	69
1977	4	69
1977	5	38
1977	6	17
1977	7	37
1977	8	34
1977	9	20
1977	10	18
1977	11	25
1977	12	20
1978	1	21
1978	2	12
1978	3	35
1978	4	32
1978	5	35
1978	6	42
1978	7	52
1978	8	48
1978	9	37
1978	10	42
1978	11	49
1978	12	50
1979	1	55
1979	2	32
1979	3	27
1979	4	29
1979	5	25
1979	6	32
1979	7	37
1979	8	25
1979	9	14
1979	10	17
1979	11	46
1979	12	38
1980	1	23
1980	2	19
1980	3	80
1980	4	82
1980	5	61
1980	6	52
1980	7	60
1980	8	46
1980	9	38
1980	10	34
1980	11	25
1980	12	11
1981	1	9
1981	2	14
1981	3	18
1981	4	20
1981	5	22
1981	6	8
1981	7	10
1981	8	27
1981	9	17
1981	10	31
1981	11	55
1981	12	46
1982	1	40
1982	2	29
1982	3	60
1982	4	53
1982	5	50
1982	6	28
1982	7	62
1982	8	64
1982	9	46
1982	10	45
1982	11	34
1982	12	35
1983	1	14
1983	2	9
1983	3	8
1983	4	31
1983	5	49
1983	6	35
1983	7	45
1983	8	33
1983	9	50
1983	10	65
1983	11	36
1983	12	16
1984	1	33
1984	2	40
1984	3	16
1984	4	50
1984	5	35
1984	6	22
1984	7	18
1984	8	16
1984	9	8
1984	10	4
1984	11	18
1984	12	27
1985	1	11
1985	2	19
1985	3	76
1985	4	55
1985	5	65
1985	6	24
1985	7	36
1985	8	39
1985	9	21
