1940	1	42
1940	2	73
1940	3	59
1940	4	56
1940	5	106
1940	6	55
1940	7	97
1940	8	168
1940	9	153
1940	10	99
1940	11	117
1940	12	84
1941	1	91
1941	2	42
1941	3	121
1941	4	109
1941	5	150
1941	6	113
1941	7	136
1941	8	139
1941	9	151
1941	10	189
1941	11	125
1941	12	157
1942	1	64
1942	2	82
1942	3	194
1942	4	184
1942	5	113
1942	6	95
1942	7	92
1942	8	117
1942	9	122
1942	10	93
1942	11	58
1942	12	58
1943	1	71
1943	2	88
1943	3	123
1943	4	164
1943	5	122
1943	6	92
1943	7	142
1943	8	103
1943	9	58
1943	10	35
1943	11	38
1943	12	85
1944	1	55
1944	2	50
1944	3	72
1944	4	127
1944	5	107
1944	6	84
1944	7	105
1944	8	87
1944	9	76
1944	10	87
1944	11	157
1944	12	124
1945	1	43
1945	2	54
1945	3	160
1945	4	91
1945	5	32
1945	6	65
1945	7	55
1945	8	156
1945	9	93
1945	10	67
1945	11	116
1945	12	74
1946	1	94
1946	2	84
1946	3	175
1946	4	209
1946	5	75
1946	6	46
1946	7	140
1946	8	60
1946	9	62
1946	10	78
1946	11	104
1946	12	165
1947	1	114
1947	2	50
1947	3	124
1947	4	104
1947	5	144
1947	6	69
1947	7	113
1947	8	125
1947	9	95
1947	10	80
1947	11	86
1947	12	129
1948	1	97
1948	2	57
1948	3	169
1948	4	180
1948	5	128
1948	6	77
1948	7	151
1948	8	108
1948	9	76
1948	10	128
1948	11	143
1948	12	142
1949	1	70
1949	2	57
1949	3	101
1949	4	135
1949	5	65
1949	6	56
1949	7	102
1949	8	115
1949	9	43
1949	10	50
1949	11	127
1949	12	116
1950	1	83
1950	2	100
1950	3	115
1950	4	154
1950	5	149
1950	6	94
1950	7	125
1950	8	89
1950	9	69
1950	10	74
1950	11	106
1950	12	147
1951	1	113
1951	2	121
1951	3	139
1951	4	89
1951	5	47
1951	6	59
1951	7	81
1951	8	109
1951	9	57
1951	10	50
1951	11	121
1951	12	95
1952	1	119
1952	2	109
1952	3	142
1952	4	128
1952	5	140
1952	6	162
1952	7	119
1952	8	71
1952	9	85
1952	10	113
1952	11	165
1952	12	131
1953	1	34
1953	2	61
1953	3	102
1953	4	44
1953	5	99
1953	6	79
1953	7	70
1953	8	84
1953	9	29
1953	10	39
1953	11	82
1953	12	99
1954	1	54
1954	2	46
1954	3	116
1954	4	77
1954	5	172
1954	6	127
1954	7	178
1954	8	179
1954	9	118
1954	10	62
1954	11	47
1954	12	167
1955	1	124
1955	2	161
1955	3	130
1955	4	145
1955	5	171
1955	6	76
1955	7	120
1955	8	154
1955	9	89
1955	10	74
1955	11	79
1955	12	54
1956	1	85
1956	2	154
1956	3	125
1956	4	160
1956	5	165
1956	6	175
1956	7	109
1956	8	142
1956	9	59
1956	10	105
1956	11	59
1956	12	72
1957	1	91
1957	2	94
1957	3	81
1957	4	132
1957	5	96
1957	6	37
1957	7	114
1957	8	162
1957	9	86
1957	10	82
1957	11	110
1957	12	146
1958	1	94
1958	2	46
1958	3	35
1958	4	70
1958	5	147
1958	6	111
1958	7	166
1958	8	155
1958	9	105
1958	10	128
1958	11	124
1958	12	93
1959	1	80
1959	2	131
1959	3	124
1959	4	137
1959	5	115
1959	6	60
1959	7	87
1959	8	132
1959	9	80
1959	10	38
1959	11	73
1959	12	169
1960	1	126
1960	2	103
1960	3	117
1960	4	156
1960	5	117
1960	6	95
1960	7	77
1960	8	98
1960	9	95
1960	10	67
1960	11	138
1960	12	104
1961	1	66
1961	2	109
1961	3	80
1961	4	68
1961	5	80
1961	6	96
1961	7	64
1961	8	84
1961	9	50
1961	10	103
1961	11	141
1961	12	111
1962	1	43
1962	2	46
1962	3	163
1962	4	75
1962	5	91
1962	6	30
1962	7	66
1962	8	75
1962	9	56
1962	10	42
1962	11	48
1962	12	65
1963	1	46
1963	2	38
1963	3	96
1963	4	133
1963	5	171
1963	6	134
1963	7	146
1963	8	89
1963	9	86
1963	10	137
1963	11	102
1963	12	56
1964	1	107
1964	2	142
1964	3	140
1964	4	119
1964	5	167
1964	6	78
1964	7	110
1964	8	102
1964	9	101
1964	10	143
1964	11	166
1964	12	95
1965	1	61
1965	2	116
1965	3	119
1965	4	105
1965	5	101
1965	6	108
1965	7	119
1965	8	87
1965	9	34
1965	10	54
1965	11	135
1965	12	175
1966	1	138
1966	2	133
1966	3	80
1966	4	107
1966	5	54
1966	6	61
1966	7	106
1966	8	112
1966	9	72
1966	10	127
1966	11	115
1966	12	111
1967	1	134
1967	2	114
1967	3	130
1967	4	160
1967	5	95
1967	6	67
1967	7	139
1967	8	119
1967	9	47
1967	10	59
1967	11	183
1967	12	137
1968	1	88
1968	2	39
1968	3	151
1968	4	188
1968	5	112
1968	6	80
1968	7	64
1968	8	87
1968	9	64
1968	10	53
1968	11	36
1968	12	94
1969	1	93
1969	2	155
1969	3	177
1969	4	186
1969	5	102
1969	6	68
1969	7	150
1969	8	176
1969	9	153
1969	10	62
1969	11	63
1969	12	113
1970	1	105
1970	2	39
1970	3	92
1970	4	201
1970	5	142
1970	6	77
1970	7	167
1970	8	138
1970	9	115
1970	10	107
1970	11	157
1970	12	151
1971	1	126
1971	2	40
1971	3	133
1971	4	154
1971	5	115
1971	6	54
1971	7	53
1971	8	32
1971	9	51
1971	10	53
1971	11	115
1971	12	118
1972	1	79
1972	2	97
1972	3	35
1972	4	123
1972	5	70
1972	6	45
1972	7	90
1972	8	99
1972	9	59
1972	10	76
1972	11	127
1972	12	53
1973	1	80
1973	2	116
1973	3	209
1973	4	125
1973	5	127
1973	6	80
1973	7	69
1973	8	30
1973	9	34
1973	10	66
1973	11	106
1973	12	86
1974	1	54
1974	2	90
1974	3	105
1974	4	141
1974	5	131
1974	6	68
1974	7	60
1974	8	45
1974	9	21
1974	10	43
1974	11	124
1974	12	111
1975	1	157
1975	2	158
1975	3	145
1975	4	140
1975	5	80
1975	6	47
1975	7	62
1975	8	103
1975	9	49
1975	10	117
1975	11	97
1975	12	45
1976	1	102
1976	2	116
1976	3	179
1976	4	183
1976	5	104
1976	6	51
1976	7	82
1976	8	63
1976	9	53
1976	10	77
1976	11	108
1976	12	52
1977	1	21
1977	2	49
1977	3	192
1977	4	178
1977	5	108
1977	6	56
1977	7	120
1977	8	107
1977	9	63
1977	10	63
1977	11	77
1977	12	62
1978	1	61
1978	2	35
1978	3	105
1978	4	110
1978	5	108
1978	6	130
1978	7	157
1978	8	144
1978	9	119
1978	10	131
1978	11	143
1978	12	150
1979	1	150
1979	2	71
1979	3	82
1979	4	94
1979	5	78
1979	6	98
1979	7	111
1979	8	75
1979	9	46
1979	10	59
1979	11	127
1979	12	113
1980	1	74
1980	2	53
1980	3	183
1980	4	204
1980	5	170
1980	6	143
1980	7	172
1980	8	132
1980	9	112
1980	10	107
1980	11	80
1980	12	33
1981	1	28
1981	2	54
1981	3	66
1981	4	60
1981	5	70
1981	6	24
1981	7	35
1981	8	84
1981	9	59
1981	10	99
1981	11	159
1981	12	127
1982	1	111
1982	2	78
1982	3	175
1982	4	134
1982	5	136
1982	6	84
1982	7	174
1982	8	174
1982	9	130
1982	10	130
1982	11	99
1982	12	110
1983	1	46
1983	2	28
1983	3	29
1983	4	95
1983	5	140
1983	6	100
1983	7	135
1983	8	99
1983	9	140
1983	10	165
1983	11	92
1983	12	47
1984	1	95
1984	2	118
1984	3	53
1984	4	150
1984	5	100
1984	6	65
1984	7	52
1984	8	47
1984	9	22
1984	10	14
1984	11	57
1984	12	86
1985	1	39
1985	2	55
1985	3	180
1985	4	144
1985	5	179
1985	6	61
1985	7	109
1985	8	117
